-14.41345458	0.0
-14.39045458	0.0
-14.36745458	0.0
-14.345454580000002	0.0
-14.322454580000002	0.0
-14.30045458	0.0
-14.27745458	0.0
-14.25445458	0.0
-14.232454579999999	0.0
-14.20945458	0.0
-14.18645458	0.0
-14.164454580000001	0.0
-14.141454580000001	0.0
-14.11945458	0.0
-14.09645458	0.0
-14.07345458	0.0
-14.051454580000001	0.0
-14.028454580000002	0.0
-14.005454580000002	0.0
-13.98345458	0.0
-13.96045458	1.44832412e-14
-13.938454580000002	1.7017661980000002e-13
-13.915454580000002	2.04917984e-12
-13.892454579999999	2.210756384e-11
-13.87045458	2.1537274540000002e-10
-13.84745458	1.89536288e-09
-13.824454580000001	1.506862474e-08
-13.80245458	1.0819960420000001e-07
-13.77945458	7.020140499999998e-07
-13.757454580000001	4.1137300259999995e-06
-13.734454580000001	2.177451204e-05
-13.711454580000002	0.00010413315
-13.68945458	0.0004498993139999999
-13.66645458	0.0017556458399999998
-13.64345458	0.006190454486
-13.621454580000002	0.01971574648
-13.598454580000002	0.05672600517999998
-13.57645458	0.1474844338
-13.55345458	0.3463350978
-13.53045458	0.7348286119999999
-13.508454580000002	1.4087448000000002
-13.485454579999999	2.43949987
-13.46245458	3.817285758
-13.44045458	5.394564507999999
-13.417454580000001	6.8905915
-13.395454579999999	7.9494260400000005
-13.37245458	8.28754186
-13.34945458	7.80394068
-13.327454580000001	6.640683738
-13.304454580000002	5.1052559760000005
-13.281454580000002	3.5443534640000003
-13.25945458	2.224528106
-13.23645458	1.2609819979999999
-13.214454580000002	0.645828149
-13.191454580000002	0.2987326574
-13.168454580000002	0.12489881220000001
-13.14645458	0.04717329994000001
-13.12345458	0.01609150242
-13.100454580000001	0.004959592822
-13.078454579999999	0.0013809593780000004
-13.05545458	0.00034738102080000003
-13.03245458	7.89463074e-05
-13.010454580000001	1.6203473160000002e-05
-12.987454580000001	3.005387964e-06
-12.96545458	5.034745144000001e-07
-12.94245458	7.618776359999999e-08
-12.91945458	1.0413957000000001e-08
-12.897454580000002	1.2859729740000002e-09
-12.874454580000002	1.4345305980000002e-10
-12.851454580000002	1.4454412499999999e-11
-12.82945458	1.3179445079999999e-12
-12.80645458	1.0861421540000001e-13
-12.784454580000002	7.24141964e-15
-12.761454580000002	0.0
-12.738454579999999	0.0
-12.71645458	0.0
-12.693454580000001	0.0
-12.670454580000001	0.0
-12.64845458	0.0
-12.62545458	0.0
-12.603454580000001	0.0
-12.580454580000001	0.0
-12.557454580000002	0.0
-12.53545458	0.0
-12.51245458	0.0
-12.48945458	0.0
-12.467454580000002	0.0
-12.444454580000002	0.0
-12.42245458	0.0
-12.39945458	0.0
-12.37645458	0.0
-12.354454580000002	0.0
-12.331454579999999	0.0
-12.30845458	0.0
-12.286454580000001	0.0
-12.263454580000001	0.0
-12.24145458	0.0
-12.21845458	0.0
-12.19545458	0.0
-12.173454580000001	0.0
-12.150454580000002	0.0
-12.127454580000002	0.0
-12.10545458	0.0
-12.08245458	0.0
-12.060454580000002	0.0
-12.037454580000002	0.0
-12.014454579999999	0.0
-11.99245458	0.0
-11.96945458	0.0
-11.946454580000001	0.0
-11.924454579999999	0.0
-11.90145458	0.0
-11.87945458	0.0
-11.856454580000001	0.0
-11.833454580000001	0.0
-11.81145458	0.0
-11.78845458	0.0
-11.76545458	0.0
-11.743454580000002	0.0
-11.720454580000002	0.0
-11.69845458	0.0
-11.67545458	0.0
-11.65245458	0.0
-11.630454580000002	0.0
-11.607454579999999	0.0
-11.58445458	0.0
-11.56245458	0.0
-11.539454580000001	0.0
-11.517454579999999	0.0
-11.49445458	0.0
-11.47145458	0.0
-11.449454580000001	0.0
-11.426454580000001	0.0
-11.403454580000002	0.0
-11.38145458	0.0
-11.35845458	0.0
-11.33545458	0.0
-11.313454580000002	0.0
-11.290454580000002	0.0
-11.26845458	0.0
-11.24545458	0.0
-11.22245458	0.0
-11.200454579999999	0.0
-11.17745458	0.0
-11.15445458	0.0
-11.132454580000001	0.0
-11.109454580000001	0.0
-11.08745458	0.0
-11.06445458	0.0
-11.04145458	0.0
-11.019454580000001	0.0
-10.996454580000002	0.0
-10.973454580000002	0.0
-10.95145458	0.0
-10.92845458	0.0
-10.906454580000002	0.0
-10.883454580000002	0.0
-10.860454579999999	0.0
-10.83845458	0.0
-10.81545458	0.0
-10.792454580000001	0.0
-10.770454579999999	0.0
-10.74745458	0.0
-10.725454580000001	0.0
-10.702454580000001	0.0
-10.679454580000002	0.0
-10.65745458	0.0
-10.63445458	0.0
-10.61145458	0.0
-10.589454580000002	0.0
-10.566454580000002	0.0
-10.54445458	0.0
-10.52145458	0.0
-10.49845458	0.0
-10.476454580000002	0.0
-10.453454579999999	0.0
-10.43045458	0.0
-10.40845458	0.0
-10.385454580000001	0.0
-10.363454579999999	0.0
-10.34045458	0.0
-10.31745458	0.0
-10.295454580000001	0.0
-10.272454580000002	0.0
-10.249454580000002	0.0
-10.22745458	0.0
-10.20445458	0.0
-10.182454580000002	0.0
-10.159454580000002	0.0
-10.136454580000002	0.0
-10.11445458	0.0
-10.09145458	0.0
-10.068454580000001	0.0
-10.046454579999999	0.0
-10.02345458	0.0
-10.00145458	0.0
-9.978454580000001	0.0
-9.955454580000001	0.0
-9.93345458	0.0
-9.91045458	0.0
-9.88745458	0.0
-9.865454580000002	0.0
-9.842454580000002	0.0
-9.82045458	0.0
-9.79745458	0.0
-9.77445458	0.0
-9.752454580000002	0.0
-9.729454580000002	0.0
-9.706454579999999	0.0
-9.68445458	0.0
-9.661454580000001	0.0
-9.638454580000001	0.0
-9.61645458	0.0
-9.59345458	0.0
-9.571454580000001	0.0
-9.548454580000001	0.0
-9.525454579999998	0.0
-9.50345458	0.0
-9.48045458	0.0
-9.45745458	0.0
-9.435454579999998	0.0
-9.412454579999999	0.0
-9.39045458	0.0
-9.36745458	0.0
-9.34445458	0.0
-9.322454579999999	0.0
-9.299454579999999	0.0
-9.27645458	0.0
-9.25445458	0.0
-9.231454580000001	0.0
-9.20945458	0.0
-9.18645458	0.0
-9.16345458	0.0
-9.141454580000001	0.0
-9.118454579999998	0.0
-9.095454579999998	0.0
-9.07345458	0.0
-9.05045458	0.0
-9.028454579999998	1.7636753200000002e-14
-9.005454579999999	2.08114118e-13
-8.982454579999999	2.45159448e-12
-8.96045458	2.62154358e-11
-8.93745458	2.5323818599999997e-10
-8.914454580000001	2.20959636e-09
-8.892454579999999	1.7416158e-08
-8.86945458	1.23984062e-07
-8.84745458	7.9742534e-07
-8.824454580000001	4.63255964e-06
-8.801454580000001	2.43169964e-05
-8.77945458	0.000115285198
-8.75645458	0.0004937400400000001
-8.73345458	0.00191054666
-8.711454579999998	0.0066781952000000006
-8.688454579999998	0.021087497400000002
-8.66645458	0.060153094000000004
-8.64345458	0.155061602
-8.62045458	0.36104189200000003
-8.598454579999999	0.75956494
-8.575454579999999	1.4433067400000001
-8.55245458	2.47845558
-8.53045458	3.8445026799999997
-8.507454580000001	5.3873952
-8.485454579999999	6.8224452
-8.46245458	7.804212200000001
-8.43945458	8.064657
-8.417454580000001	7.5293148
-8.394454580000001	6.351437600000001
-8.371454579999998	4.8415284
-8.34945458	3.33348334
-8.32645458	2.07351988
-8.304454579999998	1.1655229200000001
-8.281454579999998	0.5918085399999999
-8.258454579999999	0.2714513459999999
-8.23645458	0.112503482
-8.21345458	0.042120080399999996
-8.19045458	0.0142478854
-8.168454579999999	0.004353145960000001
-8.145454579999999	0.00120175184
-8.12345458	0.00029970652799999996
-8.100454580000001	6.7515162e-05
-8.077454580000001	1.37426204e-05
-8.05545458	2.5266215999999997e-06
-8.03245458	4.1963254000000006e-07
-8.00945458	6.2960852e-08
-7.9874545800000005	8.5330006e-09
-7.964454579999999	1.04456826e-09
-7.941454579999999	1.15525508e-10
-7.919454579999999	1.15426604e-11
-7.8964545799999994	1.03708974e-12
-7.874454579999999	8.4653578e-14
-7.8514545799999995	7.0550528e-15
-7.82845458	0.0
-7.80645458	0.0
-7.78345458	0.0
-7.76045458	0.0
-7.73845458	0.0
-7.71545458	0.0
-7.69345458	0.0
-7.67045458	0.0
-7.647454579999999	0.0
-7.62545458	0.0
-7.602454579999999	0.0
-7.579454579999999	0.0
-7.557454579999999	0.0
-7.534454579999999	0.0
-7.512454579999999	0.0
-7.489454579999999	0.0
-7.46645458	0.0
-7.4444545799999995	0.0
-7.42145458	0.0
-7.39845458	0.0
-7.37645458	0.0
-7.35345458	0.0
-7.33145458	0.0
-7.30845458	0.0
-7.285454580000001	0.0
-7.26345458	0.0
-7.240454579999999	0.0
-7.217454579999999	0.0
-7.195454579999999	0.0
-7.172454579999999	0.0
-7.150454579999999	0.0
-7.127454579999999	0.0
-7.10445458	0.0
-7.082454579999999	0.0
-7.05945458	0.0
-7.03645458	0.0
-7.01445458	0.0
-6.99145458	0.0
-6.96945458	0.0
-6.94645458	0.0
-6.9234545800000005	0.0
-6.90145458	0.0
-6.8784545800000005	0.0
-6.855454579999999	0.0
-6.833454579999999	0.0
-6.810454579999999	0.0
-6.788454579999999	0.0
-6.765454579999999	0.0
-6.7424545799999995	0.0
-6.720454579999999	0.0
-6.69745458	0.0
-6.67445458	0.0
-6.65245458	0.0
-6.62945458	0.0
-6.60745458	0.0
-6.58445458	0.0
-6.56145458	0.0
-6.53945458	0.0
-6.51645458	0.0
-6.493454579999999	0.0
-6.4714545800000005	0.0
-6.448454579999999	0.0
-6.426454580000001	0.0
-6.403454579999999	0.0
-6.380454579999999	0.0
-6.358454579999999	0.0
-6.3354545799999995	0.0
-6.31245458	0.0
-6.29045458	0.0
-6.26745458	0.0
-6.24445458	0.0
-6.22245458	0.0
-6.19945458	0.0
-6.17745458	0.0
-6.15445458	0.0
-6.131454579999999	0.0
-6.10945458	0.0
-6.086454579999999	0.0
-6.063454579999999	3.2915861305200004e-15
-6.041454579999999	3.9498367167e-14
-6.018454579999999	4.83854896792e-13
-5.996454579999999	5.53969576618e-12
-5.973454579999999	5.7047190127800005e-11
-5.95045458	5.30777170052e-10
-5.9284545799999995	4.46097426118e-09
-5.90545458	3.38682175742e-08
-5.88245458	2.3229070566400002e-07
-5.86045458	1.4389934069000002e-06
-5.83745458	8.052234677040001e-06
-5.81545458	4.07131915102e-05
-5.79245458	0.000185947632574
-5.7694545800000006	0.0007672113969019999
-5.74745458	0.0028596530085
-5.724454579999999	0.00962750532188
-5.701454579999999	0.029288402280000004
-5.679454579999999	0.0804948607498
-5.656454579999999	0.19984705649200002
-5.634454579999999	0.44826344673000007
-5.611454579999999	0.908342576728
-5.58845458	1.6627936702400001
-5.566454579999999	2.75067177758
-5.54345458	4.11029076204
-5.52045458	5.54867336874
-5.49845458	6.768613513359999
-5.47545458	7.45714090844
-5.45345458	7.424419499119999
-5.43045458	6.6794288881599995
-5.4074545800000005	5.42716933442
-5.38545458	3.98464012646
-5.3624545800000005	2.6429353473
-5.339454579999999	1.58361924778
-5.317454579999999	0.8574790223259999
-5.294454579999999	0.41940239857600004
-5.272454579999999	0.18532449240399998
-5.249454579999999	0.0739835109172
-5.2264545799999995	0.026683617545
-5.204454579999999	0.00869521205916
-5.18145458	0.0025596021235799998
-5.15845458	0.000680674172416
-5.13645458	0.00016348840622
-5.11345458	3.54831880318e-05
-5.09145458	6.956398566739999e-06
-5.06845458	1.231883348236e-06
-5.04545458	1.9711611573000002e-07
-5.02345458	2.84881300534e-08
-5.00045458	3.7189908514600003e-09
-4.977454579999999	4.38575623998e-10
-4.9554545800000005	4.6714209206800006e-11
-4.932454579999999	4.5026518730399995e-12
-4.910454580000001	3.88417569806e-13
-4.887454579999999	3.29158613052e-14
-4.864454579999999	0.0
-4.842454579999999	0.0
-4.8194545799999995	0.0
-4.79645458	0.0
-4.77445458	0.0
-4.75145458	0.0
-4.72945458	0.0
-4.70645458	0.0
-4.68345458	0.0
-4.66145458	3.7022344e-15
-4.63845458	5.5540358e-14
-4.615454579999999	6.8863792e-13
-4.59345458	7.759238599999999e-12
-4.570454579999999	7.921285e-11
-4.5484545800000005	7.300537200000001e-10
-4.525454579999999	6.078672600000001e-09
-4.502454579999999	4.5717844e-08
-4.480454579999999	3.1060985999999997e-07
-4.457454579999999	1.9062956000000002e-06
-4.43445458	1.0567982800000001e-05
-4.4124545799999995	5.2931654e-05
-4.38945458	0.00023948542
-4.36645458	0.0009787241
-4.34445458	0.0036139018
-4.32145458	0.0120552372
-4.29945458	0.036328860000000004
-4.27645458	0.098907458
-4.2534545800000005	0.24324447999999999
-4.23145458	0.5404528799999999
-4.208454579999999	1.08493262
-4.185454579999999	1.9680606000000003
-4.163454579999999	3.2244786
-4.140454579999999	4.7735072
-4.118454579999999	6.3835122
-4.095454579999999	7.714207
-4.07245458	8.4208796
-4.050454579999999	8.305508999999999
-4.02745458	7.3987636000000006
-4.00445458	5.957921399999999
-3.9824545799999997	4.332807600000001
-3.95945458	2.8471468
-3.93745458	1.6900964
-3.91445458	0.90633824
-3.8914545800000004	0.43923438000000004
-3.86945458	0.19229268
-3.8464545800000005	0.076029532
-3.823454579999999	0.027168998000000003
-3.8014545800000006	0.0087701534
-3.778454579999999	0.0025572916000000004
-3.756454579999999	0.00067374506
-3.733454579999999	0.00016033024000000002
-3.7104545799999995	3.4469242e-05
-3.6884545799999993	6.695487199999999e-06
-3.6654545799999996	1.1745040399999998e-06
-3.64245458	1.8613857999999998e-07
-3.6204545799999996	2.6650767999999997e-08
-3.59745458	3.4469222000000002e-09
-3.5754545799999997	4.0269172e-10
-3.55245458	4.2493268000000006e-11
-3.5294545800000003	4.0500552e-12
-3.50745458	3.4797948000000004e-13
-3.4844545800000004	2.9618212e-14
-3.461454579999999	0.0
-3.4394545800000005	0.0
-3.416454579999999	0.0
-3.3944545800000006	0.0
-3.371454579999999	0.0
-3.3484545799999994	0.0
-3.326454579999999	0.0
-3.3034545799999995	0.0
-3.28045458	0.0
-3.2584545799999995	0.0
-3.23545458	0.0
-3.2134545799999996	0.0
-3.19045458	0.0
-3.1674545800000002	0.0
-3.14545458	0.0
-3.1224545800000003	0.0
-3.099454579999999	0.0
-3.0774545800000004	0.0
-3.054454579999999	0.0
-3.0324545800000005	0.0
-3.009454579999999	0.0
-2.9864545799999993	0.0
-2.964454579999999	0.0
-2.9414545799999994	0.0
-2.9184545799999997	0.0
-2.8964545799999994	2.08733957205e-14
-2.8734545799999998	2.7136591156660003e-13
-2.8514545799999995	3.151861058196e-12
-2.82845458	3.3335649792439996e-11
-2.80545458	3.184281498384e-10
-2.78345458	2.747520055862e-09
-2.76045458	2.141227872362e-08
-2.7374545800000005	1.5076777687040002e-07
-2.7154545800000003	9.58714585536e-07
-2.692454579999999	5.5090779118e-06
-2.669454579999999	2.8592575365080002e-05
-2.647454579999999	0.000134081514774
-2.624454579999999	0.0005678006692779999
-2.602454579999999	0.002172606232542
-2.5794545799999993	0.007510494703360002
-2.5564545799999996	0.0234546187354
-2.5344545799999993	0.066167485782
-2.5114545799999997	0.16865050697359998
-2.48845458	0.388308606242
-2.4664545799999997	0.807737672664
-2.44345458	1.518206768764
-2.42145458	2.577769254882
-2.39845458	3.95413316282
-2.3754545800000004	5.480382291640001
-2.35345458	6.86329155962
-2.3304545800000005	7.76344724482
-2.307454579999999	7.9338184658
-2.2854545800000006	7.324465982300001
-2.262454579999999	6.11104285528
-2.240454579999999	4.60581916658
-2.217454579999999	3.136160858106
-2.1944545799999995	1.929151631138
-2.1724545799999992	1.0723070461900002
-2.1494545799999996	0.5384142851079999
-2.12645458	0.24421034141
-2.1044545799999996	0.1000920725778
-2.08145458	0.037061073214
-2.0594545799999997	0.01239618107156
-2.03645458	0.00374615596162
-2.0134545800000003	0.001022543665904
-1.99145458	0.000252202043456
-1.9684545800000004	5.61895283244e-05
-1.945454579999999	1.130851486528e-05
-1.9234545800000005	2.05594141187e-06
-1.900454579999999	3.377158459496e-07
-1.8784545800000005	5.0103801489200003e-08
-1.855454579999999	6.716670658759999e-09
-1.8324545799999994	8.13022042694e-10
-1.8104545799999991	8.89058377134e-11
-1.7874545799999995	8.787134170739999e-12
-1.7644545799999998	7.79160348498e-13
-1.7424545799999995	6.95769080016e-14
-1.7194545799999998	0.0
-1.6974545799999996	0.0
-1.67445458	0.0
-1.6514545800000002	0.0
-1.62945458	0.0
-1.6064545800000003	0.0
-1.5834545799999988	0.0
-1.5614545800000004	0.0
-1.5384545799999998	0.0
-1.5164545799999996	0.0
-1.4934545799999999	0.0
-1.4704545799999993	0.0
-1.44845458	0.0
-1.4254545799999994	0.0
-1.4024545799999997	0.0
-1.3804545799999994	0.0
-1.3574545799999997	0.0
-1.3354545799999995	0.0
-1.3124545799999998	0.0
-1.2894545800000001	0.0
-1.2674545799999999	0.0
-1.2444545799999993	0.0
-1.2214545799999996	0.0
-1.1994545799999994	0.0
-1.1764545799999997	0.0
-1.1544545799999995	0.0
-1.1314545799999998	0.0
-1.10845458	0.0
-1.0864545799999998	0.0
-1.0634545799999993	0.0
-1.0404545799999996	1.1088856787343999e-14
-1.0184545799999993	1.3306312224818003e-13
-0.9954545799999996	1.5657523664574e-12
-0.97245458	1.6740238282894002e-11
-0.9504545799999997	1.6161196073110004e-10
-0.92745458	1.409131603805e-09
-0.9054545799999998	1.109791938751e-08
-0.8824545800000001	7.895752933394001e-08
-0.8594545799999995	5.074637545729999e-07
-0.8374545799999993	2.9458169897663996e-06
-0.8144545799999996	1.5453244061146e-05
-0.7914545799999999	7.321537123692e-05
-0.7694545799999997	0.00031341713129422
-0.74645458	0.0012117099204710003
-0.7244545799999997	0.004232685231508
-0.70145458	0.01335819982567
-0.6784545799999995	0.03808310784327999
-0.6564545800000001	0.09808730965679999
-0.6334545799999995	0.22829522785513998
-0.6104545799999999	0.47978043610599996
-0.5884545799999996	0.9112127753942
-0.5654545799999999	1.5634601864098
-0.5434545799999997	2.4237450609460005
-0.52045458	3.3950751773400003
-0.4974545799999994	4.293931932557999
-0.47545458000000007	4.908916882942
-0.4524545799999995	5.070091185653999
-0.4294545799999998	4.731849259916001
-0.40745457999999957	3.9876665473780006
-0.3844545799999999	3.0367219313056
-0.36245457999999964	2.0900135953026
-0.33945457999999995	1.29929962195
-0.3164545799999994	0.7296615323276
-0.29445458	0.3701792742544
-0.27145457999999945	0.169736960868
-0.24845457999999976	0.07028888718755999
-0.22645457999999952	0.026302588244378
-0.20345457999999983	0.008889746750184002
-0.1814545799999996	0.0027143692858570003
-0.1584545799999999	0.0007489281726526001
-0.13545457999999932	0.00018664465115382
-0.11345457999999997	4.200982870995999e-05
-0.0904545799999994	8.546976744388e-06
-0.06745457999999971	1.5702795065302e-06
-0.04545457999999947	2.6055530240248e-07
-0.02245457999999978	3.908078386012e-08
-0.00045457999999953813	5.292468089413999e-09
0.02254542000000015	6.474864309376e-10
0.045545420000000725	7.155822520884002e-11
0.06754542000000008	7.142205320662e-12
0.09054542000000065	6.431797108666e-13
0.11354542000000034	5.322152489929999e-14
0.13554542000000058	4.434702714929999e-15
0.15854542000000027	0.0
0.1805454200000005	0.0
0.2035454200000002	0.0
0.2265454199999999	0.0
0.24854542000000013	0.0
0.2715454200000007	0.0
0.2945454200000004	0.0
0.31654542000000063	0.0
0.3395454200000003	0.0
0.36154542000000056	0.0
0.38454542000000025	0.0
0.40754541999999994	0.0
0.4295454200000002	0.0
0.45254541999999987	0.0
0.47554542000000044	0.0
0.4975454200000007	0.0
0.5205454200000004	0.0
0.5425454200000006	0.0
0.5655454200000003	0.0
0.58854542	0.0
0.6105454200000002	0.0
0.6335454199999999	0.0
0.6565454200000005	0.0
0.6785454200000007	0.0
0.7015454200000004	0.0
0.7245454200000001	0.0
0.7465454200000003	0.0
0.76954542	0.0
0.7915454200000003	0.0
0.81454542	0.0
0.8375454200000005	0.0
0.8595454199999999	0.0
0.8825454200000005	0.0
0.9055454200000002	0.0
0.9275454200000004	0.0
0.9505454200000001	0.0
0.9725454200000003	0.0
0.99554542	0.0
1.0185454200000006	0.0
1.04054542	0.0
1.0635454200000005	0.0
1.0865454200000002	0.0
1.1085454200000004	0.0
1.1315454200000001	0.0
1.1535454200000004	0.0
1.17654542	0.0
1.1995454200000006	0.0
1.22154542	0.0
1.2445454200000006	0.0
1.2675454200000003	0.0
1.2895454200000005	0.0
1.3125454200000002	0.0
1.3345454200000004	0.0
1.3575454200000001	0.0
1.3805454200000007	0.0
1.40254542	0.0
1.4255454200000006	0.0
1.4485454200000003	0.0
1.4705454200000005	0.0
1.4935454200000002	0.0
1.5155454200000005	0.0
1.5385454200000002	0.0
1.5615454200000007	0.0
1.58354542	0.0
1.6065454200000007	0.0
1.6295454200000004	0.0
1.6515454200000006	0.0
1.6745454200000003	0.0
1.6965454200000005	0.0
1.7195454200000002	0.0
1.74254542	0.0
1.7645454200000001	0.0
1.7875454200000007	0.0
1.8105454200000004	0.0
1.8325454200000006	0.0
1.8555454200000003	0.0
1.8775454200000006	0.0
1.9005454200000003	0.0
1.92354542	0.0
1.9455454200000002	0.0
1.9685454199999999	0.0
1.9915454200000005	0.0
2.0135454200000007	0.0
2.0365454200000004	0.0
2.0585454200000006	0.0
2.0815454200000003	0.0
2.10454542	0.0
2.1265454200000002	0.0
2.14954542	0.0
2.1725454200000005	0.0
2.19454542	0.0
2.2175454200000004	0.0
2.2395454200000007	0.0
2.2625454200000004	0.0
2.28554542	0.0
2.3075454200000003	0.0
2.33054542	0.0
2.3535454200000006	0.0
2.37554542	0.0
2.3985454200000005	0.0
2.42154542	0.0
2.4435454200000004	0.0
2.46654542	0.0
2.4885454200000003	0.0
2.5115454200000005	0.0
2.53454542	0.0
2.5565454200000004	0.0
2.57954542	0.0
2.60254542	0.0
2.6245454200000005	0.0
2.64754542	0.0
2.6695454200000004	0.0
2.69254542	0.0
2.71554542	0.0
2.7375454200000005	0.0
2.76054542	0.0
2.7835454200000003	0.0
2.8055454200000005	0.0
2.82854542	0.0
2.8505454200000004	0.0
2.87354542	0.0
2.8965454200000003	0.0
2.9185454200000005	0.0
2.94154542	0.0
2.9645454200000003	0.0
2.98654542	0.0
3.0095454200000002	0.0
3.0315454200000005	0.0
3.05454542	0.0
3.0775454200000003	0.0
3.09954542	0.0
3.1225454200000002	0.0
3.1455454200000004	0.0
3.16754542	0.0
3.1905454200000003	0.0
3.21254542	0.0
3.2355454200000002	0.0
3.2585454200000004	0.0
3.28054542	0.0
3.3035454200000003	0.0
3.3265454200000004	0.0
3.34854542	0.0
3.3715454200000003	0.0
3.39354542	0.0
3.4165454200000003	0.0
3.4395454200000004	0.0
3.46154542	0.0
3.4845454200000003	0.0
3.5075454200000005	0.0
3.5295454200000003	0.0
3.5525454200000004	0.0
3.57454542	0.0
3.5975454200000003	0.0
3.6205454200000005	0.0
3.6425454200000003	0.0
3.6655454200000004	0.0
3.6885454200000005	0.0
3.7105454200000003	0.0
3.7335454200000004	0.0
3.7555454200000002	0.0
3.7785454200000004	0.0
3.8015454200000005	0.0
3.8235454200000003	0.0
3.8465454200000004	0.0
3.86954542	0.0
3.8915454200000004	0.0
3.9145454200000005	0.0
3.9365454200000003	0.0
3.9595454200000004	0.0
3.98254542	0.0
4.00454542	0.0
4.027545420000001	0.0
4.050545420000001	0.0
4.072545420000001	0.0
4.0955454200000005	0.0
4.11854542	0.0
4.1405454200000005	0.0
4.16354542	0.0
4.18554542	0.0
4.20854542	0.0
4.23154542	0.0
4.25354542	0.0
4.27654542	0.0
4.29954542	0.0
4.32154542	0.0
4.34454542	0.0
4.3665454200000005	0.0
4.38954542	0.0
4.412545420000001	0.0
4.434545420000001	0.0
4.457545420000001	0.0
4.48054542	0.0
4.502545420000001	0.0
4.52554542	0.0
4.5475454200000005	0.0
4.57054542	0.0
4.59354542	0.0
4.61554542	0.0
4.63854542	0.0
4.66154542	0.0
4.683545420000001	0.0
4.70654542	0.0
4.7285454200000006	0.0
4.75154542	0.0
4.774545420000001	0.0
4.79654542	0.0
4.819545420000001	0.0
4.84254542	0.0
4.864545420000001	0.0
4.88754542	0.0
4.909545420000001	0.0
4.93254542	0.0
4.95554542	0.0
4.97754542	0.0
5.00054542	0.0
5.0235454200000005	0.0
5.04554542	0.0
5.06854542	0.0
5.09054542	0.0
5.11354542	0.0
5.13654542	0.0
5.15854542	0.0
5.181545420000001	3.9039410340806e-15
5.2045454200000005	4.1001802457798e-14
5.226545420000001	5.1137465066626e-13
5.2495454200000005	5.705495742121e-12
5.271545420000001	5.738571944067401e-11
5.29454542	5.215329712642601e-10
5.31754542	4.280207056635799e-09
5.33954542	3.1724351902746e-08
5.36254542	2.1254725274449997e-07
5.385545420000001	1.2859900370972004e-06
5.40754542	7.0287288214054e-06
5.4305454200000005	3.470591808074e-05
5.45254542	0.00015478261528095998
5.47554542	0.00062360211739472
5.49854542	0.002270358536114
5.52054542	0.007466874447492799
5.54354542	0.022180485330036002
5.566545420000001	0.05953962956930399
5.58854542	0.14434281865486
5.611545420000001	0.31626549895921996
5.63354542	0.6257289375211398
5.6565454200000005	1.1188640870838
5.67954542	1.8073278083614
5.70154542	2.637408558147401
5.72454542	3.4777394085354003
5.747545420000001	4.1430326484084
5.76954542	4.457897067331601
5.792545420000001	4.3348654599467995
5.81454542	3.8090366283416004
5.8375454200000005	3.0230941812243994
5.86054542	2.1671485299334
5.8825454200000005	1.4038706041808005
5.90554542	0.8217232092643001
5.928545420000001	0.43443090604888
5.95054542	0.20752810644349998
5.973545420000001	0.08955893737393002
5.99654542	0.034919282128144
6.018545420000001	0.012299033589431999
6.04154542	0.003913432895038
6.0635454200000005	0.0011252556154
6.08654542	0.00029226302320000004
6.10954542	6.91573686e-05
6.13154542	1.7134965999999998e-05
6.154545420000001	1.3111168e-05
6.17754542	3.7492e-05
6.199545420000001	0.0001198698
6.22254542	0.0003503498
6.244545420000001	0.0009255454
6.26754542	0.0022090006
6.29054542	0.00476397
6.31254542	0.009279345999999999
6.33554542	0.016331294000000003
6.3585454200000004	0.02597014
6.380545420000001	0.03731224
6.40354542	0.048433380000000005
6.425545420000001	0.056847079999999994
6.44854542	0.06037246
6.47154542	0.0581847
6.49354542	0.0512773
6.51654542	0.04219006
6.5395454200000005	0.03407506
6.56154542	0.029744819999999998
6.58454542	0.031020000000000002
6.606545420000001	0.0385507
6.62954542	0.05197601999999999
6.65254542	0.06989184
6.67454542	0.08997236
6.69754542	0.10888442000000001
6.7205454200000005	0.12268312000000002
6.74254542	0.12785459999999998
6.7655454200000005	0.12258876
6.787545420000001	0.10765571999999998
6.81054542	0.08628432000000001
6.83354542	0.06296908000000001
6.85554542	0.04197112
6.87854542	0.02603256
6.901545420000001	0.016532222000000003
6.92354542	0.014225418
6.9465454200000005	0.020491656
6.96854542	0.038146163999999996
6.9915454200000005	0.0713147
7.01454542	0.12391504
7.03654542	0.19715252000000003
7.05954542	0.28662284000000005
7.082545420000001	0.38117779999999996
7.10454542	0.464286
7.127545420000001	0.5185734
7.14954542	0.5315016000000001
7.1725454200000005	0.5000782
7.19554542	0.4318356
7.21754542	0.34199626
7.24054542	0.2482045
7.26354542	0.16482480000000002
7.28554542	0.09999362
7.308545420000001	0.055341579999999994
7.33054542	0.027897150000000003
7.3535454200000006	0.012792778
7.37654542	0.005328832
7.3985454200000005	0.002014943
7.42154542	0.0006907996
7.444545420000001	0.00021456512
7.46654542	6.0344e-05
7.489545420000001	1.5360538e-05
7.51154542	3.5374793999999994e-06
7.534545420000001	7.368150000000001e-07
7.55754542	1.387486e-07
7.5795454200000005	2.3618746e-08
7.60254542	3.6341926e-09
7.62554542	5.0536434e-10
7.64754542	6.349406e-11
7.67054542	7.206718e-12
7.69354542	7.399493999999999e-13
7.71554542	6.812344e-14
7.73854542	5.79789e-15
7.760545420000001	4.8315148e-16
7.78354542	0.0
7.806545420000001	0.0
7.82854542	0.0
7.851545420000001	0.0
7.8745454200000005	0.0
7.896545420000001	0.0
7.91954542	0.0
7.941545420000001	0.0
7.96454542	0.0
7.98754542	0.0
8.00954542	0.0
8.03254542	0.0
8.05554542	0.0
8.07754542	0.0
8.10054542	0.0
8.12254542	0.0
8.145545420000001	0.0
8.168545420000001	0.0
8.19054542	0.0
