-27.92585794	0.0	0.0	0.0	0.0	0.0	0.0	0.0	0.0	0.0
-27.88885794	0.0	0.0	0.0	0.0	0.0	0.0	0.0	0.0	0.0
-27.85285794	0.0	0.0	0.0	0.0	0.0	0.0	0.0	0.0	0.0
-27.81585794	0.0	0.0	0.0	0.0	0.0	0.0	0.0	0.0	0.0
-27.77985794	0.0	0.0	0.0	0.0	0.0	0.0	0.0	0.0	0.0
-27.743857939999998	0.0	0.0	0.0	0.0	0.0	0.0	0.0	0.0	0.0
-27.70685794	0.0	0.0	0.0	0.0	0.0	0.0	0.0	0.0	0.0
-27.670857939999998	0.0	0.0	0.0	0.0	0.0	0.0	0.0	0.0	0.0
-27.63385794	0.0	0.0	0.0	0.0	0.0	0.0	0.0	0.0	0.0
-27.597857939999997	0.0	0.0	0.0	0.0	0.0	0.0	0.0	0.0	0.0
-27.560857939999998	0.0	0.0	0.0	0.0	0.0	0.0	0.0	0.0	0.0
-27.524857939999997	0.0	0.0	0.0	0.0	0.0	0.0	0.0	0.0	0.0
-27.487857939999998	0.0	0.0	0.0	0.0	0.0	0.0	0.0	0.0	0.0
-27.451857939999996	0.0	0.0	0.0	0.0	0.0	0.0	0.0	0.0	0.0
-27.414857939999997	0.0	0.0	0.0	0.0	0.0	0.0	0.0	0.0	0.0
-27.378857940000003	0.0	0.0	0.0	0.0	0.0	0.0	0.0	0.0	0.0
-27.342857940000002	0.0	0.0	0.0	0.0	0.0	0.0	0.0	0.0	0.0
-27.305857940000003	0.0	0.0	0.0	0.0	0.0	0.0	0.0	0.0	0.0
-27.26985794	0.0	0.0	0.0	0.0	0.0	0.0	0.0	0.0	0.0
-27.232857940000002	0.0	0.0	0.0	0.0	0.0	0.0	0.0	0.0	0.0
-27.19685794	0.0	0.0	0.0	0.0	0.0	0.0	0.0	0.0	0.0
-27.159857940000002	0.0	0.0	0.0	0.0	0.0	0.0	0.0	0.0	0.0
-27.12385794	0.0	0.0	0.0	0.0	0.0	0.0	0.0	0.0	0.0
-27.08685794	0.0	0.0	0.0	0.0	0.0	0.0	0.0	0.0	0.0
-27.05085794	0.0	0.0	0.0	0.0	0.0	0.0	0.0	0.0	0.0
-27.01385794	0.0	0.0	0.0	0.0	0.0	0.0	0.0	0.0	0.0
-26.97785794	0.0	0.0	0.0	0.0	0.0	0.0	0.0	0.0	0.0
-26.94085794	0.0	0.0	0.0	0.0	0.0	0.0	0.0	0.0	0.0
-26.90485794	0.0	0.0	0.0	0.0	0.0	0.0	0.0	0.0	0.0
-26.868857939999998	0.0	0.0	0.0	0.0	0.0	0.0	0.0	0.0	0.0
-26.83185794	4.6213057908e-14	1.3261048552929998e-15	3.6973197009e-17	1.7737400676414998e-15	0.0	0.0	0.0	0.0	0.0
-26.795857939999998	2.4848186211399996e-12	7.131958104920002e-14	1.9882025535000005e-15	9.538735805912001e-14	0.0	0.0	0.0	0.0	0.0
-26.75885794	1.06932728256e-10	3.0686678108299995e-12	8.5542477103e-14	4.104457487853001e-12	0.0	0.0	0.0	0.0	0.0
-26.722857939999997	3.5360232533800004e-09	1.014837266869e-10	2.8291589273999993e-12	1.3573962715144e-10	0.0	0.0	0.0	0.0	0.0
-26.685857939999998	8.996628136989998e-08	2.5816229098399997e-09	7.1983376078e-11	3.4528076677540003e-09	0.0	0.0	0.0	0.0	0.0
-26.649857939999997	1.76159514352e-06	5.0557734441500005e-08	1.4092135829e-09	6.762008897764e-08	0.0	0.0	0.0	0.0	0.0
-26.612857939999998	2.65412203791e-05	7.616982979700001e-07	2.1237844738999997e-08	1.018830386411e-06	0.0	0.0	0.0	0.0	0.0
-26.576857939999996	0.00030791333212200003	8.836596819869998e-06	2.4628596154e-07	1.1818529214608001e-05	0.0	0.0	0.0	0.0	0.0
-26.539857939999997	0.0027510509244799996	7.893267054550001e-05	2.2004870117000002e-06	0.00010557927612223	0.0	0.0	0.0	0.0	0.0
-26.503857940000003	0.018926080553700004	0.0005432325061400002	1.5142436242000001e-05	0.0007265048298518001	0.0	0.0	0.0	0.0	0.0
-26.467857940000002	0.100328976055	0.0028793713240000004	8.027061997800001e-05	0.0038519158262760008	0.0	0.0	0.0	0.0	0.0
-26.430857940000003	0.409836129561	0.011762048575589998	0.00032784219096999997	0.015731548175802	0.0	0.0	0.0	0.0	0.0
-26.39485794	1.2898231728000003	0.03703070943629999	0.0010322954501199998	0.04952628105812001	0.0	0.0	0.0	0.0	0.0
-26.357857940000002	3.1312568046900005	0.08985995688	0.0025053562854	0.12019102194669	0.0	0.0	0.0	0.0	0.0
-26.32185794	5.85785219591	0.16811718616310004	0.004685910240999999	0.22482350169864	0.0	0.0	0.0	0.0	0.0
-26.284857940000002	8.449225327519999	0.242505827517	0.0067602165688000005	0.32430440339901995	0.0	0.0	0.0	0.0	0.0
-26.24885794	9.397176149900002	0.26962297721100004	0.0075191096240999995	0.36065524388009995	0.0	0.0	0.0	0.0	0.0
-26.21185794	8.0593959265	0.23125135134299998	0.0064485559692000005	0.30933640342443997	0.0	0.0	0.0	0.0	0.0
-26.17585794	5.32959303965	0.15295206979890003	0.004262961658999999	0.20458077861245	0.0	0.0	0.0	0.0	0.0
-26.13885794	2.7169711214	0.0779700392338	0.0021740726094000005	0.10428614461183999	0.0	0.0	0.0	0.0	0.0
-26.10285794	1.0682330883	0.0306457507931	0.0008543115789099999	0.04099351965151	0.0	0.0	0.0	0.0	0.0
-26.06685794	0.32346047926500004	0.009283795544459999	0.00025883298356	0.012418252253791	0.0	0.0	0.0	0.0	0.0
-26.02985794	0.0755348997429	0.0021676165651099994	6.042820293499999e-05	0.0028998835367850992	0.0	0.0	0.0	0.0	0.0
-25.993857939999998	0.0135901608226	0.00039005424974000003	1.0872403655900001e-05	0.0005216348380591999	0.0	0.0	0.0	0.0	0.0
-25.95685794	0.0018830858106700004	5.4057075083699994e-05	1.5069574804e-06	7.230418884407001e-05	0.0	0.0	0.0	0.0	0.0
-25.92085794	0.000201078811178	5.770049619350001e-06	1.6085488759999998e-07	7.717144279355999e-06	0.0	0.0	0.0	0.0	0.0
-25.88385794	1.6529664727100004e-05	4.74366445022e-07	1.3222944860999998e-08	6.343544131136999e-07	0.0	0.0	0.0	0.0	0.0
-25.84785794	1.0457908972900003e-06	3.001142814e-08	8.3670472498e-10	4.0148376713260006e-08	0.0	0.0	0.0	0.0	0.0
-25.810857939999998	5.09313093674e-08	1.4617854764569998e-09	4.0747509474e-11	1.9555885399968997e-09	0.0	0.0	0.0	0.0	0.0
-25.77485794	1.9086463802500005e-09	5.47735476572e-11	1.5270947593000001e-12	7.327102622737e-11	0.0	0.0	0.0	0.0	0.0
-25.73785794	5.50220598127e-11	1.579153829132e-12	4.4025841449e-14	2.1118958426448e-12	0.0	0.0	0.0	0.0	0.0
-25.70185794	1.22165032434e-12	3.507620241169999e-14	9.7765659548e-16	4.690939671232e-14	0.0	0.0	0.0	0.0	0.0
-25.66585794	2.05349227066e-14	5.894833674560001e-16	1.6430545217e-17	7.884089544707e-16	0.0	0.0	0.0	0.0	0.0
-25.62885794	0.0	0.0	0.0	0.0	0.0	0.0	0.0	0.0	0.0
-25.59285794	0.0	0.0	0.0	0.0	0.0	0.0	0.0	0.0	0.0
-25.55585794	0.0	0.0	0.0	0.0	0.0	0.0	0.0	0.0	0.0
-25.51985794	0.0	0.0	0.0	0.0	0.0	0.0	0.0	0.0	0.0
-25.48285794	0.0	0.0	0.0	0.0	0.0	0.0	0.0	0.0	0.0
-25.44685794	0.0	0.0	0.0	0.0	0.0	0.0	0.0	0.0	0.0
-25.40985794	0.0	0.0	0.0	0.0	0.0	0.0	0.0	0.0	0.0
-25.37385794	0.0	0.0	0.0	0.0	0.0	0.0	0.0	0.0	0.0
-25.336857939999998	0.0	0.0	0.0	0.0	0.0	0.0	0.0	0.0	0.0
-25.30085794	0.0	0.0	0.0	0.0	0.0	0.0	0.0	0.0	0.0
-25.26385794	0.0	0.0	0.0	0.0	0.0	0.0	0.0	0.0	0.0
-25.22785794	0.0	0.0	0.0	0.0	0.0	0.0	0.0	0.0	0.0
-25.19185794	0.0	0.0	0.0	0.0	0.0	0.0	0.0	0.0	0.0
-25.15485794	0.0	0.0	0.0	0.0	0.0	0.0	0.0	0.0	0.0
-25.118857939999998	0.0	0.0	0.0	0.0	0.0	0.0	0.0	0.0	0.0
-25.08185794	0.0	0.0	0.0	0.0	0.0	0.0	0.0	0.0	0.0
-25.04585794	0.0	0.0	0.0	0.0	0.0	0.0	0.0	0.0	0.0
-25.00885794	0.0	0.0	0.0	0.0	0.0	0.0	0.0	0.0	0.0
-24.97285794	0.0	0.0	0.0	0.0	0.0	0.0	0.0	0.0	0.0
-24.935857939999998	0.0	0.0	0.0	0.0	0.0	0.0	0.0	0.0	0.0
-24.89985794	0.0	0.0	0.0	0.0	0.0	0.0	0.0	0.0	0.0
-24.86285794	0.0	0.0	0.0	0.0	0.0	0.0	0.0	0.0	0.0
-24.82685794	0.0	0.0	0.0	0.0	0.0	0.0	0.0	0.0	0.0
-24.79085794	0.0	0.0	0.0	0.0	0.0	0.0	0.0	0.0	0.0
-24.75385794	0.0	0.0	0.0	0.0	0.0	0.0	0.0	0.0	0.0
-24.71785794	0.0	0.0	0.0	0.0	0.0	0.0	0.0	0.0	0.0
-24.68085794	0.0	0.0	0.0	0.0	0.0	0.0	0.0	0.0	0.0
-24.64485794	0.0	0.0	0.0	0.0	0.0	0.0	0.0	0.0	0.0
-24.60785794	0.0	0.0	0.0	0.0	0.0	0.0	0.0	0.0	0.0
-24.57185794	0.0	0.0	0.0	0.0	0.0	0.0	0.0	0.0	0.0
-24.53485794	0.0	0.0	0.0	0.0	0.0	0.0	0.0	0.0	0.0
-24.49885794	0.0	0.0	0.0	0.0	0.0	0.0	0.0	0.0	0.0
-24.461857939999998	0.0	0.0	0.0	0.0	0.0	0.0	0.0	0.0	0.0
-24.42585794	0.0	0.0	0.0	0.0	0.0	0.0	0.0	0.0	0.0
-24.38985794	0.0	0.0	0.0	0.0	0.0	0.0	0.0	0.0	0.0
-24.35285794	0.0	0.0	0.0	0.0	0.0	0.0	0.0	0.0	0.0
-24.31685794	0.0	0.0	0.0	0.0	0.0	0.0	0.0	0.0	0.0
-24.27985794	0.0	0.0	0.0	0.0	0.0	0.0	0.0	0.0	0.0
-24.243857939999998	0.0	0.0	0.0	0.0	0.0	0.0	0.0	0.0	0.0
-24.20685794	0.0	0.0	0.0	0.0	0.0	0.0	0.0	0.0	0.0
-24.17085794	0.0	0.0	0.0	0.0	0.0	0.0	0.0	0.0	0.0
-24.13385794	0.0	0.0	0.0	0.0	0.0	0.0	0.0	0.0	0.0
-24.09785794	0.0	0.0	0.0	0.0	0.0	0.0	0.0	0.0	0.0
-24.060857939999998	0.0	0.0	0.0	0.0	0.0	0.0	0.0	0.0	0.0
-24.02485794	0.0	0.0	0.0	0.0	0.0	0.0	0.0	0.0	0.0
-23.98885794	0.0	0.0	0.0	0.0	0.0	0.0	0.0	0.0	0.0
-23.95185794	0.0	0.0	0.0	0.0	0.0	0.0	0.0	0.0	0.0
-23.91585794	0.0	0.0	0.0	0.0	0.0	0.0	0.0	0.0	0.0
-23.87885794	0.0	0.0	0.0	0.0	0.0	0.0	0.0	0.0	0.0
-23.84285794	0.0	0.0	0.0	0.0	0.0	0.0	0.0	0.0	0.0
-23.80585794	0.0	0.0	0.0	0.0	0.0	0.0	0.0	0.0	0.0
-23.76985794	0.0	0.0	0.0	0.0	0.0	0.0	0.0	0.0	0.0
-23.73285794	0.0	0.0	0.0	0.0	0.0	0.0	0.0	0.0	0.0
-23.69685794	0.0	0.0	0.0	0.0	0.0	0.0	0.0	0.0	0.0
-23.65985794	0.0	0.0	0.0	0.0	0.0	0.0	0.0	0.0	0.0
-23.62385794	0.0	0.0	0.0	0.0	0.0	0.0	0.0	0.0	0.0
-23.58785794	0.0	0.0	0.0	0.0	0.0	0.0	0.0	0.0	0.0
-23.55085794	0.0	0.0	0.0	0.0	0.0	0.0	0.0	0.0	0.0
-23.51485794	0.0	0.0	0.0	0.0	0.0	0.0	0.0	0.0	0.0
-23.47785794	0.0	0.0	0.0	0.0	0.0	0.0	0.0	0.0	0.0
-23.44185794	0.0	0.0	0.0	0.0	0.0	0.0	0.0	0.0	0.0
-23.40485794	0.0	0.0	0.0	0.0	0.0	0.0	0.0	0.0	0.0
-23.368857939999998	0.0	0.0	0.0	0.0	0.0	0.0	0.0	0.0	0.0
-23.33185794	0.0	0.0	0.0	0.0	0.0	0.0	0.0	0.0	0.0
-23.29585794	0.0	0.0	0.0	0.0	0.0	0.0	0.0	0.0	0.0
-23.25885794	0.0	0.0	0.0	0.0	0.0	0.0	0.0	0.0	0.0
-23.22285794	0.0	0.0	0.0	0.0	0.0	0.0	0.0	0.0	0.0
-23.185857939999998	0.0	0.0	0.0	0.0	0.0	0.0	0.0	0.0	0.0
-23.14985794	0.0	0.0	0.0	0.0	0.0	0.0	0.0	0.0	0.0
-23.11385794	0.0	0.0	0.0	0.0	0.0	0.0	0.0	0.0	0.0
-23.07685794	0.0	0.0	0.0	0.0	0.0	0.0	0.0	0.0	0.0
-23.04085794	0.0	0.0	0.0	0.0	0.0	0.0	0.0	0.0	0.0
-23.00385794	0.0	0.0	0.0	0.0	0.0	0.0	0.0	0.0	0.0
-22.96785794	0.0	0.0	0.0	0.0	0.0	0.0	0.0	0.0	0.0
-22.93085794	0.0	0.0	0.0	0.0	0.0	0.0	0.0	0.0	0.0
-22.89485794	0.0	0.0	0.0	0.0	0.0	0.0	0.0	0.0	0.0
-22.85785794	0.0	0.0	0.0	0.0	0.0	0.0	0.0	0.0	0.0
-22.82185794	0.0	0.0	0.0	0.0	0.0	0.0	0.0	0.0	0.0
-22.78485794	0.0	0.0	0.0	0.0	0.0	0.0	0.0	0.0	0.0
-22.74885794	0.0	0.0	0.0	0.0	0.0	0.0	0.0	0.0	0.0
-22.71285794	0.0	0.0	0.0	0.0	0.0	0.0	0.0	0.0	0.0
-22.67585794	0.0	0.0	0.0	0.0	0.0	0.0	0.0	0.0	0.0
-22.63985794	0.0	0.0	0.0	0.0	0.0	0.0	0.0	0.0	0.0
-22.60285794	0.0	0.0	0.0	0.0	0.0	0.0	0.0	0.0	0.0
-22.56685794	0.0	0.0	0.0	0.0	0.0	0.0	0.0	0.0	0.0
-22.52985794	0.0	0.0	0.0	0.0	0.0	0.0	0.0	0.0	0.0
-22.493857939999998	0.0	0.0	0.0	0.0	0.0	0.0	0.0	0.0	0.0
-22.45685794	0.0	0.0	0.0	0.0	0.0	0.0	0.0	0.0	0.0
-22.42085794	0.0	0.0	0.0	0.0	0.0	0.0	0.0	0.0	0.0
-22.38385794	0.0	0.0	0.0	0.0	0.0	0.0	0.0	0.0	0.0
-22.34785794	0.0	0.0	0.0	0.0	0.0	0.0	0.0	0.0	0.0
-22.31185794	0.0	0.0	0.0	0.0	0.0	0.0	0.0	0.0	0.0
-22.27485794	0.0	0.0	0.0	0.0	0.0	0.0	0.0	0.0	0.0
-22.23885794	0.0	0.0	0.0	0.0	0.0	0.0	0.0	0.0	0.0
-22.20185794	0.0	0.0	0.0	0.0	0.0	0.0	0.0	0.0	0.0
-22.16585794	0.0	0.0	0.0	0.0	0.0	0.0	0.0	0.0	0.0
-22.12885794	0.0	0.0	0.0	0.0	0.0	0.0	0.0	0.0	0.0
-22.09285794	0.0	0.0	0.0	0.0	0.0	0.0	0.0	0.0	0.0
-22.05585794	0.0	0.0	0.0	0.0	0.0	0.0	0.0	0.0	0.0
-22.01985794	0.0	0.0	0.0	0.0	0.0	0.0	0.0	0.0	0.0
-21.98285794	0.0	0.0	0.0	0.0	0.0	0.0	0.0	0.0	0.0
-21.94685794	0.0	0.0	0.0	0.0	0.0	0.0	0.0	0.0	0.0
-21.91085794	0.0	0.0	0.0	0.0	0.0	0.0	0.0	0.0	0.0
-21.87385794	0.0	0.0	0.0	0.0	0.0	0.0	0.0	0.0	0.0
-21.83785794	0.0	0.0	0.0	0.0	0.0	0.0	0.0	0.0	0.0
-21.80085794	0.0	0.0	0.0	0.0	0.0	0.0	0.0	0.0	0.0
-21.76485794	0.0	0.0	0.0	0.0	0.0	0.0	0.0	0.0	0.0
-21.72785794	0.0	0.0	0.0	0.0	0.0	0.0	0.0	0.0	0.0
-21.69185794	0.0	0.0	0.0	0.0	0.0	0.0	0.0	0.0	0.0
-21.65485794	0.0	0.0	0.0	0.0	0.0	0.0	0.0	0.0	0.0
-21.618857939999998	0.0	0.0	0.0	0.0	0.0	0.0	0.0	0.0	0.0
-21.58185794	0.0	0.0	0.0	0.0	0.0	0.0	0.0	0.0	0.0
-21.54585794	0.0	0.0	0.0	0.0	0.0	0.0	0.0	0.0	0.0
-21.50885794	0.0	0.0	0.0	0.0	0.0	0.0	0.0	0.0	0.0
-21.47285794	0.0	0.0	0.0	0.0	0.0	0.0	0.0	0.0	0.0
-21.43685794	0.0	0.0	0.0	0.0	0.0	0.0	0.0	0.0	0.0
-21.39985794	0.0	0.0	0.0	0.0	0.0	0.0	0.0	0.0	0.0
-21.36385794	0.0	0.0	0.0	0.0	0.0	0.0	0.0	0.0	0.0
-21.32685794	0.0	0.0	0.0	0.0	0.0	0.0	0.0	0.0	0.0
-21.29085794	0.0	0.0	0.0	0.0	0.0	0.0	0.0	0.0	0.0
-21.25385794	0.0	0.0	0.0	0.0	0.0	0.0	0.0	0.0	0.0
-21.21785794	0.0	0.0	0.0	0.0	0.0	0.0	0.0	0.0	0.0
-21.18085794	0.0	0.0	0.0	0.0	0.0	0.0	0.0	0.0	0.0
-21.14485794	0.0	0.0	0.0	0.0	0.0	0.0	0.0	0.0	0.0
-21.10785794	0.0	0.0	0.0	0.0	0.0	0.0	0.0	0.0	0.0
-21.07185794	0.0	0.0	0.0	0.0	0.0	0.0	0.0	0.0	0.0
-21.03585794	0.0	0.0	0.0	0.0	0.0	0.0	0.0	0.0	0.0
-20.99885794	0.0	0.0	0.0	0.0	0.0	0.0	0.0	0.0	0.0
-20.96285794	0.0	0.0	0.0	0.0	0.0	0.0	0.0	0.0	0.0
-20.92585794	0.0	0.0	0.0	0.0	0.0	0.0	0.0	0.0	0.0
-20.88985794	0.0	0.0	0.0	0.0	0.0	0.0	0.0	0.0	0.0
-20.85285794	0.0	0.0	0.0	0.0	0.0	0.0	0.0	0.0	0.0
-20.81685794	0.0	0.0	0.0	0.0	0.0	0.0	0.0	0.0	0.0
-20.77985794	0.0	0.0	0.0	0.0	0.0	0.0	0.0	0.0	0.0
-20.743857939999998	0.0	0.0	0.0	0.0	0.0	0.0	0.0	0.0	0.0
-20.70685794	0.0	0.0	0.0	0.0	0.0	0.0	0.0	0.0	0.0
-20.67085794	0.0	0.0	0.0	0.0	0.0	0.0	0.0	0.0	0.0
-20.63485794	0.0	0.0	0.0	0.0	0.0	0.0	0.0	0.0	0.0
-20.59785794	0.0	0.0	0.0	0.0	0.0	0.0	0.0	0.0	0.0
-20.56185794	0.0	0.0	0.0	0.0	0.0	0.0	0.0	0.0	0.0
-20.52485794	0.0	0.0	0.0	0.0	0.0	0.0	0.0	0.0	0.0
-20.48885794	0.0	0.0	0.0	0.0	0.0	0.0	0.0	0.0	0.0
-20.45185794	0.0	0.0	0.0	0.0	0.0	0.0	0.0	0.0	0.0
-20.41585794	0.0	0.0	0.0	0.0	0.0	0.0	0.0	0.0	0.0
-20.37885794	0.0	0.0	0.0	0.0	0.0	0.0	0.0	0.0	0.0
-20.34285794	0.0	0.0	0.0	0.0	0.0	0.0	0.0	0.0	0.0
-20.30585794	0.0	0.0	0.0	0.0	0.0	0.0	0.0	0.0	0.0
-20.26985794	0.0	0.0	0.0	0.0	0.0	0.0	0.0	0.0	0.0
-20.23385794	0.0	0.0	0.0	0.0	0.0	0.0	0.0	0.0	0.0
-20.19685794	0.0	0.0	0.0	0.0	0.0	0.0	0.0	0.0	0.0
-20.16085794	0.0	0.0	0.0	0.0	0.0	0.0	0.0	0.0	0.0
-20.12385794	0.0	0.0	0.0	0.0	0.0	0.0	0.0	0.0	0.0
-20.08785794	0.0	0.0	0.0	0.0	0.0	0.0	0.0	0.0	0.0
-20.05085794	0.0	0.0	0.0	0.0	0.0	0.0	0.0	0.0	0.0
-20.01485794	0.0	0.0	0.0	0.0	0.0	0.0	0.0	0.0	0.0
-19.97785794	0.0	0.0	0.0	0.0	0.0	0.0	0.0	0.0	0.0
-19.94185794	0.0	0.0	0.0	0.0	0.0	0.0	0.0	0.0	0.0
-19.90485794	0.0	0.0	0.0	0.0	0.0	0.0	0.0	0.0	0.0
-19.868857939999998	0.0	0.0	0.0	0.0	0.0	0.0	0.0	0.0	0.0
-19.83185794	0.0	0.0	0.0	0.0	0.0	0.0	0.0	0.0	0.0
-19.79585794	0.0	0.0	0.0	0.0	0.0	0.0	0.0	0.0	0.0
-19.75985794	0.0	0.0	0.0	0.0	0.0	0.0	0.0	0.0	0.0
-19.72285794	0.0	0.0	0.0	0.0	0.0	0.0	0.0	0.0	0.0
-19.68685794	0.0	0.0	0.0	0.0	0.0	0.0	0.0	0.0	0.0
-19.64985794	0.0	0.0	0.0	0.0	0.0	0.0	0.0	0.0	0.0
-19.61385794	0.0	0.0	0.0	0.0	0.0	0.0	0.0	0.0	0.0
-19.57685794	0.0	0.0	0.0	0.0	0.0	0.0	0.0	0.0	0.0
-19.54085794	0.0	0.0	0.0	0.0	0.0	0.0	0.0	0.0	0.0
-19.50385794	0.0	0.0	0.0	0.0	0.0	0.0	0.0	0.0	0.0
-19.46785794	0.0	0.0	0.0	0.0	0.0	0.0	0.0	0.0	0.0
-19.43085794	0.0	0.0	0.0	0.0	0.0	0.0	0.0	0.0	0.0
-19.39485794	0.0	0.0	0.0	0.0	0.0	0.0	0.0	0.0	0.0
-19.35885794	0.0	0.0	0.0	0.0	0.0	0.0	0.0	0.0	0.0
-19.32185794	0.0	0.0	0.0	0.0	0.0	0.0	0.0	0.0	0.0
-19.28585794	0.0	0.0	0.0	0.0	0.0	0.0	0.0	0.0	0.0
-19.24885794	0.0	0.0	0.0	0.0	0.0	0.0	0.0	0.0	0.0
-19.21285794	0.0	0.0	0.0	0.0	0.0	0.0	0.0	0.0	0.0
-19.17585794	0.0	0.0	0.0	0.0	0.0	0.0	0.0	0.0	0.0
-19.13985794	0.0	0.0	0.0	0.0	0.0	0.0	0.0	0.0	0.0
-19.10285794	0.0	0.0	0.0	0.0	0.0	0.0	0.0	0.0	0.0
-19.06685794	0.0	0.0	0.0	0.0	0.0	0.0	0.0	0.0	0.0
-19.02985794	0.0	0.0	0.0	0.0	0.0	0.0	0.0	0.0	0.0
-18.993857939999998	0.0	0.0	0.0	0.0	0.0	0.0	0.0	0.0	0.0
-18.95785794	0.0	0.0	0.0	0.0	0.0	0.0	0.0	0.0	0.0
-18.92085794	0.0	0.0	0.0	0.0	0.0	0.0	0.0	0.0	0.0
-18.88485794	0.0	0.0	0.0	0.0	0.0	0.0	0.0	0.0	0.0
-18.84785794	0.0	0.0	0.0	0.0	0.0	0.0	0.0	0.0	0.0
-18.81185794	0.0	0.0	0.0	0.0	0.0	0.0	0.0	0.0	0.0
-18.77485794	0.0	0.0	0.0	0.0	0.0	0.0	0.0	0.0	0.0
-18.73885794	0.0	0.0	0.0	0.0	0.0	0.0	0.0	0.0	0.0
-18.70185794	0.0	0.0	0.0	0.0	0.0	0.0	0.0	0.0	0.0
-18.66585794	0.0	0.0	0.0	0.0	0.0	0.0	0.0	0.0	0.0
-18.62885794	0.0	0.0	0.0	0.0	0.0	0.0	0.0	0.0	0.0
-18.59285794	0.0	0.0	0.0	0.0	0.0	0.0	0.0	0.0	0.0
-18.55685794	0.0	0.0	0.0	0.0	0.0	0.0	0.0	0.0	0.0
-18.51985794	0.0	0.0	0.0	0.0	0.0	0.0	0.0	0.0	0.0
-18.48385794	0.0	0.0	0.0	0.0	0.0	0.0	0.0	0.0	0.0
-18.44685794	0.0	0.0	0.0	0.0	0.0	0.0	0.0	0.0	0.0
-18.41085794	0.0	0.0	0.0	0.0	0.0	0.0	0.0	0.0	0.0
-18.37385794	0.0	0.0	0.0	0.0	0.0	0.0	0.0	0.0	0.0
-18.33785794	0.0	0.0	0.0	0.0	0.0	0.0	0.0	0.0	0.0
-18.30085794	0.0	0.0	0.0	0.0	0.0	0.0	0.0	0.0	0.0
-18.26485794	0.0	0.0	0.0	0.0	0.0	0.0	0.0	0.0	0.0
-18.22785794	0.0	0.0	0.0	0.0	0.0	0.0	0.0	0.0	0.0
-18.19185794	0.0	0.0	0.0	0.0	0.0	0.0	0.0	0.0	0.0
-18.15485794	0.0	0.0	0.0	0.0	0.0	0.0	0.0	0.0	0.0
-18.118857939999998	0.0	0.0	0.0	0.0	0.0	0.0	0.0	0.0	0.0
-18.08285794	0.0	0.0	0.0	0.0	0.0	0.0	0.0	0.0	0.0
-18.04585794	0.0	0.0	0.0	0.0	0.0	0.0	0.0	0.0	0.0
-18.00985794	0.0	0.0	0.0	0.0	0.0	0.0	0.0	0.0	0.0
-17.97285794	0.0	0.0	0.0	0.0	0.0	0.0	0.0	0.0	0.0
-17.93685794	0.0	0.0	0.0	0.0	0.0	0.0	0.0	0.0	0.0
-17.89985794	0.0	0.0	0.0	0.0	0.0	0.0	0.0	0.0	0.0
-17.86385794	0.0	0.0	0.0	0.0	0.0	0.0	0.0	0.0	0.0
-17.82685794	0.0	0.0	0.0	0.0	0.0	0.0	0.0	0.0	0.0
-17.79085794	0.0	0.0	0.0	0.0	0.0	0.0	0.0	0.0	0.0
-17.75385794	0.0	0.0	0.0	0.0	0.0	0.0	0.0	0.0	0.0
-17.71785794	0.0	0.0	0.0	0.0	0.0	0.0	0.0	0.0	0.0
-17.68185794	0.0	0.0	0.0	0.0	0.0	0.0	0.0	0.0	0.0
-17.64485794	0.0	0.0	0.0	0.0	0.0	0.0	0.0	0.0	0.0
-17.60885794	0.0	0.0	0.0	0.0	0.0	0.0	0.0	0.0	0.0
-17.57185794	0.0	0.0	0.0	0.0	0.0	0.0	0.0	0.0	0.0
-17.53585794	0.0	0.0	0.0	0.0	0.0	0.0	0.0	0.0	0.0
-17.49885794	0.0	0.0	0.0	0.0	0.0	0.0	0.0	0.0	0.0
-17.46285794	0.0	0.0	0.0	0.0	0.0	0.0	0.0	0.0	0.0
-17.42585794	0.0	0.0	0.0	0.0	0.0	0.0	0.0	0.0	0.0
-17.38985794	5.70059e-15	3.246887e-16	4.62505e-18	3.401638e-16	0.0	0.0	0.0	0.0	0.0
-17.35285794	3.9524900000000004e-13	2.25106e-14	3.2066800000000006e-16	2.3585692e-14	0.0	0.0	0.0	0.0	0.0
-17.31685794	1.87681e-11	1.068858e-12	1.5228020000000002e-14	1.1199637999999998e-12	0.0	0.0	0.0	0.0	0.0
-17.28085794	6.876199999999999e-10	3.917609e-11	5.58099e-13	4.103723e-11	0.0	0.0	0.0	0.0	0.0
-17.243857939999998	1.9387199999999998e-08	1.104177e-09	1.572977e-11	1.1568856000000002e-09	0.0	0.0	0.0	0.0	0.0
-17.20785794	4.2047e-07	2.394847e-08	3.4117100000000003e-10	2.5092332e-08	0.0	0.0	0.0	0.0	0.0
-17.17085794	7.018260000000001e-06	3.9980939999999997e-07	5.6944e-09	4.1880170000000004e-07	0.0	0.0	0.0	0.0	0.0
-17.13485794	9.018809999999999e-05	5.136658e-06	7.31679e-08	5.38132e-06	0.0	0.0	0.0	0.0	0.0
-17.09785794	0.0008922299999999999	5.081433000000001e-05	7.23918e-07	5.324548e-05	0.0	0.0	0.0	0.0	0.0
-17.06185794	0.00679843	0.0003872596	5.51636e-06	0.0004056871	0.0	0.0	0.0	0.0	0.0
-17.02485794	0.039908700000000005	0.00227298	3.23831e-05	0.0023814597	0.0	0.0	0.0	0.0	0.0
-16.98885794	0.18049300000000001	0.01028015	0.0001464553	0.010770536	0.0	0.0	0.0	0.0	0.0
-16.95185794	0.629133	0.035831270000000005	0.0005104630000000001	0.03754051	0.0	0.0	0.0	0.0	0.0
-16.91585794	1.6903199999999998	0.09626860000000001	0.001371446	0.10085876999999999	0.0	0.0	0.0	0.0	0.0
-16.87985794	3.50086	0.19939220000000002	0.0028407610000000007	0.20889987999999998	0.0	0.0	0.0	0.0	0.0
-16.84285794	5.5901499999999995	0.3183907	0.00453512	0.33357990000000004	0.0	0.0	0.0	0.0	0.0
-16.80685794	6.882199999999999	0.3919608	0.0055834000000000005	0.4107065	0.0	0.0	0.0	0.0	0.0
-16.76985794	6.533120000000001	0.3721156	0.00530125	0.38993200000000006	0.0	0.0	0.0	0.0	0.0
-16.73385794	4.78291	0.27241139999999997	0.0038808000000000002	0.285394	0.0	0.0	0.0	0.0	0.0
-16.69685794	2.69938	0.15373019999999998	0.002190159	0.16106986	0.0	0.0	0.0	0.0	0.0
-16.66085794	1.1745489999999998	0.06689312	0.000952975	0.07008708000000001	0.0	0.0	0.0	0.0	0.0
-16.62385794	0.393946	0.02243667	0.000319659	0.023508723	0.0	0.0	0.0	0.0	0.0
-16.58785794	0.1018491	0.005800155	8.26351e-05	0.006077668999999999	0.0	0.0	0.0	0.0	0.0
-16.55085794	0.0202903	0.0011555200000000002	1.64608e-05	0.0012106754999999998	0.0	0.0	0.0	0.0	0.0
-16.51485794	0.0031139	0.00017735209999999999	2.526761e-06	0.00018580638	0.0	0.0	0.0	0.0	0.0
-16.47885794	0.00036814	2.096759e-05	2.98692e-07	2.196825e-05	0.0	0.0	0.0	0.0	0.0
-16.44185794	3.3516900000000004e-05	1.9089819999999998e-06	2.7191889999999998e-08	2.0000197e-06	0.0	0.0	0.0	0.0	0.0
-16.40585794	2.34942e-06	1.3380959999999998e-07	1.9062839999999998e-09	1.4019107e-07	0.0	0.0	0.0	0.0	0.0
-16.368857939999998	1.267527e-07	7.220509999999999e-09	1.028491e-10	7.564282e-09	0.0	0.0	0.0	0.0	0.0
-16.33285794	5.26286e-09	2.997454e-10	4.2695400000000004e-12	3.140495e-10	0.0	0.0	0.0	0.0	0.0
-16.29585794	1.68109e-10	9.57397e-12	1.36396e-13	1.0031257999999999e-11	0.0	0.0	0.0	0.0	0.0
-16.25985794	4.13103e-12	2.352844e-13	3.35189e-15	2.4650339e-13	0.0	0.0	0.0	0.0	0.0
-16.22285794	7.98192e-14	4.546028e-15	6.47481e-17	4.762397999999999e-15	0.0	0.0	0.0	0.0	0.0
-16.18685794	0.0	0.0	0.0	0.0	0.0	0.0	0.0	0.0	0.0
-16.14985794	0.0	0.0	0.0	0.0	0.0	0.0	0.0	0.0	0.0
-16.11385794	0.0	0.0	0.0	0.0	0.0	0.0	0.0	0.0	0.0
-16.07685794	0.0	0.0	0.0	0.0	0.0	0.0	0.0	0.0	0.0
-16.04085794	0.0	0.0	0.0	0.0	0.0	0.0	0.0	0.0	0.0
-16.00485794	0.0	0.0	0.0	0.0	0.0	0.0	0.0	0.0	0.0
-15.967857939999998	0.0	0.0	0.0	0.0	0.0	0.0	0.0	0.0	0.0
-15.93185794	0.0	0.0	0.0	0.0	0.0	0.0	0.0	0.0	0.0
-15.894857940000001	0.0	0.0	0.0	0.0	0.0	0.0	0.0	0.0	0.0
-15.85885794	0.0	0.0	0.0	0.0	0.0	0.0	0.0	0.0	0.0
-15.821857940000001	0.0	0.0	0.0	0.0	0.0	0.0	0.0	0.0	0.0
-15.78585794	0.0	0.0	0.0	0.0	0.0	0.0	0.0	0.0	0.0
-15.74885794	0.0	0.0	0.0	0.0	0.0	0.0	0.0	0.0	0.0
-15.71285794	0.0	0.0	0.0	0.0	0.0	0.0	0.0	0.0	0.0
-15.67585794	0.0	0.0	0.0	0.0	0.0	0.0	0.0	0.0	0.0
-15.639857939999999	0.0	0.0	0.0	0.0	0.0	0.0	0.0	0.0	0.0
-15.603857940000001	0.0	0.0	0.0	0.0	0.0	0.0	0.0	0.0	0.0
-15.566857939999998	0.0	0.0	0.0	0.0	0.0	0.0	0.0	0.0	0.0
-15.53085794	0.0	0.0	0.0	0.0	0.0	0.0	0.0	0.0	0.0
-15.493857939999998	0.0	0.0	0.0	0.0	0.0	0.0	0.0	0.0	0.0
-15.45785794	0.0	0.0	0.0	0.0	0.0	0.0	0.0	0.0	0.0
-15.420857940000001	0.0	0.0	0.0	0.0	0.0	0.0	0.0	0.0	0.0
-15.38485794	0.0	0.0	0.0	0.0	0.0	0.0	0.0	0.0	0.0
-15.34785794	0.0	0.0	0.0	0.0	0.0	0.0	0.0	0.0	0.0
-15.31185794	0.0	0.0	0.0	0.0	0.0	0.0	0.0	0.0	0.0
-15.27485794	0.0	0.0	0.0	0.0	0.0	0.0	0.0	0.0	0.0
-15.238857939999999	0.0	0.0	0.0	0.0	0.0	0.0	0.0	0.0	0.0
-15.202857940000001	0.0	0.0	0.0	0.0	0.0	0.0	0.0	0.0	0.0
-15.165857939999999	0.0	0.0	0.0	0.0	0.0	0.0	0.0	0.0	0.0
-15.12985794	0.0	0.0	0.0	0.0	0.0	0.0	0.0	0.0	0.0
-15.092857939999998	0.0	0.0	0.0	0.0	0.0	0.0	0.0	0.0	0.0
-15.05685794	0.0	0.0	0.0	0.0	0.0	0.0	0.0	0.0	0.0
-15.019857940000001	0.0	0.0	0.0	0.0	0.0	0.0	0.0	0.0	0.0
-14.98385794	0.0	0.0	0.0	0.0	0.0	0.0	0.0	0.0	0.0
-14.946857940000001	0.0	0.0	0.0	0.0	0.0	0.0	0.0	0.0	0.0
-14.91085794	0.0	0.0	0.0	0.0	0.0	0.0	0.0	0.0	0.0
-14.87385794	0.0	0.0	0.0	0.0	0.0	0.0	0.0	0.0	0.0
-14.83785794	0.0	0.0	0.0	0.0	0.0	0.0	0.0	0.0	0.0
-14.801857939999998	0.0	0.0	0.0	0.0	0.0	0.0	0.0	0.0	0.0
-14.764857939999999	0.0	0.0	0.0	0.0	0.0	0.0	0.0	0.0	0.0
-14.728857940000001	0.0	0.0	0.0	0.0	0.0	0.0	0.0	0.0	0.0
-14.691857939999998	0.0	0.0	0.0	0.0	0.0	0.0	0.0	0.0	0.0
-14.65585794	0.0	0.0	0.0	0.0	0.0	0.0	0.0	0.0	0.0
-14.618857939999998	0.0	0.0	0.0	0.0	0.0	0.0	0.0	0.0	0.0
-14.58285794	0.0	0.0	0.0	0.0	0.0	0.0	0.0	0.0	0.0
-14.545857940000001	5.7433196772e-15	4.728916e-16	3.152052622e-18	4.1792285e-16	0.0	0.0	0.0	0.0	0.0
-14.50985794	3.7904929878e-13	3.120758e-14	2.0803786690000003e-16	2.7584814999999995e-14	0.0	0.0	0.0	0.0	0.0
-14.47285794	1.8125862105e-11	1.492147e-12	9.94713975e-15	1.3189111000000001e-12	0.0	0.0	0.0	0.0	0.0
-14.43685794	6.661622825000001e-10	5.483715e-11	3.6558648290000005e-13	4.8464944000000004e-11	0.0	0.0	0.0	0.0	0.0
-14.39985794	1.8833364525999997e-08	1.550461e-09	1.0336841900000001e-11	1.3704949000000002e-09	0.0	0.0	0.0	0.0	0.0
-14.363857939999999	4.0969040363999993e-07	3.372496e-08	2.2485094379999999e-10	2.980797e-08	0.0	0.0	0.0	0.0	0.0
-14.327857940000001	6.859123504e-06	5.646517e-07	3.7639292670000005e-09	4.9907723e-07	0.0	0.0	0.0	0.0	0.0
-14.290857939999999	8.838730289000001e-05	7.27673e-06	4.85109405e-08	6.431555000000001e-06	0.0	0.0	0.0	0.0	0.0
-14.25485794	0.0008771730056	7.221083999999999e-05	4.81421587e-07	6.382494e-05	0.0	0.0	0.0	0.0	0.0
-14.217857939999998	0.006702922966	0.0005518866999999999	3.67947228e-06	0.00048787332	0.0	0.0	0.0	0.0	0.0
-14.18185794	0.039465335248	0.0032494480000000003	2.1658752570000002e-05	0.0028713318	0.0	0.0	0.0	0.0	0.0
-14.144857940000001	0.17903661439000002	0.014737070000000001	9.82464559e-05	0.013026711	0.0	0.0	0.0	0.0	0.0
-14.10885794	0.6258721704000001	0.051521660000000004	0.0003434872263	0.045539316	0.0	0.0	0.0	0.0	0.0
-14.071857940000001	1.6863863126000003	0.1388334	0.000925650783	0.12271276999999998	0.0	0.0	0.0	0.0	0.0
-14.03585794	3.5032103909999996	0.2884165	0.0019225648629999999	0.25490831	0.0	0.0	0.0	0.0	0.0
-13.99885794	5.609620741	0.46191440000000006	0.00307945411	0.40821328999999995	0.0	0.0	0.0	0.0	0.0
-13.96285794	6.92916949	0.5704902000000001	0.0038047219399999998	0.50415758	0.0	0.0	0.0	0.0	0.0
-13.926857939999998	6.607008800000001	0.5439338	0.0036375879999999993	0.48105332	0.0	0.0	0.0	0.0	0.0
-13.889857939999999	4.899427	0.40381429999999996	0.002752795	0.35824888	0.0	0.0	0.0	0.0	0.0
-13.853857940000001	2.986657	0.2476758	0.001908687	0.22453069999999997	0.0	0.0	0.0	0.0	0.0
-13.816857939999998	2.00205	0.17073270000000002	0.00198357	0.1692966	0.0	0.0	0.0	0.0	0.0
-13.78085794	2.44122	0.21592229999999998	0.0035786810000000002	0.23740720000000004	0.0	0.0	0.0	0.0	0.0
-13.743857939999998	4.08137	0.365175	0.006607258	0.41353639999999997	0.0	0.0	0.0	0.0	0.0
-13.70785794	6.002700000000001	0.5380455	0.009863384999999999	0.6120610000000001	0.0	0.0	0.0	0.0	0.0
-13.670857940000001	6.9392700000000005	0.62217379	0.011424498	0.708287	0.0	0.0	0.0	0.0	0.0
-13.63485794	6.203749999999999	0.5560857100000001	0.010214987	0.633078	0.0	0.0	0.0	0.0	0.0
-13.59785794	4.276300000000001	0.38340837	0.007042854	0.4365208	0.0	0.0	0.0	0.0	0.0
-13.56185794	2.27321	0.20381505	0.003743456	0.2320405	0.0	0.0	0.0	0.0	0.0
-13.525857939999998	0.9315300000000002	0.08352286000000002	0.0015342836	0.0950955	0.0	0.0	0.0	0.0	0.0
-13.488857939999999	0.2943	0.026383647	0.0004846899	0.030041399999999996	0.0	0.0	0.0	0.0	0.0
-13.452857940000001	0.0716478	0.0064240686	0.00011799532	0.00731403	0.0	0.0	0.0	0.0	0.0
-13.415857939999999	0.013441	0.0012051691	2.2135092e-05	0.001372142	0.0	0.0	0.0	0.0	0.0
-13.37985794	0.00194276	0.00017416898	3.1995709e-06	0.0001983058	0.0	0.0	0.0	0.0	0.0
-13.342857939999998	0.00021628400000000002	1.9390402000000002e-05	3.5615034999999997e-07	2.207686e-05	0.0	0.0	0.0	0.0	0.0
-13.30685794	1.8541299999999998e-05	1.6622352000000002e-06	3.0534729e-08	1.8925280000000002e-06	0.0	0.0	0.0	0.0	0.0
-13.269857940000001	1.2235299999999998e-06	1.0970056e-07	2.0152204999999997e-09	1.248978e-07	0.0	0.0	0.0	0.0	0.0
-13.23385794	6.215969999999999e-08	5.5729948e-09	1.0236902000000001e-10	6.344419999999999e-09	0.0	0.0	0.0	0.0	0.0
-13.196857940000001	2.42938e-09	2.1781061e-10	4.001076e-12	2.479726000000001e-10	0.0	0.0	0.0	0.0	0.0
-13.16085794	7.30577e-11	6.5491054e-12	1.2031191000000002e-13	7.455940000000001e-12	0.0	0.0	0.0	0.0	0.0
-13.124857939999998	1.6893799999999998e-12	1.5146895e-13	2.7826724e-15	1.7246650000000002e-13	0.0	0.0	0.0	0.0	0.0
-13.08785794	3.03064e-14	2.7170621999999996e-15	4.990964e-17	3.093597e-15	0.0	0.0	0.0	0.0	0.0
-13.051857939999998	0.0	0.0	0.0	0.0	0.0	0.0	0.0	0.0	0.0
-13.014857939999999	0.0	0.0	0.0	0.0	0.0	0.0	0.0	0.0	0.0
-12.978857940000001	0.0	0.0	0.0	0.0	0.0	0.0	0.0	0.0	0.0
-12.941857939999998	0.0	0.0	0.0	0.0	0.0	0.0	0.0	0.0	0.0
-12.90585794	0.0	0.0	0.0	0.0	0.0	0.0	0.0	0.0	0.0
-12.868857939999998	0.0	0.0	0.0	0.0	0.0	0.0	0.0	0.0	0.0
-12.83285794	0.0	0.0	0.0	0.0	0.0	0.0	0.0	0.0	0.0
-12.795857940000001	0.0	0.0	0.0	0.0	0.0	0.0	0.0	0.0	0.0
-12.75985794	0.0	0.0	0.0	0.0	0.0	0.0	0.0	0.0	0.0
-12.72285794	0.0	0.0	0.0	0.0	0.0	0.0	0.0	0.0	0.0
-12.68685794	0.0	0.0	0.0	0.0	0.0	0.0	0.0	0.0	0.0
-12.650857939999998	0.0	0.0	0.0	0.0	0.0	0.0	0.0	0.0	0.0
-12.613857939999999	0.0	0.0	0.0	0.0	0.0	0.0	0.0	0.0	0.0
-12.577857940000001	0.0	0.0	0.0	0.0	0.0	0.0	0.0	0.0	0.0
-12.540857939999999	0.0	0.0	0.0	0.0	0.0	0.0	0.0	0.0	0.0
-12.50485794	0.0	0.0	0.0	0.0	0.0	0.0	0.0	0.0	0.0
-12.467857939999998	0.0	0.0	0.0	0.0	0.0	0.0	0.0	0.0	0.0
-12.43185794	0.0	0.0	0.0	0.0	0.0	0.0	0.0	0.0	0.0
-12.394857940000001	0.0	0.0	0.0	0.0	0.0	0.0	0.0	0.0	0.0
-12.35885794	0.0	0.0	0.0	0.0	0.0	0.0	0.0	0.0	0.0
-12.321857940000001	0.0	0.0	0.0	0.0	0.0	0.0	0.0	0.0	0.0
-12.28585794	0.0	0.0	0.0	0.0	0.0	0.0	0.0	0.0	0.0
-12.249857939999998	0.0	0.0	0.0	0.0	0.0	0.0	0.0	0.0	0.0
-12.21285794	0.0	0.0	0.0	0.0	0.0	0.0	0.0	0.0	0.0
-12.176857939999998	0.0	0.0	0.0	0.0	0.0	0.0	0.0	0.0	0.0
-12.139857939999999	0.0	0.0	0.0	0.0	0.0	0.0	0.0	0.0	0.0
-12.103857940000001	0.0	0.0	0.0	0.0	0.0	0.0	0.0	0.0	0.0
-12.066857939999998	0.0	0.0	0.0	0.0	0.0	0.0	0.0	0.0	0.0
-12.03085794	0.0	0.0	0.0	0.0	0.0	0.0	0.0	0.0	0.0
-11.993857939999998	0.0	0.0	0.0	0.0	0.0	0.0	0.0	0.0	0.0
-11.95785794	0.0	0.0	0.0	0.0	0.0	0.0	0.0	0.0	0.0
-11.920857940000001	0.0	0.0	0.0	0.0	0.0	0.0	0.0	0.0	0.0
-11.88485794	0.0	0.0	0.0	0.0	0.0	0.0	0.0	0.0	0.0
-11.848857939999998	0.0	0.0	0.0	0.0	0.0	0.0	0.0	0.0	0.0
-11.81185794	0.0	0.0	0.0	0.0	0.0	0.0	0.0	0.0	0.0
-11.775857939999998	0.0	0.0	0.0	0.0	0.0	0.0	0.0	0.0	0.0
-11.738857939999999	0.0	0.0	0.0	0.0	0.0	0.0	0.0	0.0	0.0
-11.702857940000001	0.0	0.0	0.0	0.0	0.0	0.0	0.0	0.0	0.0
-11.665857939999999	0.0	0.0	0.0	0.0	0.0	0.0	0.0	0.0	0.0
-11.62985794	0.0	0.0	0.0	0.0	0.0	0.0	0.0	0.0	0.0
-11.592857939999998	0.0	0.0	0.0	0.0	0.0	0.0	0.0	0.0	0.0
-11.55685794	0.0	0.0	0.0	0.0	0.0	0.0	0.0	0.0	0.0
-11.519857940000001	0.0	0.0	0.0	0.0	0.0	0.0	0.0	0.0	0.0
-11.48385794	0.0	0.0	0.0	0.0	0.0	0.0	0.0	0.0	0.0
-11.447857939999999	0.0	0.0	0.0	0.0	0.0	0.0	0.0	0.0	0.0
-11.41085794	0.0	0.0	0.0	0.0	0.0	0.0	0.0	0.0	0.0
-11.374857939999998	0.0	0.0	0.0	0.0	0.0	0.0	0.0	0.0	0.0
-11.33785794	0.0	0.0	0.0	0.0	0.0	0.0	0.0	0.0	0.0
-11.301857939999998	0.0	0.0	0.0	0.0	0.0	0.0	0.0	0.0	0.0
-11.264857939999999	0.0	0.0	0.0	0.0	0.0	0.0	0.0	0.0	0.0
-11.228857940000001	0.0	0.0	0.0	0.0	0.0	0.0	0.0	0.0	0.0
-11.191857939999998	0.0	0.0	0.0	0.0	0.0	0.0	0.0	0.0	0.0
-11.15585794	0.0	0.0	0.0	0.0	0.0	0.0	0.0	0.0	0.0
-11.118857939999998	0.0	0.0	0.0	0.0	0.0	0.0	0.0	0.0	0.0
-11.08285794	0.0	0.0	0.0	0.0	0.0	0.0	0.0	0.0	0.0
-11.046857939999999	0.0	0.0	0.0	0.0	0.0	0.0	0.0	0.0	0.0
-11.00985794	0.0	0.0	0.0	0.0	0.0	0.0	0.0	0.0	0.0
-10.973857939999998	0.0	0.0	0.0	0.0	0.0	0.0	0.0	0.0	0.0
-10.93685794	0.0	0.0	0.0	0.0	0.0	0.0	0.0	0.0	0.0
-10.900857939999998	0.0	0.0	0.0	0.0	0.0	0.0	0.0	0.0	0.0
-10.863857939999999	1.302693944e-15	4.831222e-16	3.57987915e-18	4.379838e-16	0.0	0.0	0.0	0.0	0.0
-10.827857940000001	1.0161808770000001e-13	3.768045e-14	2.7922278679999996e-16	3.4170370000000004e-14	0.0	0.0	0.0	0.0	0.0
-10.790857939999999	5.134954975999999e-12	1.904377e-12	1.411134934e-14	1.7265959999999998e-12	0.0	0.0	0.0	0.0	0.0
-10.75485794	2.0064214759999998e-10	7.44046e-11	5.513245499999999e-13	6.74633e-11	0.0	0.0	0.0	0.0	0.0
-10.717857939999998	6.02936454e-09	2.235804e-09	1.65682674e-11	2.0272830000000006e-09	0.0	0.0	0.0	0.0	0.0
-10.68185794	1.394104922e-07	5.1692699999999995e-08	3.83102618e-10	4.6869120000000006e-08	0.0	0.0	0.0	0.0	0.0
-10.644857940000001	2.480426546e-06	9.19804e-07	6.8154433799999995e-09	8.339164000000001e-07	0.0	0.0	0.0	0.0	0.0
-10.60885794	3.397236368e-05	1.2597650000000001e-05	9.335073649999998e-08	1.1422509999999998e-05	0.0	0.0	0.0	0.0	0.0
-10.572857939999999	0.00035824383429999997	0.00013283830000000003	9.843858320000001e-07	0.0001204399	0.0	0.0	0.0	0.0	0.0
-10.53585794	0.0029091311420000004	0.0010788159999999998	7.994838250000001e-06	0.000978125	0.0	0.0	0.0	0.0	0.0
-10.499857939999998	0.01820019479	0.006748655	5.00051992e-05	0.0061193689999999995	0.0	0.0	0.0	0.0	0.0
-10.46285794	0.0877119388	0.032523079999999996	0.0002410288414	0.029491200000000002	0.0	0.0	0.0	0.0	0.0
-10.426857939999998	0.3257834877	0.12080840000000001	0.000895173039	0.1095413	0.0	0.0	0.0	0.0	0.0
-10.389857939999999	0.932549984	0.34585959999999993	0.0025629186149999997	0.31359400000000004	0.0	0.0	0.0	0.0	0.0
-10.353857940000001	2.0583220439999996	0.763277	0.00565536297	0.6921241000000001	0.0	0.0	0.0	0.0	0.0
-10.316857939999998	3.502037773	1.298558	0.00962334964	1.177406	0.0	0.0	0.0	0.0	0.0
-10.28085794	4.594253717	1.703501	0.0126234711	1.5445859999999998	0.0	0.0	0.0	0.0	0.0
-10.243857939999998	4.64720559	1.7231760000000003	0.01276945592	1.56241	0.0	0.0	0.0	0.0	0.0
-10.20785794	3.6251673399999995	1.344359	0.009965678399999999	1.218982	0.0	0.0	0.0	0.0	0.0
-10.171857939999999	2.1853761000000005	0.8106359999999999	0.006035401299999999	0.7355250000000001	0.0	0.0	0.0	0.0	0.0
-10.13485794	1.0443639999999998	0.3886828	0.003037498	0.35567999999999994	0.0	0.0	0.0	0.0	0.0
-10.09885794	0.507514	0.19455660000000002	0.002121655	0.19022060000000002	0.0	0.0	0.0	0.0	0.0
-10.06185794	0.58752	0.2391048	0.0040389	0.2628174	0.0	0.0	0.0	0.0	0.0
-10.02585794	1.2756999999999998	0.5275329999999999	0.00973559	0.5965797	0.0	0.0	0.0	0.0	0.0
-9.988857939999999	2.48931	1.0312279000000002	0.01918555	1.1692523000000001	0.0	0.0	0.0	0.0	0.0
-9.95285794	3.7981299999999996	1.5736290999999998	0.0292958	1.784699	0.0	0.0	0.0	0.0	0.0
-9.91585794	4.4729	1.8534078999999999	0.0345122	2.102104	0.0	0.0	0.0	0.0	0.0
-9.879857939999999	4.063	1.6833143000000002	0.0313383	1.909369	0.0	0.0	0.0	0.0	0.0
-9.84285794	2.84552	1.1787997000000001	0.021950050000000002	1.3372225	0.0	0.0	0.0	0.0	0.0
-9.80685794	1.5363000000000002	0.6365177000000001	0.01185116	0.7220550999999998	0.0	0.0	0.0	0.0	0.0
-9.770857939999999	0.63955	0.26496637	0.00493347	0.3005106	0.0	0.0	0.0	0.0	0.0
-9.73385794	0.20520499999999997	0.08502333	0.0015831250000000003	0.09644295	0.0	0.0	0.0	0.0	0.0
-9.69785794	0.050754999999999995	0.021026611999999997	0.00039153	0.02385006	0.0	0.0	0.0	0.0	0.0
-9.66085794	0.009671599999999999	0.0040071533	7.46104e-05	0.004544495	0.0	0.0	0.0	0.0	0.0
-9.62485794	0.0014200000000000003	0.00058834484	1.095504e-05	0.0006673714999999999	0.0	0.0	0.0	0.0	0.0
-9.58785794	0.00016057499999999999	6.652323e-05	1.238717e-06	7.545886e-05	0.0	0.0	0.0	0.0	0.0
-9.55185794	1.39839e-05	5.7940415e-06	1.0788630000000001e-07	6.572106999999999e-06	0.0	0.0	0.0	0.0	0.0
-9.514857939999999	9.375999999999998e-07	3.8841134e-07	7.232259999999998e-09	4.405375e-07	0.0	0.0	0.0	0.0	0.0
-9.47885794	4.8382e-08	2.0043126999999997e-08	3.73245e-10	2.2735099999999997e-08	0.0	0.0	0.0	0.0	0.0
-9.44185794	1.92103e-09	7.959515e-10	1.481824e-11	9.026945e-10	0.0	0.0	0.0	0.0	0.0
-9.405857939999999	5.8683e-11	2.4314188000000002e-11	4.5271999999999996e-13	2.7573040000000002e-11	0.0	0.0	0.0	0.0	0.0
-9.36985794	1.38001e-12	5.717292700000001e-13	1.0644859999999998e-14	6.484448000000001e-13	0.0	0.0	0.0	0.0	0.0
-9.33285794	2.44656e-14	1.0136783e-14	1.887357e-16	1.1497571e-14	0.0	0.0	0.0	0.0	0.0
-9.296857939999999	0.0	0.0	0.0	0.0	0.0	0.0	0.0	0.0	0.0
-9.25985794	0.0	0.0	0.0	0.0	0.0	0.0	0.0	0.0	0.0
-9.22385794	0.0	0.0	0.0	0.0	0.0	0.0	0.0	0.0	0.0
-9.18685794	0.0	0.0	0.0	0.0	0.0	0.0	0.0	0.0	0.0
-9.15085794	0.0	0.0	0.0	0.0	0.0	0.0	0.0	0.0	0.0
-9.113857939999999	0.0	0.0	0.0	0.0	0.0	0.0	0.0	0.0	0.0
-9.07785794	0.0	0.0	0.0	0.0	0.0	0.0	0.0	0.0	0.0
-9.04085794	0.0	0.0	0.0	0.0	0.0	0.0	0.0	0.0	0.0
-9.004857939999999	0.0	0.0	0.0	0.0	0.0	0.0	0.0	0.0	0.0
-8.96785794	0.0	0.0	0.0	0.0	0.0	0.0	0.0	0.0	0.0
-8.93185794	0.0	0.0	0.0	0.0	0.0	0.0	0.0	0.0	0.0
-8.895857939999999	0.0	0.0	0.0	0.0	0.0	0.0	0.0	0.0	0.0
-8.85885794	0.0	0.0	0.0	0.0	0.0	0.0	0.0	0.0	0.0
-8.82285794	0.0	0.0	0.0	0.0	0.0	0.0	0.0	0.0	0.0
-8.78585794	0.0	0.0	0.0	0.0	0.0	0.0	0.0	0.0	0.0
-8.74985794	0.0	0.0	0.0	0.0	0.0	0.0	0.0	0.0	0.0
-8.71285794	0.0	0.0	0.0	0.0	0.0	0.0	0.0	0.0	0.0
-8.67685794	5.055428550000001e-16	8.10185e-16	1.348541e-17	8.8877502e-16	0.0	0.0	0.0	0.0	0.0
-8.639857939999999	2.07282571e-14	3.3215744e-14	5.529468e-16	3.6445004100000005e-14	0.0	0.0	0.0	0.0	0.0
-8.60385794	1.096623193e-12	1.7571905999999998e-12	2.9254580000000004e-14	1.92808747e-12	0.0	0.0	0.0	0.0	0.0
-8.56685794	4.464453210000001e-11	7.153842000000001e-11	1.190795e-12	7.8493663e-11	0.0	0.0	0.0	0.0	0.0
-8.530857939999999	1.3978368939999998e-09	2.239911e-09	3.7277760000000005e-11	2.4574627600000002e-09	0.0	0.0	0.0	0.0	0.0
-8.49485794	3.366933019999999e-08	5.395739e-08	8.98058e-10	5.92091751e-08	0.0	0.0	0.0	0.0	0.0
-8.45785794	6.241025250000001e-07	1.0001452e-06	1.6649069999999998e-08	1.097272e-06	0.0	0.0	0.0	0.0	0.0
-8.421857939999999	8.9050203e-06	1.4270769000000001e-05	2.3758840000000002e-07	1.56583739e-05	0.0	0.0	0.0	0.0	0.0
-8.38485794	9.78287525e-05	0.00015677226	2.609999e-06	0.00017200415	0.0	0.0	0.0	0.0	0.0
-8.34885794	0.0008276946739999999	0.0013262166	2.208017e-05	0.0014551872999999998	0.0	0.0	0.0	0.0	0.0
-8.31185794	0.005392890460000001	0.008641570000000001	0.0001438594	0.0094814968	0.0	0.0	0.0	0.0	0.0
-8.27585794	0.027073272899999997	0.04338704000000001	0.000722153	0.0475975531	0.0	0.0	0.0	0.0	0.0
-8.238857939999999	0.10473219159999998	0.16784606999999999	0.002793668	0.18417653699999997	0.0	0.0	0.0	0.0	0.0
-8.20285794	0.312328064	0.5004944	0.008330949999999998	0.5491932559999999	0.0	0.0	0.0	0.0	0.0
-8.16585794	0.7179730549999997	1.1504358000000003	0.01914888	1.26231087	0.0	0.0	0.0	0.0	0.0
-8.129857939999999	1.272146185	2.038737	0.03393699	2.2367967799999997	0.0	0.0	0.0	0.0	0.0
-8.09385794	1.738208817	2.7856114	0.04636704	3.0563384699999996	0.0	0.0	0.0	0.0	0.0
-8.05685794	1.83133434	2.9342362	0.04884546	3.22025012	0.0	0.0	0.0	0.0	0.0
-8.020857939999999	1.4874884009999998	2.3839055000000005	0.0396843	2.6158675199999997	0.0	0.0	0.0	0.0	0.0
-7.98385794	0.931813262	1.4930656	0.024849600000000003	1.63823817	0.0	0.0	0.0	0.0	0.0
-7.9478579400000005	0.44996104099999995	0.7209928	0.012001720000000002	0.7909976299999999	0.0	0.0	0.0	0.0	0.0
-7.91085794	0.1674828459	0.26840186000000005	0.004467656000000001	0.294449426	0.0	0.0	0.0	0.0	0.0
-7.87485794	0.04805137140000001	0.07700797	0.00128193	0.08450714999999999	0.0	0.0	0.0	0.0	0.0
-7.837857939999999	0.01062768002	0.017029969000000002	0.000283441	0.0186857971	0.0	0.0	0.0	0.0	0.0
-7.80185794	0.0018108282300000004	0.0029016638	4.830072999999999e-05	0.00318333323	0.0	0.0	0.0	0.0	0.0
-7.764857939999999	0.00023766204199999997	0.00038090528000000003	6.34014e-06	0.000417869247	0.0	0.0	0.0	0.0	0.0
-7.728857939999999	2.40251557e-05	3.849881300000001e-05	6.409439999999999e-07	4.22369091e-05	0.0	0.0	0.0	0.0	0.0
-7.69285794	1.86999756e-06	2.9967349e-06	4.9876929999999995e-08	3.2881082299999995e-06	0.0	0.0	0.0	0.0	0.0
-7.655857939999999	1.120415328e-07	1.7954833e-07	2.988631e-09	1.9700612500000004e-07	0.0	0.0	0.0	0.0	0.0
-7.619857939999999	5.166179179999999e-09	8.280498999999999e-09	1.3782619999999998e-10	9.085371300000001e-09	0.0	0.0	0.0	0.0	0.0
-7.58285794	1.83331935e-10	2.937292e-10	4.890302e-12	3.22305468e-10	0.0	0.0	0.0	0.0	0.0
-7.546857939999999	5.00283826e-12	8.017368999999998e-12	1.3346009999999998e-13	8.7970837e-12	0.0	0.0	0.0	0.0	0.0
-7.50985794	1.0516329389999998e-13	1.6851233e-13	2.80521e-15	1.84899449e-13	0.0	0.0	0.0	0.0	0.0
-7.47385794	2.02228242e-15	3.2408398e-15	5.395169e-17	3.555535869999999e-15	0.0	0.0	0.0	0.0	0.0
-7.4368579399999994	0.0	0.0	0.0	0.0	0.0	0.0	0.0	0.0	0.0
-7.40085794	0.0	0.0	0.0	0.0	0.0	0.0	0.0	0.0	0.0
-7.363857939999999	2.1573269999999996e-15	1.0548602970000001e-15	2.709855e-17	1.36306088e-15	0.0	0.0	0.0	0.0	0.0
-7.3278579399999995	1.359225e-13	6.64487967e-14	1.7075751e-15	8.5879527e-14	0.0	0.0	0.0	0.0	0.0
-7.29085794	6.7070800000000005e-12	3.2799225799999997e-12	8.427427999999999e-14	4.2372646e-12	0.0	0.0	0.0	0.0	0.0
-7.254857939999999	2.53844e-10	1.2413484089999998e-10	3.189775e-12	1.60388504e-10	0.0	0.0	0.0	0.0	0.0
-7.2188579399999995	7.3911400000000014e-09	3.6144365699999996e-09	9.285498999999999e-11	4.67028427e-09	0.0	0.0	0.0	0.0	0.0
-7.18185794	1.655844e-07	8.096638330000001e-08	2.080342e-09	1.04626072e-07	0.0	0.0	0.0	0.0	0.0
-7.145857939999999	2.85461e-06	1.395861332e-06	3.586885e-08	1.80365166e-06	0.0	0.0	0.0	0.0	0.0
-7.10885794	3.78817e-05	1.8525290600000003e-05	4.760055e-07	2.3930154e-05	0.0	0.0	0.0	0.0	0.0
-7.0728579400000005	0.000387082	0.00018928753	4.863419e-06	0.000244610709	0.0	0.0	0.0	0.0	0.0
-7.03585794	0.00304627	0.001489695891	3.82701e-05	0.00192475125	0.0	0.0	0.0	0.0	0.0
-6.99985794	0.018465660000000002	0.0090302939	0.0002319722	0.0116665931	0.0	0.0	0.0	0.0	0.0
-6.962857939999999	0.0862415	0.04217748169999999	0.0010837239999999999	0.0545061649	0.0	0.0	0.0	0.0	0.0
-6.92685794	0.3104430000000001	0.1518113062	0.0039003429999999997	0.196153773	0.0	0.0	0.0	0.0	0.0
-6.889857939999999	0.8613199999999999	0.421155614	0.010821484	0.54415244	0.0	0.0	0.0	0.0	0.0
-6.853857939999999	1.8420760000000003	0.9008323770000001	0.02314579	1.16394227	0.0	0.0	0.0	0.0	0.0
-6.81785794	3.03761	1.485385873	0.03816136	1.9192061899999997	0.0	0.0	0.0	0.0	0.0
-6.780857939999999	3.8613500000000003	1.8884793699999998	0.04851943999999999	2.4397700999999996	0.0	0.0	0.0	0.0	0.0
-6.744857939999999	3.7852700000000006	1.8516240099999999	0.047564379999999996	2.3925033	0.0	0.0	0.0	0.0	0.0
-6.70785794	2.8618400000000004	1.4025758999999998	0.035984260000000004	1.8111459099999998	0.0	0.0	0.0	0.0	0.0
-6.671857939999999	1.6693769999999999	0.8351424700000001	0.02111732	1.07189523	0.0	0.0	0.0	0.0	0.0
-6.63485794	0.757331	0.45808540000000003	0.010180663000000001	0.5579577000000001	0.0	0.0	0.0	0.0	0.0
-6.59885794	0.28828800000000004	0.455556	0.006006368	0.4668882	0.0	0.0	0.0	0.0	0.0
-6.5618579399999994	0.14875080000000004	0.9421817	0.008459799	0.8812000200000001	0.0	0.0	0.0	0.0	0.0
-6.52585794	0.1835835	1.9422974	0.016350780999999998	1.79313538	0.0	0.0	0.0	0.0	0.0
-6.488857939999999	0.280444472	3.1806684999999995	0.026596881799999996	2.9325985500000002	0.0	0.0	0.0	0.0	0.0
-6.4528579399999995	0.35262712399999996	4.0274656	0.033655488	3.71292979	0.0	0.0	0.0	0.0	0.0
-6.41685794	0.3441587415	3.9334998	0.03286641055	3.62628185	0.0	0.0	0.0	0.0	0.0
-6.379857939999999	0.25916717669999995	2.9622915	0.02475281155	2.7307693299999998	0.0	0.0	0.0	0.0	0.0
-6.3438579399999995	0.15046777924	1.7198896000000001	0.01437264023	1.5856949699999996	0.0	0.0	0.0	0.0	0.0
-6.30685794	0.06735567546900001	0.76996482	0.006434125129999999	0.7097800599999999	0.0	0.0	0.0	0.0	0.0
-6.270857939999999	0.023246577641999996	0.26570669	0.002220197749	0.244943084	0.0	0.0	0.0	0.0	0.0
-6.23385794	0.0061831536246	0.070665913	0.000590536187	0.065153552	0.0	0.0	0.0	0.0	0.0
-6.1978579400000005	0.0012672914927	0.0144847127	0.0001210390807	0.013355330799999999	0.0	0.0	0.0	0.0	0.0
-6.16085794	0.00020012697181999998	0.0022874977	1.911561587e-05	0.00210887418	0.0	0.0	0.0	0.0	0.0
-6.12485794	2.4344604867e-05	0.00027825536999999997	2.334666311e-06	0.00025652531	0.0	0.0	0.0	0.0	0.0
-6.087857939999999	2.2805566676999997e-06	2.6067115e-05	4.344944520000001e-07	2.40319194e-05	0.0	0.0	0.0	0.0	0.0
-6.05185794	1.6449911216e-07	1.8991235000000003e-06	3.8708967e-06	1.76071604e-06	0.0	0.0	0.0	0.0	0.0
-6.01585794	9.154685517999998e-09	3.6406158e-07	5.280923999999999e-05	4.7170942e-07	0.0	0.0	0.0	0.0	0.0
-5.978857939999999	6.3375951e-10	2.7430100200000006e-06	0.00055690224	3.9640675e-06	0.0	0.0	0.0	0.0	0.0
-5.94285794	2.1191176999999997e-09	2.2249030200000002e-05	0.004522837699999999	3.21666167e-05	0.0	0.0	0.0	0.0	0.0
-5.905857939999999	1.7008450000000004e-08	0.000139130964	0.028296505799999996	0.00020117205	0.0	0.0	0.0	0.0	0.0
-5.869857939999999	1.699257e-07	0.0006708338000000001	0.136388404	0.00096990456	0.0	0.0	0.0	0.0	0.0
-5.83285794	2.184423e-06	0.00249321351	0.5065333099999999	0.0036036163	0.0	0.0	0.0	0.0	0.0
-5.796857939999999	2.73702e-05	0.007151730499999999	1.4503405800000002	0.010331257699999999	0.0	0.0	0.0	0.0	0.0
-5.75985794	0.00028146	0.015938439	3.20052351	0.0229480015	0.0	0.0	0.0	0.0	0.0
-5.72385794	0.00226101	0.028335227	5.4463421	0.040225428	0.0	0.0	0.0	0.0	0.0
-5.6868579399999994	0.01403335	0.04478228000000001	7.144845800000001	0.06011607999999999	0.0	0.0	0.0	0.0	0.0
-5.65085794	0.06715420000000001	0.08172444999999999	7.2290872	0.09594522000000001	0.0	0.0	0.0	0.0	0.0
-5.613857939999999	0.2476942	0.19801484000000003	5.639782399999999	0.20437309	0.0	0.0	0.0	0.0	0.0
-5.5778579399999995	0.70414	0.5007353999999999	3.3948965999999996	0.49117564999999996	0.0	0.0	0.0	0.0	0.0
-5.54185794	1.5432889999999997	1.0685796	1.5828015899999999	1.0346762	0.0	0.0	0.0	0.0	0.0
-5.504857939999999	2.6074360000000003	1.795293	0.58025166	1.73340365	0.0	0.0	0.0	0.0	0.0
-5.4688579399999995	3.396727	2.3358553	0.17862366000000005	2.25405745	0.0	0.0	0.0	0.0	0.0
-5.43185794	3.412078000000001	2.3457674	0.056847840000000004	2.26324255	0.0	0.0	0.0	0.0	0.0
-5.395857939999999	2.642758	1.8168505	0.02394682	1.75295043	0.0	0.0	0.0	0.0	0.0
-5.35885794	1.5798900000000002	1.0866373	0.011780440000000001	1.04824156	0.0	0.0	0.0	0.0	0.0
-5.3228579400000005	0.7374109999999998	0.5099545	0.00525665	0.49144602000000004	0.0	0.0	0.0	0.0	0.0
-5.28585794	0.3098868	0.22747820000000002	0.002229484	0.21678312	0.0	0.0	0.0	0.0	0.0
-5.24985794	0.263631	0.23474746	0.002026715	0.21662025000000001	0.0	0.0	0.0	0.0	0.0
-5.212857939999999	0.5673457699999999	0.5432230100000001	0.004485231399999999	0.49580339	0.0	0.0	0.0	0.0	0.0
-5.17685794	1.2212132710000003	1.177329253	0.00967971195	1.073529297	0.0	0.0	0.0	0.0	0.0
-5.14085794	2.0731198195999996	1.999610238	0.016436234137000003	1.82337715	0.0	0.0	0.0	0.0	0.0
-5.103857939999999	2.7180940876	2.622104374	0.021548770539999998	2.3902242949999994	0.0	0.0	0.0	0.0	0.0
-5.06785794	2.7481084863200005	2.65063037	0.021786790338000003	2.416324683	0.0	0.0	0.0	0.0	0.0
-5.030857939999999	2.1425262866600003	2.0665030669999997	0.016984059481	1.8843371508999998	0.0	0.0	0.0	0.0	0.0
-4.994857939999999	1.2878337638600001	1.2421646415	0.010209966506400001	1.1326183835	0.0	0.0	0.0	0.0	0.0
-4.95785794	0.59680374398	0.5756933973	0.0047314728327	0.5248713965	0.0	0.0	0.0	0.0	0.0
-4.921857939999999	0.213205622974	0.20565900619999997	0.0016903643063	0.18752216263000002	0.0	0.0	0.0	0.0	0.0
-4.88485794	0.058717671551	0.05663429924	0.00046541278574	0.05162835023	0.0	0.0	0.0	0.0	0.0
-4.84885794	0.012458436407399999	0.012016116206	9.877165723599999e-05	0.010956848954	0.0	0.0	0.0	0.0	0.0
-4.8118579399999994	0.0020368859521799998	0.001964669015	1.6149474321e-05	0.0017915464054	0.0	0.0	0.0	0.0	0.0
-4.77585794	0.000256528749653	0.00024741272780000003	2.0337478007e-06	0.0002256131903	0.0	0.0	0.0	0.0	0.0
-4.73985794	2.48830727122e-05	2.400047239e-05	1.9726897595e-07	2.188738349e-05	0.0	0.0	0.0	0.0	0.0
-4.7028579399999995	1.8583054298999998e-06	1.7925459256e-06	1.4731809744999998e-08	1.6343567186999998e-06	0.0	0.0	0.0	0.0	0.0
-4.66685794	1.0683131215299998e-07	1.0305005320999999e-07	8.469617877599999e-10	9.395698591000001e-08	0.0	0.0	0.0	0.0	0.0
-4.629857939999999	4.7259138113000004e-09	4.558561354e-09	3.7470205595e-11	4.156732031e-09	0.0	0.0	0.0	0.0	0.0
-4.5938579399999995	1.60884470172e-10	1.5518548013000003e-10	1.27543175798e-12	1.4149844914000001e-10	0.0	0.0	0.0	0.0	0.0
-4.55685794	4.2124223192e-12	4.064208213e-12	3.3398062178999996e-14	3.705687585e-12	0.0	0.0	0.0	0.0	0.0
-4.520857939999999	1.0409207594600002e-13	1.732968e-13	9.954360784999999e-16	1.4969677999999998e-13	0.0	0.0	0.0	0.0	0.0
-4.48385794	9.8730823517e-13	4.6686639999999995e-12	1.65052564101e-14	3.832707e-12	0.0	0.0	0.0	0.0	0.0
-4.4478579400000005	3.852024975799999e-11	1.8236895000000001e-10	6.44498249428e-13	1.497329e-10	0.0	0.0	0.0	0.0	0.0
-4.41085794	1.1580496071800001e-09	5.483169e-09	1.93746774971e-11	4.500955e-09	0.0	0.0	0.0	0.0	0.0
-4.37485794	2.6779247188000002e-08	1.2679516e-07	4.4806237339499993e-10	1.0408203000000001e-07	0.0	0.0	0.0	0.0	0.0
-4.3388579400000005	4.7662641546999997e-07	2.2565842e-06	7.97445908621e-09	1.8524820000000002e-06	0.0	0.0	0.0	0.0	0.0
-4.30185794	6.5290496985e-06	3.0919139999999996e-05	1.092438322723e-07	2.5380570000000004e-05	0.0	0.0	0.0	0.0	0.0
-4.26585794	6.888155048300001e-05	0.0003260728	1.1523528458899999e-06	0.0002677128	0.0	0.0	0.0	0.0	0.0
-4.228857939999999	0.0005595329677199998	0.0026492787	9.36127262203e-06	0.002174715	0.0	0.0	0.0	0.0	0.0
-4.19285794	0.0035009099306000002	0.016580100000000004	5.8580492666900004e-05	0.013607609999999997	0.0	0.0	0.0	0.0	0.0
-4.155857939999999	0.0168789231029	0.07991421	0.00028240670930300004	0.06560387	0.0	0.0	0.0	0.0	0.0
-4.119857939999999	0.062703986196	0.2968823	0.001049131805985	0.24369479999999996	0.0	0.0	0.0	0.0	0.0
-4.08285794	0.17958069283200004	0.8503295000000001	0.00300453316244	0.6980259000000001	0.0	0.0	0.0	0.0	0.0
-4.046857939999999	0.39636597812999996	1.8766193999999996	0.00663146756674	1.5407499999999998	0.0	0.0	0.0	0.0	0.0
-4.00985794	0.67465189926	3.194572	0.01128813636805	2.6219940000000004	0.0	0.0	0.0	0.0	0.0
-3.9738579400000003	0.8852799257599999	4.192058	0.014811640731499999	3.4409539999999996	0.0	0.0	0.0	0.0	0.0
-3.937857939999999	0.8956923649199999	4.240571	0.014985959798899998	3.4817480000000005	0.0	0.0	0.0	0.0	0.0
-3.90085794	0.6987829339599998	3.308674999999999	0.011691655524930001	2.716107	0.0	0.0	0.0	0.0	0.0
-3.8648579400000003	0.42042501230000007	1.990407	0.00703291475124	1.6337949999999999	0.0	0.0	0.0	0.0	0.0
-3.8278579399999995	0.19493749357600007	0.9229051999999999	0.0032615280484999997	0.7576668	0.0	0.0	0.0	0.0	0.0
-3.79185794	0.06968809292599999	0.3299253	0.001166565137	0.27090430000000004	0.0	0.0	0.0	0.0	0.0
-3.754857939999999	0.01924781669	0.0909708	0.00032991496	0.07470167999999999	0.0	0.0	0.0	0.0	0.0
-3.7188579399999995	0.004505672099999999	0.01974927	0.00017224419999999999	0.016436819999999998	0.0	0.0	0.0	0.0	0.0
-3.6818579400000004	0.0038102222999999995	0.0063773300000000005	0.0009863524	0.00690161	0.0	0.0	0.0	0.0	0.0
-3.645857939999999	0.017877459	0.018625290000000003	0.0070873989999999994	0.02472473	0.0	0.0	0.0	0.0	0.0
-3.60885794	0.07761084	0.07959930000000001	0.03985411	0.10651974	0.0	0.0	0.0	0.0	0.0
-3.5728579400000005	0.2609143500000001	0.2676484	0.17339429999999997	0.3582769	0.0	0.0	0.0	0.0	0.0
-3.5358579399999996	0.6760295000000002	0.694168	0.5832392000000001	0.9292122	0.0	0.0	0.0	0.0	0.0
-3.49985794	1.3504652	1.388426	1.515409	1.8589259999999999	0.0	0.0	0.0	0.0	0.0
-3.4638579400000005	2.0801193000000002	2.14187	3.041034	2.8680570000000003	0.0	0.0	0.0	0.0	0.0
-3.4268579399999997	2.4701232	2.5487919999999997	4.711637	3.4137090000000003	0.0	0.0	0.0	0.0	0.0
-3.39085794	2.2616033	2.340516	5.635702	3.135243	0.0	0.0	0.0	0.0	0.0
-3.3538579399999993	1.5967717	1.6585130000000001	5.200451	2.222234	0.0	0.0	0.0	0.0	0.0
-3.3178579399999997	0.8692335	0.907099	3.70365	1.215897	0.0	0.0	0.0	0.0	0.0
-3.280857939999999	0.3648101999999999	0.3830726	2.034192	0.5137299	0.0	0.0	0.0	0.0	0.0
-3.2448579399999993	0.11802784	0.12493790000000002	0.861882	0.16764089999999998	0.0	0.0	0.0	0.0	0.0
-3.2078579400000002	0.029427707	0.03147714	0.281508	0.04227018	0.0	0.0	0.0	0.0	0.0
-3.171857939999999	0.005654138	0.0061302100000000005	0.07089013	0.008240049	0.0	0.0	0.0	0.0	0.0
-3.13485794	0.0008370449999999999	0.000923601	0.013758810000000002	0.001243227	0.0	0.0	0.0	0.0	0.0
-3.0988579400000003	9.558004999999999e-05	0.0001079951	0.00205735	0.0001454357	0.0	0.0	0.0	0.0	0.0
-3.062857939999999	1.054468e-05	1.410385e-05	0.0002369934	1.64407e-05	0.0	0.0	0.0	0.0	0.0
-3.02585794	2.8050593099999998e-05	5.6190667e-05	2.107134e-05	4.2694175999999996e-05	0.0	0.0	0.0	0.0	0.0
-2.9898579400000003	0.00026896813954	0.00054324189	1.8697580000000002e-06	0.000408831575	0.0	0.0	0.0	0.0	0.0
-2.9528579399999995	0.0020269107128700003	0.004093350000000001	3.3429648000000002e-06	0.00308044799	0.0	0.0	0.0	0.0	0.0
-2.91685794	0.0117665878386	0.02376678	1.8970070900000002e-05	0.017883099700000002	0.0	0.0	0.0	0.0	0.0
-2.879857939999999	0.052642058618900006	0.106310618	8.484163450000001e-05	0.08000482600000001	0.0	0.0	0.0	0.0	0.0
-2.8438579399999995	0.181474891734	0.36653155000000004	0.00029257490400000005	0.275790514	0.0	0.0	0.0	0.0	0.0
-2.8068579400000004	0.48219236916099995	0.97398865	0.000777250328	0.73287446	0.0	0.0	0.0	0.0	0.0
-2.770857939999999	0.9878498542299998	1.9951394	0.001592248876	1.50118305	0.0	0.0	0.0	0.0	0.0
-2.73385794	1.56022766534	3.1510553	0.0025148199500000003	2.37125965	0.0	0.0	0.0	0.0	0.0
-2.6978579400000005	1.90009933569	3.8373861000000007	0.0030618438400000004	2.8877044499999998	0.0	0.0	0.0	0.0	0.0
-2.661857939999999	1.7840087661400001	3.6031918	0.00287585595	2.7114255099999998	0.0	0.0	0.0	0.0	0.0
-2.62485794	1.2917313469799998	2.6086529	0.00208203083	1.96301008	0.0	0.0	0.0	0.0	0.0
-2.5888579400000005	0.7209895426499999	1.4562439	0.001162170771	1.09588783	0.0	0.0	0.0	0.0	0.0
-2.5518579399999997	0.310329525199	0.62678068	0.000500115614	0.471627304	0.0	0.0	0.0	0.0	0.0
-2.51585794	0.102949805857	0.20792548	0.00016594042670000001	0.156471358	0.0	0.0	0.0	0.0	0.0
-2.4788579399999993	0.0263241293148	0.053163369999999995	4.242186720000001e-05	0.0400044728	0.0	0.0	0.0	0.0	0.0
-2.4428579399999997	0.00518676547986	0.010475833499999998	8.3594687e-06	0.0078820735	0.0	0.0	0.0	0.0	0.0
-2.405857939999999	0.0007874188687500001	0.0015900213	1.269057093e-06	0.00119661402	0.0	0.0	0.0	0.0	0.0
-2.3698579399999993	9.206945234900002e-05	0.00018592562	1.483940045e-07	0.00013991895299999998	0.0	0.0	0.0	0.0	0.0
-2.3328579400000002	8.288680730900001e-06	1.674194e-05	1.336213484e-08	1.2598255500000001e-05	0.0	0.0	0.0	0.0	0.0
-2.296857939999999	5.7475182409e-07	1.16067402e-06	9.263273970000001e-10	8.733724599999999e-07	0.0	0.0	0.0	0.0	0.0
-2.2608579399999993	3.06659506656e-08	6.193481399999999e-08	4.9428458e-11	4.66076605e-08	0.0	0.0	0.0	0.0	0.0
-2.2238579400000003	1.2593361869100003e-09	2.5431933e-09	2.02966062e-12	1.9137061999999996e-09	0.0	0.0	0.0	0.0	0.0
-2.187857939999999	3.978239547379999e-11	8.0347055e-11	6.411958360000001e-14	6.045318699999999e-11	0.0	0.0	0.0	0.0	0.0
-2.15085794	9.664587486899995e-13	1.9519722e-12	1.5577948750000001e-15	1.46882147e-12	0.0	0.0	0.0	0.0	0.0
-2.1148579399999994	1.88262925002e-14	3.8019803e-14	3.0345246799999994e-17	2.86132268e-14	0.0	0.0	0.0	0.0	0.0
-2.0778579399999995	0.0	0.0	0.0	0.0	0.0	0.0	0.0	0.0	0.0
-2.04185794	0.0	0.0	0.0	0.0	0.0	0.0	0.0	0.0	0.0
-2.00485794	0.0	0.0	0.0	0.0	0.0	0.0	0.0	0.0	0.0
-1.9688579399999995	0.0	0.0	0.0	0.0	0.0	0.0	0.0	0.0	0.0
-1.9318579399999996	0.0	0.0	0.0	0.0	0.0	0.0	0.0	0.0	0.0
-1.89585794	0.0	0.0	0.0	0.0	0.0	0.0	0.0	0.0	0.0
-1.85885794	0.0	0.0	0.0	0.0	0.0	0.0	0.0	0.0	0.0
-1.8228579399999996	0.0	0.0	0.0	0.0	0.0	0.0	0.0	0.0	0.0
-1.78685794	0.0	0.0	0.0	0.0	0.0	0.0	0.0	0.0	0.0
-1.74985794	0.0	0.0	0.0	0.0	0.0	0.0	0.0	0.0	0.0
-1.7138579399999996	0.0	0.0	0.0	0.0	0.0	0.0	0.0	0.0	0.0
-1.6768579399999997	0.0	0.0	0.0	0.0	0.0	0.0	0.0	0.0	0.0
-1.64085794	0.0	0.0	0.0	0.0	0.0	0.0	0.0	0.0	0.0
-1.6038579399999993	0.0	0.0	0.0	0.0	0.0	0.0	0.0	0.0	0.0
-1.5678579399999997	0.0	0.0	0.0	0.0	0.0	0.0	0.0	0.0	0.0
-1.5308579399999998	0.0	0.0	0.0	0.0	0.0	0.0	0.0	0.0	0.0
-1.4948579399999993	2.6552168e-22	6.9657406791e-18	1.406939473859e-15	1.0023168860000002e-17	0.0	0.0	0.0	0.0	0.0
-1.4578579399999994	9.557496000000001e-21	2.5075894457399997e-16	5.0666489060500003e-14	3.6079703883e-16	0.0	0.0	0.0	0.0	0.0
-1.4218579399999998	5.163887e-19	1.3547840222600002e-14	2.7365348114000002e-12	1.9493226125999998e-14	0.0	0.0	0.0	0.0	0.0
-1.3858579399999993	2.1175046e-17	5.555956501400001e-13	1.122243973345e-10	7.9933830137e-13	0.0	0.0	0.0	0.0	0.0
-1.3488579399999994	6.680609e-16	1.75275320422e-11	3.5401862237999996e-09	2.5217292603e-11	0.0	0.0	0.0	0.0	0.0
-1.3128579399999998	1.6211151000000002e-14	4.2537426295e-10	8.592655107760001e-08	6.120857619699999e-10	0.0	0.0	0.0	0.0	0.0
-1.2758579399999999	3.0278936e-13	7.944173590199998e-09	1.60455082099e-06	1.1429822905e-08	0.0	0.0	0.0	0.0	0.0
-1.2398579399999994	4.3524757e-12	1.14184338961e-07	2.30639805551e-05	1.6429227304000003e-07	0.0	0.0	0.0	0.0	0.0
-1.2028579399999995	4.81689e-11	1.26374075171e-06	0.000255252648816	1.8182992352999997e-06	0.0	0.0	0.0	0.0	0.0
-1.1668579399999999	4.1050002999999996e-10	1.07708719725e-05	0.00217536682513	1.5496534614e-05	0.0	0.0	0.0	0.0	0.0
-1.12985794	2.6949261e-09	7.0713009949e-05	0.01428051511101	0.00010173369290999999	0.0	0.0	0.0	0.0	0.0
-1.0938579399999995	1.3630575e-08	0.00035761506172999995	0.0722347270056	0.00051445448167	0.0	0.0	0.0	0.0	0.0
-1.0568579399999996	5.312162e-08	0.0013937591384900001	0.28152049499299997	0.0020053457736	0.0	0.0	0.0	0.0	0.0
-1.02085794	1.5962728000000001e-07	0.004187552432	0.8456654869849999	0.0060244473475	0.0	0.0	0.0	0.0	0.0
-0.9848579399999995	3.6955446e-07	0.009696008785300001	1.95826544327	0.013949820164000001	0.0	0.0	0.0	0.0	0.0
-0.9478579399999996	6.597083e-07	0.0173083013942	3.4959261475	0.024902641704	0.0	0.0	0.0	0.0	0.0
-0.91185794	9.079581000000001e-07	0.0238224107469	4.8129284623599995	0.034276298707000004	0.0	0.0	0.0	0.0	0.0
-0.8748579400000001	9.637227e-07	0.0252839553084	5.10727902763	0.036377105086	0.0	0.0	0.0	0.0	0.0
-0.8388579399999996	7.886521000000001e-07	0.0206922059292	4.1786082667899995	0.029770092285	0.0	0.0	0.0	0.0	0.0
-0.8018579399999997	4.975986e-07	0.0130556552168	2.6369852329	0.018784921387	0.0	0.0	0.0	0.0	0.0
-0.7658579400000001	2.4214501e-07	0.006351446032	1.2830651577	0.009140294771999999	0.0	0.0	0.0	0.0	0.0
-0.7288579399999993	9.106648e-08	0.00239161959	0.482958817	0.00344090599	0.0	0.0	0.0	0.0	0.0
-0.6928579399999997	2.811257e-08	0.0007535405	0.15226306	0.0010847811000000002	0.0	0.0	0.0	0.0	0.0
-0.6558579399999998	1.557944e-08	0.0004917718000000001	0.09965260000000001	0.0007108030000000001	0.0	0.0	0.0	0.0	0.0
-0.6198579399999993	4.00515e-08	0.0013838359999999998	0.28082969999999996	0.002004156	0.0	0.0	0.0	0.0	0.0
-0.5838579399999997	1.2088081000000003e-07	0.004201277	0.8526765000000001	0.006085289	0.0	0.0	0.0	0.0	0.0
-0.5468579399999998	2.877913e-07	0.010004325	2.030315	0.014491689999999998	0.0	0.0	0.0	0.0	0.0
-0.5108579399999993	5.287879000000001e-07	0.018382	3.7304159999999995	0.02662594	0.0	0.0	0.0	0.0	0.0
-0.47385793999999937	7.491322e-07	0.02604293	5.286033	0.037718720000000004	0.0	0.0	0.0	0.0	0.0
-0.4378579399999998	8.184569e-07	0.0284493	5.773944999999999	0.04120971	0.0	0.0	0.0	0.0	0.0
-0.40085793999999986	6.892591e-07	0.02396246	4.862806	0.03470595	0.0	0.0	0.0	0.0	0.0
-0.3648579399999994	4.476534e-07	0.01556179	3.158262	0.02254064	0.0	0.0	0.0	0.0	0.0
-0.32785793999999946	2.2416460000000003e-07	0.007791893	1.581453	0.011285254000000002	0.0	0.0	0.0	0.0	0.0
-0.29185793999999987	8.652686e-08	0.0030078700000000006	0.6104858	0.004356273999999999	0.0	0.0	0.0	0.0	0.0
-0.25485793999999995	2.574478e-08	0.0008949864	0.1816335	0.001296247	0.0	0.0	0.0	0.0	0.0
-0.21885793999999947	5.903896000000001e-09	0.00020521990000000004	0.04164847	0.00029723600000000004	0.0	0.0	0.0	0.0	0.0
-0.18185793999999955	1.0429879e-09	3.626153e-05	0.007359526999999999	5.2522489999999997e-05	0.0	0.0	0.0	0.0	0.0
-0.14585793999999996	1.4197670000000002e-10	4.934964e-06	0.0010017484	7.148633e-06	0.0	0.0	0.0	0.0	0.0
-0.10985793999999949	1.4886462e-11	5.174481e-07	0.00010500351000000002	7.494608000000001e-07	0.0	0.0	0.0	0.0	0.0
-0.07285793999999957	1.2016369000000001e-12	4.176941e-08	8.476901e-06	6.051153e-08	0.0	0.0	0.0	0.0	0.0
-0.03685793999999998	7.466053e-14	2.595715e-09	5.268483000000001e-07	3.759665e-09	0.0	0.0	0.0	0.0	0.0
0.0001420599999999439	3.571159e-15	1.2413780000000002e-10	2.51953e-08	1.798103e-10	0.0	0.0	0.0	0.0	0.0
0.03614206000000042	1.314236e-16	4.569015e-12	9.271812e-10	6.617899e-12	0.0	0.0	0.0	0.0	0.0
0.07314206000000034	3.720278e-18	1.293319e-13	2.6247559999999997e-11	1.873093e-13	0.0	0.0	0.0	0.0	0.0
0.10914205999999993	8.111274e-20	2.8196039999999996e-15	5.722195000000001e-13	4.084245999999999e-15	0.0	0.0	0.0	0.0	0.0
0.14614206000000074	1.3442447e-21	4.673041e-17	9.484373e-15	6.768353e-17	0.0	0.0	0.0	0.0	0.0
0.18214206000000033	0.0	0.0	0.0	0.0	0.0	0.0	0.0	0.0	0.0
0.21914206000000025	0.0	0.0	0.0	0.0	0.0	0.0	0.0	0.0	0.0
0.2551420600000007	0.0	0.0	0.0	0.0	0.0	0.0	0.0	0.0	0.0
0.2911420600000003	0.0	0.0	0.0	0.0	0.0	0.0	0.0	0.0	0.0
0.32814206000000024	0.0	0.0	0.0	0.0	0.0	0.0	0.0	0.0	0.0
0.3641420600000007	0.0	0.0	0.0	0.0	0.0	0.0	0.0	0.0	0.0
0.40114206000000063	0.0	0.0	0.0	0.0	0.0	0.0	0.0	0.0	0.0
0.4371420600000002	0.0	0.0	0.0	0.0	0.0	0.0	0.0	0.0	0.0
0.47414206000000014	0.0	0.0	0.0	0.0	0.0	0.0	0.0	0.0	0.0
0.5101420600000006	0.0	0.0	0.0	0.0	0.0	0.0	0.0	0.0	0.0
0.5471420600000005	0.0	0.0	0.0	0.0	0.0	0.0	0.0	0.0	0.0
0.5831420600000001	0.0	0.0	0.0	0.0	0.0	0.0	0.0	0.0	0.0
0.62014206	0.0	0.0	0.0	0.0	0.0	0.0	0.0	0.0	0.0
0.6561420600000005	0.0	0.0	0.0	0.0	0.0	0.0	0.0	0.0	0.0
0.6921420600000001	0.0	0.0	0.0	0.0	0.0	0.0	0.0	0.0	0.0
0.72914206	0.0	0.0	0.0	0.0	0.0	0.0	0.0	0.0	0.0
0.7651420600000005	0.0	0.0	0.0	0.0	0.0	0.0	0.0	0.0	0.0
0.8021420600000004	0.0	0.0	0.0	0.0	0.0	0.0	0.0	0.0	0.0
0.83814206	0.0	0.0	0.0	0.0	0.0	0.0	0.0	0.0	0.0
0.8751420599999999	0.0	0.0	0.0	0.0	0.0	0.0	0.0	0.0	0.0
0.9111420600000004	0.0	0.0	0.0	0.0	0.0	0.0	0.0	0.0	0.0
0.9481420600000003	0.0	0.0	0.0	0.0	0.0	0.0	0.0	0.0	0.0
0.9841420599999999	0.0	0.0	0.0	0.0	0.0	0.0	0.0	0.0	0.0
1.0211420600000007	0.0	0.0	0.0	0.0	0.0	0.0	0.0	0.0	0.0
1.0571420600000003	0.0	0.0	0.0	0.0	0.0	0.0	0.0	0.0	0.0
1.09314206	0.0	0.0	0.0	0.0	0.0	0.0	0.0	0.0	0.0
1.1301420600000007	0.0	0.0	0.0	0.0	0.0	0.0	0.0	0.0	0.0
1.1661420600000003	0.0	0.0	0.0	0.0	0.0	0.0	0.0	0.0	0.0
1.2031420600000002	0.0	0.0	0.0	0.0	0.0	0.0	0.0	0.0	0.0
1.2391420600000007	0.0	0.0	0.0	0.0	0.0	0.0	0.0	0.0	0.0
1.2761420600000006	0.0	0.0	0.0	0.0	0.0	0.0	0.0	0.0	0.0
1.3121420600000002	0.0	0.0	0.0	0.0	0.0	0.0	0.0	0.0	0.0
1.3491420600000001	0.0	0.0	0.0	0.0	0.0	0.0	0.0	0.0	0.0
1.3851420600000006	0.0	0.0	0.0	0.0	0.0	0.0	0.0	0.0	0.0
1.4221420600000005	0.0	0.0	0.0	0.0	0.0	0.0	0.0	0.0	0.0
1.4581420600000001	0.0	0.0	0.0	0.0	0.0	0.0	0.0	0.0	0.0
1.4941420600000006	0.0	0.0	0.0	0.0	0.0	0.0	0.0	0.0	0.0
1.5311420600000005	0.0	0.0	0.0	0.0	0.0	0.0	0.0	0.0	0.0
1.5671420600000001	0.0	0.0	0.0	0.0	0.0	0.0	0.0	0.0	0.0
1.60414206	0.0	0.0	0.0	0.0	0.0	0.0	0.0	0.0	0.0
1.6401420600000005	0.0	0.0	0.0	0.0	0.0	0.0	0.0	0.0	0.0
1.6771420600000004	0.0	0.0	0.0	0.0	0.0	0.0	0.0	0.0	0.0
1.71314206	0.0	0.0	0.0	0.0	0.0	0.0	0.0	0.0	0.0
1.75014206	0.0	0.0	0.0	0.0	0.0	0.0	0.0	0.0	0.0
1.7861420600000004	0.0	0.0	0.0	0.0	0.0	0.0	0.0	0.0	0.0
1.8231420600000003	0.0	0.0	0.0	0.0	0.0	0.0	0.0	0.0	0.0
1.8591420600000004	0.0	0.0	0.0	0.0	0.0	0.0	0.0	0.0	0.0
1.8961420600000003	0.0	0.0	0.0	0.0	0.0	0.0	0.0	0.0	0.0
1.9321420600000003	0.0	0.0	0.0	0.0	0.0	0.0	0.0	0.0	0.0
1.9681420600000004	0.0	0.0	0.0	0.0	0.0	0.0	0.0	0.0	0.0
2.0051420600000003	0.0	0.0	0.0	0.0	0.0	0.0	0.0	0.0	0.0
2.0411420600000003	0.0	0.0	0.0	0.0	0.0	0.0	0.0	0.0	0.0
2.0781420600000002	0.0	0.0	0.0	0.0	0.0	0.0	0.0	0.0	0.0
2.1141420600000003	0.0	0.0	0.0	0.0	0.0	0.0	0.0	0.0	0.0
2.15114206	0.0	0.0	0.0	0.0	0.0	0.0	0.0	0.0	0.0
2.18714206	0.0	0.0	0.0	0.0	0.0	0.0	0.0	0.0	0.0
2.22414206	0.0	0.0	0.0	0.0	0.0	0.0	0.0	0.0	0.0
2.26014206	0.0	0.0	0.0	0.0	0.0	0.0	0.0	0.0	0.0
2.2971420600000005	0.0	0.0	0.0	0.0	0.0	0.0	0.0	0.0	0.0
2.3331420600000006	0.0	0.0	0.0	0.0	0.0	0.0	0.0	0.0	0.0
2.36914206	0.0	0.0	0.0	0.0	0.0	0.0	0.0	0.0	0.0
2.4061420600000005	0.0	0.0	0.0	0.0	0.0	0.0	0.0	0.0	0.0
2.4421420600000006	0.0	0.0	0.0	0.0	0.0	0.0	0.0	0.0	0.0
2.4791420600000005	0.0	0.0	0.0	0.0	0.0	0.0	0.0	0.0	0.0
2.5151420600000005	0.0	0.0	0.0	0.0	0.0	0.0	0.0	0.0	0.0
2.5521420600000004	0.0	0.0	0.0	0.0	0.0	0.0	0.0	0.0	0.0
2.5881420600000005	0.0	0.0	0.0	0.0	0.0	0.0	0.0	0.0	0.0
2.6251420600000004	0.0	0.0	0.0	0.0	0.0	0.0	0.0	0.0	0.0
2.6611420600000004	0.0	0.0	0.0	0.0	0.0	0.0	0.0	0.0	0.0
2.6981420600000003	0.0	0.0	0.0	0.0	0.0	0.0	0.0	0.0	0.0
2.7341420600000004	0.0	0.0	0.0	0.0	0.0	0.0	0.0	0.0	0.0
2.7701420600000004	0.0	0.0	0.0	0.0	0.0	0.0	0.0	0.0	0.0
2.8071420600000003	0.0	0.0	0.0	0.0	0.0	0.0	0.0	0.0	0.0
2.8431420600000004	0.0	0.0	0.0	0.0	0.0	0.0	0.0	0.0	0.0
2.8801420600000003	0.0	0.0	0.0	0.0	0.0	0.0	0.0	0.0	0.0
2.9161420600000003	0.0	0.0	0.0	0.0	0.0	0.0	0.0	0.0	0.0
2.9531420600000002	0.0	0.0	0.0	0.0	0.0	0.0	0.0	0.0	0.0
2.9891420600000003	0.0	0.0	0.0	0.0	0.0	0.0	0.0	0.0	0.0
3.02614206	0.0	0.0	0.0	0.0	0.0	0.0	0.0	0.0	0.0
3.06214206	0.0	0.0	0.0	0.0	0.0	0.0	0.0	0.0	0.0
3.09914206	0.0	0.0	0.0	0.0	0.0	0.0	0.0	0.0	0.0
3.13514206	0.0	0.0	0.0	0.0	0.0	0.0	0.0	0.0	0.0
3.17114206	0.0	0.0	0.0	0.0	0.0	0.0	0.0	0.0	0.0
3.2081420600000006	0.0	0.0	0.0	0.0	0.0	0.0	0.0	0.0	0.0
3.24414206	0.0	0.0	0.0	0.0	0.0	0.0	0.0	0.0	0.0
3.2811420600000005	0.0	0.0	0.0	0.0	0.0	0.0	0.0	0.0	0.0
3.3171420600000006	0.0	0.0	0.0	0.0	0.0	0.0	0.0	0.0	0.0
3.3541420600000005	0.0	0.0	0.0	0.0	0.0	0.0	0.0	0.0	0.0
3.3901420600000005	0.0	0.0	0.0	0.0	0.0	0.0	0.0	0.0	0.0
3.4271420600000004	0.0	0.0	0.0	0.0	0.0	0.0	0.0	0.0	0.0
3.4631420600000005	0.0	0.0	0.0	0.0	0.0	0.0	0.0	0.0	0.0
3.5001420600000004	0.0	0.0	0.0	0.0	0.0	0.0	0.0	0.0	0.0
3.5361420600000004	0.0	0.0	0.0	0.0	0.0	0.0	0.0	0.0	0.0
3.5731420600000003	0.0	0.0	0.0	0.0	0.0	0.0	0.0	0.0	0.0
3.6091420600000004	0.0	0.0	0.0	0.0	0.0	0.0	0.0	0.0	0.0
3.6451420600000004	0.0	0.0	0.0	0.0	0.0	0.0	0.0	0.0	0.0
3.6821420600000003	0.0	0.0	0.0	0.0	0.0	0.0	0.0	0.0	0.0
3.7181420600000004	0.0	0.0	0.0	0.0	0.0	0.0	0.0	0.0	0.0
3.7551420600000003	0.0	0.0	0.0	0.0	0.0	0.0	0.0	0.0	0.0
3.7911420600000003	0.0	0.0	0.0	0.0	0.0	0.0	0.0	0.0	0.0
3.8281420600000002	0.0	0.0	0.0	0.0	0.0	0.0	0.0	0.0	0.0
3.8641420600000003	0.0	0.0	0.0	0.0	0.0	0.0	0.0	0.0	0.0
3.9011420600000006	0.0	0.0	0.0	0.0	0.0	0.0	0.0	0.0	0.0
3.93714206	0.0	0.0	0.0	0.0	0.0	0.0	0.0	0.0	0.0
3.97414206	0.0	0.0	0.0	0.0	0.0	0.0	0.0	0.0	0.0
4.010142060000001	0.0	0.0	0.0	0.0	0.0	0.0	0.0	0.0	0.0
4.04614206	2.32846e-21	3.3609510791e-17	6.783942732e-15	4.8177755313e-17	0.0	0.0	0.0	0.0	0.0
4.08314206	1.471611e-19	2.1240344744999998e-15	4.286736524e-13	3.0456182998000004e-15	0.0	0.0	0.0	0.0	0.0
4.119142060000001	6.812596e-18	9.833279972e-14	1.9849646855e-11	1.4098855116e-13	0.0	0.0	0.0	0.0	0.0
4.1561420600000005	2.4282570000000003e-16	3.5048888892999997e-12	7.075289287000001e-10	5.0254022003e-12	0.0	0.0	0.0	0.0	0.0
4.19214206	6.6583559999999995e-15	9.609067916e-11	1.9399336668e-08	1.3778544693e-10	0.0	0.0	0.0	0.0	0.0
4.22914206	1.4046673e-13	2.0274092569e-09	4.0927621350000005e-07	2.9068638266e-09	0.0	0.0	0.0	0.0	0.0
4.2651420600000005	2.2806199999999996e-12	3.2918174002e-08	6.644469596e-06	4.7205823331999996e-08	0.0	0.0	0.0	0.0	0.0
4.30214206	2.8506799999999998e-11	4.115161685e-07	8.305816977000001e-05	5.899480406000001e-07	0.0	0.0	0.0	0.0	0.0
4.338142060000001	2.7438040000000006e-10	3.959973437e-06	0.0007993809955999999	5.6793733104999995e-06	0.0	0.0	0.0	0.0	0.0
4.37514206	2.033647e-09	2.9354181911e-05	0.005926353408999999	4.2083858464e-05	0.0	0.0	0.0	0.0	0.0
4.41114206	1.1612652e-08	0.00016761803315000002	0.03383706172800001	0.00024033975731	0.0	0.0	0.0	0.0	0.0
4.447142060000001	5.1100939999999996e-08	0.0007374967454000001	0.14887235136999996	0.0010575661361999999	0.0	0.0	0.0	0.0	0.0
4.48414206	1.7326834e-07	0.0025009947878000005	0.5048173661	0.0035859657372	0.0	0.0	0.0	0.0	0.0
4.52014206	4.5287959999999994e-07	0.006536932371	1.3195897088	0.009373042504000001	0.0	0.0	0.0	0.0	0.0
4.55714206	9.127009e-07	0.013171910466	2.6590199843	0.018885510540999996	0.0	0.0	0.0	0.0	0.0
4.59314206	1.4177444000000001e-06	0.020464213258999997	4.131095140999999	0.029340362302000003	0.0	0.0	0.0	0.0	0.0
4.630142060000001	1.6982858e-06	0.024513063780000004	4.947990589999999	0.035146041499999996	0.0	0.0	0.0	0.0	0.0
4.66614206	1.5691692999999998e-06	0.02264191275	4.570137901999999	0.03246371177	0.0	0.0	0.0	0.0	0.0
4.70314206	1.121685e-06	0.0161403791	3.2581574300000002	0.023142266799999995	0.0	0.0	0.0	0.0	0.0
4.739142060000001	6.418890000000001e-07	0.008960235	1.8086656999999997	0.012846505999999999	0.0	0.0	0.0	0.0	0.0
4.776142060000001	3.9604e-07	0.0042551	0.85911	0.006100712000000001	0.0	0.0	0.0	0.0	0.0
4.81214206	5.867170000000001e-07	0.0030903799999999993	0.624505	0.0044321099999999995	0.0	0.0	0.0	0.0	0.0
4.848142060000001	1.4452799999999998e-06	0.00560667	1.1334469999999999	0.00804059	0.0	0.0	0.0	0.0	0.0
4.885142060000001	3.11859e-06	0.01164666	2.3554329999999997	0.01670568	0.0	0.0	0.0	0.0	0.0
4.92114206	5.25215e-06	0.01954607	3.952737	0.028035730000000002	0.0	0.0	0.0	0.0	0.0
4.95814206	6.8276099999999995e-06	0.025401660000000003	5.13689	0.036440940000000005	0.0	0.0	0.0	0.0	0.0
4.994142060000001	6.8433e-06	0.025461900000000003	5.14926	0.03652384	0.0	0.0	0.0	0.0	0.0
5.0311420600000005	5.28973e-06	0.01968181	3.9793869999999996	0.02822765	0.0	0.0	0.0	0.0	0.0
5.06714206	3.1524699999999995e-06	0.01172915	2.371852	0.01682314	0.0	0.0	0.0	0.0	0.0
5.10414206	1.44851e-06	0.00538853	1.089766	0.007729740000000001	0.0	0.0	0.0	0.0	0.0
5.1401420600000005	5.130339999999999e-07	0.001908744	0.386005	0.002737532	0.0	0.0	0.0	0.0	0.0
5.17714206	1.4006699999999998e-07	0.000521062	0.10537179999999999	0.000747413	0.0	0.0	0.0	0.0	0.0
5.21314206	2.9465199999999997e-08	0.0001096233	0.022168829999999997	0.0001572299	0.0	0.0	0.0	0.0	0.0
5.25014206	4.77612e-09	1.77702e-05	0.003593537	2.5486459999999998e-05	0.0	0.0	0.0	0.0	0.0
5.28614206	5.964200000000001e-10	2.218789e-06	0.000448638	3.1828450000000004e-06	0.0	0.0	0.0	0.0	0.0
5.32214206	5.8157599999999994e-11	2.133615e-07	4.31556e-05	3.0602969999999997e-07	0.0	0.0	0.0	0.0	0.0
5.35914206	3.16558e-11	1.581443e-08	3.1946070000000003e-06	2.267557e-08	0.0	0.0	0.0	0.0	0.0
5.39514206	7.158106e-10	1.357652e-09	1.8205940000000002e-07	1.751923e-09	0.0	0.0	0.0	0.0	0.0
5.43214206	1.4375333000000002e-08	9.22596e-09	8.10611e-09	9.31048e-09	0.0	0.0	0.0	0.0	0.0
5.46814206	2.222745e-07	1.4204599999999997e-07	2.12879e-09	1.4305860000000002e-07	0.0	0.0	0.0	0.0	0.0
5.505142060000001	2.645743e-06	1.6908099999999998e-06	2.21377e-08	1.7029250000000003e-06	0.0	0.0	0.0	0.0	0.0
5.54114206	2.425224e-05	1.5499200000000002e-05	2.02861e-07	1.5608750000000002e-05	0.0	0.0	0.0	0.0	0.0
5.57814206	0.00017121909000000004	0.0001094245	1.432083e-06	0.0001102009	0.0	0.0	0.0	0.0	0.0
5.614142060000001	0.0009311928	0.0005951649999999999	7.78953e-06	0.0005993883	0.0	0.0	0.0	0.0	0.0
5.651142060000001	0.003902689	0.0024942799999999998	3.26391e-05	0.0025118970000000003	0.0	0.0	0.0	0.0	0.0
5.68714206	0.01260488	0.008055950000000001	0.00010543070000000002	0.00811278	0.0	0.0	0.0	0.0	0.0
5.723142060000001	0.03138468	0.020058	0.000262509	0.020199699999999998	0.0	0.0	0.0	0.0	0.0
5.760142060000001	0.06024371	0.03849960000000001	0.000503858	0.0387771	0.0	0.0	0.0	0.0	0.0
5.79614206	0.08915834	0.0569841	0.00074579	0.05738926	0.0	0.0	0.0	0.0	0.0
5.83314206	0.1018116	0.0650778	0.0008517970000000001	0.06552709	0.0	0.0	0.0	0.0	0.0
5.869142060000001	0.09005168000000001	0.0575302	0.0007536159999999999	0.057921690000000005	0.0	0.0	0.0	0.0	0.0
5.9061420600000005	0.06306502	0.040222	0.000529453	0.04039985	0.0	0.0	0.0	0.0	0.0
5.94214206	0.0394555	0.0249106	0.00033759999999999997	0.0248165	0.0	0.0	0.0	0.0	0.0
5.97914206	0.0324481	0.019816300000000002	0.000294759	0.01950591	0.0	0.0	0.0	0.0	0.0
6.0151420600000005	0.0430355	0.025308300000000002	0.00041671199999999996	0.0252188	0.0	0.0	0.0	0.0	0.0
6.05214206	0.0616569	0.0352672	0.000624075	0.036338300000000004	0.0	0.0	0.0	0.0	0.0
6.08814206	0.0741666	0.0412905	0.000782845	0.044439	0.0	0.0	0.0	0.0	0.0
6.1241420600000005	0.0710443	0.038333500000000006	0.000784857	0.0434581	0.0	0.0	0.0	0.0	0.0
6.16114206	0.05393909999999999	0.028167099999999997	0.00062583	0.0338343	0.0	0.0	0.0	0.0	0.0
6.19714206	0.033	0.0172035	0.000402605	0.02162709	0.0	0.0	0.0	0.0	0.0
6.23414206	0.0185818	0.012093900000000001	0.000236552	0.014203280000000002	0.0	0.0	0.0	0.0	0.0
6.27014206	0.0173943	0.018710700000000004	0.000223678	0.0181254	0.0	0.0	0.0	0.0	0.0
6.30714206	0.0347252	0.0431102	0.00046961200000000006	0.0397612	0.0	0.0	0.0	0.0	0.0
6.34314206	0.074719	0.0878612	0.00120247	0.0826324	0.0	0.0	0.0	0.0	0.0
6.380142060000001	0.13345200000000002	0.14382099999999998	0.00300863	0.13951189999999997	0.0	0.0	0.0	0.0	0.0
6.41614206	0.192181	0.188574	0.00716374	0.18891750000000002	0.0	0.0	0.0	0.0	0.0
6.45314206	0.224331	0.20055800000000001	0.01538371	0.20699449999999997	0.0	0.0	0.0	0.0	0.0
6.489142060000001	0.21620099999999998	0.176881	0.02793343	0.1869348	0.0	0.0	0.0	0.0	0.0
6.52514206	0.18139100000000002	0.136375	0.041063300000000004	0.1463805	0.0	0.0	0.0	0.0	0.0
6.56214206	0.15226	0.1054067	0.04801854	0.11478620000000002	0.0	0.0	0.0	0.0	0.0
6.598142060000001	0.153726	0.0998854	0.044851010000000004	0.11210779999999998	0.0	0.0	0.0	0.0	0.0
6.635142060000001	0.182931	0.11632690000000001	0.03506915	0.1351226	0.0	0.0	0.0	0.0	0.0
6.67114206	0.21444699999999997	0.1377129	0.02682343	0.1615059	0.0	0.0	0.0	0.0	0.0
6.70814206	0.22400399999999998	0.148244	0.026273679999999997	0.168904	0.0	0.0	0.0	0.0	0.0
6.744142060000001	0.20563499999999996	0.142758	0.03362607	0.151633	0.0	0.0	0.0	0.0	0.0
6.7811420600000005	0.16829500000000003	0.12445099999999999	0.04331936	0.1199047	0.0	0.0	0.0	0.0	0.0
6.81714206	0.124004	0.09855370000000001	0.047629410000000004	0.08659409999999998	0.0	0.0	0.0	0.0	0.0
6.85414206	0.081705	0.069868	0.04241209	0.0580279	0.0	0.0	0.0	0.0	0.0
6.8901420600000005	0.047195	0.043186100000000005	0.03015052	0.03532389999999999	0.0	0.0	0.0	0.0	0.0
6.92714206	0.0233062	0.0226276	0.01703878	0.01870132	0.0	0.0	0.0	0.0	0.0
6.963142060000001	0.009604500000000002	0.009798179999999998	0.00764121	0.00825426	0.0	0.0	0.0	0.0	0.0
6.9991420600000005	0.0032365	0.0034407699999999997	0.0027152609999999996	0.002948051	0.0	0.0	0.0	0.0	0.0
7.03614206	0.00087739	0.000965283	0.0007627797	0.000836951	0.0	0.0	0.0	0.0	0.0
7.072142060000001	0.00018914000000000002	0.000214236	0.0001689406	0.00018683610000000002	0.0	0.0	0.0	0.0	0.0
7.10914206	3.21512e-05	3.73454e-05	2.9402860000000003e-05	3.260552e-05	0.0	0.0	0.0	0.0	0.0
7.14514206	4.28449e-06	5.087570000000001e-06	4.008234e-06	4.4316999999999994e-06	0.0	0.0	0.0	0.0	0.0
7.18214206	4.45703e-07	5.39778e-07	4.264838e-07	4.68047e-07	0.0	0.0	0.0	0.0	0.0
7.21814206	3.60868e-08	4.44804e-08	3.532805e-08	3.835106e-08	0.0	0.0	0.0	0.0	0.0
7.255142060000001	2.2691e-09	2.8419999999999995e-09	2.272191e-09	2.4345669999999997e-09	0.0	0.0	0.0	0.0	0.0
7.29114206	1.1064399999999997e-10	1.40566e-10	1.1325120000000002e-10	1.195983e-10	0.0	0.0	0.0	0.0	0.0
7.32814206	4.17732e-12	5.37571e-12	4.365361e-12	4.544244e-12	0.0	0.0	0.0	0.0	0.0
7.364142060000001	1.2194899999999998e-13	1.58767e-13	1.300273e-13	1.333757e-13	0.0	0.0	0.0	0.0	0.0
7.40014206	2.7539299999999998e-15	3.61946e-15	2.980097e-15	3.0272989999999995e-15	0.0	0.0	0.0	0.0	0.0
7.43714206	4.24716e-17	5.98109e-17	5.259279e-17	4.787961000000001e-17	0.0	0.0	0.0	0.0	0.0
7.473142060000001	0.0	0.0	0.0	0.0	0.0	0.0	0.0	0.0	0.0
7.510142060000001	0.0	0.0	0.0	0.0	0.0	0.0	0.0	0.0	0.0
7.54614206	0.0	0.0	0.0	0.0	0.0	0.0	0.0	0.0	0.0
7.58314206	0.0	0.0	0.0	0.0	0.0	0.0	0.0	0.0	0.0
7.619142060000001	0.0	0.0	0.0	0.0	0.0	0.0	0.0	0.0	0.0
7.6561420600000005	0.0	0.0	0.0	0.0	0.0	0.0	0.0	0.0	0.0
7.69214206	0.0	0.0	0.0	0.0	0.0	0.0	0.0	0.0	0.0
7.72914206	0.0	0.0	0.0	0.0	0.0	0.0	0.0	0.0	0.0
7.7651420600000005	0.0	0.0	0.0	0.0	0.0	0.0	0.0	0.0	0.0
7.80114206	0.0	0.0	0.0	0.0	0.0	0.0	0.0	0.0	0.0
7.838142060000001	0.0	0.0	0.0	0.0	0.0	0.0	0.0	0.0	0.0
7.8741420600000005	0.0	0.0	0.0	0.0	0.0	0.0	0.0	0.0	0.0
7.91114206	0.0	0.0	0.0	0.0	0.0	0.0	0.0	0.0	0.0
7.947142060000001	0.0	0.0	0.0	0.0	0.0	0.0	0.0	0.0	0.0
7.98414206	0.0	0.0	0.0	0.0	0.0	0.0	0.0	0.0	0.0
8.020142060000001	0.0	0.0	0.0	0.0	0.0	0.0	0.0	0.0	0.0
8.05714206	0.0	0.0	0.0	0.0	0.0	0.0	0.0	0.0	0.0
8.09314206	0.0	0.0	0.0	0.0	0.0	0.0	0.0	0.0	0.0
8.13014206	0.0	0.0	0.0	0.0	0.0	0.0	0.0	0.0	0.0
8.16614206	0.0	0.0	0.0	0.0	0.0	0.0	0.0	0.0	0.0
8.20214206	0.0	0.0	0.0	0.0	0.0	0.0	0.0	0.0	0.0
8.23914206	0.0	0.0	0.0	0.0	0.0	0.0	0.0	0.0	0.0
8.27514206	0.0	0.0	0.0	0.0	0.0	0.0	0.0	0.0	0.0
8.31214206	0.0	0.0	0.0	0.0	0.0	0.0	0.0	0.0	0.0
8.34814206	0.0	0.0	0.0	0.0	0.0	0.0	0.0	0.0	0.0
8.38514206	0.0	0.0	0.0	0.0	0.0	0.0	0.0	0.0	0.0
8.421142060000001	0.0	0.0	0.0	0.0	0.0	0.0	0.0	0.0	0.0
8.45814206	0.0	0.0	0.0	0.0	0.0	0.0	0.0	0.0	0.0
8.49414206	0.0	0.0	0.0	0.0	0.0	0.0	0.0	0.0	0.0
