-24.40852442	0.0	0.0	0.0	0.0	0.0	0.0	0.0	0.0	0.0
-24.37752442	0.0	0.0	0.0	0.0	0.0	0.0	0.0	0.0	0.0
-24.34552442	0.0	0.0	0.0	0.0	0.0	0.0	0.0	0.0	0.0
-24.31352442	0.0	0.0	0.0	0.0	0.0	0.0	0.0	0.0	0.0
-24.28252442	0.0	0.0	0.0	0.0	0.0	0.0	0.0	0.0	0.0
-24.25052442	0.0	0.0	0.0	0.0	0.0	0.0	0.0	0.0	0.0
-24.21852442	0.0	0.0	0.0	0.0	0.0	0.0	0.0	0.0	0.0
-24.18652442	0.0	0.0	0.0	0.0	0.0	0.0	0.0	0.0	0.0
-24.15552442	0.0	0.0	0.0	0.0	0.0	0.0	0.0	0.0	0.0
-24.12352442	0.0	0.0	0.0	0.0	0.0	0.0	0.0	0.0	0.0
-24.09152442	0.0	0.0	0.0	0.0	0.0	0.0	0.0	0.0	0.0
-24.06052442	0.0	0.0	0.0	0.0	0.0	0.0	0.0	0.0	0.0
-24.02852442	0.0	0.0	0.0	0.0	0.0	0.0	0.0	0.0	0.0
-23.99652442	0.0	0.0	0.0	0.0	0.0	0.0	0.0	0.0	0.0
-23.96552442	0.0	0.0	0.0	0.0	0.0	0.0	0.0	0.0	0.0
-23.93352442	0.0	0.0	0.0	0.0	0.0	0.0	0.0	0.0	0.0
-23.90152442	0.0	0.0	0.0	0.0	0.0	0.0	0.0	0.0	0.0
-23.86952442	0.0	0.0	0.0	0.0	0.0	0.0	0.0	0.0	0.0
-23.83852442	0.0	0.0	0.0	0.0	0.0	0.0	0.0	0.0	0.0
-23.80652442	0.0	0.0	0.0	0.0	0.0	0.0	0.0	0.0	0.0
-23.77452442	0.0	0.0	0.0	0.0	0.0	0.0	0.0	0.0	0.0
-23.74352442	0.0	0.0	0.0	0.0	0.0	0.0	0.0	0.0	0.0
-23.71152442	0.0	0.0	0.0	0.0	0.0	0.0	0.0	0.0	0.0
-23.67952442	0.0	0.0	0.0	0.0	0.0	0.0	0.0	0.0	0.0
-23.64852442	0.0	0.0	0.0	0.0	0.0	0.0	0.0	0.0	0.0
-23.61652442	0.0	0.0	0.0	0.0	0.0	0.0	0.0	0.0	0.0
-23.58452442	0.0	0.0	0.0	0.0	0.0	0.0	0.0	0.0	0.0
-23.55252442	2.885324061349999e-15	1.115284660381e-16	4.019408751e-21	1.9330291592499998e-16	0.0	0.0	0.0	0.0	0.0
-23.52152442	1.5293569666099998e-13	5.9105350343e-15	2.1292592029999998e-19	1.024651179516e-14	0.0	0.0	0.0	0.0	0.0
-23.48952442	4.761361927699999e-12	1.8402642620370004e-13	6.630577381e-18	3.1904117436600003e-13	0.0	0.0	0.0	0.0	0.0
-23.45752442	1.2288951012100002e-10	4.74988467292e-12	1.711323279e-16	8.23222388974e-12	0.0	0.0	0.0	0.0	0.0
-23.42652442	2.5999991201600002e-09	1.0049457094739997e-10	3.620019555e-15	1.7414052375700003e-10	0.0	0.0	0.0	0.0	0.0
-23.39452442	4.509950053199999e-08	1.743244495119e-09	6.28082362e-14	3.02136288087e-09	0.0	0.0	0.0	0.0	0.0
-23.36252442	6.412631054700002e-07	2.4785498391e-08	8.93018823e-13	4.29554078577e-08	0.0	0.0	0.0	0.0	0.0
-23.33152442	7.4770154262e-06	2.8900712731e-07	1.041270632e-11	5.0088348184e-07	0.0	0.0	0.0	0.0	0.0
-23.29952442	7.149007071699999e-05	2.7626082243999997e-06	9.95591823e-11	4.78921989249e-06	0.0	0.0	0.0	0.0	0.0
-23.26752442	0.0005605933391299999	2.16711038926e-05	7.806871028e-10	3.75534635713e-05	0.0	0.0	0.0	0.0	0.0
-23.23552442	0.0036054463947999995	0.0001393593368841	5.021927299e-09	0.00024161557954800004	0.0	0.0	0.0	0.0	0.0
-23.20452442	0.019024856484999998	0.00073523622246	2.649257003e-08	0.0012745256067980002	0.0	0.0	0.0	0.0	0.0
-23.17252442	0.082334801467	0.0031824955631600004	1.1466079829999999e-07	0.005516976221329999	0.0	0.0	0.0	0.0	0.0
-23.14052442	0.292406745345	0.0113008235134	4.071373581e-07	0.019587862359	0.0	0.0	0.0	0.0	0.0
-23.10952442	0.85187000818	0.0329179268533	1.186336498e-06	0.057066559389599994	0.0	0.0	0.0	0.0	0.0
-23.07752442	2.03691828639	0.0787050244846	2.835790317e-06	0.1364410627894	0.0	0.0	0.0	0.0	0.0
-23.04552442	3.9949180584099997	0.1544044816701	5.563442348999999e-06	0.267706039509	0.0	0.0	0.0	0.0	0.0
-23.01452442	6.4314076583	0.24856446317500003	8.956614639999999e-06	0.43088992776300006	0.0	0.0	0.0	0.0	0.0
-22.98252442	8.497201976999998	0.328425477856	1.1832714509999999e-05	0.5693289933780001	0.0	0.0	0.0	0.0	0.0
-22.95052442	9.212379478199999	0.35599053631099997	1.282879799e-05	0.617159964864	0.0	0.0	0.0	0.0	0.0
-22.91852442	8.1970382608	0.316842997178	1.141411803e-05	0.549126124338	0.0	0.0	0.0	0.0	0.0
-22.88752442	5.9854161021	0.23129055928500003	8.335608961999998e-06	0.400991830965	0.0	0.0	0.0	0.0	0.0
-22.85552442	3.5865696993	0.1386191073392	4.994394178000001e-06	0.240277740272	0.0	0.0	0.0	0.0	0.0
-22.82352442	1.7642118692399997	0.0681663508303	2.456389692e-06	0.11816473648629999	0.0	0.0	0.0	0.0	0.0
-22.79252442	0.71175098191	0.0275041386727	9.91149854e-07	0.047686214458599996	0.0	0.0	0.0	0.0	0.0
-22.76052442	0.235625729039	0.00910829818674	3.281921567e-07	0.01578721009444	0.0	0.0	0.0	0.0	0.0
-22.72852442	0.064014317079	0.00247378238372	8.91530701e-08	0.0042893079365699995	0.0	0.0	0.0	0.0	0.0
-22.69752442	0.014263138901799999	0.000551424419369	1.98694328e-08	0.0009558949048459999	0.0	0.0	0.0	0.0	0.0
-22.66552442	0.00260877996287	0.00010082803829820001	3.632680349e-09	0.00017478709773099997	0.0	0.0	0.0	0.0	0.0
-22.63352442	0.00039120557427499994	1.5120607037720001e-05	5.447964348e-10	2.6214053123200002e-05	0.0	0.0	0.0	0.0	0.0
-22.60152442	4.8129366849e-05	1.859663520922e-06	6.701636303e-11	3.22443988204e-06	0.0	0.0	0.0	0.0	0.0
-22.57052442	4.855523399299999e-06	1.876618330449e-07	6.76093352e-12	3.2522928745500007e-07	0.0	0.0	0.0	0.0	0.0
-22.53852442	4.0162169671e-07	1.552371725465e-08	5.593188402999999e-13	2.69048789139e-08	0.0	0.0	0.0	0.0	0.0
-22.50652442	2.7243423472500005e-08	1.05287335111e-09	3.793783653e-14	1.8254879116399998e-09	0.0	0.0	0.0	0.0	0.0
-22.47552442	1.5154243147300002e-09	5.85538281619e-11	2.1099569990000003e-15	1.0149581136879999e-10	0.0	0.0	0.0	0.0	0.0
-22.44352442	6.9064835549e-11	2.66903490566e-12	9.61892796e-17	4.62737017302e-12	0.0	0.0	0.0	0.0	0.0
-22.41152442	2.5798164175199998e-12	9.97029847653e-14	3.5923774129999994e-18	1.72869204352e-13	0.0	0.0	0.0	0.0	0.0
-22.38052442	8.0800650701e-14	3.1224269965900003e-15	1.1252002400000002e-19	5.41289850041e-15	0.0	0.0	0.0	0.0	0.0
-22.34852442	0.0	0.0	0.0	0.0	0.0	0.0	0.0	0.0	0.0
-22.31652442	0.0	0.0	0.0	0.0	0.0	0.0	0.0	0.0	0.0
-22.28452442	0.0	0.0	0.0	0.0	0.0	0.0	0.0	0.0	0.0
-22.25352442	0.0	0.0	0.0	0.0	0.0	0.0	0.0	0.0	0.0
-22.22152442	0.0	0.0	0.0	0.0	0.0	0.0	0.0	0.0	0.0
-22.18952442	0.0	0.0	0.0	0.0	0.0	0.0	0.0	0.0	0.0
-22.15852442	0.0	0.0	0.0	0.0	0.0	0.0	0.0	0.0	0.0
-22.12652442	0.0	0.0	0.0	0.0	0.0	0.0	0.0	0.0	0.0
-22.09452442	0.0	0.0	0.0	0.0	0.0	0.0	0.0	0.0	0.0
-22.06352442	0.0	0.0	0.0	0.0	0.0	0.0	0.0	0.0	0.0
-22.03152442	0.0	0.0	0.0	0.0	0.0	0.0	0.0	0.0	0.0
-21.99952442	0.0	0.0	0.0	0.0	0.0	0.0	0.0	0.0	0.0
-21.96752442	0.0	0.0	0.0	0.0	0.0	0.0	0.0	0.0	0.0
-21.93652442	0.0	0.0	0.0	0.0	0.0	0.0	0.0	0.0	0.0
-21.90452442	0.0	0.0	0.0	0.0	0.0	0.0	0.0	0.0	0.0
-21.87252442	0.0	0.0	0.0	0.0	0.0	0.0	0.0	0.0	0.0
-21.84152442	0.0	0.0	0.0	0.0	0.0	0.0	0.0	0.0	0.0
-21.80952442	0.0	0.0	0.0	0.0	0.0	0.0	0.0	0.0	0.0
-21.77752442	0.0	0.0	0.0	0.0	0.0	0.0	0.0	0.0	0.0
-21.74652442	0.0	0.0	0.0	0.0	0.0	0.0	0.0	0.0	0.0
-21.71452442	0.0	0.0	0.0	0.0	0.0	0.0	0.0	0.0	0.0
-21.68252442	0.0	0.0	0.0	0.0	0.0	0.0	0.0	0.0	0.0
-21.65052442	0.0	0.0	0.0	0.0	0.0	0.0	0.0	0.0	0.0
-21.61952442	0.0	0.0	0.0	0.0	0.0	0.0	0.0	0.0	0.0
-21.58752442	0.0	0.0	0.0	0.0	0.0	0.0	0.0	0.0	0.0
-21.55552442	0.0	0.0	0.0	0.0	0.0	0.0	0.0	0.0	0.0
-21.52452442	0.0	0.0	0.0	0.0	0.0	0.0	0.0	0.0	0.0
-21.49252442	0.0	0.0	0.0	0.0	0.0	0.0	0.0	0.0	0.0
-21.46052442	0.0	0.0	0.0	0.0	0.0	0.0	0.0	0.0	0.0
-21.42952442	0.0	0.0	0.0	0.0	0.0	0.0	0.0	0.0	0.0
-21.39752442	0.0	0.0	0.0	0.0	0.0	0.0	0.0	0.0	0.0
-21.36552442	0.0	0.0	0.0	0.0	0.0	0.0	0.0	0.0	0.0
-21.33352442	0.0	0.0	0.0	0.0	0.0	0.0	0.0	0.0	0.0
-21.30252442	0.0	0.0	0.0	0.0	0.0	0.0	0.0	0.0	0.0
-21.27052442	0.0	0.0	0.0	0.0	0.0	0.0	0.0	0.0	0.0
-21.23852442	0.0	0.0	0.0	0.0	0.0	0.0	0.0	0.0	0.0
-21.20752442	0.0	0.0	0.0	0.0	0.0	0.0	0.0	0.0	0.0
-21.17552442	0.0	0.0	0.0	0.0	0.0	0.0	0.0	0.0	0.0
-21.14352442	0.0	0.0	0.0	0.0	0.0	0.0	0.0	0.0	0.0
-21.11252442	0.0	0.0	0.0	0.0	0.0	0.0	0.0	0.0	0.0
-21.08052442	0.0	0.0	0.0	0.0	0.0	0.0	0.0	0.0	0.0
-21.04852442	0.0	0.0	0.0	0.0	0.0	0.0	0.0	0.0	0.0
-21.01652442	0.0	0.0	0.0	0.0	0.0	0.0	0.0	0.0	0.0
-20.98552442	0.0	0.0	0.0	0.0	0.0	0.0	0.0	0.0	0.0
-20.95352442	0.0	0.0	0.0	0.0	0.0	0.0	0.0	0.0	0.0
-20.92152442	0.0	0.0	0.0	0.0	0.0	0.0	0.0	0.0	0.0
-20.89052442	0.0	0.0	0.0	0.0	0.0	0.0	0.0	0.0	0.0
-20.85852442	0.0	0.0	0.0	0.0	0.0	0.0	0.0	0.0	0.0
-20.82652442	0.0	0.0	0.0	0.0	0.0	0.0	0.0	0.0	0.0
-20.79552442	0.0	0.0	0.0	0.0	0.0	0.0	0.0	0.0	0.0
-20.76352442	0.0	0.0	0.0	0.0	0.0	0.0	0.0	0.0	0.0
-20.73152442	0.0	0.0	0.0	0.0	0.0	0.0	0.0	0.0	0.0
-20.69952442	0.0	0.0	0.0	0.0	0.0	0.0	0.0	0.0	0.0
-20.66852442	0.0	0.0	0.0	0.0	0.0	0.0	0.0	0.0	0.0
-20.63652442	0.0	0.0	0.0	0.0	0.0	0.0	0.0	0.0	0.0
-20.60452442	0.0	0.0	0.0	0.0	0.0	0.0	0.0	0.0	0.0
-20.57352442	0.0	0.0	0.0	0.0	0.0	0.0	0.0	0.0	0.0
-20.54152442	0.0	0.0	0.0	0.0	0.0	0.0	0.0	0.0	0.0
-20.50952442	0.0	0.0	0.0	0.0	0.0	0.0	0.0	0.0	0.0
-20.47852442	0.0	0.0	0.0	0.0	0.0	0.0	0.0	0.0	0.0
-20.44652442	0.0	0.0	0.0	0.0	0.0	0.0	0.0	0.0	0.0
-20.41452442	0.0	0.0	0.0	0.0	0.0	0.0	0.0	0.0	0.0
-20.38252442	0.0	0.0	0.0	0.0	0.0	0.0	0.0	0.0	0.0
-20.35152442	0.0	0.0	0.0	0.0	0.0	0.0	0.0	0.0	0.0
-20.31952442	0.0	0.0	0.0	0.0	0.0	0.0	0.0	0.0	0.0
-20.28752442	0.0	0.0	0.0	0.0	0.0	0.0	0.0	0.0	0.0
-20.25652442	0.0	0.0	0.0	0.0	0.0	0.0	0.0	0.0	0.0
-20.22452442	0.0	0.0	0.0	0.0	0.0	0.0	0.0	0.0	0.0
-20.19252442	0.0	0.0	0.0	0.0	0.0	0.0	0.0	0.0	0.0
-20.16152442	0.0	0.0	0.0	0.0	0.0	0.0	0.0	0.0	0.0
-20.12952442	0.0	0.0	0.0	0.0	0.0	0.0	0.0	0.0	0.0
-20.09752442	0.0	0.0	0.0	0.0	0.0	0.0	0.0	0.0	0.0
-20.06552442	0.0	0.0	0.0	0.0	0.0	0.0	0.0	0.0	0.0
-20.03452442	0.0	0.0	0.0	0.0	0.0	0.0	0.0	0.0	0.0
-20.00252442	0.0	0.0	0.0	0.0	0.0	0.0	0.0	0.0	0.0
-19.97052442	0.0	0.0	0.0	0.0	0.0	0.0	0.0	0.0	0.0
-19.93952442	0.0	0.0	0.0	0.0	0.0	0.0	0.0	0.0	0.0
-19.90752442	0.0	0.0	0.0	0.0	0.0	0.0	0.0	0.0	0.0
-19.87552442	0.0	0.0	0.0	0.0	0.0	0.0	0.0	0.0	0.0
-19.84452442	0.0	0.0	0.0	0.0	0.0	0.0	0.0	0.0	0.0
-19.81252442	0.0	0.0	0.0	0.0	0.0	0.0	0.0	0.0	0.0
-19.78052442	0.0	0.0	0.0	0.0	0.0	0.0	0.0	0.0	0.0
-19.74852442	0.0	0.0	0.0	0.0	0.0	0.0	0.0	0.0	0.0
-19.71752442	0.0	0.0	0.0	0.0	0.0	0.0	0.0	0.0	0.0
-19.68552442	0.0	0.0	0.0	0.0	0.0	0.0	0.0	0.0	0.0
-19.65352442	0.0	0.0	0.0	0.0	0.0	0.0	0.0	0.0	0.0
-19.62252442	0.0	0.0	0.0	0.0	0.0	0.0	0.0	0.0	0.0
-19.59052442	0.0	0.0	0.0	0.0	0.0	0.0	0.0	0.0	0.0
-19.55852442	0.0	0.0	0.0	0.0	0.0	0.0	0.0	0.0	0.0
-19.52752442	0.0	0.0	0.0	0.0	0.0	0.0	0.0	0.0	0.0
-19.49552442	0.0	0.0	0.0	0.0	0.0	0.0	0.0	0.0	0.0
-19.46352442	0.0	0.0	0.0	0.0	0.0	0.0	0.0	0.0	0.0
-19.43152442	0.0	0.0	0.0	0.0	0.0	0.0	0.0	0.0	0.0
-19.40052442	0.0	0.0	0.0	0.0	0.0	0.0	0.0	0.0	0.0
-19.36852442	0.0	0.0	0.0	0.0	0.0	0.0	0.0	0.0	0.0
-19.33652442	0.0	0.0	0.0	0.0	0.0	0.0	0.0	0.0	0.0
-19.30552442	0.0	0.0	0.0	0.0	0.0	0.0	0.0	0.0	0.0
-19.27352442	0.0	0.0	0.0	0.0	0.0	0.0	0.0	0.0	0.0
-19.24152442	0.0	0.0	0.0	0.0	0.0	0.0	0.0	0.0	0.0
-19.21052442	0.0	0.0	0.0	0.0	0.0	0.0	0.0	0.0	0.0
-19.17852442	0.0	0.0	0.0	0.0	0.0	0.0	0.0	0.0	0.0
-19.14652442	0.0	0.0	0.0	0.0	0.0	0.0	0.0	0.0	0.0
-19.11452442	0.0	0.0	0.0	0.0	0.0	0.0	0.0	0.0	0.0
-19.08352442	0.0	0.0	0.0	0.0	0.0	0.0	0.0	0.0	0.0
-19.05152442	0.0	0.0	0.0	0.0	0.0	0.0	0.0	0.0	0.0
-19.01952442	0.0	0.0	0.0	0.0	0.0	0.0	0.0	0.0	0.0
-18.98852442	0.0	0.0	0.0	0.0	0.0	0.0	0.0	0.0	0.0
-18.95652442	0.0	0.0	0.0	0.0	0.0	0.0	0.0	0.0	0.0
-18.92452442	0.0	0.0	0.0	0.0	0.0	0.0	0.0	0.0	0.0
-18.89352442	0.0	0.0	0.0	0.0	0.0	0.0	0.0	0.0	0.0
-18.86152442	0.0	0.0	0.0	0.0	0.0	0.0	0.0	0.0	0.0
-18.82952442	0.0	0.0	0.0	0.0	0.0	0.0	0.0	0.0	0.0
-18.79752442	0.0	0.0	0.0	0.0	0.0	0.0	0.0	0.0	0.0
-18.76652442	0.0	0.0	0.0	0.0	0.0	0.0	0.0	0.0	0.0
-18.73452442	0.0	0.0	0.0	0.0	0.0	0.0	0.0	0.0	0.0
-18.70252442	0.0	0.0	0.0	0.0	0.0	0.0	0.0	0.0	0.0
-18.67152442	0.0	0.0	0.0	0.0	0.0	0.0	0.0	0.0	0.0
-18.63952442	0.0	0.0	0.0	0.0	0.0	0.0	0.0	0.0	0.0
-18.60752442	0.0	0.0	0.0	0.0	0.0	0.0	0.0	0.0	0.0
-18.57652442	0.0	0.0	0.0	0.0	0.0	0.0	0.0	0.0	0.0
-18.54452442	0.0	0.0	0.0	0.0	0.0	0.0	0.0	0.0	0.0
-18.51252442	0.0	0.0	0.0	0.0	0.0	0.0	0.0	0.0	0.0
-18.48052442	0.0	0.0	0.0	0.0	0.0	0.0	0.0	0.0	0.0
-18.44952442	0.0	0.0	0.0	0.0	0.0	0.0	0.0	0.0	0.0
-18.41752442	0.0	0.0	0.0	0.0	0.0	0.0	0.0	0.0	0.0
-18.38552442	0.0	0.0	0.0	0.0	0.0	0.0	0.0	0.0	0.0
-18.35452442	0.0	0.0	0.0	0.0	0.0	0.0	0.0	0.0	0.0
-18.32252442	0.0	0.0	0.0	0.0	0.0	0.0	0.0	0.0	0.0
-18.29052442	0.0	0.0	0.0	0.0	0.0	0.0	0.0	0.0	0.0
-18.25952442	0.0	0.0	0.0	0.0	0.0	0.0	0.0	0.0	0.0
-18.22752442	0.0	0.0	0.0	0.0	0.0	0.0	0.0	0.0	0.0
-18.19552442	0.0	0.0	0.0	0.0	0.0	0.0	0.0	0.0	0.0
-18.16352442	0.0	0.0	0.0	0.0	0.0	0.0	0.0	0.0	0.0
-18.13252442	0.0	0.0	0.0	0.0	0.0	0.0	0.0	0.0	0.0
-18.10052442	0.0	0.0	0.0	0.0	0.0	0.0	0.0	0.0	0.0
-18.06852442	0.0	0.0	0.0	0.0	0.0	0.0	0.0	0.0	0.0
-18.03752442	0.0	0.0	0.0	0.0	0.0	0.0	0.0	0.0	0.0
-18.00552442	0.0	0.0	0.0	0.0	0.0	0.0	0.0	0.0	0.0
-17.97352442	2.1953e-15	1.1959153e-16	6.75691385e-19	1.15865319e-16	0.0	0.0	0.0	0.0	0.0
-17.94252442	7.24404e-14	3.946341e-15	2.2296220749999996e-17	3.82395804e-15	0.0	0.0	0.0	0.0	0.0
-17.91052442	2.3488969999999997e-12	1.2796209e-13	7.22946344e-16	1.2397629e-13	0.0	0.0	0.0	0.0	0.0
-17.87852442	6.22174e-11	3.38918e-12	1.914493763e-14	3.2829700099999998e-12	0.0	0.0	0.0	0.0	0.0
-17.84652442	1.3503810000000002e-09	7.356306e-11	4.1560320499999994e-13	7.1271821e-11	0.0	0.0	0.0	0.0	0.0
-17.81552442	2.402756e-08	1.3087811e-09	7.395054149999998e-12	1.2682307500000001e-09	0.0	0.0	0.0	0.0	0.0
-17.78352442	3.505246e-07	1.9094648e-08	1.078765446e-10	1.85007928e-08	0.0	0.0	0.0	0.0	0.0
-17.75152442	4.192737e-06	2.2841678e-07	1.2903991300000003e-09	2.21298389e-07	0.0	0.0	0.0	0.0	0.0
-17.72052442	4.1125279999999996e-05	2.2404477e-06	1.265661481e-08	2.17061227e-06	0.0	0.0	0.0	0.0	0.0
-17.68852442	0.000330833	1.8022589000000002e-05	1.0182835239999999e-07	1.74617692e-05	0.0	0.0	0.0	0.0	0.0
-17.65652442	0.002182708	0.00011891735	6.71754936e-07	0.000115206982	0.0	0.0	0.0	0.0	0.0
-17.62552442	0.011813139999999998	0.0006435367000000001	3.6358327100000003e-06	0.0006235652799999999	0.0	0.0	0.0	0.0	0.0
-17.59352442	0.0524535	0.002857441	1.6143106059999997e-05	0.00276835412	0.0	0.0	0.0	0.0	0.0
-17.56152442	0.1910553	0.010408843999999999	5.880601650000001e-05	0.010083873200000001	0.0	0.0	0.0	0.0	0.0
-17.52952442	0.570976	0.031106999999999996	0.00017569857990000002	0.0301364255	0.0	0.0	0.0	0.0	0.0
-17.49852442	1.4002549999999998	0.07627627999999999	0.00043094065400000003	0.073902573	0.0	0.0	0.0	0.0	0.0
-17.46652442	2.8176879999999995	0.15349138999999998	0.000867232373	0.148722676	0.0	0.0	0.0	0.0	0.0
-17.43452442	4.65313	0.25349079999999996	0.001432060601	0.24559378599999998	0.0	0.0	0.0	0.0	0.0
-17.40352442	6.3048399999999996	0.343515	0.0019405424329999997	0.332845516	0.0	0.0	0.0	0.0	0.0
-17.37152442	7.01274	0.38204449999999995	0.0021579413810000002	0.370120699	0.0	0.0	0.0	0.0	0.0
-17.33952442	6.40091	0.348689	0.001969524661	0.337814046	0.0	0.0	0.0	0.0	0.0
-17.30852442	4.79438	0.26118	0.00147547789	0.25304531799999996	0.0	0.0	0.0	0.0	0.0
-17.27652442	2.9469650000000005	0.16054861999999998	0.000907014325	0.155537675	0.0	0.0	0.0	0.0	0.0
-17.24452442	1.486473	0.08097956999999999	0.00045753568599999993	0.078463827	0.0	0.0	0.0	0.0	0.0
-17.21252442	0.6152190000000001	0.03352105	0.0001894194175	0.0324802759	0.0	0.0	0.0	0.0	0.0
-17.18152442	0.20897900000000003	0.011384209	6.43180166e-05	0.0110300581	0.0	0.0	0.0	0.0	0.0
-17.14952442	0.0582359	0.003172688	1.7920191360000004e-05	0.0030735249	0.0	0.0	0.0	0.0	0.0
-17.11752442	0.01331548	0.0007253704	4.09808099e-06	0.0007026512699999999	0.0	0.0	0.0	0.0	0.0
-17.08652442	0.002497456	0.00013605165999999998	7.68585063e-07	0.00013180859299999998	0.0	0.0	0.0	0.0	0.0
-17.05452442	0.00038422710000000004	2.0930502e-05	1.1825630450000003e-07	2.0279939299999997e-05	0.0	0.0	0.0	0.0	0.0
-17.02252442	4.8484200000000006e-05	2.641318e-06	1.492138091e-08	2.55892902e-06	0.0	0.0	0.0	0.0	0.0
-16.99152442	5.01721e-06	2.733665e-07	1.544138432e-09	2.64879942e-07	0.0	0.0	0.0	0.0	0.0
-16.95952442	4.2582599999999994e-07	2.319878e-08	1.3104922900000002e-10	2.24734298e-08	0.0	0.0	0.0	0.0	0.0
-16.92752442	2.963234e-08	1.614287e-09	9.119624159999999e-12	1.5639634600000002e-09	0.0	0.0	0.0	0.0	0.0
-16.89652442	1.6904779999999997e-09	9.209647000000001e-11	5.20279305e-13	8.922023899999999e-11	0.0	0.0	0.0	0.0	0.0
-16.86452442	7.9067e-11	4.307361e-12	2.4331785719999996e-14	4.1730809e-12	0.0	0.0	0.0	0.0	0.0
-16.83252442	3.0294849999999998e-12	1.6504011e-13	9.323595460000002e-16	1.59893267e-13	0.0	0.0	0.0	0.0	0.0
-16.80052442	9.659330000000001e-14	5.261705e-15	2.97315986e-17	5.0979349999999995e-15	0.0	0.0	0.0	0.0	0.0
-16.76952442	0.0	0.0	0.0	0.0	0.0	0.0	0.0	0.0	0.0
-16.73752442	0.0	0.0	0.0	0.0	0.0	0.0	0.0	0.0	0.0
-16.70552442	0.0	0.0	0.0	0.0	0.0	0.0	0.0	0.0	0.0
-16.67452442	0.0	0.0	0.0	0.0	0.0	0.0	0.0	0.0	0.0
-16.64252442	0.0	0.0	0.0	0.0	0.0	0.0	0.0	0.0	0.0
-16.61052442	0.0	0.0	0.0	0.0	0.0	0.0	0.0	0.0	0.0
-16.57952442	0.0	0.0	0.0	0.0	0.0	0.0	0.0	0.0	0.0
-16.54752442	0.0	0.0	0.0	0.0	0.0	0.0	0.0	0.0	0.0
-16.51552442	0.0	0.0	0.0	0.0	0.0	0.0	0.0	0.0	0.0
-16.48352442	0.0	0.0	0.0	0.0	0.0	0.0	0.0	0.0	0.0
-16.45252442	0.0	0.0	0.0	0.0	0.0	0.0	0.0	0.0	0.0
-16.42052442	0.0	0.0	0.0	0.0	0.0	0.0	0.0	0.0	0.0
-16.38852442	0.0	0.0	0.0	0.0	0.0	0.0	0.0	0.0	0.0
-16.35752442	0.0	0.0	0.0	0.0	0.0	0.0	0.0	0.0	0.0
-16.32552442	0.0	0.0	0.0	0.0	0.0	0.0	0.0	0.0	0.0
-16.29352442	0.0	0.0	0.0	0.0	0.0	0.0	0.0	0.0	0.0
-16.26252442	0.0	0.0	0.0	0.0	0.0	0.0	0.0	0.0	0.0
-16.23052442	0.0	0.0	0.0	0.0	0.0	0.0	0.0	0.0	0.0
-16.19852442	0.0	0.0	0.0	0.0	0.0	0.0	0.0	0.0	0.0
-16.16652442	0.0	0.0	0.0	0.0	0.0	0.0	0.0	0.0	0.0
-16.13552442	0.0	0.0	0.0	0.0	0.0	0.0	0.0	0.0	0.0
-16.10352442	0.0	0.0	0.0	0.0	0.0	0.0	0.0	0.0	0.0
-16.07152442	0.0	0.0	0.0	0.0	0.0	0.0	0.0	0.0	0.0
-16.04052442	0.0	0.0	0.0	0.0	0.0	0.0	0.0	0.0	0.0
-16.00852442	0.0	0.0	0.0	0.0	0.0	0.0	0.0	0.0	0.0
-15.97652442	0.0	0.0	0.0	0.0	0.0	0.0	0.0	0.0	0.0
-15.945524420000002	0.0	0.0	0.0	0.0	0.0	0.0	0.0	0.0	0.0
-15.913524420000002	0.0	0.0	0.0	0.0	0.0	0.0	0.0	0.0	0.0
-15.881524420000002	0.0	0.0	0.0	0.0	0.0	0.0	0.0	0.0	0.0
-15.849524420000002	0.0	0.0	0.0	0.0	0.0	0.0	0.0	0.0	0.0
-15.81852442	0.0	0.0	0.0	0.0	0.0	0.0	0.0	0.0	0.0
-15.78652442	0.0	0.0	0.0	0.0	0.0	0.0	0.0	0.0	0.0
-15.75452442	0.0	0.0	0.0	0.0	0.0	0.0	0.0	0.0	0.0
-15.72352442	0.0	0.0	0.0	0.0	0.0	0.0	0.0	0.0	0.0
-15.69152442	0.0	0.0	0.0	0.0	0.0	0.0	0.0	0.0	0.0
-15.65952442	0.0	0.0	0.0	0.0	0.0	0.0	0.0	0.0	0.0
-15.628524420000002	0.0	0.0	0.0	0.0	0.0	0.0	0.0	0.0	0.0
-15.596524420000001	2.1607399999999997e-15	1.667945e-16	7.642794340499997e-18	1.8287811209999999e-16	0.0	0.0	0.0	0.0	0.0
-15.564524420000001	9.50729e-14	7.339040000000001e-15	3.3631297714e-16	8.046871324e-15	0.0	0.0	0.0	0.0	0.0
-15.532524420000001	3.0205689999999997e-12	2.331841e-13	1.0684896447100003e-14	2.556640878e-13	0.0	0.0	0.0	0.0	0.0
-15.501524419999999	7.87045e-11	6.07644e-12	2.7842391082999997e-13	6.66162816e-12	0.0	0.0	0.0	0.0	0.0
-15.469524419999999	1.681779e-09	1.298354e-10	5.9492662467999985e-12	1.423459562e-10	0.0	0.0	0.0	0.0	0.0
-15.437524419999999	2.945756e-08	2.273958e-09	1.04196253995e-10	2.4930994149999996e-09	0.0	0.0	0.0	0.0	0.0
-15.40652442	4.2297759999999997e-07	3.265532e-08	1.4964259707200001e-09	3.5799267660000003e-08	0.0	0.0	0.0	0.0	0.0
-15.37452442	4.9799e-06	3.844865e-07	1.76159676243e-08	4.215975372e-07	0.0	0.0	0.0	0.0	0.0
-15.34252442	4.8096399999999996e-05	3.7128309999999996e-06	1.7012349112099998e-07	4.070988949e-06	0.0	0.0	0.0	0.0	0.0
-15.311524420000001	0.00038087449999999997	2.940118e-05	1.34727391886e-06	3.223953905e-05	0.0	0.0	0.0	0.0	0.0
-15.279524420000001	0.0024737519999999996	0.00019096640000000002	8.7509230148e-06	0.00020937776519999997	0.0	0.0	0.0	0.0	0.0
-15.247524420000001	0.01318032	0.001017357	4.662654515399999e-05	0.001115560919	0.0	0.0	0.0	0.0	0.0
-15.215524420000001	0.0576122	0.004446991	0.00020379779084600004	0.004875736382	0.0	0.0	0.0	0.0	0.0
-15.184524419999999	0.20658420000000002	0.01594691	0.0007306452231100001	0.01748501482	0.0	0.0	0.0	0.0	0.0
-15.152524419999999	0.6076989999999999	0.04691505	0.00214959239894	0.05144233866	0.0	0.0	0.0	0.0	0.0
-15.120524419999999	1.4671340000000002	0.11326679999999999	0.005190593117500001	0.1241892733	0.0	0.0	0.0	0.0	0.0
-15.08952442	2.906641	0.2243936	0.010282484110000002	0.24601502630000002	0.0	0.0	0.0	0.0	0.0
-15.05752442	4.725644	0.3647834	0.0167120456382	0.39991957590000005	0.0	0.0	0.0	0.0	0.0
-15.02552442	6.3042300000000004	0.486694	0.022304741111400003	0.5336219065000001	0.0	0.0	0.0	0.0	0.0
-14.994524420000001	6.902290000000001	0.53286	0.024413893825999997	0.5842259513	0.0	0.0	0.0	0.0	0.0
-14.962524420000001	6.2017	0.47882600000000003	0.021943372566999998	0.524971862	0.0	0.0	0.0	0.0	0.0
-14.930524420000001	4.573322000000001	0.353035	0.0161824964537	0.3870517618	0.0	0.0	0.0	0.0	0.0
-14.898524420000001	2.767351	0.21363520000000003	0.009788983239400003	0.2342256075	0.0	0.0	0.0	0.0	0.0
-14.867524419999999	1.3741819999999998	0.10609310000000002	0.0048613575926999995	0.1163145354	0.0	0.0	0.0	0.0	0.0
-14.835524419999999	0.560066	0.0432438	0.001980920273390001	0.0474003478	0.0	0.0	0.0	0.0	0.0
-14.803524419999999	0.1882033	0.01454169	0.0006623773216999999	0.0159069642	0.0	0.0	0.0	0.0	0.0
-14.77252442	0.057109700000000006	0.0044852519999999995	0.0001818866853	0.00469280969	0.0	0.0	0.0	0.0	0.0
-14.74052442	0.039404400000000006	0.0034132719999999997	4.1637942700000006e-05	0.0026518398	0.0	0.0	0.0	0.0	0.0
-14.70852442	0.11281272	0.0101859021	1.04942338e-05	0.006832350099999999	0.0	0.0	0.0	0.0	0.0
-14.677524420000001	0.36135064	0.032708949	1.07403249e-05	0.0217228332	0.0	0.0	0.0	0.0	0.0
-14.645524420000001	0.96626443	0.08747926010000001	2.5822726299999995e-05	0.0580638081	0.0	0.0	0.0	0.0	0.0
-14.613524420000001	2.12194591	0.19208434800000002	5.64202271e-05	0.12751786699999998	0.0	0.0	0.0	0.0	0.0
-14.581524420000001	3.8237557650000005	0.346203567	0.0001016375724	0.229789269	0.0	0.0	0.0	0.0	0.0
-14.550524419999999	5.65453672	0.5119716780000001	0.0001503170961	0.33985526	0.0	0.0	0.0	0.0	0.0
-14.518524419999999	6.86227997	0.6213647170000001	0.00018241822	0.412384464	0.0	0.0	0.0	0.0	0.0
-14.486524419999999	6.8352685	0.618803067	0.00018169862	0.410739781	0.0	0.0	0.0	0.0	0.0
-14.45552442	5.58686155	0.50572532	0.0001485100717	0.335788217	0.0	0.0	0.0	0.0	0.0
-14.42352442	3.747825158	0.339368773	9.96236796e-05	0.225224173	0.0	0.0	0.0	0.0	0.0
-14.39152442	2.063101301	0.186767297	5.483144610000001e-05	0.12397070129999999	0.0	0.0	0.0	0.0	0.0
-14.36052442	0.931863676	0.0843639112	2.47748695e-05	0.056007622300000004	0.0	0.0	0.0	0.0	0.0
-14.32852442	0.3454423794	0.0312769225	9.181854029999996e-06	0.0207598123	0.0	0.0	0.0	0.0	0.0
-14.29652442	0.10506987350000001	0.00951114435	2.79215047e-06	0.0063132310700000005	0.0	0.0	0.0	0.0	0.0
-14.26452442	0.026215474250000002	0.00237321603	6.96883936e-07	0.0015755649699999998	0.0	0.0	0.0	0.0	0.0
-14.233524419999998	0.00536685817	0.000485831063	1.4265311179999997e-07	0.00032249886299999997	0.0	0.0	0.0	0.0	0.0
-14.201524419999998	0.000901177216	8.15862294e-05	2.3954547899999998e-08	5.4161856699999995e-05	0.0	0.0	0.0	0.0	0.0
-14.169524419999998	0.00012414086420000001	1.1238136409999998e-05	3.2994085099999997e-09	7.459433939999999e-06	0.0	0.0	0.0	0.0	0.0
-14.13852442	1.402327841e-05	1.269549495e-06	3.7271722100000005e-10	8.4267193e-07	0.0	0.0	0.0	0.0	0.0
-14.10652442	1.2991564119999998e-06	1.176094682e-07	3.4528540099999997e-11	7.80768429e-08	0.0	0.0	0.0	0.0	0.0
-14.07452442	9.868987190000001e-08	8.93537893e-09	2.6233749300000006e-12	5.9305536400000005e-09	0.0	0.0	0.0	0.0	0.0
-14.04352442	6.146351e-09	5.564788579999999e-10	1.63391252e-13	3.69394074e-10	0.0	0.0	0.0	0.0	0.0
-14.01152442	3.1387227720000003e-10	2.8413887000000003e-11	8.34361861e-15	1.88626813e-11	0.0	0.0	0.0	0.0	0.0
-13.97952442	1.313585e-11	1.1891586339999999e-12	3.4920483900000003e-16	7.894682180000001e-13	0.0	0.0	0.0	0.0	0.0
-13.94752442	4.5264216899999996e-13	4.09769257e-14	1.2031739700000001e-17	2.7202973299999998e-14	0.0	0.0	0.0	0.0	0.0
-13.916524419999998	1.318444303e-14	1.1936096889999998e-15	3.5040612100000006e-19	7.922340109999999e-16	0.0	0.0	0.0	0.0	0.0
-13.884524420000002	0.0	0.0	0.0	0.0	0.0	0.0	0.0	0.0	0.0
-13.852524420000002	0.0	0.0	0.0	0.0	0.0	0.0	0.0	0.0	0.0
-13.82152442	0.0	0.0	0.0	0.0	0.0	0.0	0.0	0.0	0.0
-13.78952442	0.0	0.0	0.0	0.0	0.0	0.0	0.0	0.0	0.0
-13.75752442	0.0	0.0	0.0	0.0	0.0	0.0	0.0	0.0	0.0
-13.72652442	0.0	0.0	0.0	0.0	0.0	0.0	0.0	0.0	0.0
-13.69452442	0.0	0.0	0.0	0.0	0.0	0.0	0.0	0.0	0.0
-13.66252442	0.0	0.0	0.0	0.0	0.0	0.0	0.0	0.0	0.0
-13.63052442	0.0	0.0	0.0	0.0	0.0	0.0	0.0	0.0	0.0
-13.599524420000002	0.0	0.0	0.0	0.0	0.0	0.0	0.0	0.0	0.0
-13.567524420000002	0.0	0.0	0.0	0.0	0.0	0.0	0.0	0.0	0.0
-13.535524420000002	0.0	0.0	0.0	0.0	0.0	0.0	0.0	0.0	0.0
-13.50452442	0.0	0.0	0.0	0.0	0.0	0.0	0.0	0.0	0.0
-13.47252442	0.0	0.0	0.0	0.0	0.0	0.0	0.0	0.0	0.0
-13.44052442	0.0	0.0	0.0	0.0	0.0	0.0	0.0	0.0	0.0
-13.40952442	0.0	0.0	0.0	0.0	0.0	0.0	0.0	0.0	0.0
-13.37752442	0.0	0.0	0.0	0.0	0.0	0.0	0.0	0.0	0.0
-13.34552442	0.0	0.0	0.0	0.0	0.0	0.0	0.0	0.0	0.0
-13.31352442	0.0	0.0	0.0	0.0	0.0	0.0	0.0	0.0	0.0
-13.282524420000001	4.156032999999999e-15	5.4971910000000005e-16	3.514499848e-17	5.855055749999999e-16	0.0	0.0	0.0	0.0	0.0
-13.250524420000001	1.641542e-13	2.1713329e-14	1.3882110417999997e-15	2.3131499900000003e-14	0.0	0.0	0.0	0.0	0.0
-13.218524420000001	5.062125e-12	6.694810000000001e-13	4.2804923229999997e-14	7.131368019999998e-13	0.0	0.0	0.0	0.0	0.0
-13.187524419999999	1.2766059999999999e-10	1.6883862e-11	1.0794529358e-12	1.7985768399999997e-11	0.0	0.0	0.0	0.0	0.0
-13.155524419999999	2.63891e-09	3.4898360000000003e-10	2.231942969e-11	3.71796486e-10	0.0	0.0	0.0	0.0	0.0
-13.123524419999999	4.472661e-08	5.913971e-09	3.7818368929999994e-10	6.3011882e-09	0.0	0.0	0.0	0.0	0.0
-13.09252442	6.214221000000001e-07	8.218385e-08	5.254191033000001e-09	8.7541539e-08	0.0	0.0	0.0	0.0	0.0
-13.06052442	7.0787820000000015e-06	9.363883000000001e-07	5.986865873999998e-08	9.974098e-07	0.0	0.0	0.0	0.0	0.0
-13.02852442	6.614e-05	8.747843e-06	5.592964384000001e-07	9.318144e-06	0.0	0.0	0.0	0.0	0.0
-12.99652442	0.0005068041000000001	6.70298e-05	4.2851950649999994e-06	7.14098464e-05	0.0	0.0	0.0	0.0	0.0
-12.965524420000001	0.0031854100000000005	0.00042123820000000006	2.6933794859999998e-05	0.000448785757	0.0	0.0	0.0	0.0	0.0
-12.933524420000001	0.01641997	0.0021716311000000003	0.00013885111550999998	0.002313385	0.0	0.0	0.0	0.0	0.0
-12.901524420000001	0.06944752	0.009185384000000001	0.0005872307262	0.009783694400000001	0.0	0.0	0.0	0.0	0.0
-12.870524419999999	0.240973	0.03186938	0.002037943707	0.0339541782	0.0	0.0	0.0	0.0	0.0
-12.838524419999999	0.6860358	0.09073721000000001	0.005801671488000002	0.096649172	0.0	0.0	0.0	0.0	0.0
-12.806524419999999	1.6025019999999999	0.21197293	0.013551941179999999	0.225795887	0.0	0.0	0.0	0.0	0.0
-12.77552442	3.0718259999999997	0.40639459999999994	0.02597930642	0.432815359	0.0	0.0	0.0	0.0	0.0
-12.74352442	4.832896	0.6391912	0.04086693291999999	0.681014219	0.0	0.0	0.0	0.0	0.0
-12.71152442	6.2400090000000015	0.8253258000000001	0.052765024189999996	0.8790403499999999	0.0	0.0	0.0	0.0	0.0
-12.67952442	6.611172	0.8743607	0.05590063606000001	0.9313925100000001	0.0	0.0	0.0	0.0	0.0
-12.648524420000001	5.748542000000001	0.7602616000000001	0.0486118953	0.8098387900000001	0.0	0.0	0.0	0.0	0.0
-12.616524420000001	4.101141	0.5424724	0.03468376508999999	0.5778268740000001	0.0	0.0	0.0	0.0	0.0
-12.584524420000001	2.4018789999999997	0.3176692	0.020307402850000003	0.33841857700000005	0.0	0.0	0.0	0.0	0.0
-12.553524419999999	1.15412	0.15265186	0.009759999152000001	0.162607937	0.0	0.0	0.0	0.0	0.0
-12.521524419999999	0.45512669999999994	0.060197600000000004	0.0038487709429999998	0.0641235046	0.0	0.0	0.0	0.0	0.0
-12.489524419999999	0.1472485	0.019474309999999998	0.0012452376814000002	0.020745483600000003	0.0	0.0	0.0	0.0	0.0
-12.45852442	0.03909065999999999	0.005169902	0.0003305592947999999	0.0055067790699999996	0.0	0.0	0.0	0.0	0.0
-12.42652442	0.008512088	0.0011259376	7.198686492000001e-05	0.0011994330899999998	0.0	0.0	0.0	0.0	0.0
-12.39452442	0.0015208819999999999	0.00020114221	1.2860586848999999e-05	0.000214291786	0.0	0.0	0.0	0.0	0.0
-12.36252442	0.0002228817	2.948137e-05	1.8844653250000002e-06	3.1402292699999995e-05	0.0	0.0	0.0	0.0	0.0
-12.331524420000001	2.6789550000000002e-05	3.5432490000000005e-06	2.2650603099999996e-07	3.7747631999999998e-06	0.0	0.0	0.0	0.0	0.0
-12.299524420000001	2.640705e-06	3.4920000000000003e-07	2.233443642e-08	3.7203192900000004e-07	0.0	0.0	0.0	0.0	0.0
-12.26752442	2.1345499999999997e-07	2.822666e-08	1.8050244349999998e-09	3.0075269199999996e-08	0.0	0.0	0.0	0.0	0.0
-12.236524419999999	1.414676e-08	1.8709253e-09	1.1962126575e-10	1.99301149e-09	0.0	0.0	0.0	0.0	0.0
-12.204524419999998	7.687238e-10	1.0166633999999999e-10	6.50032943e-12	1.0830229e-10	0.0	0.0	0.0	0.0	0.0
-12.172524419999998	3.424024999999999e-11	4.527559e-12	2.8950828430000007e-13	4.82339109e-12	0.0	0.0	0.0	0.0	0.0
-12.14152442	1.250928e-12	1.6544699000000004e-13	1.0578418687999998e-14	1.7624092600000004e-13	0.0	0.0	0.0	0.0	0.0
-12.10952442	3.740694e-14	4.946562e-15	3.162519898e-16	5.269484649999999e-15	0.0	0.0	0.0	0.0	0.0
-12.07752442	0.0	0.0	0.0	0.0	0.0	0.0	0.0	0.0	0.0
-12.04552442	0.0	0.0	0.0	0.0	0.0	0.0	0.0	0.0	0.0
-12.01452442	0.0	0.0	0.0	0.0	0.0	0.0	0.0	0.0	0.0
-11.98252442	0.0	0.0	0.0	0.0	0.0	0.0	0.0	0.0	0.0
-11.95052442	0.0	0.0	0.0	0.0	0.0	0.0	0.0	0.0	0.0
-11.919524419999998	0.0	0.0	0.0	0.0	0.0	0.0	0.0	0.0	0.0
-11.887524419999998	0.0	0.0	0.0	0.0	0.0	0.0	0.0	0.0	0.0
-11.855524419999998	0.0	0.0	0.0	0.0	0.0	0.0	0.0	0.0	0.0
-11.82452442	0.0	0.0	0.0	0.0	0.0	0.0	0.0	0.0	0.0
-11.79252442	0.0	0.0	0.0	0.0	0.0	0.0	0.0	0.0	0.0
-11.76052442	0.0	0.0	0.0	0.0	0.0	0.0	0.0	0.0	0.0
-11.72852442	0.0	0.0	0.0	0.0	0.0	0.0	0.0	0.0	0.0
-11.69752442	0.0	0.0	0.0	0.0	0.0	0.0	0.0	0.0	0.0
-11.66552442	1.4360712999999998e-15	7.272889500000001e-16	1.11713162e-18	4.0063344509e-16	0.0	0.0	0.0	0.0	0.0
-11.63352442	4.020816000000001e-14	2.03635447e-14	3.128056069999999e-17	1.1216928622e-14	0.0	0.0	0.0	0.0	0.0
-11.602524420000002	1.3082210999999999e-12	6.6258018e-13	1.01771025e-15	3.64926993626e-13	0.0	0.0	0.0	0.0	0.0
-11.570524420000002	3.497162e-11	1.77103771e-11	2.7204051699999996e-14	9.7563742827e-12	0.0	0.0	0.0	0.0	0.0
-11.538524420000002	7.663034e-10	3.8809764999999996e-10	5.960295799999998e-13	2.13766708356e-10	0.0	0.0	0.0	0.0	0.0
-11.50752442	1.3765126e-08	6.9706005e-09	1.07077748e-11	3.8398751714e-09	0.0	0.0	0.0	0.0	0.0
-11.47552442	2.0271005e-07	1.0266843700000001e-07	1.57693789e-10	5.6549202173e-08	0.0	0.0	0.0	0.0	0.0
-11.44352442	2.4479900000000003e-06	1.2397247599999998e-06	1.9038773200000003e-09	6.8296042989e-07	0.0	0.0	0.0	0.0	0.0
-11.41152442	2.4238534999999997e-05	1.2274905699999998e-05	1.8854767900000006e-08	6.761260045e-06	0.0	0.0	0.0	0.0	0.0
-11.38052442	0.00019683709999999998	9.969545900000002e-05	1.5311923299999998e-07	5.4902076428e-05	0.0	0.0	0.0	0.0	0.0
-11.34852442	0.0013110409	0.00066391483	1.01994514e-06	0.000365680475447	0.0	0.0	0.0	0.0	0.0
-11.31652442	0.0071618260000000005	0.0036277443999999997	5.571948299999999e-06	0.0019982248648	0.0	0.0	0.0	0.0	0.0
-11.285524420000002	0.032104009999999995	0.016257933300000003	2.49776096e-05	0.0089564834591	0.0	0.0	0.0	0.0	0.0
-11.253524420000002	0.11804728	0.05978839	9.182871799999999e-05	0.0329350652166	0.0	0.0	0.0	0.0	0.0
-11.221524420000001	0.35614320000000005	0.180363261	0.000277021153	0.099354516975	0.0	0.0	0.0	0.0	0.0
-11.19052442	0.8817237	0.44650398	0.0006857934699999998	0.245887361822	0.0	0.0	0.0	0.0	0.0
-11.158524419999999	1.7908621000000005	0.9070270100000001	0.0013931386900000002	0.49958128115	0.0	0.0	0.0	0.0	0.0
-11.12652442	2.9854243	1.51186049	0.0023229049799999998	0.83270850192	0.0	0.0	0.0	0.0	0.0
-11.09452442	4.084016	2.06823514	0.0031768532200000007	1.13926850267	0.0	0.0	0.0	0.0	0.0
-11.06352442	4.585153999999999	2.3220309400000003	0.0035662140100000002	1.2789829214400001	0.0	0.0	0.0	0.0	0.0
-11.03152442	4.224340999999999	2.1393485699999997	0.00328662406	1.17841769173	0.0	0.0	0.0	0.0	0.0
-10.99952442	3.1940659999999994	1.6176108	0.0024845496700000003	0.8909979349899999	0.0	0.0	0.0	0.0	0.0
-10.96852442	1.9819962	1.00370056	0.0015417629500000002	0.55294680289	0.0	0.0	0.0	0.0	0.0
-10.93652442	1.0092499	0.51111355	0.0007851127599999999	0.28155347308	0.0	0.0	0.0	0.0	0.0
-10.90452442	0.42167780000000005	0.21356180200000002	0.000328053413	0.117621368767	0.0	0.0	0.0	0.0	0.0
-10.87352442	0.14456544000000002	0.07321720500000001	0.00011246560800000001	0.040327608136000004	0.0	0.0	0.0	0.0	0.0
-10.84152442	0.04067181	0.020597595	3.163631510000001e-05	0.0113448829155	0.0	0.0	0.0	0.0	0.0
-10.80952442	0.009387697	0.0047533422999999995	7.3021788e-06	0.0026185344815	0.0	0.0	0.0	0.0	0.0
-10.77752442	0.0017771678000000001	0.00090007603	1.3825645600000003e-06	0.00049581522255	0.0	0.0	0.0	0.0	0.0
-10.74652442	0.00027602044	0.000139789755	2.1474419900000001e-07	7.7002680893e-05	0.0	0.0	0.0	0.0	0.0
-10.71452442	3.516238e-05	1.7807688e-05	2.7356449100000006e-08	9.8076205887e-06	0.0	0.0	0.0	0.0	0.0
-10.68252442	3.6736210000000002e-06	1.8604180699999997e-06	2.8577288700000004e-09	1.0247483599e-06	0.0	0.0	0.0	0.0	0.0
-10.65152442	3.1711809999999996e-07	1.6029985699999998e-07	2.53678573e-10	8.8909968e-08	0.0	0.0	0.0	0.0	0.0
-10.61952442	6.232850000000001e-08	2.669444e-08	1.6417049560000003e-10	2.4724768e-08	0.0	0.0	0.0	0.0	0.0
-10.58752442	5.499776e-07	2.1211617e-07	2.0063160446e-09	2.53459961e-07	0.0	0.0	0.0	0.0	0.0
-10.55652442	6.136809999999999e-06	2.3657297e-06	2.2430496405999997e-08	2.8316095299999998e-06	0.0	0.0	0.0	0.0	0.0
-10.52452442	5.629539e-05	2.1694726999999998e-05	2.0567351057999998e-07	2.59681932e-05	0.0	0.0	0.0	0.0	0.0
-10.49252442	0.0004234385	0.00016320925999999998	1.54759684127e-06	0.00019537370199999997	0.0	0.0	0.0	0.0	0.0
-10.46052442	0.002612928	0.0010070802799999998	9.5489390016e-06	0.0012055394840000003	0.0	0.0	0.0	0.0	0.0
-10.42952442	0.013225086	0.0050971887	4.8331255612000006e-05	0.006102273300000001	0.0	0.0	0.0	0.0	0.0
-10.39752442	0.05491662	0.02116581	0.000200651407781	0.02533424	0.0	0.0	0.0	0.0	0.0
-10.36552442	0.18707929999999998	0.072096672	0.00068375281839	0.0863189028	0.0	0.0	0.0	0.0	0.0
-10.33452442	0.5229232	0.20156036000000002	0.0019107940018900003	0.241289538	0.0	0.0	0.0	0.0	0.0
-10.30252442	1.1993989000000003	0.46232382	0.004383353582999999	0.553517839	0.0	0.0	0.0	0.0	0.0
-10.27052442	2.2576539999999996	0.8701553999999999	0.008250237479600001	1.041578143	0.0	0.0	0.0	0.0	0.0
-10.23952442	3.487080000000001	1.343986	0.012742969722999998	1.608849253	0.0	0.0	0.0	0.0	0.0
-10.20752442	4.419881	1.7036297	0.016156944495100006	2.0394254600000004	0.0	0.0	0.0	0.0	0.0
-10.17552442	4.597943	1.7722152000000002	0.016798791286100002	2.1214358800000004	0.0	0.0	0.0	0.0	0.0
-10.14352442	3.9252570000000007	1.5129107	0.0143449905609	1.81114129	0.0	0.0	0.0	0.0	0.0
-10.11252442	2.749813	1.05987715	0.0100501354003	1.268805709	0.0	0.0	0.0	0.0	0.0
-10.08052442	1.5811619999999997	0.60945034	0.005777874146800001	0.7294478419999999	0.0	0.0	0.0	0.0	0.0
-10.04852442	0.7459804999999999	0.28752094	0.0027261720973000003	0.34414686599999994	0.0	0.0	0.0	0.0	0.0
-10.01752442	0.2887942	0.11130051499999999	0.00105543513101	0.13324102349999997	0.0	0.0	0.0	0.0	0.0
-9.98552442	0.09173193	0.035358239	0.00033522237562	0.0423277871	0.0	0.0	0.0	0.0	0.0
-9.95352442	0.02391053	0.009216010799999999	8.737376443599999e-05	0.01103226459	0.0	0.0	0.0	0.0	0.0
-9.92252442	0.005112854	0.0019704614000000003	1.8682063220800003e-05	0.0023588641	0.0	0.0	0.0	0.0	0.0
-9.89052442	0.0008967509000000001	0.0003455913399999999	3.2773930045e-06	0.00041379222199999994	0.0	0.0	0.0	0.0	0.0
-9.85852442	0.00012902692	4.97338e-05	4.7158130454000003e-07	5.95210254e-05	0.0	0.0	0.0	0.0	0.0
-9.82652442	1.5224920000000002e-05	5.8680914e-06	5.5649404032e-08	7.02470404e-06	0.0	0.0	0.0	0.0	0.0
-9.79552442	1.4734109999999998e-06	5.6784678e-07	5.3841492784e-09	6.797489870000001e-07	0.0	0.0	0.0	0.0	0.0
-9.76352442	1.1692728999999999e-07	4.5068920000000006e-08	4.2725677996000004e-10	5.39498567e-08	0.0	0.0	0.0	0.0	0.0
-9.73152442	7.608203e-09	2.9326588000000005e-09	2.7806108729999997e-11	3.5098180100000002e-09	0.0	0.0	0.0	0.0	0.0
-9.70052442	4.058426e-10	1.5641542999999997e-10	1.48311392539e-12	1.872552605e-10	0.0	0.0	0.0	0.0	0.0
-9.66852442	1.774593e-11	6.8393475000000005e-12	6.4847797566e-14	8.188072e-12	0.0	0.0	0.0	0.0	0.0
-9.63652442	6.389215999999999e-13	2.4623621e-13	2.3344528824999998e-15	2.94778412e-13	0.0	0.0	0.0	0.0	0.0
-9.60552442	1.742282e-14	6.715476799999999e-15	6.366465139799998e-17	8.037961239999999e-15	0.0	0.0	0.0	0.0	0.0
-9.57352442	0.0	0.0	0.0	0.0	0.0	0.0	0.0	0.0	0.0
-9.54152442	2.438607e-15	3.97144812e-15	6.7463067e-19	1.66248387e-15	0.0	0.0	0.0	0.0	0.0
-9.50952442	9.021931e-14	1.4693115e-13	2.4960651100000003e-17	6.15033473e-14	0.0	0.0	0.0	0.0	0.0
-9.47852442	2.71978e-12	4.429259970000001e-12	7.524586429999999e-16	1.85455378e-12	0.0	0.0	0.0	0.0	0.0
-9.44652442	6.729281e-11	1.0959405300000001e-10	1.8616726899999996e-14	4.5878162e-11	0.0	0.0	0.0	0.0	0.0
-9.41452442	1.3650279999999998e-09	2.22328816e-09	3.77644688e-13	9.30486635e-10	0.0	0.0	0.0	0.0	0.0
-9.38352442	2.2696470000000004e-08	3.6960406199999995e-08	6.279738449999999e-12	1.547320587e-08	0.0	0.0	0.0	0.0	0.0
-9.35152442	3.094144e-07	5.039328360000001e-07	8.560362049999999e-11	2.10966163e-07	0.0	0.0	0.0	0.0	0.0
-9.31952442	3.4589280000000004e-06	5.63250239e-06	9.569180370000002e-10	2.35791381e-06	0.0	0.0	0.0	0.0	0.0
-9.28852442	3.17084e-05	5.1640306199999994e-05	8.771556429999998e-09	2.16163238e-05	0.0	0.0	0.0	0.0	0.0
-9.25652442	0.00023840319999999997	0.000388204601	6.594910009999999e-08	0.00016251198419999998	0.0	0.0	0.0	0.0	0.0
-9.22452442	0.001470086	0.0023936546	4.0673754400000004e-07	0.0010022031139999999	0.0	0.0	0.0	0.0	0.0
-9.19252442	0.007437419	0.012111334599999997	2.0573187900000004e-06	0.00506994991	0.0	0.0	0.0	0.0	0.0
-9.16152442	0.030862860000000002	0.05025754930000001	8.5376858e-06	0.0210416959	0.0	0.0	0.0	0.0	0.0
-9.12952442	0.10507248999999999	0.171129926	2.9071254200000005e-05	0.0716346554	0.0	0.0	0.0	0.0	0.0
-9.09752442	0.2935694	0.47805313299999996	8.120099130000001e-05	0.200102834	0.0	0.0	0.0	0.0	0.0
-9.06652442	0.6729171	1.09584053	0.00018616626900000004	0.458770419	0.0	0.0	0.0	0.0	0.0
-9.03452442	1.2658475	2.06104628	0.0003502049689999999	0.86283953	0.0	0.0	0.0	0.0	0.0
-9.00252442	1.954058	3.1817102200000003	0.0005404960650000001	1.3321723410000001	0.0	0.0	0.0	0.0	0.0
-8.97152442	2.475402	4.031114629999999	0.0006847869839999998	1.687589267	0.0	0.0	0.0	0.0	0.0
-8.93952442	2.5735229999999993	4.19067115	0.000711990289	1.75438122	0.0	0.0	0.0	0.0	0.0
-8.90752442	2.195857	3.57570642	0.000607450316	1.4968889929999998	0.0	0.0	0.0	0.0	0.0
-8.87552442	1.5375270000000003	2.50365009	0.000425365572	1.048134182	0.0	0.0	0.0	0.0	0.0
-8.84452442	0.8833722	1.4387205400000003	0.000244387683	0.602286458	0.0	0.0	0.0	0.0	0.0
-8.81252442	0.4165658000000001	0.6783731169999999	0.0001152419132	0.284013944	0.0	0.0	0.0	0.0	0.0
-8.78052442	0.16116729999999999	0.2624516479999999	4.459042040000001e-05	0.1098898888	0.0	0.0	0.0	0.0	0.0
-8.74952442	0.051173359999999994	0.08333363700000002	1.415549485e-05	0.034880706799999994	0.0	0.0	0.0	0.0	0.0
-8.71752442	0.013329467000000001	0.021705916399999997	3.6878152800000005e-06	0.00908749427	0.0	0.0	0.0	0.0	0.0
-8.68552442	0.002848572	0.004639204289999999	7.880947430000002e-07	0.0019417885	0.0	0.0	0.0	0.0	0.0
-8.65452442	0.0004993208	0.0008131731259999999	1.381356701e-07	0.00034043049399999994	0.0	0.0	0.0	0.0	0.0
-8.62252442	7.181075e-05	0.00011693266200000001	1.9864186900000003e-08	4.89503269e-05	0.0	0.0	0.0	0.0	0.0
-8.59052442	8.467306000000003e-06	1.37905308e-05	2.34263989e-09	5.77370732e-06	0.0	0.0	0.0	0.0	0.0
-8.55852442	8.190422e-07	1.3339183000000002e-06	2.2659152200000003e-10	5.58317771e-07	0.0	0.0	0.0	0.0	0.0
-8.52752442	6.4961e-08	1.0579216600000002e-07	1.7971421610000003e-11	4.42875407e-08	0.0	0.0	0.0	0.0	0.0
-8.49552442	4.2243900000000005e-09	6.87960634e-09	1.168516213e-12	2.8794361400000003e-09	0.0	0.0	0.0	0.0	0.0
-8.46352442	2.251969e-10	3.6674052300000004e-10	6.23001091e-14	1.5352727569999999e-10	0.0	0.0	0.0	0.0	0.0
-8.43252442	9.842201e-12	1.60281818e-11	2.7232181499999996e-15	6.70876349e-12	0.0	0.0	0.0	0.0	0.0
-8.40052442	3.5435729999999997e-13	5.77113839e-13	9.803161019999999e-17	2.4154988099999996e-13	0.0	0.0	0.0	0.0	0.0
-8.36852442	9.755467000000001e-15	1.5885164100000002e-14	2.69891598e-18	6.64953604e-15	0.0	0.0	0.0	0.0	0.0
-8.33752442	0.0	0.0	0.0	0.0	0.0	0.0	0.0	0.0	0.0
-8.30552442	0.0	0.0	0.0	0.0	0.0	0.0	0.0	0.0	0.0
-8.27352442	0.0	0.0	0.0	0.0	0.0	0.0	0.0	0.0	0.0
-8.24152442	0.0	0.0	0.0	0.0	0.0	0.0	0.0	0.0	0.0
-8.21052442	0.0	0.0	0.0	0.0	0.0	0.0	0.0	0.0	0.0
-8.17852442	0.0	0.0	0.0	0.0	0.0	0.0	0.0	0.0	0.0
-8.14652442	0.0	0.0	0.0	0.0	0.0	0.0	0.0	0.0	0.0
-8.11552442	0.0	0.0	0.0	0.0	0.0	0.0	0.0	0.0	0.0
-8.08352442	0.0	0.0	0.0	0.0	0.0	0.0	0.0	0.0	0.0
-8.05152442	0.0	0.0	0.0	0.0	0.0	0.0	0.0	0.0	0.0
-8.02052442	0.0	0.0	0.0	0.0	0.0	0.0	0.0	0.0	0.0
-7.988524419999999	0.0	0.0	0.0	0.0	0.0	0.0	0.0	0.0	0.0
-7.956524419999999	1.6268774e-15	2.5019003000000002e-15	1.407108962e-17	3.1946644190000002e-15	0.0	0.0	0.0	0.0	0.0
-7.924524419999999	6.561264999999999e-14	1.0092286e-13	5.67591047e-16	1.288557957e-13	0.0	0.0	0.0	0.0	0.0
-7.89352442	1.9704377e-12	3.0307597999999998e-12	1.704516061e-14	3.86972648e-12	0.0	0.0	0.0	0.0	0.0
-7.86152442	4.8518243e-11	7.461532e-11	4.19657694e-13	9.526620299999998e-11	0.0	0.0	0.0	0.0	0.0
-7.82952442	9.7922375e-10	1.5059373999999999e-09	8.47020592e-12	1.9229123090000004e-09	0.0	0.0	0.0	0.0	0.0
-7.79852442	1.6201386999999998e-08	2.4918562e-08	1.4014605110000004e-10	3.181596883e-08	0.0	0.0	0.0	0.0	0.0
-7.76652442	2.1978243999999996e-07	3.3801912999999997e-07	1.9010465099999997e-09	4.3164070199999997e-07	0.0	0.0	0.0	0.0	0.0
-7.73452442	2.444824e-06	3.7600458e-06	2.1142178630000003e-08	4.80095605e-06	0.0	0.0	0.0	0.0	0.0
-7.703524420000001	2.2299485999999994e-05	3.4297513e-05	1.9288839549999998e-07	4.3791713899999996e-05	0.0	0.0	0.0	0.0	0.0
-7.671524420000001	0.00016684395000000001	0.00025657762	1.4430724580000003e-06	0.00032763958449999995	0.0	0.0	0.0	0.0	0.0
-7.639524420000001	0.0010236532	0.0015745599	8.85446328e-06	0.00201046825	0.0	0.0	0.0	0.0	0.0
-7.607524420000001	0.0051532344	0.007925183	4.45751344e-05	0.01012032694	0.0	0.0	0.0	0.0	0.0
-7.57652442	0.021279483999999994	0.032729136	0.00018406380729999995	0.0417904414	0.0	0.0	0.0	0.0	0.0
-7.54452442	0.07209969699999999	0.11088212	0.0006235851770000001	0.1415772409	0.0	0.0	0.0	0.0	0.0
-7.51252442	0.20041801000000004	0.30824023	0.0017335971099999997	0.393585407	0.0	0.0	0.0	0.0	0.0
-7.4815244199999995	0.45716364000000004	0.7031054000000001	0.003954144339999999	0.8977654780000001	0.0	0.0	0.0	0.0	0.0
-7.4495244199999995	0.8556294200000001	1.3160761	0.0074017891	1.680436539	0.0	0.0	0.0	0.0	0.0
-7.4175244199999995	1.3144382	2.021546	0.011369284160000001	2.5813732259999997	0.0	0.0	0.0	0.0	0.0
-7.386524420000001	1.6569984	2.5485186	0.01433309541	3.2540212830000006	0.0	0.0	0.0	0.0	0.0
-7.354524420000001	1.7140201000000002	2.6363583999999998	0.014827274369999997	3.366335193	0.0	0.0	0.0	0.0	0.0
-7.322524420000001	1.4553013	2.2383005	0.012587672850000002	2.85803349	0.0	0.0	0.0	0.0	0.0
-7.290524420000001	1.0140762	1.5594883999999998	0.008771246849999999	1.9912220969999999	0.0	0.0	0.0	0.0	0.0
-7.25952442	0.5798028799999999	0.8917932	0.00501533625	1.1385370430000001	0.0	0.0	0.0	0.0	0.0
-7.22752442	0.27203918	0.41838882999999993	0.00235356117	0.534232665	0.0	0.0	0.0	0.0	0.0
-7.19552442	0.10474428000000002	0.16108414	0.000905994993	0.20569664000000001	0.0	0.0	0.0	0.0	0.0
-7.164524419999999	0.03312070500000001	0.05090581	0.0002863747419999999	0.06500040200000001	0.0	0.0	0.0	0.0	0.0
-7.132524419999999	0.00882415	0.013320899999999998	7.51605989e-05	0.017074274	0.0	0.0	0.0	0.0	0.0
-7.100524419999999	0.0033887300000000004	0.003621775	2.19243928e-05	0.00503616	0.0	0.0	0.0	0.0	0.0
-7.0695244200000005	0.00839801	0.0047059632	3.44970194e-05	0.008135549999999998	0.0	0.0	0.0	0.0	0.0
-7.0375244200000004	0.03426243	0.017926142399999997	0.0001348631113	0.031890331	0.0	0.0	0.0	0.0	0.0
-7.00552442	0.11889633	0.062050726900000006	0.0004672031607	0.11050552999999999	0.0	0.0	0.0	0.0	0.0
-6.97352442	0.3388873	0.17686915	0.0013318705639999999	0.31498676000000003	0.0	0.0	0.0	0.0	0.0
-6.94252442	0.7927246000000001	0.41379399990000004	0.00311521382	0.7367893000000001	0.0	0.0	0.0	0.0	0.0
-6.91052442	1.5215742	0.7942062105	0.005980490856000001	1.4142685999999998	0.0	0.0	0.0	0.0	0.0
-6.87852442	2.3969862000000006	1.2509098315	0.009420081639000004	2.2278609	0.0	0.0	0.0	0.0	0.0
-6.847524419999999	3.0983709999999998	1.6170717285	0.01217724717	2.8798734	0.0	0.0	0.0	0.0	0.0
-6.815524419999999	3.2869420000000007	1.7153672546000003	0.01291879217	3.0551104	0.0	0.0	0.0	0.0	0.0
-6.783524419999999	2.8617909999999993	1.4936529957999998	0.01124697711	2.659824	0.0	0.0	0.0	0.0	0.0
-6.75252442	2.0445542	1.0670498828000001	0.008035878396	1.9005414	0.0	0.0	0.0	0.0	0.0
-6.72052442	1.1988577999999999	0.6257221558	0.004711577551000001	1.1143678	0.0	0.0	0.0	0.0	0.0
-6.68852442	0.5768554999999999	0.30105355978000004	0.002267544728	0.5361266	0.0	0.0	0.0	0.0	0.0
-6.65652442	0.22775804000000005	0.1188735115	0.0008950866441	0.211697	0.0	0.0	0.0	0.0	0.0
-6.62552442	0.07378811	0.03850581321	0.0002899980949	0.06857816	0.0	0.0	0.0	0.0	0.0
-6.59352442	0.019613355000000006	0.010235896713	7.707453359999999e-05	0.018229763	0.0	0.0	0.0	0.0	0.0
-6.56152442	0.004277072	0.0022321118916	1.68092708e-05	0.0039749966	0.0	0.0	0.0	0.0	0.0
-6.530524420000001	0.0007651237999999998	0.0003993579059	3.0070814290000003e-06	0.0007111219	0.0	0.0	0.0	0.0	0.0
-6.498524420000001	0.00011228061	5.8594606089999994e-05	4.4128611740000003e-07	0.00010435716	0.0	0.0	0.0	0.0	0.0
-6.466524420000001	1.3532075999999996e-05	7.074820349999999e-06	5.345590650000001e-08	1.2568312e-05	0.0	0.0	0.0	0.0	0.0
-6.43552442	1.6072770000000003e-06	1.0176185e-06	1.0139750599999998e-08	1.369411e-06	0.0	0.0	0.0	0.0	0.0
-6.40352442	3.239692e-06	3.7375421999999996e-06	5.6507483000000016e-08	1.58762416e-06	0.0	0.0	0.0	0.0	0.0
-6.37152442	2.9402559000000003e-05	3.4556661e-05	5.2646951e-07	1.396835249e-05	0.0	0.0	0.0	0.0	0.0
-6.33952442	0.00022628194000000004	0.00026599750000000003	4.0519645e-06	0.0001074638659	0.0	0.0	0.0	0.0	0.0
-6.3085244199999995	0.0014287737999999998	0.0016795918	2.5588376000000005e-05	0.000678567452	0.0	0.0	0.0	0.0	0.0
-6.276524419999999	0.007400759999999999	0.008698717	0.000132511002	0.0035146644400000002	0.0	0.0	0.0	0.0	0.0
-6.244524419999999	0.03144523800000001	0.036962743	0.0005631218399999999	0.014934616160000002	0.0	0.0	0.0	0.0	0.0
-6.213524420000001	0.10962377	0.128868491	0.0019626467000000004	0.05206189909999999	0.0	0.0	0.0	0.0	0.0
-6.181524420000001	0.31354076	0.36857696	0.0056148352	0.14891414060000002	0.0	0.0	0.0	0.0	0.0
-6.1495244200000005	0.735967	0.86502077	0.0131781011	0.34954179939999996	0.0	0.0	0.0	0.0	0.0
-6.11852442	1.4173019999999998	1.6660012	0.025376359999999997	0.6731804400000001	0.0	0.0	0.0	0.0	0.0
-6.08652442	2.2401137	2.633222	0.04011472199999999	1.063848633	0.0	0.0	0.0	0.0	0.0
-6.05452442	2.9055689	3.4150895	0.05203457100000001	1.3798721559999998	0.0	0.0	0.0	0.0	0.0
-6.02252442	3.0926555000000002	3.6352172	0.055419717000000014	1.4687969599999997	0.0	0.0	0.0	0.0	0.0
-5.991524419999999	2.7017356	3.1757114	0.048704659000000004	1.283046535	0.0	0.0	0.0	0.0	0.0
-5.959524419999999	1.9376813	2.2767676999999997	0.036732459	0.9197699060000001	0.0	0.0	0.0	0.0	0.0
-5.927524419999999	1.144206	1.34001093	0.031005373	0.54164385	0.0	0.0	0.0	0.0	0.0
-5.89652442	0.5713252	0.65025282	0.05481131	0.2636583706	0.0	0.0	0.0	0.0	0.0
-5.86452442	0.29507680000000003	0.27248624000000005	0.16034207	0.11436448619999999	0.0	0.0	0.0	0.0	0.0
-5.83252442	0.30430949999999996	0.1439533	0.44790779999999997	0.07423842	0.0	0.0	0.0	0.0	0.0
-5.80152442	0.60829503	0.20973340000000001	1.0469688000000001	0.13489149199999997	0.0	0.0	0.0	0.0	0.0
-5.76952442	1.24965693	0.48560149999999996	2.0129954	0.325740929	0.0	0.0	0.0	0.0	0.0
-5.73752442	2.21073905	1.0208822	3.177644	0.688769764	0.0	0.0	0.0	0.0	0.0
-5.70552442	3.2986073	1.7877039	4.116471000000001	1.20835539	0.0	0.0	0.0	0.0	0.0
-5.674524419999999	4.145784699999999	2.5831535999999997	4.378894	1.7483899119999997	0.0	0.0	0.0	0.0	0.0
-5.642524420000001	4.3855144	3.0750496000000003	3.82458	2.083036404	0.0	0.0	0.0	0.0	0.0
-5.610524420000001	3.8987570300000005	3.0119283999999995	2.7426870000000005	2.041965645	0.0	0.0	0.0	0.0	0.0
-5.57952442	2.90539316	2.4258047	1.6158742000000001	1.6451343850000002	0.0	0.0	0.0	0.0	0.0
-5.54752442	1.8094043499999997	1.60572845	0.7822867	1.0893782730000001	0.0	0.0	0.0	0.0	0.0
-5.51552442	0.9388133500000001	0.87314902	0.3112977	0.5926638129	0.0	0.0	0.0	0.0	0.0
-5.48452442	0.40458300399999997	0.39003869	0.10207880999999999	0.26476058849999995	0.0	0.0	0.0	0.0	0.0
-5.45252442	0.14472682800000003	0.14298472199999998	0.02901115	0.09707999939999999	0.0	0.0	0.0	0.0	0.0
-5.42052442	0.044335440200000006	0.043094542	0.014726683	0.029284968199999997	0.0	0.0	0.0	0.0	0.0
-5.3885244199999995	0.0181366546	0.010910533	0.039836833	0.0075648386	0.0	0.0	0.0	0.0	0.0
-5.357524420000001	0.030829718000000002	0.003368023	0.142548068	0.0029330224700000003	0.0	0.0	0.0	0.0	0.0
-5.325524420000001	0.08818648299999998	0.0050701869999999994	0.42966186399999995	0.00579645946	0.0	0.0	0.0	0.0	0.0
-5.293524420000001	0.222756127	0.016794869999999996	1.06373277	0.0191924354	0.0	0.0	0.0	0.0	0.0
-5.26252442	0.47349787000000004	0.05419325999999999	2.16194473	0.060378441399999996	0.0	0.0	0.0	0.0	0.0
-5.23052442	0.8578556500000001	0.15600204	3.60447527	0.170512517	0.0	0.0	0.0	0.0	0.0
-5.19852442	1.35658292	0.38901012	4.93625643	0.42010548299999995	0.0	0.0	0.0	0.0	0.0
-5.1675244199999995	1.9243108699999998	0.8216829	5.5522083900000005	0.881298592	0.0	0.0	0.0	0.0	0.0
-5.135524419999999	2.494914	1.4498258000000004	5.13162883	1.5495881899999997	0.0	0.0	0.0	0.0	0.0
-5.103524419999999	2.95280079	2.1200334000000005	3.9050564000000003	2.26051737	0.0	0.0	0.0	0.0	0.0
-5.071524419999999	3.1252131900000006	2.5553829000000006	2.4540815499999997	2.7229596899999997	0.0	0.0	0.0	0.0	0.0
-5.040524420000001	2.87749798	2.5352686	1.2795630999999998	2.69982706	0.0	0.0	0.0	0.0	0.0
-5.0085244200000005	2.25216169	2.0664089999999997	0.55929197	2.20000825	0.0	0.0	0.0	0.0	0.0
-4.9765244200000005	1.47566233	1.38364085	0.208183523	1.4728765199999998	0.0	0.0	0.0	0.0	0.0
-4.94552442	0.8019963549999999	0.7604166	0.06760415500000001	0.809340845	0.0	0.0	0.0	0.0	0.0
-4.91352442	0.3596695920000001	0.343057832	0.019680088000000002	0.36504779200000004	0.0	0.0	0.0	0.0	0.0
-4.88152442	0.132744291	0.12697071599999996	0.0052356830000000005	0.135123987	0.0	0.0	0.0	0.0	0.0
-4.850524419999999	0.04025461440000001	0.0385695342	0.0012720036000000005	0.0410405617	0.0	0.0	0.0	0.0	0.0
-4.818524419999999	0.010024550669999998	0.0096108902	0.00027639668	0.010228093879999999	0.0	0.0	0.0	0.0	0.0
-4.786524419999999	0.0020488411	0.00196497745	5.2270096e-05	0.0020915028899999998	0.0	0.0	0.0	0.0	0.0
-4.754524419999999	0.000343508556	0.00032961639100000003	8.402542699999999e-06	0.000350777982	0.0	0.0	0.0	0.0	0.0
-4.72352442	4.7266775000000005e-05	4.5346365e-05	1.1305490999999996e-06	4.8278681099999995e-05	0.0	0.0	0.0	0.0	0.0
-4.69152442	5.5433730999999996e-06	5.2574910000000004e-06	1.2913109000000003e-07	5.859196900000001e-06	0.0	0.0	0.0	0.0	0.0
-4.65952442	2.9086881999999998e-06	2.0942703999999998e-06	4.6604049000000004e-08	5.240592e-06	0.0	0.0	0.0	0.0	0.0
-4.62852442	2.2645432e-05	1.5204485999999998e-05	3.2846581600000005e-07	4.4366472500000004e-05	0.0	0.0	0.0	0.0	0.0
-4.59652442	0.00017348692090000004	0.00011642681999999998	2.51425279e-06	0.000340210117	0.0	0.0	0.0	0.0	0.0
-4.56452442	0.0010921538428	0.00073285534	1.5827762499999995e-05	0.00214151104	0.0	0.0	0.0	0.0	0.0
-4.533524419999999	0.005639539137	0.0037844626000000004	8.17317111e-05	0.0110594202	0.0	0.0	0.0	0.0	0.0
-4.501524420000001	0.023889966240999996	0.016029856999999998	0.000346271907	0.046845706	0.0	0.0	0.0	0.0	0.0
-4.469524420000001	0.08302189820999999	0.055714633	0.001203321639	0.162817266	0.0	0.0	0.0	0.0	0.0
-4.437524420000001	0.23676759194000002	0.15887240000000002	0.00343153633	0.46429223300000005	0.0	0.0	0.0	0.0	0.0
-4.40652442	0.5539569514999999	0.3717508599999999	0.008029260319999999	1.08636776	0.0	0.0	0.0	0.0	0.0
-4.37452442	1.0636615333000001	0.71383867	0.0154165214	2.08581252	0.0	0.0	0.0	0.0	0.0
-4.34252442	1.6760257677	1.1245615000000002	0.0242900993	3.28686549	0.0	0.0	0.0	0.0	0.0
-4.31152442	2.1676180754	1.4542829	0.031413732300000004	4.25023888	0.0	0.0	0.0	0.0	0.0
-4.2795244199999996	2.2994318045999997	1.5433726	0.0333283779	4.51039778	0.0	0.0	0.0	0.0	0.0
-4.2475244199999995	2.0029883397	1.3440557	0.029032098199999995	3.9277910300000003	0.0	0.0	0.0	0.0	0.0
-4.216524420000001	1.4315468181	0.9605749	0.020749529000000003	2.8072936399999997	0.0	0.0	0.0	0.0	0.0
-4.184524420000001	0.8395437265000001	0.56343172	0.01216951323	1.6466094	0.0	0.0	0.0	0.0	0.0
-4.152524420000001	0.4041880065	0.2712721	0.00585736117	0.7925557300000001	0.0	0.0	0.0	0.0	0.0
-4.120524420000001	0.159833339	0.10772284	0.0023161223399999994	0.313762072	0.0	0.0	0.0	0.0	0.0
-4.08952442	0.05305827	0.03818698	0.000766483014	0.10586417999999999	0.0	0.0	0.0	0.0	0.0
-4.05752442	0.01997139	0.02545557	0.000277891028	0.047712532800000006	0.0	0.0	0.0	0.0	0.0
-4.02552442	0.02682273	0.06418395	0.00034449973499999995	0.0853497369	0.0	0.0	0.0	0.0	0.0
-3.9945244199999994	0.0754314	0.19578979999999999	0.0009540389960000001	0.25083787659999995	0.0	0.0	0.0	0.0	0.0
-3.9625244199999994	0.19324659999999996	0.5041198	0.0024420163363000004	0.6444533052999999	0.0	0.0	0.0	0.0	0.0
-3.9305244199999994	0.4088240000000001	1.0669294	0.0051656619353	1.3637232799	0.0	0.0	0.0	0.0	0.0
-3.8995244200000005	0.7101372000000001	1.8530909999999998	0.008972788045999996	2.3684340601999994	0.0	0.0	0.0	0.0	0.0
-3.8675244200000005	1.0121673	2.6415460000000004	0.012789248538	3.3760930522	0.0	0.0	0.0	0.0	0.0
-3.8355244200000005	1.1840330000000003	3.089778	0.0149602228	3.9490974349999997	0.0	0.0	0.0	0.0	0.0
-3.8035244200000005	1.1365650000000003	2.9660219999999997	0.014361582519000002	3.790907783	0.0	0.0	0.0	0.0	0.0
-3.77252442	0.8954804000000001	2.336701	0.011313606432	2.9865824281	0.0	0.0	0.0	0.0	0.0
-3.74052442	0.5788805000000001	1.5108119999999998	0.0073152024600000014	1.930691538	0.0	0.0	0.0	0.0	0.0
-3.70852442	0.30714400000000003	0.8014278999999999	0.0038806086041999997	1.0243804663000002	0.0	0.0	0.0	0.0	0.0
-3.6775244199999992	0.13372849999999997	0.34895450000000006	0.0016896105455999999	0.44599837109999996	0.0	0.0	0.0	0.0	0.0
-3.645524419999999	0.04777035000000001	0.12469402000000002	0.0006036462274	0.1593544372	0.0	0.0	0.0	0.0	0.0
-3.613524419999999	0.014094499999999998	0.03666373	0.00017733112110000004	0.046808738499999995	0.0	0.0	0.0	0.0	0.0
-3.5825244200000004	0.003984306000000001	0.009608396	4.650418599999999e-05	0.011930392	0.0	0.0	0.0	0.0	0.0
-3.5505244200000003	0.004079266	0.006280428	4.269212100000001e-05	0.006081131	0.0	0.0	0.0	0.0	0.0
-3.5185244200000003	0.0156276686	0.020929674	0.00025863073	0.017915976	0.0	0.0	0.0	0.0	0.0
-3.4865244200000003	0.057907677	0.07698352	0.0016390569	0.065467212	0.0	0.0	0.0	0.0	0.0
-3.4555244199999997	0.177375436	0.23522717	0.0087534393	0.20000311999999998	0.0	0.0	0.0	0.0	0.0
-3.4235244199999997	0.44666989000000007	0.59012697	0.038854182999999994	0.50174674	0.0	0.0	0.0	0.0	0.0
-3.3915244199999997	0.9256387599999999	1.2149459	0.142524939	1.0328009	0.0	0.0	0.0	0.0	0.0
-3.360524420000001	1.58217012	2.0524994	0.43080561	1.7449903	0.0	0.0	0.0	0.0	0.0
-3.328524420000001	2.24009842	2.846264	1.07108467	2.4195333999999997	0.0	0.0	0.0	0.0	0.0
-3.296524420000001	2.64406067	3.2398699000000004	2.187787	2.7534495000000003	0.0	0.0	0.0	0.0	0.0
-3.26552442	2.62927521	3.0279458	3.6704223	2.5725113	0.0	0.0	0.0	0.0	0.0
-3.23352442	2.2359747499999996	2.3240915999999996	5.0544919	1.9734278	0.0	0.0	0.0	0.0	0.0
-3.20152442	1.65614903	1.4660753999999998	5.7142657	1.2434315	0.0	0.0	0.0	0.0	0.0
-3.16952442	1.0869595799999998	0.7610034000000001	5.302308	0.6441640000000001	0.0	0.0	0.0	0.0	0.0
-3.1385244200000004	0.63718201	0.32551440000000004	4.037744600000001	0.2746247	0.0	0.0	0.0	0.0	0.0
-3.1065244200000004	0.33191971000000003	0.11518753000000001	2.5236339	0.09660395	0.0	0.0	0.0	0.0	0.0
-3.0745244200000004	0.151375944	0.03390779000000001	1.29404327	0.028143460000000002	0.0	0.0	0.0	0.0	0.0
-3.04352442	0.0592913052	0.008379856	0.5447243	0.006836967	0.0	0.0	0.0	0.0	0.0
-3.0115244199999998	0.0196233433	0.0017635488	0.18811055999999998	0.0013999872999999998	0.0	0.0	0.0	0.0	0.0
-2.9795244199999997	0.005427698139999999	0.00032171951	0.053299918	0.0002453212	0.0	0.0	0.0	0.0	0.0
-2.94852442	0.0012445703699999998	5.179445999999999e-05	0.0123910097	3.747777e-05	0.0	0.0	0.0	0.0	0.0
-2.91652442	0.00023553747299999997	7.441459000000001e-06	0.0023627325	5.076119e-06	0.0	0.0	0.0	0.0	0.0
-2.88452442	3.6687275399999995e-05	9.525000999999999e-07	0.00036973949999999996	6.141307000000002e-07	0.0	0.0	0.0	0.0	0.0
-2.85252442	4.69610306e-06	1.07140448e-07	4.7432057e-05	6.598488999999999e-08	0.0	0.0	0.0	0.0	0.0
-2.8215244200000003	4.935742919999999e-07	1.0394067699999999e-08	4.992121300000001e-06	6.1943141e-09	0.0	0.0	0.0	0.0	0.0
-2.7895244200000002	4.25600112e-08	8.547356399999999e-10	4.3080009000000003e-07	4.9870243e-10	0.0	0.0	0.0	0.0	0.0
-2.75752442	3.00977798e-09	5.882614599999999e-11	3.0481655e-08	3.3880376999999995e-11	0.0	0.0	0.0	0.0	0.0
-2.7265244199999996	1.745373987e-10	3.36030664e-12	1.7684105999999999e-09	1.9209949400000002e-12	0.0	0.0	0.0	0.0	0.0
-2.6945244199999996	8.30309362e-12	1.5866168300000003e-13	8.4106759e-11	9.037568899999999e-14	0.0	0.0	0.0	0.0	0.0
-2.6625244199999996	3.2373041301e-13	6.10898401e-15	3.2798535e-12	3.4571343299999994e-15	0.0	0.0	0.0	0.0	0.0
-2.63152442	1.0249595356000001e-14	1.9339403400000002e-16	1.03842532e-13	1.0945770099999997e-16	0.0	0.0	0.0	0.0	0.0
-2.59952442	3.534301783100001e-16	6.668770710000001e-18	3.5804991e-15	3.7746774599999995e-18	0.0	0.0	0.0	0.0	0.0
-2.56752442	0.0	0.0	0.0	0.0	0.0	0.0	0.0	0.0	0.0
-2.53552442	0.0	0.0	0.0	0.0	0.0	0.0	0.0	0.0	0.0
-2.50452442	0.0	0.0	0.0	0.0	0.0	0.0	0.0	0.0	0.0
-2.47252442	0.0	0.0	0.0	0.0	0.0	0.0	0.0	0.0	0.0
-2.44052442	0.0	0.0	0.0	0.0	0.0	0.0	0.0	0.0	0.0
-2.4095244200000003	0.0	0.0	0.0	0.0	0.0	0.0	0.0	0.0	0.0
-2.3775244200000003	0.0	0.0	0.0	0.0	0.0	0.0	0.0	0.0	0.0
-2.3455244200000003	0.0	0.0	0.0	0.0	0.0	0.0	0.0	0.0	0.0
-2.3145244199999997	0.0	0.0	0.0	0.0	0.0	0.0	0.0	0.0	0.0
-2.2825244199999997	0.0	0.0	0.0	0.0	0.0	0.0	0.0	0.0	0.0
-2.2505244199999996	0.0	0.0	0.0	0.0	0.0	0.0	0.0	0.0	0.0
-2.2185244199999996	0.0	0.0	0.0	0.0	0.0	0.0	0.0	0.0	0.0
-2.18752442	0.0	0.0	0.0	0.0	0.0	0.0	0.0	0.0	0.0
-2.15552442	0.0	0.0	0.0	0.0	0.0	0.0	0.0	0.0	0.0
-2.12352442	0.0	0.0	0.0	0.0	0.0	0.0	0.0	0.0	0.0
-2.09252442	2.36960839e-19	4.029295699999999e-19	1.6263933069999998e-15	1.5105647800000001e-19	0.0	0.0	0.0	0.0	0.0
-2.06052442	5.688846110000001e-18	9.669715000000002e-18	3.90350342e-14	3.6251712400000005e-18	0.0	0.0	0.0	0.0	0.0
-2.02852442	1.9079449400000002e-16	3.2429208e-16	1.3093614360000003e-12	1.21594818e-16	0.0	0.0	0.0	0.0	0.0
-1.9975244200000004	5.13625225e-15	8.731635900000003e-15	3.524719066e-11	3.2731381199999997e-15	0.0	0.0	0.0	0.0	0.0
-1.9655244200000004	1.1336576240000002e-13	1.9271401000000004e-13	7.77998193e-10	7.2252646e-14	0.0	0.0	0.0	0.0	0.0
-1.9335244200000004	2.0512315200000006e-12	3.4871521e-12	1.40769044e-08	1.30722493e-12	0.0	0.0	0.0	0.0	0.0
-1.9015244200000003	3.04298488e-11	5.172690799999999e-11	2.08817297e-07	1.93923787e-11	0.0	0.0	0.0	0.0	0.0
-1.8705244199999997	3.7012070000000003e-10	6.291149500000001e-10	2.5398984129999997e-06	2.35903931e-10	0.0	0.0	0.0	0.0	0.0
-1.8385244199999997	3.69142804e-09	6.275324400000001e-09	2.533291841e-05	2.35215114e-09	0.0	0.0	0.0	0.0	0.0
-1.8065244199999997	3.02010388e-08	5.1333636999999995e-08	0.0002072224421	1.9246701700000006e-08	0.0	0.0	0.0	0.0	0.0
-1.77552442	2.0258817100000003e-07	3.443990300000001e-07	0.001390318974	1.2911203999999998e-07	0.0	0.0	0.0	0.0	0.0
-1.74352442	1.1149301550000003e-06	1.8956287999999996e-06	0.00765097193	7.105123400000002e-07	0.0	0.0	0.0	0.0	0.0
-1.71152442	5.033938779999999e-06	8.5553913e-06	0.03453900361	3.20785415e-06	0.0	0.0	0.0	0.0	0.0
-1.6805244200000002	1.8641007e-05	3.1684939999999995e-05	0.1279293248	1.1880152399999999e-05	0.0	0.0	0.0	0.0	0.0
-1.6485244200000002	5.664918840000001e-05	9.629431000000005e-05	0.3887354466	3.6105965399999993e-05	0.0	0.0	0.0	0.0	0.0
-1.6165244200000002	0.00014125953299999998	0.0002401361	0.9693732319999999	9.002307199999999e-05	0.0	0.0	0.0	0.0	0.0
-1.5845244200000002	0.00028906414799999996	0.00049126854	1.983342634	0.000184210616	0.0	0.0	0.0	0.0	0.0
-1.5535244199999996	0.0004853340070000001	0.0008249457099999999	3.330184376	0.00030922111800000006	0.0	0.0	0.0	0.0	0.0
-1.5215244200000004	0.000668651547	0.0011366856000000003	4.58835227	0.00042611374	0.0	0.0	0.0	0.0	0.0
-1.4895244200000004	0.000756122842	0.0012853830999999996	5.188686023	0.00048185860000000004	0.0	0.0	0.0	0.0	0.0
-1.4585244199999998	0.000701723001	0.0011928634000000003	4.815884587	0.0004472133699999999	0.0	0.0	0.0	0.0	0.0
-1.4265244199999998	0.0005343984479999999	0.0009084560000000001	3.6674364379999997	0.0003406318270000001	0.0	0.0	0.0	0.0	0.0
-1.3945244199999998	0.0003340009250000001	0.0005678247999999998	2.292144944	0.00021288583399999998	0.0	0.0	0.0	0.0	0.0
-1.36352442	0.000171309468	0.00029123080000000007	1.175581478	0.00010918453600000002	0.0	0.0	0.0	0.0	0.0
-1.33152442	7.209879630000002e-05	0.00012256740999999998	0.49479561240000003	4.595243200000001e-05	0.0	0.0	0.0	0.0	0.0
-1.29952442	2.4903138800000002e-05	4.233149e-05	0.1708872662	1.5871507300000003e-05	0.0	0.0	0.0	0.0	0.0
-1.26752442	7.056455690000001e-06	1.1994025999999998e-05	0.04842298266	4.4969193e-06	0.0	0.0	0.0	0.0	0.0
-1.2365244200000003	1.6403046200000002e-06	2.7882117e-06	0.01125604431	1.04536281e-06	0.0	0.0	0.0	0.0	0.0
-1.2045244200000003	3.12787494e-07	5.317700300000001e-07	0.002146682568	1.99411132e-07	0.0	0.0	0.0	0.0	0.0
-1.1725244200000002	4.893624489999999e-08	8.318897899999998e-08	0.0003358319428	3.118342879999999e-08	0.0	0.0	0.0	0.0	0.0
-1.1415244199999997	6.2796706699999996e-09	1.0674395000000002e-08	4.3102114829999996e-05	4.001712e-09	0.0	0.0	0.0	0.0	0.0
-1.1095244199999996	6.608221689999999e-10	1.1232529999999995e-09	4.535522649e-06	4.211473200000001e-10	0.0	0.0	0.0	0.0	0.0
-1.0775244199999996	5.70195332e-11	9.693395000000004e-11	3.913148134e-07	3.63394988e-11	0.0	0.0	0.0	0.0	0.0
-1.04652442	4.036248800000001e-12	6.859343499999999e-12	2.768859488e-08	2.57197311e-12	0.0	0.0	0.0	0.0	0.0
-1.0145244199999999	2.49660462e-13	3.980193200000001e-13	1.606597977e-09	1.4923325000000002e-13	0.0	0.0	0.0	0.0	0.0
-0.9825244199999998	4.694666000000002e-13	2.3557928000000003e-14	8.546110599999999e-11	8.7229813e-15	0.0	0.0	0.0	0.0	0.0
-0.9505244199999998	1.1083761430000001e-11	1.12755634e-13	2.2243865599999996e-10	3.9668915e-14	0.0	0.0	0.0	0.0	0.0
-0.9195244200000001	2.1972351119999998e-10	2.22076121e-12	4.34993388e-09	7.808353199999999e-13	0.0	0.0	0.0	0.0	0.0
-0.8875244200000001	3.5703444370000006e-09	3.6081113999999997e-11	7.0688598e-08	1.2687256899999998e-11	0.0	0.0	0.0	0.0	0.0
-0.8555244200000001	4.756957462e-08	4.8069698e-10	9.4188804e-07	1.6903043e-10	0.0	0.0	0.0	0.0	0.0
-0.8245244200000004	5.196784848999999e-07	5.2521738000000005e-09	1.02883419e-05	1.8469912800000002e-09	0.0	0.0	0.0	0.0	0.0
-0.7925244200000003	4.655705087e-06	4.7048908999999994e-08	9.2177856e-05	1.6545253199999995e-08	0.0	0.0	0.0	0.0	0.0
-0.7605244200000003	3.421267367999999e-05	3.4575751e-07	0.0006772220799999999	1.2156750500000002e-07	0.0	0.0	0.0	0.0	0.0
-0.7295244199999997	0.00020617652910000003	2.0838186599999998e-06	0.00408168106	7.3268453e-07	0.0	0.0	0.0	0.0	0.0
-0.6975244199999997	0.0010192266269999997	1.0301267599999998e-05	0.0201800602	3.6226371000000006e-06	0.0	0.0	0.0	0.0	0.0
-0.6655244199999997	0.004134135951	4.1775804e-05	0.081864371	1.4692643000000002e-05	0.0	0.0	0.0	0.0	0.0
-0.6335244199999996	0.01375710796	0.00013904064100000004	0.272406716	4.889022499999999e-05	0.0	0.0	0.0	0.0	0.0
-0.60252442	0.03756740786	0.00037965107	0.74379281	0.000133493653	0.0	0.0	0.0	0.0	0.0
-0.5705244199999999	0.08416347889999999	0.00085045865	1.66626851	0.00029906978000000003	0.0	0.0	0.0	0.0	0.0
-0.5385244199999999	0.1547399377	0.0015637723300000001	3.06360414	0.0005499746299999998	0.0	0.0	0.0	0.0	0.0
-0.5075244200000002	0.23346062489999997	0.0023597846299999994	4.6224259	0.00082964838	0.0	0.0	0.0	0.0	0.0
-0.47552442000000017	0.28906935380000004	0.0029218415	5.7235844	0.00102727903	0.0	0.0	0.0	0.0	0.0
-0.44352442000000014	0.29370176009999993	0.0029681867899999997	5.815597500000001	0.0010437883400000003	0.0	0.0	0.0	0.0	0.0
-0.41252441999999956	0.24494655260000003	0.0024755724200000006	4.8495048999999995	0.0008704539099999999	0.0	0.0	0.0	0.0	0.0
-0.3805244200000004	0.16758660300000003	0.00169406377	3.3187903999999997	0.00059568331	0.0	0.0	0.0	0.0	0.0
-0.3485244200000004	0.09413863340000002	0.0009513868500000001	1.86388822	0.00033451768999999995	0.0	0.0	0.0	0.0	0.0
-0.31652442000000036	0.04338441533	0.00043848784	0.85899729	0.00015418326300000004	0.0	0.0	0.0	0.0	0.0
-0.2855244199999998	0.016411477009999998	0.00016580724300000003	0.32484503000000003	5.8308936e-05	0.0	0.0	0.0	0.0	0.0
-0.25352441999999975	0.005091030338	5.1448480000000006e-05	0.100797587	1.80923236e-05	0.0	0.0	0.0	0.0	0.0
-0.22152441999999972	0.001296069555	1.3097844499999997e-05	0.025660922000000003	4.605923099999999e-06	0.0	0.0	0.0	0.0	0.0
-0.19052442000000003	0.0002707198566000001	2.73556429e-06	0.005359662500000001	9.619687700000003e-07	0.0	0.0	0.0	0.0	0.0
-0.15852442	4.637896023000001e-05	4.6869841e-07	0.0009182488	1.6481758500000004e-07	0.0	0.0	0.0	0.0	0.0
-0.12652441999999997	6.518367372999999e-06	6.586821500000002e-08	0.000129049842	2.31579449e-08	0.0	0.0	0.0	0.0	0.0
-0.09552442000000028	7.51288106e-07	7.5919574e-09	1.48735171e-05	2.6700670000000004e-09	0.0	0.0	0.0	0.0	0.0
-0.06352442000000025	7.101668952e-08	7.1762412e-10	1.4059978199999999e-06	2.5238216999999996e-10	0.0	0.0	0.0	0.0	0.0
-0.03152442000000022	5.504043579000001e-09	5.5616689e-11	1.08967207e-07	1.95552896e-11	0.0	0.0	0.0	0.0	0.0
0.00047557999999980893	3.497507080999999e-10	3.5344618000000005e-12	6.9248925000000004e-09	1.24298943e-12	0.0	0.0	0.0	0.0	0.0
0.03147558000000039	1.821941472e-11	1.8416354600000003e-13	3.60846216e-10	6.476210499999999e-14	0.0	0.0	0.0	0.0	0.0
0.06347558000000042	7.78302082e-13	7.8645961e-15	1.54092177e-11	2.7655515999999995e-15	0.0	0.0	0.0	0.0	0.0
0.09547558000000045	2.7312112880000004e-14	2.760798380000001e-16	5.4083665e-13	9.706687600000002e-17	0.0	0.0	0.0	0.0	0.0
0.12647558000000014	7.483866243e-16	7.5625295e-18	1.48162905e-14	2.6593933000000007e-18	0.0	0.0	0.0	0.0	0.0
0.15847558000000017	0.0	0.0	0.0	0.0	0.0	0.0	0.0	0.0	0.0
0.1904755800000002	0.0	0.0	0.0	0.0	0.0	0.0	0.0	0.0	0.0
0.2214755799999999	0.0	0.0	0.0	0.0	0.0	0.0	0.0	0.0	0.0
0.2534755799999999	0.0	0.0	0.0	0.0	0.0	0.0	0.0	0.0	0.0
0.28547557999999995	0.0	0.0	0.0	0.0	0.0	0.0	0.0	0.0	0.0
0.31747558	0.0	0.0	0.0	0.0	0.0	0.0	0.0	0.0	0.0
0.3484755799999997	0.0	0.0	0.0	0.0	0.0	0.0	0.0	0.0	0.0
0.3804755799999997	0.0	0.0	0.0	0.0	0.0	0.0	0.0	0.0	0.0
0.41247557999999973	0.0	0.0	0.0	0.0	0.0	0.0	0.0	0.0	0.0
0.4434755800000003	0.0	0.0	0.0	0.0	0.0	0.0	0.0	0.0	0.0
0.47547558000000034	0.0	0.0	0.0	0.0	0.0	0.0	0.0	0.0	0.0
0.5074755800000004	0.0	0.0	0.0	0.0	0.0	0.0	0.0	0.0	0.0
0.5384755800000001	0.0	0.0	0.0	0.0	0.0	0.0	0.0	0.0	0.0
0.5704755800000001	0.0	0.0	0.0	0.0	0.0	0.0	0.0	0.0	0.0
0.6024755800000001	0.0	0.0	0.0	0.0	0.0	0.0	0.0	0.0	0.0
0.6344755800000001	0.0	0.0	0.0	0.0	0.0	0.0	0.0	0.0	0.0
0.6654755799999998	0.0	0.0	0.0	0.0	0.0	0.0	0.0	0.0	0.0
0.6974755799999999	0.0	0.0	0.0	0.0	0.0	0.0	0.0	0.0	0.0
0.7294755799999999	0.0	0.0	0.0	0.0	0.0	0.0	0.0	0.0	0.0
0.7604755799999996	0.0	0.0	0.0	0.0	0.0	0.0	0.0	0.0	0.0
0.7924755799999996	0.0	0.0	0.0	0.0	0.0	0.0	0.0	0.0	0.0
0.8244755799999997	0.0	0.0	0.0	0.0	0.0	0.0	0.0	0.0	0.0
0.8554755799999998	0.0	0.0	0.0	0.0	0.0	0.0	0.0	0.0	0.0
0.8874755799999998	0.0	0.0	0.0	0.0	0.0	0.0	0.0	0.0	0.0
0.9194755799999998	0.0	0.0	0.0	0.0	0.0	0.0	0.0	0.0	0.0
0.9514755799999999	0.0	0.0	0.0	0.0	0.0	0.0	0.0	0.0	0.0
0.98247558	0.0	0.0	0.0	0.0	0.0	0.0	0.0	0.0	0.0
1.01447558	0.0	0.0	0.0	0.0	0.0	0.0	0.0	0.0	0.0
1.04647558	0.0	0.0	0.0	0.0	0.0	0.0	0.0	0.0	0.0
1.0774755800000002	0.0	0.0	0.0	0.0	0.0	0.0	0.0	0.0	0.0
1.1094755799999998	0.0	0.0	0.0	0.0	0.0	0.0	0.0	0.0	0.0
1.1414755799999998	0.0	0.0	0.0	0.0	0.0	0.0	0.0	0.0	0.0
1.17247558	0.0	0.0	0.0	0.0	0.0	0.0	0.0	0.0	0.0
1.20447558	0.0	0.0	0.0	0.0	0.0	0.0	0.0	0.0	0.0
1.23647558	0.0	0.0	0.0	0.0	0.0	0.0	0.0	0.0	0.0
1.26847558	0.0	0.0	0.0	0.0	0.0	0.0	0.0	0.0	0.0
1.2994755800000002	0.0	0.0	0.0	0.0	0.0	0.0	0.0	0.0	0.0
1.3314755800000002	0.0	0.0	0.0	0.0	0.0	0.0	0.0	0.0	0.0
1.3634755799999998	0.0	0.0	0.0	0.0	0.0	0.0	0.0	0.0	0.0
1.39447558	0.0	0.0	0.0	0.0	0.0	0.0	0.0	0.0	0.0
1.42647558	0.0	0.0	0.0	0.0	0.0	0.0	0.0	0.0	0.0
1.45847558	0.0	0.0	0.0	0.0	0.0	0.0	0.0	0.0	0.0
1.4894755800000001	0.0	0.0	0.0	0.0	0.0	0.0	0.0	0.0	0.0
1.5214755800000002	0.0	0.0	0.0	0.0	0.0	0.0	0.0	0.0	0.0
1.5534755800000002	0.0	0.0	0.0	0.0	0.0	0.0	0.0	0.0	0.0
1.5854755800000002	0.0	0.0	0.0	0.0	0.0	0.0	0.0	0.0	0.0
1.61647558	0.0	0.0	0.0	0.0	0.0	0.0	0.0	0.0	0.0
1.64847558	0.0	0.0	0.0	0.0	0.0	0.0	0.0	0.0	0.0
1.68047558	0.0	0.0	0.0	0.0	0.0	0.0	0.0	0.0	0.0
1.71147558	0.0	0.0	0.0	0.0	0.0	0.0	0.0	0.0	0.0
1.7434755800000001	0.0	0.0	0.0	0.0	0.0	0.0	0.0	0.0	0.0
1.7754755800000002	0.0	0.0	0.0	0.0	0.0	0.0	0.0	0.0	0.0
1.8064755799999999	0.0	0.0	0.0	0.0	0.0	0.0	0.0	0.0	0.0
1.8384755799999999	0.0	0.0	0.0	0.0	0.0	0.0	0.0	0.0	0.0
1.87047558	0.0	0.0	0.0	0.0	0.0	0.0	0.0	0.0	0.0
1.90147558	0.0	0.0	0.0	0.0	0.0	0.0	0.0	0.0	0.0
1.93347558	0.0	0.0	0.0	0.0	0.0	0.0	0.0	0.0	0.0
1.96547558	0.0	0.0	0.0	0.0	0.0	0.0	0.0	0.0	0.0
1.9974755800000001	0.0	0.0	0.0	0.0	0.0	0.0	0.0	0.0	0.0
2.02847558	0.0	0.0	0.0	0.0	0.0	0.0	0.0	0.0	0.0
2.06047558	0.0	0.0	0.0	0.0	0.0	0.0	0.0	0.0	0.0
2.09247558	0.0	0.0	0.0	0.0	0.0	0.0	0.0	0.0	0.0
2.12347558	0.0	0.0	0.0	0.0	0.0	0.0	0.0	0.0	0.0
2.15547558	0.0	0.0	0.0	0.0	0.0	0.0	0.0	0.0	0.0
2.18747558	0.0	0.0	0.0	0.0	0.0	0.0	0.0	0.0	0.0
2.2184755800000002	0.0	0.0	0.0	0.0	0.0	0.0	0.0	0.0	0.0
2.25047558	0.0	0.0	0.0	0.0	0.0	0.0	0.0	0.0	0.0
2.28247558	0.0	0.0	0.0	0.0	0.0	0.0	0.0	0.0	0.0
2.31447558	0.0	0.0	0.0	0.0	0.0	0.0	0.0	0.0	0.0
2.34547558	0.0	0.0	0.0	0.0	0.0	0.0	0.0	0.0	0.0
2.37747558	0.0	0.0	0.0	0.0	0.0	0.0	0.0	0.0	0.0
2.40947558	0.0	0.0	0.0	0.0	0.0	0.0	0.0	0.0	0.0
2.44047558	0.0	0.0	0.0	0.0	0.0	0.0	0.0	0.0	0.0
2.4724755800000002	0.0	0.0	0.0	0.0	0.0	0.0	0.0	0.0	0.0
2.50447558	0.0	0.0	0.0	0.0	0.0	0.0	0.0	0.0	0.0
2.53547558	0.0	0.0	0.0	0.0	0.0	0.0	0.0	0.0	0.0
2.56747558	0.0	0.0	0.0	0.0	0.0	0.0	0.0	0.0	0.0
2.59947558	0.0	0.0	0.0	0.0	0.0	0.0	0.0	0.0	0.0
2.63147558	0.0	0.0	0.0	0.0	0.0	0.0	0.0	0.0	0.0
2.66247558	0.0	0.0	0.0	0.0	0.0	0.0	0.0	0.0	0.0
2.69447558	0.0	0.0	0.0	0.0	0.0	0.0	0.0	0.0	0.0
2.72647558	0.0	0.0	0.0	0.0	0.0	0.0	0.0	0.0	0.0
2.75747558	0.0	0.0	0.0	0.0	0.0	0.0	0.0	0.0	0.0
2.78947558	0.0	0.0	0.0	0.0	0.0	0.0	0.0	0.0	0.0
2.82147558	0.0	0.0	0.0	0.0	0.0	0.0	0.0	0.0	0.0
2.85247558	0.0	0.0	0.0	0.0	0.0	0.0	0.0	0.0	0.0
2.88447558	0.0	0.0	0.0	0.0	0.0	0.0	0.0	0.0	0.0
2.91647558	0.0	0.0	0.0	0.0	0.0	0.0	0.0	0.0	0.0
2.94847558	0.0	0.0	0.0	0.0	0.0	0.0	0.0	0.0	0.0
2.97947558	0.0	0.0	0.0	0.0	0.0	0.0	0.0	0.0	0.0
3.01147558	0.0	0.0	0.0	0.0	0.0	0.0	0.0	0.0	0.0
3.04347558	0.0	0.0	0.0	0.0	0.0	0.0	0.0	0.0	0.0
3.07447558	0.0	0.0	0.0	0.0	0.0	0.0	0.0	0.0	0.0
3.1064755799999997	0.0	0.0	0.0	0.0	0.0	0.0	0.0	0.0	0.0
3.1384755799999997	0.0	0.0	0.0	0.0	0.0	0.0	0.0	0.0	0.0
3.1694755800000003	0.0	0.0	0.0	0.0	0.0	0.0	0.0	0.0	0.0
3.2014755800000003	0.0	0.0	0.0	0.0	0.0	0.0	0.0	0.0	0.0
3.23347558	0.0	0.0	0.0	0.0	0.0	0.0	0.0	0.0	0.0
3.26547558	0.0	0.0	0.0	0.0	0.0	0.0	0.0	0.0	0.0
3.29647558	0.0	0.0	0.0	0.0	0.0	0.0	0.0	0.0	0.0
3.32847558	0.0	0.0	0.0	0.0	0.0	0.0	0.0	0.0	0.0
3.36047558	2.7970765999999995e-18	8.832469199999999e-18	6.062254620293e-15	3.079726370000001e-18	0.0	0.0	0.0	0.0	0.0
3.39147558	9.931823700000002e-17	3.1354370199999993e-16	2.1524740328521998e-13	1.0932343660000001e-16	0.0	0.0	0.0	0.0	0.0
3.42347558	2.95602148e-15	9.3315224e-15	6.4069612411e-12	3.2533211200000008e-15	0.0	0.0	0.0	0.0	0.0
3.45547558	7.2111418e-14	2.2763461900000004e-13	1.562820686908e-10	7.937576980000001e-14	0.0	0.0	0.0	0.0	0.0
3.48647558	1.44232604e-12	4.55262788e-12	3.1255312728260995e-09	1.587927566e-12	0.0	0.0	0.0	0.0	0.0
3.51847558	2.36431112e-11	7.465081869999999e-11	5.125167193300001e-08	2.60280525e-11	0.0	0.0	0.0	0.0	0.0
3.55047558	3.1790579599999997e-10	1.0034757500000004e-09	6.889481277950998e-07	3.4986452300000013e-10	0.0	0.0	0.0	0.0	0.0
3.58247558	3.5039162300000004e-09	1.1061886600000002e-08	7.593566948271e-06	3.856323809999999e-09	0.0	0.0	0.0	0.0	0.0
3.6134755800000002	3.166974400000001e-08	9.9992714e-08	6.863633637243999e-05	3.486349180000001e-08	0.0	0.0	0.0	0.0	0.0
3.6454755800000003	2.3478904399999997e-07	7.412538130000001e-07	0.0005088956139289	2.5840807699999996e-07	0.0	0.0	0.0	0.0	0.0
3.6774755800000003	1.42796996e-06	4.508057209999999e-06	0.0030946749059364	1.5717679330000004e-06	0.0	0.0	0.0	0.0	0.0
3.70847558	7.1228374e-06	2.24874698e-05	0.015437685073621001	7.839645029999998e-06	0.0	0.0	0.0	0.0	0.0
3.74047558	2.9141767199999996e-05	9.201776300000001e-05	0.06317930006573	3.20854189e-05	0.0	0.0	0.0	0.0	0.0
3.77247558	9.786128400000001e-05	0.00030896045200000003	0.21208972449524	0.00010771618019999999	0.0	0.0	0.0	0.0	0.0
3.8034755799999997	0.00026964381299999997	0.0008511543499999999	0.5842729185925001	0.0002967478410000001	0.0	0.0	0.0	0.0	0.0
3.8354755799999998	0.0006095352200000001	0.00192396888	1.3207402389525	0.0006708010979999999	0.0	0.0	0.0	0.0	0.0
3.86747558	0.00113058979	0.0035689540599999994	2.4499485754051	0.0012442998260000003	0.0	0.0	0.0	0.0	0.0
3.89947558	0.0017210211000000001	0.00543272122	3.729591082165	0.0018942678469999997	0.0	0.0	0.0	0.0	0.0
3.93047558	0.00215006552	0.006786684179999999	4.659257784855	0.002365954260000001	0.0	0.0	0.0	0.0	0.0
3.96247558	0.0022039056799999994	0.0069584233699999986	4.776273864292	0.00242548827	0.0	0.0	0.0	0.0	0.0
3.99447558	0.0018544756000000002	0.005854266070000001	4.018875821455	0.0020407439680000007	0.0	0.0	0.0	0.0	0.0
4.02547558	0.00128049283	0.00404188921	2.7749549097466	0.0014092543009999999	0.0	0.0	0.0	0.0	0.0
4.05747558	0.0007255237899999999	0.00229060585	1.5723517322119	0.00079850479	0.0	0.0	0.0	0.0	0.0
4.08947558	0.00033736994600000003	0.00106506284	0.7310921773512	0.00037128427999999996	0.0	0.0	0.0	0.0	0.0
4.12047558	0.00012881883399999997	0.0004063972790000001	0.2789572510619	0.0001417167319	0.0	0.0	0.0	0.0	0.0
4.15247558	4.1254198000000003e-05	0.000127244015	0.087365428289	4.43928409e-05	0.0	0.0	0.0	0.0	0.0
4.18447558	1.8125117399999997e-05	3.2895427999999987e-05	0.02264302028	1.1688025199999999e-05	0.0	0.0	0.0	0.0	0.0
4.21647558	5.3585282e-05	8.334123999999998e-06	0.006126854029999999	4.352162000000001e-06	0.0	0.0	0.0	0.0	0.0
4.24747558	0.00027917366500000007	9.048724e-06	0.0084077102	1.0997813999999998e-05	0.0	0.0	0.0	0.0	0.0
4.27947558	0.0012406308640000002	3.513271000000001e-05	0.03389990163	4.7144769000000005e-05	0.0	0.0	0.0	0.0	0.0
4.31147558	0.00452871352	0.00012765962999999997	0.12332798554999999	0.00017190807000000004	0.0	0.0	0.0	0.0	0.0
4.34247558	0.01356407224	0.0003823381	0.3693827068	0.0005149009	0.0	0.0	0.0	0.0	0.0
4.37447558	0.033333306640000004	0.0009396282	0.9077120691	0.0012653957	0.0	0.0	0.0	0.0	0.0
4.40647558	0.0672308834	0.0018947668999999999	1.8306460380000003	0.002552431	0.0	0.0	0.0	0.0	0.0
4.43747558	0.11126559400000001	0.0031358900000000006	3.0296637730000002	0.0042233735000000005	0.0	0.0	0.0	0.0	0.0
4.46947558	0.15110895289999995	0.004260229	4.114428606000001	0.0057369230000000005	0.0	0.0	0.0	0.0	0.0
4.50147558	0.168426048	0.004757085	4.586020318	0.006396158000000001	0.0	0.0	0.0	0.0	0.0
4.53347558	0.15408220099999997	0.004411016	4.194803426	0.005865182000000001	0.0	0.0	0.0	0.0	0.0
4.56447558	0.11587636999999998	0.003634391	3.148179188	0.0044827669999999995	0.0	0.0	0.0	0.0	0.0
4.59647558	0.072262976	0.0036902339999999993	1.939798834	0.003123775	0.0	0.0	0.0	0.0	0.0
4.62847558	0.039776495999999995	0.007211980000000001	0.98078694	0.0029102470000000004	0.0	0.0	0.0	0.0	0.0
4.65947558	0.026322272000000004	0.019148959999999996	0.40707601000000004	0.005230435999999999	0.0	0.0	0.0	0.0	0.0
4.69147558	0.033317639999999996	0.04658674900000001	0.13926813999999998	0.01175806	0.0	0.0	0.0	0.0	0.0
4.72347558	0.058895924999999995	0.09456788099999999	0.04029853	0.023589540000000003	0.0	0.0	0.0	0.0	0.0
4.75447558	0.096429901	0.157989794	0.01157101	0.03933198	0.0	0.0	0.0	0.0	0.0
4.78647558	0.13238959199999997	0.217176163	0.005404971	0.05399888	0.0	0.0	0.0	0.0	0.0
4.81847558	0.15126122	0.24683862800000003	0.004564516	0.06115362	0.0	0.0	0.0	0.0	0.0
4.85047558	0.14729151000000001	0.23610230799999996	0.004336534	0.05778488	0.0	0.0	0.0	0.0	0.0
4.88147558	0.1315487	0.200219413	0.004124985	0.047310609999999996	0.0	0.0	0.0	0.0	0.0
4.91347558	0.12456103000000003	0.17001121100000002	0.004455888999999999	0.03717369	0.0	0.0	0.0	0.0	0.0
4.94547558	0.13928616000000002	0.16669623000000003	0.005769596	0.033267540000000005	0.0	0.0	0.0	0.0	0.0
4.97647558	0.16996782999999996	0.18593356	0.007932558	0.03639709	0.0	0.0	0.0	0.0	0.0
5.00847558	0.19665541000000003	0.20424994000000002	0.010289185000000005	0.04312379	0.0	0.0	0.0	0.0	0.0
5.04047558	0.20134466999999998	0.20009195	0.012064511000000002	0.04899683	0.0	0.0	0.0	0.0	0.0
5.07147558	0.18018511999999995	0.16972088000000002	0.012686512000000002	0.05086861000000001	0.0	0.0	0.0	0.0	0.0
5.10347558	0.14259405000000003	0.12595564	0.011901606	0.04757814	0.0	0.0	0.0	0.0	0.0
5.13547558	0.1024683	0.08643021	0.009844624	0.04009884000000001	0.0	0.0	0.0	0.0	0.0
5.16747558	0.07142203	0.065090685	0.00710517	0.031693919999999993	0.0	0.0	0.0	0.0	0.0
5.19847558	0.05728625	0.070847795	0.004521656	0.027033607999999997	0.0	0.0	0.0	0.0	0.0
5.23047558	0.06318382	0.10660616	0.002750542	0.029593379999999996	0.0	0.0	0.0	0.0	0.0
5.26247558	0.08488647	0.16407826	0.001961928	0.038919693	0.0	0.0	0.0	0.0	0.0
5.29347558	0.11055274	0.22117732000000004	0.001965734	0.050187986	0.0	0.0	0.0	0.0	0.0
5.32547558	0.12717620999999998	0.25200339000000005	0.0026089850000000003	0.057584401	0.0	0.0	0.0	0.0	0.0
5.35747558	0.13118592999999998	0.24603346	0.004127474999999999	0.05935125000000001	0.0	0.0	0.0	0.0	0.0
5.38847558	0.1329864	0.21751129	0.007111057999999999	0.06003749	0.0	0.0	0.0	0.0	0.0
5.42047558	0.1484776	0.19268154	0.011959642	0.06686175999999999	0.0	0.0	0.0	0.0	0.0
5.45247558	0.18392300000000003	0.18727444	0.018171351	0.0830561	0.0	0.0	0.0	0.0	0.0
5.48447558	0.22798770000000002	0.19671893999999998	0.024248271999999998	0.10453399999999999	0.0	0.0	0.0	0.0	0.0
5.51547558	0.25894569999999995	0.2053401	0.02876918	0.12250950000000001	0.0	0.0	0.0	0.0	0.0
5.54747558	0.2610236000000001	0.2012938	0.03210931	0.12986919999999996	0.0	0.0	0.0	0.0	0.0
5.57947558	0.2360597	0.1840538	0.037150960000000004	0.1261498	0.0	0.0	0.0	0.0	0.0
5.61047558	0.20139639999999998	0.1620513	0.04771443000000001	0.11728799999999998	0.0	0.0	0.0	0.0	0.0
5.64247558	0.17665399999999998	0.1451095	0.06508583	0.1106038	0.0	0.0	0.0	0.0	0.0
5.67447558	0.17004400000000003	0.1372612	0.08566769999999999	0.1085099	0.0	0.0	0.0	0.0	0.0
5.70547558	0.17453	0.13446	0.10239039999999999	0.1070213	0.0	0.0	0.0	0.0	0.0
5.73747558	0.175102	0.1287585	0.109066	0.1000337	0.0	0.0	0.0	0.0	0.0
5.76947558	0.16068600000000002	0.1146144	0.10382129999999999	0.08504260000000001	0.0	0.0	0.0	0.0	0.0
5.80147558	0.13048990000000002	0.09227979999999998	0.0890052	0.06466949999999999	0.0	0.0	0.0	0.0	0.0
5.83247558	0.0925757	0.0662817	0.06883608000000001	0.043946320000000004	0.0	0.0	0.0	0.0	0.0
5.86447558	0.05709059999999999	0.0421223	0.04767597	0.02676512	0.0	0.0	0.0	0.0	0.0
5.89647558	0.030492400000000003	0.023479299999999998	0.029140720000000002	0.014602420000000001	0.0	0.0	0.0	0.0	0.0
5.92747558	0.0140736	0.0113817	0.015465950000000001	0.0070846500000000005	0.0	0.0	0.0	0.0	0.0
5.95947558	0.00559234	0.004754400000000001	0.007023681	0.0030166899999999994	0.0	0.0	0.0	0.0	0.0
5.9914755799999995	0.0019056900000000005	0.0016971000000000002	0.0026989059999999996	0.0011105879999999998	0.0	0.0	0.0	0.0	0.0
6.02247558	0.000554039	0.0005138230000000001	0.0008698044	0.0003485469999999999	0.0	0.0	0.0	0.0	0.0
6.05447558	0.000136722	0.00013111029999999998	0.00023374759999999998	9.220429999999998e-05	0.0	0.0	0.0	0.0	0.0
6.08647558	2.84741e-05	2.8042000000000004e-05	5.213962e-05	2.0393090000000002e-05	0.0	0.0	0.0	0.0	0.0
6.11847558	4.979170000000001e-06	5.00481e-06	9.62567e-06	3.747695e-06	0.0	0.0	0.0	0.0	0.0
6.14947558	7.275399999999999e-07	7.424030000000001e-07	1.466991e-06	5.700908e-07	0.0	0.0	0.0	0.0	0.0
6.18147558	8.847199999999999e-08	9.13126e-08	1.842718e-07	7.157689e-08	0.0	0.0	0.0	0.0	0.0
6.21347558	8.9225e-09	9.28424e-09	1.905179e-08	7.400951000000002e-09	0.0	0.0	0.0	0.0	0.0
6.24447558	7.4442e-10	7.79148e-10	1.6196580000000002e-09	6.295917999999999e-10	0.0	0.0	0.0	0.0	0.0
6.27647558	5.1255e-11	5.3877699999999996e-11	1.1312980000000002e-10	4.4011729999999995e-11	0.0	0.0	0.0	0.0	0.0
6.30847558	2.9081499999999995e-12	3.066055e-12	6.4892190000000015e-12	2.52575e-12	0.0	0.0	0.0	0.0	0.0
6.33947558	1.3580199999999998e-13	1.43484e-13	3.055494e-13	1.1898105e-13	0.0	0.0	0.0	0.0	0.0
6.37147558	5.190899999999999e-15	5.504160000000001e-15	1.1792139999999999e-14	4.59296e-15	0.0	0.0	0.0	0.0	0.0
6.40347558	1.65388e-16	1.757602e-16	3.8230090000000005e-16	1.4930829000000002e-16	0.0	0.0	0.0	0.0	0.0
6.43547558	0.0	0.0	0.0	0.0	0.0	0.0	0.0	0.0	0.0
6.46647558	0.0	0.0	0.0	0.0	0.0	0.0	0.0	0.0	0.0
6.49847558	0.0	0.0	0.0	0.0	0.0	0.0	0.0	0.0	0.0
6.53047558	0.0	0.0	0.0	0.0	0.0	0.0	0.0	0.0	0.0
6.56147558	0.0	0.0	0.0	0.0	0.0	0.0	0.0	0.0	0.0
6.59347558	0.0	0.0	0.0	0.0	0.0	0.0	0.0	0.0	0.0
6.62547558	0.0	0.0	0.0	0.0	0.0	0.0	0.0	0.0	0.0
6.65647558	0.0	0.0	0.0	0.0	0.0	0.0	0.0	0.0	0.0
6.68847558	0.0	0.0	0.0	0.0	0.0	0.0	0.0	0.0	0.0
6.7204755800000004	0.0	0.0	0.0	0.0	0.0	0.0	0.0	0.0	0.0
6.7524755800000005	0.0	0.0	0.0	0.0	0.0	0.0	0.0	0.0	0.0
6.78347558	0.0	0.0	0.0	0.0	0.0	0.0	0.0	0.0	0.0
6.81547558	0.0	0.0	0.0	0.0	0.0	0.0	0.0	0.0	0.0
6.84747558	0.0	0.0	0.0	0.0	0.0	0.0	0.0	0.0	0.0
6.87847558	0.0	0.0	0.0	0.0	0.0	0.0	0.0	0.0	0.0
6.91047558	0.0	0.0	0.0	0.0	0.0	0.0	0.0	0.0	0.0
6.94247558	0.0	0.0	0.0	0.0	0.0	0.0	0.0	0.0	0.0
6.973475580000001	0.0	0.0	0.0	0.0	0.0	0.0	0.0	0.0	0.0
7.005475580000001	0.0	0.0	0.0	0.0	0.0	0.0	0.0	0.0	0.0
7.037475580000001	0.0	0.0	0.0	0.0	0.0	0.0	0.0	0.0	0.0
7.069475580000001	0.0	0.0	0.0	0.0	0.0	0.0	0.0	0.0	0.0
7.1004755799999995	0.0	0.0	0.0	0.0	0.0	0.0	0.0	0.0	0.0
7.1324755799999995	0.0	0.0	0.0	0.0	0.0	0.0	0.0	0.0	0.0
7.1644755799999995	0.0	0.0	0.0	0.0	0.0	0.0	0.0	0.0	0.0
7.19547558	0.0	0.0	0.0	0.0	0.0	0.0	0.0	0.0	0.0
7.22747558	0.0	0.0	0.0	0.0	0.0	0.0	0.0	0.0	0.0
7.25947558	0.0	0.0	0.0	0.0	0.0	0.0	0.0	0.0	0.0
