-20.39755197	0.0
-20.36855197	0.0
-20.34055197	0.0
-20.312551969999998	0.0
-20.28455197	0.0
-20.25655197	0.0
-20.228551969999998	0.0
-20.199551969999998	0.0
-20.17155197	0.0
-20.14355197	0.0
-20.11555197	0.0
-20.08755197	0.0
-20.059551969999998	0.0
-20.030551969999998	0.0
-20.00255197	0.0
-19.97455197	0.0
-19.946551969999998	0.0
-19.91855197	0.0
-19.88955197	0.0
-19.86155197	0.0
-19.83355197	0.0
-19.80555197	0.0
-19.777551969999998	0.0
-19.74955197	0.0
-19.72055197	0.0
-19.69255197	1.2075689555048002e-14
-19.664551969999998	2.7471467276573e-13
-19.63655197	5.7599557183792e-12
-19.60855197	1.0346999330162e-10
-19.58055197	1.5882154493557997e-09
-19.55155197	2.0832533783410002e-08
-19.52355197	2.3355416452780003e-07
-19.495551969999998	2.2368293904685003e-06
-19.46755197	1.8309514223038e-05
-19.43955197	0.00012811939290516999
-19.411551969999998	0.00076613130479336
-19.382551969999998	0.003916155785249
-19.35455197	0.017112605093479998
-19.32655197	0.063923561004272
-19.29855197	0.20409433372514002
-19.27055197	0.5571350611678999
-19.242551969999997	1.3003337074418
-19.213551969999997	2.5949322087309
-19.18555197	4.4258421878358
-19.15755197	6.4546911853639
-19.129551969999998	8.0491922839653
-19.10155197	8.5814777168926
-19.07255197	7.822688400981001
-19.04455197	6.097829125195499
-19.01655197	4.0633550603628
-18.98855197	2.3145922566359
-18.960551969999997	1.1277339168642
-18.93255197	0.46962565775119
-18.90355197	0.16719696043346996
-18.87555197	0.050892604338470995
-18.847551969999998	0.013241046903134001
-18.81955197	0.0029449648066786002
-18.79155197	0.0005599515243442
-18.763551969999998	9.100318116998301e-05
-18.73455197	1.2640476952949001e-05
-18.70655197	1.5005074161293e-06
-18.678551969999997	1.5225213264856999e-07
-18.65055197	1.3200285929638999e-08
-18.62255197	9.780453782051e-10
-18.594551969999998	6.192289783005701e-11
-18.565551969999998	3.3574821219569002e-12
-18.53755197	1.5095276230783e-13
-18.50955197	6.037415792469099e-15
-18.481551969999998	0.0
-18.45355197	0.0
-18.42555197	0.0
-18.396551969999997	0.0
-18.36855197	0.0
-18.34055197	0.0
-18.312551969999998	0.0
-18.28455197	0.0
-18.25555197	0.0
-18.22755197	0.0
-18.199551969999998	0.0
-18.17155197	0.0
-18.14355197	0.0
-18.11555197	0.0
-18.08655197	0.0
-18.05855197	0.0
-18.030551969999998	0.0
-18.00255197	0.0
-17.97455197	0.0
-17.946551969999998	0.0
-17.917551969999998	0.0
-17.88955197	0.0
-17.86155197	0.0
-17.83355197	0.0
-17.80555197	0.0
-17.777551969999998	0.0
-17.748551969999998	0.0
-17.72055197	0.0
-17.69255197	0.0
-17.664551969999998	0.0
-17.63655197	0.0
-17.60755197	0.0
-17.57955197	0.0
-17.55155197	0.0
-17.52355197	0.0
-17.495551969999998	0.0
-17.46755197	0.0
-17.43855197	0.0
-17.41055197	0.0
-17.382551969999998	0.0
-17.35455197	0.0
-17.32655197	0.0
-17.29855197	0.0
-17.26955197	0.0
-17.24155197	0.0
-17.213551969999997	0.0
-17.18555197	0.0
-17.15755197	0.0
-17.129551969999998	0.0
-17.100551969999998	0.0
-17.07255197	0.0
-17.04455197	0.0
-17.01655197	0.0
-16.98855197	0.0
-16.960551969999997	0.0
-16.931551969999997	0.0
-16.90355197	0.0
-16.87555197	0.0
-16.847551969999998	0.0
-16.81955197	0.0
-16.79055197	0.0
-16.76255197	0.0
-16.73455197	0.0
-16.70655197	0.0
-16.678551969999997	0.0
-16.65055197	0.0
-16.62155197	0.0
-16.59355197	0.0
-16.565551969999998	0.0
-16.53755197	0.0
-16.50955197	0.0
-16.481551969999998	0.0
-16.45255197	0.0
-16.42455197	0.0
-16.396551969999997	0.0
-16.36855197	0.0
-16.34055197	0.0
-16.312551969999998	0.0
-16.283551969999998	0.0
-16.25555197	0.0
-16.22755197	0.0
-16.199551969999998	0.0
-16.17155197	0.0
-16.14355197	0.0
-16.114551969999997	0.0
-16.08655197	0.0
-16.05855197	0.0
-16.030551969999998	0.0
-16.00255197	0.0
-15.973551969999999	0.0
-15.94555197	0.0
-15.917551969999998	2.02921312585e-14
-15.88955197	4.4357141360599996e-13
-15.86155197	9.107401444689999e-12
-15.833551969999998	1.59333051906e-10
-15.804551969999999	2.3816256878e-09
-15.77655197	3.0420577231500006e-08
-15.748551969999998	3.31984950222e-07
-15.720551969999999	3.09696477601e-06
-15.69255197	2.46904220797e-05
-15.664551969999998	0.000168241342216
-15.635551969999998	0.000979826372731
-15.60755197	0.004877544871439999
-15.57955197	0.0207546407837
-15.551551969999998	0.075491087315
-15.52355197	0.23479753461899996
-15.495551969999998	0.62432770266
-15.466551969999998	1.419474968
-15.438551969999999	2.7608251075
-15.41055197	4.598899738999999
-15.382551969999998	6.5750112550000015
-15.35455197	8.117928661
-15.32555197	8.78604447
-15.29755197	8.615150139999999
-15.269551969999998	8.130215309999999
-15.24155197	7.93389329
-15.213551969999997	8.19632855
-15.185551969999999	8.519982859999999
-15.156551969999999	8.289056590000001
-15.12855197	7.187458809999999
-15.100551969999998	5.4213007730000005
-15.07255197	3.5204777419999997
-15.04455197	1.9600963383
-15.016551969999998	0.9339096501999999
-14.987551969999998	0.38060748747
-14.95955197	0.13261643949
-14.931551969999997	0.039512288221
-14.903551969999999	0.010063517224999999
-14.87555197	0.0021907421259
-14.847551969999998	0.000407714946
-14.818551969999998	6.485846621e-05
-14.79055197	8.817364448e-06
-14.76255197	1.0245060945e-06
-14.734551969999998	1.0173987581e-07
-14.70655197	8.634734054999999e-09
-14.678551969999997	6.261629533000001e-10
-14.649551969999997	3.880212627999999e-11
-14.621551969999999	2.0539292872e-12
-14.59355197	1.0046184411e-13
-14.565551969999998	0.0
-14.537551969999999	0.0
-14.50855197	0.0
-14.48055197	0.0
-14.452551969999998	0.0
-14.42455197	0.0
-14.396551969999997	0.0
-14.368551969999999	0.0
-14.339551969999999	0.0
-14.31155197	0.0
-14.283551969999998	0.0
-14.255551969999999	0.0
-14.22755197	0.0
-14.199551969999998	0.0
-14.170551969999998	0.0
-14.14255197	0.0
-14.114551969999997	0.0
-14.086551969999999	0.0
-14.05855197	0.0
-14.030551969999998	0.0
-14.001551969999998	0.0
-13.973551969999999	0.0
-13.94555197	0.0
-13.917551969999998	0.0
-13.88955197	0.0
-13.86055197	0.0
-13.83255197	0.0
-13.804551969999999	5.6622331856000004e-15
-13.77655197	1.2740385124e-13
-13.748551969999998	2.7689562550999996e-12
-13.720551969999999	5.1555117249e-11
-13.691551969999999	8.196398230000001e-10
-13.66355197	1.1136126736e-08
-13.635551969999998	1.2927177469e-07
-13.60755197	1.2825866289999999e-06
-13.57955197	1.0875877317000001e-05
-13.551551969999998	7.881571917e-05
-13.522551969999999	0.0004881333874
-13.49455197	0.0025845026430000003
-13.466551969999998	0.011696054869000001
-13.438551969999999	0.045246279886
-13.41055197	0.14964528339000002
-13.382551969999998	0.42310233022000004
-13.353551969999998	1.0226400165
-13.32555197	2.1131281995
-13.29755197	3.7333168191999997
-13.269551969999998	5.639739508599999
-13.24155197	7.283881546
-13.213551969999997	8.042833791999998
-13.184551969999998	7.592882744000001
-13.156551969999999	6.128527386
-13.12855197	4.230747192
-13.100551969999998	2.4959113246999998
-13.07255197	1.2591679209999997
-13.04355197	0.5430629127100001
-13.01555197	0.20025511143000002
-12.987551969999998	0.06313736367999999
-12.95955197	0.017012797518
-12.931551969999997	0.0039191860017
-12.903551969999999	0.0007717966081
-12.874551969999999	0.00012990599117
-12.84655197	1.8689191511e-05
-12.818551969999998	2.2981231018999995e-06
-12.79055197	2.4150034122e-07
-12.76255197	2.1688610753999998e-08
-12.734551969999998	1.6656154104e-09
-12.705551969999998	1.3115910864e-10
-12.67755197	3.7308278807599996e-10
-12.649551969999997	5.2316253935e-09
-12.621551969999999	6.3722624211e-08
-12.59355197	6.6334815527e-07
-12.565551969999998	5.901012115e-06
-12.536551969999998	4.4876013922200004e-05
-12.50855197	0.00029163724707499997
-12.48055197	0.0016198756730299998
-12.452551969999998	0.007692115837
-12.42455197	0.0312181107002
-12.396551969999997	0.10831916846699999
-12.367551969999997	0.321267190362
-12.339551969999999	0.8147586904799999
-12.31155197	1.7662639228199999
-12.283551969999998	3.2737392593199997
-12.255551969999999	5.187706439
-12.22655197	7.0286464548000005
-12.19855197	8.1415740253
-12.170551969999998	8.0638221209
-12.14255197	6.829880779
-12.114551969999997	4.94459747516
-12.086551969999999	3.06103890432
-12.057551969999999	1.6200493950300003
-12.02955197	0.73307862701
-12.001551969999998	0.283601797117
-11.973551969999999	0.093791011004
-11.94555197	0.026518427469300002
-11.917551969999998	0.0064096369996
-11.888551969999998	0.00132421212429
-11.86055197	0.00023384422485300002
-11.83255197	3.52970204128e-05
-11.804551969999999	4.5538655414300005e-06
-11.77655197	5.02093354627e-07
-11.748551969999998	4.73146278814e-08
-11.719551969999998	3.81015995863e-09
-11.691551969999999	2.62183851113e-10
-11.66355197	1.5419111986800002e-11
-11.635551969999998	7.7294778215e-13
-11.60755197	3.48699751634e-14
-11.57855197	0.0
-11.55055197	0.0
-11.522551969999999	0.0
-11.49455197	0.0
-11.466551969999998	0.0
-11.438551969999999	0.0
-11.409551969999999	0.0
-11.38155197	0.0
-11.353551969999998	0.0
-11.32555197	0.0
-11.29755197	0.0
-11.269551969999998	0.0
-11.240551969999999	0.0
-11.21255197	0.0
-11.184551969999998	0.0
-11.156551969999999	0.0
-11.12855197	0.0
-11.100551969999998	0.0
-11.071551969999998	0.0
-11.04355197	0.0
-11.01555197	0.0
-10.987551969999998	0.0
-10.95955197	0.0
-10.931551969999997	0.0
-10.902551969999998	0.0
-10.874551969999999	0.0
-10.84655197	0.0
-10.818551969999998	0.0
-10.79055197	0.0
-10.76155197	0.0
-10.73355197	2.87488198454e-15
-10.705551969999998	6.8991283705e-14
-10.67755197	1.55801611227e-12
-10.649551969999997	2.99119964402e-11
-10.621551969999999	4.90414141641e-10
-10.592551969999999	6.8711784474e-09
-10.56455197	8.225762152900001e-08
-10.536551970000001	8.416010953300001e-07
-10.50855197	7.3588078998e-06
-10.48055197	5.4987146202000004e-05
-10.452551969999998	0.000351249913404
-10.423551969999998	0.0019176833707799997
-10.39555197	0.0089489064505
-10.367551970000001	0.035697851911100004
-10.339551969999999	0.121742945162
-10.31155197	0.354895112392
-10.283551970000001	0.88455571394
-10.254551970000001	1.8847988512699998
-10.22655197	3.43358950758
-10.19855197	5.34828842452
-10.170551969999998	7.1219680989
-10.14255197	8.1086520336
-10.11455197	7.894014469
-10.085551970000001	6.572270707200001
-10.057551969999999	4.685593674999999
-10.02955197	2.8842522419999996
-10.001551970000001	1.6140308700000001
-9.973551969999999	1.04769201
-9.94455197	1.21729961
-9.91655197	2.1338223600000004
-9.888551969999998	3.7469636699999995
-9.86055197	5.78303699
-9.83255197	7.66450068
-9.804551969999999	8.691088848
-9.775551969999999	8.426935865
-9.74755197	6.9862701804
-9.719551970000001	4.95195045123
-9.691551969999999	3.0010001792499996
-9.66355197	1.554889023021
-9.635551970000002	0.688824109291
-9.606551969999998	0.2608572168109
-9.57855197	0.08445761264860001
-9.55055197	0.02337609066853
-9.522551969999999	0.00553081070109
-9.49455197	0.0011185908481720001
-9.466551970000001	0.00019338268101450003
-9.437551970000001	2.857670579867e-05
-9.409551969999999	3.6088995317899996e-06
-9.38155197	3.8955564564900007e-07
-9.353551970000002	3.59340391943e-08
-9.32555197	2.8325039899789996e-09
-9.29655197	1.9079297970540002e-10
-9.26855197	1.09797723497e-11
-9.240551969999999	5.41623898319e-13
-9.21255197	2.461926622187e-14
-9.184551970000001	0.0
-9.156551969999999	0.0
-9.127551969999999	0.0
-9.09955197	0.0
-9.071551970000002	0.0
-9.04355197	0.0
-9.01555197	0.0
-8.987551969999998	0.0
-8.958551969999998	0.0
-8.93055197	0.0
-8.902551970000001	0.0
-8.874551969999999	0.0
-8.84655197	0.0
-8.818551970000001	0.0
-8.789551970000002	0.0
-8.76155197	0.0
-8.73355197	0.0
-8.705551969999998	0.0
-8.67755197	0.0
-8.649551970000001	0.0
-8.620551970000001	0.0
-8.592551969999999	0.0
-8.56455197	0.0
-8.536551970000001	0.0
-8.50855197	0.0
-8.47955197	0.0
-8.45155197	0.0
-8.423551969999998	0.0
-8.39555197	0.0
-8.367551970000001	0.0
-8.339551969999999	0.0
-8.310551969999999	0.0
-8.28255197	0.0
-8.254551970000001	0.0
-8.22655197	0.0
-8.19855197	0.0
-8.170551969999998	0.0
-8.141551969999998	0.0
-8.11355197	0.0
-8.085551970000001	0.0
-8.057551969999999	0.0
-8.02955197	0.0
-8.001551970000001	0.0
-7.9725519700000005	0.0
-7.94455197	0.0
-7.9165519699999995	0.0
-7.888551969999999	5.27668174e-15
-7.86055197	1.239950526e-13
-7.83255197	2.706902807e-12
-7.80355197	5.02446514e-11
-7.7755519699999995	7.96843952e-10
-7.747551969999999	1.079872336e-08
-7.71955197	1.2505618600000002e-07
-7.69155197	1.237619752e-06
-7.66255197	1.046890055e-05
-7.6345519699999995	7.5678492e-05
-7.606551969999999	0.00046758745100000003
-7.57855197	0.002469643738
-7.55055197	0.011148927079999999
-7.522551969999999	0.0430233379
-7.4935519699999995	0.1419231433
-7.465551970000001	0.400276466
-7.43755197	0.9651012990000001
-7.40955197	1.989398868
-7.381551969999999	3.506138119
-7.353551970000001	5.28285042
-7.324551970000001	6.8059382500000005
-7.29655197	7.496682629999999
-7.26855197	7.060566929999999
-7.240551969999999	5.68546461
-7.212551970000001	3.9164151
-7.18455197	2.31484037
-7.15555197	1.202479543
-7.12755197	0.64289368
-7.099551969999999	0.5944426700000001
-7.071551970000001	1.06002441
-7.04355197	2.105135497
-7.01455197	3.727964503
-6.98655197	5.676927966
-6.958551969999999	7.3965098123
-6.930551970000001	8.24001387755
-6.90255197	7.848765627290001
-6.87455197	6.39218779022
-6.84555197	4.4508427932
-6.817551969999999	2.64963731225
-6.789551970000001	1.348628582205
-6.76155197	0.58691293244
-6.73355197	0.21834522423699998
-6.705551969999999	0.069447780795
-6.676551969999999	0.01888193831377
-6.648551970000001	0.00438873067933
-6.62055197	0.000871893654843
-6.59255197	0.00014808051221670002
-6.564551969999999	2.1494372935700003e-05
-6.5365519700000005	2.66658559564e-06
-6.507551970000001	2.82730052892e-07
-6.47955197	2.5620102760599998e-08
-6.45155197	1.983696787194e-09
-6.423551969999999	1.3125591991520002e-10
-6.3955519700000005	7.4249962138e-12
-6.36755197	3.6021713837299994e-13
-6.33855197	1.44307003e-14
-6.31055197	7.589838070999999e-14
-6.282551969999999	1.6838232654000002e-12
-6.2545519700000005	3.214085435e-11
-6.22655197	5.242944382e-10
-6.19755197	7.307727762e-09
-6.16955197	8.703617783000001e-08
-6.141551969999999	8.859474593000001e-07
-6.1135519700000005	7.706384976000001e-06
-6.08555197	5.7293575e-05
-6.05755197	0.0003640702041
-6.02855197	0.0019774263772
-6.000551969999999	0.009180483471
-5.9725519700000005	0.03643426148
-5.94455197	0.12360418958
-5.9165519699999995	0.35849035840000004
-5.888551969999999	0.8889565491
-5.859551969999999	1.8848145590000003
-5.8315519700000005	3.4171898450000002
-5.80355197	5.300542650000001
-5.7755519699999995	7.045701940000001
-5.747551969999999	8.0562998
-5.71955197	8.01669397
-5.6905519700000005	7.155722259999999
-5.66255197	6.1368049
-5.6345519699999995	5.609423200000001
-5.606551969999999	5.7687466999999994
-5.57855197	6.258060199999999
-5.55055197	6.464975099999999
-5.52155197	5.9647137599999995
-5.4935519699999995	4.78065808
-5.465551970000001	3.2943307209999997
-5.43755197	1.9446514490000002
-5.40955197	0.9819690093999999
-5.38055197	0.42407190713000004
-5.3525519699999995	0.15655937949999998
-5.324551970000001	0.04942881563200001
-5.29655197	0.0133761408373
-5.26855197	0.0033291733405
-5.240551969999999	0.0020178812361999997
-5.2115519699999995	0.006850901917000001
-5.183551970000001	0.027691420470000002
-5.15555197	0.097458023
-5.12755197	0.29516198489999995
-5.099551969999999	0.7705214932
-5.071551970000001	1.7385616060000002
-5.042551970000001	3.402006787
-5.01455197	5.796275490000001
-4.98655197	8.63502065
-4.958551969999999	11.29760958
-4.930551970000001	13.046867119999998
-4.90255197	13.394608799999999
-4.87355197	12.4128133
-4.84555197	10.7480346
-4.817551969999999	9.27814819
-4.789551970000001	8.59220354
-4.76155197	8.62739531
-4.73255197	8.76451806
-4.70455197	8.311576306000001
-4.676551969999999	7.00395513
-4.648551970000001	5.126194677
-4.62055197	3.2276468697999996
-4.59255197	1.7418216258
-4.56355197	0.80437490255
-4.535551969999999	0.31769111394
-4.507551970000001	0.10729562024
-4.47955197	0.030977634636600002
-4.45155197	0.007645603784100001
-4.423551969999999	0.0016131944725499999
-4.394551969999999	0.000290933252939
-4.366551970000001	4.488464863749999e-05
-4.33855197	6.331569983e-06
-4.31055197	4.538088014e-06
-4.282551969999999	3.0383345929999998e-05
-4.2545519700000005	0.0002028917557
-4.225551970000001	0.0011603998157
-4.19755197	0.005673278586999999
-4.16955197	0.02370989959
-4.141551969999999	0.08470077629
-4.1135519700000005	0.25868011209999997
-4.08555197	0.6755238563999999
-4.05655197	1.5081878561
-4.02855197	2.8803714090000003
-4.000551969999999	4.708922225999999
-3.9725519700000005	6.604978592999999
-3.94455197	7.991808510000001
-3.91555197	8.46460485
-3.8875519699999996	8.12335402
-3.859551969999999	7.55036269
-3.8315519700000005	7.3906847
-3.80355197	7.843980500000001
-3.7755519699999995	8.5317655
-3.7465519699999996	8.8538054
-3.718551969999999	8.525110999999999
-3.6905519700000005	7.8047904
-3.66255197	7.22110262
-3.6345519699999995	7.064427230000001
-3.606551969999999	7.129717100000001
-3.577551969999999	6.91887149
-3.5495519700000004	6.082707404
-3.52155197	4.688797167
-3.4935519699999995	3.1255053262
-3.465551970000001	1.8048472987
-3.4375519700000003	0.950154038
-3.4085519700000004	0.6056980630000001
-3.38055197	0.768801158
-3.3525519699999995	1.4882332252
-3.324551970000001	2.8209967369
-3.2965519700000003	4.6658343818
-3.26855197	6.6160337133
-3.23955197	8.0247164482
-3.2115519699999995	8.3217557395
-3.183551970000001	7.3789105449
-3.1555519700000003	5.5940942304000005
-3.12755197	3.625825086
-3.09855197	2.00950201132
-3.0705519699999995	0.9520704995799999
-3.0425519700000008	0.38565075177999997
-3.0145519700000003	0.133555558256
-2.98655197	0.039538923766
-2.9585519699999994	0.010006272790300001
-2.9295519699999995	0.00216477527323
-2.9015519700000008	0.00040032326463
-2.8735519700000003	6.3275639532e-05
-2.84555197	8.5484164089e-06
-2.8175519699999994	9.8706834366e-07
-2.7895519700000007	9.7400614844e-08
-2.7605519700000007	8.2138755752e-09
-2.7325519700000003	5.9189472101e-10
-2.70455197	3.6454977636e-11
-2.6765519699999993	1.91821339496e-12
-2.6485519700000006	8.825923619500001e-14
-2.62055197	0.0
-2.5915519700000003	0.0
-2.56355197	0.0
-2.53555197	0.0
-2.5075519699999997	0.0
-2.47955197	0.0
-2.4505519700000002	0.0
-2.4225519699999998	0.0
-2.39455197	0.0
-2.3665519699999997	0.0
-2.33855197	0.0
-2.3105519699999997	0.0
-2.2815519699999998	0.0
-2.25355197	1.445707847205e-14
-2.2255519699999997	3.511295935654e-13
-2.19755197	7.123403552224e-12
-2.1695519699999997	1.240074822915e-10
-2.14155197	1.844394837653e-09
-2.11255197	2.344104630955e-08
-2.0845519699999997	2.545749776038e-07
-2.05655197	2.3629561409509997e-06
-2.0285519699999996	1.874378528442e-05
-2.00055197	0.0001270702108139
-1.9725519699999996	0.0007363348526789999
-1.9435519699999997	0.0036473706164300004
-1.91555197	0.015444630415960002
-1.8875519699999996	0.05590129519402
-1.85955197	0.17297445829500002
-1.8315519699999996	0.45755219325640006
-1.80355197	1.0347241672862
-1.77455197	2.000557560852
-1.7465519699999996	3.307261016919
-1.71855197	4.673977386959
-1.6905519699999996	5.648949251732001
-1.66255197	5.835780189903
-1.63355197	5.15582238413
-1.6055519699999996	3.893823428591
-1.57755197	2.5145232544210003
-1.5495519699999996	1.388219360798
-1.52155197	0.6553482997076001
-1.4935519699999995	0.26446240467320004
-1.4645519699999996	0.09123764477004999
-1.43655197	0.026910211888620004
-1.4085519699999995	0.006785305743205
-1.38055197	0.0014623622823389999
-1.3525519699999995	0.00026942185376350005
-1.32455197	4.24290407904e-05
-1.29555197	5.7098695045849996e-06
-1.2675519699999995	6.568782810869e-07
-1.23955197	6.457865664245e-08
-1.2115519700000004	5.425620403631e-09
-1.18355197	3.90760770929e-10
-1.1555519700000003	4.7972992580000006e-11
-1.1265519699999995	3.93168162903e-10
-1.09855197	5.449991135731999e-09
-1.0705519700000004	6.476532674708e-08
-1.0425519699999999	6.57674998878e-07
-1.0145519700000003	5.707837923938e-06
-0.9865519699999998	4.233822084976e-05
-0.9575519699999999	0.00026840789400774
-0.9295519700000003	0.0014543739739709001
-0.9015519699999999	0.006737375963353
-0.8735519700000003	0.02667647021621
-0.8455519699999998	0.0903083405074
-0.8165519699999999	0.2613465367201
-0.7885519700000003	0.646672505928
-0.7605519699999999	1.36860976667
-0.7325519700000003	2.47875753081
-0.7045519699999998	3.8491433825999994
-0.6765519700000002	5.1461823851
-0.6475519700000003	5.990830981999999
-0.6195519699999998	6.235331005
-0.5915519700000003	6.127249742
-0.5635519699999998	6.1496778359999995
-0.5355519700000002	6.622802213
-0.5075519699999997	7.389503564999999
-0.4785519699999998	7.895468738000001
-0.45055197000000025	7.603985085
-0.4225519699999998	6.398224132
-0.3945519700000002	4.642813564
-0.3665519699999997	2.8898628800000004
-0.33855197000000015	1.5398335106999999
-0.30955197000000023	0.7018924346000001
-0.28155196999999976	0.27349381941
-0.2535519700000002	0.09112329701
-0.2255519699999997	0.025956365332999998
-0.19755197000000013	0.006320960387
-0.16855197000000022	0.0013155755139
-0.14055196999999975	0.00023408248108
-0.11255197000000017	3.559471672e-05
-0.0845519699999997	4.626595552e-06
-0.05655197000000012	5.140637217e-07
-0.02855196999999965	4.880715066e-08
0.0004480300000002657	3.958704049e-09
0.028448029999999846	2.7447890520999996e-10
0.056448030000000315	1.6264089244e-11
0.0844480299999999	8.220697001e-13
0.11244803000000037	3.7360322990000005e-14
0.14044802999999995	0.0
0.16944802999999986	0.0
0.19744803000000033	0.0
0.2254480299999999	0.0
0.2534480300000004	0.0
0.28144802999999996	0.0
0.30944803000000043	0.0
0.33844803000000034	0.0
0.3664480299999999	0.0
0.3944480300000004	0.0
0.42244803	0.0
0.45044803000000044	0.0
0.47844803	0.0
0.5074480299999999	0.0
0.5354480300000004	0.0
0.56344803	0.0
0.5914480300000005	0.0
0.61944803	0.0
0.64844803	0.0
0.6764480300000004	0.0
0.70444803	0.0
0.7324480300000005	0.0
0.76044803	0.0
0.7884480299999996	0.0
0.8174480300000004	0.0
0.84544803	0.0
0.8734480300000005	0.0
0.9014480300000001	0.0
0.9294480299999996	0.0
0.9574480300000001	0.0
0.98644803	0.0
1.0144480300000005	0.0
1.04244803	0.0
1.0704480299999997	0.0
1.0984480300000001	0.0
1.1264480299999997	0.0
1.1554480299999996	0.0
1.18344803	0.0
1.2114480299999997	0.0
1.2394480300000001	0.0
1.2674480299999997	0.0
1.2954480300000002	0.0
1.32444803	0.0
1.3524480299999997	0.0
1.3804480300000002	0.0
1.4084480300000002	0.0
1.4364480300000002	0.0
1.4654480300000001	0.0
1.4934480300000001	0.0
1.5214480300000002	0.0
1.5494480300000002	0.0
1.5774480300000002	0.0
1.6054480300000002	0.0
1.6344480300000002	0.0
1.6624480300000002	0.0
1.6904480300000002	0.0
1.7184480300000002	0.0
1.7464480300000003	0.0
1.7744480300000003	0.0
1.8034480300000002	0.0
1.8314480300000002	0.0
1.8594480300000003	0.0
1.8874480300000003	0.0
1.9154480299999999	0.0
1.9434480299999999	0.0
1.9724480300000002	0.0
2.0004480300000003	0.0
2.02844803	0.0
2.05644803	0.0
2.08444803	0.0
2.1134480300000003	0.0
2.1414480300000003	0.0
2.16944803	0.0
2.19744803	0.0
2.22544803	0.0
2.25344803	0.0
2.28244803	0.0
2.31044803	0.0
2.33844803	0.0
2.36644803	0.0
2.39444803	0.0
2.42244803	0.0
2.45144803	0.0
2.47944803	0.0
2.50744803	0.0
2.53544803	0.0
2.56344803	0.0
2.59144803	0.0
2.62044803	0.0
2.64844803	0.0
2.67644803	0.0
2.70444803	0.0
2.73244803	0.0
2.76044803	0.0
2.78944803	0.0
2.81744803	0.0
2.84544803	0.0
2.87344803	0.0
2.90144803	0.0
2.93044803	0.0
2.95844803	0.0
2.98644803	0.0
3.01444803	0.0
3.04244803	0.0
3.07044803	0.0
3.09944803	0.0
3.12744803	0.0
3.15544803	0.0
3.18344803	0.0
3.21144803	0.0
3.23944803	0.0
3.26844803	0.0
3.29644803	0.0
3.32444803	0.0
3.35244803	0.0
3.38044803	0.0
3.4084480299999997	0.0
3.43744803	0.0
3.46544803	0.0
3.49344803	0.0
3.52144803	0.0
3.5494480299999998	0.0
3.5774480300000002	0.0
3.60644803	0.0
3.63444803	9.863905251450001e-15
3.66244803	2.407050997432e-13
3.6904480299999998	4.9876723194400005e-12
3.7184480300000002	8.825813379220001e-11
3.74744803	1.334409064704e-09
3.77544803	1.724408914736e-08
3.80344803	1.904301806413e-07
3.83144803	1.7969724500169999e-06
3.8594480300000003	1.449355982989e-05
3.88744803	9.99120261003e-05
3.9164480299999997	0.000588615677872
3.94444803	0.00296430872579
3.97244803	0.01276054924147
4.00044803	0.046958395857099995
4.02844803	0.14773264664480001
4.05644803	0.39731692842099997
4.08544803	0.9135145704450001
4.11344803	1.795743881986
4.14144803	3.01834896645
4.16944803	4.33848977859
4.19744803	5.336034175389999
4.22544803	5.62487273402
4.25444803	5.11953882859
4.28244803	4.1227507336
4.31044803	3.1714248243
4.33844803	2.7431684772000002
4.36644803	3.0229265025
4.39544803	3.82594089529
4.42344803	4.691520069599999
4.45144803	5.11697811693
4.47944803	4.825316368438
4.50744803	3.902377592296
4.53544803	2.700563588857
4.56444803	1.5982167465627002
4.59244803	0.8086740530180999
4.62044803	0.3498613066601
4.64844803	0.12940342764921
4.67644803	0.04091768737199
4.70444803	0.011059918756498
4.73344803	0.0025555851179660002
4.76144803	0.0005047942870797
4.78944803	8.522420969221e-05
4.81744803	1.2299354568596999e-05
4.84544803	1.516878191724e-06
4.8734480300000005	1.59887785606e-07
4.90244803	1.4403961632000002e-08
4.93044803	1.1330755606e-09
4.9584480300000005	4.01763589e-10
4.98644803	3.79961632e-09
5.0144480300000005	3.7440991e-08
5.04244803	3.15620628e-07
5.07144803	2.27403408e-06
5.0994480300000005	1.4004221999999999e-05
5.12744803	7.3721265e-05
5.1554480300000005	0.00033170295
5.18344803	0.00127579076
5.21244803	0.00419480045
5.2404480300000005	0.0117921027
5.26844803	0.0283393444
5.29644803	0.0582254029
5.32444803	0.102272324
5.35244803	0.153603592
5.3814480300000005	0.197316054
5.40944803	0.216935588
5.43744803	0.204791736
5.46544803	0.167952875
5.49344803	0.125017176
5.52144803	0.09604934000000001
5.55044803	0.09348442
5.57844803	0.11769916
5.60644803	0.15732639
5.63444803	0.19358164
5.66244803	0.20851005
5.69044803	0.1939201
5.71944803	0.15523189
5.74744803	0.10714402499999999
5.77544803	0.064764025
5.80344803	0.03762013
5.83144803	0.029800254999999998
5.85944803	0.043822083
5.88844803	0.082827175
5.91644803	0.14816121000000002
5.94444803	0.23419244
5.97244803	0.32631364
6.00044803	0.40645156
6.02944803	0.4632392
6.05744803	0.49786490000000005
6.08544803	0.5200418
6.11344803	0.5378841999999999
6.14144803	0.5520773
6.16944803	0.5570289
6.19844803	0.5472732
6.22644803	0.5226595
6.25444803	0.48808050000000003
6.28244803	0.4501846
6.31044803	0.4114175
6.33844803	0.36952660000000004
6.36744803	0.3222414
6.39544803	0.2719191
6.42344803	0.2243944
6.45144803	0.18375809999999998
6.47944803	0.1489616
6.50744803	0.11630046
6.53644803	0.08417291
6.56444803	0.05464494
6.59244803	0.03113996
6.62044803	0.01538244
6.64844803	0.0065425649
6.67744803	0.0023874246
6.70544803	0.0007462842999999999
6.73344803	0.00019960332
6.76144803	4.5654282000000005e-05
6.78944803	8.929137e-06
6.8174480299999995	1.4928676e-06
6.84644803	2.1334067999999998e-07
6.87444803	2.6061067e-08
6.90244803	2.7205911e-09
6.93044803	2.4272548e-10
6.95844803	1.8506116000000003e-11
6.98644803	1.2055433e-12
7.01544803	6.7112198e-14
7.04344803	3.2361566e-15
7.07144803	1.4070646e-16
7.09944803	0.0
7.12744803	0.0
7.1554480300000005	0.0
7.18444803	0.0
7.21244803	0.0
7.24044803	0.0
7.26844803	0.0
7.2964480300000005	0.0
7.32444803	0.0
7.35344803	0.0
7.38144803	0.0
7.40944803	0.0
7.4374480300000005	0.0
7.46544803	0.0
7.49444803	0.0
7.52244803	0.0
7.55044803	0.0
7.578448030000001	0.0
7.60644803	0.0
7.63444803	0.0
7.66344803	0.0
7.69144803	0.0
7.719448030000001	0.0
7.74744803	0.0
