-28.570	0.0	0.0	0.0	0.0	0.0	0.0	0.0	0.0	0.0
-28.538	0.0	0.0	0.0	0.0	0.0	0.0	0.0	0.0	0.0
-28.506	0.0	0.0	0.0	0.0	0.0	0.0	0.0	0.0	0.0
-28.474	0.0	0.0	0.0	0.0	0.0	0.0	0.0	0.0	0.0
-28.442	0.0	0.0	0.0	0.0	0.0	0.0	0.0	0.0	0.0
-28.410	0.0	0.0	0.0	0.0	0.0	0.0	0.0	0.0	0.0
-28.379	0.0	0.0	0.0	0.0	0.0	0.0	0.0	0.0	0.0
-28.347	0.0	0.0	0.0	0.0	0.0	0.0	0.0	0.0	0.0
-28.315	0.0	0.0	0.0	0.0	0.0	0.0	0.0	0.0	0.0
-28.283	0.0	0.0	0.0	0.0	0.0	0.0	0.0	0.0	0.0
-28.251	0.0	0.0	0.0	0.0	0.0	0.0	0.0	0.0	0.0
-28.219	0.0	0.0	0.0	0.0	0.0	0.0	0.0	0.0	0.0
-28.187	0.0	0.0	0.0	0.0	0.0	0.0	0.0	0.0	0.0
-28.155	0.0	0.0	0.0	0.0	0.0	0.0	0.0	0.0	0.0
-28.123	0.0	0.0	0.0	0.0	0.0	0.0	0.0	0.0	0.0
-28.091	0.0	0.0	0.0	0.0	0.0	0.0	0.0	0.0	0.0
-28.059	0.0	0.0	0.0	0.0	0.0	0.0	0.0	0.0	0.0
-28.027	0.0	0.0	0.0	0.0	0.0	0.0	0.0	0.0	0.0
-27.995	0.0	0.0	0.0	0.0	0.0	0.0	0.0	0.0	0.0
-27.963	0.0	0.0	0.0	0.0	0.0	0.0	0.0	0.0	0.0
-27.931	0.0	0.0	0.0	0.0	0.0	0.0	0.0	0.0	0.0
-27.899	0.0	0.0	0.0	0.0	0.0	0.0	0.0	0.0	0.0
-27.867	0.0	0.0	0.0	0.0	0.0	0.0	0.0	0.0	0.0
-27.835	0.0	0.0	0.0	0.0	0.0	0.0	0.0	0.0	0.0
-27.804	0.0	0.0	0.0	0.0	0.0	0.0	0.0	0.0	0.0
-27.772	0.0	0.0	0.0	0.0	0.0	0.0	0.0	0.0	0.0
-27.740	0.0	0.0	0.0	0.0	0.0	0.0	0.0	0.0	0.0
-27.708	2.6798944e-15	1.6673082439999996e-16	4.69695e-18	1.662799813e-16	0.0	0.0	0.0	0.0	0.0
-27.676	8.575892e-14	5.3359599109999996e-15	1.503101e-16	5.320518292000001e-15	0.0	0.0	0.0	0.0	0.0
-27.644	2.8839875999999995e-12	1.7937545729999998e-13	5.054091e-15	1.7890397909999997e-13	0.0	0.0	0.0	0.0	0.0
-27.612	7.822597e-11	4.8678019180000004e-12	1.371189e-13	4.853664386000001e-12	0.0	0.0	0.0	0.0	0.0
-27.580	1.7350124e-09	1.0794956583000002e-10	3.040932e-12	1.0764855595999999e-10	0.0	0.0	0.0	0.0	0.0
-27.548	3.144547699999999e-08	1.956037847e-09	5.511173000000001e-11	1.951474071e-09	0.0	0.0	0.0	0.0	0.0
-27.516	4.6582243e-07	2.8982524440000002e-08	8.16458e-10	2.890099594e-08	0.0	0.0	0.0	0.0	0.0
-27.484	5.640431000000001e-06	3.50933074e-07	9.88534e-09	3.5003340469999997e-07	0.0	0.0	0.0	0.0	0.0
-27.452	5.584607e-05	3.474505165e-06	9.78653e-08	3.464610786e-06	0.0	0.0	0.0	0.0	0.0
-27.420	0.00045201118000000003	2.8120084610000004e-05	7.921270000000001e-07	2.804240245e-05	0.0	0.0	0.0	0.0	0.0
-27.388	0.0029911844000000006	0.0001860874946	5.243512e-06	0.00018558970069999998	0.0	0.0	0.0	0.0	0.0
-27.356	0.016191867	0.0010073207153	2.8377180000000002e-05	0.0010045752359999999	0.0	0.0	0.0	0.0	0.0
-27.324	0.07166899	0.004459009752	0.000125621	0.004447395583	0.0	0.0	0.0	0.0	0.0
-27.292	0.25954021000000005	0.01614464182	0.00045485319999999987	0.016101087720000004	0.0	0.0	0.0	0.0	0.0
-27.260	0.7685485000000001	0.04781670036	0.0013469909999999999	0.04768537038	0.0	0.0	0.0	0.0	0.0
-27.228	1.8620882000000003	0.11584558059999998	0.0032636490000000004	0.11553711462999999	0.0	0.0	0.0	0.0	0.0
-27.197	3.6905799	0.22960656679999997	0.006468979999999998	0.2289833257	0.0	0.0	0.0	0.0	0.0
-27.165	5.985936	0.3723605094	0.01049028	0.37134064159999997	0.0	0.0	0.0	0.0	0.0
-27.133	7.941076999999999	0.4940664574	0.01391937	0.49276323119999993	0.0	0.0	0.0	0.0	0.0
-27.101	8.620956	0.5362861969999999	0.015110159999999997	0.5349518041	0.0	0.0	0.0	0.0	0.0
-27.069	7.657018	0.4764491998	0.01342111	0.4750260407	0.0	0.0	0.0	0.0	0.0
-27.037	5.564104	0.3461344439	0.00975182	0.34524401639999996	0.0	0.0	0.0	0.0	0.0
-27.005	3.3082152000000007	0.2057852563	0.005798164	0.20529140459999998	0.0	0.0	0.0	0.0	0.0
-26.973	1.6090893000000002	0.10011994720000002	0.002820369	0.09985535149	0.0	0.0	0.0	0.0	0.0
-26.941	0.6404059	0.039840092460000004	0.0011223460000000002	0.03973610264000001	0.0	0.0	0.0	0.0	0.0
-26.909	0.20843704999999998	0.012969925489999999	0.0003653643	0.012934871644	0.0	0.0	0.0	0.0	0.0
-26.877	0.055500999999999995	0.003453837921	9.728119999999999e-05	0.00344403385	0.0	0.0	0.0	0.0	0.0
-26.845	0.012090078	0.0007520824545	2.11899e-05	0.0007501745159000001	0.0	0.0	0.0	0.0	0.0
-26.813	0.0021536747	0.00013397455309999997	3.7744339999999995e-06	0.00013362143086	0.0	0.0	0.0	0.0	0.0
-26.781	0.00031365957999999995	1.952012138e-05	5.497887999999999e-07	1.946458062e-05	0.0	0.0	0.0	0.0	0.0
-26.749	3.7358569e-05	2.324916628e-06	6.54848e-08	2.318544405e-06	0.0	0.0	0.0	0.0	0.0
-26.717	3.6377712e-06	2.263317599e-07	6.377729999999999e-09	2.2571986000000003e-07	0.0	0.0	0.0	0.0	0.0
-26.685	2.8967916999999994e-07	1.80221102e-08	5.076616000000001e-10	1.7973860050000002e-08	0.0	0.0	0.0	0.0	0.0
-26.653	1.8848929999999996e-08	1.172724056e-09	3.3037379999999996e-11	1.1695380507e-09	0.0	0.0	0.0	0.0	0.0
-26.622	1.0025122999999998e-09	6.237284123e-11	1.757057e-12	6.220284446e-11	0.0	0.0	0.0	0.0	0.0
-26.590	4.3566593999999996e-11	2.7104581479999995e-12	7.637110000000001e-14	2.703274071e-12	0.0	0.0	0.0	0.0	0.0
-26.558	1.5543251000000001e-12	9.670512102000001e-14	2.7241980000000003e-15	9.644292460999998e-14	0.0	0.0	0.0	0.0	0.0
-26.526	4.2868506e-14	2.667265855e-15	7.51504e-17	2.6603231970000003e-15	0.0	0.0	0.0	0.0	0.0
-26.494	0.0	0.0	0.0	0.0	0.0	0.0	0.0	0.0	0.0
-26.462	0.0	0.0	0.0	0.0	0.0	0.0	0.0	0.0	0.0
-26.430	0.0	0.0	0.0	0.0	0.0	0.0	0.0	0.0	0.0
-26.398	0.0	0.0	0.0	0.0	0.0	0.0	0.0	0.0	0.0
-26.366	0.0	0.0	0.0	0.0	0.0	0.0	0.0	0.0	0.0
-26.334	0.0	0.0	0.0	0.0	0.0	0.0	0.0	0.0	0.0
-26.302	0.0	0.0	0.0	0.0	0.0	0.0	0.0	0.0	0.0
-26.270	0.0	0.0	0.0	0.0	0.0	0.0	0.0	0.0	0.0
-26.238	0.0	0.0	0.0	0.0	0.0	0.0	0.0	0.0	0.0
-26.206	0.0	0.0	0.0	0.0	0.0	0.0	0.0	0.0	0.0
-26.174	0.0	0.0	0.0	0.0	0.0	0.0	0.0	0.0	0.0
-26.142	0.0	0.0	0.0	0.0	0.0	0.0	0.0	0.0	0.0
-26.110	0.0	0.0	0.0	0.0	0.0	0.0	0.0	0.0	0.0
-26.078	0.0	0.0	0.0	0.0	0.0	0.0	0.0	0.0	0.0
-26.046	0.0	0.0	0.0	0.0	0.0	0.0	0.0	0.0	0.0
-26.015	0.0	0.0	0.0	0.0	0.0	0.0	0.0	0.0	0.0
-25.983	0.0	0.0	0.0	0.0	0.0	0.0	0.0	0.0	0.0
-25.951	0.0	0.0	0.0	0.0	0.0	0.0	0.0	0.0	0.0
-25.919	0.0	0.0	0.0	0.0	0.0	0.0	0.0	0.0	0.0
-25.887	0.0	0.0	0.0	0.0	0.0	0.0	0.0	0.0	0.0
-25.855	0.0	0.0	0.0	0.0	0.0	0.0	0.0	0.0	0.0
-25.823	0.0	0.0	0.0	0.0	0.0	0.0	0.0	0.0	0.0
-25.791	0.0	0.0	0.0	0.0	0.0	0.0	0.0	0.0	0.0
-25.759	0.0	0.0	0.0	0.0	0.0	0.0	0.0	0.0	0.0
-25.727	0.0	0.0	0.0	0.0	0.0	0.0	0.0	0.0	0.0
-25.695	0.0	0.0	0.0	0.0	0.0	0.0	0.0	0.0	0.0
-25.663	0.0	0.0	0.0	0.0	0.0	0.0	0.0	0.0	0.0
-25.631	0.0	0.0	0.0	0.0	0.0	0.0	0.0	0.0	0.0
-25.599	0.0	0.0	0.0	0.0	0.0	0.0	0.0	0.0	0.0
-25.567	0.0	0.0	0.0	0.0	0.0	0.0	0.0	0.0	0.0
-25.535	0.0	0.0	0.0	0.0	0.0	0.0	0.0	0.0	0.0
-25.503	0.0	0.0	0.0	0.0	0.0	0.0	0.0	0.0	0.0
-25.471	0.0	0.0	0.0	0.0	0.0	0.0	0.0	0.0	0.0
-25.440	0.0	0.0	0.0	0.0	0.0	0.0	0.0	0.0	0.0
-25.408	0.0	0.0	0.0	0.0	0.0	0.0	0.0	0.0	0.0
-25.376	0.0	0.0	0.0	0.0	0.0	0.0	0.0	0.0	0.0
-25.344	0.0	0.0	0.0	0.0	0.0	0.0	0.0	0.0	0.0
-25.312	0.0	0.0	0.0	0.0	0.0	0.0	0.0	0.0	0.0
-25.280	0.0	0.0	0.0	0.0	0.0	0.0	0.0	0.0	0.0
-25.248	0.0	0.0	0.0	0.0	0.0	0.0	0.0	0.0	0.0
-25.216	0.0	0.0	0.0	0.0	0.0	0.0	0.0	0.0	0.0
-25.184	0.0	0.0	0.0	0.0	0.0	0.0	0.0	0.0	0.0
-25.152	0.0	0.0	0.0	0.0	0.0	0.0	0.0	0.0	0.0
-25.120	0.0	0.0	0.0	0.0	0.0	0.0	0.0	0.0	0.0
-25.088	0.0	0.0	0.0	0.0	0.0	0.0	0.0	0.0	0.0
-25.056	0.0	0.0	0.0	0.0	0.0	0.0	0.0	0.0	0.0
-25.024	0.0	0.0	0.0	0.0	0.0	0.0	0.0	0.0	0.0
-24.992	2.3577429999999998e-15	2.4077873300000003e-16	2.2647170000000003e-17	2.4407213e-16	0.0	0.0	0.0	0.0	0.0
-24.960	9.43132e-14	9.6321429e-15	9.058221e-16	9.7631212e-15	0.0	0.0	0.0	0.0	0.0
-24.928	3.119496e-12	3.1862872000000006e-13	2.9962189999999996e-14	3.2286513e-13	0.0	0.0	0.0	0.0	0.0
-24.896	8.362039000000002e-11	8.5396088e-12	8.030616e-13	8.655416799999998e-12	0.0	0.0	0.0	0.0	0.0
-24.864	1.8316209000000002e-09	1.87086054e-10	1.7593684e-11	1.8956959800000004e-10	0.0	0.0	0.0	0.0	0.0
-24.833	3.278925e-08	3.3493328999999997e-09	3.149733e-10	3.3948297000000003e-09	0.0	0.0	0.0	0.0	0.0
-24.801	4.798107999999999e-07	4.9004301e-08	4.609348e-09	4.967196e-08	0.0	0.0	0.0	0.0	0.0
-24.769	5.73943e-06	5.862282599999999e-07	5.5137379999999995e-08	5.941224600000001e-07	0.0	0.0	0.0	0.0	0.0
-24.737	5.612728e-05	5.7325716e-06	5.391073000000001e-07	5.8101866e-06	0.0	0.0	0.0	0.0	0.0
-24.705	0.0004488233	4.5830236e-05	4.310789e-06	4.6452592e-05	0.0	0.0	0.0	0.0	0.0
-24.673	0.00293374	0.00029962991000000004	2.8180580000000005e-05	0.00030373707	0.0	0.0	0.0	0.0	0.0
-24.641	0.015686195	0.00160247709	0.00015066462	0.00162355957	0.0	0.0	0.0	0.0	0.0
-24.609	0.06858779000000001	0.0070052116	0.0006589038999999999	0.0071005444000000004	0.0	0.0	0.0	0.0	0.0
-24.577	0.2453259	0.025056992800000004	0.002356588	0.02539277	0.0	0.0	0.0	0.0	0.0
-24.545	0.7178136	0.07331110300000002	0.006894162000000001	0.074291902	0.0	0.0	0.0	0.0	0.0
-24.513	1.7178672	0.17542944600000002	0.016500973999999998	0.177856323	0.0	0.0	0.0	0.0	0.0
-24.481	3.363428	0.3434933	0.03230819	0.34818745	0.0	0.0	0.0	0.0	0.0
-24.449	5.388831000000001	0.5503376999999999	0.051758189999999996	0.5578157300000001	0.0	0.0	0.0	0.0	0.0
-24.417	7.063129999999999	0.7212994	0.06784232999999999	0.7311544099999999	0.0	0.0	0.0	0.0	0.0
-24.385	7.573862000000002	0.7734798700000001	0.07273943000000001	0.78394719	0.0	0.0	0.0	0.0	0.0
-24.353	6.644855000000001	0.67868624	0.0638272	0.68782548	0.0	0.0	0.0	0.0	0.0
-24.321	4.769480000000001	0.48716421	0.04581203	0.4937398	0.0	0.0	0.0	0.0	0.0
-24.289	2.8016670000000006	0.28618932	0.026912310000000005	0.29005921	0.0	0.0	0.0	0.0	0.0
-24.258	1.3465623999999998	0.137509252	0.012935089999999998	0.13937275200000002	0.0	0.0	0.0	0.0	0.0
-24.226	0.5312771	0.054173489000000005	0.005109762999999999	0.054904951	0.0	0.0	0.0	0.0	0.0
-24.194	0.18161001000000002	0.018091337399999997	0.0017814948999999999	0.018315832	0.0	0.0	0.0	0.0	0.0
-24.162	0.09675031999999999	0.007821828000000001	0.0010977525	0.007815877	0.0	0.0	0.0	0.0	0.0
-24.130	0.202970512	0.01307238	0.0025763569999999996	0.012832266	0.0	0.0	0.0	0.0	0.0
-24.098	0.589933396	0.03694287	0.0075723909999999995	0.03618379000000001	0.0	0.0	0.0	0.0	0.0
-24.066	1.4640062639999998	0.0915395	0.018806227999999998	0.08962788000000001	0.0	0.0	0.0	0.0	0.0
-24.034	2.980329681	0.18633048	0.03828531	0.18243479999999998	0.0	0.0	0.0	0.0	0.0
-24.002	4.963918469999999	0.3103343	0.0637749	0.3038173	0.0	0.0	0.0	0.0	0.0
-23.970	6.764412060000001	0.42298340000000006	0.08691151	0.41406139999999997	0.0	0.0	0.0	0.0	0.0
-23.938	7.541982569999999	0.47157989999999994	0.09689062999999999	0.4616807	0.0	0.0	0.0	0.0	0.0
-23.906	6.88113356	0.4302499	0.08839906	0.4212256	0.0	0.0	0.0	0.0	0.0
-23.874	5.1361998390000005	0.32110920000000004	0.06598790999999998	0.31439079999999997	0.0	0.0	0.0	0.0	0.0
-23.842	3.137024651	0.19607462999999997	0.04029572	0.19201545999999997	0.0	0.0	0.0	0.0	0.0
-23.810	1.567153314	0.09798538999999999	0.02013152	0.09593618000000001	0.0	0.0	0.0	0.0	0.0
-23.778	0.6406047100000001	0.04005194000000001	0.00822928	0.0392169	0.0	0.0	0.0	0.0	0.0
-23.746	0.21418991259999998	0.013391438	0.002751761	0.013111402999999999	0.0	0.0	0.0	0.0	0.0
-23.714	0.05858229659999999	0.003662884	0.0007525837	0.003586094	0.0	0.0	0.0	0.0	0.0
-23.682	0.013106778260000002	0.0008194158999999999	0.0001683766	0.0008023265	0.0	0.0	0.0	0.0	0.0
-23.651	0.002398121603	0.00014993618000000002	3.0810760000000004e-05	0.00014680472999999998	0.0	0.0	0.0	0.0	0.0
-23.619	0.00035883027889999997	2.2440684e-05	4.609342999999999e-06	2.1968566999999998e-05	0.0	0.0	0.0	0.0	0.0
-23.587	4.390499698e-05	2.745009e-06	5.640710000000001e-07	2.6875439999999996e-06	0.0	0.0	0.0	0.0	0.0
-23.555	4.3919497210000005e-06	2.7455990000000005e-07	5.641621e-08	2.6879129999999996e-07	0.0	0.0	0.0	0.0	0.0
-23.523	3.591239835e-07	2.2460261999999995e-08	4.613796e-09	2.1989155999999996e-08	0.0	0.0	0.0	0.0	0.0
-23.491	2.401039648e-08	1.5012696999999998e-09	3.084668e-10	1.4697862e-09	0.0	0.0	0.0	0.0	0.0
-23.459	1.311907838e-09	8.202298e-11	1.6854067999999998e-11	8.030384000000002e-11	0.0	0.0	0.0	0.0	0.0
-23.427	5.858019660000001e-11	3.662863e-12	7.525417e-13	3.5860730000000004e-12	0.0	0.0	0.0	0.0	0.0
-23.395	2.137192058e-12	1.3362758000000001e-13	2.7453680000000006e-14	1.3081633e-13	0.0	0.0	0.0	0.0	0.0
-23.363	6.56161921e-14	4.10266e-15	8.429069999999999e-16	4.016346e-15	0.0	0.0	0.0	0.0	0.0
-23.331	0.0	0.0	0.0	0.0	0.0	0.0	0.0	0.0	0.0
-23.299	0.0	0.0	0.0	0.0	0.0	0.0	0.0	0.0	0.0
-23.267	0.0	0.0	0.0	0.0	0.0	0.0	0.0	0.0	0.0
-23.235	0.0	0.0	0.0	0.0	0.0	0.0	0.0	0.0	0.0
-23.203	0.0	0.0	0.0	0.0	0.0	0.0	0.0	0.0	0.0
-23.171	0.0	0.0	0.0	0.0	0.0	0.0	0.0	0.0	0.0
-23.139	0.0	0.0	0.0	0.0	0.0	0.0	0.0	0.0	0.0
-23.107	0.0	0.0	0.0	0.0	0.0	0.0	0.0	0.0	0.0
-23.076	0.0	0.0	0.0	0.0	0.0	0.0	0.0	0.0	0.0
-23.044	0.0	0.0	0.0	0.0	0.0	0.0	0.0	0.0	0.0
-23.012	0.0	0.0	0.0	0.0	0.0	0.0	0.0	0.0	0.0
-22.980	0.0	0.0	0.0	0.0	0.0	0.0	0.0	0.0	0.0
-22.948	0.0	0.0	0.0	0.0	0.0	0.0	0.0	0.0	0.0
-22.916	0.0	0.0	0.0	0.0	0.0	0.0	0.0	0.0	0.0
-22.884	0.0	0.0	0.0	0.0	0.0	0.0	0.0	0.0	0.0
-22.852	0.0	0.0	0.0	0.0	0.0	0.0	0.0	0.0	0.0
-22.820	0.0	0.0	0.0	0.0	0.0	0.0	0.0	0.0	0.0
-22.788	0.0	0.0	0.0	0.0	0.0	0.0	0.0	0.0	0.0
-22.756	0.0	0.0	0.0	0.0	0.0	0.0	0.0	0.0	0.0
-22.724	0.0	0.0	0.0	0.0	0.0	0.0	0.0	0.0	0.0
-22.692	0.0	0.0	0.0	0.0	0.0	0.0	0.0	0.0	0.0
-22.660	0.0	0.0	0.0	0.0	0.0	0.0	0.0	0.0	0.0
-22.628	0.0	0.0	0.0	0.0	0.0	0.0	0.0	0.0	0.0
-22.596	0.0	0.0	0.0	0.0	0.0	0.0	0.0	0.0	0.0
-22.564	0.0	0.0	0.0	0.0	0.0	0.0	0.0	0.0	0.0
-22.532	0.0	0.0	0.0	0.0	0.0	0.0	0.0	0.0	0.0
-22.500	0.0	0.0	0.0	0.0	0.0	0.0	0.0	0.0	0.0
-22.469	0.0	0.0	0.0	0.0	0.0	0.0	0.0	0.0	0.0
-22.437	0.0	0.0	0.0	0.0	0.0	0.0	0.0	0.0	0.0
-22.405	0.0	0.0	0.0	0.0	0.0	0.0	0.0	0.0	0.0
-22.373	0.0	0.0	0.0	0.0	0.0	0.0	0.0	0.0	0.0
-22.341	0.0	0.0	0.0	0.0	0.0	0.0	0.0	0.0	0.0
-22.309	0.0	0.0	0.0	0.0	0.0	0.0	0.0	0.0	0.0
-22.277	0.0	0.0	0.0	0.0	0.0	0.0	0.0	0.0	0.0
-22.245	0.0	0.0	0.0	0.0	0.0	0.0	0.0	0.0	0.0
-22.213	0.0	0.0	0.0	0.0	0.0	0.0	0.0	0.0	0.0
-22.181	0.0	0.0	0.0	0.0	0.0	0.0	0.0	0.0	0.0
-22.149	0.0	0.0	0.0	0.0	0.0	0.0	0.0	0.0	0.0
-22.117	0.0	0.0	0.0	0.0	0.0	0.0	0.0	0.0	0.0
-22.085	0.0	0.0	0.0	0.0	0.0	0.0	0.0	0.0	0.0
-22.053	0.0	0.0	0.0	0.0	0.0	0.0	0.0	0.0	0.0
-22.021	0.0	0.0	0.0	0.0	0.0	0.0	0.0	0.0	0.0
-21.989	0.0	0.0	0.0	0.0	0.0	0.0	0.0	0.0	0.0
-21.957	0.0	0.0	0.0	0.0	0.0	0.0	0.0	0.0	0.0
-21.925	0.0	0.0	0.0	0.0	0.0	0.0	0.0	0.0	0.0
-21.893	0.0	0.0	0.0	0.0	0.0	0.0	0.0	0.0	0.0
-21.862	0.0	0.0	0.0	0.0	0.0	0.0	0.0	0.0	0.0
-21.830	0.0	0.0	0.0	0.0	0.0	0.0	0.0	0.0	0.0
-21.798	0.0	0.0	0.0	0.0	0.0	0.0	0.0	0.0	0.0
-21.766	0.0	0.0	0.0	0.0	0.0	0.0	0.0	0.0	0.0
-21.734	0.0	0.0	0.0	0.0	0.0	0.0	0.0	0.0	0.0
-21.702	0.0	0.0	0.0	0.0	0.0	0.0	0.0	0.0	0.0
-21.670	0.0	0.0	0.0	0.0	0.0	0.0	0.0	0.0	0.0
-21.638	0.0	0.0	0.0	0.0	0.0	0.0	0.0	0.0	0.0
-21.606	0.0	0.0	0.0	0.0	0.0	0.0	0.0	0.0	0.0
-21.574	0.0	0.0	0.0	0.0	0.0	0.0	0.0	0.0	0.0
-21.542	0.0	0.0	0.0	0.0	0.0	0.0	0.0	0.0	0.0
-21.510	0.0	0.0	0.0	0.0	0.0	0.0	0.0	0.0	0.0
-21.478	0.0	0.0	0.0	0.0	0.0	0.0	0.0	0.0	0.0
-21.446	0.0	0.0	0.0	0.0	0.0	0.0	0.0	0.0	0.0
-21.414	0.0	0.0	0.0	0.0	0.0	0.0	0.0	0.0	0.0
-21.382	0.0	0.0	0.0	0.0	0.0	0.0	0.0	0.0	0.0
-21.350	0.0	0.0	0.0	0.0	0.0	0.0	0.0	0.0	0.0
-21.318	0.0	0.0	0.0	0.0	0.0	0.0	0.0	0.0	0.0
-21.287	0.0	0.0	0.0	0.0	0.0	0.0	0.0	0.0	0.0
-21.255	0.0	0.0	0.0	0.0	0.0	0.0	0.0	0.0	0.0
-21.223	0.0	0.0	0.0	0.0	0.0	0.0	0.0	0.0	0.0
-21.191	0.0	0.0	0.0	0.0	0.0	0.0	0.0	0.0	0.0
-21.159	0.0	0.0	0.0	0.0	0.0	0.0	0.0	0.0	0.0
-21.127	0.0	0.0	0.0	0.0	0.0	0.0	0.0	0.0	0.0
-21.095	0.0	0.0	0.0	0.0	0.0	0.0	0.0	0.0	0.0
-21.063	0.0	0.0	0.0	0.0	0.0	0.0	0.0	0.0	0.0
-21.031	0.0	0.0	0.0	0.0	0.0	0.0	0.0	0.0	0.0
-20.999	0.0	0.0	0.0	0.0	0.0	0.0	0.0	0.0	0.0
-20.967	0.0	0.0	0.0	0.0	0.0	0.0	0.0	0.0	0.0
-20.935	0.0	0.0	0.0	0.0	0.0	0.0	0.0	0.0	0.0
-20.903	0.0	0.0	0.0	0.0	0.0	0.0	0.0	0.0	0.0
-20.871	0.0	0.0	0.0	0.0	0.0	0.0	0.0	0.0	0.0
-20.839	0.0	0.0	0.0	0.0	0.0	0.0	0.0	0.0	0.0
-20.807	0.0	0.0	0.0	0.0	0.0	0.0	0.0	0.0	0.0
-20.775	0.0	0.0	0.0	0.0	0.0	0.0	0.0	0.0	0.0
-20.743	0.0	0.0	0.0	0.0	0.0	0.0	0.0	0.0	0.0
-20.711	0.0	0.0	0.0	0.0	0.0	0.0	0.0	0.0	0.0
-20.680	0.0	0.0	0.0	0.0	0.0	0.0	0.0	0.0	0.0
-20.648	0.0	0.0	0.0	0.0	0.0	0.0	0.0	0.0	0.0
-20.616	0.0	0.0	0.0	0.0	0.0	0.0	0.0	0.0	0.0
-20.584	0.0	0.0	0.0	0.0	0.0	0.0	0.0	0.0	0.0
-20.552	0.0	0.0	0.0	0.0	0.0	0.0	0.0	0.0	0.0
-20.520	0.0	0.0	0.0	0.0	0.0	0.0	0.0	0.0	0.0
-20.488	0.0	0.0	0.0	0.0	0.0	0.0	0.0	0.0	0.0
-20.456	0.0	0.0	0.0	0.0	0.0	0.0	0.0	0.0	0.0
-20.424	0.0	0.0	0.0	0.0	0.0	0.0	0.0	0.0	0.0
-20.392	0.0	0.0	0.0	0.0	0.0	0.0	0.0	0.0	0.0
-20.360	0.0	0.0	0.0	0.0	0.0	0.0	0.0	0.0	0.0
-20.328	0.0	0.0	0.0	0.0	0.0	0.0	0.0	0.0	0.0
-20.296	0.0	0.0	0.0	0.0	0.0	0.0	0.0	0.0	0.0
-20.264	0.0	0.0	0.0	0.0	0.0	0.0	0.0	0.0	0.0
-20.232	0.0	0.0	0.0	0.0	0.0	0.0	0.0	0.0	0.0
-20.200	0.0	0.0	0.0	0.0	0.0	0.0	0.0	0.0	0.0
-20.168	0.0	0.0	0.0	0.0	0.0	0.0	0.0	0.0	0.0
-20.136	0.0	0.0	0.0	0.0	0.0	0.0	0.0	0.0	0.0
-20.105	0.0	0.0	0.0	0.0	0.0	0.0	0.0	0.0	0.0
-20.073	0.0	0.0	0.0	0.0	0.0	0.0	0.0	0.0	0.0
-20.041	0.0	0.0	0.0	0.0	0.0	0.0	0.0	0.0	0.0
-20.009	0.0	0.0	0.0	0.0	0.0	0.0	0.0	0.0	0.0
-19.977	0.0	0.0	0.0	0.0	0.0	0.0	0.0	0.0	0.0
-19.945	0.0	0.0	0.0	0.0	0.0	0.0	0.0	0.0	0.0
-19.913	0.0	0.0	0.0	0.0	0.0	0.0	0.0	0.0	0.0
-19.881	0.0	0.0	0.0	0.0	0.0	0.0	0.0	0.0	0.0
-19.849	0.0	0.0	0.0	0.0	0.0	0.0	0.0	0.0	0.0
-19.817	0.0	0.0	0.0	0.0	0.0	0.0	0.0	0.0	0.0
-19.785	0.0	0.0	0.0	0.0	0.0	0.0	0.0	0.0	0.0
-19.753	0.0	0.0	0.0	0.0	0.0	0.0	0.0	0.0	0.0
-19.721	0.0	0.0	0.0	0.0	0.0	0.0	0.0	0.0	0.0
-19.689	0.0	0.0	0.0	0.0	0.0	0.0	0.0	0.0	0.0
-19.657	0.0	0.0	0.0	0.0	0.0	0.0	0.0	0.0	0.0
-19.625	0.0	0.0	0.0	0.0	0.0	0.0	0.0	0.0	0.0
-19.593	0.0	0.0	0.0	0.0	0.0	0.0	0.0	0.0	0.0
-19.561	0.0	0.0	0.0	0.0	0.0	0.0	0.0	0.0	0.0
-19.529	0.0	0.0	0.0	0.0	0.0	0.0	0.0	0.0	0.0
-19.498	0.0	0.0	0.0	0.0	0.0	0.0	0.0	0.0	0.0
-19.466	0.0	0.0	0.0	0.0	0.0	0.0	0.0	0.0	0.0
-19.434	0.0	0.0	0.0	0.0	0.0	0.0	0.0	0.0	0.0
-19.402	0.0	0.0	0.0	0.0	0.0	0.0	0.0	0.0	0.0
-19.370	0.0	0.0	0.0	0.0	0.0	0.0	0.0	0.0	0.0
-19.338	2.0380079999999997e-15	2.38070716e-16	7.188769061e-17	2.199941146e-16	0.0	0.0	0.0	0.0	0.0
-19.306	4.891649e-14	5.714425379999999e-15	1.7256205229999999e-15	5.27815255e-15	0.0	0.0	0.0	0.0	0.0
-19.274	1.65062e-12	1.92862733e-13	5.823680271999998e-14	1.7810585990000003e-13	0.0	0.0	0.0	0.0	0.0
-19.242	4.557882e-11	5.325234079999999e-12	1.6079592599999998e-12	4.9186572200000005e-12	0.0	0.0	0.0	0.0	0.0
-19.210	1.0277927e-09	1.20088517e-10	3.6258917579999996e-11	1.109250109e-10	0.0	0.0	0.0	0.0	0.0
-19.178	1.894375e-08	2.2131307400000006e-09	6.68392582e-10	2.0445655720000003e-09	0.0	0.0	0.0	0.0	0.0
-19.146	2.853603e-07	3.33386223e-08	1.0067999266999998e-08	3.079412409999999e-08	0.0	0.0	0.0	0.0	0.0
-19.114	3.513838e-06	4.1058407600000003e-07	1.23972916e-07	3.79203905e-07	0.0	0.0	0.0	0.0	0.0
-19.082	3.537324e-05	4.1330709899999995e-06	1.247911737e-06	3.81802314e-06	0.0	0.0	0.0	0.0	0.0
-19.050	0.0002911184	3.4015148e-05	1.0270777645000001e-05	3.14157864e-05	0.0	0.0	0.0	0.0	0.0
-19.018	0.001959377	0.00022894213799999995	6.912253419999998e-05	0.0002114317832	0.0	0.0	0.0	0.0	0.0
-18.986	0.010782627999999999	0.00125990667	0.0003804126115	0.00116381861	0.0	0.0	0.0	0.0	0.0
-18.954	0.04853813	0.00567124801	0.0017124270650000003	0.0052383274	0.0	0.0	0.0	0.0	0.0
-18.923	0.1787024	0.0208756468	0.0063050670509999995	0.019288781429999995	0.0	0.0	0.0	0.0	0.0
-18.891	0.5381817000000001	0.0628724123	0.018985600609999997	0.058079645099999994	0.0	0.0	0.0	0.0	0.0
-18.859	1.325815	0.154924311	0.04677785094	0.1431353	0.0	0.0	0.0	0.0	0.0
-18.827	2.672342	0.312210343	0.09427091770000001	0.2884079679999999	0.0	0.0	0.0	0.0	0.0
-18.795	4.408187	0.51494746	0.15552264140000002	0.475614364	0.0	0.0	0.0	0.0	0.0
-18.763	5.952156	0.695181589	0.210141533	0.6421876900000001	0.0	0.0	0.0	0.0	0.0
-18.731	6.599039	0.769676233	0.23358151	0.71138289	0.0	0.0	0.0	0.0	0.0
-18.699	6.069056000000001	0.7042129290000001	0.21714525000000004	0.6522666260000001	0.0	0.0	0.0	0.0	0.0
-18.667	4.829117	0.549026659	0.17993511	0.512776261	0.0	0.0	0.0	0.0	0.0
-18.635	3.8070779999999997	0.405662377	0.15890379999999998	0.389324244	0.0	0.0	0.0	0.0	0.0
-18.603	3.7523670000000005	0.35620215999999993	0.18410918	0.359817916	0.0	0.0	0.0	0.0	0.0
-18.571	4.744261	0.41349718399999996	0.2562641	0.435113196	0.0	0.0	0.0	0.0	0.0
-18.539	6.1486339999999995	0.523365979	0.34132496999999995	0.55911425	0.0	0.0	0.0	0.0	0.0
-18.507	7.059089	0.612179466	0.38998723999999996	0.6553759800000001	0.0	0.0	0.0	0.0	0.0
-18.475	6.9987900000000005	0.652546896	0.37227143	0.6957902200000001	0.0	0.0	0.0	0.0	0.0
-18.443	6.29486	0.69319846	0.30089093	0.7314553999999999	0.0	0.0	0.0	0.0	0.0
-18.411	5.7439599999999995	0.8115807099999999	0.21698709	0.84519957	0.0	0.0	0.0	0.0	0.0
-18.379	5.8136	1.02027815	0.15564747	1.0531221	0.0	0.0	0.0	0.0	0.0
-18.347	6.1986	1.2212449699999999	0.12306451	1.25553027	0.0	0.0	0.0	0.0	0.0
-18.316	6.1686999999999985	1.27219704	0.10418205	1.30583646	0.0	0.0	0.0	0.0	0.0
-18.284	5.2877	1.1079792699999997	0.08371955600000001	1.1366465200000002	0.0	0.0	0.0	0.0	0.0
-18.252	3.7755829999999992	0.79518151	0.058439799	0.8156120649999999	0.0	0.0	0.0	0.0	0.0
-18.220	2.2181879999999996	0.4679200619999999	0.034078939	0.4799312770000001	0.0	0.0	0.0	0.0	0.0
-18.188	1.068163	0.225450282	0.016371702899999997	0.231244532	0.0	0.0	0.0	0.0	0.0
-18.156	0.4210937	0.08889218499999998	0.006448622530000001	0.09117220400000002	0.0	0.0	0.0	0.0	0.0
-18.124	0.1358089	0.0286688243	0.0020794451100000005	0.0294124087	0.0	0.0	0.0	0.0	0.0
-18.092	0.035831890000000005	0.0075652306	0.000548588002	0.00775901324	0.0	0.0	0.0	0.0	0.0
-18.060	0.007733639999999999	0.00163283126	0.00011838603800000001	0.0016740930399999998	0.0	0.0	0.0	0.0	0.0
-18.028	0.0013648080000000001	0.00028814021199999996	2.08959558e-05	0.000295597344	0.0	0.0	0.0	0.0	0.0
-17.996	0.0001970003	4.15902838e-05	3.0160404199999997e-06	4.26616829e-05	0.0	0.0	0.0	0.0	0.0
-17.964	2.325005e-05	4.90901627e-06	3.55939612e-07	5.035237590000001e-06	0.0	0.0	0.0	0.0	0.0
-17.932	2.243423e-06	4.73605003e-07	3.4346524599999994e-08	4.85805035e-07	0.0	0.0	0.0	0.0	0.0
-17.900	1.769647e-07	3.73638197e-08	2.7092832200000003e-09	3.8320187400000005e-08	0.0	0.0	0.0	0.0	0.0
-17.868	1.1411060000000001e-08	2.4090862900000002e-09	1.74693834e-10	2.47066437e-09	0.0	0.0	0.0	0.0	0.0
-17.836	6.012929999999999e-10	1.26957201e-10	9.2065381e-12	1.30211863e-10	0.0	0.0	0.0	0.0	0.0
-17.804	2.590057e-11	5.46887544e-12	3.9651739300000004e-13	5.6081179299999996e-12	0.0	0.0	0.0	0.0	0.0
-17.772	9.08479e-13	1.91787353e-13	1.39082622e-14	1.96721345e-13	0.0	0.0	0.0	0.0	0.0
-17.741	2.9539910000000003e-14	6.2371482399999995e-15	4.52268412e-16	6.39669427e-15	0.0	0.0	0.0	0.0	0.0
-17.709	0.0	0.0	0.0	0.0	0.0	0.0	0.0	0.0	0.0
-17.677	0.0	0.0	0.0	0.0	0.0	0.0	0.0	0.0	0.0
-17.645	0.0	0.0	0.0	0.0	0.0	0.0	0.0	0.0	0.0
-17.613	0.0	0.0	0.0	0.0	0.0	0.0	0.0	0.0	0.0
-17.581	0.0	0.0	0.0	0.0	0.0	0.0	0.0	0.0	0.0
-17.549	0.0	0.0	0.0	0.0	0.0	0.0	0.0	0.0	0.0
-17.517	0.0	0.0	0.0	0.0	0.0	0.0	0.0	0.0	0.0
-17.485	0.0	0.0	0.0	0.0	0.0	0.0	0.0	0.0	0.0
-17.453	0.0	0.0	0.0	0.0	0.0	0.0	0.0	0.0	0.0
-17.421	0.0	0.0	0.0	0.0	0.0	0.0	0.0	0.0	0.0
-17.389	0.0	0.0	0.0	0.0	0.0	0.0	0.0	0.0	0.0
-17.357	0.0	0.0	0.0	0.0	0.0	0.0	0.0	0.0	0.0
-17.325	0.0	0.0	0.0	0.0	0.0	0.0	0.0	0.0	0.0
-17.293	0.0	0.0	0.0	0.0	0.0	0.0	0.0	0.0	0.0
-17.261	0.0	0.0	0.0	0.0	0.0	0.0	0.0	0.0	0.0
-17.229	0.0	0.0	0.0	0.0	0.0	0.0	0.0	0.0	0.0
-17.197	0.0	0.0	0.0	0.0	0.0	0.0	0.0	0.0	0.0
-17.165	0.0	0.0	0.0	0.0	0.0	0.0	0.0	0.0	0.0
-17.134	3.3438249589999996e-14	6.905544000000001e-15	7.092115000000004e-16	6.778594e-15	0.0	0.0	0.0	0.0	0.0
-17.102	1.107148266e-12	2.2865121e-13	2.3483980999999998e-14	2.2441740999999997e-13	0.0	0.0	0.0	0.0	0.0
-17.070	3.112713238e-11	6.42842e-12	6.603218999999999e-13	6.3101850000000005e-12	0.0	0.0	0.0	0.0	0.0
-17.038	7.148173357000001e-10	1.4762660999999998e-10	1.5164212999999998e-11	1.4488896e-10	0.0	0.0	0.0	0.0	0.0
-17.006	1.341330014e-08	2.7707108e-09	2.8454061e-10	2.7194360000000007e-09	0.0	0.0	0.0	0.0	0.0
-16.974	2.057335361e-07	4.24961e-08	4.364447e-09	4.1701730000000005e-08	0.0	0.0	0.0	0.0	0.0
-16.942	2.579669253e-06	5.327666000000001e-07	5.471700000000001e-08	5.228203e-07	0.0	0.0	0.0	0.0	0.0
-16.910	2.6440397390000004e-05	5.460334000000001e-06	5.608433000000002e-07	5.3589879999999995e-06	0.0	0.0	0.0	0.0	0.0
-16.878	0.00022156465370000002	4.575337e-05	4.699947000000001e-06	4.491574e-05	0.0	0.0	0.0	0.0	0.0
-16.846	0.0015182213340000001	0.00031355323	3.2204653e-05	0.0003078099	0.0	0.0	0.0	0.0	0.0
-16.814	0.008506913511	0.0017570718	0.00018046088	0.0017244635	0.0	0.0	0.0	0.0	0.0
-16.782	0.03898719109	0.008052346	0.0008269855000000002	0.007902435	0.0	0.0	0.0	0.0	0.0
-16.750	0.14614009109999998	0.030178046	0.003100136700000001	0.029624435	0.0	0.0	0.0	0.0	0.0
-16.718	0.4481053452	0.09254839999999999	0.009504529000000001	0.09082588	0.0	0.0	0.0	0.0	0.0
-16.686	1.123888391	0.23212593	0.023840164999999996	0.22781852	0.0	0.0	0.0	0.0	0.0
-16.654	2.306277213	0.4762605999999999	0.04892233000000001	0.46753630000000007	0.0	0.0	0.0	0.0	0.0
-16.622	3.871698908	0.7996707000000001	0.08213411999999999	0.7847796999999999	0.0	0.0	0.0	0.0	0.0
-16.590	5.317929703	1.0983355	0.11281160999999999	1.0780093000000002	0.0	0.0	0.0	0.0	0.0
-16.559	5.9754946140000005	1.2343094	0.12677882000000001	1.2114527000000004	0.0	0.0	0.0	0.0	0.0
-16.527	5.49509102	1.1349379	0.116567	1.1138427000000002	0.0	0.0	0.0	0.0	0.0
-16.495	4.1339408650000005	0.8537780999999999	0.08769123999999999	0.8379922000000001	0.0	0.0	0.0	0.0	0.0
-16.463	2.544598992	0.5255584999999999	0.053977130000000005	0.5158412	0.0	0.0	0.0	0.0	0.0
-16.431	1.281349566	0.26461014	0.027180759000000002	0.25973367999999997	0.0	0.0	0.0	0.0	0.0
-16.399	0.5278529407	0.10903009999999999	0.011196840999999997	0.10700027999999999	0.0	0.0	0.0	0.0	0.0
-16.367	0.1778913285	0.03673956	0.0037736266999999998	0.036054624	0.0	0.0	0.0	0.0	0.0
-16.335	0.049043466179999995	0.010128098	0.0010403372	0.009941486000000001	0.0	0.0	0.0	0.0	0.0
-16.303	0.01105888256	0.0022839214	0.00023457374	0.0022415772000000003	0.0	0.0	0.0	0.0	0.0
-16.271	0.0020394152199999997	0.00042119195	4.326018e-05	0.00041334860000000006	0.0	0.0	0.0	0.0	0.0
-16.239	0.00030755229640000003	6.351335e-05	6.52473e-06	6.234195e-05	0.0	0.0	0.0	0.0	0.0
-16.207	3.792718315e-05	7.833957e-06	8.045852000000001e-07	7.687289e-06	0.0	0.0	0.0	0.0	0.0
-16.175	3.823938552e-06	7.89766e-07	8.111458e-08	7.751213e-07	0.0	0.0	0.0	0.0	0.0
-16.143	3.152103533999999e-07	6.509797e-08	6.686569000000002e-09	6.389479000000001e-08	0.0	0.0	0.0	0.0	0.0
-16.111	2.123845859e-08	4.385680000000001e-09	4.505030999999999e-10	4.304961e-09	0.0	0.0	0.0	0.0	0.0
-16.079	1.1696587319999999e-09	2.4156596999999996e-10	2.481049499999999e-11	2.3708279e-10	0.0	0.0	0.0	0.0	0.0
-16.047	5.2637792990000004e-11	1.0872042e-11	1.1165872999999998e-12	1.0670151e-11	0.0	0.0	0.0	0.0	0.0
-16.015	1.935594449e-12	3.9977937e-13	4.106025699999999e-14	3.923738e-13	0.0	0.0	0.0	0.0	0.0
-15.983	5.944664376999999e-14	1.2276608e-14	1.2609536000000002e-15	1.2049241999999999e-14	0.0	0.0	0.0	0.0	0.0
-15.952	0.0	0.0	0.0	0.0	0.0	0.0	0.0	0.0	0.0
-15.920	0.0	0.0	0.0	0.0	0.0	0.0	0.0	0.0	0.0
-15.888	0.0	0.0	0.0	0.0	0.0	0.0	0.0	0.0	0.0
-15.856	0.0	0.0	0.0	0.0	0.0	0.0	0.0	0.0	0.0
-15.824	0.0	0.0	0.0	0.0	0.0	0.0	0.0	0.0	0.0
-15.792	0.0	0.0	0.0	0.0	0.0	0.0	0.0	0.0	0.0
-15.760	0.0	0.0	0.0	0.0	0.0	0.0	0.0	0.0	0.0
-15.728	0.0	0.0	0.0	0.0	0.0	0.0	0.0	0.0	0.0
-15.696	0.0	0.0	0.0	0.0	0.0	0.0	0.0	0.0	0.0
-15.664	0.0	0.0	0.0	0.0	0.0	0.0	0.0	0.0	0.0
-15.632	0.0	0.0	0.0	0.0	0.0	0.0	0.0	0.0	0.0
-15.600	0.0	0.0	0.0	0.0	0.0	0.0	0.0	0.0	0.0
-15.568	0.0	0.0	0.0	0.0	0.0	0.0	0.0	0.0	0.0
-15.536	0.0	0.0	0.0	0.0	0.0	0.0	0.0	0.0	0.0
-15.504	0.0	0.0	0.0	0.0	0.0	0.0	0.0	0.0	0.0
-15.472	0.0	0.0	0.0	0.0	0.0	0.0	0.0	0.0	0.0
-15.440	0.0	0.0	0.0	0.0	0.0	0.0	0.0	0.0	0.0
-15.408	0.0	0.0	0.0	0.0	0.0	0.0	0.0	0.0	0.0
-15.376	0.0	0.0	0.0	0.0	0.0	0.0	0.0	0.0	0.0
-15.345	0.0	0.0	0.0	0.0	0.0	0.0	0.0	0.0	0.0
-15.313	0.0	0.0	0.0	0.0	0.0	0.0	0.0	0.0	0.0
-15.281	0.0	0.0	0.0	0.0	0.0	0.0	0.0	0.0	0.0
-15.249	0.0	0.0	0.0	0.0	0.0	0.0	0.0	0.0	0.0
-15.217	0.0	0.0	0.0	0.0	0.0	0.0	0.0	0.0	0.0
-15.185	0.0	0.0	0.0	0.0	0.0	0.0	0.0	0.0	0.0
-15.153	0.0	0.0	0.0	0.0	0.0	0.0	0.0	0.0	0.0
-15.121	0.0	0.0	0.0	0.0	0.0	0.0	0.0	0.0	0.0
-15.089	0.0	0.0	0.0	0.0	0.0	0.0	0.0	0.0	0.0
-15.057	0.0	0.0	0.0	0.0	0.0	0.0	0.0	0.0	0.0
-15.025	0.0	0.0	0.0	0.0	0.0	0.0	0.0	0.0	0.0
-14.993	0.0	0.0	0.0	0.0	0.0	0.0	0.0	0.0	0.0
-14.961	0.0	0.0	0.0	0.0	0.0	0.0	0.0	0.0	0.0
-14.929	0.0	0.0	0.0	0.0	0.0	0.0	0.0	0.0	0.0
-14.897	0.0	0.0	0.0	0.0	0.0	0.0	0.0	0.0	0.0
-14.865	0.0	0.0	0.0	0.0	0.0	0.0	0.0	0.0	0.0
-14.833	0.0	0.0	0.0	0.0	0.0	0.0	0.0	0.0	0.0
-14.801	0.0	0.0	0.0	0.0	0.0	0.0	0.0	0.0	0.0
-14.770	0.0	0.0	0.0	0.0	0.0	0.0	0.0	0.0	0.0
-14.738	0.0	0.0	0.0	0.0	0.0	0.0	0.0	0.0	0.0
-14.706	0.0	0.0	0.0	0.0	0.0	0.0	0.0	0.0	0.0
-14.674	0.0	0.0	0.0	0.0	0.0	0.0	0.0	0.0	0.0
-14.642	0.0	0.0	0.0	0.0	0.0	0.0	0.0	0.0	0.0
-14.610	0.0	0.0	0.0	0.0	0.0	0.0	0.0	0.0	0.0
-14.578	0.0	0.0	0.0	0.0	0.0	0.0	0.0	0.0	0.0
-14.546	0.0	0.0	0.0	0.0	0.0	0.0	0.0	0.0	0.0
-14.514	0.0	0.0	0.0	0.0	0.0	0.0	0.0	0.0	0.0
-14.482	0.0	0.0	0.0	0.0	0.0	0.0	0.0	0.0	0.0
-14.450	0.0	0.0	0.0	0.0	0.0	0.0	0.0	0.0	0.0
-14.418	8.725500000000002e-15	4.104387481e-15	1.01069333e-15	4.13151505e-15	0.0	0.0	0.0	0.0	0.0
-14.386	3.0166300000000006e-13	1.418981761e-13	3.4935364999999996e-14	1.428239218e-13	0.0	0.0	0.0	0.0	0.0
-14.354	8.94475e-12	4.2077326109999994e-12	1.0362288499999999e-12	4.23451481e-12	0.0	0.0	0.0	0.0	0.0
-14.322	2.16471e-10	1.0182607809999999e-10	2.5075023100000002e-11	1.0249970419999999e-10	0.0	0.0	0.0	0.0	0.0
-14.290	4.28122e-09	2.013973724e-09	4.9587825e-10	2.027012525e-09	0.0	0.0	0.0	0.0	0.0
-14.258	6.92015e-08	3.255377631e-08	8.0153168e-09	3.27648376e-08	0.0	0.0	0.0	0.0	0.0
-14.226	9.14346e-07	4.30166016e-07	1.0590147499999999e-07	4.32926973e-07	0.0	0.0	0.0	0.0	0.0
-14.194	9.875020000000001e-06	4.645187975e-06	1.14387651e-06	4.67503143e-06	0.0	0.0	0.0	0.0	0.0
-14.163	8.720539999999999e-05	4.1027173670000004e-05	1.0101192e-05	4.12883393e-05	0.0	0.0	0.0	0.0	0.0
-14.131	0.0006296600000000001	0.00029618312749999997	7.2935314e-05	0.00029817509199999993	0.0	0.0	0.0	0.0	0.0
-14.099	0.00371788	0.001748948265	0.0004307185	0.001760189958	0.0	0.0	0.0	0.0	0.0
-14.067	0.017954199999999997	0.00844529343	0.00207962065	0.0085001988	0.0	0.0	0.0	0.0	0.0
-14.035	0.0709071	0.03335564192	0.0082138074	0.033571976999999996	0.0	0.0	0.0	0.0	0.0
-14.003	0.229077	0.1077657586	0.0265338284	0.10845610589999999	0.0	0.0	0.0	0.0	0.0
-13.971	0.605346	0.2847816372	0.07011989199999999	0.286593132	0.0	0.0	0.0	0.0	0.0
-13.939	1.3087190000000002	0.615655178	0.15159420100000004	0.619642008	0.0	0.0	0.0	0.0	0.0
-13.907	2.31466	1.0889030769999999	0.26813470899999997	1.096058008	0.0	0.0	0.0	0.0	0.0
-13.875	3.3499199999999996	1.5758174310000002	0.38797956	1.5860225149999998	0.0	0.0	0.0	0.0	0.0
-13.843	3.96612	1.865853985	0.45942188	1.877877188	0.0	0.0	0.0	0.0	0.0
-13.811	3.8422999999999994	1.8075216760000001	0.44506621	1.8190506279999998	0.0	0.0	0.0	0.0	0.0
-13.779	3.04526	1.432555896	0.35272251	1.4417861349999999	0.0	0.0	0.0	0.0	0.0
-13.747	1.9748300000000003	0.928982995	0.228748298	0.934974484	0.0	0.0	0.0	0.0	0.0
-13.715	1.0477400000000001	0.492889667	0.12136854100000001	0.49610795299999993	0.0	0.0	0.0	0.0	0.0
-13.683	0.45480099999999996	0.2139393801	0.052684717000000006	0.21531971650000004	0.0	0.0	0.0	0.0	0.0
-13.651	0.1614984	0.07597185580000002	0.018705809900000002	0.07644937499999999	0.0	0.0	0.0	0.0	0.0
-13.619	0.0469055	0.022066950749999998	0.0054336643	0.02220885245	0.0	0.0	0.0	0.0	0.0
-13.588	0.011144279999999998	0.005243080399999999	0.0012910166599999998	0.00527654096	0.0	0.0	0.0	0.0	0.0
-13.556	0.00216638	0.001020029842	0.00025124325000000004	0.001026629258	0.0	0.0	0.0	0.0	0.0
-13.524	0.000354104	0.000175880962	4.3946112e-05	0.000176800817	0.0	0.0	0.0	0.0	0.0
-13.492	0.00012711300000000001	0.00013651736	3.8914118e-05	0.00013553886000000002	0.0	0.0	0.0	0.0	0.0
-13.460	0.0005606372999999999	0.0007814041699999999	0.00022819301200000002	0.0007738418600000001	0.0	0.0	0.0	0.0	0.0
-13.428	0.00306777346	0.0042994008	0.00125623877	0.0042574751	0.0	0.0	0.0	0.0	0.0
-13.396	0.013841679999999997	0.019400691399999996	0.0056688224000000014	0.019213861	0.0	0.0	0.0	0.0	0.0
-13.364	0.0510877543	0.07160338899999999	0.020923205099999998	0.0709207	0.0	0.0	0.0	0.0	0.0
-13.332	0.1542475948	0.216163512	0.063175896	0.21407516	0.0	0.0	0.0	0.0	0.0
-13.300	0.38099107400000004	0.53399956	0.156022254	0.52885262	0.0	0.0	0.0	0.0	0.0
-13.268	0.769836424	1.07893657	0.31532962999999997	1.0685680400000002	0.0	0.0	0.0	0.0	0.0
-13.236	1.27254968	1.7837125199999997	0.52119584	1.76641582	0.0	0.0	0.0	0.0	0.0
-13.204	1.721370082	2.4119944	0.7048211200000001	2.3891721	0.0	0.0	0.0	0.0	0.0
-13.172	1.9046593820000004	2.6698797000000005	0.7800543600000001	2.6440985	0.0	0.0	0.0	0.0	0.0
-13.140	1.7247282030000002	2.4174231999999996	0.7062350399999999	2.3936917999999996	0.0	0.0	0.0	0.0	0.0
-13.108	1.2776238559999997	1.79065452	0.52316463	1.77334169	0.0	0.0	0.0	0.0	0.0
-13.076	0.7743725790000001	1.0853030700000001	0.31708256	1.07488252	0.0	0.0	0.0	0.0	0.0
-13.044	0.38396918399999996	0.5381788500000001	0.15724260199999998	0.5329505800000001	0.0	0.0	0.0	0.0	0.0
-13.012	0.15576604659999999	0.21827671199999998	0.063796731	0.21617474999999997	0.0	0.0	0.0	0.0	0.0
-12.981	0.05169477409999999	0.072451663	0.0211683853	0.071749425	0.0	0.0	0.0	0.0	0.0
-12.949	0.014031451700000003	0.019666664599999998	0.0057462623	0.019476471999999998	0.0	0.0	0.0	0.0	0.0
-12.917	0.00311551694	0.0043665464999999995	0.00127584332	0.0043245692	0.0	0.0	0.0	0.0	0.0
-12.885	0.0005657474180000001	0.00079292332	0.00023160085799999998	0.00078521905	0.0	0.0	0.0	0.0	0.0
-12.853	8.402118400000002e-05	0.00011774964399999999	3.4401535e-05	0.00011659778000000001	0.0	0.0	0.0	0.0	0.0
-12.821	1.0202170190000002e-05	1.42970466e-05	4.1772389000000005e-06	1.41600357e-05	0.0	0.0	0.0	0.0	0.0
-12.789	1.0127227649999997e-06	1.41951093e-06	4.147772600000001e-07	1.40575492e-06	0.0	0.0	0.0	0.0	0.0
-12.757	8.21952212e-08	1.1520624299999999e-07	3.3661304000000004e-08	1.1408717600000002e-07	0.0	0.0	0.0	0.0	0.0
-12.725	5.472169119999999e-09	7.6506187e-09	2.27334297e-09	7.577773e-09	0.0	0.0	0.0	0.0	0.0
-12.693	7.292583000000001e-10	5.945139999999999e-10	1.0077703000000002e-09	5.844643e-10	0.0	0.0	0.0	0.0	0.0
-12.661	7.769947e-09	3.23970126e-09	1.586583107e-08	3.130226699999999e-09	0.0	0.0	0.0	0.0	0.0
-12.629	1.1339142210000003e-07	4.70880158e-08	2.3187545754e-07	4.54997034e-08	0.0	0.0	0.0	0.0	0.0
-12.597	1.355139871e-06	5.627479309999999e-07	2.7712276183e-06	5.43842817e-07	0.0	0.0	0.0	0.0	0.0
-12.565	1.324067229e-05	5.49870354e-06	2.7075122107000002e-05	5.312659520000001e-06	0.0	0.0	0.0	0.0	0.0
-12.533	0.00010577121240000001	4.39228398e-05	0.00021628868764	4.24470841e-05	0.0	0.0	0.0	0.0	0.0
-12.501	0.000690780497	0.00028694513	0.0014129671341	0.000277277687	0.0	0.0	0.0	0.0	0.0
-12.469	0.00369072566	0.0015326916	0.007547915101999999	0.0014811465000000002	0.0	0.0	0.0	0.0	0.0
-12.437	0.016125157699999997	0.00669715486	0.032973630139	0.006471272	0.0	0.0	0.0	0.0	0.0
-12.406	0.057633262	0.0239303722	0.11783824734000001	0.023133068899999998	0.0	0.0	0.0	0.0	0.0
-12.374	0.16849137399999997	0.0699957407	0.34446695909999997	0.067642362	0.0	0.0	0.0	0.0	0.0
-12.342	0.4031909899999998	0.16759747	0.8238056369	0.16197737999999998	0.0	0.0	0.0	0.0	0.0
-12.310	0.790194	0.329290362	1.612213024	0.31830199000000003	0.0	0.0	0.0	0.0	0.0
-12.278	1.2716442000000001	0.53382255	2.58297721	0.5161384699999999	0.0	0.0	0.0	0.0	0.0
-12.246	1.692893	0.7255287099999999	3.3928028700000006	0.7025937800000001	0.0	0.0	0.0	0.0	0.0
-12.214	1.9027579999999997	0.8629148	3.6680561000000003	0.8391606	0.0	0.0	0.0	0.0	0.0
-12.182	1.9039039999999996	0.9832894	3.3029281999999998	0.9643367999999999	0.0	0.0	0.0	0.0	0.0
-12.150	1.876537	1.196452	2.5582337	1.1869161	0.0	0.0	0.0	0.0	0.0
-12.118	2.0067760000000003	1.5728245000000003	1.8367391	1.5744474	0.0	0.0	0.0	0.0	0.0
-12.086	2.276718	2.0177304	1.3680113	2.028973	0.0	0.0	0.0	0.0	0.0
-12.054	2.4524550000000005	2.2904849	1.1143541000000001	2.3075231	0.0	0.0	0.0	0.0	0.0
-12.022	2.300766	2.1903701	0.9182692	2.2078664000000003	0.0	0.0	0.0	0.0	0.0
-11.990	1.8064479999999998	1.7310545	0.6863258000000001	1.7451839	0.0	0.0	0.0	0.0	0.0
-11.958	1.1693390000000001	1.1230197100000001	0.43676246	1.13225707	0.0	0.0	0.0	0.0	0.0
-11.926	0.6208620999999999	0.59673401	0.23061076000000003	0.6016984700000001	0.0	0.0	0.0	0.0	0.0
-11.894	0.27009730000000004	0.259546283	0.100231972	0.26168764	0.0	0.0	0.0	0.0	0.0
-11.862	0.09699434	0.09272498100000001	0.036642624	0.093509383	0.0	0.0	0.0	0.0	0.0
-11.830	0.033055589999999996	0.029024581	0.0160217829	0.029276645999999996	0.0	0.0	0.0	0.0	0.0
-11.799	0.028923070000000006	0.01577438	0.0272033549	0.01593609	0.0	0.0	0.0	0.0	0.0
-11.767	0.08078602	0.034707207000000004	0.08877923599999998	0.03512069	0.0	0.0	0.0	0.0	0.0
-11.735	0.23226385400000002	0.097915	0.257913228	0.09905991	0.0	0.0	0.0	0.0	0.0
-11.703	0.5544184447999999	0.23341975999999998	0.61587748	0.23616908999999997	0.0	0.0	0.0	0.0	0.0
-11.671	1.083159836	0.45606327	1.2034931500000001	0.46141289999999996	0.0	0.0	0.0	0.0	0.0
-11.639	1.7316407400000002	0.729169	1.92403542	0.7377952	0.0	0.0	0.0	0.0	0.0
-11.607	2.265077115	0.9538470000000001	2.5166892099999996	0.964886	0.0	0.0	0.0	0.0	0.0
-11.575	2.4242910179999995	1.0208236	2.69337921	1.0327289	0.0	0.0	0.0	0.0	0.0
-11.543	2.122705409	0.8938088	2.35849201	0.904291	0.0	0.0	0.0	0.0	0.0
-11.511	1.520750201	0.6402912000000001	1.68964235	0.6478298	0.0	0.0	0.0	0.0	0.0
-11.479	0.8913748709	0.37533677	0.99036777	0.37973182	0.0	0.0	0.0	0.0	0.0
-11.447	0.4274648181	0.17998940000000002	0.47494762999999995	0.18210667	0.0	0.0	0.0	0.0	0.0
-11.415	0.16771421679999998	0.07061597	0.18632676099999998	0.07144447	0.0	0.0	0.0	0.0	0.0
-11.383	0.0538335408	0.022680561000000002	0.059814859	0.022945797000000004	0.0	0.0	0.0	0.0	0.0
-11.351	0.014272392400000004	0.006101484999999999	0.0157803934	0.006169923	0.0	0.0	0.0	0.0	0.0
-11.319	0.003962039	0.0022531870000000002	0.0039040411	0.0022611359999999995	0.0	0.0	0.0	0.0	0.0
-11.287	0.005437368000000001	0.0053796002	0.0034096871000000003	0.005344838100000001	0.0	0.0	0.0	0.0	0.0
-11.255	0.021264728000000004	0.022303015399999997	0.012258103860000001	0.0221403849	0.0	0.0	0.0	0.0	0.0
-11.224	0.07487421596999999	0.0787037493	0.043029264218999996	0.07813162432	0.0	0.0	0.0	0.0	0.0
-11.192	0.21641643137999997	0.22745204200000002	0.124343772136	0.22582729372000004	0.0	0.0	0.0	0.0	0.0
-11.160	0.5117638271000001	0.5379056520000001	0.294018194832	0.53397656718	0.0	0.0	0.0	0.0	0.0
-11.128	0.9899611177000001	1.0404626369999999	0.56880829528	1.03305862131	0.0	0.0	0.0	0.0	0.0
-11.096	1.5668089934999996	1.646827294	0.9003061083	1.6349332287	0.0	0.0	0.0	0.0	0.0
-11.064	2.0290020318999997	2.13233741	1.16578948684	2.1170305066	0.0	0.0	0.0	0.0	0.0
-11.032	2.1497402377	2.25983704	1.23505935209	2.2436537165000003	0.0	0.0	0.0	0.0	0.0
-11.000	1.8633793678	1.9585619049999998	1.0707413860100001	1.9445475931000002	0.0	0.0	0.0	0.0	0.0
-10.968	1.3216879872	1.389116352	0.75944832842	1.3790708589999998	0.0	0.0	0.0	0.0	0.0
-10.936	0.7670084459000002	0.8061236749999999	0.44071128093	0.8002565586	0.0	0.0	0.0	0.0	0.0
-10.904	0.36417125499999997	0.382708541	0.20921262160999998	0.37993747390000004	0.0	0.0	0.0	0.0	0.0
-10.872	0.14161199	0.14875048700000001	0.0812809377	0.1476968078	0.0	0.0	0.0	0.0	0.0
-10.840	0.04620158	0.048021804	0.025951636000000004	0.047689246	0.0	0.0	0.0	0.0	0.0
-10.808	0.018523090000000002	0.016552624	0.0074387038999999995	0.016486075	0.0	0.0	0.0	0.0	0.0
-10.776	0.03244314699999999	0.021342910999999996	0.0046218612	0.021421693999999998	0.0	0.0	0.0	0.0	0.0
-10.744	0.10769901400000001	0.06752655629999998	0.011689917000000001	0.0678750603	0.0	0.0	0.0	0.0	0.0
-10.712	0.31419635999999995	0.1964890171	0.033547013	0.1974927051	0.0	0.0	0.0	0.0	0.0
-10.680	0.7524934100000001	0.47061229320000003	0.0802742	0.473041566	0.0	0.0	0.0	0.0	0.0
-10.648	1.4748465000000002	0.9222711952	0.15732856	0.9269933400000001	0.0	0.0	0.0	0.0	0.0
-10.617	2.3649658	1.4788026495	0.25226166	1.4865305240000002	0.0	0.0	0.0	0.0	0.0
-10.585	3.1025572	1.9401019972	0.33092502000000007	1.950180483	0.0	0.0	0.0	0.0	0.0
-10.553	3.3304542999999995	2.0824568567	0.35527136	2.09315491	0.0	0.0	0.0	0.0	0.0
-10.521	2.9249167	1.8289910677999999	0.3119803	1.8383911620000002	0.0	0.0	0.0	0.0	0.0
-10.489	2.1017066	1.3142001490000002	0.22419265	1.320962517	0.0	0.0	0.0	0.0	0.0
-10.457	1.2356839700000002	0.7725845077	0.13191628000000002	0.776706986	0.0	0.0	0.0	0.0	0.0
-10.425	0.59541906	0.3719095421	0.06415036	0.373825557	0.0	0.0	0.0	0.0	0.0
-10.393	0.24010046999999995	0.147835012	0.0290927	0.148623096	0.0	0.0	0.0	0.0	0.0
-10.361	0.10309333200000001	0.054244839999999996	0.02648771	0.05461801	0.0	0.0	0.0	0.0	0.0
-10.329	0.121181675	0.0385365	0.06932362	0.039080439999999994	0.0	0.0	0.0	0.0	0.0
-10.297	0.3062211420000001	0.08054573300000001	0.2007024	0.081993323	0.0	0.0	0.0	0.0	0.0
-10.265	0.73700881	0.19028921299999998	0.48840530000000004	0.19382149999999998	0.0	0.0	0.0	0.0	0.0
-10.233	1.4702276100000002	0.378995906	0.9753852000000001	0.38606903	0.0	0.0	0.0	0.0	0.0
-10.201	2.4101573	0.62077087	1.6005028999999995	0.63218254	0.0	0.0	0.0	0.0	0.0
-10.169	3.2641547400000004	0.83827055	2.1731426	0.8536607099999999	0.0	0.0	0.0	0.0	0.0
-10.137	3.7154341	0.9472101	2.4907885000000003	0.9642267	0.0	0.0	0.0	0.0	0.0
-10.105	3.7089621	0.9283436999999999	2.5289567	0.9444468	0.0	0.0	0.0	0.0	0.0
-10.073	3.5325801999999995	0.8529429000000002	2.4874279999999995	0.8663231	0.0	0.0	0.0	0.0	0.0
-10.042	3.5328818999999996	0.8164565	2.587936	0.8273954000000001	0.0	0.0	0.0	0.0	0.0
-10.010	3.7542775000000006	0.8560055	2.8184180000000003	0.8652877999999999	0.0	0.0	0.0	0.0	0.0
-9.978	3.9231064999999994	0.9508520000000001	2.928156	0.9588392000000001	0.0	0.0	0.0	0.0	0.0
-9.946	3.798387300000001	1.1032126999999998	2.6887605999999997	1.1090362	0.0	0.0	0.0	0.0	0.0
-9.914	3.4630023	1.3815156999999998	2.1282011	1.3839339	0.0	0.0	0.0	0.0	0.0
-9.882	3.2036899999999995	1.8326362	1.486821	1.8306588000000001	0.0	0.0	0.0	0.0	0.0
-9.850	3.1476988000000006	2.3460927000000003	0.985767	2.3402667000000004	0.0	0.0	0.0	0.0	0.0
-9.818	3.1084931999999994	2.6568060000000004	0.6775258	2.6484456	0.0	0.0	0.0	0.0	0.0
-9.786	2.8072990600000005	2.54020431	0.4885657	2.5315111	0.0	0.0	0.0	0.0	0.0
-9.754	2.1802997500000005	2.01475399	0.3415809	2.0078113100000006	0.0	0.0	0.0	0.0	0.0
-9.722	1.4365965	1.33210635	0.21463050000000003	1.3279026799999998	0.0	0.0	0.0	0.0	0.0
-9.690	0.8685764000000001	0.7876326100000001	0.12353420000000002	0.7866358890000001	0.0	0.0	0.0	0.0	0.0
-9.658	0.6758001	0.56382082	0.0852242	0.5665732400000001	0.0	0.0	0.0	0.0	0.0
-9.626	0.9261694999999999	0.70862275	0.10331100000000001	0.71710101	0.0	0.0	0.0	0.0	0.0
-9.594	1.5608111000000002	1.16304174	0.16758989	1.1794869399999999	0.0	0.0	0.0	0.0	0.0
-9.562	2.3617525099999996	1.75142123	0.25192134	1.7771355	0.0	0.0	0.0	0.0	0.0
-9.530	2.9708065499999994	2.20152985	0.31680988000000004	2.23393207	0.0	0.0	0.0	0.0	0.0
-9.498	3.06980181	2.27330994	0.3288206	2.3072184699999996	0.0	0.0	0.0	0.0	0.0
-9.466	2.61706668	1.93471543	0.2867962	1.96257479	0.0	0.0	0.0	0.0	0.0
-9.435	1.8993971600000001	1.3917538	0.2307591	1.4098156	0.0	0.0	0.0	0.0	0.0
-9.403	1.34028627	0.9484163999999999	0.22553800000000002	0.9551965	0.0	0.0	0.0	0.0	0.0
-9.371	1.2599730199999999	0.8298316	0.3326969	0.8248483	0.0	0.0	0.0	0.0	0.0
-9.339	1.7519290000000003	1.1024372	0.581788	1.0851286	0.0	0.0	0.0	0.0	0.0
-9.307	2.6726683999999996	1.6825972999999999	0.9444117	1.6534103	0.0	0.0	0.0	0.0	0.0
-9.275	3.7045951999999995	2.3858241999999996	1.3322977000000003	2.3482307000000002	0.0	0.0	0.0	0.0	0.0
-9.243	4.496237800000001	2.9979870999999996	1.637589	2.9599396000000002	0.0	0.0	0.0	0.0	0.0
-9.211	4.8140940000000025	3.3453478999999993	1.794582	3.3145015	0.0	0.0	0.0	0.0	0.0
-9.179	4.607664	3.3284688999999994	1.8234089999999998	3.3094587	0.0	0.0	0.0	0.0	0.0
-9.147	3.9848189999999994	2.9424125000000005	1.848958	2.9324016999999998	0.0	0.0	0.0	0.0	0.0
-9.115	3.181583	2.3024848999999996	2.085953	2.2948801	0.0	0.0	0.0	0.0	0.0
-9.083	2.487831	1.6203528	2.724278	1.6080365	0.0	0.0	0.0	0.0	0.0
-9.051	2.087171000000001	1.0885572	3.714162	1.0672468	0.0	0.0	0.0	0.0	0.0
-9.019	1.930588	0.7664019900000001	4.6481145	0.7368002	0.0	0.0	0.0	0.0	0.0
-8.987	1.7994847999999997	0.58488527	4.973375900000001	0.55169269	0.0	0.0	0.0	0.0	0.0
-8.955	1.5172817	0.44656746999999997	4.4233004199999995	0.41664106999999995	0.0	0.0	0.0	0.0	0.0
-8.923	1.0890636600000005	0.30807154	3.2356789599999995	0.28601542	0.0	0.0	0.0	0.0	0.0
-8.891	0.6486497399999999	0.18087069	1.9400296549999998	0.16761467000000002	0.0	0.0	0.0	0.0	0.0
-8.860	0.31767418699999994	0.08812782	0.9522667189999999	0.08161473	0.0	0.0	0.0	0.0	0.0
-8.828	0.127499909	0.035309497	0.3825034721	0.03268984600000001	0.0	0.0	0.0	0.0	0.0
-8.796	0.04188706630000001	0.011591669999999998	0.12568947160000002	0.010732525	0.0	0.0	0.0	0.0	0.0
-8.764	0.01125710622	0.0031149288999999998	0.033785518550000004	0.0028837153	0.0	0.0	0.0	0.0	0.0
-8.732	0.0024749755020000005	0.0006847396	0.007427878438000001	0.00063400611	0.0	0.0	0.0	0.0	0.0
-8.700	0.00044501076109999994	0.00012313378899999998	0.001335666727	0.00011398894000000002	0.0	0.0	0.0	0.0	0.0
-8.668	6.544469703999998e-05	1.8102776e-05	0.0001964049041	1.6760672e-05	0.0	0.0	0.0	0.0	0.0
-8.636	7.8680381798e-06	2.1766917e-06	2.361799953e-05	2.0152390999999997e-06	0.0	0.0	0.0	0.0	0.0
-8.604	7.7339642459e-07	2.1399693999999995e-07	2.3210396710000003e-06	1.981202e-07	0.0	0.0	0.0	0.0	0.0
-8.572	6.216199217199999e-08	1.7197534e-08	1.8656165940000001e-07	1.5922177e-08	0.0	0.0	0.0	0.0	0.0
-8.540	4.084250769e-09	1.12971659e-09	1.2256750530000001e-08	1.0459869e-09	0.0	0.0	0.0	0.0	0.0
-8.508	2.192515986090001e-10	6.0666443e-11	6.581037227e-10	5.6163821e-11	0.0	0.0	0.0	0.0	0.0
-8.476	9.620888311599998e-12	2.6616540000000004e-12	2.887474498e-11	2.4641985000000003e-12	0.0	0.0	0.0	0.0	0.0
-8.444	3.4575424115000007e-13	9.5663129e-14	1.0377790549999997e-12	8.856466700000002e-14	0.0	0.0	0.0	0.0	0.0
-8.412	1.01695609657e-14	2.813562e-15	3.051996777e-14	2.6049752e-15	0.0	0.0	0.0	0.0	0.0
-8.380	0.0	0.0	0.0	0.0	0.0	0.0	0.0	0.0	0.0
-8.348	0.0	0.0	0.0	0.0	0.0	0.0	0.0	0.0	0.0
-8.316	0.0	0.0	0.0	0.0	0.0	0.0	0.0	0.0	0.0
-8.284	0.0	0.0	0.0	0.0	0.0	0.0	0.0	0.0	0.0
-8.253	0.0	0.0	0.0	0.0	0.0	0.0	0.0	0.0	0.0
-8.221	0.0	0.0	0.0	0.0	0.0	0.0	0.0	0.0	0.0
-8.189	0.0	0.0	0.0	0.0	0.0	0.0	0.0	0.0	0.0
-8.157	0.0	0.0	0.0	0.0	0.0	0.0	0.0	0.0	0.0
-8.125	0.0	0.0	0.0	0.0	0.0	0.0	0.0	0.0	0.0
-8.093	0.0	0.0	0.0	0.0	0.0	0.0	0.0	0.0	0.0
-8.061	0.0	0.0	0.0	0.0	0.0	0.0	0.0	0.0	0.0
-8.029	0.0	0.0	0.0	0.0	0.0	0.0	0.0	0.0	0.0
-7.997	0.0	0.0	0.0	0.0	0.0	0.0	0.0	0.0	0.0
-7.965	0.0	0.0	0.0	0.0	0.0	0.0	0.0	0.0	0.0
-7.933	0.0	0.0	0.0	0.0	0.0	0.0	0.0	0.0	0.0
-7.901	0.0	0.0	0.0	0.0	0.0	0.0	0.0	0.0	0.0
-7.869	0.0	0.0	0.0	0.0	0.0	0.0	0.0	0.0	0.0
-7.837	0.0	0.0	0.0	0.0	0.0	0.0	0.0	0.0	0.0
-7.805	0.0	0.0	0.0	0.0	0.0	0.0	0.0	0.0	0.0
-7.773	0.0	0.0	0.0	0.0	0.0	0.0	0.0	0.0	0.0
-7.741	0.0	0.0	0.0	0.0	0.0	0.0	0.0	0.0	0.0
-7.709	0.0	0.0	0.0	0.0	0.0	0.0	0.0	0.0	0.0
-7.677	0.0	0.0	0.0	0.0	0.0	0.0	0.0	0.0	0.0
-7.646	0.0	0.0	0.0	0.0	0.0	0.0	0.0	0.0	0.0
-7.614	0.0	0.0	0.0	0.0	0.0	0.0	0.0	0.0	0.0
-7.582	0.0	0.0	0.0	0.0	0.0	0.0	0.0	0.0	0.0
-7.550	0.0	0.0	0.0	0.0	0.0	0.0	0.0	0.0	0.0
-7.518	0.0	0.0	0.0	0.0	0.0	0.0	0.0	0.0	0.0
-7.486	0.0	0.0	0.0	0.0	0.0	0.0	0.0	0.0	0.0
-7.454	0.0	0.0	0.0	0.0	0.0	0.0	0.0	0.0	0.0
-7.422	0.0	0.0	0.0	0.0	0.0	0.0	0.0	0.0	0.0
-7.390	0.0	0.0	0.0	0.0	0.0	0.0	0.0	0.0	0.0
-7.358	0.0	0.0	0.0	0.0	0.0	0.0	0.0	0.0	0.0
-7.326	0.0	0.0	0.0	0.0	0.0	0.0	0.0	0.0	0.0
-7.294	0.0	0.0	0.0	0.0	0.0	0.0	0.0	0.0	0.0
-7.262	0.0	0.0	0.0	0.0	0.0	0.0	0.0	0.0	0.0
-7.230	0.0	0.0	0.0	0.0	0.0	0.0	0.0	0.0	0.0
-7.198	0.0	0.0	0.0	0.0	0.0	0.0	0.0	0.0	0.0
-7.166	0.0	0.0	0.0	0.0	0.0	0.0	0.0	0.0	0.0
-7.134	0.0	0.0	0.0	0.0	0.0	0.0	0.0	0.0	0.0
-7.102	0.0	0.0	0.0	0.0	0.0	0.0	0.0	0.0	0.0
-7.071	0.0	0.0	0.0	0.0	0.0	0.0	0.0	0.0	0.0
-7.039	0.0	0.0	0.0	0.0	0.0	0.0	0.0	0.0	0.0
-7.007	0.0	0.0	0.0	0.0	0.0	0.0	0.0	0.0	0.0
-6.975	0.0	0.0	0.0	0.0	0.0	0.0	0.0	0.0	0.0
-6.943	0.0	0.0	0.0	0.0	0.0	0.0	0.0	0.0	0.0
-6.911	0.0	0.0	0.0	0.0	0.0	0.0	0.0	0.0	0.0
-6.879	0.0	0.0	0.0	0.0	0.0	0.0	0.0	0.0	0.0
-6.847	0.0	0.0	0.0	0.0	0.0	0.0	0.0	0.0	0.0
-6.815	9.352697291800002e-16	3.71477615e-15	3.56614679102e-15	3.878653719999999e-15	0.0	0.0	0.0	0.0	0.0
-6.783	3.685015613000001e-14	1.4633009300000002e-13	1.4051619646600002e-13	1.5285811099999998e-13	0.0	0.0	0.0	0.0	0.0
-6.751	1.10070456794e-12	4.371625270000001e-12	4.1966846186899986e-12	4.56535045e-12	0.0	0.0	0.0	0.0	0.0
-6.719	2.696392642e-11	1.07097211e-10	1.02820639418e-10	1.1182968999999999e-10	0.0	0.0	0.0	0.0	0.0
-6.687	5.3984354265e-10	2.1440372300000002e-09	2.05794238879e-09	2.2383782e-09	0.0	0.0	0.0	0.0	0.0
-6.655	8.8313751799e-09	3.5082229700000005e-08	3.36732339801e-08	3.66250081e-08	0.0	0.0	0.0	0.0	0.0
-6.623	1.1811594460999997e-07	4.6915186500000003e-07	4.50375800064e-07	4.8991655e-07	0.0	0.0	0.0	0.0	0.0
-6.591	1.2912290021000003e-06	5.129724860000001e-06	4.92394991341e-06	5.35562288e-06	0.0	0.0	0.0	0.0	0.0
-6.559	1.1541848201e-05	4.58514897e-05	4.40170077398e-05	4.78744612e-05	0.0	0.0	0.0	0.0	0.0
-6.527	8.435676043300002e-05	0.00033513472	0.000321678898778	0.00034990399000000004	0.0	0.0	0.0	0.0	0.0
-6.495	0.0005041747113900001	0.00200284697	0.0019221631826100002	0.0020907036899999996	0.0	0.0	0.0	0.0	0.0
-6.464	0.0024643312531999993	0.009788576979999998	0.009396839305500001	0.010220162399999998	0.0	0.0	0.0	0.0	0.0
-6.432	0.0098514088896	0.039128031500000014	0.0375658325168	0.04086354	0.0	0.0	0.0	0.0	0.0
-6.400	0.032213248454000004	0.127967512	0.12284174575099999	0.13364232599999998	0.0	0.0	0.0	0.0	0.0
-6.368	0.086162801516	0.342264342	0.328610648609	0.35736856999999994	0.0	0.0	0.0	0.0	0.0
-6.336	0.18855058073	0.7489806029999999	0.7190007617	0.7820657200000001	0.0	0.0	0.0	0.0	0.0
-6.304	0.33757284279000005	1.3412070099999998	1.2872889132599998	1.40012193	0.0	0.0	0.0	0.0	0.0
-6.272	0.49444448557000004	1.9641814200000003	1.8850511827099998	2.0509321600000003	0.0	0.0	0.0	0.0	0.0
-6.240	0.5925937641999999	2.35405949	2.259711812439999	2.4579834199999997	0.0	0.0	0.0	0.0	0.0
-6.208	0.5810444973300001	2.3081917200000004	2.2159599407300004	2.4099968400000003	0.0	0.0	0.0	0.0	0.0
-6.176	0.46609782869999994	1.8518934	1.7779019739600002	1.9331876900000002	0.0	0.0	0.0	0.0	0.0
-6.144	0.30593680791	1.2156319899999999	1.1665606411099998	1.2691776700000001	0.0	0.0	0.0	0.0	0.0
-6.112	0.16428891723	0.652539312	0.6265560870000001	0.6814507989999999	0.0	0.0	0.0	0.0	0.0
-6.080	0.072188177149	0.286721717	0.275268861389	0.299360025	0.0	0.0	0.0	0.0	0.0
-6.048	0.025942392709000003	0.103041307	0.09892839937499999	0.10759211399999999	0.0	0.0	0.0	0.0	0.0
-6.016	0.007627557159600001	0.0302919232	0.029082278955	0.0316294944	0.0	0.0	0.0	0.0	0.0
-5.984	0.0018341426166	0.00728578627	0.0069937400648000005	0.00760714904	0.0	0.0	0.0	0.0	0.0
-5.952	0.00036075838179	0.00143302385	0.0013756110667899999	0.00149620636	0.0	0.0	0.0	0.0	0.0
-5.920	5.8027953737e-05	0.000230472952	0.00022128965004499998	0.000240642584	0.0	0.0	0.0	0.0	0.0
-5.889	7.640626965e-06	3.03175895e-05	2.9134022728999996e-05	3.16569597e-05	0.0	0.0	0.0	0.0	0.0
-5.857	9.3095665e-07	3.30422164e-06	3.4841959520000006e-06	3.4618199099999996e-06	0.0	0.0	0.0	0.0	0.0
-5.825	1.3683852e-06	8.064712399999999e-07	4.4467783200000005e-06	9.754387099999998e-07	0.0	0.0	0.0	0.0	0.0
-5.793	1.2477009000000002e-05	5.05429571e-06	4.0191358500000006e-05	6.55366944e-06	0.0	0.0	0.0	0.0	0.0
-5.761	9.820403999999999e-05	4.00114484e-05	0.00031665609999999994	5.1755114e-05	0.0	0.0	0.0	0.0	0.0
-5.729	0.0006326371000000001	0.000261492799	0.00204347194	0.00033648525000000006	0.0	0.0	0.0	0.0	0.0
-5.697	0.0033374302	0.00140940838	0.010811438100000001	0.0018000541400000002	0.0	0.0	0.0	0.0	0.0
-5.665	0.01442708	0.0062905336	0.0469249828	0.0079456909	0.0	0.0	0.0	0.0	0.0
-5.633	0.05116038999999999	0.0233647191	0.16743025399999997	0.029054823999999996	0.0	0.0	0.0	0.0	0.0
-5.601	0.14906359999999994	0.07266806999999999	0.49231729500000004	0.08848678699999998	0.0	0.0	0.0	0.0	0.0
-5.569	0.35756846999999986	0.19069814999999998	1.1968779	0.22586806999999998	0.0	0.0	0.0	0.0	0.0
-5.537	0.7084292	0.42500942	2.41768356	0.48685904999999996	0.0	0.0	0.0	0.0	0.0
-5.505	1.1644335	0.8089848399999999	4.079893060000001	0.89223734	0.0	0.0	0.0	0.0	0.0
-5.473	1.5962486999999996	1.3176694	5.7966687	1.3970703999999996	0.0	0.0	0.0	0.0	0.0
-5.441	1.8372783	1.8332661	6.9805299000000005	1.8717274000000002	0.0	0.0	0.0	0.0	0.0
-5.409	1.7887033999999997	2.16690053	7.1678311	2.1410951000000003	0.0	0.0	0.0	0.0	0.0
-5.377	1.4825450000000004	2.16171018	6.297691500000001	2.0789310999999993	0.0	0.0	0.0	0.0	0.0
-5.345	1.0505113000000001	1.80763177	4.73011464	1.70270046	0.0	0.0	0.0	0.0	0.0
-5.313	0.63686838	1.2577934300000002	3.02495581	1.1672675	0.0	0.0	0.0	0.0	0.0
-5.282	0.3292600499999999	0.72500346	1.63681745	0.6657975600000001	0.0	0.0	0.0	0.0	0.0
-5.250	0.14432129999999999	0.34481568500000004	0.7438721690000002	0.31433184299999994	0.0	0.0	0.0	0.0	0.0
-5.218	0.053246767	0.13492543999999998	0.281921719	0.122398943	0.0	0.0	0.0	0.0	0.0
-5.186	0.016421969799999995	0.0433661221	0.0886631265	0.03920693179999999	0.0	0.0	0.0	0.0	0.0
-5.154	0.004207808600000001	0.011429840520000002	0.0230264914	0.0103106221	0.0	0.0	0.0	0.0	0.0
-5.122	0.0008912759800000002	0.00246767287	0.004923303029999999	0.00222255819	0.0	0.0	0.0	0.0	0.0
-5.090	0.00015559353700000004	0.000436307923	0.0008646913060000001	0.00039266291799999997	0.0	0.0	0.0	0.0	0.0
-5.058	2.2321513900000006e-05	6.312392000000001e-05	0.0001245623139	5.67642628e-05	0.0	0.0	0.0	0.0	0.0
-5.026	2.627305080000001e-06	7.47099334e-06	1.470123387e-05	6.7152756499999994e-06	0.0	0.0	0.0	0.0	0.0
-4.994	2.533699819999999e-07	7.231214469999999e-07	1.420512072e-06	6.499462079999999e-07	0.0	0.0	0.0	0.0	0.0
-4.962	2.0006667800000002e-08	5.72366402e-08	1.12294905e-07	5.1428934299999994e-08	0.0	0.0	0.0	0.0	0.0
-4.930	1.2925452399999997e-09	3.70353544e-09	7.25973593e-09	3.3278836999999994e-09	0.0	0.0	0.0	0.0	0.0
-4.898	6.829001000000001e-11	1.95863722e-10	3.837932997e-10	1.75959933e-10	0.0	0.0	0.0	0.0	0.0
-4.866	2.94997981e-12	8.466992650000002e-12	1.6583859229999997e-11	7.606854320000001e-12	0.0	0.0	0.0	0.0	0.0
-4.834	1.0398791900000001e-13	2.98888605e-13	5.849565798000001e-13	2.6849366799999997e-13	0.0	0.0	0.0	0.0	0.0
-4.802	3.163140400000001e-15	9.08998064e-15	1.7792673034e-14	8.166187810000001e-15	0.0	0.0	0.0	0.0	0.0
-4.770	0.0	0.0	0.0	0.0	0.0	0.0	0.0	0.0	0.0
-4.738	0.0	0.0	0.0	0.0	0.0	0.0	0.0	0.0	0.0
-4.707	0.0	0.0	0.0	0.0	0.0	0.0	0.0	0.0	0.0
-4.675	0.0	0.0	0.0	0.0	0.0	0.0	0.0	0.0	0.0
-4.643	0.0	0.0	0.0	0.0	0.0	0.0	0.0	0.0	0.0
-4.611	0.0	0.0	0.0	0.0	0.0	0.0	0.0	0.0	0.0
-4.579	0.0	0.0	0.0	0.0	0.0	0.0	0.0	0.0	0.0
-4.547	0.0	0.0	0.0	0.0	0.0	0.0	0.0	0.0	0.0
-4.515	0.0	0.0	0.0	0.0	0.0	0.0	0.0	0.0	0.0
-4.483	0.0	0.0	0.0	0.0	0.0	0.0	0.0	0.0	0.0
-4.451	0.0	0.0	0.0	0.0	0.0	0.0	0.0	0.0	0.0
-4.419	0.0	0.0	0.0	0.0	0.0	0.0	0.0	0.0	0.0
-4.387	0.0	0.0	0.0	0.0	0.0	0.0	0.0	0.0	0.0
-4.355	0.0	0.0	0.0	0.0	0.0	0.0	0.0	0.0	0.0
-4.323	0.0	0.0	0.0	0.0	0.0	0.0	0.0	0.0	0.0
-4.291	0.0	0.0	0.0	0.0	0.0	0.0	0.0	0.0	0.0
-4.259	0.0	0.0	0.0	0.0	0.0	0.0	0.0	0.0	0.0
-4.227	0.0	0.0	0.0	0.0	0.0	0.0	0.0	0.0	0.0
-4.195	0.0	0.0	0.0	0.0	0.0	0.0	0.0	0.0	0.0
-4.163	0.0	0.0	0.0	0.0	0.0	0.0	0.0	0.0	0.0
-4.131	0.0	0.0	0.0	0.0	0.0	0.0	0.0	0.0	0.0
-4.100	0.0	0.0	0.0	0.0	0.0	0.0	0.0	0.0	0.0
-4.068	0.0	0.0	0.0	0.0	0.0	0.0	0.0	0.0	0.0
-4.036	0.0	0.0	0.0	0.0	0.0	0.0	0.0	0.0	0.0
-4.004	0.0	0.0	0.0	0.0	0.0	0.0	0.0	0.0	0.0
-3.972	0.0	0.0	0.0	0.0	0.0	0.0	0.0	0.0	0.0
-3.940	0.0	0.0	0.0	0.0	0.0	0.0	0.0	0.0	0.0
-3.908	0.0	0.0	0.0	0.0	0.0	0.0	0.0	0.0	0.0
-3.876	0.0	0.0	0.0	0.0	0.0	0.0	0.0	0.0	0.0
-3.844	0.0	0.0	0.0	0.0	0.0	0.0	0.0	0.0	0.0
-3.812	0.0	0.0	0.0	0.0	0.0	0.0	0.0	0.0	0.0
-3.780	0.0	0.0	0.0	0.0	0.0	0.0	0.0	0.0	0.0
-3.748	0.0	0.0	0.0	0.0	0.0	0.0	0.0	0.0	0.0
-3.716	0.0	0.0	0.0	0.0	0.0	0.0	0.0	0.0	0.0
-3.684	0.0	0.0	0.0	0.0	0.0	0.0	0.0	0.0	0.0
-3.652	0.0	0.0	0.0	0.0	0.0	0.0	0.0	0.0	0.0
-3.620	0.0	0.0	0.0	0.0	0.0	0.0	0.0	0.0	0.0
-3.588	0.0	0.0	0.0	0.0	0.0	0.0	0.0	0.0	0.0
-3.556	0.0	0.0	0.0	0.0	0.0	0.0	0.0	0.0	0.0
-3.525	0.0	0.0	0.0	0.0	0.0	0.0	0.0	0.0	0.0
-3.493	0.0	0.0	0.0	0.0	0.0	0.0	0.0	0.0	0.0
-3.461	0.0	0.0	0.0	0.0	0.0	0.0	0.0	0.0	0.0
-3.429	0.0	0.0	0.0	0.0	0.0	0.0	0.0	0.0	0.0
-3.397	0.0	0.0	0.0	0.0	0.0	0.0	0.0	0.0	0.0
-3.365	0.0	0.0	0.0	0.0	0.0	0.0	0.0	0.0	0.0
-3.333	0.0	0.0	0.0	0.0	0.0	0.0	0.0	0.0	0.0
-3.301	0.0	0.0	0.0	0.0	0.0	0.0	0.0	0.0	0.0
-3.269	0.0	0.0	0.0	0.0	0.0	0.0	0.0	0.0	0.0
-3.237	0.0	0.0	0.0	0.0	0.0	0.0	0.0	0.0	0.0
-3.205	0.0	0.0	0.0	0.0	0.0	0.0	0.0	0.0	0.0
-3.173	0.0	0.0	0.0	0.0	0.0	0.0	0.0	0.0	0.0
-3.141	0.0	0.0	0.0	0.0	0.0	0.0	0.0	0.0	0.0
-3.109	0.0	0.0	0.0	0.0	0.0	0.0	0.0	0.0	0.0
-3.077	0.0	0.0	0.0	0.0	0.0	0.0	0.0	0.0	0.0
-3.045	0.0	0.0	0.0	0.0	0.0	0.0	0.0	0.0	0.0
-3.013	0.0	0.0	0.0	0.0	0.0	0.0	0.0	0.0	0.0
-2.981	0.0	0.0	0.0	0.0	0.0	0.0	0.0	0.0	0.0
-2.949	0.0	0.0	0.0	0.0	0.0	0.0	0.0	0.0	0.0
-2.918	0.0	0.0	0.0	0.0	0.0	0.0	0.0	0.0	0.0
-2.886	0.0	0.0	0.0	0.0	0.0	0.0	0.0	0.0	0.0
-2.854	0.0	0.0	0.0	0.0	0.0	0.0	0.0	0.0	0.0
-2.822	0.0	0.0	0.0	0.0	0.0	0.0	0.0	0.0	0.0
-2.790	0.0	0.0	0.0	0.0	0.0	0.0	0.0	0.0	0.0
-2.758	0.0	0.0	0.0	0.0	0.0	0.0	0.0	0.0	0.0
-2.726	0.0	0.0	0.0	0.0	0.0	0.0	0.0	0.0	0.0
-2.694	0.0	0.0	0.0	0.0	0.0	0.0	0.0	0.0	0.0
-2.662	0.0	0.0	0.0	0.0	0.0	0.0	0.0	0.0	0.0
-2.630	0.0	0.0	0.0	0.0	0.0	0.0	0.0	0.0	0.0
-2.598	0.0	0.0	0.0	0.0	0.0	0.0	0.0	0.0	0.0
-2.566	0.0	0.0	0.0	0.0	0.0	0.0	0.0	0.0	0.0
-2.534	0.0	0.0	0.0	0.0	0.0	0.0	0.0	0.0	0.0
-2.502	0.0	0.0	0.0	0.0	0.0	0.0	0.0	0.0	0.0
-2.470	0.0	0.0	0.0	0.0	0.0	0.0	0.0	0.0	0.0
-2.438	0.0	0.0	0.0	0.0	0.0	0.0	0.0	0.0	0.0
-2.406	0.0	0.0	0.0	0.0	0.0	0.0	0.0	0.0	0.0
-2.374	0.0	0.0	0.0	0.0	0.0	0.0	0.0	0.0	0.0
-2.343	0.0	0.0	0.0	0.0	0.0	0.0	0.0	0.0	0.0
-2.311	0.0	0.0	0.0	0.0	0.0	0.0	0.0	0.0	0.0
-2.279	0.0	0.0	0.0	0.0	0.0	0.0	0.0	0.0	0.0
-2.247	0.0	0.0	0.0	0.0	0.0	0.0	0.0	0.0	0.0
-2.215	0.0	0.0	0.0	0.0	0.0	0.0	0.0	0.0	0.0
-2.183	0.0	0.0	0.0	0.0	0.0	0.0	0.0	0.0	0.0
-2.151	0.0	0.0	0.0	0.0	0.0	0.0	0.0	0.0	0.0
-2.119	0.0	0.0	0.0	0.0	0.0	0.0	0.0	0.0	0.0
-2.087	0.0	0.0	0.0	0.0	0.0	0.0	0.0	0.0	0.0
-2.055	0.0	0.0	0.0	0.0	0.0	0.0	0.0	0.0	0.0
-2.023	0.0	0.0	0.0	0.0	0.0	0.0	0.0	0.0	0.0
-1.991	0.0	0.0	0.0	0.0	0.0	0.0	0.0	0.0	0.0
-1.959	0.0	0.0	0.0	0.0	0.0	0.0	0.0	0.0	0.0
-1.927	0.0	0.0	0.0	0.0	0.0	0.0	0.0	0.0	0.0
-1.895	0.0	0.0	0.0	0.0	0.0	0.0	0.0	0.0	0.0
-1.863	0.0	0.0	0.0	0.0	0.0	0.0	0.0	0.0	0.0
-1.831	0.0	0.0	0.0	0.0	0.0	0.0	0.0	0.0	0.0
-1.799	0.0	0.0	0.0	0.0	0.0	0.0	0.0	0.0	0.0
-1.767	0.0	0.0	0.0	0.0	0.0	0.0	0.0	0.0	0.0
-1.736	0.0	0.0	0.0	0.0	0.0	0.0	0.0	0.0	0.0
-1.704	0.0	0.0	0.0	0.0	0.0	0.0	0.0	0.0	0.0
-1.672	0.0	0.0	0.0	0.0	0.0	0.0	0.0	0.0	0.0
-1.640	0.0	0.0	0.0	0.0	0.0	0.0	0.0	0.0	0.0
-1.608	0.0	0.0	0.0	0.0	0.0	0.0	0.0	0.0	0.0
-1.576	0.0	0.0	0.0	0.0	0.0	0.0	0.0	0.0	0.0
-1.544	0.0	0.0	0.0	0.0	0.0	0.0	0.0	0.0	0.0
-1.512	0.0	0.0	0.0	0.0	0.0	0.0	0.0	0.0	0.0
-1.480	0.0	0.0	0.0	0.0	0.0	0.0	0.0	0.0	0.0
-1.448	0.0	0.0	0.0	0.0	0.0	0.0	0.0	0.0	0.0
-1.416	0.0	0.0	0.0	0.0	0.0	0.0	0.0	0.0	0.0
-1.384	0.0	0.0	0.0	0.0	0.0	0.0	0.0	0.0	0.0
-1.352	0.0	0.0	0.0	0.0	0.0	0.0	0.0	0.0	0.0
-1.320	0.0	0.0	0.0	0.0	0.0	0.0	0.0	0.0	0.0
-1.288	0.0	0.0	0.0	0.0	0.0	0.0	0.0	0.0	0.0
-1.256	0.0	0.0	0.0	0.0	0.0	0.0	0.0	0.0	0.0
-1.224	0.0	0.0	0.0	0.0	0.0	0.0	0.0	0.0	0.0
-1.192	0.0	0.0	0.0	0.0	0.0	0.0	0.0	0.0	0.0
-1.160	0.0	0.0	0.0	0.0	0.0	0.0	0.0	0.0	0.0
-1.129	0.0	0.0	0.0	0.0	0.0	0.0	0.0	0.0	0.0
-1.097	0.0	0.0	0.0	0.0	0.0	0.0	0.0	0.0	0.0
-1.065	0.0	0.0	0.0	0.0	0.0	0.0	0.0	0.0	0.0
-1.033	0.0	0.0	0.0	0.0	0.0	0.0	0.0	0.0	0.0
-1.001	0.0	0.0	0.0	0.0	0.0	0.0	0.0	0.0	0.0
-0.969	0.0	0.0	0.0	0.0	0.0	0.0	0.0	0.0	0.0
-0.937	0.0	0.0	0.0	0.0	0.0	0.0	0.0	0.0	0.0
-0.905	0.0	0.0	0.0	0.0	0.0	0.0	0.0	0.0	0.0
-0.873	0.0	0.0	0.0	0.0	0.0	0.0	0.0	0.0	0.0
-0.841	0.0	0.0	0.0	0.0	0.0	0.0	0.0	0.0	0.0
-0.809	0.0	0.0	0.0	0.0	0.0	0.0	0.0	0.0	0.0
-0.777	0.0	0.0	0.0	0.0	0.0	0.0	0.0	0.0	0.0
-0.745	0.0	0.0	0.0	0.0	0.0	0.0	0.0	0.0	0.0
-0.713	1.6016760479999997e-15	3.894569e-16	3.3703724999999995e-16	4.2026419999999993e-16	0.0	0.0	0.0	0.0	0.0
-0.681	5.3205722399999995e-14	1.2937972000000003e-14	1.1197183000000001e-14	1.3960260000000002e-14	0.0	0.0	0.0	0.0	0.0
-0.649	1.494809916e-12	3.634866e-13	3.1455217e-13	3.9220000000000004e-13	0.0	0.0	0.0	0.0	0.0
-0.617	3.43159101e-11	8.346176999999999e-12	7.222638999999999e-12	9.004804e-12	0.0	0.0	0.0	0.0	0.0
-0.585	6.44013089e-10	1.565926e-10	1.3550339000000003e-10	1.689578e-10	0.0	0.0	0.0	0.0	0.0
-0.554	9.875863260000002e-09	2.401333e-09	2.0783632e-09	2.5911530000000002e-09	0.0	0.0	0.0	0.0	0.0
-0.522	1.237942645e-07	3.0105549999999994e-08	2.6053373e-08	3.248124e-08	0.0	0.0	0.0	0.0	0.0
-0.490	1.268795742e-06	3.0849149999999997e-07	2.6699015e-07	3.3287839999999997e-07	0.0	0.0	0.0	0.0	0.0
-0.458	1.0630608619999999e-05	2.584917e-06	2.2368844e-06	2.7889960000000006e-06	0.0	0.0	0.0	0.0	0.0
-0.426	7.283967269999999e-05	1.770932e-05	1.5325182e-05	1.9107670000000005e-05	0.0	0.0	0.0	0.0	0.0
-0.394	0.00040808981099999995	9.921984999999999e-05	8.586249000000002e-05	0.00010705865999999997	0.0	0.0	0.0	0.0	0.0
-0.362	0.0018697699629999997	0.00045465100000000004	0.00039344906000000007	0.000490503	0.0	0.0	0.0	0.0	0.0
-0.330	0.0070079426799999995	0.0017040770000000005	0.0014744341000000002	0.0018384349999999998	0.0	0.0	0.0	0.0	0.0
-0.298	0.0214826789	0.0052234	0.004520427999999999	0.005635971000000001	0.0	0.0	0.0	0.0	0.0
-0.266	0.0538734095	0.013100298000000002	0.011336762	0.01413448	0.0	0.0	0.0	0.0	0.0
-0.234	0.1105259102	0.026876209999999998	0.023260205000000003	0.028997129999999996	0.0	0.0	0.0	0.0	0.0
-0.202	0.1855287264	0.04511941	0.039040287	0.04867894	0.0	0.0	0.0	0.0	0.0
-0.170	0.25478954800000003	0.06195552	0.053617686	0.06684319	0.0	0.0	0.0	0.0	0.0
-0.138	0.28628219499999996	0.06961009	0.060243117000000006	0.07510934	0.0	0.0	0.0	0.0	0.0
-0.106	0.263198183	0.06399576	0.055382638000000005	0.06905636	0.0	0.0	0.0	0.0	0.0
-0.074	0.19797882900000002	0.04814041	0.04166557400000001	0.05193899	0.0	0.0	0.0	0.0	0.0
-0.042	0.121932285	0.02965578	0.02568086	0.031979060000000004	0.0	0.0	0.0	0.0	0.0
-0.010	0.061799738	0.01506372	0.013136935	0.0161737	0.0	0.0	0.0	0.0	0.0
0.022	0.027052787000000002	0.0067270260000000005	0.006335217	0.006955372	0.0	0.0	0.0	0.0	0.0
0.053	0.014339628	0.003980392000000001	0.005730703999999999	0.003355658	0.0	0.0	0.0	0.0	0.0
0.085	0.01821725	0.005813708	0.01398627	0.003924642	0.0	0.0	0.0	0.0	0.0
0.117	0.03713411	0.0123714	0.041267769999999995	0.00865507	0.0	0.0	0.0	0.0	0.0
0.149	0.07286139999999999	0.02484086	0.11133119999999998	0.01944502	0.0	0.0	0.0	0.0	0.0
0.181	0.1274035	0.04465045	0.2639121	0.039513639999999996	0.0	0.0	0.0	0.0	0.0
0.213	0.20012040000000003	0.07255117999999999	0.5410933	0.07146006	0.0	0.0	0.0	0.0	0.0
0.245	0.28444269999999994	0.10690050000000001	0.9484133000000001	0.1136632	0.0	0.0	0.0	0.0	0.0
0.277	0.36374130000000005	0.14154640000000002	1.4092566000000002	0.1570012	0.0	0.0	0.0	0.0	0.0
0.309	0.4132416	0.16609769999999996	1.7650173	0.18681530000000002	0.0	0.0	0.0	0.0	0.0
0.341	0.413378	0.17223399999999997	1.8600832999999999	0.19223260000000003	0.0	0.0	0.0	0.0	0.0
0.373	0.3684645000000001	0.16214130000000002	1.6573925000000003	0.1762522	0.0	0.0	0.0	0.0	0.0
0.405	0.3079359	0.14962648999999997	1.2770837	0.15572149999999998	0.0	0.0	0.0	0.0	0.0
0.437	0.2639515	0.14900883000000004	0.9047359	0.14799612	0.0	0.0	0.0	0.0	0.0
0.469	0.24538480000000001	0.16108687	0.6569486	0.15573096	0.0	0.0	0.0	0.0	0.0
0.501	0.2349833	0.17154647	0.5282018	0.16488453	0.0	0.0	0.0	0.0	0.0
0.533	0.2114679	0.16426297	0.4445293	0.15832591000000001	0.0	0.0	0.0	0.0	0.0
0.565	0.1711067	0.13637294	0.3499761	0.13158588	0.0	0.0	0.0	0.0	0.0
0.597	0.1282408	0.09975274	0.24321579999999998	0.09537066999999999	0.0	0.0	0.0	0.0	0.0
0.628	0.1002276	0.06974879	0.15637079999999998	0.065187502	0.0	0.0	0.0	0.0	0.0
0.660	0.0963398	0.05504361	0.11883020000000001	0.050738987	0.0	0.0	0.0	0.0	0.0
0.692	0.1185502	0.056678440000000004	0.14167590000000002	0.053897759999999996	0.0	0.0	0.0	0.0	0.0
0.724	0.16463229999999998	0.0720006	0.2192667	0.07176619000000001	0.0	0.0	0.0	0.0	0.0
0.756	0.2252965	0.0962172	0.33225330000000003	0.09846580000000002	0.0	0.0	0.0	0.0	0.0
0.788	0.28139879999999995	0.1217687	0.44892200000000004	0.1256777	0.0	0.0	0.0	0.0	0.0
0.820	0.3113866	0.13980510000000002	0.5306330000000001	0.1448878	0.0	0.0	0.0	0.0	0.0
0.852	0.30548600000000004	0.144654	0.546937	0.1513255	0.0	0.0	0.0	0.0	0.0
0.884	0.272188	0.13673280000000002	0.49265000000000003	0.14577710000000002	0.0	0.0	0.0	0.0	0.0
0.916	0.22959200000000002	0.121267	0.39534100000000005	0.1329463	0.0	0.0	0.0	0.0	0.0
0.948	0.19232800000000003	0.1044885	0.304183	0.1184718	0.0	0.0	0.0	0.0	0.0
0.980	0.16673	0.09167020000000001	0.268524	0.1076155	0.0	0.0	0.0	0.0	0.0
1.012	0.15478409999999998	0.0877274	0.320467	0.10564710000000001	0.0	0.0	0.0	0.0	0.0
1.044	0.1578766	0.09770720000000001	0.4609021	0.11752780000000002	0.0	0.0	0.0	0.0	0.0
1.076	0.17433099999999999	0.1235754	0.6470777000000001	0.14454960000000003	0.0	0.0	0.0	0.0	0.0
1.108	0.196576	0.15986240000000002	0.7997769000000001	0.18112489999999998	0.0	0.0	0.0	0.0	0.0
1.140	0.2151643	0.193934	0.8458228	0.21611179999999997	0.0	0.0	0.0	0.0	0.0
1.172	0.2264555	0.213167	0.7726568	0.2393686	0.0	0.0	0.0	0.0	0.0
1.204	0.2347221	0.21315390000000004	0.6387417999999999	0.2476543	0.0	0.0	0.0	0.0	0.0
1.235	0.24614799999999998	0.19992060000000003	0.524294	0.2449592	0.0	0.0	0.0	0.0	0.0
1.267	0.263555	0.1850289	0.4710298	0.2383165	0.0	0.0	0.0	0.0	0.0
1.299	0.28685	0.1789042	0.46384800000000004	0.2334113	0.0	0.0	0.0	0.0	0.0
1.331	0.316356	0.1873043	0.46109100000000003	0.23293740000000002	0.0	0.0	0.0	0.0	0.0
1.363	0.35115299999999994	0.2098984	0.43526380000000003	0.2368361	0.0	0.0	0.0	0.0	0.0
1.395	0.38466100000000003	0.23980980000000002	0.38933290000000004	0.2420509	0.0	0.0	0.0	0.0	0.0
1.427	0.40546899999999997	0.2651614	0.341425	0.243074	0.0	0.0	0.0	0.0	0.0
1.459	0.405021	0.2741397	0.30444299999999996	0.23485899999999998	0.0	0.0	0.0	0.0	0.0
1.491	0.385169	0.261916	0.279487	0.21725799999999998	0.0	0.0	0.0	0.0	0.0
1.523	0.35458100000000004	0.233222	0.260093	0.195556	0.0	0.0	0.0	0.0	0.0
1.555	0.319858	0.1979	0.238151	0.175771	0.0	0.0	0.0	0.0	0.0
1.587	0.280075	0.1633949	0.207402	0.158802	0.0	0.0	0.0	0.0	0.0
1.619	0.23141899999999996	0.13134769999999998	0.16660709999999998	0.1399288	0.0	0.0	0.0	0.0	0.0
1.651	0.175987	0.1010596	0.1216799	0.11529330000000002	0.0	0.0	0.0	0.0	0.0
1.683	0.125755	0.07543330000000001	0.0842376	0.0881569	0.0	0.0	0.0	0.0	0.0
1.715	0.09860419999999999	0.0626176	0.0673497	0.0692417	0.0	0.0	0.0	0.0	0.0
1.747	0.11018719999999999	0.0720933	0.08080709999999999	0.070339	0.0	0.0	0.0	0.0	0.0
1.779	0.16560370000000005	0.1078158	0.12652449999999998	0.09650349999999999	0.0	0.0	0.0	0.0	0.0
1.810	0.2525641	0.162302	0.1940254	0.1410929	0.0	0.0	0.0	0.0	0.0
1.842	0.340715	0.21612899999999996	0.2598882	0.186446	0.0	0.0	0.0	0.0	0.0
1.874	0.39204399999999995	0.24562299999999998	0.295865	0.21142310000000003	0.0	0.0	0.0	0.0	0.0
1.906	0.381539	0.2362379	0.2848488	0.20317649999999998	0.0	0.0	0.0	0.0	0.0
1.938	0.3130173	0.1916954	0.23128479999999998	0.1647744	0.0	0.0	0.0	0.0	0.0
1.970	0.21553020000000003	0.13077729999999999	0.15788069999999998	0.11237319999999999	0.0	0.0	0.0	0.0	0.0
2.002	0.12410799999999998	0.0747132	0.09024404999999998	0.06417222	0.0	0.0	0.0	0.0	0.0
2.034	0.0594957	0.03559733	0.04300955	0.03056791	0.0	0.0	0.0	0.0	0.0
2.066	0.02365382	0.014086	0.017022699999999995	0.01209252	0.0	0.0	0.0	0.0	0.0
2.098	0.00777266	0.004612048	0.00557473	0.003958972999999999	0.0	0.0	0.0	0.0	0.0
2.130	0.00210551	0.001246014	0.0015062942	0.0010693780000000002	0.0	0.0	0.0	0.0	0.0
2.162	0.000469122	0.0002770755	0.00033501980000000004	0.0002377663	0.0	0.0	0.0	0.0	0.0
2.194	8.58087e-05	5.0624150000000006e-05	6.121029000000001e-05	4.344341e-05	0.0	0.0	0.0	0.0	0.0
2.226	1.287714e-05	7.587939999999999e-06	9.175056999999999e-06	6.510645999999999e-06	0.0	0.0	0.0	0.0	0.0
2.258	1.583081e-06	9.322779999999999e-07	1.1272773e-06	7.998469e-07	0.0	0.0	0.0	0.0	0.0
2.290	1.593665e-07	9.37875e-08	1.1342326e-07	8.047159e-08	0.0	0.0	0.0	0.0	0.0
2.322	1.312776e-08	7.72465e-09	9.341602e-09	6.627208e-09	0.0	0.0	0.0	0.0	0.0
2.354	8.8473e-10	5.204606000000001e-10	6.294127e-10	4.4648019999999995e-10	0.0	0.0	0.0	0.0	0.0
2.386	4.87585e-11	2.867388e-11	3.467726e-11	2.460287e-11	0.0	0.0	0.0	0.0	0.0
2.417	2.196734e-12	1.291847e-12	1.5622672e-12	1.108372e-12	0.0	0.0	0.0	0.0	0.0
2.449	8.092569999999999e-14	4.7583930000000003e-14	5.754168e-14	4.082548e-14	0.0	0.0	0.0	0.0	0.0
2.481	2.403228e-15	1.4128600000000002e-15	1.7086865e-15	1.2122650000000002e-15	0.0	0.0	0.0	0.0	0.0
2.513	0.0	0.0	0.0	0.0	0.0	0.0	0.0	0.0	0.0
2.545	0.0	0.0	0.0	0.0	0.0	0.0	0.0	0.0	0.0
2.577	0.0	0.0	0.0	0.0	0.0	0.0	0.0	0.0	0.0
2.609	0.0	0.0	0.0	0.0	0.0	0.0	0.0	0.0	0.0
2.641	0.0	0.0	0.0	0.0	0.0	0.0	0.0	0.0	0.0
2.673	0.0	0.0	0.0	0.0	0.0	0.0	0.0	0.0	0.0
2.705	0.0	0.0	0.0	0.0	0.0	0.0	0.0	0.0	0.0
2.737	0.0	0.0	0.0	0.0	0.0	0.0	0.0	0.0	0.0
2.769	0.0	0.0	0.0	0.0	0.0	0.0	0.0	0.0	0.0
2.801	0.0	0.0	0.0	0.0	0.0	0.0	0.0	0.0	0.0
2.833	0.0	0.0	0.0	0.0	0.0	0.0	0.0	0.0	0.0
2.865	0.0	0.0	0.0	0.0	0.0	0.0	0.0	0.0	0.0
2.897	0.0	0.0	0.0	0.0	0.0	0.0	0.0	0.0	0.0
2.929	0.0	0.0	0.0	0.0	0.0	0.0	0.0	0.0	0.0
2.961	0.0	0.0	0.0	0.0	0.0	0.0	0.0	0.0	0.0
2.992	0.0	0.0	0.0	0.0	0.0	0.0	0.0	0.0	0.0
3.024	0.0	0.0	0.0	0.0	0.0	0.0	0.0	0.0	0.0
3.056	0.0	0.0	0.0	0.0	0.0	0.0	0.0	0.0	0.0
3.088	0.0	0.0	0.0	0.0	0.0	0.0	0.0	0.0	0.0
3.120	0.0	0.0	0.0	0.0	0.0	0.0	0.0	0.0	0.0
3.152	0.0	0.0	0.0	0.0	0.0	0.0	0.0	0.0	0.0
3.184	0.0	0.0	0.0	0.0	0.0	0.0	0.0	0.0	0.0
3.216	0.0	0.0	0.0	0.0	0.0	0.0	0.0	0.0	0.0
3.248	0.0	0.0	0.0	0.0	0.0	0.0	0.0	0.0	0.0
3.280	0.0	0.0	0.0	0.0	0.0	0.0	0.0	0.0	0.0
3.312	0.0	0.0	0.0	0.0	0.0	0.0	0.0	0.0	0.0
3.344	0.0	0.0	0.0	0.0	0.0	0.0	0.0	0.0	0.0
