-23.13005494	0.0	0.0	0.0	0.0	0.0	0.0	0.0	0.0	0.0
-23.09705494	0.0	0.0	0.0	0.0	0.0	0.0	0.0	0.0	0.0
-23.06305494	0.0	0.0	0.0	0.0	0.0	0.0	0.0	0.0	0.0
-23.030054940000003	0.0	0.0	0.0	0.0	0.0	0.0	0.0	0.0	0.0
-22.99605494	0.0	0.0	0.0	0.0	0.0	0.0	0.0	0.0	0.0
-22.963054940000003	0.0	0.0	0.0	0.0	0.0	0.0	0.0	0.0	0.0
-22.92905494	0.0	0.0	0.0	0.0	0.0	0.0	0.0	0.0	0.0
-22.89505494	0.0	0.0	0.0	0.0	0.0	0.0	0.0	0.0	0.0
-22.86205494	0.0	0.0	0.0	0.0	0.0	0.0	0.0	0.0	0.0
-22.82805494	0.0	0.0	0.0	0.0	0.0	0.0	0.0	0.0	0.0
-22.79505494	0.0	0.0	0.0	0.0	0.0	0.0	0.0	0.0	0.0
-22.76105494	0.0	0.0	0.0	0.0	0.0	0.0	0.0	0.0	0.0
-22.72805494	0.0	0.0	0.0	0.0	0.0	0.0	0.0	0.0	0.0
-22.69405494	0.0	0.0	0.0	0.0	0.0	0.0	0.0	0.0	0.0
-22.66105494	0.0	0.0	0.0	0.0	0.0	0.0	0.0	0.0	0.0
-22.62705494	0.0	0.0	0.0	0.0	0.0	0.0	0.0	0.0	0.0
-22.594054940000003	0.0	0.0	0.0	0.0	0.0	0.0	0.0	0.0	0.0
-22.56005494	0.0	0.0	0.0	0.0	0.0	0.0	0.0	0.0	0.0
-22.527054940000003	0.0	0.0	0.0	0.0	0.0	0.0	0.0	0.0	0.0
-22.49305494	0.0	0.0	0.0	0.0	0.0	0.0	0.0	0.0	0.0
-22.460054940000003	0.0	0.0	0.0	0.0	0.0	0.0	0.0	0.0	0.0
-22.42605494	0.0	0.0	0.0	0.0	0.0	0.0	0.0	0.0	0.0
-22.393054940000003	0.0	0.0	0.0	0.0	0.0	0.0	0.0	0.0	0.0
-22.35905494	0.0	0.0	0.0	0.0	0.0	0.0	0.0	0.0	0.0
-22.326054940000002	0.0	0.0	0.0	0.0	0.0	0.0	0.0	0.0	0.0
-22.29205494	0.0	0.0	0.0	0.0	0.0	0.0	0.0	0.0	0.0
-22.259054940000002	0.0	0.0	0.0	0.0	0.0	0.0	0.0	0.0	0.0
-22.22505494	0.0	0.0	0.0	0.0	0.0	0.0	0.0	0.0	0.0
-22.192054940000002	2.4360562000000003e-15	1.26223449e-16	5.065788e-18	1.29696613e-16	0.0	0.0	0.0	0.0	0.0
-22.158054940000003	1.583154e-13	8.2042937e-15	3.292908e-16	8.430355300000001e-15	0.0	0.0	0.0	0.0	0.0
-22.12405494	5.921908000000001e-12	3.0689074900000003e-13	1.2315185e-14	3.1527134e-13	0.0	0.0	0.0	0.0	0.0
-22.091054940000003	1.7898711999999999e-10	9.2742434e-12	3.722483e-13	9.530453e-12	0.0	0.0	0.0	0.0	0.0
-22.05705494	4.332456000000001e-09	2.2447414500000004e-10	9.0098e-12	2.3069572e-10	0.0	0.0	0.0	0.0	0.0
-22.024054940000003	8.3993e-08	4.35148818e-09	1.7464976000000003e-10	4.472224800000002e-09	0.0	0.0	0.0	0.0	0.0
-21.99005494	1.3039968e-06	6.75670277e-08	2.712192e-09	6.9433953e-08	0.0	0.0	0.0	0.0	0.0
-21.957054940000003	1.6221206e-05	8.405852899999998e-07	3.373822e-08	8.638860100000001e-07	0.0	0.0	0.0	0.0	0.0
-21.92305494	0.00016171293999999998	8.3797287e-06	3.362975e-07	8.610090300000002e-06	0.0	0.0	0.0	0.0	0.0
-21.890054940000002	0.0012914597	6.693793879999999e-05	2.686531e-06	6.878537499999999e-05	0.0	0.0	0.0	0.0	0.0
-21.85605494	0.008271539999999999	0.000428522316	1.7199441999999998e-05	0.00044032228	0.0	0.0	0.0	0.0	0.0
-21.823054940000002	0.042447910000000005	0.0021991245699999997	8.826764000000002e-05	0.0022600961000000005	0.0	0.0	0.0	0.0	0.0
-21.78905494	0.17460536	0.0090490632	0.0003631967000000001	0.009298415099999999	0.0	0.0	0.0	0.0	0.0
-21.756054940000002	0.5761619000000001	0.029853251600000002	0.0011982292	0.030678228000000005	0.0	0.0	0.0	0.0	0.0
-21.72205494	1.5242749	0.0789636068	0.003169634	0.081147184	0.0	0.0	0.0	0.0	0.0
-21.689054940000002	3.233824200000001	0.16753431000000002	0.0067235459999999995	0.17214527000000002	0.0	0.0	0.0	0.0	0.0
-21.655054940000003	5.501003000000001	0.284996191	0.011440099000000002	0.29284414	0.0	0.0	0.0	0.0	0.0
-21.62205494	7.506391000000002	0.388950316	0.015608849	0.39960645999999994	0.0	0.0	0.0	0.0	0.0
-21.588054940000003	8.215273000000002	0.42566909	0.017083472	0.43740538	0.0	0.0	0.0	0.0	0.0
-21.55505494	7.211881999999999	0.373560206	0.014995785999999997	0.38387706000000005	0.0	0.0	0.0	0.0	0.0
-21.521054940000003	5.077584	0.26303850100000004	0.010557291	0.27030038	0.0	0.0	0.0	0.0	0.0
-21.48805494	2.867009500000001	0.148546555	0.005961725	0.15263331400000002	0.0	0.0	0.0	0.0	0.0
-21.454054940000002	1.2987855000000001	0.0672691439	0.002699643	0.06912088100000001	0.0	0.0	0.0	0.0	0.0
-21.42105494	0.47145100000000006	0.0244300776	0.0009804394	0.025100691999999997	0.0	0.0	0.0	0.0	0.0
-21.387054940000002	0.13727925	0.00711317898	0.0002854852	0.007309322	0.0	0.0	0.0	0.0	0.0
-21.35305494	0.032052448	0.00166073723	6.665106e-05	0.0017064973	0.0	0.0	0.0	0.0	0.0
-21.320054940000002	0.0059995069999999985	0.000310786269	1.2475674000000002e-05	0.00031939239000000006	0.0	0.0	0.0	0.0	0.0
-21.28605494	0.0009000655000000001	4.66321745e-05	1.8718473e-06	4.7914666e-05	0.0	0.0	0.0	0.0	0.0
-21.253054940000002	0.00010824229000000002	5.60745644e-06	2.2508208999999999e-07	5.7630328e-06	0.0	0.0	0.0	0.0	0.0
-21.219054940000003	1.0429615999999998e-05	5.403692110000001e-07	2.1688458000000002e-08	5.552366000000001e-07	0.0	0.0	0.0	0.0	0.0
-21.186054940000002	8.0525e-07	4.172577059999999e-08	1.6746466999999998e-09	4.2871273e-08	0.0	0.0	0.0	0.0	0.0
-21.152054940000003	4.9812039999999996e-08	2.58074284e-09	1.0357614999999999e-10	2.6517067999999995e-09	0.0	0.0	0.0	0.0	0.0
-21.11905494	2.4675653e-09	1.27865603e-10	5.132045000000001e-12	1.31382858e-10	0.0	0.0	0.0	0.0	0.0
-21.085054940000003	9.792225e-11	5.0732121200000005e-12	2.0363289e-13	5.2142357000000006e-12	0.0	0.0	0.0	0.0	0.0
-21.05205494	3.113624e-12	1.6130809600000004e-13	6.473749e-15	1.6575264e-13	0.0	0.0	0.0	0.0	0.0
-21.018054940000003	7.795710999999999e-14	4.03884891e-15	1.6210387e-16	4.1509880999999996e-15	0.0	0.0	0.0	0.0	0.0
-20.98505494	0.0	0.0	0.0	0.0	0.0	0.0	0.0	0.0	0.0
-20.951054940000002	0.0	0.0	0.0	0.0	0.0	0.0	0.0	0.0	0.0
-20.91805494	0.0	0.0	0.0	0.0	0.0	0.0	0.0	0.0	0.0
-20.884054940000002	0.0	0.0	0.0	0.0	0.0	0.0	0.0	0.0	0.0
-20.85105494	0.0	0.0	0.0	0.0	0.0	0.0	0.0	0.0	0.0
-20.817054940000002	0.0	0.0	0.0	0.0	0.0	0.0	0.0	0.0	0.0
-20.78405494	0.0	0.0	0.0	0.0	0.0	0.0	0.0	0.0	0.0
-20.750054940000002	0.0	0.0	0.0	0.0	0.0	0.0	0.0	0.0	0.0
-20.71705494	0.0	0.0	0.0	0.0	0.0	0.0	0.0	0.0	0.0
-20.68305494	0.0	0.0	0.0	0.0	0.0	0.0	0.0	0.0	0.0
-20.65005494	0.0	0.0	0.0	0.0	0.0	0.0	0.0	0.0	0.0
-20.61605494	0.0	0.0	0.0	0.0	0.0	0.0	0.0	0.0	0.0
-20.582054940000003	0.0	0.0	0.0	0.0	0.0	0.0	0.0	0.0	0.0
-20.54905494	0.0	0.0	0.0	0.0	0.0	0.0	0.0	0.0	0.0
-20.515054940000002	0.0	0.0	0.0	0.0	0.0	0.0	0.0	0.0	0.0
-20.48205494	0.0	0.0	0.0	0.0	0.0	0.0	0.0	0.0	0.0
-20.448054940000002	0.0	0.0	0.0	0.0	0.0	0.0	0.0	0.0	0.0
-20.41505494	0.0	0.0	0.0	0.0	0.0	0.0	0.0	0.0	0.0
-20.381054940000002	0.0	0.0	0.0	0.0	0.0	0.0	0.0	0.0	0.0
-20.34805494	0.0	0.0	0.0	0.0	0.0	0.0	0.0	0.0	0.0
-20.314054940000002	0.0	0.0	0.0	0.0	0.0	0.0	0.0	0.0	0.0
-20.28105494	0.0	0.0	0.0	0.0	0.0	0.0	0.0	0.0	0.0
-20.24705494	0.0	0.0	0.0	0.0	0.0	0.0	0.0	0.0	0.0
-20.21405494	0.0	0.0	0.0	0.0	0.0	0.0	0.0	0.0	0.0
-20.18005494	0.0	0.0	0.0	0.0	0.0	0.0	0.0	0.0	0.0
-20.14705494	0.0	0.0	0.0	0.0	0.0	0.0	0.0	0.0	0.0
-20.11305494	0.0	0.0	0.0	0.0	0.0	0.0	0.0	0.0	0.0
-20.08005494	0.0	0.0	0.0	0.0	0.0	0.0	0.0	0.0	0.0
-20.04605494	0.0	0.0	0.0	0.0	0.0	0.0	0.0	0.0	0.0
-20.01305494	0.0	0.0	0.0	0.0	0.0	0.0	0.0	0.0	0.0
-19.97905494	0.0	0.0	0.0	0.0	0.0	0.0	0.0	0.0	0.0
-19.94605494	0.0	0.0	0.0	0.0	0.0	0.0	0.0	0.0	0.0
-19.91205494	0.0	0.0	0.0	0.0	0.0	0.0	0.0	0.0	0.0
-19.87905494	0.0	0.0	0.0	0.0	0.0	0.0	0.0	0.0	0.0
-19.84505494	0.0	0.0	0.0	0.0	0.0	0.0	0.0	0.0	0.0
-19.811054940000002	0.0	0.0	0.0	0.0	0.0	0.0	0.0	0.0	0.0
-19.77805494	0.0	0.0	0.0	0.0	0.0	0.0	0.0	0.0	0.0
-19.74405494	0.0	0.0	0.0	0.0	0.0	0.0	0.0	0.0	0.0
-19.71105494	0.0	0.0	0.0	0.0	0.0	0.0	0.0	0.0	0.0
-19.67705494	0.0	0.0	0.0	0.0	0.0	0.0	0.0	0.0	0.0
-19.64405494	0.0	0.0	0.0	0.0	0.0	0.0	0.0	0.0	0.0
-19.61005494	0.0	0.0	0.0	0.0	0.0	0.0	0.0	0.0	0.0
-19.57705494	0.0	0.0	0.0	0.0	0.0	0.0	0.0	0.0	0.0
-19.54305494	0.0	0.0	0.0	0.0	0.0	0.0	0.0	0.0	0.0
-19.51005494	0.0	0.0	0.0	0.0	0.0	0.0	0.0	0.0	0.0
-19.47605494	0.0	0.0	0.0	0.0	0.0	0.0	0.0	0.0	0.0
-19.44305494	0.0	0.0	0.0	0.0	0.0	0.0	0.0	0.0	0.0
-19.40905494	0.0	0.0	0.0	0.0	0.0	0.0	0.0	0.0	0.0
-19.376054940000003	0.0	0.0	0.0	0.0	0.0	0.0	0.0	0.0	0.0
-19.34205494	0.0	0.0	0.0	0.0	0.0	0.0	0.0	0.0	0.0
-19.309054940000003	0.0	0.0	0.0	0.0	0.0	0.0	0.0	0.0	0.0
-19.27505494	0.0	0.0	0.0	0.0	0.0	0.0	0.0	0.0	0.0
-19.242054940000003	0.0	0.0	0.0	0.0	0.0	0.0	0.0	0.0	0.0
-19.20805494	0.0	0.0	0.0	0.0	0.0	0.0	0.0	0.0	0.0
-19.175054940000003	0.0	0.0	0.0	0.0	0.0	0.0	0.0	0.0	0.0
-19.14105494	0.0	0.0	0.0	0.0	0.0	0.0	0.0	0.0	0.0
-19.108054940000002	0.0	0.0	0.0	0.0	0.0	0.0	0.0	0.0	0.0
-19.07405494	0.0	0.0	0.0	0.0	0.0	0.0	0.0	0.0	0.0
-19.04005494	0.0	0.0	0.0	0.0	0.0	0.0	0.0	0.0	0.0
-19.00705494	0.0	0.0	0.0	0.0	0.0	0.0	0.0	0.0	0.0
-18.97305494	0.0	0.0	0.0	0.0	0.0	0.0	0.0	0.0	0.0
-18.94005494	0.0	0.0	0.0	0.0	0.0	0.0	0.0	0.0	0.0
-18.90605494	0.0	0.0	0.0	0.0	0.0	0.0	0.0	0.0	0.0
-18.873054940000003	0.0	0.0	0.0	0.0	0.0	0.0	0.0	0.0	0.0
-18.83905494	0.0	0.0	0.0	0.0	0.0	0.0	0.0	0.0	0.0
-18.806054940000003	0.0	0.0	0.0	0.0	0.0	0.0	0.0	0.0	0.0
-18.77205494	0.0	0.0	0.0	0.0	0.0	0.0	0.0	0.0	0.0
-18.739054940000003	0.0	0.0	0.0	0.0	0.0	0.0	0.0	0.0	0.0
-18.70505494	0.0	0.0	0.0	0.0	0.0	0.0	0.0	0.0	0.0
-18.672054940000002	0.0	0.0	0.0	0.0	0.0	0.0	0.0	0.0	0.0
-18.63805494	0.0	0.0	0.0	0.0	0.0	0.0	0.0	0.0	0.0
-18.605054940000002	0.0	0.0	0.0	0.0	0.0	0.0	0.0	0.0	0.0
-18.57105494	0.0	0.0	0.0	0.0	0.0	0.0	0.0	0.0	0.0
-18.538054940000002	0.0	0.0	0.0	0.0	0.0	0.0	0.0	0.0	0.0
-18.50405494	0.0	0.0	0.0	0.0	0.0	0.0	0.0	0.0	0.0
-18.471054940000002	0.0	0.0	0.0	0.0	0.0	0.0	0.0	0.0	0.0
-18.437054940000003	0.0	0.0	0.0	0.0	0.0	0.0	0.0	0.0	0.0
-18.40405494	0.0	0.0	0.0	0.0	0.0	0.0	0.0	0.0	0.0
-18.370054940000003	0.0	0.0	0.0	0.0	0.0	0.0	0.0	0.0	0.0
-18.33705494	0.0	0.0	0.0	0.0	0.0	0.0	0.0	0.0	0.0
-18.303054940000003	0.0	0.0	0.0	0.0	0.0	0.0	0.0	0.0	0.0
-18.26905494	0.0	0.0	0.0	0.0	0.0	0.0	0.0	0.0	0.0
-18.236054940000002	0.0	0.0	0.0	0.0	0.0	0.0	0.0	0.0	0.0
-18.20205494	0.0	0.0	0.0	0.0	0.0	0.0	0.0	0.0	0.0
-18.169054940000002	0.0	0.0	0.0	0.0	0.0	0.0	0.0	0.0	0.0
-18.13505494	0.0	0.0	0.0	0.0	0.0	0.0	0.0	0.0	0.0
-18.102054940000002	0.0	0.0	0.0	0.0	0.0	0.0	0.0	0.0	0.0
-18.06805494	0.0	0.0	0.0	0.0	0.0	0.0	0.0	0.0	0.0
-18.035054940000002	0.0	0.0	0.0	0.0	0.0	0.0	0.0	0.0	0.0
-18.001054940000003	0.0	0.0	0.0	0.0	0.0	0.0	0.0	0.0	0.0
-17.968054940000002	0.0	0.0	0.0	0.0	0.0	0.0	0.0	0.0	0.0
-17.934054940000003	0.0	0.0	0.0	0.0	0.0	0.0	0.0	0.0	0.0
-17.90105494	0.0	0.0	0.0	0.0	0.0	0.0	0.0	0.0	0.0
-17.867054940000003	0.0	0.0	0.0	0.0	0.0	0.0	0.0	0.0	0.0
-17.83405494	0.0	0.0	0.0	0.0	0.0	0.0	0.0	0.0	0.0
-17.800054940000003	0.0	0.0	0.0	0.0	0.0	0.0	0.0	0.0	0.0
-17.76705494	0.0	0.0	0.0	0.0	0.0	0.0	0.0	0.0	0.0
-17.733054940000002	0.0	0.0	0.0	0.0	0.0	0.0	0.0	0.0	0.0
-17.70005494	0.0	0.0	0.0	0.0	0.0	0.0	0.0	0.0	0.0
-17.666054940000002	0.0	0.0	0.0	0.0	0.0	0.0	0.0	0.0	0.0
-17.63305494	0.0	0.0	0.0	0.0	0.0	0.0	0.0	0.0	0.0
-17.599054940000002	0.0	0.0	0.0	0.0	0.0	0.0	0.0	0.0	0.0
-17.56505494	0.0	0.0	0.0	0.0	0.0	0.0	0.0	0.0	0.0
-17.532054940000002	0.0	0.0	0.0	0.0	0.0	0.0	0.0	0.0	0.0
-17.498054940000003	0.0	0.0	0.0	0.0	0.0	0.0	0.0	0.0	0.0
-17.46505494	0.0	0.0	0.0	0.0	0.0	0.0	0.0	0.0	0.0
-17.431054940000003	0.0	0.0	0.0	0.0	0.0	0.0	0.0	0.0	0.0
-17.39805494	0.0	0.0	0.0	0.0	0.0	0.0	0.0	0.0	0.0
-17.364054940000003	0.0	0.0	0.0	0.0	0.0	0.0	0.0	0.0	0.0
-17.33105494	0.0	0.0	0.0	0.0	0.0	0.0	0.0	0.0	0.0
-17.297054940000002	0.0	0.0	0.0	0.0	0.0	0.0	0.0	0.0	0.0
-17.26405494	0.0	0.0	0.0	0.0	0.0	0.0	0.0	0.0	0.0
-17.230054940000002	0.0	0.0	0.0	0.0	0.0	0.0	0.0	0.0	0.0
-17.19705494	0.0	0.0	0.0	0.0	0.0	0.0	0.0	0.0	0.0
-17.163054940000002	0.0	0.0	0.0	0.0	0.0	0.0	0.0	0.0	0.0
-17.13005494	0.0	0.0	0.0	0.0	0.0	0.0	0.0	0.0	0.0
-17.096054940000002	0.0	0.0	0.0	0.0	0.0	0.0	0.0	0.0	0.0
-17.06305494	0.0	0.0	0.0	0.0	0.0	0.0	0.0	0.0	0.0
-17.02905494	0.0	0.0	0.0	0.0	0.0	0.0	0.0	0.0	0.0
-16.99605494	0.0	0.0	0.0	0.0	0.0	0.0	0.0	0.0	0.0
-16.96205494	0.0	0.0	0.0	0.0	0.0	0.0	0.0	0.0	0.0
-16.92905494	0.0	0.0	0.0	0.0	0.0	0.0	0.0	0.0	0.0
-16.89505494	0.0	0.0	0.0	0.0	0.0	0.0	0.0	0.0	0.0
-16.86205494	0.0	0.0	0.0	0.0	0.0	0.0	0.0	0.0	0.0
-16.82805494	0.0	0.0	0.0	0.0	0.0	0.0	0.0	0.0	0.0
-16.794054940000002	0.0	0.0	0.0	0.0	0.0	0.0	0.0	0.0	0.0
-16.76105494	0.0	0.0	0.0	0.0	0.0	0.0	0.0	0.0	0.0
-16.727054940000002	0.0	0.0	0.0	0.0	0.0	0.0	0.0	0.0	0.0
-16.69405494	0.0	0.0	0.0	0.0	0.0	0.0	0.0	0.0	0.0
-16.660054940000002	0.0	0.0	0.0	0.0	0.0	0.0	0.0	0.0	0.0
-16.62705494	0.0	0.0	0.0	0.0	0.0	0.0	0.0	0.0	0.0
-16.593054940000002	0.0	0.0	0.0	0.0	0.0	0.0	0.0	0.0	0.0
-16.56005494	0.0	0.0	0.0	0.0	0.0	0.0	0.0	0.0	0.0
-16.52605494	0.0	0.0	0.0	0.0	0.0	0.0	0.0	0.0	0.0
-16.49305494	0.0	0.0	0.0	0.0	0.0	0.0	0.0	0.0	0.0
-16.45905494	0.0	0.0	0.0	0.0	0.0	0.0	0.0	0.0	0.0
-16.42605494	0.0	0.0	0.0	0.0	0.0	0.0	0.0	0.0	0.0
-16.39205494	0.0	0.0	0.0	0.0	0.0	0.0	0.0	0.0	0.0
-16.35905494	0.0	0.0	0.0	0.0	0.0	0.0	0.0	0.0	0.0
-16.32505494	0.0	0.0	0.0	0.0	0.0	0.0	0.0	0.0	0.0
-16.29205494	0.0	0.0	0.0	0.0	0.0	0.0	0.0	0.0	0.0
-16.25805494	0.0	0.0	0.0	0.0	0.0	0.0	0.0	0.0	0.0
-16.22505494	0.0	0.0	0.0	0.0	0.0	0.0	0.0	0.0	0.0
-16.19105494	0.0	0.0	0.0	0.0	0.0	0.0	0.0	0.0	0.0
-16.158054940000003	0.0	0.0	0.0	0.0	0.0	0.0	0.0	0.0	0.0
-16.12405494	0.0	0.0	0.0	0.0	0.0	0.0	0.0	0.0	0.0
-16.091054940000003	0.0	0.0	0.0	0.0	0.0	0.0	0.0	0.0	0.0
-16.05705494	0.0	0.0	0.0	0.0	0.0	0.0	0.0	0.0	0.0
-16.02305494	0.0	0.0	0.0	0.0	0.0	0.0	0.0	0.0	0.0
-15.99005494	0.0	0.0	0.0	0.0	0.0	0.0	0.0	0.0	0.0
-15.956054940000001	0.0	0.0	0.0	0.0	0.0	0.0	0.0	0.0	0.0
-15.92305494	0.0	0.0	0.0	0.0	0.0	0.0	0.0	0.0	0.0
-15.889054940000001	0.0	0.0	0.0	0.0	0.0	0.0	0.0	0.0	0.0
-15.85605494	0.0	0.0	0.0	0.0	0.0	0.0	0.0	0.0	0.0
-15.822054940000001	0.0	0.0	0.0	0.0	0.0	0.0	0.0	0.0	0.0
-15.78905494	6.23824e-15	2.58855326e-16	7.710286545000001e-17	3.1516922e-16	0.0	0.0	0.0	0.0	0.0
-15.75505494	2.931931e-13	1.2164455900000001e-14	3.623663076e-15	1.4815106e-14	0.0	0.0	0.0	0.0	0.0
-15.72205494	1.0544359999999998e-11	4.3746491999999996e-13	1.303115106e-13	5.3293694e-13	0.0	0.0	0.0	0.0	0.0
-15.68805494	3.042387e-10	1.26190457e-11	3.759613190999999e-12	1.53706464e-11	0.0	0.0	0.0	0.0	0.0
-15.655054940000003	7.026029999999999e-09	2.91556505e-10	8.684197371999999e-11	3.5504098e-10	0.0	0.0	0.0	0.0	0.0
-15.62105494	1.299876e-07	5.3928534e-09	1.6065283640000002e-09	6.569319100000001e-09	0.0	0.0	0.0	0.0	0.0
-15.588054940000003	1.926582e-06	7.9937252e-08	2.3810760210000002e-08	9.736170800000001e-08	0.0	0.0	0.0	0.0	0.0
-15.55405494	2.28762e-05	9.491719699999999e-07	2.8272324000000003e-07	1.1559524e-06	0.0	0.0	0.0	0.0	0.0
-15.521054940000003	0.00021765720000000002	9.0291655e-06	2.6900322840000003e-06	1.0997188299999999e-05	0.0	0.0	0.0	0.0	0.0
-15.48705494	0.001659597	6.8859835e-05	2.0511907409999998e-05	8.386345e-05	0.0	0.0	0.0	0.0	0.0
-15.454054940000002	0.010142569999999998	0.00042076529999999997	0.0001253597064	0.00051255669	0.0	0.0	0.0	0.0	0.0
-15.42005494	0.049690700000000004	0.0020616122	0.0006140845212999999	0.00251055953	0.0	0.0	0.0	0.0	0.0
-15.387054940000002	0.19515670000000002	0.0080963865	0.002411913048	0.0098619074	0.0	0.0	0.0	0.0	0.0
-15.35305494	0.6145989999999999	0.0254996034	0.0075950164479999995	0.031058565	0.0	0.0	0.0	0.0	0.0
-15.320054940000002	1.552112	0.06439751299999999	0.01918215628	0.07844218000000001	0.0	0.0	0.0	0.0	0.0
-15.28605494	3.1428580000000004	0.130413954	0.03884503298	0.158843953	0.0	0.0	0.0	0.0	0.0
-15.25205494	5.105429999999999	0.21181359599999997	0.06309905357	0.25799750700000007	0.0	0.0	0.0	0.0	0.0
-15.219054940000003	6.650450000000001	0.27590775300000003	0.08219466978000001	0.33610927999999995	0.0	0.0	0.0	0.0	0.0
-15.18505494	6.94864	0.288253808	0.08587937291	0.35114614	0.0	0.0	0.0	0.0	0.0
-15.152054940000003	5.82321	0.241600565	0.0719623611	0.29429384	0.0	0.0	0.0	0.0	0.0
-15.11805494	3.914838	0.162383008	0.04837754107	0.197778588	0.0	0.0	0.0	0.0	0.0
-15.085054940000003	2.1098919999999994	0.087539926	0.026074622140000003	0.106619629	0.0	0.0	0.0	0.0	0.0
-15.05105494	0.9120830000000001	0.037842611	0.01127325957	0.046090669	0.0	0.0	0.0	0.0	0.0
-15.018054940000003	0.316221	0.013118774199999999	0.003907773318	0.015979338799999996	0.0	0.0	0.0	0.0	0.0
-14.98405494	0.08790059999999998	0.0036467107199999998	0.0010863479223	0.004442502700000001	0.0	0.0	0.0	0.0	0.0
-14.951054940000002	0.01959041	0.00081283634	0.00024211970550000003	0.0009899305799999998	0.0	0.0	0.0	0.0	0.0
-14.91705494	0.00350012	0.00014523144900000003	4.3261436720000005e-05	0.000176866018	0.0	0.0	0.0	0.0	0.0
-14.884054940000002	0.000501197	2.0798343199999998e-05	6.195405259e-06	2.5328203500000002e-05	0.0	0.0	0.0	0.0	0.0
-14.85005494	5.7537199999999995e-05	2.3870717e-06	7.110866037e-07	2.9074881e-06	0.0	0.0	0.0	0.0	0.0
-14.817054940000002	5.2919399999999995e-06	2.19546089e-07	6.540735552e-08	2.67448654e-07	0.0	0.0	0.0	0.0	0.0
-14.783054940000003	3.8997760000000003e-07	1.61793801e-08	4.8197940920000005e-09	1.9706196199999998e-08	0.0	0.0	0.0	0.0	0.0
-14.750054940000002	2.302196e-08	9.551342399999999e-10	2.8452524149999996e-10	1.1633006700000002e-09	0.0	0.0	0.0	0.0	0.0
-14.716054940000003	1.0886550000000001e-09	4.5163339000000004e-11	1.3454051420000001e-11	5.5012916999999996e-11	0.0	0.0	0.0	0.0	0.0
-14.683054940000002	4.122514000000001e-11	1.71034906e-12	5.094384325e-13	2.08331577e-12	0.0	0.0	0.0	0.0	0.0
-14.649054940000003	1.247518e-12	5.1761021e-14	1.541890309e-14	6.3049523e-14	0.0	0.0	0.0	0.0	0.0
-14.616054940000001	3.3272369999999996e-14	1.3803193999999998e-15	4.112043491e-16	1.6811939499999999e-15	0.0	0.0	0.0	0.0	0.0
-14.582054940000003	0.0	0.0	0.0	0.0	0.0	0.0	0.0	0.0	0.0
-14.549054940000001	0.0	0.0	0.0	0.0	0.0	0.0	0.0	0.0	0.0
-14.515054940000002	0.0	0.0	0.0	0.0	0.0	0.0	0.0	0.0	0.0
-14.48105494	0.0	0.0	0.0	0.0	0.0	0.0	0.0	0.0	0.0
-14.448054940000002	0.0	0.0	0.0	0.0	0.0	0.0	0.0	0.0	0.0
-14.41405494	0.0	0.0	0.0	0.0	0.0	0.0	0.0	0.0	0.0
-14.381054940000002	6.0160604467e-15	6.20182513e-16	9.5591e-17	4.6976588e-16	0.0	0.0	0.0	0.0	0.0
-14.34705494	2.8473102115e-13	2.9354492300000005e-14	4.5246299999999995e-15	2.2238973e-14	0.0	0.0	0.0	0.0	0.0
-14.314054940000002	1.02087007581e-11	1.052563562e-12	1.62233e-13	7.971997999999999e-13	0.0	0.0	0.0	0.0	0.0
-14.280054940000003	2.9441802185999995e-10	3.03597e-11	4.67914e-12	2.2991035e-11	0.0	0.0	0.0	0.0	0.0
-14.247054940000002	6.7997105049e-09	7.009990159999999e-10	1.08064e-10	5.3093003e-10	0.0	0.0	0.0	0.0	0.0
-14.213054940000003	1.2576400934000002e-07	1.2967250699999998e-08	1.9987100000000004e-09	9.820876e-09	0.0	0.0	0.0	0.0	0.0
-14.180054940000002	1.8634501384e-06	1.9210924800000002e-07	2.96131e-08	1.4551645e-07	0.0	0.0	0.0	0.0	0.0
-14.146054940000003	2.2120301642999998e-05	2.2805523999999995e-06	3.51523e-07	1.7275256e-06	0.0	0.0	0.0	0.0	0.0
-14.113054940000001	0.00021039901562999998	2.1690071600000005e-05	3.3437600000000007e-06	1.6425566e-05	0.0	0.0	0.0	0.0	0.0
-14.079054940000002	0.0016038801191	0.00016540338800000002	2.5489500000000004e-05	0.00012525315	0.0	0.0	0.0	0.0	0.0
-14.046054940000001	0.0097993007277	0.001010395986	0.000155725	0.0007652284100000002	0.0	0.0	0.0	0.0	0.0
-14.012054940000002	0.048002403564	0.00494846403	0.0007628310000000002	0.0037476941	0.0	0.0	0.0	0.0	0.0
-13.979054940000001	0.18847801400000003	0.019429745199999997	0.0029953000000000002	0.014719457999999998	0.0	0.0	0.0	0.0	0.0
-13.945054940000002	0.5934330440699999	0.061184551	0.0094296	0.04633522400000001	0.0	0.0	0.0	0.0	0.0
-13.91205494	1.4981301113	0.15441287399999998	0.0238095	0.11699662000000001	0.0	0.0	0.0	0.0	0.0
-13.878054940000002	3.0331502253	0.312737429	0.048204	0.23682087000000002	0.0	0.0	0.0	0.0	0.0
-13.84505494	4.9250703658	0.507860616	0.07827039999999999	0.38460234	0.0	0.0	0.0	0.0	0.0
-13.811054940000002	6.4147304764	0.661388751	0.1019453	0.50088314	0.0	0.0	0.0	0.0	0.0
-13.77805494	6.7010604976	0.690855037	0.1064916	0.5232362600000001	0.0	0.0	0.0	0.0	0.0
-13.744054940000002	5.6133304169	0.578754453	0.08921190000000001	0.43833093	0.0	0.0	0.0	0.0	0.0
-13.710054940000003	3.7725602800999996	0.388966612	0.0599422	0.29455733	0.0	0.0	0.0	0.0	0.0
-13.677054940000001	2.0328801509999996	0.20954517100000003	0.0323067	0.15878498	0.0	0.0	0.0	0.0	0.0
-13.643054940000003	0.87860806525	0.09058765570000002	0.013962400000000002	0.068609902	0.0	0.0	0.0	0.0	0.0
-13.610054940000001	0.30453302261	0.031396569000000006	0.004839059999999999	0.023782147000000003	0.0	0.0	0.0	0.0	0.0
-13.576054940000002	0.084622106285	0.008725641870000002	0.0013449100000000002	0.0066086113	0.0	0.0	0.0	0.0	0.0
-13.543054940000001	0.0188569014	0.0019442385600000002	0.00029967099999999994	0.0014720951000000001	0.0	0.0	0.0	0.0	0.0
-13.509054940000002	0.0033680502500999998	0.00034730275000000006	5.3526700000000004e-05	0.00026297775000000005	0.0	0.0	0.0	0.0	0.0
-13.476054940000001	0.00048230203581	4.97193313e-05	7.6645e-06	3.766309700000001e-05	0.0	0.0	0.0	0.0	0.0
-13.442054940000002	5.5343004109e-05	5.705354709999999e-06	8.79415e-07	4.321212399999999e-06	0.0	0.0	0.0	0.0	0.0
-13.40905494	5.0887003779000005e-06	5.24631602e-07	8.086420000000003e-08	3.9736961999999996e-07	0.0	0.0	0.0	0.0	0.0
-13.375054940000002	3.748330278400001e-07	3.86518501e-08	5.9575000000000006e-09	2.9276434999999997e-08	0.0	0.0	0.0	0.0	0.0
-13.34205494	2.2126001643e-08	2.2806884299999997e-09	3.5161899999999996e-10	1.7276507e-09	0.0	0.0	0.0	0.0	0.0
-13.308054940000002	1.0459600776699998e-09	1.078412787e-10	1.66219e-11	8.167739e-11	0.0	0.0	0.0	0.0	0.0
-13.27505494	3.9596702941e-11	4.0829963e-12	6.29259e-13	3.0922012e-12	0.0	0.0	0.0	0.0	0.0
-13.241054940000001	1.19917008905e-12	1.2362092199999998e-13	1.90558e-14	9.363352000000001e-14	0.0	0.0	0.0	0.0	0.0
-13.20805494	3.2083602383000005e-14	3.3083337600000004e-15	5.09875e-16	2.5048785000000005e-15	0.0	0.0	0.0	0.0	0.0
-13.174054940000001	0.0	0.0	0.0	0.0	0.0	0.0	0.0	0.0	0.0
-13.14105494	0.0	0.0	0.0	0.0	0.0	0.0	0.0	0.0	0.0
-13.107054940000001	0.0	0.0	0.0	0.0	0.0	0.0	0.0	0.0	0.0
-13.07405494	0.0	0.0	0.0	0.0	0.0	0.0	0.0	0.0	0.0
-13.040054940000001	0.0	0.0	0.0	0.0	0.0	0.0	0.0	0.0	0.0
-13.00705494	0.0	0.0	0.0	0.0	0.0	0.0	0.0	0.0	0.0
-12.97305494	0.0	0.0	0.0	0.0	0.0	0.0	0.0	0.0	0.0
-12.939054940000002	0.0	0.0	0.0	0.0	0.0	0.0	0.0	0.0	0.0
-12.90605494	0.0	0.0	0.0	0.0	0.0	0.0	0.0	0.0	0.0
-12.872054940000002	0.0	0.0	0.0	0.0	0.0	0.0	0.0	0.0	0.0
-12.83905494	0.0	0.0	0.0	0.0	0.0	0.0	0.0	0.0	0.0
-12.805054940000002	0.0	0.0	0.0	0.0	0.0	0.0	0.0	0.0	0.0
-12.77205494	0.0	0.0	0.0	0.0	0.0	0.0	0.0	0.0	0.0
-12.738054940000001	0.0	0.0	0.0	0.0	0.0	0.0	0.0	0.0	0.0
-12.70505494	0.0	0.0	0.0	0.0	0.0	0.0	0.0	0.0	0.0
-12.671054940000001	0.0	0.0	0.0	0.0	0.0	0.0	0.0	0.0	0.0
-12.63805494	0.0	0.0	0.0	0.0	0.0	0.0	0.0	0.0	0.0
-12.604054940000001	0.0	0.0	0.0	0.0	0.0	0.0	0.0	0.0	0.0
-12.57105494	0.0	0.0	0.0	0.0	0.0	0.0	0.0	0.0	0.0
-12.53705494	0.0	0.0	0.0	0.0	0.0	0.0	0.0	0.0	0.0
-12.50405494	0.0	0.0	0.0	0.0	0.0	0.0	0.0	0.0	0.0
-12.47005494	0.0	0.0	0.0	0.0	0.0	0.0	0.0	0.0	0.0
-12.437054940000003	0.0	0.0	0.0	0.0	0.0	0.0	0.0	0.0	0.0
-12.40305494	0.0	0.0	0.0	0.0	0.0	0.0	0.0	0.0	0.0
-12.370054940000003	0.0	0.0	0.0	0.0	0.0	0.0	0.0	0.0	0.0
-12.33605494	0.0	0.0	0.0	0.0	0.0	0.0	0.0	0.0	0.0
-12.303054940000003	0.0	0.0	0.0	0.0	0.0	0.0	0.0	0.0	0.0
-12.26905494	0.0	0.0	0.0	0.0	0.0	0.0	0.0	0.0	0.0
-12.235054940000001	0.0	0.0	0.0	0.0	0.0	0.0	0.0	0.0	0.0
-12.20205494	0.0	0.0	0.0	0.0	0.0	0.0	0.0	0.0	0.0
-12.168054940000001	0.0	0.0	0.0	0.0	0.0	0.0	0.0	0.0	0.0
-12.13505494	0.0	0.0	0.0	0.0	0.0	0.0	0.0	0.0	0.0
-12.101054940000001	0.0	0.0	0.0	0.0	0.0	0.0	0.0	0.0	0.0
-12.06805494	0.0	0.0	0.0	0.0	0.0	0.0	0.0	0.0	0.0
-12.03405494	0.0	0.0	0.0	0.0	0.0	0.0	0.0	0.0	0.0
-12.001054940000003	0.0	0.0	0.0	0.0	0.0	0.0	0.0	0.0	0.0
-11.96705494	0.0	0.0	0.0	0.0	0.0	0.0	0.0	0.0	0.0
-11.934054940000003	0.0	0.0	0.0	0.0	0.0	0.0	0.0	0.0	0.0
-11.90005494	0.0	0.0	0.0	0.0	0.0	0.0	0.0	0.0	0.0
-11.867054940000003	0.0	0.0	0.0	0.0	0.0	0.0	0.0	0.0	0.0
-11.83305494	0.0	0.0	0.0	0.0	0.0	0.0	0.0	0.0	0.0
-11.800054940000003	0.0	0.0	0.0	0.0	0.0	0.0	0.0	0.0	0.0
-11.76605494	0.0	0.0	0.0	0.0	0.0	0.0	0.0	0.0	0.0
-11.733054940000002	0.0	0.0	0.0	0.0	0.0	0.0	0.0	0.0	0.0
-11.69905494	0.0	0.0	0.0	0.0	0.0	0.0	0.0	0.0	0.0
-11.666054940000002	0.0	0.0	0.0	0.0	0.0	0.0	0.0	0.0	0.0
-11.63205494	0.0	0.0	0.0	0.0	0.0	0.0	0.0	0.0	0.0
-11.599054940000002	0.0	0.0	0.0	0.0	0.0	0.0	0.0	0.0	0.0
-11.56505494	0.0	0.0	0.0	0.0	0.0	0.0	0.0	0.0	0.0
-11.532054940000002	0.0	0.0	0.0	0.0	0.0	0.0	0.0	0.0	0.0
-11.498054940000003	0.0	0.0	0.0	0.0	0.0	0.0	0.0	0.0	0.0
-11.46405494	0.0	0.0	0.0	0.0	0.0	0.0	0.0	0.0	0.0
-11.431054940000003	0.0	0.0	0.0	0.0	0.0	0.0	0.0	0.0	0.0
-11.39705494	0.0	0.0	0.0	0.0	0.0	0.0	0.0	0.0	0.0
-11.364054940000003	0.0	0.0	0.0	0.0	0.0	0.0	0.0	0.0	0.0
-11.33005494	0.0	0.0	0.0	0.0	0.0	0.0	0.0	0.0	0.0
-11.297054940000002	0.0	0.0	0.0	0.0	0.0	0.0	0.0	0.0	0.0
-11.26305494	0.0	0.0	0.0	0.0	0.0	0.0	0.0	0.0	0.0
-11.230054940000002	0.0	0.0	0.0	0.0	0.0	0.0	0.0	0.0	0.0
-11.19605494	0.0	0.0	0.0	0.0	0.0	0.0	0.0	0.0	0.0
-11.163054940000002	0.0	0.0	0.0	0.0	0.0	0.0	0.0	0.0	0.0
-11.12905494	0.0	0.0	0.0	0.0	0.0	0.0	0.0	0.0	0.0
-11.096054940000002	0.0	0.0	0.0	0.0	0.0	0.0	0.0	0.0	0.0
-11.062054940000003	0.0	0.0	0.0	0.0	0.0	0.0	0.0	0.0	0.0
-11.029054940000002	0.0	0.0	0.0	0.0	0.0	0.0	0.0	0.0	0.0
-10.995054940000003	0.0	0.0	0.0	0.0	0.0	0.0	0.0	0.0	0.0
-10.962054940000002	0.0	0.0	0.0	0.0	0.0	0.0	0.0	0.0	0.0
-10.928054940000003	0.0	0.0	0.0	0.0	0.0	0.0	0.0	0.0	0.0
-10.895054940000001	0.0	0.0	0.0	0.0	0.0	0.0	0.0	0.0	0.0
-10.861054940000002	0.0	0.0	0.0	0.0	0.0	0.0	0.0	0.0	0.0
-10.828054940000001	0.0	0.0	0.0	0.0	0.0	0.0	0.0	0.0	0.0
-10.794054939999999	0.0	0.0	0.0	0.0	0.0	0.0	0.0	0.0	0.0
-10.761054940000001	0.0	0.0	0.0	0.0	0.0	0.0	0.0	0.0	0.0
-10.727054940000002	0.0	0.0	0.0	0.0	0.0	0.0	0.0	0.0	0.0
-10.69305494	0.0	0.0	0.0	0.0	0.0	0.0	0.0	0.0	0.0
-10.660054940000002	0.0	0.0	0.0	0.0	0.0	0.0	0.0	0.0	0.0
-10.62605494	0.0	0.0	0.0	0.0	0.0	0.0	0.0	0.0	0.0
-10.593054940000002	3.465960399999999e-14	7.022298237e-15	3.04043e-15	6.46621499e-15	0.0	0.0	0.0	0.0	0.0
-10.55905494	1.3780760599999997e-12	2.791777534e-13	1.20891e-13	2.570801556e-13	0.0	0.0	0.0	0.0	0.0
-10.526054940000002	4.45091188e-11	9.01797389e-12	3.90458e-12	8.30421898e-12	0.0	0.0	0.0	0.0	0.0
-10.49205494	1.15193343e-09	2.3334339699999996e-10	1.010325e-10	2.1486615920000006e-10	0.0	0.0	0.0	0.0	0.0
-10.459054940000001	2.38702794e-08	4.8367145489999996e-09	2.09383e-09	4.4530242500000005e-09	0.0	0.0	0.0	0.0	0.0
-10.425054939999999	3.9624667200000007e-07	8.028254675e-08	3.47585e-08	7.391691610000001e-08	0.0	0.0	0.0	0.0	0.0
-10.392054940000001	5.26899328e-06	1.067673033e-06	4.6222800000000003e-07	9.8291621e-07	0.0	0.0	0.0	0.0	0.0
-10.358054939999999	5.61459061e-05	1.137614459e-05	4.92506e-06	1.0474181259999999e-05	0.0	0.0	0.0	0.0	0.0
-10.325054940000001	0.00047933773499999997	9.71415595e-05	4.205360000000001e-05	8.9419872e-05	0.0	0.0	0.0	0.0	0.0
-10.291054940000002	0.0032808686399999998	0.0006647275687	0.000287773	0.0006119330790000001	0.0	0.0	0.0	0.0	0.0
-10.258054940000001	0.0179970005	0.0036464848009999996	0.00157857	0.00335659632	0.0	0.0	0.0	0.0	0.0
-10.224054940000002	0.07915744200000001	0.016036662909999996	0.006942319999999999	0.014766199999999998	0.0	0.0	0.0	0.0	0.0
-10.19105494	0.27926461999999996	0.05656466127999999	0.024479700000000004	0.052075808700000004	0.0	0.0	0.0	0.0	0.0
-10.157054940000002	0.7907799	0.1600573694	0.06923539999999999	0.1473640082	0.0	0.0	0.0	0.0	0.0
-10.12405494	1.8003990000000003	0.3638574511	0.157186	0.33500869	0.0	0.0	0.0	0.0	0.0
-10.090054940000002	3.3095629999999994	0.665921946	0.286764	0.613113239	0.0	0.0	0.0	0.0	0.0
-10.05705494	4.9618400000000005	0.9880216559999999	0.4218779999999999	0.90951843	0.0	0.0	0.0	0.0	0.0
-10.023054940000002	6.216189999999999	1.206566054	0.504664	1.11073688	0.0	0.0	0.0	0.0	0.0
-9.99005494	6.8337	1.2560167899999999	0.500744	1.15603147	0.0	0.0	0.0	0.0	0.0
-9.956054940000001	7.0931000000000015	1.1868890399999998	0.43004	1.09203165	0.0	0.0	0.0	0.0	0.0
-9.922054939999999	7.3286	1.09391058	0.342703	1.006155443	0.0	0.0	0.0	0.0	0.0
-9.889054940000001	7.3674	1.00263418	0.27011499999999994	0.921904654	0.0	0.0	0.0	0.0	0.0
-9.855054939999999	6.698199999999999	0.8648227900000002	0.2096	0.794950199	0.0	0.0	0.0	0.0	0.0
-9.822054940000001	5.17937	0.6524861600000001	0.14969699999999997	0.599770989	0.0	0.0	0.0	0.0	0.0
-9.788054940000002	3.29272	0.41071191	0.0919456	0.377468936	0.0	0.0	0.0	0.0	0.0
-9.75505494	1.6960000000000002	0.21068763000000001	0.04671671000000001	0.1936371059	0.0	0.0	0.0	0.0	0.0
-9.721054940000002	0.703432	0.08724254299999999	0.019265859999999996	0.08016486910000001	0.0	0.0	0.0	0.0	0.0
-9.68805494	0.23425500000000002	0.029038199000000004	0.006403230999999999	0.026688292599999996	0.0	0.0	0.0	0.0	0.0
-9.654054940000002	0.0625997	0.007757791	0.0017095755000000002	0.0071301437	0.0	0.0	0.0	0.0	0.0
-9.62105494	0.0134152	0.0016622527400000002	0.00036623968999999993	0.0015276142430000002	0.0	0.0	0.0	0.0	0.0
-9.587054940000002	0.00230476	0.00028558431000000003	6.2908868e-05	0.00026244783669999994	0.0	0.0	0.0	0.0	0.0
-9.55405494	0.000317384	3.9324705999999996e-05	8.662667800000002e-06	3.61398072e-05	0.0	0.0	0.0	0.0	0.0
-9.520054940000001	3.502849999999999e-05	4.3399919e-06	9.5605472e-07	3.988782549999999e-06	0.0	0.0	0.0	0.0	0.0
-9.48705494	3.09786e-06	3.8376758e-07	8.455117200000002e-08	3.5279607e-07	0.0	0.0	0.0	0.0	0.0
-9.453054940000001	2.1950999999999998e-07	2.7195914e-08	5.991439589999999e-09	2.4991207920000003e-08	0.0	0.0	0.0	0.0	0.0
-9.42005494	1.2460999999999998e-08	1.5437488599999999e-09	3.40064435e-10	1.418742528e-09	0.0	0.0	0.0	0.0	0.0
-9.386054940000001	5.66425e-10	7.0170471e-11	1.54604996e-11	6.45029929e-11	0.0	0.0	0.0	0.0	0.0
-9.35305494	2.06236e-11	2.5552677e-12	5.628642679999998e-13	2.348380417e-12	0.0	0.0	0.0	0.0	0.0
-9.319054940000001	6.00482e-13	7.441143699999998e-14	1.63893116e-14	6.837884669999999e-14	0.0	0.0	0.0	0.0	0.0
-9.28605494	1.5202400000000004e-14	1.88364877e-15	4.1492935799999995e-16	1.7311933340000001e-15	0.0	0.0	0.0	0.0	0.0
-9.25205494	0.0	0.0	0.0	0.0	0.0	0.0	0.0	0.0	0.0
-9.21905494	0.0	0.0	0.0	0.0	0.0	0.0	0.0	0.0	0.0
-9.18505494	0.0	0.0	0.0	0.0	0.0	0.0	0.0	0.0	0.0
-9.151054940000002	0.0	0.0	0.0	0.0	0.0	0.0	0.0	0.0	0.0
-9.11805494	0.0	0.0	0.0	0.0	0.0	0.0	0.0	0.0	0.0
-9.084054940000001	0.0	0.0	0.0	0.0	0.0	0.0	0.0	0.0	0.0
-9.05105494	0.0	0.0	0.0	0.0	0.0	0.0	0.0	0.0	0.0
-9.017054940000001	0.0	0.0	0.0	0.0	0.0	0.0	0.0	0.0	0.0
-8.98405494	0.0	0.0	0.0	0.0	0.0	0.0	0.0	0.0	0.0
-8.950054940000001	0.0	0.0	0.0	0.0	0.0	0.0	0.0	0.0	0.0
-8.91705494	0.0	0.0	0.0	0.0	0.0	0.0	0.0	0.0	0.0
-8.883054940000001	0.0	0.0	0.0	0.0	0.0	0.0	0.0	0.0	0.0
-8.85005494	0.0	0.0	0.0	0.0	0.0	0.0	0.0	0.0	0.0
-8.81605494	0.0	0.0	0.0	0.0	0.0	0.0	0.0	0.0	0.0
-8.78305494	0.0	0.0	0.0	0.0	0.0	0.0	0.0	0.0	0.0
-8.74905494	0.0	0.0	0.0	0.0	0.0	0.0	0.0	0.0	0.0
-8.71605494	0.0	0.0	0.0	0.0	0.0	0.0	0.0	0.0	0.0
-8.68205494	0.0	0.0	0.0	0.0	0.0	0.0	0.0	0.0	0.0
-8.64905494	0.0	0.0	0.0	0.0	0.0	0.0	0.0	0.0	0.0
-8.61505494	0.0	0.0	0.0	0.0	0.0	0.0	0.0	0.0	0.0
-8.582054939999999	0.0	0.0	0.0	0.0	0.0	0.0	0.0	0.0	0.0
-8.54805494	0.0	0.0	0.0	0.0	0.0	0.0	0.0	0.0	0.0
-8.515054939999999	0.0	0.0	0.0	0.0	0.0	0.0	0.0	0.0	0.0
-8.48105494	0.0	0.0	0.0	0.0	0.0	0.0	0.0	0.0	0.0
-8.448054939999999	0.0	0.0	0.0	0.0	0.0	0.0	0.0	0.0	0.0
-8.41405494	0.0	0.0	0.0	0.0	0.0	0.0	0.0	0.0	0.0
-8.38005494	0.0	0.0	0.0	0.0	0.0	0.0	0.0	0.0	0.0
-8.34705494	0.0	0.0	0.0	0.0	0.0	0.0	0.0	0.0	0.0
-8.31305494	0.0	0.0	0.0	0.0	0.0	0.0	0.0	0.0	0.0
-8.28005494	0.0	0.0	0.0	0.0	0.0	0.0	0.0	0.0	0.0
-8.24605494	0.0	0.0	0.0	0.0	0.0	0.0	0.0	0.0	0.0
-8.21305494	0.0	0.0	0.0	0.0	0.0	0.0	0.0	0.0	0.0
-8.17905494	0.0	0.0	0.0	0.0	0.0	0.0	0.0	0.0	0.0
-8.146054939999999	0.0	0.0	0.0	0.0	0.0	0.0	0.0	0.0	0.0
-8.11205494	0.0	0.0	0.0	0.0	0.0	0.0	0.0	0.0	0.0
-8.079054939999999	0.0	0.0	0.0	0.0	0.0	0.0	0.0	0.0	0.0
-8.04505494	5.4779200894e-15	1.7113697100000003e-15	7.83351937e-15	1.5310418400000002e-15	0.0	0.0	0.0	0.0	0.0
-8.012054939999999	2.4036190831e-13	7.508991300000001e-14	3.4371870300000004e-13	6.718034569e-14	0.0	0.0	0.0	0.0	0.0
-7.978054940000001	8.185373883e-12	2.55737017e-12	1.1705706649999999e-11	2.2875070068000003e-12	0.0	0.0	0.0	0.0	0.0
-7.945054940000001	2.2338642772300003e-10	6.978602100000001e-11	3.1947575899999995e-10	6.243286801999999e-11	0.0	0.0	0.0	0.0	0.0
-7.9110549400000005	4.8827248687999994e-09	1.52549805e-09	6.9823515599999995e-09	1.3647085813e-09	0.0	0.0	0.0	0.0	0.0
-7.878054940000001	8.548704195599998e-08	2.6702954399999996e-08	1.222464095e-07	2.3891151427e-08	0.0	0.0	0.0	0.0	0.0
-7.84405494	1.19879604145e-06	3.7455169e-07	1.7145678669999999e-06	3.351035682e-07	0.0	0.0	0.0	0.0	0.0
-7.811054940000001	1.34727264658e-05	4.209144299999999e-06	1.9266212280000003e-05	3.7646596280000002e-06	0.0	0.0	0.0	0.0	0.0
-7.77705494	0.00012129967419399999	3.7901582e-05	0.00017348541109999999	3.3898997960000004e-05	0.0	0.0	0.0	0.0	0.0
-7.744054940000001	0.0008753243902700002	0.000273475429	0.001252024851	0.00024465196629	0.0	0.0	0.0	0.0	0.0
-7.71005494	0.0050633297751	0.00158181017	0.0072417832900000005	0.0014151295991	0.0	0.0	0.0	0.0	0.0
-7.6770549400000005	0.023477392812500004	0.0073347703	0.033576640600000006	0.0065623522140000005	0.0	0.0	0.0	0.0	0.0
-7.64305494	0.087286090038	0.027268673599999998	0.12482552559999999	0.024395081604	0.0	0.0	0.0	0.0	0.0
-7.609054940000001	0.260182039439	0.08128052200000001	0.37209028599999994	0.07271368665000001	0.0	0.0	0.0	0.0	0.0
-7.57605494	0.6218863493299999	0.19429037799999996	0.8893981120000001	0.17381783130999998	0.0	0.0	0.0	0.0	0.0
-7.542054940000001	1.1921428519000001	0.37241283000000003	1.704984254	0.3331808175	0.0	0.0	0.0	0.0	0.0
-7.509054940000001	1.832743917	0.5727196000000001	2.6213949700000003	0.5122507707	0.0	0.0	0.0	0.0	0.0
-7.475054940000001	2.26040996	0.7062797500000001	3.23237592	0.6318833031	0.0	0.0	0.0	0.0	0.0
-7.442054940000001	2.2362624500000003	0.69926778	3.19702391	0.6256879524	0.0	0.0	0.0	0.0	0.0
-7.40805494	1.7772700000000003	0.55886711	2.5362937300000006	0.5010618169	0.0	0.0	0.0	0.0	0.0
-7.375054940000001	1.1479603999999999	0.3751878	1.6145594	0.34089903769999996	0.0	0.0	0.0	0.0	0.0
-7.34105494	0.6494464	0.26504711999999997	0.8271758	0.25664084859999997	0.0	0.0	0.0	0.0	0.0
-7.308054940000001	0.4572592	0.32955864999999995	0.34859599999999996	0.35361779990000003	0.0	0.0	0.0	0.0	0.0
-7.27405494	0.6115782999999999	0.6410099300000001	0.138739	0.7149649620000001	0.0	0.0	0.0	0.0	0.0
-7.241054940000001	1.0527543000000001	1.19836994	0.08355800000000001	1.3457140569999997	0.0	0.0	0.0	0.0	0.0
-7.20705494	1.604479	1.84883992	0.0905663	2.078061806	0.0	0.0	0.0	0.0	0.0
-7.17405494	1.9898660000000001	2.2968968800000003	0.10599380000000003	2.5816897130000003	0.0	0.0	0.0	0.0	0.0
-7.14005494	1.98338	2.2897377	0.10478824999999999	2.573903496	0.0	0.0	0.0	0.0	0.0
-7.10705494	1.5859910000000002	1.8310821800000001	0.083688924	2.0585665449999997	0.0	0.0	0.0	0.0	0.0
-7.07305494	1.0172348999999998	1.17442127	0.053672412999999995	1.320293261	0.0	0.0	0.0	0.0	0.0
-7.04005494	0.5231681	0.60402238	0.027608594499999996	0.679167333	0.0	0.0	0.0	0.0	0.0
-7.006054940000001	0.2158459	0.249208374	0.0113885175	0.2801221699	0.0	0.0	0.0	0.0	0.0
-6.97305494	0.0714	0.082436091	0.00376750868	0.0926866231	0.0	0.0	0.0	0.0	0.0
-6.939054940000001	0.018939690000000002	0.021865708299999998	0.0009992512500000001	0.02458200739	0.0	0.0	0.0	0.0	0.0
-6.90605494	0.004027871000000001	0.00465046018	0.00021250418	0.005227981269999999	0.0	0.0	0.0	0.0	0.0
-6.872054940000001	0.0006866193999999999	0.0007927558500000001	3.62269716e-05	0.0008911844320000002	0.0	0.0	0.0	0.0	0.0
-6.83805494	9.380782e-05	0.00010831868600000001	4.95015078e-06	0.00012177636639999999	0.0	0.0	0.0	0.0	0.0
-6.805054940000001	1.0273159e-05	1.1861289700000002e-05	5.421065609999999e-07	1.3335070500000001e-05	0.0	0.0	0.0	0.0	0.0
-6.77105494	9.01506e-07	1.0407578499999998e-06	4.756578790000001e-08	1.170156529e-06	0.0	0.0	0.0	0.0	0.0
-6.7380549400000005	6.338104e-08	7.3173728e-08	3.3441442999999997e-09	8.2263406e-08	0.0	0.0	0.0	0.0	0.0
-6.70405494	3.5695340000000002e-09	4.12080198e-09	1.88342932e-10	4.63277155e-09	0.0	0.0	0.0	0.0	0.0
-6.67105494	1.6102869999999998e-10	1.85914146e-10	8.495757149999998e-12	2.089881144e-10	0.0	0.0	0.0	0.0	0.0
-6.63705494	5.817194000000001e-12	6.7154835e-12	3.0688614799999993e-13	7.549270300000001e-12	0.0	0.0	0.0	0.0	0.0
-6.60405494	1.669448e-13	1.9275380200000002e-13	8.80897036e-15	2.1668375949999996e-13	0.0	0.0	0.0	0.0	0.0
-6.570054940000001	4.839570000000001e-15	5.58810814e-15	2.5534361899999994e-16	6.281220399999999e-15	0.0	0.0	0.0	0.0	0.0
-6.53705494	0.0	0.0	0.0	0.0	0.0	0.0	0.0	0.0	0.0
-6.503054940000001	0.0	0.0	0.0	0.0	0.0	0.0	0.0	0.0	0.0
-6.47005494	0.0	0.0	0.0	0.0	0.0	0.0	0.0	0.0	0.0
-6.436054940000001	0.0	0.0	0.0	0.0	0.0	0.0	0.0	0.0	0.0
-6.40305494	0.0	0.0	0.0	0.0	0.0	0.0	0.0	0.0	0.0
-6.369054940000001	0.0	0.0	0.0	0.0	0.0	0.0	0.0	0.0	0.0
-6.336054940000001	0.0	0.0	0.0	0.0	0.0	0.0	0.0	0.0	0.0
-6.3020549400000005	0.0	0.0	0.0	0.0	0.0	0.0	0.0	0.0	0.0
-6.269054940000001	0.0	0.0	0.0	0.0	0.0	0.0	0.0	0.0	0.0
-6.23505494	0.0	0.0	0.0	0.0	0.0	0.0	0.0	0.0	0.0
-6.202054940000001	0.0	0.0	0.0	0.0	0.0	0.0	0.0	0.0	0.0
-6.16805494	0.0	0.0	0.0	0.0	0.0	0.0	0.0	0.0	0.0
-6.134054940000001	0.0	0.0	0.0	0.0	0.0	0.0	0.0	0.0	0.0
-6.10105494	0.0	0.0	0.0	0.0	0.0	0.0	0.0	0.0	0.0
-6.067054940000001	6.7447097e-15	4.199252100000001e-15	6.304888000000001e-15	3.7775387000000005e-15	0.0	0.0	0.0	0.0	0.0
-6.03405494	2.8002908000000003e-13	1.7341617e-13	2.6216990000000003e-13	1.5550529e-13	0.0	0.0	0.0	0.0	0.0
-6.000054940000001	9.8505474e-12	6.0613800000000006e-12	9.236245e-12	5.413745000000001e-12	0.0	0.0	0.0	0.0	0.0
-5.96705494	2.7780813e-10	1.6980214999999999e-10	2.609608e-10	1.5107288e-10	0.0	0.0	0.0	0.0	0.0
-5.933054940000001	6.281626599999999e-09	3.8134446e-09	5.9110430000000004e-09	3.3784022e-09	0.0	0.0	0.0	0.0	0.0
-5.900054940000001	1.1386323999999998e-07	6.86227e-08	1.073563e-07	6.053372000000001e-08	0.0	0.0	0.0	0.0	0.0
-5.866054940000001	1.6554642000000002e-06	9.903668e-07	1.563867e-06	8.696504e-07	0.0	0.0	0.0	0.0	0.0
-5.833054940000001	1.9305826000000002e-05	1.1461043e-05	1.827049e-05	1.0017460999999999e-05	0.0	0.0	0.0	0.0	0.0
-5.79905494	0.00018060011	0.00010637839	0.00017125759999999998	9.252119e-05	0.0	0.0	0.0	0.0	0.0
-5.766054940000001	0.0013556867	0.0007921229999999999	0.001288143	0.0006854128	0.0	0.0	0.0	0.0	0.0
-5.73205494	0.0081648281	0.004731546199999999	0.007774789999999999	0.0040726478	0.0	0.0	0.0	0.0	0.0
-5.699054940000001	0.039479626000000004	0.022688770000000004	0.03766346	0.01941666	0.0	0.0	0.0	0.0	0.0
-5.66505494	0.15321071000000003	0.08728026	0.14648689999999998	0.07427968	0.0	0.0	0.0	0.0	0.0
-5.632054940000001	0.47731624	0.2696166400000001	0.45729539999999996	0.22808331999999998	0.0	0.0	0.0	0.0	0.0
-5.59805494	1.1941239	0.6684537199999999	1.1464899999999998	0.56208625	0.0	0.0	0.0	0.0	0.0
-5.5650549400000004	2.3985502	1.3305632	2.307478	1.1120370000000002	0.0	0.0	0.0	0.0	0.0
-5.53105494	3.8688459000000006	2.1269704999999997	3.7305089999999996	1.7660955	0.0	0.0	0.0	0.0	0.0
-5.49805494	5.0113587000000015	2.7302384	4.841551999999999	2.2520058	0.0	0.0	0.0	0.0	0.0
-5.46405494	5.2130531	2.8140217	5.046163	2.3057973000000005	0.0	0.0	0.0	0.0	0.0
-5.43105494	4.3547946	2.3287445000000004	4.224221	1.8956073000000002	0.0	0.0	0.0	0.0	0.0
-5.397054940000001	2.9214032999999997	1.5480652	2.839694	1.2512807	0.0	0.0	0.0	0.0	0.0
-5.3630549400000005	1.5736397	0.8263630999999999	1.532686	0.66320667	0.0	0.0	0.0	0.0	0.0
-5.330054940000001	0.6807017800000001	0.35420934	0.6643444	0.2822278	0.0	0.0	0.0	0.0	0.0
-5.29605494	0.23638276000000003	0.12188036000000001	0.2311456	0.09643149	0.0	0.0	0.0	0.0	0.0
-5.263054940000001	0.065905216	0.033679494000000004	0.06456715	0.026443999000000003	0.0	0.0	0.0	0.0	0.0
-5.22905494	0.014746523000000003	0.0074688541	0.014476260000000001	0.005823669999999999	0.0	0.0	0.0	0.0	0.0
-5.196054940000001	0.0026490228	0.00132982	0.002604666	0.0010294648999999998	0.0	0.0	0.0	0.0	0.0
-5.16205494	0.00038218839999999997	0.00019012859999999998	0.0003764603	0.00014612138	0.0	0.0	0.0	0.0	0.0
-5.1290549400000005	4.9336725e-05	2.3519777999999998e-05	4.920561e-05	1.7865396e-05	0.0	0.0	0.0	0.0	0.0
-5.09505494	5.6343258800000004e-05	1.9442909e-05	6.0935529000000006e-05	1.4063406000000001e-05	0.0	0.0	0.0	0.0	0.0
-5.06205494	0.00042179760473000003	0.000140873203	0.0004591427003	0.00010132481999999998	0.0	0.0	0.0	0.0	0.0
-5.02805494	0.002725369204978	0.0009100115299999999	0.0029674704842	0.0006545388	0.0	0.0	0.0	0.0	0.0
-4.99505494	0.014126871795260001	0.004716974400000001	0.015381362717999999	0.003392636	0.0	0.0	0.0	0.0	0.0
-4.961054940000001	0.05870648016300001	0.0196003893	0.063916782835	0.014097203	0.0	0.0	0.0	0.0	0.0
-4.92805494	0.19560436650989999	0.06529999999999998	0.21295337606999998	0.04696759	0.0	0.0	0.0	0.0	0.0
-4.894054940000001	0.5226473835608	0.17452553	0.56894327034	0.12550013000000002	0.0	0.0	0.0	0.0	0.0
-4.86105494	1.1196142492020003	0.37384635	1.2190810076999998	0.26891475000000004	0.0	0.0	0.0	0.0	0.0
-4.827054940000001	1.9239514570649998	0.642418	2.0945707312999997	0.4620433	0.0	0.0	0.0	0.0	0.0
-4.79405494	2.651486164845	0.8853042200000001	2.8867333862000004	0.6366857	0.0	0.0	0.0	0.0	0.0
-4.760054940000001	2.9307339811450004	0.97850437	3.190742638	0.7037817	0.0	0.0	0.0	0.0	0.0
-4.727054940000001	2.598200823788	0.8675551100000001	2.8286833383000003	0.6238899000000001	0.0	0.0	0.0	0.0	0.0
-4.693054940000001	1.847452962983	0.6168140700000001	2.0113596625	0.44366819999999996	0.0	0.0	0.0	0.0	0.0
-4.660054940000001	1.0537108221309999	0.35173842000000005	1.1471039482	0.25301879	0.0	0.0	0.0	0.0	0.0
-4.62605494	0.4818661205170999	0.16087877299999997	0.5247034337200001	0.11571831999999999	0.0	0.0	0.0	0.0	0.0
-4.59205494	0.17673224438969998	0.059011951	0.19242285910999998	0.04244176999999999	0.0	0.0	0.0	0.0	0.0
-4.55905494	0.05197513655578	0.017354373399999998	0.056596196778	0.012480937999999999	0.0	0.0	0.0	0.0	0.0
-4.525054940000001	0.01225580936315	0.004092554600000001	0.013344721031	0.0029434981999999998	0.0	0.0	0.0	0.0	0.0
-4.49205494	0.0023170360034859994	0.0007735298400000001	0.0025226180852	0.000556368	0.0	0.0	0.0	0.0	0.0
-4.458054940000001	0.00035110287347679995	0.000117236199	0.00038226531601999995	8.431955e-05	0.0	0.0	0.0	0.0	0.0
-4.42505494	4.264195611576e-05	1.4237723600000002e-05	4.6415628373000004e-05	1.0239919000000002e-05	0.0	0.0	0.0	0.0	0.0
-4.391054940000001	4.150058871453999e-06	1.3856588699999998e-06	4.518905735200001e-06	9.96628e-07	0.0	0.0	0.0	0.0	0.0
-4.35805494	3.236422958473e-07	1.08054828e-07	3.5235129132e-07	7.771707999999999e-08	0.0	0.0	0.0	0.0	0.0
-4.324054940000001	2.02184509117e-08	6.750196300000001e-09	2.2013028197e-08	4.855539e-09	0.0	0.0	0.0	0.0	0.0
-4.291054940000001	1.0119295520859999e-09	3.37790223e-10	1.1016299105999999e-09	2.4296244999999996e-10	0.0	0.0	0.0	0.0	0.0
-4.257054940000001	4.055292255352e-11	1.3537855699999997e-11	4.414980649300001e-11	9.738176e-12	0.0	0.0	0.0	0.0	0.0
-4.224054940000001	1.3009674243959998e-12	4.3435707e-13	1.4164511707999999e-12	3.1239568000000003e-13	0.0	0.0	0.0	0.0	0.0
-4.1900549400000004	3.572569600000001e-14	1.3467936999999999e-14	3.7858138999999997e-14	9.889004999999999e-15	0.0	0.0	0.0	0.0	0.0
-4.157054940000001	4.4921012999999994e-14	8.5057688e-14	1.6408176e-15	7.0446038e-14	0.0	0.0	0.0	0.0	0.0
-4.12305494	1.6648696000000003e-12	3.1520600999999995e-12	6.0795011e-14	2.6102811e-12	0.0	0.0	0.0	0.0	0.0
-4.090054940000001	4.9291475e-11	9.3309035e-11	1.8001939e-12	7.7272971e-11	0.0	0.0	0.0	0.0	0.0
-4.05605494	1.1686310999999999e-09	2.2122983399999995e-09	4.2677658999999994e-11	1.8321298e-09	0.0	0.0	0.0	0.0	0.0
-4.023054940000001	2.2188229999999997e-08	4.2014474399999994e-08	8.1037178e-10	3.4792207e-08	0.0	0.0	0.0	0.0	0.0
-3.98905494	3.3749517999999993e-07	6.3888998e-07	1.2326159000000002e-08	5.292101799999999e-07	0.0	0.0	0.0	0.0	0.0
-3.9560549400000005	4.1125147e-06	7.7858872e-06	1.5020534999999999e-07	6.4473411000000005e-06	0.0	0.0	0.0	0.0	0.0
-3.9220549399999998	4.0160815e-05	7.6019568e-05	1.4667499e-06	6.296252799999999e-05	0.0	0.0	0.0	0.0	0.0
-3.8890549400000003	0.00031426179	0.00059481125	1.1476374999999999e-05	0.0004926634	0.0	0.0	0.0	0.0	0.0
-3.8550549399999996	0.0019710252	0.00373203316	7.1985588e-05	0.0030906049999999997	0.0	0.0	0.0	0.0	0.0
-3.8210549400000007	0.009911846	0.018760674800000002	0.00036194343000000006	0.015537496000000001	0.0	0.0	0.0	0.0	0.0
-3.788054940000001	0.039960443	0.07563061099999999	0.0014593739	0.06265242800000001	0.0	0.0	0.0	0.0	0.0
-3.7540549400000005	0.12930160999999998	0.244589731	0.0047206523	0.20265984	0.0	0.0	0.0	0.0	0.0
-3.721054940000001	0.33611469999999993	0.6348984400000001	0.01226322	0.52656382	0.0	0.0	0.0	0.0	0.0
-3.6870549400000003	0.7039088999999998	1.32522416	0.025639952000000004	1.1008885000000002	0.0	0.0	0.0	0.0	0.0
-3.654054940000001	1.1963382	2.2333994	0.04339768	1.8643043000000001	0.0	0.0	0.0	0.0	0.0
-3.62005494	1.6789307000000004	3.0706784300000005	0.06030509	2.5933391	0.0	0.0	0.0	0.0	0.0
-3.5870549400000007	2.0194328	3.5272862600000003	0.07097172	3.0593136	0.0	0.0	0.0	0.0	0.0
-3.55305494	2.2220089	3.54963131	0.07500140000000001	3.2472096	0.0	0.0	0.0	0.0	0.0
-3.5200549400000005	2.3929855	3.3669872200000004	0.07649449999999999	3.3318478	0.0	0.0	0.0	0.0	0.0
-3.48605494	2.5473806	3.1688253000000004	0.07754830000000001	3.3969808000000006	0.0	0.0	0.0	0.0	0.0
-3.4530549400000004	2.52607753	2.89661184	0.07456750000000001	3.2803926000000003	0.0	0.0	0.0	0.0	0.0
-3.4190549399999997	2.1760111999999996	2.39398746	0.0632976	2.7885090000000003	0.0	0.0	0.0	0.0	0.0
-3.38605494	1.5581256239999999	1.68374763	0.045037	1.9859566	0.0	0.0	0.0	0.0	0.0
-3.3520549400000013	0.90818606	0.9741771920000001	0.026188160000000002	1.1550415	0.0	0.0	0.0	0.0	0.0
-3.31905494	0.42712599579999994	0.45674817500000003	0.012366130000000003	0.54257554	0.0	0.0	0.0	0.0	0.0
-3.285054940000001	0.16207293458000002	0.17244859199999998	0.00518292	0.20502526000000001	0.0	0.0	0.0	0.0	0.0
-3.25205494	0.053287339139999994	0.052439965000000005	0.004835305000000001	0.062308499999999996	0.0	0.0	0.0	0.0	0.0
-3.218054940000001	0.034062482500000005	0.01355092	0.017858386	0.015800033	0.0	0.0	0.0	0.0	0.0
-3.1850549399999997	0.09311764659999999	0.005890061	0.07186397970000001	0.0057046332	0.0	0.0	0.0	0.0	0.0
-3.1510549400000007	0.2987918540000001	0.011594579999999998	0.23599095809999995	0.009509824900000002	0.0	0.0	0.0	0.0	0.0
-3.1180549400000013	0.7864549669999998	0.029580460000000003	0.6218858187999999	0.023908226000000005	0.0	0.0	0.0	0.0	0.0
-3.0840549400000006	1.66210267	0.06241661999999999	1.3142875586	0.050403603	0.0	0.0	0.0	0.0	0.0
-3.05005494	2.8173521699999995	0.1057817	2.227705715	0.08542939799999999	0.0	0.0	0.0	0.0	0.0
-3.0170549400000004	3.8289654900000007	0.1438168	3.0279475160000002	0.116130109	0.0	0.0	0.0	0.0	0.0
-2.9830549399999997	4.175691339999999	0.15680480000000002	3.3020426530000004	0.12660941699999997	0.0	0.0	0.0	0.0	0.0
-2.9500549400000002	3.65186803	0.1371325	2.8881814450000003	0.110726301	0.0	0.0	0.0	0.0	0.0
-2.9160549400000013	2.56123206	0.0961795	2.0255010140000005	0.07766114400000002	0.0	0.0	0.0	0.0	0.0
-2.88305494	1.4408638500000002	0.05410862	1.1393701703	0.043687368600000005	0.0	0.0	0.0	0.0	0.0
-2.849054940000001	0.650032846	0.02441429	0.5140091573	0.019709861899999997	0.0	0.0	0.0	0.0	0.0
-2.81605494	0.23519224900000002	0.008831539999999999	0.18598470309	0.0071310821	0.0	0.0	0.0	0.0	0.0
-2.78205494	0.0682322934	0.0025642250000000003	0.053955537059999996	0.0020714203500000004	0.0	0.0	0.0	0.0	0.0
-2.7490549400000006	0.015875223	0.0006146573000000001	0.012550296951	0.0005069996700000001	0.0	0.0	0.0	0.0	0.0
-2.715054940000001	0.003005737	0.0002785386	0.0023439118679999997	0.00032100559999999995	0.0	0.0	0.0	0.0	0.0
-2.6820549400000004	0.0007753699999999999	0.0012180587000000002	0.00037739321	0.0016730752000000003	0.0	0.0	0.0	0.0	0.0
-2.6480549400000006	0.001968399	0.006913327999999999	0.0002010875	0.0095518253	0.0	0.0	0.0	0.0	0.0
-2.6150549400000003	0.00883678	0.03186643100000001	0.0007381019999999999	0.04403996029999999	0.0	0.0	0.0	0.0	0.0
-2.5810549400000005	0.03266011	0.11784071999999998	0.0027142819999999997	0.16285744	0.0	0.0	0.0	0.0	0.0
-2.54805494	0.09681699999999999	0.34930606	0.00804557	0.4826835549999999	0.0	0.0	0.0	0.0	0.0
-2.5140549400000003	0.2301534	0.8304537000000001	0.01912854	1.14753234	0.0	0.0	0.0	0.0	0.0
-2.481054940000001	0.4388540000000001	1.5833431999999998	0.03646131999999999	2.18754993	0.0	0.0	0.0	0.0	0.0
-2.44705494	0.670988	2.4206548999999993	0.05576092999999999	3.3450226199999995	0.0	0.0	0.0	0.0	0.0
-2.4140549400000006	0.822808	2.9691056000000002	0.06838959999999998	4.10207805	0.0	0.0	0.0	0.0	0.0
-2.380054940000001	0.8093779999999998	2.9207689000000006	0.0672691	4.03557315	0.0	0.0	0.0	0.0	0.0
-2.3470549400000005	0.638506	2.3041066	0.05306743	3.1834507000000003	0.0	0.0	0.0	0.0	0.0
-2.3130549400000007	0.40399399999999996	1.4577966999999998	0.033578899999999995	2.014679	0.0	0.0	0.0	0.0	0.0
-2.279054940000001	0.2050315	0.7396842000000001	0.017039890000000005	1.0221993699999998	0.0	0.0	0.0	0.0	0.0
-2.2460549400000005	0.0834476	0.30107392	0.00693408	0.4160126370000001	0.0	0.0	0.0	0.0	0.0
-2.2120549400000007	0.02723154	0.09826515	0.0022630730000000004	0.13576673800000003	0.0	0.0	0.0	0.0	0.0
-2.1790549400000003	0.00712544	0.025711770000000005	0.0005922010999999999	0.035529718300000006	0.0	0.0	0.0	0.0	0.0
-2.1450549400000005	0.0014948519999999999	0.0053943353	0.00012423880000000001	0.007453336	0.0	0.0	0.0	0.0	0.0
-2.11205494	0.0002513754	0.0009071431	2.0894000000000004e-05	0.00125348961	0.0	0.0	0.0	0.0	0.0
-2.0780549400000004	3.388814e-05	0.00012228196	2.8164419999999997e-06	0.00016899352000000002	0.0	0.0	0.0	0.0	0.0
-2.045054940000001	3.6615540000000002e-06	1.3209694e-05	3.042782e-07	1.8256491700000004e-05	0.0	0.0	0.0	0.0	0.0
-2.01105494	3.168872e-07	1.1434203e-06	2.6341199999999998e-08	1.5800359199999998e-06	0.0	0.0	0.0	0.0	0.0
-1.9780549400000007	2.19819e-08	7.930881e-08	1.826707e-09	1.09584178e-07	0.0	0.0	0.0	0.0	0.0
-1.94405494	1.2210590000000002e-09	4.4062588e-09	1.014904e-10	6.0878228e-09	0.0	0.0	0.0	0.0	0.0
-1.9110549400000005	5.43431e-11	1.9609591000000003e-10	4.516373999999999e-12	2.7089270300000005e-10	0.0	0.0	0.0	0.0	0.0
-1.8770549400000007	1.936288e-12	6.986178e-12	1.609086e-13	9.6527721e-12	0.0	0.0	0.0	0.0	0.0
-1.8440549400000004	5.5705199999999996e-14	2.0095508e-13	4.630630000000001e-15	2.77684735e-13	0.0	0.0	0.0	0.0	0.0
-1.8100549400000006	9.946970000000003e-16	3.589192000000001e-15	8.267129999999998e-17	4.959333109999999e-15	0.0	0.0	0.0	0.0	0.0
-1.7770549400000002	0.0	0.0	0.0	0.0	0.0	0.0	0.0	0.0	0.0
-1.7430549400000004	0.0	0.0	0.0	0.0	0.0	0.0	0.0	0.0	0.0
-1.71005494	0.0	0.0	0.0	0.0	0.0	0.0	0.0	0.0	0.0
-1.6760549400000002	0.0	0.0	0.0	0.0	0.0	0.0	0.0	0.0	0.0
-1.6430549400000007	0.0	0.0	0.0	0.0	0.0	0.0	0.0	0.0	0.0
-1.60905494	0.0	0.0	0.0	0.0	0.0	0.0	0.0	0.0	0.0
-1.5760549400000006	0.0	0.0	0.0	0.0	0.0	0.0	0.0	0.0	0.0
-1.5420549400000008	0.0	0.0	0.0	0.0	0.0	0.0	0.0	0.0	0.0
-1.50805494	0.0	0.0	0.0	0.0	0.0	0.0	0.0	0.0	0.0
-1.4750549400000006	0.0	0.0	0.0	0.0	0.0	0.0	0.0	0.0	0.0
-1.4410549400000008	0.0	0.0	0.0	0.0	0.0	0.0	0.0	0.0	0.0
-1.4080549400000004	0.0	0.0	0.0	0.0	0.0	0.0	0.0	0.0	0.0
-1.3740549400000006	0.0	0.0	0.0	0.0	0.0	0.0	0.0	0.0	0.0
-1.3410549400000003	0.0	0.0	0.0	0.0	0.0	0.0	0.0	0.0	0.0
-1.3070549400000004	0.0	0.0	0.0	0.0	0.0	0.0	0.0	0.0	0.0
-1.27405494	0.0	0.0	0.0	0.0	0.0	0.0	0.0	0.0	0.0
-1.2400549400000003	0.0	0.0	0.0	0.0	0.0	0.0	0.0	0.0	0.0
-1.2070549400000008	0.0	0.0	0.0	0.0	0.0	0.0	0.0	0.0	0.0
-1.17305494	0.0	0.0	0.0	0.0	0.0	0.0	0.0	0.0	0.0
-1.1400549400000006	0.0	0.0	0.0	0.0	0.0	0.0	0.0	0.0	0.0
-1.1060549400000008	0.0	0.0	0.0	0.0	0.0	0.0	0.0	0.0	0.0
-1.0730549400000005	0.0	0.0	0.0	0.0	0.0	0.0	0.0	0.0	0.0
-1.0390549400000006	7.339169575e-15	4.2273541000000003e-16	2.7540542900000002e-14	4.0426527364e-16	0.0	0.0	0.0	0.0	0.0
-1.0060549400000003	3.0478903310000005e-13	1.7559250000000002e-14	1.1434763500000002e-12	1.6789473059e-14	0.0	0.0	0.0	0.0	0.0
-0.9720549400000005	1.0019191423999999e-11	5.7728487e-13	3.7605832499999995e-11	5.519168005999999e-13	0.0	0.0	0.0	0.0	0.0
-0.9390549400000001	2.6402400509999997e-10	1.5211316999999996e-11	9.90931501e-10	1.454256265e-11	0.0	0.0	0.0	0.0	0.0
-0.9050549400000003	5.571206331000001e-09	3.2094424000000005e-10	2.0911105630000003e-08	3.0692005591e-10	0.0	0.0	0.0	0.0	0.0
-0.8720549400000008	9.417990414e-08	5.4253976e-09	3.53474684e-07	5.187980945099999e-09	0.0	0.0	0.0	0.0	0.0
-0.8380549400000001	1.2752679447999998e-06	7.3475805e-08	4.78616341e-06	7.02502228e-08	0.0	0.0	0.0	0.0	0.0
-0.8050549400000007	1.3835701380999998e-05	7.971325000000001e-07	5.19329229e-05	7.621900387999999e-07	0.0	0.0	0.0	0.0	0.0
-0.7710549400000009	0.00012029196142	6.930021799999999e-06	0.00045147783399999996	6.6262732069999995e-06	0.0	0.0	0.0	0.0	0.0
-0.7370549400000002	0.0008380239613000001	4.8285861e-05	0.00314556093	4.616739841099999e-05	0.0	0.0	0.0	0.0	0.0
-0.7040549400000007	0.004681373705	0.00026968548999999997	0.01756353947	0.00025786514698000003	0.0	0.0	0.0	0.0	0.0
-0.6700549400000009	0.020958153559999998	0.0012074702	0.0786611289	0.0011544770102999997	0.0	0.0	0.0	0.0	0.0
-0.6370549400000005	0.07524147435000002	0.004334786800000001	0.28240887700000006	0.004144555755	0.0	0.0	0.0	0.0	0.0
-0.6030549400000007	0.21655803649999997	0.012476968	0.812753625	0.011928638173	0.0	0.0	0.0	0.0	0.0
-0.5700549400000003	0.49992100340000006	0.028794551	1.876390396	0.027529305016	0.0	0.0	0.0	0.0	0.0
-0.5360549400000005	0.9253543907999999	0.053316602	3.47267354	0.050974139285999996	0.0	0.0	0.0	0.0	0.0
-0.5030549400000002	1.3738155672	0.07915126900000001	5.15649693	0.07568167379000001	0.0	0.0	0.0	0.0	0.0
-0.46905494000000036	1.6358471873	0.0942547	6.1398525699999995	0.09011372642	0.0	0.0	0.0	0.0	0.0
-0.43605494	1.5623773487	0.09001923100000002	5.86403526	0.08605658567999999	0.0	0.0	0.0	0.0	0.0
-0.4020549400000002	1.1968506703000001	0.068949449	4.491496920000001	0.06592187201000001	0.0	0.0	0.0	0.0	0.0
-0.3690549400000007	0.7352561081999999	0.04236529000000001	2.75959674	0.040501487378999994	0.0	0.0	0.0	0.0	0.0
-0.33505494	0.36234511510000006	0.020873852999999998	1.3602737960000002	0.019957743636	0.0	0.0	0.0	0.0	0.0
-0.30205494000000055	0.14317620905000006	0.008248538500000001	0.537347075	0.007885792437	0.0	0.0	0.0	0.0	0.0
-0.26805494000000074	0.04536687242	0.0026137161	0.1702875855	0.0024990104552	0.0	0.0	0.0	0.0	0.0
-0.23505494000000038	0.011526744452999999	0.00066398099	0.0432572339	0.0006349261157	0.0	0.0	0.0	0.0	0.0
-0.20105494000000057	0.0023474825000000003	0.00013525612	0.00881047744	0.00012931732356	0.0	0.0	0.0	0.0	0.0
-0.1680549400000002	0.0003833184687999999	2.207932e-05	0.001438239929	2.1114583847e-05	0.0	0.0	0.0	0.0	0.0
-0.1340549400000004	5.0167861640000014e-05	2.8899093e-06	0.00018830712610000001	2.7627265034e-06	0.0	0.0	0.0	0.0	0.0
-0.10105494000000004	5.260961751e-06	3.0305388e-07	1.9743469849999995e-05	2.8986405279999997e-07	0.0	0.0	0.0	0.0	0.0
-0.06705494000000023	4.4207056020000005e-07	2.5476113000000002e-08	1.659535672e-06	2.4356114437000004e-08	0.0	0.0	0.0	0.0	0.0
-0.03305494000000042	2.9770848119999998e-08	1.7150916e-09	1.1178029189999999e-07	1.6399052988000001e-09	0.0	0.0	0.0	0.0	0.0
-5.494000000005883e-05	1.6056424655e-09	9.251248999999998e-11	6.026385759999999e-09	8.844569611e-11	0.0	0.0	0.0	0.0	0.0
0.03394505999999975	6.935357631000002e-11	3.9957167e-12	2.60279401e-10	3.8208596961e-12	0.0	0.0	0.0	0.0	0.0
0.06694505999999922	2.399159379e-12	1.3822352e-13	9.00406154e-12	1.3215422408e-13	0.0	0.0	0.0	0.0	0.0
0.10094505999999992	6.653765453e-14	3.8340478000000004e-15	2.4970802700000006e-13	3.6651236677e-15	0.0	0.0	0.0	0.0	0.0
0.1339450599999994	1.9567782393e-15	1.1275301e-16	7.344516870000001e-15	1.0779497964e-16	0.0	0.0	0.0	0.0	0.0
0.1679450599999992	0.0	0.0	0.0	0.0	0.0	0.0	0.0	0.0	0.0
0.20094505999999956	0.0	0.0	0.0	0.0	0.0	0.0	0.0	0.0	0.0
0.23494505999999937	0.0	0.0	0.0	0.0	0.0	0.0	0.0	0.0	0.0
0.26794505999999974	0.0	0.0	0.0	0.0	0.0	0.0	0.0	0.0	0.0
0.30194505999999954	0.0	0.0	0.0	0.0	0.0	0.0	0.0	0.0	0.0
0.3349450599999999	0.0	0.0	0.0	0.0	0.0	0.0	0.0	0.0	0.0
0.3689450599999997	0.0	0.0	0.0	0.0	0.0	0.0	0.0	0.0	0.0
0.4019450599999992	0.0	0.0	0.0	0.0	0.0	0.0	0.0	0.0	0.0
0.4359450599999999	0.0	0.0	0.0	0.0	0.0	0.0	0.0	0.0	0.0
0.46894505999999936	0.0	0.0	0.0	0.0	0.0	0.0	0.0	0.0	0.0
0.5029450599999992	0.0	0.0	0.0	0.0	0.0	0.0	0.0	0.0	0.0
0.5359450599999995	0.0	0.0	0.0	0.0	0.0	0.0	0.0	0.0	0.0
0.5699450599999993	0.0	0.0	0.0	0.0	0.0	0.0	0.0	0.0	0.0
0.6029450599999997	0.0	0.0	0.0	0.0	0.0	0.0	0.0	0.0	0.0
0.6369450599999995	0.0	0.0	0.0	0.0	0.0	0.0	0.0	0.0	0.0
0.6699450599999999	0.0	0.0	0.0	0.0	0.0	0.0	0.0	0.0	0.0
0.7039450599999997	0.0	0.0	0.0	0.0	0.0	0.0	0.0	0.0	0.0
0.7379450599999995	0.0	0.0	0.0	0.0	0.0	0.0	0.0	0.0	0.0
0.7709450599999998	0.0	0.0	0.0	0.0	0.0	0.0	0.0	0.0	0.0
0.8049450599999997	0.0	0.0	0.0	0.0	0.0	0.0	0.0	0.0	0.0
0.8379450599999991	0.0	0.0	0.0	0.0	0.0	0.0	0.0	0.0	0.0
0.8719450599999998	0.0	0.0	0.0	0.0	0.0	0.0	0.0	0.0	0.0
0.9049450599999993	0.0	0.0	0.0	0.0	0.0	0.0	0.0	0.0	0.0
0.93894506	0.0	0.0	0.0	0.0	0.0	0.0	0.0	0.0	0.0
0.9719450599999995	0.0	0.0	0.0	0.0	0.0	0.0	0.0	0.0	0.0
1.0059450599999993	0.0	0.0	0.0	0.0	0.0	0.0	0.0	0.0	0.0
1.0389450599999996	0.0	0.0	0.0	0.0	0.0	0.0	0.0	0.0	0.0
1.0729450599999995	0.0	0.0	0.0	0.0	0.0	0.0	0.0	0.0	0.0
1.1059450599999998	0.0	0.0	0.0	0.0	0.0	0.0	0.0	0.0	0.0
1.1399450599999996	0.0	0.0	0.0	0.0	0.0	0.0	0.0	0.0	0.0
1.17294506	0.0	0.0	0.0	0.0	0.0	0.0	0.0	0.0	0.0
1.2069450599999993	0.0	0.0	0.0	0.0	0.0	0.0	0.0	0.0	0.0
1.2399450599999997	0.0	0.0	0.0	0.0	0.0	0.0	0.0	0.0	0.0
1.2739450599999995	0.0	0.0	0.0	0.0	0.0	0.0	0.0	0.0	0.0
1.3069450599999994	0.0	0.0	0.0	0.0	0.0	0.0	0.0	0.0	0.0
1.3409450599999997	0.0	0.0	0.0	0.0	0.0	0.0	0.0	0.0	0.0
1.3739450599999996	0.0	0.0	0.0	0.0	0.0	0.0	0.0	0.0	0.0
1.4079450599999994	0.0	0.0	0.0	0.0	0.0	0.0	0.0	0.0	0.0
1.4409450599999998	0.0	0.0	0.0	0.0	0.0	0.0	0.0	0.0	0.0
1.4749450599999996	0.0	0.0	0.0	0.0	0.0	0.0	0.0	0.0	0.0
1.5089450599999994	0.0	0.0	0.0	0.0	0.0	0.0	0.0	0.0	0.0
1.5419450599999998	0.0	0.0	0.0	0.0	0.0	0.0	0.0	0.0	0.0
1.5759450599999996	0.0	0.0	0.0	0.0	0.0	0.0	0.0	0.0	0.0
1.6089450599999995	0.0	0.0	0.0	0.0	0.0	0.0	0.0	0.0	0.0
1.6429450599999997	0.0	0.0	0.0	0.0	0.0	0.0	0.0	0.0	0.0
1.6759450599999997	0.0	0.0	0.0	0.0	0.0	0.0	0.0	0.0	0.0
1.7099450599999995	0.0	0.0	0.0	0.0	0.0	0.0	0.0	0.0	0.0
1.7429450599999994	0.0	0.0	0.0	0.0	0.0	0.0	0.0	0.0	0.0
1.7769450599999996	0.0	0.0	0.0	0.0	0.0	0.0	0.0	0.0	0.0
1.8099450599999996	0.0	0.0	0.0	0.0	0.0	0.0	0.0	0.0	0.0
1.8439450599999994	0.0	0.0	0.0	0.0	0.0	0.0	0.0	0.0	0.0
1.8769450599999997	0.0	0.0	0.0	0.0	0.0	0.0	0.0	0.0	0.0
1.9109450599999995	0.0	0.0	0.0	0.0	0.0	0.0	0.0	0.0	0.0
1.9439450599999994	0.0	0.0	0.0	0.0	0.0	0.0	0.0	0.0	0.0
1.9779450599999997	0.0	0.0	0.0	0.0	0.0	0.0	0.0	0.0	0.0
2.0109450599999996	0.0	0.0	0.0	0.0	0.0	0.0	0.0	0.0	0.0
2.0449450599999994	0.0	0.0	0.0	0.0	0.0	0.0	0.0	0.0	0.0
2.0779450599999993	0.0	0.0	0.0	0.0	0.0	0.0	0.0	0.0	0.0
2.1119450599999996	0.0	0.0	0.0	0.0	0.0	0.0	0.0	0.0	0.0
2.1449450599999995	0.0	0.0	0.0	0.0	0.0	0.0	0.0	0.0	0.0
2.1789450599999998	0.0	0.0	0.0	0.0	0.0	0.0	0.0	0.0	0.0
2.2119450599999997	0.0	0.0	0.0	0.0	0.0	0.0	0.0	0.0	0.0
2.2459450599999995	0.0	0.0	0.0	0.0	0.0	0.0	0.0	0.0	0.0
2.2799450599999997	0.0	0.0	0.0	0.0	0.0	0.0	0.0	0.0	0.0
2.3129450599999997	0.0	0.0	0.0	0.0	0.0	0.0	0.0	0.0	0.0
2.3469450599999995	0.0	0.0	0.0	0.0	0.0	0.0	0.0	0.0	0.0
2.3799450599999994	0.0	0.0	0.0	0.0	0.0	0.0	0.0	0.0	0.0
2.4139450599999996	0.0	0.0	0.0	0.0	0.0	0.0	0.0	0.0	0.0
2.4469450599999996	0.0	0.0	0.0	0.0	0.0	0.0	0.0	0.0	0.0
2.4809450599999994	0.0	0.0	0.0	0.0	0.0	0.0	0.0	0.0	0.0
2.5139450599999997	0.0	0.0	0.0	0.0	0.0	0.0	0.0	0.0	0.0
2.5479450599999995	0.0	0.0	0.0	0.0	0.0	0.0	0.0	0.0	0.0
2.5809450599999995	0.0	0.0	0.0	0.0	0.0	0.0	0.0	0.0	0.0
2.6149450599999997	0.0	0.0	0.0	0.0	0.0	0.0	0.0	0.0	0.0
2.6479450599999996	0.0	0.0	0.0	0.0	0.0	0.0	0.0	0.0	0.0
2.6819450599999994	0.0	0.0	0.0	0.0	0.0	0.0	0.0	0.0	0.0
2.7149450599999994	0.0	0.0	0.0	0.0	0.0	0.0	0.0	0.0	0.0
2.7489450599999996	0.0	0.0	0.0	0.0	0.0	0.0	0.0	0.0	0.0
2.7819450599999995	0.0	0.0	0.0	0.0	0.0	0.0	0.0	0.0	0.0
2.8159450599999998	0.0	0.0	0.0	0.0	0.0	0.0	0.0	0.0	0.0
2.8489450599999997	0.0	0.0	0.0	0.0	0.0	0.0	0.0	0.0	0.0
2.8829450599999995	0.0	0.0	0.0	0.0	0.0	0.0	0.0	0.0	0.0
2.9159450599999994	0.0	0.0	0.0	0.0	0.0	0.0	0.0	0.0	0.0
2.9499450599999997	0.0	0.0	0.0	0.0	0.0	0.0	0.0	0.0	0.0
2.9829450599999996	0.0	0.0	0.0	0.0	0.0	0.0	0.0	0.0	0.0
3.0169450599999994	0.0	0.0	0.0	0.0	0.0	0.0	0.0	0.0	0.0
3.0509450599999997	0.0	0.0	0.0	0.0	0.0	0.0	0.0	0.0	0.0
3.0839450599999996	0.0	0.0	0.0	0.0	0.0	0.0	0.0	0.0	0.0
3.1179450599999994	0.0	0.0	0.0	0.0	0.0	0.0	0.0	0.0	0.0
3.1509450599999997	0.0	0.0	0.0	0.0	0.0	0.0	0.0	0.0	0.0
3.1849450599999996	0.0	0.0	0.0	0.0	0.0	0.0	0.0	0.0	0.0
3.2179450599999995	0.0	0.0	0.0	0.0	0.0	0.0	0.0	0.0	0.0
3.2519450599999997	0.0	0.0	0.0	0.0	0.0	0.0	0.0	0.0	0.0
3.2849450599999996	0.0	0.0	0.0	0.0	0.0	0.0	0.0	0.0	0.0
3.31894506	0.0	0.0	0.0	0.0	0.0	0.0	0.0	0.0	0.0
3.3519450599999994	0.0	0.0	0.0	0.0	0.0	0.0	0.0	0.0	0.0
3.3859450599999996	0.0	0.0	0.0	0.0	0.0	0.0	0.0	0.0	0.0
3.4189450599999995	0.0	0.0	0.0	0.0	0.0	0.0	0.0	0.0	0.0
3.4529450599999993	0.0	0.0	0.0	0.0	0.0	0.0	0.0	0.0	0.0
3.4859450599999997	0.0	0.0	0.0	0.0	0.0	0.0	0.0	0.0	0.0
3.5199450599999995	0.0	0.0	0.0	0.0	0.0	0.0	0.0	0.0	0.0
3.55294506	0.0	0.0	0.0	0.0	0.0	0.0	0.0	0.0	0.0
3.5869450599999997	0.0	0.0	0.0	0.0	0.0	0.0	0.0	0.0	0.0
3.6199450599999996	0.0	0.0	0.0	0.0	0.0	0.0	0.0	0.0	0.0
3.65394506	0.0	0.0	0.0	0.0	0.0	0.0	0.0	0.0	0.0
3.6869450599999993	0.0	0.0	0.0	0.0	0.0	0.0	0.0	0.0	0.0
3.7209450599999996	0.0	0.0	0.0	0.0	0.0	0.0	0.0	0.0	0.0
3.7539450599999995	0.0	0.0	0.0	0.0	0.0	0.0	0.0	0.0	0.0
3.7879450599999993	0.0	0.0	0.0	0.0	0.0	0.0	0.0	0.0	0.0
3.8219450599999996	0.0	0.0	0.0	0.0	0.0	0.0	0.0	0.0	0.0
3.8549450599999995	0.0	0.0	0.0	0.0	0.0	0.0	0.0	0.0	0.0
3.8889450599999993	0.0	0.0	0.0	0.0	0.0	0.0	0.0	0.0	0.0
3.9219450599999996	0.0	0.0	0.0	0.0	0.0	0.0	0.0	0.0	0.0
3.9559450599999995	0.0	0.0	0.0	0.0	0.0	0.0	0.0	0.0	0.0
3.98894506	0.0	0.0	0.0	0.0	0.0	0.0	0.0	0.0	0.0
4.02294506	0.0	0.0	0.0	0.0	0.0	0.0	0.0	0.0	0.0
4.055945059999999	0.0	0.0	0.0	0.0	0.0	0.0	0.0	0.0	0.0
4.08994506	0.0	0.0	0.0	0.0	0.0	0.0	0.0	0.0	0.0
4.122945059999999	0.0	0.0	0.0	0.0	0.0	0.0	0.0	0.0	0.0
4.15694506	0.0	0.0	0.0	0.0	0.0	0.0	0.0	0.0	0.0
4.189945059999999	0.0	0.0	0.0	0.0	0.0	0.0	0.0	0.0	0.0
4.223945059999999	0.0	0.0	0.0	0.0	0.0	0.0	0.0	0.0	0.0
4.25694506	0.0	0.0	0.0	0.0	0.0	0.0	0.0	0.0	0.0
4.290945059999999	0.0	0.0	0.0	0.0	0.0	0.0	0.0	0.0	0.0
4.32394506	0.0	0.0	0.0	0.0	0.0	0.0	0.0	0.0	0.0
4.35794506	0.0	0.0	0.0	0.0	0.0	0.0	0.0	0.0	0.0
4.39094506	0.0	0.0	0.0	0.0	0.0	0.0	0.0	0.0	0.0
4.42494506	0.0	0.0	0.0	0.0	0.0	0.0	0.0	0.0	0.0
4.457945059999999	0.0	0.0	0.0	0.0	0.0	0.0	0.0	0.0	0.0
4.49194506	0.0	0.0	0.0	0.0	0.0	0.0	0.0	0.0	0.0
4.524945059999999	0.0	0.0	0.0	0.0	0.0	0.0	0.0	0.0	0.0
4.558945059999999	3.6684106e-17	1.6949416e-17	2.1572843e-17	1.6770278000000002e-17	0.0	0.0	0.0	0.0	0.0
4.59294506	1.210801e-15	5.5928647e-16	7.118645200000001e-16	5.534897e-16	0.0	0.0	0.0	0.0	0.0
4.625945059999999	4.8209930000000004e-14	2.2268470299999997e-14	2.8345976399999996e-14	2.2039606999999998e-14	0.0	0.0	0.0	0.0	0.0
4.659945059999999	1.5142542e-12	6.995206399999999e-13	8.9033067e-13	6.921684e-13	0.0	0.0	0.0	0.0	0.0
4.69294506	3.8091816e-11	1.75987312e-11	2.23995715e-11	1.7414332e-11	0.0	0.0	0.0	0.0	0.0
4.726945059999999	7.674761999999999e-10	3.5454168399999996e-10	4.5128554000000004e-10	3.508393e-10	0.0	0.0	0.0	0.0	0.0
4.75994506	1.2386996e-08	5.721884699999999e-09	7.2831509000000015e-09	5.662543000000001e-09	0.0	0.0	0.0	0.0	0.0
4.7939450599999995	1.6014164e-07	7.398843899999999e-08	9.4158244e-08	7.320291000000001e-08	0.0	0.0	0.0	0.0	0.0
4.82694506	1.6591512000000001e-06	7.6641021e-07	9.754936e-07	7.584018e-07	0.0	0.0	0.0	0.0	0.0
4.86094506	1.3772907e-05	6.3632197e-06	8.0978789e-06	6.295322e-06	0.0	0.0	0.0	0.0	0.0
4.893945059999999	9.16415e-05	4.233459909999999e-05	5.388285599999999e-05	4.189785e-05	0.0	0.0	0.0	0.0	0.0
4.92794506	0.0004886882999999999	0.00022574417499999998	0.00028737989900000003	0.00022343177999999996	0.0	0.0	0.0	0.0	0.0
4.960945059999999	0.0020897402999999998	0.0009654163500000001	0.0012287123199999999	0.0009551992000000001	0.0	0.0	0.0	0.0	0.0
4.994945059999999	0.007163753	0.00330896132	0.0042120451	0.003274155	0.0	0.0	0.0	0.0	0.0
5.0279450599999995	0.019692503000000004	0.009097540500000001	0.0115781988	0.009001739	0.0	0.0	0.0	0.0	0.0
5.061945059999999	0.043409568	0.020053058500000002	0.025524879199999996	0.019841567999999993	0.0	0.0	0.0	0.0	0.0
5.09494506	0.07674752	0.0354540584	0.045123553999999996	0.03508163	0.0	0.0	0.0	0.0	0.0
5.1289450599999995	0.10882390999999998	0.050276845	0.063988204	0.04975077	0.0	0.0	0.0	0.0	0.0
5.16194506	0.1238385	0.057206471	0.072815507	0.056590869999999995	0.0	0.0	0.0	0.0	0.0
5.19594506	0.11334124	0.05232622	0.06665029	0.05175815999999999	0.0	0.0	0.0	0.0	0.0
5.228945059999999	0.08442958	0.038860690999999996	0.04967469999999999	0.03839582	0.0	0.0	0.0	0.0	0.0
5.26294506	0.05433342999999999	0.024648528	0.032036119	0.024231319	0.0	0.0	0.0	0.0	0.0
5.295945059999999	0.037822859	0.016341231	0.022414013000000003	0.015789786	0.0	0.0	0.0	0.0	0.0
5.32994506	0.039487816	0.015972144	0.023415949	0.015137079999999999	0.0	0.0	0.0	0.0	0.0
5.36394506	0.053896622	0.02126576	0.031610643	0.02022624	0.0	0.0	0.0	0.0	0.0
5.396945059999999	0.069699438	0.02760183	0.04005455200000001	0.026801329999999998	0.0	0.0	0.0	0.0	0.0
5.43094506	0.07595990399999998	0.030501629999999995	0.04231796	0.03058994	0.0	0.0	0.0	0.0	0.0
5.4639450599999995	0.06848051200000001	0.028091269999999995	0.03646389	0.02938947	0.0	0.0	0.0	0.0	0.0
5.497945059999999	0.051551036999999994	0.02174701	0.02586121	0.023957089999999997	0.0	0.0	0.0	0.0	0.0
5.53094506	0.033958131999999995	0.014829240000000002	0.01635799	0.0172535	0.0	0.0	0.0	0.0	0.0
5.564945059999999	0.0241865	0.01098893	0.0137348	0.013150080000000001	0.0	0.0	0.0	0.0	0.0
5.59794506	0.029296070000000004	0.01382203	0.0246402	0.01586216	0.0	0.0	0.0	0.0	0.0
5.63194506	0.055193849999999996	0.0269081	0.05858999999999999	0.0293809	0.0	0.0	0.0	0.0	0.0
5.66494506	0.10311610000000002	0.051857	0.12459299999999998	0.0551205	0.0	0.0	0.0	0.0	0.0
5.69894506	0.16267270000000003	0.08434399999999999	0.219299	0.08790390000000001	0.0	0.0	0.0	0.0	0.0
5.731945059999999	0.21097039999999997	0.11255000000000001	0.315754	0.11520009999999999	0.0	0.0	0.0	0.0	0.0
5.76594506	0.22535119999999997	0.1234099	0.37099299999999996	0.12410790000000001	0.0	0.0	0.0	0.0	0.0
5.798945059999999	0.2011522	0.1128122	0.355494	0.11137610000000002	0.0	0.0	0.0	0.0	0.0
5.832945059999999	0.15538280000000002	0.08910180000000001	0.278706	0.08614319999999999	0.0	0.0	0.0	0.0	0.0
5.86594506	0.11264850000000001	0.0658373	0.181916	0.0620913	0.0	0.0	0.0	0.0	0.0
5.899945059999999	0.0896392	0.052483999999999996	0.106579	0.0483645	0.0	0.0	0.0	0.0	0.0
5.93294506	0.09159980000000001	0.05159830000000001	0.07171999999999999	0.047474699999999995	0.0	0.0	0.0	0.0	0.0
5.96694506	0.11592540000000001	0.060986000000000005	0.074438	0.057553599999999996	0.0	0.0	0.0	0.0	0.0
5.99994506	0.15326669999999998	0.0757624	0.10033900000000001	0.0735702	0.0	0.0	0.0	0.0	0.0
6.03394506	0.1883308	0.08973329999999999	0.130749	0.0881239	0.0	0.0	0.0	0.0	0.0
6.06794506	0.205396	0.0973221	0.14779799999999998	0.09443860000000001	0.0	0.0	0.0	0.0	0.0
6.10094506	0.19625079999999998	0.09540169999999999	0.14156300000000002	0.08976030000000002	0.0	0.0	0.0	0.0	0.0
6.13494506	0.1636988	0.08371360000000003	0.11483200000000002	0.07587959999999999	0.0	0.0	0.0	0.0	0.0
6.167945059999999	0.1188709	0.0649395	0.07980100000000001	0.0571499	0.0	0.0	0.0	0.0	0.0
6.20194506	0.0750228	0.043993500000000005	0.0490788	0.0382683	0.0	0.0	0.0	0.0	0.0
6.234945059999999	0.0420788	0.0263178	0.030273900000000003	0.0231719	0.0	0.0	0.0	0.0	0.0
6.26894506	0.0249316	0.015971700000000002	0.0274402	0.014789100000000001	0.0	0.0	0.0	0.0	0.0
6.3019450599999995	0.0257587	0.0156411	0.044554199999999995	0.0155063	0.0	0.0	0.0	0.0	0.0
6.335945059999999	0.046416900000000004	0.027305600000000003	0.08430879999999999	0.0274199	0.0	0.0	0.0	0.0	0.0
6.36894506	0.08625599999999999	0.050983	0.141469	0.0505778	0.0	0.0	0.0	0.0	0.0
6.4029450599999995	0.13603400000000002	0.081133	0.19799899999999998	0.0795699	0.0	0.0	0.0	0.0	0.0
6.43594506	0.177206	0.10570600000000002	0.22942599999999996	0.10310420000000001	0.0	0.0	0.0	0.0	0.0
6.46994506	0.193365	0.11301800000000001	0.22182199999999996	0.11102419999999999	0.0	0.0	0.0	0.0	0.0
6.50294506	0.1864669	0.102075	0.18428899999999998	0.1037824	0.0	0.0	0.0	0.0	0.0
6.53694506	0.1787495	0.08537130000000001	0.14399900000000002	0.0937829	0.0	0.0	0.0	0.0	0.0
6.569945059999999	0.19470389999999999	0.0796631	0.12753899999999999	0.09553880000000001	0.0	0.0	0.0	0.0	0.0
6.603945059999999	0.2412289	0.09420200000000001	0.14447100000000002	0.1140206	0.0	0.0	0.0	0.0	0.0
6.6369450599999995	0.303966	0.125933	0.18374400000000002	0.142606	0.0	0.0	0.0	0.0	0.0
6.670945059999999	0.35902199999999995	0.16297	0.22212799999999996	0.16920100000000002	0.0	0.0	0.0	0.0	0.0
6.70394506	0.386475	0.191213	0.238585	0.183475	0.0	0.0	0.0	0.0	0.0
6.7379450599999995	0.377091	0.20015449999999999	0.225586	0.18015300000000004	0.0	0.0	0.0	0.0	0.0
6.77094506	0.33263499999999996	0.1864154	0.19021200000000002	0.15947499999999998	0.0	0.0	0.0	0.0	0.0
6.80494506	0.263365	0.1539744	0.145324	0.126422	0.0	0.0	0.0	0.0	0.0
6.8389450599999995	0.1850985	0.11216200000000003	0.10130099999999997	0.08896800000000002	0.0	0.0	0.0	0.0	0.0
6.87194506	0.1150115	0.0720486	0.063834	0.0556907	0.0	0.0	0.0	0.0	0.0
6.90594506	0.0674605	0.04337810000000001	0.0357354	0.0336499	0.0	0.0	0.0	0.0	0.0
6.93894506	0.0523547	0.0333364	0.017886	0.028313600000000005	0.0	0.0	0.0	0.0	0.0
6.97294506	0.07619099	0.046746909999999996	0.009212999999999999	0.04405499	0.0	0.0	0.0	0.0	0.0
7.005945059999999	0.13922412	0.08403421999999999	0.0073593	0.08178546	0.0	0.0	0.0	0.0	0.0
7.039945059999999	0.22631752999999996	0.13580741	0.010027099999999999	0.13299763999999997	0.0	0.0	0.0	0.0	0.0
7.0729450599999995	0.3049084	0.18177928999999998	0.016516	0.17830163999999998	0.0	0.0	0.0	0.0	0.0
7.106945059999999	0.344782	0.20269610000000002	0.029426	0.19914440000000003	0.0	0.0	0.0	0.0	0.0
7.13994506	0.34559890000000004	0.19720939999999998	0.055050999999999996	0.1944142	0.0	0.0	0.0	0.0	0.0
7.173945059999999	0.33735999999999994	0.1830329	0.09967300000000001	0.18124700000000002	0.0	0.0	0.0	0.0	0.0
7.206945059999999	0.347031	0.178049	0.161889	0.176367	0.0	0.0	0.0	0.0	0.0
7.24094506	0.37102	0.18336500000000003	0.227904	0.179888	0.0	0.0	0.0	0.0	0.0
7.273945059999999	0.384055	0.18732600000000002	0.27720700000000004	0.180127	0.0	0.0	0.0	0.0	0.0
7.30794506	0.36986699999999995	0.18145599999999998	0.296448	0.17022400000000004	0.0	0.0	0.0	0.0	0.0
7.340945059999999	0.336883	0.16918	0.28894099999999995	0.15568400000000002	0.0	0.0	0.0	0.0	0.0
7.37494506	0.306311	0.159833	0.269536	0.14762399999999998	0.0	0.0	0.0	0.0	0.0
7.407945059999999	0.290413	0.15783100000000003	0.25025	0.15200099999999997	0.0	0.0	0.0	0.0	0.0
7.44194506	0.284337	0.1599798	0.232152	0.166656	0.0	0.0	0.0	0.0	0.0
7.47494506	0.277217	0.1631279	0.21152	0.186575	0.0	0.0	0.0	0.0	0.0
7.508945059999999	0.266851	0.17099709999999996	0.19066999999999998	0.20894400000000002	0.0	0.0	0.0	0.0	0.0
7.54194506	0.260878	0.1894995	0.180588	0.23174899999999998	0.0	0.0	0.0	0.0	0.0
7.57594506	0.26629400000000003	0.21612440000000002	0.193177	0.24926500000000001	0.0	0.0	0.0	0.0	0.0
7.609945059999999	0.282172	0.23843540000000002	0.230622	0.253589	0.0	0.0	0.0	0.0	0.0
7.64294506	0.30114099999999994	0.244425	0.27884700000000007	0.2418705	0.0	0.0	0.0	0.0	0.0
7.6769450599999995	0.315025	0.232549	0.311865	0.2202733	0.0	0.0	0.0	0.0	0.0
7.709945059999999	0.319253	0.212034	0.30829799999999996	0.19946810000000004	0.0	0.0	0.0	0.0	0.0
7.74394506	0.31384900000000004	0.19538799999999998	0.26805499999999993	0.187582	0.0	0.0	0.0	0.0	0.0
7.776945059999999	0.30076400000000003	0.189882	0.21161500000000003	0.186277	0.0	0.0	0.0	0.0	0.0
7.81094506	0.280093	0.19301700000000002	0.163093	0.19128499999999998	0.0	0.0	0.0	0.0	0.0
7.843945059999999	0.251386	0.19621499999999997	0.135212	0.19600800000000002	0.0	0.0	0.0	0.0	0.0
7.87794506	0.218526	0.193709	0.12612299999999999	0.196446	0.0	0.0	0.0	0.0	0.0
7.9109450599999995	0.191193	0.18873900000000002	0.127137	0.19484200000000002	0.0	0.0	0.0	0.0	0.0
7.94494506	0.18069700000000002	0.19217700000000001	0.134496	0.19993200000000003	0.0	0.0	0.0	0.0	0.0
7.97794506	0.194521	0.21418510000000002	0.15764299999999998	0.22198700000000002	0.0	0.0	0.0	0.0	0.0
8.011945059999999	0.233107	0.255953	0.21450499999999997	0.264967	0.0	0.0	0.0	0.0	0.0
8.04494506	0.290308	0.3091	0.31221000000000004	0.32182700000000003	0.0	0.0	0.0	0.0	0.0
8.078945059999999	0.35560299999999995	0.363793	0.428658	0.37709	0.0	0.0	0.0	0.0	0.0
8.11194506	0.41555600000000004	0.41414	0.516921	0.413703	0.0	0.0	0.0	0.0	0.0
8.145945059999999	0.45453	0.454383	0.5361339999999999	0.418994	0.0	0.0	0.0	0.0	0.0
8.17894506	0.4597320000000001	0.47423	0.48335799999999995	0.39076600000000006	0.0	0.0	0.0	0.0	0.0
8.21294506	0.4302460000000001	0.465168	0.392806	0.34097000000000005	0.0	0.0	0.0	0.0	0.0
8.24594506	0.380404	0.42850499999999997	0.308121	0.29197599999999996	0.0	0.0	0.0	0.0	0.0
8.27994506	0.332472	0.376479	0.25728300000000004	0.265121	0.0	0.0	0.0	0.0	0.0
8.31294506	0.305782	0.32822	0.24788300000000002	0.271031	0.0	0.0	0.0	0.0	0.0
8.34694506	0.30903899999999995	0.30253199999999997	0.27151800000000004	0.30632	0.0	0.0	0.0	0.0	0.0
8.38094506	0.33856800000000004	0.30946699999999994	0.30898800000000004	0.356745	0.0	0.0	0.0	0.0	0.0
8.41394506	0.38008600000000003	0.34409500000000004	0.339399	0.40504199999999996	0.0	0.0	0.0	0.0	0.0
8.447945059999999	0.413367	0.38912099999999994	0.35071599999999997	0.437678	0.0	0.0	0.0	0.0	0.0
8.48094506	0.419325	0.42470900000000006	0.3425349999999999	0.445981	0.0	0.0	0.0	0.0	0.0
8.514945059999999	0.39045799999999997	0.439665	0.320044	0.428909	0.0	0.0	0.0	0.0	0.0
8.54794506	0.338909	0.436176	0.28914500000000004	0.39778700000000006	0.0	0.0	0.0	0.0	0.0
8.581945059999999	0.28998	0.425782	0.256259	0.37357100000000004	0.0	0.0	0.0	0.0	0.0
8.61494506	0.26363000000000003	0.42042199999999996	0.227976	0.373361	0.0	0.0	0.0	0.0	0.0
8.648945059999999	0.26254	0.426682	0.20760900000000002	0.39852400000000004	0.0	0.0	0.0	0.0	0.0
8.68194506	0.27385	0.44422800000000007	0.19270500000000002	0.43498000000000003	0.0	0.0	0.0	0.0	0.0
8.71594506	0.28034000000000003	0.4645809999999999	0.177477	0.464439	0.0	0.0	0.0	0.0	0.0
8.74894506	0.27008999999999994	0.47117000000000003	0.158334	0.47274399999999994	0.0	0.0	0.0	0.0	0.0
8.78294506	0.24064399999999997	0.446646	0.13600299999999999	0.45290100000000005	0.0	0.0	0.0	0.0	0.0
8.81594506	0.19738000000000003	0.38521600000000006	0.112814	0.4043061	0.0	0.0	0.0	0.0	0.0
8.84994506	0.14853800000000003	0.29755299999999996	0.089353	0.3310799	0.0	0.0	0.0	0.0	0.0
8.882945059999999	0.10132699999999999	0.2035077	0.0652261	0.242743	0.0	0.0	0.0	0.0	0.0
8.91694506	0.061234300000000005	0.12155020000000001	0.041973199999999995	0.15478809999999998	0.0	0.0	0.0	0.0	0.0
8.94994506	0.031903900000000006	0.0623202	0.0229314	0.08361614	0.0	0.0	0.0	0.0	0.0
8.98394506	0.013986730000000001	0.02691468	0.01038161	0.037485979999999995	0.0	0.0	0.0	0.0	0.0
9.01694506	0.00506536	0.00963645	0.0038369099999999994	0.013763746	0.0	0.0	0.0	0.0	0.0
9.05094506	0.0014976339999999999	0.0028269289999999993	0.001148697	0.0041022639999999996	0.0	0.0	0.0	0.0	0.0
9.08394506	0.0003587731	0.000673737	0.000277245	0.0009871216	0.0	0.0	0.0	0.0	0.0
9.11794506	6.931945000000001e-05	0.00012976020000000002	5.3790000000000005e-05	0.00019123037	0.0	0.0	0.0	0.0	0.0
9.15194506	1.0773738e-05	2.0127730000000003e-05	8.382630000000002e-06	2.977282e-05	0.0	0.0	0.0	0.0	0.0
9.18494506	1.3450878999999998e-06	2.509649000000001e-06	1.0481530000000002e-06	3.719985e-06	0.0	0.0	0.0	0.0	0.0
9.21894506	1.3471573999999998e-07	2.5117000000000004e-07	1.050578e-07	3.727359e-07	0.0	0.0	0.0	0.0	0.0
9.25194506	1.0819124e-08	2.0161820000000004e-08	8.44163e-09	2.994498e-08	0.0	0.0	0.0	0.0	0.0
9.28594506	6.963363e-10	1.29735e-09	5.43513e-10	1.9277711e-09	0.0	0.0	0.0	0.0	0.0
9.31894506	3.590717e-11	6.69009e-11	2.8030219999999997e-11	9.942276000000001e-11	0.0	0.0	0.0	0.0	0.0
9.35294506	1.4833415999999997e-12	2.7630459999999997e-12	1.158171e-12	4.107071e-12	0.0	0.0	0.0	0.0	0.0
9.38594506	4.9044709999999996e-14	9.133240000000001e-14	3.82951e-14	1.3579558000000003e-13	0.0	0.0	0.0	0.0	0.0
9.41994506	1.331916e-15	2.480655e-15	1.0400619999999998e-15	3.6887860000000005e-15	0.0	0.0	0.0	0.0	0.0
9.45294506	0.0	0.0	0.0	0.0	0.0	0.0	0.0	0.0	0.0
9.48694506	0.0	0.0	0.0	0.0	0.0	0.0	0.0	0.0	0.0
9.51994506	0.0	0.0	0.0	0.0	0.0	0.0	0.0	0.0	0.0
9.55394506	0.0	0.0	0.0	0.0	0.0	0.0	0.0	0.0	0.0
9.58694506	0.0	0.0	0.0	0.0	0.0	0.0	0.0	0.0	0.0
9.62094506	0.0	0.0	0.0	0.0	0.0	0.0	0.0	0.0	0.0
9.65394506	0.0	0.0	0.0	0.0	0.0	0.0	0.0	0.0	0.0
9.68794506	0.0	0.0	0.0	0.0	0.0	0.0	0.0	0.0	0.0
9.720945059999998	0.0	0.0	0.0	0.0	0.0	0.0	0.0	0.0	0.0
9.75494506	0.0	0.0	0.0	0.0	0.0	0.0	0.0	0.0	0.0
9.787945059999998	0.0	0.0	0.0	0.0	0.0	0.0	0.0	0.0	0.0
9.821945060000001	0.0	0.0	0.0	0.0	0.0	0.0	0.0	0.0	0.0
9.854945059999999	0.0	0.0	0.0	0.0	0.0	0.0	0.0	0.0	0.0
9.88894506	0.0	0.0	0.0	0.0	0.0	0.0	0.0	0.0	0.0
9.92294506	0.0	0.0	0.0	0.0	0.0	0.0	0.0	0.0	0.0
9.95594506	0.0	0.0	0.0	0.0	0.0	0.0	0.0	0.0	0.0
9.98994506	0.0	0.0	0.0	0.0	0.0	0.0	0.0	0.0	0.0
10.02294506	0.0	0.0	0.0	0.0	0.0	0.0	0.0	0.0	0.0
10.05694506	0.0	0.0	0.0	0.0	0.0	0.0	0.0	0.0	0.0
10.08994506	0.0	0.0	0.0	0.0	0.0	0.0	0.0	0.0	0.0
10.12394506	0.0	0.0	0.0	0.0	0.0	0.0	0.0	0.0	0.0
10.15694506	0.0	0.0	0.0	0.0	0.0	0.0	0.0	0.0	0.0
10.19094506	0.0	0.0	0.0	0.0	0.0	0.0	0.0	0.0	0.0
10.223945059999998	0.0	0.0	0.0	0.0	0.0	0.0	0.0	0.0	0.0
10.25794506	0.0	0.0	0.0	0.0	0.0	0.0	0.0	0.0	0.0
10.290945059999999	0.0	0.0	0.0	0.0	0.0	0.0	0.0	0.0	0.0
10.32494506	0.0	0.0	0.0	0.0	0.0	0.0	0.0	0.0	0.0
10.357945059999999	0.0	0.0	0.0	0.0	0.0	0.0	0.0	0.0	0.0
