Molecule	PC1	PC2	PC3	PC4	PC5	PC6	PC7	PC8	PC9	PC10
1,1,1,2-Tetrachloroethane	-6.769887558791682	0.5682226145175309	-18.620141450119544	22.429471176457405	-10.571274319100073	-1.9101763937412133	-1.3997056288266116	-0.40287495030433346	-4.652174603447595	5.102242169309359
1,1,1,3,3,3-Hexafluoro-2-propanol	-2.051986824658543	-1.8885434566728407	3.4537837799492346	-6.520194305933059	-0.312900313146482	0.46814574944206794	4.227375890447231	2.605262056979832	1.4654939568672467	-0.865760063942951
1,1,1-Trichloroethane	-4.766860728228884	0.6269646192216538	-12.995546831860956	16.673511895645607	-1.6950883157443877	-4.701841916568905	0.09277083918550537	-0.3782345579908745	-5.251092917919627	7.265372995838949
1,1,1-Trifluoro-2-propanol	-2.0206043317786073	-1.8880415938305621	3.4598998618827848	-6.537521667966973	-0.28035044620406047	0.4606651102507063	4.233647022256812	2.5936013101429363	1.4930194459851394	-0.8713450583565858
1,1,2-trichloro-1,2,2-trifluoroethane	-5.539469874613714	0.10774339449465584	-15.706384336679898	21.240422961054225	-7.2062170094766955	-2.270752535103975	-7.737915287689337	-6.06514947148448	2.2910381745649313	-1.5517823440188374
1,1,2-Trichloroethane	-6.871098056628452	-2.7609233148258268	-12.503896311687779	15.695825671916506	-14.834235238807008	1.7488430460262387	-2.0811543928419853	-0.08128145764353364	0.02454080031711079	-1.3492871163813427
1,1,2-Trichlorotrifluoroethane	-6.165639819869462	-1.0294617565010984	-15.000192192473852	18.882793504904843	-8.877204048534255	-1.4165223245712761	-1.7828354719457415	-1.0945009951500684	-2.4787699541135115	3.301945507992171
1,1-Difluoroethane	-2.3547409094083736	-1.563238589223208	3.6056270717834638	-5.220012942370521	-0.10894124642106158	-0.8428867729593402	2.0036895536064683	1.378553428918181	0.618892324604548	-0.5119910860419906
1,1-Dimethylhydrazine	-1.8226142400034777	-0.8987466395330733	4.183580263997794	-3.099827213972242	1.399909635206417	-3.7398066557869396	-1.9167154286082928	-1.226848802961735	-0.4791354308183571	0.3777126927224075
1,2-dichlorobenzene	-1.996994323683302	-0.16761312797239858	0.5818631992148482	1.8704871173769966	2.541043808908688	-5.812271976497228	-1.6470966296249112	-1.2995142062349418	-3.448074841115945	4.35839453732148
1,2-dichloroethene	-1.6025850390581182	-0.914922860253796	4.594962331337943	-4.447964886665583	2.2953234261462927	-3.5294760382731307	-0.16584025166888786	-0.2291296205728684	-0.39471174665713216	0.6255786119473274
1,2-ethanediamine	-2.530484791393869	-0.9234078116794352	-0.5445784789684318	1.4247690382424563	0.6292289194779329	-3.4375074110676342	0.6863936979340746	0.30872776582959555	-2.97683374025841	4.199782582714276
1,3-Butadiene	-1.0808267947308636	-0.6984726798898016	4.929847865174006	-4.175899605271961	3.252940552048382	-4.464347608633198	-1.0236999401239093	-0.9841230445445915	-0.4424334841060531	0.897745826623671
1,4-dichlorobenzene	-2.018023972432039	-1.3195121946872	3.1086322169474023	-2.5480480179649665	-0.4218123021659561	-2.016266120999974	-2.3235536056491752	-1.6412261505252923	1.2597598632258693	-1.2418877537181432
1,4-dioxane	-1.9723626018383695	-0.9874886140308191	4.368866690641033	-4.177602951858001	1.6336869981069957	-3.2752869285842143	-0.1882081110192974	-0.05484297357332624	-0.6561300598903251	0.6127983689876972
1-2-3-hexanetriol	-4.403839787684647	-2.0605229504126865	-4.01026619509603	5.508639961544371	-6.591447364148898	0.1125018258466255	-2.332723501885014	-1.4083696945851218	3.8179452131854523	-4.816988181284825
1-2-Benzenediol	-2.5407129540060067	-1.5274416682436123	1.8488979758017305	0.29679457634234807	6.599550332322805	7.676332149785876	-12.883934513395667	-9.855129814782904	12.06019494889494	-13.104307292705295
1-2-Dimethoxyethane	-3.459238265335443	-2.173797062466169	0.8942318273517282	-2.469248922377619	-3.905834719060204	0.26353074997077014	3.3608394636142194	2.9030826915138785	-1.0266513457781945	0.8101802172895899
1-2-ethanediol	-3.3865991441538426	-1.7623338980304848	1.3177837096502978	-1.2723350167589778	-3.1124902356832673	-1.5305534744724623	1.2535979166507663	1.6558972345250726	-2.131498069273228	1.5700829755596866
1-2-heptanediol	-3.848412016155368	-2.1441142805064755	1.7771233635937764	-3.679061565079642	-3.8574258007519107	0.6515337224425679	3.4590060991921625	3.177824877248557	-0.9404188391967963	0.15698874319872258
1-2-hexanediol	-3.711311746358374	-2.290816527172179	1.2994214303489833	-3.514842206369433	-4.24467008546745	1.0191706341207933	4.016010712853682	3.4440107745075785	-0.6722797917940556	0.1730984693204886
1-2-octanediol	-3.901495792301522	-2.307718518863342	1.5720771386642425	-4.036582260854395	-4.269918769324103	1.335702087361512	4.172970478626322	3.614515373789751	-0.5350980294910539	-0.14801616212335883
1-2-pentanediol	-3.59736427214257	-2.1054087910029367	1.28478452122473	-2.710971362320088	-3.851836794291414	0.11649160901452048	3.053742610247114	2.817022893589278	-1.1690433536654248	0.6628057471106024
1-2-propanediol	-3.023182458121528	-1.3995154475396592	0.17546654314212026	1.4007790750320428	-1.631743142758663	-3.207902662110384	-0.2782331341420975	0.3712034883960515	-3.5060574499992785	3.7113343450738094
1-3-butanediol	-2.9613987448217025	-1.6572488869932251	0.8671246216332149	0.9767790207907713	-3.4712443998684934	-0.9692704752725828	-5.648892148766689	-3.805559578219214	3.3998727847967007	-4.068114793518564
1-4-Benzenediol	-1.4695895339005525	-0.6474578940154436	4.7891008816380305	-3.442259795415739	2.80008036454939	-4.7138279408034585	-1.8323246842897911	-1.2747495030721876	-0.9993408604469523	1.042967272535892
1-4-butanediol	-3.0063909854825432	-1.3948125728221934	0.5061670510589421	1.1496609772008688	-1.8214945580145785	-3.3139447851600456	-0.4673758981519009	0.32061565358753824	-3.4009102153163173	3.3916534925547066
1-bromo-1,2,2,2-tetrafluoroethane	-2.8739572710902053	-1.8746261831043949	1.2725505188352224	-1.988607929029722	-2.6180249597352585	-0.9842177549326594	2.183649028994126	1.9082534713462995	-1.2363841385351062	1.285273326899445
1-bromo-1-chloro-2,2,2-trifluoroethane	-5.578714669616859	-3.2368998562191558	-4.796695585783416	4.048597193048018	-11.385198140890116	5.63618736192527	-2.985510459880227	-1.805502592097611	8.436450234539773	-10.091060253589479
1-bromo-2-chloroethane	-5.137606095523158	1.1637006378223589	-11.438721978810067	10.163815149183135	-2.975897846741671	-0.534240030562564	4.462961427768102	2.3089019556728796	2.580419282378155	-2.548146988329805
1-Bromobutane	-4.153125986826823	-2.357617287141703	2.5622488225888365	-6.783971608413009	-3.1978816845757696	2.643753307648491	5.898134586894028	4.564616145309374	0.8178016363759847	-1.3765417769220316
1-bromopentane	-3.9647544526382656	-2.4012475736163235	2.400287168306863	-6.519935967208077	-3.3795533242669182	2.61840491947477	5.870523965306537	4.506914457525351	0.791441368542425	-1.2623129670632554
1-bromopropane	-3.391813058616675	-1.688523063651283	2.7926063215938846	-3.702644680650846	-2.0197918548447316	-0.8957158445115745	1.882363992388855	1.9890072607184182	-1.2292480620071935	0.4466228267600698
1-butene	-1.1578737857905412	-0.6288686706114077	4.982424693088571	-3.938267151750336	3.3164699458535707	-4.752392246331388	-1.395843605578549	-1.1653785759317008	-0.702174126862569	1.039843520851335
1-chloro-2,2,2-trifluoroethane	-3.824277980203244	-2.9020636220813736	1.441821507577809	-6.519629955748417	-5.045567986190008	4.133634545053691	7.49970259220871	5.525976291908534	1.3207626407213147	-1.5115135185998396
1-chloro-2,2,2-trifluoroethyl_difluoromethyl_ether	-4.29051436967173	-2.565899632399599	-2.6361656269067613	3.9930668943341336	-8.456371614739941	1.2678338396803683	-3.815601691979239	-1.9933622649315514	2.5686942772580816	-3.513813121902452
1-chloropentane	-5.64479592496563	-3.29514562021921	-2.1051375599044317	1.2583712576847657	-11.956337542355735	5.613799956810719	-3.420512243444287	-1.14206031668194	4.25105507566019	-6.131135669387812
1-chloropropane	-4.047265589950505	-2.3256036092360945	2.2380529296848497	-5.646179970226228	-3.6417878995083366	2.0547672907258057	5.094704425819274	4.1442039077310024	0.13509355054596492	-0.824943402156228
1-hexene	-1.1900689136139202	-0.6340109402493723	4.966028554040718	-3.9135541831260197	3.264376887408919	-4.739329439484845	-1.3999082244519223	-1.1498418202652188	-0.7381136535758529	1.0487430206394044
1-hexyne	-3.312169665172103	-1.9977569323893474	3.0775925972050175	-6.196254778151009	-1.6955739973466013	1.0395994084030051	4.375107031133023	3.2780049299506575	0.6252873510327785	-0.8581613593455809
1-methylthymine	-2.3885402748195967	-0.13117257609193372	-1.1927251647489776	4.142266948219918	1.894756730705428	-5.942567403537372	-1.6930434144740831	-1.2756334358527832	-4.50271255107363	5.6272693782488865
1-nitrobutane	-4.324147980482275	-2.828464598697272	-4.893255401839578	5.347282205845948	-8.28340557938012	2.36940311153771	-1.7603531649472168	-1.1019985630994908	2.9193455226878915	-2.762752277520688
1-nitropropane	-4.2912256897799805	-2.4532532055346197	-4.550308688171666	6.209653932933862	-7.360200945636245	0.9685013760515417	-3.4246224534396132	-2.075939421764387	1.407344033743012	-1.2882483677749081
1-pentene	-1.1059131029922957	-0.4629722864432879	5.1396931066299425	-3.4355077785856434	3.656028625059463	-5.483375604987397	-2.2458082432815734	-1.679895950456545	-1.147253773835607	1.3661949085830285
1-pentyne	-3.0672596676974075	-1.5889562395229517	3.4249439081547335	-4.857717252061846	-0.8351781906790249	-0.8360620427409894	2.2284970923766605	1.9369608530950126	-0.44992113649537563	-0.004553653440045152
1-propanethiol	-1.2769742299654163	-0.6014940790159208	4.969482053829532	-3.736569190585507	3.2219120003891657	-4.88354311440697	-1.6152057761741114	-1.2304173149330155	-0.9347569290286627	1.1427935174073847
2,2,2-trifluoroethanol	0.4235544102582277	0.18006409667480694	6.15934303189195	-2.370224268377436	7.1973019236288875	-6.992593298420261	-6.17839144447114	-4.813035521338597	-1.0079550870277911	1.8029000450073225
2,2,3-Trichlorobiphenyl	-4.2033585477278566	-2.3107782226810953	-2.71156734269286	3.85608489257586	-6.779426214914414	0.32470666156135475	-1.5135651193631883	-0.24076026863839736	-1.3204480720164122	1.0951079658684204
2,2,4-trimethylpentane	-5.719232025792423	-1.2991093231200213	-13.47618622100161	19.372124192762094	-9.197750665325808	-1.3941956380873104	-8.109029309046388	-5.822143204210606	3.6389058906956357	-3.841773347610336
2,2-dichlorobiphenyl	-3.0787934802207984	-0.8254129165862488	-3.0675629044868247	5.47240401284122	-2.033443796322132	-3.823670981398524	-1.2644201975102398	-0.6436350183393125	-3.6833225463554617	4.490592936941233
2,2-dichloroethenyl_dimethyl_phosphate	-3.260840309797948	-1.65847739082997	-2.471715506903247	3.9604139494370947	-4.458998663562264	0.3285220755134148	-5.175919446438438	-4.138449140726864	7.572351614838083	-8.206516831046194
2,2-dimethylpropane	-7.219227430518262	-4.127319493995763	-0.41873824391509645	-8.133876830736536	-10.841096305339988	10.049282243855847	11.114329132992465	8.987195851914636	2.7580508988522996	-4.425634151910714
2,3-dichlorobiphenyl	-2.971208512785193	0.05841633850408592	-3.4603088992862654	5.288472462354338	-1.0709181895073696	-4.120540381775639	-0.6774979999461487	-0.42749878711048456	-2.592329686217288	3.1035844223049973
2,4,5-Trichlorophenol	-2.408479552865407	-0.9373053318319419	0.20182122898913762	0.5068125883476663	0.09272466005544865	-2.1429101403338495	-1.6774190593643519	-1.8229932200259975	4.342970851478735	-4.456371283612079
2,4,5-Trichlorophenoxyacetic_acid	148.14567703622117	-27.56340330777452	-20.281806067374838	-3.501698828765037	-8.146109204988772	10.210691439685592	11.927584373997982	-2.278621721574413	8.308435448489723	2.3303882127420725
2,4-dichlorophenyl_thiophosphate	12.972804232255868	110.58664945869297	-35.769583879654036	-32.71051701587331	-7.4091599019446335	0.8176534030312717	-1.8432486480838968	-4.981855538797375	3.3347008493691495	0.9598998998217791
2,4-dimethylpentane	-4.679173548721215	-0.48902035546667	-10.166088858992996	14.27128174361063	-5.587235596290948	-2.521186888191339	-4.827448555892408	-3.278207483884518	-2.8074192470144665	3.928935433156338
2,4-dimethylpyridine	-3.245583541899749	-1.2871028335592	-1.894494554573681	3.767211491119789	-2.763619195946176	-1.888971096376841	-3.2107036774476763	-2.1683567327216005	-0.36172082282830387	0.7904558734815154
2,5-dimethylpyridine	-2.682856362710469	-1.2947844774693287	1.7708069005188471	-0.640041405105576	-0.8971814757034806	-3.2437458462251976	-0.30082652295346873	0.2756918646006121	-2.446957809489466	2.3778021142785155
2,6-dichlorobenzonitrile	-2.1951407813292865	-0.9341420192207399	1.7796000253769937	0.6324842212869529	0.397207971459949	-4.835508767040516	-1.869882148738308	-0.9307008322206163	-3.1853047522005777	3.4036021411232644
2,6-dichlorothiobenzamide	-3.261066537744122	-0.10882237860906332	-4.591265312726889	6.056528695059824	32.29308648762534	20.04497937405309	-6.502621935366323	-6.802343716772726	17.71305330038237	-19.4304784500228
2,6-dimethylpyridine	-2.7814369535365424	-1.4239082400867094	2.1074364738009037	-1.5974135461428463	-1.298326604085779	-2.599005042445316	0.35273099508954153	0.7563929192798042	-1.9205983917513552	1.6795674268341192
2-3-4-Trihydroxybenz	-6.234416503206385	-4.16247468933744	-1.7616508033882559	-4.740987317341461	-3.5617348570538176	39.941730643363904	-10.720231535102563	-2.34831744758888	-15.001178039706307	17.844590787554093
2-3-butanediol	-3.1914148607155273	-1.6134157141598597	0.8687643163288776	-0.10885382367298928	-2.594233831317343	-2.333775772107387	0.5154510875189526	1.063897419157057	-2.6582041921528052	2.3906693964185264
2-bromopropane	-4.247498754216177	-2.6947073910594566	2.2452568580138315	-7.807589250836955	-3.877491771149738	4.1253015636591455	7.622797479387099	5.60400831398382	1.7271060983986186	-2.0384434957415314
2-butanone	-1.9945614041602733	-1.0916532209124463	4.315261717684105	-4.641119498360189	1.515062163535133	-2.78683010393788	0.5178470159474449	0.36692988479847427	-0.3582159344515189	0.41963363645578894
2-chlorobutane	-4.357777241202444	-2.693779475731763	2.0661766336670353	-7.210969048492579	-4.287073947727499	3.9186920653031123	7.229679806045357	5.482217159602817	1.2471182644927663	-1.7595641142480396
2-chloropentane	-4.375578707991537	-2.69225289810309	0.815803776680142	-3.6709802720495093	-6.307727204600347	3.2595090548654198	3.0689185683641202	2.8879149327196543	1.3147991888360122	-2.215409116227223
2-chloropropane	-4.362078469613118	-2.3480977008440806	2.474813461868124	-6.455188382524113	-3.486134422661729	2.545999149485387	5.652042279867794	4.539627933581159	0.46036637097019795	-1.228653049527182
2-Chlorotoluene	-1.8688046733299362	-0.12424289515703958	0.9199187912390665	1.7152220591040745	2.798526266545642	-6.072788939140035	-1.981916505408	-1.5331388029517918	-3.423315942256118	4.298799281840508
2-Ethylphenol	-2.0975275909305697	-0.5993943341413968	0.35078013148027	0.002689590476974885	1.1705006868361474	-2.629188249976863	-0.6218558666235057	-1.182454116012085	3.4506815067023564	-3.2589254661758393
2-ethylpyrazine	-3.4249531932002486	-2.4826278162990287	2.2442347724040403	-2.9437368979897864	7.423080532229062	22.92288751221561	-17.59775560740654	-11.820918323694249	10.704848888018098	-11.196144967516865
2-heptanone	-2.0172738446136163	-1.147671551860812	4.260915615700931	-4.8087849971201315	1.3955818525344477	-2.5393276376167075	0.8046200581730324	0.5427077754783141	-0.2112412665023016	0.30950065228423107
2-hexanone	-2.0323256047029226	-1.2218109856361186	4.190342625323865	-5.019908851749949	1.2395088148153695	-2.2187078722973963	1.1750367255313796	0.76587813043778	-0.021058914568446625	0.17140918665449134
2-Hydroxy-1-naphthaldehyde	-4.9605111193598	1.3140178229517359	-10.204268601011737	6.396098769682664	17.58722465381874	8.592961557618104	14.928598376981208	9.455396117234866	4.928614009599331	-6.951834420535244
cyclopentanol	-2.0364224030480362	-1.1560060353620547	4.247536904176272	-4.811987111149876	1.35566828025917	-2.5065018244943227	0.8311328808649869	0.5685934733819	-0.21616831970690914	0.30320915728190967
cyclopentanone	-2.0460841189825585	-1.5282992306544954	3.869814749941012	-5.8025071352352455	0.5805896139722752	-0.9521385938259076	2.638656244715199	1.637162304328546	0.7311767517532098	-0.3511913889943602
cyclopentene	-1.28150254752175	-0.5830896672896612	4.986590948505994	-3.6824442844881142	3.2536843111564324	-4.960699220453974	-1.7070102198615953	-1.2820562699550118	-0.9875255185985619	1.176891042959323
cyclopropane	-3.724439636894228	-1.9915871673416963	2.999022911859478	-5.949201372233936	-2.083802237204166	1.0472983022710853	4.201468102612089	3.372706528820158	0.21461101834054197	-0.7676378728223037
Cysteamine	-2.313546828238171	-1.137929059170168	0.5571521181119322	1.0060478110645383	0.2704321827341608	-3.786240800806361	-0.45959244993034715	-0.22074121992633625	-3.0903490126649094	3.967961549184613
dibromomethane	-5.555357524131611	-0.11994191450596599	-9.094545705507779	7.183221131326955	-3.6409902833452614	0.06738298471611238	6.3875596851476955	4.415845932481707	-3.543500383002782	4.491133366839797
dichloromethane	-4.937141212476398	-0.12421702071790224	-10.177109597267773	13.09644652111623	-5.106470052117345	-1.7825427005078873	-3.1098459984325273	-2.6775547291799087	5.480197052835784	-6.37625313202097
diethylamine	-1.7584581447300345	-1.015834864952086	4.461802239923933	-4.6356289876162755	1.9394192954640506	-3.095432079031451	0.27324252147656897	0.10307133693149852	-0.2815343193516245	0.4760373002848354
diethyl_disulfide	-2.118685137012921	-0.9893797860344073	3.9150591367796785	-4.180520247509045	25.251020961745976	14.817040828648167	-3.423338847753856	-2.2330923949767643	-0.9608317789568437	1.644720589002275
Diethyl_Ether	-2.0443217495839847	-1.574787225213628	3.8219456653550354	-5.927547857399492	0.4832815952368446	-0.7558215026599018	2.8672082670728485	1.7714968157970443	0.8520692022210677	-0.43294393856813423
diethyl_sulfide	-1.3953140562144302	-0.771175479347384	4.78904439897471	-4.191988504131956	2.7996444029197494	-4.141127642459288	-0.7854728885005636	-0.6939971616225913	-0.5589835009085282	0.8329225331546642
difluorodichloromethane	20.518756909856506	-2.8149346809755738	3.70494322869556	0.13772208664365138	5.711513694551739	-7.769953539498618	-7.787127615108655	0.6555194332711052	-0.17454906075272295	3.1200543632878404
dimethylamine	-1.7387258520024125	-1.0348691324821386	4.449824718014292	-4.713173356989827	1.9283136178267493	-3.011172899108068	0.38495469670479343	0.1574708762530842	-0.20037909869154608	0.4304256597854339
Dimethyl_3-methyl-4-nitrophenol_thiophosphate	-3.7297409978807345	9.28416800976671	-23.780637742376783	23.42553569634789	31.769535770460582	0.34044547733120967	17.535547219069855	10.566084130078377	-5.76587970926155	5.308809573108296
dimethyl_disulfide	-1.9413427618656969	-0.2560256621921694	2.6929266725976966	-1.376935022564202	25.527425843099557	8.125814771962954	-0.7466681399758047	-1.0566588055399455	1.38826006722333	-1.566885763070193
dimethyl_ether	-2.07725908909986	-1.608384580250217	3.77966165117203	-5.995010912354992	0.3806100111283349	-0.6156838636694878	3.0166593363950946	1.875421230630993	0.9047762903821176	-0.4841611125408478
dimethyl_sulfide	-1.4178113830324905	-0.7708118771377963	4.787080648653219	-4.186616712460573	2.7817526073178374	-4.1356931717643315	-0.7872884329512246	-0.6851787597978144	-0.5746052219680855	0.8332644811133504
dipropylamine	-1.792416177919074	-1.070326027838841	4.404814658971367	-4.790092817326331	1.809952869494473	-2.852362909849915	0.5491298693440848	0.27791633245648006	-0.1487989165132978	0.3711118580927825
dipropyl_sulfide	-1.3600412946334093	-0.6202603140573001	4.92918530102599	-3.7282033203725256	3.0958039116902274	-4.803238960332638	-1.5605455138666404	-1.1574669524517185	-0.9736914865170719	1.1313022365886893
ethane	-5.612649083845548	-2.679292818409685	-2.2717660281417	-1.0396112140286635	-6.923372234188916	4.669882495621439	3.3529330741569097	2.5019314850026038	6.076058906965142	-7.4803520868054
ethanethiol	-1.240420634667985	-0.5155294604475751	5.049738892013426	-3.472700659677166	3.4026926249432807	-5.266125435871694	-2.057716720836594	-1.5020724527729001	-1.1610987121601999	1.313726144662146
ethene	-1.00601064167686	-0.4778001386648433	5.166434292777623	-3.60945515731534	3.769692691503129	-5.400108248285838	-2.087080332759553	-1.6432290943463914	-0.9558331528186744	1.2825328066224977
ethylamine	-1.7152206277582358	-0.9675793746338579	4.521209255868923	-4.54073073503963	2.0870701332584134	-3.294878783676443	0.06237938771913386	-0.0432874143342167	-0.35373036915573824	0.5463384989779672
ethylbenzene	-1.9267899359415601	-1.1491453467145953	2.1378840256974563	-1.0301647392300934	0.454661082604808	-3.700041128787909	-0.42739693933569617	-0.21414668483643604	-1.9039226916793741	2.4219473534323064
ethyl_acetate	-2.9990889623294836	-1.6823644676745517	0.805161606364376	0.9116546048618571	-3.482454589326747	-0.8685543287474868	-5.406382470595775	-3.6599722412469387	3.523670660737176	-4.192692261143455
ethyl_formate	-2.9670317831412216	-1.4613853968406263	0.2645854757021613	2.0208653600502537	-2.666931005584573	-1.70620766225957	-5.676488381015595	-4.073037647045112	4.413986292986208	-5.191148602302497
ethyl_peroxide	-2.062404952847349	-1.0710813165409911	4.3008682570073855	-4.463631908362622	1.447668275286619	-2.9007810493788155	0.33327707881633356	0.29970401395360463	-0.5375919382617941	0.5108033694994939
ethyl_phenyl_ether	-2.900695114751826	1.7196865833034187	-6.5764525407688454	8.421703686211961	2.6033416749223286	-5.414894380599083	-0.41786440519682794	-1.3986672692045337	0.7668542479757174	0.045293938370712876
Ethyl_trifluorovinyl_ether	63.378430864025326	16.60097944419845	12.979277246640397	11.217583020196479	2.762572427715137	-4.103410321511295	-33.30874670246941	44.38034813911808	-5.194598764265726	-6.386821254709289
ethyne	-3.07947442293858	-1.6279921742573178	3.5327398883637633	-5.4337476870207135	-0.6572944159283803	-0.4792342678702202	2.723021386741975	2.1850228449035707	-0.0378633350518443	-0.2987019720927037
Fenuron	-3.266490521868213	-0.3332205022012164	-4.381166270189369	7.515000682484029	-2.946334681908368	-1.980003783790741	-7.057280470525454	-5.507618313205989	6.28869486739331	-6.917037445252512
fluorobenzene	-1.8706864279135351	-0.5392510605723283	0.5184622510865909	0.22752867775975705	1.8985224530697444	-4.044732096445302	0.4540464073201157	-0.0987235512351578	-2.036327775533971	3.245502318237245
fluoromethane	37.61409296608948	-8.929373076204412	-10.329789431303995	-11.085817694378763	3.9352984035624106	-6.083742341033321	14.074002208998264	-35.490895442693336	-34.633269523448035	-22.066481743606392
fluorotrichloromethane	22.37734603051475	-2.863463739349153	2.234033802393797	-2.826897254188247	8.019774711666747	-11.400484631845195	-13.956797802961823	1.6139411462735824	-12.54786463676868	-5.4491337326939435
hexachloroethane	-6.662379960048584	-2.138101415801749	-12.282033948027113	13.830744940038114	-13.664088118955876	2.1343630399057534	-0.49291580304253446	0.8009483870299653	-2.030040979329802	1.615393153701978
hexafluoroethane	7.843900509457843	7.729778477132011	1.6299924125223306	-5.478792464072798	9.11216353686445	-7.355716656780193	-12.729266167198036	-2.52926120749427	-4.4690738100152005	1.4219819382775787
hydrazine	31.01235967801044	52.72870484758363	68.09957285649752	46.77867719821204	-8.038302959184369	12.392386218625298	20.244880366611493	-13.113387793529961	0.1667895585218941	-0.056065179768648755
hydrogen	-1.8131067095835263	-0.9623583511434364	4.518240886201568	-4.510333923165488	2.024419118596539	-3.294271682441152	0.027810390094129233	-0.02090670187237611	-0.4350522579581126	0.5565580199658686
hydrogen_peroxide	21.30579628013333	-7.620025012767861	-0.8287751312095113	-6.0431966113190425	6.24935117790222	-9.466954120001722	2.2965498986461923	-18.567717543760946	34.58951116157143	38.03637812742559
hydrogen_sulfide	-1.2180758152940743	-0.6313440808340974	4.968774788550223	-3.916865315400835	3.2582072153394113	-4.738044550325545	-1.4037783168554827	-1.1421072838212392	-0.7506356535777039	1.0453725317805451
isopropanol	-2.0976336671205016	-1.4770876003069964	3.9182926261628817	-5.670390340186597	0.6548792225636884	-1.1470245571203956	2.3942987715699027	1.5141942353576527	0.5757174019985049	-0.2667724670031794
isopropyl_ether	-2.106562274203304	-1.3829419468139044	4.001987247424881	-5.391342296614264	0.8240883114419173	-1.5375480207439993	1.889541920974512	1.2164307283790274	0.35117535708016173	-0.12421507496279004
m-cresol	-1.9767235947427368	-0.4801551803593078	1.437677377486269	1.1679473629229724	1.539839054355035	-4.525617049861536	-4.19994115408751	-3.3571423122283166	2.649838263334094	-2.950071605748089
m-hydroxybenzaldehyde	-5.392276408272188	-3.833141998754127	0.9457471937080271	-5.147769203533595	-2.0308690462845904	40.92420085605487	-16.95728708649715	-5.663596076048213	-18.988069604723876	21.414927101901696
m-Phenylenediamine	-1.9633909485766485	0.8586154173262139	-0.9006810561579478	1.7466201047661067	3.345267598469897	-5.1838535427974906	0.25830797116611603	-0.437482359562828	-1.3323918416561307	2.1992155294243254
m-xylene	-1.9152201691232478	-0.8407254635380621	1.6415657538358477	0.4187929328397748	1.4866294553492636	-4.758765805454382	-1.4563277817330749	-0.9799562761323843	-2.9308992976992503	3.7043782866165826
methane	-6.978273438183217	-3.862252286496461	0.3862794789872539	-9.044839967697621	-9.132770423946932	9.065832828451349	12.104952969459305	9.583165520731098	1.863386668547769	-3.39209938434511
methanethiol	-1.3564174847645318	-0.7847624039040775	4.787774721400602	-4.259652786596946	2.81287379738802	-4.081735566864903	-0.6974093714380009	-0.6613807956586435	-0.4806451295365597	0.7965087390060248
Methenamine	-7.3447323329373235	-4.9219863635821435	-0.67874618861875	-12.023276530023562	-11.465574692430517	13.645294817871594	17.36866858524638	12.816114057325562	4.497444147347171	-5.3576011124679965
methyl_3-methyl-4-thiomethoxyphenyl_thiophosphate	-4.0865182591346185	6.490361018014119	-22.330000538362622	21.297268488278583	30.11104108957874	3.736710711184933	19.00336793004853	11.37222563116811	-3.7644779744895365	3.961112996372872
