-24.36583346	0.0	0.0	0.0	0.0	0.0	0.0	0.0	0.0	0.0
-24.33283346	0.0	0.0	0.0	0.0	0.0	0.0	0.0	0.0	0.0
-24.30083346	0.0	0.0	0.0	0.0	0.0	0.0	0.0	0.0	0.0
-24.26883346	0.0	0.0	0.0	0.0	0.0	0.0	0.0	0.0	0.0
-24.23583346	0.0	0.0	0.0	0.0	0.0	0.0	0.0	0.0	0.0
-24.20383346	0.0	0.0	0.0	0.0	0.0	0.0	0.0	0.0	0.0
-24.171833460000002	0.0	0.0	0.0	0.0	0.0	0.0	0.0	0.0	0.0
-24.13883346	0.0	0.0	0.0	0.0	0.0	0.0	0.0	0.0	0.0
-24.10683346	0.0	0.0	0.0	0.0	0.0	0.0	0.0	0.0	0.0
-24.07483346	0.0	0.0	0.0	0.0	0.0	0.0	0.0	0.0	0.0
-24.04183346	0.0	0.0	0.0	0.0	0.0	0.0	0.0	0.0	0.0
-24.00983346	0.0	0.0	0.0	0.0	0.0	0.0	0.0	0.0	0.0
-23.97783346	0.0	0.0	0.0	0.0	0.0	0.0	0.0	0.0	0.0
-23.94583346	0.0	0.0	0.0	0.0	0.0	0.0	0.0	0.0	0.0
-23.91283346	0.0	0.0	0.0	0.0	0.0	0.0	0.0	0.0	0.0
-23.88083346	0.0	0.0	0.0	0.0	0.0	0.0	0.0	0.0	0.0
-23.84883346	0.0	0.0	0.0	0.0	0.0	0.0	0.0	0.0	0.0
-23.81583346	0.0	0.0	0.0	0.0	0.0	0.0	0.0	0.0	0.0
-23.78383346	0.0	0.0	0.0	0.0	0.0	0.0	0.0	0.0	0.0
-23.75183346	0.0	0.0	0.0	0.0	0.0	0.0	0.0	0.0	0.0
-23.71883346	0.0	0.0	0.0	0.0	0.0	0.0	0.0	0.0	0.0
-23.68683346	0.0	0.0	0.0	0.0	0.0	0.0	0.0	0.0	0.0
-23.65483346	0.0	0.0	0.0	0.0	0.0	0.0	0.0	0.0	0.0
-23.62183346	0.0	0.0	0.0	0.0	0.0	0.0	0.0	0.0	0.0
-23.58983346	0.0	0.0	0.0	0.0	0.0	0.0	0.0	0.0	0.0
-23.55783346	0.0	0.0	0.0	0.0	0.0	0.0	0.0	0.0	0.0
-23.52483346	0.0	0.0	0.0	0.0	0.0	0.0	0.0	0.0	0.0
-23.49283346	0.0	0.0	0.0	0.0	0.0	0.0	0.0	0.0	0.0
-23.46083346	4.5242819758700003e-14	2.3345615259300003e-15	1.1939231064000002e-16	2.2870865640199998e-15	0.0	0.0	0.0	0.0	0.0
-23.42783346	1.591469233e-12	8.2138179061e-14	4.201636241699999e-15	8.046753797600999e-14	0.0	0.0	0.0	0.0	0.0
-23.39583346	4.6636250194500005e-11	2.4058441737000002e-12	1.2307248000999999e-13	2.3571161680939997e-12	0.0	0.0	0.0	0.0	0.0
-23.36383346	1.1105211362199998e-09	5.729407698100001e-11	2.9309209705999997e-12	5.6135645390380005e-11	0.0	0.0	0.0	0.0	0.0
-23.33183346	2.1514665131699998e-08	1.10980467488e-09	5.676588449100001e-11	1.0873341797592e-09	0.0	0.0	0.0	0.0	0.0
-23.29883346	3.38992892739e-07	1.74938406303e-08	8.945682135699998e-10	1.713423261636e-08	0.0	0.0	0.0	0.0	0.0
-23.26683346	4.34595722672e-06	2.24230484487e-07	1.1470238905999999e-08	2.1966811185120002e-07	0.0	0.0	0.0	0.0	0.0
-23.23483346	4.534383635580001e-05	2.33913165498e-06	1.1965876967000003e-07	2.2919579983929997e-06	0.0	0.0	0.0	0.0	0.0
-23.20183346	0.00038498735909300006	1.9860905601e-05	1.0161136629799999e-06	1.946762425434e-05	0.0	0.0	0.0	0.0	0.0
-23.16983346	0.00266048876671	0.000137287256135	7.0219153686e-06	0.00013450836278424997	0.0	0.0	0.0	0.0	0.0
-23.13783346	0.0149715084391	0.00077231596933	3.9506864942000005e-05	0.0007566701178095999	0.0	0.0	0.0	0.0	0.0
-23.104833460000002	0.06855489785059998	0.0035374821076999993	0.00018088284609	0.003465133627087	0.0	0.0	0.0	0.0	0.0
-23.072833460000002	0.255608387454	0.013189765401100001	0.00067464426399	0.012922286340389999	0.0	0.0	0.0	0.0	0.0
-23.04083346	0.7761121988909999	0.04004389487600001	0.0020484844009	0.03922842864086999	0.0	0.0	0.0	0.0	0.0
-23.00783346	1.9191235161099998	0.09900098989200001	0.005064110476100001	0.09699456615848	0.0	0.0	0.0	0.0	0.0
-22.97583346	3.8633973528100007	0.199300994999	0.010195211370899997	0.1953176627908	0.0	0.0	0.0	0.0	0.0
-22.94383346	6.334157973500001	0.32684212178	0.016714122853000002	0.32023750260590006	0.0	0.0	0.0	0.0	0.0
-22.91083346	8.458257051510001	0.4364561015199999	0.022324569888	0.42758946625200006	0.0	0.0	0.0	0.0	0.0
-22.87883346	9.19920969603	0.47462710580999995	0.024275241535	0.4650043890487	0.0	0.0	0.0	0.0	0.0
-22.84683346	8.148058848420002	0.42039923156000003	0.02150186924	0.41199784021909996	0.0	0.0	0.0	0.0	0.0
-22.81483346	5.878358535350001	0.303350225341	0.015513401252	0.29719317764229997	0.0	0.0	0.0	0.0	0.0
-22.78183346	3.45403894682	0.17821848457800005	0.0091146780462	0.1746406584977	0.0	0.0	0.0	0.0	0.0
-22.74983346	1.6529547214400002	0.08527004777	0.0043611761275	0.08353830305795001	0.0	0.0	0.0	0.0	0.0
-22.71783346	0.6439662830680002	0.0332264130837	0.0016993750353000003	0.03255046425903	0.0	0.0	0.0	0.0	0.0
-22.68483346	0.204352525211	0.010542278166300002	0.00053926990335	0.010329553198246999	0.0	0.0	0.0	0.0	0.0
-22.65283346	0.0527905985645	0.0027234119433699995	0.00013931076520999998	0.0026685531164909997	0.0	0.0	0.0	0.0	0.0
-22.62083346	0.011104189030200001	0.0005728406586000001	2.9297999581e-05	0.0005612452404006999	0.0	0.0	0.0	0.0	0.0
-22.58783346	0.00190155444902	9.810060648000001e-05	5.0173357788e-06	9.610716401492e-05	0.0	0.0	0.0	0.0	0.0
-22.55583346	0.000265018656398	1.36718916798e-05	6.9931392531e-07	1.3395078678689999e-05	0.0	0.0	0.0	0.0	0.0
-22.52383346	3.0058174572799998e-05	1.55149990382e-06	7.933260292200001e-08	1.5195833316432e-06	0.0	0.0	0.0	0.0	0.0
-22.49083346	2.7756942035400002e-06	1.43214040366e-07	7.3248945371e-09	1.4030118453191997e-07	0.0	0.0	0.0	0.0	0.0
-22.45883346	2.08502885325e-07	1.0757476166999998e-08	5.502246942e-10	1.053893510248e-08	0.0	0.0	0.0	0.0	0.0
-22.42683346	1.27480279771e-08	6.575318343399999e-10	3.362621595799999e-11	6.441735237753e-10	0.0	0.0	0.0	0.0	0.0
-22.39383346	6.33668111772e-10	3.2697693465399995e-11	1.6726550111e-12	3.2028165820999995e-11	0.0	0.0	0.0	0.0	0.0
-22.36183346	2.563441318e-11	1.3223988742800001e-12	6.763543321e-14	1.2956479925812e-12	0.0	0.0	0.0	0.0	0.0
-22.32983346	8.42675331232e-13	4.3476616056e-14	2.2234613488e-15	4.2599573213999994e-14	0.0	0.0	0.0	0.0	0.0
-22.296833460000002	2.2621393368599995e-14	1.16713108566e-15	5.970219767600001e-17	1.1434873260048e-15	0.0	0.0	0.0	0.0	0.0
-22.264833460000002	0.0	0.0	0.0	0.0	0.0	0.0	0.0	0.0	0.0
-22.232833460000002	0.0	0.0	0.0	0.0	0.0	0.0	0.0	0.0	0.0
-22.200833460000002	0.0	0.0	0.0	0.0	0.0	0.0	0.0	0.0	0.0
-22.16783346	0.0	0.0	0.0	0.0	0.0	0.0	0.0	0.0	0.0
-22.13583346	0.0	0.0	0.0	0.0	0.0	0.0	0.0	0.0	0.0
-22.10383346	0.0	0.0	0.0	0.0	0.0	0.0	0.0	0.0	0.0
-22.07083346	0.0	0.0	0.0	0.0	0.0	0.0	0.0	0.0	0.0
-22.03883346	0.0	0.0	0.0	0.0	0.0	0.0	0.0	0.0	0.0
-22.00683346	0.0	0.0	0.0	0.0	0.0	0.0	0.0	0.0	0.0
-21.97383346	0.0	0.0	0.0	0.0	0.0	0.0	0.0	0.0	0.0
-21.94183346	0.0	0.0	0.0	0.0	0.0	0.0	0.0	0.0	0.0
-21.90983346	0.0	0.0	0.0	0.0	0.0	0.0	0.0	0.0	0.0
-21.87683346	0.0	0.0	0.0	0.0	0.0	0.0	0.0	0.0	0.0
-21.84483346	0.0	0.0	0.0	0.0	0.0	0.0	0.0	0.0	0.0
-21.81283346	0.0	0.0	0.0	0.0	0.0	0.0	0.0	0.0	0.0
-21.77983346	0.0	0.0	0.0	0.0	0.0	0.0	0.0	0.0	0.0
-21.74783346	0.0	0.0	0.0	0.0	0.0	0.0	0.0	0.0	0.0
-21.71583346	0.0	0.0	0.0	0.0	0.0	0.0	0.0	0.0	0.0
-21.68283346	0.0	0.0	0.0	0.0	0.0	0.0	0.0	0.0	0.0
-21.65083346	0.0	0.0	0.0	0.0	0.0	0.0	0.0	0.0	0.0
-21.61883346	0.0	0.0	0.0	0.0	0.0	0.0	0.0	0.0	0.0
-21.58683346	0.0	0.0	0.0	0.0	0.0	0.0	0.0	0.0	0.0
-21.55383346	0.0	0.0	0.0	0.0	0.0	0.0	0.0	0.0	0.0
-21.52183346	0.0	0.0	0.0	0.0	0.0	0.0	0.0	0.0	0.0
-21.48983346	0.0	0.0	0.0	0.0	0.0	0.0	0.0	0.0	0.0
-21.45683346	0.0	0.0	0.0	0.0	0.0	0.0	0.0	0.0	0.0
-21.42483346	0.0	0.0	0.0	0.0	0.0	0.0	0.0	0.0	0.0
-21.39283346	0.0	0.0	0.0	0.0	0.0	0.0	0.0	0.0	0.0
-21.35983346	0.0	0.0	0.0	0.0	0.0	0.0	0.0	0.0	0.0
-21.32783346	0.0	0.0	0.0	0.0	0.0	0.0	0.0	0.0	0.0
-21.29583346	0.0	0.0	0.0	0.0	0.0	0.0	0.0	0.0	0.0
-21.26283346	0.0	0.0	0.0	0.0	0.0	0.0	0.0	0.0	0.0
-21.23083346	0.0	0.0	0.0	0.0	0.0	0.0	0.0	0.0	0.0
-21.19883346	0.0	0.0	0.0	0.0	0.0	0.0	0.0	0.0	0.0
-21.16583346	0.0	0.0	0.0	0.0	0.0	0.0	0.0	0.0	0.0
-21.13383346	0.0	0.0	0.0	0.0	0.0	0.0	0.0	0.0	0.0
-21.10183346	0.0	0.0	0.0	0.0	0.0	0.0	0.0	0.0	0.0
-21.06983346	0.0	0.0	0.0	0.0	0.0	0.0	0.0	0.0	0.0
-21.03683346	0.0	0.0	0.0	0.0	0.0	0.0	0.0	0.0	0.0
-21.00483346	0.0	0.0	0.0	0.0	0.0	0.0	0.0	0.0	0.0
-20.97283346	0.0	0.0	0.0	0.0	0.0	0.0	0.0	0.0	0.0
-20.93983346	0.0	0.0	0.0	0.0	0.0	0.0	0.0	0.0	0.0
-20.90783346	0.0	0.0	0.0	0.0	0.0	0.0	0.0	0.0	0.0
-20.87583346	0.0	0.0	0.0	0.0	0.0	0.0	0.0	0.0	0.0
-20.84283346	0.0	0.0	0.0	0.0	0.0	0.0	0.0	0.0	0.0
-20.81083346	0.0	0.0	0.0	0.0	0.0	0.0	0.0	0.0	0.0
-20.77883346	0.0	0.0	0.0	0.0	0.0	0.0	0.0	0.0	0.0
-20.74583346	0.0	0.0	0.0	0.0	0.0	0.0	0.0	0.0	0.0
-20.71383346	0.0	0.0	0.0	0.0	0.0	0.0	0.0	0.0	0.0
-20.68183346	0.0	0.0	0.0	0.0	0.0	0.0	0.0	0.0	0.0
-20.64883346	0.0	0.0	0.0	0.0	0.0	0.0	0.0	0.0	0.0
-20.61683346	0.0	0.0	0.0	0.0	0.0	0.0	0.0	0.0	0.0
-20.58483346	0.0	0.0	0.0	0.0	0.0	0.0	0.0	0.0	0.0
-20.55183346	0.0	0.0	0.0	0.0	0.0	0.0	0.0	0.0	0.0
-20.51983346	0.0	0.0	0.0	0.0	0.0	0.0	0.0	0.0	0.0
-20.48783346	0.0	0.0	0.0	0.0	0.0	0.0	0.0	0.0	0.0
-20.45583346	0.0	0.0	0.0	0.0	0.0	0.0	0.0	0.0	0.0
-20.42283346	0.0	0.0	0.0	0.0	0.0	0.0	0.0	0.0	0.0
-20.39083346	0.0	0.0	0.0	0.0	0.0	0.0	0.0	0.0	0.0
-20.35883346	0.0	0.0	0.0	0.0	0.0	0.0	0.0	0.0	0.0
-20.325833460000002	0.0	0.0	0.0	0.0	0.0	0.0	0.0	0.0	0.0
-20.293833460000002	0.0	0.0	0.0	0.0	0.0	0.0	0.0	0.0	0.0
-20.261833460000002	0.0	0.0	0.0	0.0	0.0	0.0	0.0	0.0	0.0
-20.22883346	0.0	0.0	0.0	0.0	0.0	0.0	0.0	0.0	0.0
-20.19683346	0.0	0.0	0.0	0.0	0.0	0.0	0.0	0.0	0.0
-20.16483346	0.0	0.0	0.0	0.0	0.0	0.0	0.0	0.0	0.0
-20.13183346	0.0	0.0	0.0	0.0	0.0	0.0	0.0	0.0	0.0
-20.09983346	0.0	0.0	0.0	0.0	0.0	0.0	0.0	0.0	0.0
-20.06783346	0.0	0.0	0.0	0.0	0.0	0.0	0.0	0.0	0.0
-20.03483346	0.0	0.0	0.0	0.0	0.0	0.0	0.0	0.0	0.0
-20.00283346	0.0	0.0	0.0	0.0	0.0	0.0	0.0	0.0	0.0
-19.97083346	0.0	0.0	0.0	0.0	0.0	0.0	0.0	0.0	0.0
-19.93783346	0.0	0.0	0.0	0.0	0.0	0.0	0.0	0.0	0.0
-19.90583346	0.0	0.0	0.0	0.0	0.0	0.0	0.0	0.0	0.0
-19.87383346	0.0	0.0	0.0	0.0	0.0	0.0	0.0	0.0	0.0
-19.84183346	0.0	0.0	0.0	0.0	0.0	0.0	0.0	0.0	0.0
-19.80883346	0.0	0.0	0.0	0.0	0.0	0.0	0.0	0.0	0.0
-19.77683346	0.0	0.0	0.0	0.0	0.0	0.0	0.0	0.0	0.0
-19.74483346	0.0	0.0	0.0	0.0	0.0	0.0	0.0	0.0	0.0
-19.71183346	0.0	0.0	0.0	0.0	0.0	0.0	0.0	0.0	0.0
-19.67983346	0.0	0.0	0.0	0.0	0.0	0.0	0.0	0.0	0.0
-19.64783346	0.0	0.0	0.0	0.0	0.0	0.0	0.0	0.0	0.0
-19.61483346	0.0	0.0	0.0	0.0	0.0	0.0	0.0	0.0	0.0
-19.58283346	0.0	0.0	0.0	0.0	0.0	0.0	0.0	0.0	0.0
-19.55083346	0.0	0.0	0.0	0.0	0.0	0.0	0.0	0.0	0.0
-19.51783346	0.0	0.0	0.0	0.0	0.0	0.0	0.0	0.0	0.0
-19.48583346	0.0	0.0	0.0	0.0	0.0	0.0	0.0	0.0	0.0
-19.45383346	0.0	0.0	0.0	0.0	0.0	0.0	0.0	0.0	0.0
-19.42083346	0.0	0.0	0.0	0.0	0.0	0.0	0.0	0.0	0.0
-19.38883346	0.0	0.0	0.0	0.0	0.0	0.0	0.0	0.0	0.0
-19.35683346	0.0	0.0	0.0	0.0	0.0	0.0	0.0	0.0	0.0
-19.32483346	0.0	0.0	0.0	0.0	0.0	0.0	0.0	0.0	0.0
-19.29183346	0.0	0.0	0.0	0.0	0.0	0.0	0.0	0.0	0.0
-19.25983346	0.0	0.0	0.0	0.0	0.0	0.0	0.0	0.0	0.0
-19.22783346	0.0	0.0	0.0	0.0	0.0	0.0	0.0	0.0	0.0
-19.19483346	0.0	0.0	0.0	0.0	0.0	0.0	0.0	0.0	0.0
-19.16283346	0.0	0.0	0.0	0.0	0.0	0.0	0.0	0.0	0.0
-19.13083346	0.0	0.0	0.0	0.0	0.0	0.0	0.0	0.0	0.0
-19.09783346	0.0	0.0	0.0	0.0	0.0	0.0	0.0	0.0	0.0
-19.06583346	0.0	0.0	0.0	0.0	0.0	0.0	0.0	0.0	0.0
-19.03383346	0.0	0.0	0.0	0.0	0.0	0.0	0.0	0.0	0.0
-19.00083346	0.0	0.0	0.0	0.0	0.0	0.0	0.0	0.0	0.0
-18.96883346	0.0	0.0	0.0	0.0	0.0	0.0	0.0	0.0	0.0
-18.93683346	0.0	0.0	0.0	0.0	0.0	0.0	0.0	0.0	0.0
-18.90383346	0.0	0.0	0.0	0.0	0.0	0.0	0.0	0.0	0.0
-18.87183346	0.0	0.0	0.0	0.0	0.0	0.0	0.0	0.0	0.0
-18.83983346	0.0	0.0	0.0	0.0	0.0	0.0	0.0	0.0	0.0
-18.80683346	0.0	0.0	0.0	0.0	0.0	0.0	0.0	0.0	0.0
-18.77483346	0.0	0.0	0.0	0.0	0.0	0.0	0.0	0.0	0.0
-18.74283346	0.0	0.0	0.0	0.0	0.0	0.0	0.0	0.0	0.0
-18.71083346	0.0	0.0	0.0	0.0	0.0	0.0	0.0	0.0	0.0
-18.67783346	0.0	0.0	0.0	0.0	0.0	0.0	0.0	0.0	0.0
-18.64583346	0.0	0.0	0.0	0.0	0.0	0.0	0.0	0.0	0.0
-18.61383346	0.0	0.0	0.0	0.0	0.0	0.0	0.0	0.0	0.0
-18.58083346	0.0	0.0	0.0	0.0	0.0	0.0	0.0	0.0	0.0
-18.54883346	0.0	0.0	0.0	0.0	0.0	0.0	0.0	0.0	0.0
-18.51683346	0.0	0.0	0.0	0.0	0.0	0.0	0.0	0.0	0.0
-18.48383346	0.0	0.0	0.0	0.0	0.0	0.0	0.0	0.0	0.0
-18.45183346	0.0	0.0	0.0	0.0	0.0	0.0	0.0	0.0	0.0
-18.41983346	0.0	0.0	0.0	0.0	0.0	0.0	0.0	0.0	0.0
-18.386833460000002	0.0	0.0	0.0	0.0	0.0	0.0	0.0	0.0	0.0
-18.354833460000002	0.0	0.0	0.0	0.0	0.0	0.0	0.0	0.0	0.0
-18.322833460000002	0.0	0.0	0.0	0.0	0.0	0.0	0.0	0.0	0.0
-18.28983346	0.0	0.0	0.0	0.0	0.0	0.0	0.0	0.0	0.0
-18.25783346	0.0	0.0	0.0	0.0	0.0	0.0	0.0	0.0	0.0
-18.22583346	0.0	0.0	0.0	0.0	0.0	0.0	0.0	0.0	0.0
-18.19283346	0.0	0.0	0.0	0.0	0.0	0.0	0.0	0.0	0.0
-18.16083346	0.0	0.0	0.0	0.0	0.0	0.0	0.0	0.0	0.0
-18.12883346	0.0	0.0	0.0	0.0	0.0	0.0	0.0	0.0	0.0
-18.09683346	0.0	0.0	0.0	0.0	0.0	0.0	0.0	0.0	0.0
-18.06383346	0.0	0.0	0.0	0.0	0.0	0.0	0.0	0.0	0.0
-18.03183346	0.0	0.0	0.0	0.0	0.0	0.0	0.0	0.0	0.0
-17.99983346	0.0	0.0	0.0	0.0	0.0	0.0	0.0	0.0	0.0
-17.96683346	0.0	0.0	0.0	0.0	0.0	0.0	0.0	0.0	0.0
-17.93483346	0.0	0.0	0.0	0.0	0.0	0.0	0.0	0.0	0.0
-17.90283346	0.0	0.0	0.0	0.0	0.0	0.0	0.0	0.0	0.0
-17.86983346	0.0	0.0	0.0	0.0	0.0	0.0	0.0	0.0	0.0
-17.83783346	6.4583258e-15	2.347409406e-16	2.39658035e-17	4.505578436199999e-16	0.0	0.0	0.0	0.0	0.0
-17.80583346	2.3036726e-13	8.37264732e-15	8.547539000000001e-16	1.60713535789e-14	0.0	0.0	0.0	0.0	0.0
-17.77283346	7.436112299999999e-12	2.7027285700000003e-13	2.7592448699999997e-14	5.187651822300001e-13	0.0	0.0	0.0	0.0	0.0
-17.74083346	1.9517981e-10	7.09409922e-12	7.241143299999999e-13	1.3617438620999998e-11	0.0	0.0	0.0	0.0	0.0
-17.70883346	4.1664877e-09	1.5142722199999997e-10	1.54595775e-11	2.9064744685199997e-10	0.0	0.0	0.0	0.0	0.0
-17.67583346	7.234897399999998e-08	2.629477670000001e-09	2.68452212e-10	5.047692119e-09	0.0	0.0	0.0	0.0	0.0
-17.64383346	1.0219992e-06	3.7145258100000004e-08	3.79272217e-09	7.1306677681e-08	0.0	0.0	0.0	0.0	0.0
-17.61183346	1.1750255e-05	4.270597849999999e-07	4.3599784999999994e-08	8.1970674933e-07	0.0	0.0	0.0	0.0	0.0
-17.57983346	0.00010992526	3.99570554e-06	4.0788739e-07	7.6698127808e-06	0.0	0.0	0.0	0.0	0.0
-17.546833460000002	0.0008370736599999999	3.04198746e-05	3.105591020000001e-06	5.8394825377e-05	0.0	0.0	0.0	0.0	0.0
-17.514833460000002	0.0051870034	0.00018853623530000002	1.92465965e-05	0.00036187373453100007	0.0	0.0	0.0	0.0	0.0
-17.482833460000002	0.02617056	0.0009511052689999998	9.711056299999998e-05	0.0018256590430399996	0.0	0.0	0.0	0.0	0.0
-17.44983346	0.10748049999999999	0.003906593779999999	0.0003988457769999999	0.007498997476799999	0.0	0.0	0.0	0.0	0.0
-17.41783346	0.35949296999999997	0.01306516193	0.0013337427600000002	0.0250787356912	0.0	0.0	0.0	0.0	0.0
-17.38583346	0.9789455999999999	0.035577536599999994	0.0036321784	0.06828822861	0.0	0.0	0.0	0.0	0.0
-17.35283346	2.1708064	0.0789027717	0.0080534384	0.15143420457	0.0	0.0	0.0	0.0	0.0
-17.32083346	3.9204259	0.1424855147	0.014546922	0.273478986448	0.0	0.0	0.0	0.0	0.0
-17.28883346	5.7662813	0.209565065	0.021396652999999998	0.4022446734829999	0.0	0.0	0.0	0.0	0.0
-17.25583346	6.907063000000001	0.25102353909999997	0.0256286526	0.48187759836000005	0.0	0.0	0.0	0.0	0.0
-17.22383346	6.738664699999999	0.2449006966	0.0250031979	0.47014205208000004	0.0	0.0	0.0	0.0	0.0
-17.19183346	5.353793100000001	0.19460055660000003	0.019867027099999997	0.37354144480499996	0.0	0.0	0.0	0.0	0.0
-17.15883346	3.4647954999999997	0.12593239909999998	0.0128579713	0.24171969369799998	0.0	0.0	0.0	0.0	0.0
-17.12683346	1.8260646999999999	0.0663698336	0.0067761943	0.127385134003	0.0	0.0	0.0	0.0	0.0
-17.09483346	0.7836858999999999	0.028484457600000002	0.00290808537	0.054681577189	0.0	0.0	0.0	0.0	0.0
-17.06183346	0.27391209	0.009955431200000002	0.0010164036	0.0191092796505	0.0	0.0	0.0	0.0	0.0
-17.02983346	0.07794379800000001	0.0028330488999999993	0.0002892372	0.0054386485882	0.0	0.0	0.0	0.0	0.0
-16.99783346	0.018062268000000003	0.0006565263089999999	6.7016346e-05	0.0012601475097000002	0.0	0.0	0.0	0.0	0.0
-16.96583346	0.0034071168	0.00012382876009999998	1.26425362e-05	0.000237696001603	0.0	0.0	0.0	0.0	0.0
-16.93283346	0.00052316199	1.901535635e-05	1.9413294399999996e-06	3.65035031604e-05	0.0	0.0	0.0	0.0	0.0
-16.90083346	6.538554399999999e-05	2.3765513879999997e-06	2.42631105e-07	4.5622454574999995e-06	0.0	0.0	0.0	0.0	0.0
-16.86883346	6.651359700000001e-06	2.4174778349999996e-07	2.4681760299999997e-08	4.6401054294000005e-07	0.0	0.0	0.0	0.0	0.0
-16.83583346	5.5055138e-07	2.0011703479999998e-08	2.04294603e-09	3.84078667055e-08	0.0	0.0	0.0	0.0	0.0
-16.80383346	3.7084885000000004e-08	1.3478346509999999e-09	1.37604325e-10	2.58739187099e-09	0.0	0.0	0.0	0.0	0.0
-16.77183346	2.0321457e-09	7.385475440000001e-11	7.539029300000001e-12	1.41781988342e-10	0.0	0.0	0.0	0.0	0.0
-16.73883346	9.0590796e-11	3.2915174799999993e-12	3.36091602e-13	6.3188187490000005e-12	0.0	0.0	0.0	0.0	0.0
-16.70683346	3.2854530000000004e-12	1.194045771e-13	1.2190905599999999e-14	2.29211609403e-13	0.0	0.0	0.0	0.0	0.0
-16.67483346	9.903698299999998e-14	3.59914613e-15	3.6745874000000004e-16	6.9085472629000005e-15	0.0	0.0	0.0	0.0	0.0
-16.64183346	0.0	0.0	0.0	0.0	0.0	0.0	0.0	0.0	0.0
-16.60983346	0.0	0.0	0.0	0.0	0.0	0.0	0.0	0.0	0.0
-16.57783346	0.0	0.0	0.0	0.0	0.0	0.0	0.0	0.0	0.0
-16.54483346	0.0	0.0	0.0	0.0	0.0	0.0	0.0	0.0	0.0
-16.51283346	0.0	0.0	0.0	0.0	0.0	0.0	0.0	0.0	0.0
-16.48083346	0.0	0.0	0.0	0.0	0.0	0.0	0.0	0.0	0.0
-16.447833460000002	0.0	0.0	0.0	0.0	0.0	0.0	0.0	0.0	0.0
-16.41583346	0.0	0.0	0.0	0.0	0.0	0.0	0.0	0.0	0.0
-16.38383346	0.0	0.0	0.0	0.0	0.0	0.0	0.0	0.0	0.0
-16.35183346	0.0	0.0	0.0	0.0	0.0	0.0	0.0	0.0	0.0
-16.31883346	0.0	0.0	0.0	0.0	0.0	0.0	0.0	0.0	0.0
-16.28683346	0.0	0.0	0.0	0.0	0.0	0.0	0.0	0.0	0.0
-16.25483346	4.270321808e-15	2.30637585e-16	7.28187194e-17	8.900227115e-17	0.0	0.0	0.0	0.0	0.0
-16.22183346	1.3666157987e-13	7.380294390000001e-15	2.3300678019999995e-15	2.848031397e-15	0.0	0.0	0.0	0.0	0.0
-16.18983346	4.5372409840000004e-12	2.45055134e-13	7.736656879999999e-14	9.456878622e-14	0.0	0.0	0.0	0.0	0.0
-16.15783346	1.2268156067999998e-10	6.6262165899999996e-12	2.0918921900000003e-12	2.557121130999999e-12	0.0	0.0	0.0	0.0	0.0
-16.12483346	2.697445174e-09	1.45690553e-10	4.599359849e-11	5.622217126e-11	0.0	0.0	0.0	0.0	0.0
-16.09283346	4.825339173e-08	2.60595188e-09	8.22680196e-10	1.0056401168999998e-09	0.0	0.0	0.0	0.0	0.0
-16.06083346	7.021708618e-07	3.79195943e-08	1.197195488e-08	1.4633434339999998e-08	0.0	0.0	0.0	0.0	0.0
-16.02783346	8.313535468000001e-06	4.48996459e-07	1.417715425e-07	1.73278158e-07	0.0	0.0	0.0	0.0	0.0
-15.99583346	8.012114268000002e-05	4.327423440000001e-06	1.365982006e-06	1.6696641220000004e-06	0.0	0.0	0.0	0.0	0.0
-15.96383346	0.0006282567131999999	3.3932873e-05	1.071284152e-05	1.3095662939999999e-05	0.0	0.0	0.0	0.0	0.0
-15.930833459999999	0.004010467637	0.00021660373100000003	6.83841506e-05	8.357839620999998e-05	0.0	0.0	0.0	0.0	0.0
-15.898833459999999	0.020838928700000002	0.00112546524	0.0003553598101	0.00043430815600000003	0.0	0.0	0.0	0.0	0.0
-15.866833459999999	0.08815332796999999	0.00476172344	0.001503072689	0.0018372096750000004	0.0	0.0	0.0	0.0	0.0
-15.833833460000001	0.3036346996999999	0.0164006701	0.005177132301000001	0.006328417770000002	0.0	0.0	0.0	0.0	0.0
-15.801833460000001	0.85157686	0.0459990142	0.014520604710000003	0.017748963180000004	0.0	0.0	0.0	0.0	0.0
-15.769833460000001	1.9449072789999997	0.10504207	0.03316382894	0.04053690596000001	0.0	0.0	0.0	0.0	0.0
-15.737833460000001	3.617543379	0.19538524200000001	0.0616744821	0.07539335874000001	0.0	0.0	0.0	0.0	0.0
-15.70483346	5.480091603000001	0.295943731	0.09342145710000001	0.11419535410000002	0.0	0.0	0.0	0.0	0.0
-15.67283346	6.760209445	0.365111898	0.11526246980000002	0.14087763849999999	0.0	0.0	0.0	0.0	0.0
-15.64083346	6.791541466	0.366821241	0.1158098822	0.1415535591	0.0	0.0	0.0	0.0	0.0
-15.607833460000002	5.558306655	0.300190577	0.09477296279999999	0.1158373156	0.0	0.0	0.0	0.0	0.0
-15.575833460000002	3.7042394360000004	0.20005156400000002	0.06315683849999999	0.07719949039000003	0.0	0.0	0.0	0.0	0.0
-15.543833460000002	2.010523822	0.10858607499999999	0.03428035969	0.0419035462	0.0	0.0	0.0	0.0	0.0
-15.51083346	0.8886802844000002	0.04798859550000001	0.015154512400000002	0.01852145389	0.0	0.0	0.0	0.0	0.0
-15.47883346	0.31990641040000006	0.0172778526	0.005454536182	0.006667422079000001	0.0	0.0	0.0	0.0	0.0
-15.44683346	0.09375853166	0.00506372781	0.0015986935939999998	0.001953999082	0.0	0.0	0.0	0.0	0.0
-15.41383346	0.02237600571	0.00120854032	0.0003814718714	0.0004663592052	0.0	0.0	0.0	0.0	0.0
-15.38183346	0.004347524859000001	0.00023479563899999999	7.412773500000001e-05	9.060569261000001e-05	0.0	0.0	0.0	0.0	0.0
-15.34983346	0.0006875420521	3.7137480999999996e-05	1.172390083e-05	1.4329228059999995e-05	0.0	0.0	0.0	0.0	0.0
-15.316833460000002	8.851501821e-05	4.78129799e-06	1.509156914e-06	1.844761082e-06	0.0	0.0	0.0	0.0	0.0
-15.284833460000002	9.273792098e-06	5.00776338e-07	1.58117002e-07	1.932660162e-07	0.0	0.0	0.0	0.0	0.0
-15.252833460000002	7.906159199999999e-07	4.2709969000000003e-08	1.3482903299999998e-08	1.647678102e-08	0.0	0.0	0.0	0.0	0.0
-15.220833460000001	5.485264606999999e-08	2.96252255e-09	9.352329739999999e-10	1.143255642e-09	0.0	0.0	0.0	0.0	0.0
-15.18783346	3.095932036e-09	1.67221773e-10	5.279270538e-11	6.453316883000001e-11	0.0	0.0	0.0	0.0	0.0
-15.15583346	1.4213950347999998e-10	7.6780583e-12	2.423932201e-12	2.962692301e-12	0.0	0.0	0.0	0.0	0.0
-15.12383346	5.312595494000001e-12	2.8691940299999997e-13	9.058583489999999e-14	1.1072873089999998e-13	0.0	0.0	0.0	0.0	0.0
-15.090833459999999	1.5800969390000002e-13	8.5338292e-15	2.6942308500000002e-15	3.293245702e-15	0.0	0.0	0.0	0.0	0.0
-15.058833459999999	4.270321808e-15	2.30637585e-16	7.28187194e-17	8.900227115e-17	0.0	0.0	0.0	0.0	0.0
-15.026833459999999	0.0	0.0	0.0	0.0	0.0	0.0	0.0	0.0	0.0
-14.993833460000001	0.0	0.0	0.0	0.0	0.0	0.0	0.0	0.0	0.0
-14.961833460000001	2.1372077400000003e-15	1.9194323e-16	2.0959370000000005e-17	8.2851602108e-17	0.0	0.0	0.0	0.0	0.0
-14.929833460000001	6.83857602e-14	6.1420810000000004e-15	6.7067675e-16	2.6516953464600002e-15	0.0	0.0	0.0	0.0	0.0
-14.89683346	2.3465605100000004e-12	2.1077174e-13	2.3013848000000003e-14	9.097530671700001e-14	0.0	0.0	0.0	0.0	0.0
-14.86483346	6.604721779999998e-11	5.9329090000000015e-12	6.4778869e-13	2.5609738382500003e-12	0.0	0.0	0.0	0.0	0.0
-14.83283346	1.5113232099999997e-09	1.3575067999999998e-10	1.4822736e-11	5.85985813836e-11	0.0	0.0	0.0	0.0	0.0
-14.799833459999999	2.8131714499999997e-08	2.5267346000000002e-09	2.7590852000000006e-10	1.09074497159e-09	0.0	0.0	0.0	0.0	0.0
-14.767833459999999	4.2600793199999995e-07	3.825926e-08	4.1780609e-09	1.65180769309e-08	0.0	0.0	0.0	0.0	0.0
-14.735833459999998	5.2490313000000005e-06	4.714719e-07	5.1478839e-08	2.0350482922199996e-07	0.0	0.0	0.0	0.0	0.0
-14.70283346	5.2630203499999996e-05	4.72674e-06	5.161730799999999e-07	2.0405394502900003e-06	0.0	0.0	0.0	0.0	0.0
-14.67083346	0.000429452982	3.8570470000000004e-05	4.211878099999999e-06	1.66498605727e-05	0.0	0.0	0.0	0.0	0.0
-14.63883346	0.0028524396	0.00025619637	2.7975654000000005e-05	0.00011058303907899999	0.0	0.0	0.0	0.0	0.0
-14.60683346	0.015421843000000001	0.0013851830999999997	0.000151248323	0.000597939342996	0.0	0.0	0.0	0.0	0.0
-14.57383346	0.0678771699	0.006096908	0.0006657288299999999	0.00263192580119	0.0	0.0	0.0	0.0	0.0
-14.54183346	0.243262374	0.021848472000000004	0.0023856214	0.009431430866100002	0.0	0.0	0.0	0.0	0.0
-14.50983346	0.709813999	0.06375196000000001	0.0069618668	0.027521821267999996	0.0	0.0	0.0	0.0	0.0
-14.476833460000002	1.6866686300000002	0.15149925	0.016542144	0.06539776877450001	0.0	0.0	0.0	0.0	0.0
-14.444833460000002	3.26387428	0.293159	0.032009587000000006	0.12656266069199995	0.0	0.0	0.0	0.0	0.0
-14.412833460000002	5.14363298	0.4619637	0.050450354	0.199440818967	0.0	0.0	0.0	0.0	0.0
-14.37983346	6.60256228	0.5930461000000001	0.064752242	0.256071699523	0.0	0.0	0.0	0.0	0.0
-14.34783346	6.905769510000001	0.6201311	0.067694154	0.26818501978	0.0	0.0	0.0	0.0	0.0
-14.31583346	5.897588219999999	0.5288802999999999	0.05770068	0.23089961305599999	0.0	0.0	0.0	0.0	0.0
-14.282833459999999	4.16636166	0.3710792	0.04029411	0.171003038154	0.0	0.0	0.0	0.0	0.0
-14.250833459999999	2.6166591299999995	0.22403780000000004	0.023716420000000002	0.13377551433399998	0.0	0.0	0.0	0.0	0.0
-14.218833459999999	1.9380921099999997	0.14351680000000003	0.013586464	0.16515599794139996	0.0	0.0	0.0	0.0	0.0
-14.185833460000001	2.3917039869999996	0.14550234999999997	0.011164479	0.296879111096	0.0	0.0	0.0	0.0	0.0
-14.153833460000001	3.80601361	0.21383241999999997	0.014626384	0.524550384708	0.0	0.0	0.0	0.0	0.0
-14.121833460000001	5.5728355789999995	0.30800040999999995	0.020510820000000003	0.78304000249	0.0	0.0	0.0	0.0	0.0
-14.08883346	6.794547009999999	0.37452691999999993	0.024822834	0.958091983034	0.0	0.0	0.0	0.0	0.0
-14.05683346	6.7745469389999995	0.37319387	0.024716411999999997	0.9557115430240001	0.0	0.0	0.0	0.0	0.0
-14.02483346	5.504128193	0.30317996	0.020076348	0.776483922457	0.0	0.0	0.0	0.0	0.0
-13.99283346	3.6423331119999993	0.20063076999999999	0.013284406	0.5137955056259998	0.0	0.0	0.0	0.0	0.0
-13.959833459999999	1.963031038	0.108128282	0.007159906	0.27693050187620005	0.0	0.0	0.0	0.0	0.0
-13.927833459999999	0.8616337994999999	0.047455729	0.0031423370000000003	0.12155210438460001	0.0	0.0	0.0	0.0	0.0
-13.895833459999999	0.3079120785000001	0.016960227999999997	0.0011230935000000003	0.0434353488375	0.0	0.0	0.0	0.0	0.0
-13.862833460000001	0.08961386196000001	0.0049362791000000005	0.0003268535	0.012642598639999999	0.0	0.0	0.0	0.0	0.0
-13.830833460000001	0.021234562310000003	0.00116970042	7.745000999999999e-05	0.0029957049594790002	0.0	0.0	0.0	0.0	0.0
-13.79883346	0.004096339375	0.00022564263000000002	1.4940138e-05	0.000577864638829	0.0	0.0	0.0	0.0	0.0
-13.76583346	0.000643278273	3.543872e-05	2.3462165999999997e-06	9.07572502872e-05	0.0	0.0	0.0	0.0	0.0
-13.73383346	8.221282767e-05	4.529932799999999e-06	2.999244e-07	1.1600061536700002e-05	0.0	0.0	0.0	0.0	0.0
-13.70183346	8.555455959000001e-06	4.7122886000000007e-07	3.119781e-08	1.2067896838179998e-06	0.0	0.0	0.0	0.0	0.0
-13.668833460000002	7.242060198e-07	3.9892540999999995e-08	2.6413576000000005e-09	1.0215487932320002e-07	0.0	0.0	0.0	0.0	0.0
-13.636833460000002	4.9886838919999995e-08	2.7477417999999996e-09	1.8195342999999998e-10	7.0366026222699995e-09	0.0	0.0	0.0	0.0	0.0
-13.604833460000002	2.7954016209999996e-09	1.5398708e-10	1.0196848e-11	3.9436424924800006e-10	0.0	0.0	0.0	0.0	0.0
-13.57183346	1.2743588388e-10	7.0205671000000006e-12	4.648398e-13	1.797908595689e-11	0.0	0.0	0.0	0.0	0.0
-13.53983346	4.726988741e-12	2.6037382e-13	1.7240276e-14	6.6698851211e-13	0.0	0.0	0.0	0.0	0.0
-13.50783346	1.4103882177000001e-13	7.7687118e-15	5.144398000000001e-16	1.9897186562959996e-14	0.0	0.0	0.0	0.0	0.0
-13.47583346	4.273793478000001e-15	2.3541998e-16	1.5588266e-17	6.02936651908e-16	0.0	0.0	0.0	0.0	0.0
-13.44283346	0.0	0.0	0.0	0.0	0.0	0.0	0.0	0.0	0.0
-13.41083346	0.0	0.0	0.0	0.0	0.0	0.0	0.0	0.0	0.0
-13.37883346	0.0	0.0	0.0	0.0	0.0	0.0	0.0	0.0	0.0
-13.345833460000001	0.0	0.0	0.0	0.0	0.0	0.0	0.0	0.0	0.0
-13.313833460000001	0.0	0.0	0.0	0.0	0.0	0.0	0.0	0.0	0.0
-13.281833460000001	0.0	0.0	0.0	0.0	0.0	0.0	0.0	0.0	0.0
-13.24883346	0.0	0.0	0.0	0.0	0.0	0.0	0.0	0.0	0.0
-13.21683346	0.0	0.0	0.0	0.0	0.0	0.0	0.0	0.0	0.0
-13.18483346	0.0	0.0	0.0	0.0	0.0	0.0	0.0	0.0	0.0
-13.151833459999999	0.0	0.0	0.0	0.0	0.0	0.0	0.0	0.0	0.0
-13.119833459999999	0.0	0.0	0.0	0.0	0.0	0.0	0.0	0.0	0.0
-13.087833459999999	0.0	0.0	0.0	0.0	0.0	0.0	0.0	0.0	0.0
-13.054833460000001	0.0	0.0	0.0	0.0	0.0	0.0	0.0	0.0	0.0
-13.022833460000001	0.0	0.0	0.0	0.0	0.0	0.0	0.0	0.0	0.0
-12.990833460000001	8.170995e-15	1.3224007999999998e-15	1.775264566e-16	3.28637098e-16	0.0	0.0	0.0	0.0	0.0
-12.95783346	2.9621446999999997e-13	4.793137800000001e-14	6.434515665999999e-15	1.1913036699999999e-14	0.0	0.0	0.0	0.0	0.0
-12.92583346	9.405390700000001e-12	1.5220819999999999e-12	2.0431815689999996e-13	3.7823152500000007e-13	0.0	0.0	0.0	0.0	0.0
-12.89383346	2.4249812e-10	3.9241115e-11	5.268328813e-12	9.752495299999998e-12	0.0	0.0	0.0	0.0	0.0
-12.86183346	5.0853600999999995e-09	8.230239e-10	1.10486566e-10	2.0455445399999998e-10	0.0	0.0	0.0	0.0	0.0
-12.828833459999998	8.676949800000001e-08	1.4043393e-08	1.885203632e-09	3.49016888e-09	0.0	0.0	0.0	0.0	0.0
-12.796833460000002	1.20459604e-06	1.9493864000000001e-07	2.6168296310000005e-08	4.844853850000001e-08	0.0	0.0	0.0	0.0	0.0
-12.764833460000002	1.36053438e-05	2.2018282e-06	2.9558113400000004e-07	5.472256640000001e-07	0.0	0.0	0.0	0.0	0.0
-12.73183346	0.00012505965899999998	2.0239311e-05	2.7168107810000004e-06	5.030131749999999e-06	0.0	0.0	0.0	0.0	0.0
-12.69983346	0.0009355274900000001	0.00015141387	2.0326849529999998e-05	3.76264884e-05	0.0	0.0	0.0	0.0	0.0
-12.66783346	0.005696577699999999	0.00092209588	0.0001237784759	0.00022916332100000002	0.0	0.0	0.0	0.0	0.0
-12.63483346	0.028241364	0.004570429300000001	0.0006135347216	0.0011358952599999997	0.0	0.0	0.0	0.0	0.0
-12.60283346	0.11399344800000001	0.018447410000000004	0.00247634312	0.004584807929999999	0.0	0.0	0.0	0.0	0.0
-12.57083346	0.37456663999999995	0.06062609500000001	0.008137415219999998	0.015064839299999999	0.0	0.0	0.0	0.0	0.0
-12.537833460000002	1.00216412	0.16219217	0.02177472671	0.040312621400000005	0.0	0.0	0.0	0.0	0.0
-12.505833460000002	2.1838704	0.35344188	0.047445300259999997	0.0878383609	0.0	0.0	0.0	0.0	0.0
-12.473833460000002	3.8754766000000003	0.6272687000000001	0.08418332649999999	0.15587115599999998	0.0	0.0	0.0	0.0	0.0
-12.44083346	5.6006001	0.90644155	0.1216790128	0.22527459899999996	0.0	0.0	0.0	0.0	0.0
-12.40883346	6.592422	1.0668761699999998	0.14322020509999997	0.26515431	0.0	0.0	0.0	0.0	0.0
-12.37683346	6.3192547999999995	1.0227925	0.13729925620000002	0.254189202	0.0	0.0	0.0	0.0	0.0
-12.343833459999999	4.934131799999999	0.79847197	0.10719105099999998	0.19847536799999999	0.0	0.0	0.0	0.0	0.0
-12.311833459999999	3.1375403	0.50774251	0.06816586239999999	0.12619202200000001	0.0	0.0	0.0	0.0	0.0
-12.279833459999999	1.6248479000000002	0.26299867999999993	0.03530335902	0.06536041450000002	0.0	0.0	0.0	0.0	0.0
-12.247833459999999	0.68521843	0.110891047	0.01488694636	0.027561145399999997	0.0	0.0	0.0	0.0	0.0
-12.214833460000001	0.23532229999999998	0.038081914	0.005112453179	0.009465143199999998	0.0	0.0	0.0	0.0	0.0
-12.182833460000001	0.065804383	0.0106503011	0.0014294483470000002	0.00264687375	0.0	0.0	0.0	0.0	0.0
-12.150833460000001	0.014981143999999998	0.0024246484000000003	0.0003254893889	0.000602571463	0.0	0.0	0.0	0.0	0.0
-12.11783346	0.0027768688	0.0004494242300000001	6.032934061e-05	0.000111689029	0.0	0.0	0.0	0.0	0.0
-12.08583346	0.00041890105999999993	6.779880999999999e-05	9.102332669999999e-06	1.6852333699999993e-05	0.0	0.0	0.0	0.0	0.0
-12.05383346	5.144800399999999e-05	8.327720600000001e-06	1.117742779e-06	2.0694433e-06	0.0	0.0	0.0	0.0	0.0
-12.020833459999999	5.142438000000001e-06	8.322344200000002e-07	1.117095278e-07	2.06839259e-07	0.0	0.0	0.0	0.0	0.0
-11.988833459999999	4.1825375e-07	6.7693911e-08	9.086099649999999e-09	1.68229127e-08	0.0	0.0	0.0	0.0	0.0
-11.956833459999999	2.7678345e-08	4.4797551e-09	6.012766032e-10	1.1131965399999997e-09	0.0	0.0	0.0	0.0	0.0
-11.92383346	1.4901916000000003e-09	2.4116741999999994e-10	3.237092662000001e-11	5.99349328e-11	0.0	0.0	0.0	0.0	0.0
-11.89183346	6.526518599999998e-11	1.05624192e-11	1.41772203e-12	2.62487421e-12	0.0	0.0	0.0	0.0	0.0
-11.85983346	2.3247195e-12	3.7625897000000013e-13	5.050180186e-14	9.349712799999998e-14	0.0	0.0	0.0	0.0	0.0
-11.82683346	6.9454034e-14	1.1240087600000001e-14	1.5087988660000001e-15	2.7936058400000008e-15	0.0	0.0	0.0	0.0	0.0
-11.79483346	0.0	0.0	0.0	0.0	0.0	0.0	0.0	0.0	0.0
-11.76283346	0.0	0.0	0.0	0.0	0.0	0.0	0.0	0.0	0.0
-11.73083346	0.0	0.0	0.0	0.0	0.0	0.0	0.0	0.0	0.0
-11.697833460000002	0.0	0.0	0.0	0.0	0.0	0.0	0.0	0.0	0.0
-11.665833460000002	0.0	0.0	0.0	0.0	0.0	0.0	0.0	0.0	0.0
-11.633833460000002	1.30909707e-15	4.22472712e-16	3.3339663900000005e-17	8.444766676000001e-16	0.0	0.0	0.0	0.0	0.0
-11.60083346	6.1530833e-14	1.9860379505999998e-14	1.5669480800000001e-15	3.969757546000001e-14	0.0	0.0	0.0	0.0	0.0
-11.56883346	2.0787697400000002e-12	6.709350336999999e-13	5.29412766e-14	1.341101912e-12	0.0	0.0	0.0	0.0	0.0
-11.53683346	5.718733100000001e-11	1.8457153658e-11	1.4563608500000002e-12	3.689156688e-11	0.0	0.0	0.0	0.0	0.0
-11.50383346	1.2798857799999996e-09	4.130871588e-10	3.25957738e-11	8.257414595999999e-10	0.0	0.0	0.0	0.0	0.0
-11.47183346	2.33019573e-08	7.51961648e-09	5.93342103e-10	1.5031219680000003e-08	0.0	0.0	0.0	0.0	0.0
-11.43983346	3.4511716999999996e-07	1.1138830458e-07	8.790107129999999e-09	2.2264807589999999e-07	0.0	0.0	0.0	0.0	0.0
-11.406833460000001	4.1592413e-06	1.3423253721e-06	1.059193334e-07	2.682868276e-06	0.0	0.0	0.0	0.0	0.0
-11.374833460000001	4.0790459e-05	1.3164493702e-05	1.038819419e-06	2.630991536e-05	0.0	0.0	0.0	0.0	0.0
-11.342833460000001	0.000325578237	0.00010507978124999998	8.291519150000001e-06	0.0002099906949	0.0	0.0	0.0	0.0	0.0
-11.30983346	0.00211505395	0.0006826764257	5.386044849999999e-05	0.001364574675	0.0	0.0	0.0	0.0	0.0
-11.27783346	0.011185942400000001	0.003610036213	0.00028487712700000004	0.007215319061	0.0	0.0	0.0	0.0	0.0
-11.24583346	0.048157854	0.01554291128	0.001226485541	0.03106313391000001	0.0	0.0	0.0	0.0	0.0
-11.212833459999999	0.16883452799999998	0.054489274850000005	0.00429895812	0.10890768810000002	0.0	0.0	0.0	0.0	0.0
-11.180833459999999	0.48187094999999996	0.15552557153000002	0.012272327639999999	0.3108147063000001	0.0	0.0	0.0	0.0	0.0
-11.148833459999999	1.12008459	0.3615288257	0.028520143900000003	0.72260368	0.0	0.0	0.0	0.0	0.0
-11.116833459999999	2.1200474000000002	0.6842517375	0.053992770999999995	1.367693818	0.0	0.0	0.0	0.0	0.0
-11.083833460000001	3.2681968999999995	1.054724124	0.0832349949	2.108791506	0.0	0.0	0.0	0.0	0.0
-11.051833460000001	4.1033516	1.324267561	0.1044992465	2.6475167410000005	0.0	0.0	0.0	0.0	0.0
-11.019833460000001	4.195935400000001	1.354081954	0.1068566413	2.707155549	0.0	0.0	0.0	0.0	0.0
-10.98683346	3.4944409	1.1277792352	0.08898903490000001	2.253768026	0.0	0.0	0.0	0.0	0.0
-10.95483346	2.37016906	0.7649942094000001	0.0603670436	1.529068142	0.0	0.0	0.0	0.0	0.0
-10.92283346	1.3091401800000002	0.4225861221999999	0.033342384999999995	0.8445798877000001	0.0	0.0	0.0	0.0	0.0
-10.88983346	0.5889843300000001	0.19009702372	0.01499963491	0.3799205244	0.0	0.0	0.0	0.0	0.0
-10.85783346	0.21577619500000003	0.0696436522	0.0054953424	0.13919160309999998	0.0	0.0	0.0	0.0	0.0
-10.82583346	0.06436788999999998	0.020775450255000005	0.001639072382	0.041521683409999996	0.0	0.0	0.0	0.0	0.0
-10.79283346	0.015632770000000004	0.005045013336999999	0.000398027391	0.010084352344	0.0	0.0	0.0	0.0	0.0
-10.76083346	0.0030912292999999997	0.0009976638829	7.87229872e-05	0.0019938636869999997	0.0	0.0	0.0	0.0	0.0
-10.72883346	0.0004991062999999999	0.000160907482	1.2753508e-05	0.0003212539877	0.0	0.0	0.0	0.0	0.0
-10.69583346	8.2269e-05	2.46723876e-05	2.5621865e-06	4.482008469e-05	0.0	0.0	0.0	0.0	0.0
-10.663833460000001	0.00015885229999999998	3.4520650800000006e-05	8.200951e-06	2.90534022e-05	0.0	0.0	0.0	0.0	0.0
-10.631833460000001	0.001100506	0.00023389503699999998	5.8116766000000006e-05	0.00017828771899999998	0.0	0.0	0.0	0.0	0.0
-10.59883346	0.00648228	0.00137741263	0.00034241109	0.00104841967	0.0	0.0	0.0	0.0	0.0
-10.56683346	0.031103699999999998	0.006607950600000001	0.0016428821000000003	0.00503045826	0.0	0.0	0.0	0.0	0.0
-10.53483346	0.12149569999999998	0.0258159398	0.0064176705	0.019651452	0.0	0.0	0.0	0.0	0.0
-10.50283346	0.3864407	0.082114721	0.020413520999999997	0.06250528200000001	0.0	0.0	0.0	0.0	0.0
-10.46983346	1.000891	0.212645544	0.052865884	0.161865671	0.0	0.0	0.0	0.0	0.0
-10.43783346	2.1109539999999996	0.448509837	0.11150113000000002	0.34144172300000003	0.0	0.0	0.0	0.0	0.0
-10.40583346	3.6256589999999993	0.77031947	0.19152303	0.58647687	0.0	0.0	0.0	0.0	0.0
-10.37283346	5.071994	1.07767691	0.26797370000000004	0.8202980299999998	0.0	0.0	0.0	0.0	0.0
-10.34083346	5.7785210000000005	1.22783935	0.30522875999999993	0.9344914999999998	0.0	0.0	0.0	0.0	0.0
-10.30883346	5.3619980000000025	1.1393064700000002	0.28319299	0.8671243900000001	0.0	0.0	0.0	0.0	0.0
-10.27583346	4.0520830000000005	0.86096282	0.21403343	0.6554003800000002	0.0	0.0	0.0	0.0	0.0
-10.24383346	2.4939460000000007	0.5299027690000001	0.13174414	0.40334720799999996	0.0	0.0	0.0	0.0	0.0
-10.21183346	1.250112	0.265609806	0.06602827	0.20217320599999994	0.0	0.0	0.0	0.0	0.0
-10.17883346	0.5102404	0.10842905900000002	0.026955695000000002	0.08252793000000001	0.0	0.0	0.0	0.0	0.0
-10.14683346	0.1696244	0.036039667899999996	0.008959952000000002	0.027432686500000004	0.0	0.0	0.0	0.0	0.0
-10.11483346	0.045907420000000004	0.0097547974	0.0024249898000000005	0.007425543299999999	0.0	0.0	0.0	0.0	0.0
-10.08183346	0.01011549	0.00214954133	0.00053434092	0.00163611955	0.0	0.0	0.0	0.0	0.0
-10.04983346	0.001814955	0.00038560303299999996	9.587359e-05	0.00029353138199999997	0.0	0.0	0.0	0.0	0.0
-10.01783346	0.0002660491	5.644893920000001e-05	1.413208e-05	4.318226120000001e-05	0.0	0.0	0.0	0.0	0.0
-9.98583346	4.330399999999999e-05	8.3228259e-06	3.161507e-06	8.705112500000002e-06	0.0	0.0	0.0	0.0	0.0
-9.95283346	0.00011054332999999998	1.5491761430000002e-05	1.3796234e-05	3.3368742000000006e-05	0.0	0.0	0.0	0.0	0.0
-9.92083346	0.0007967258	0.0001100514231	0.00010105784999999998	0.00024367155199999998	0.0	0.0	0.0	0.0	0.0
-9.88883346	0.004805045999999999	0.00066352254882	0.0006094617	0.00146956331	0.0	0.0	0.0	0.0	0.0
-9.85583346	0.0235947	0.0032582790495599995	0.0029927423999999998	0.007216105069999999	0.0	0.0	0.0	0.0	0.0
-9.82383346	0.09433637999999998	0.013026744594659998	0.011965878999999999	0.0288492922	0.0	0.0	0.0	0.0	0.0
-9.79183346	0.30704059999999994	0.042402114980399995	0.038942737000000005	0.0939099806	0.0	0.0	0.0	0.0	0.0
-9.75883346	0.8139010000000001	0.11238342865769999	0.10322508	0.24892143099999997	0.0	0.0	0.0	0.0	0.0
-9.72683346	1.7566130000000002	0.242603114504	0.22281484999999998	0.5373307509999999	0.0	0.0	0.0	0.0	0.0
-9.69483346	3.0880369999999995	0.426461012116	0.39173991999999996	0.9444261459999999	0.0	0.0	0.0	0.0	0.0
-9.66183346	4.420780000000001	0.6104838900299999	0.560746	1.352161143	0.0	0.0	0.0	0.0	0.0
-9.62983346	5.154710000000001	0.711774888032	0.6538640000000001	1.5765116900000002	0.0	0.0	0.0	0.0	0.0
-9.59783346	4.894973	0.6759571533540001	0.6208741	1.4971412100000001	0.0	0.0	0.0	0.0	0.0
-9.564833460000001	3.7856729999999996	0.522797005294	0.48020260000000003	1.157987415	0.0	0.0	0.0	0.0	0.0
-9.53283346	2.3846760000000007	0.329289468234	0.30251100000000003	0.7293808629999999	0.0	0.0	0.0	0.0	0.0
-9.50083346	1.2233030999999999	0.16893186323829998	0.15515202	0.374131441	0.0	0.0	0.0	0.0	0.0
-9.46783346	0.5110330999999999	0.07056936821019999	0.06481716	0.15629792899999997	0.0	0.0	0.0	0.0	0.0
-9.43583346	0.17384550000000001	0.0240052431991	0.022050551999999998	0.053173390999999987	0.0	0.0	0.0	0.0	0.0
-9.40383346	0.048154430000000005	0.006649634427000001	0.006107565	0.014728678299999997	0.0	0.0	0.0	0.0	0.0
-9.37183346	0.010860211999999998	0.001499642949442	0.0013775279999999998	0.0033214732300000005	0.0	0.0	0.0	0.0	0.0
-9.33883346	0.001993936	0.000275337766166	0.00025291077000000003	0.0006098505849999998	0.0	0.0	0.0	0.0	0.0
-9.30683346	0.00029801579999999995	4.11486757742e-05	3.7797967e-05	9.113952030000002e-05	0.0	0.0	0.0	0.0	0.0
-9.27483346	3.625150999999999e-05	5.00615263887e-06	4.5982470000000005e-06	1.1086843539999999e-05	0.0	0.0	0.0	0.0	0.0
-9.24183346	3.5890410000000004e-06	4.95637619948e-07	4.552597e-07	1.097701372e-06	0.0	0.0	0.0	0.0	0.0
-9.20983346	2.896751e-07	4.028894692e-08	3.6715444000000004e-08	8.906786069999999e-08	0.0	0.0	0.0	0.0	0.0
-9.17783346	2.90016e-08	9.44235187e-09	3.0376094e-09	1.791310261e-08	0.0	0.0	0.0	0.0	0.0
-9.144833460000001	1.5500191e-07	1.0474141340000001e-07	9.838547599999998e-09	1.860087845e-07	0.0	0.0	0.0	0.0	0.0
-9.112833460000001	1.92037976e-06	1.304342353e-06	1.2108231112000002e-07	2.3160182649999996e-06	0.0	0.0	0.0	0.0	0.0
-9.080833460000001	1.9487286700000005e-05	1.323510014e-05	1.2285259627e-06	2.349597847e-05	0.0	0.0	0.0	0.0	0.0
-9.04783346	0.00016094491799999996	0.00010930672320000001	1.0146083902000001e-05	0.00019406795380000002	0.0	0.0	0.0	0.0	0.0
-9.01583346	0.00108174994	0.0007346877500000002	6.820938396000001e-05	0.0013044952188	0.0	0.0	0.0	0.0	0.0
-8.98383346	0.0059180124	0.00402072067	0.0003731742016299999	0.007137731799	0.0	0.0	0.0	0.0	0.0
-8.95083346	0.026366262400000003	0.017908618199999997	0.0016624299579999996	0.03179636732999999	0.0	0.0	0.0	0.0	0.0
-8.91883346	0.095621774	0.06494710189999998	0.0060287820999999995	0.11531523392	0.0	0.0	0.0	0.0	0.0
-8.88683346	0.28239114600000004	0.19179949800000004	0.017804303012999997	0.34051180919999996	0.0	0.0	0.0	0.0	0.0
-8.85383346	0.6790974900000003	0.46126578	0.042814055448	0.8189007091000001	0.0	0.0	0.0	0.0	0.0
-8.82183346	1.3297711500000002	0.903316048	0.08384223504	1.603765776	0.0	0.0	0.0	0.0	0.0
-8.78983346	2.1209308	1.440703582	0.13373019139000003	2.5577953940000007	0.0	0.0	0.0	0.0	0.0
-8.75783346	2.7550471100000005	1.87123438	0.17369344427	3.322228487	0.0	0.0	0.0	0.0	0.0
-8.724833460000001	2.9145385200000002	1.97954524	0.18374075026	3.514351934	0.0	0.0	0.0	0.0	0.0
-8.692833460000001	2.51104094	1.70547597	0.15831523624	3.027930784	0.0	0.0	0.0	0.0	0.0
-8.660833460000001	1.7621641700000001	1.197042143	0.11110608091999999	2.124603539	0.0	0.0	0.0	0.0	0.0
-8.62783346	1.0071367999999998	0.683977532	0.06349570703	1.2144661995	0.0	0.0	0.0	0.0	0.0
-8.59583346	0.46869061	0.318336298	0.029550732731	0.5651466920999999	0.0	0.0	0.0	0.0	0.0
-8.56383346	0.17765434399999996	0.12066265250000001	0.01119940011	0.214240241	0.0	0.0	0.0	0.0	0.0
-8.53083346	0.05482891100000001	0.0372342709	0.0034564304919999997	0.06611140153	0.0	0.0	0.0	0.0	0.0
-8.49883346	0.0137772441	0.009357642810000002	0.0008686604604000001	0.01661185514	0.0	0.0	0.0	0.0	0.0
-8.46683346	0.0028185835899999998	0.0019144426400000002	0.00017770493206	0.003398528838	0.0	0.0	0.0	0.0	0.0
-8.43383346	0.00046942064	0.000318871612	2.9595377140000003e-05	0.0005661028227000001	0.0	0.0	0.0	0.0	0.0
-8.40183346	6.363857900000001e-05	4.3226386400000005e-05	4.0120919915999995e-06	7.674340152000001e-05	0.0	0.0	0.0	0.0	0.0
-8.36983346	7.0222744e-06	4.7689306399999995e-06	4.4264371935e-07	8.467067174e-06	0.0	0.0	0.0	0.0	0.0
-8.33683346	6.304298e-07	4.2827922500000007e-07	3.974920894300001e-08	7.602775204999999e-07	0.0	0.0	0.0	0.0	0.0
-8.304833460000001	4.6061035e-08	3.1286472500000006e-08	2.9043080329999996e-09	5.554839157e-08	0.0	0.0	0.0	0.0	0.0
-8.272833460000001	2.7381421599999995e-09	1.8598369200000002e-09	1.7263932406e-10	3.302203294e-09	0.0	0.0	0.0	0.0	0.0
-8.23983346	1.32415146e-10	8.994034289999999e-11	8.347804717e-12	1.5968296510000002e-10	0.0	0.0	0.0	0.0	0.0
-8.20783346	5.2097882e-12	3.5390654600000005e-12	3.2846630681e-13	6.2831374360000004e-12	0.0	0.0	0.0	0.0	0.0
-8.17583346	1.67362368e-13	1.1367598079999999e-13	1.0551854882e-14	2.0183481090000004e-13	0.0	0.0	0.0	0.0	0.0
-8.14383346	3.5993466e-15	2.44466945e-15	2.2692827877e-16	4.340967457e-15	0.0	0.0	0.0	0.0	0.0
-8.11083346	0.0	0.0	0.0	0.0	0.0	0.0	0.0	0.0	0.0
-8.07883346	0.0	0.0	0.0	0.0	0.0	0.0	0.0	0.0	0.0
-8.04683346	0.0	0.0	0.0	0.0	0.0	0.0	0.0	0.0	0.0
-8.01383346	0.0	0.0	0.0	0.0	0.0	0.0	0.0	0.0	0.0
-7.981833460000001	4.464611800000001e-15	5.19074015e-15	5.530029229999999e-16	3.960078099999999e-15	0.0	0.0	0.0	0.0	0.0
-7.949833460000001	1.5627268e-13	1.8167828099999996e-13	1.93537092e-14	1.38616946e-13	0.0	0.0	0.0	0.0	0.0
-7.916833459999999	4.8620574999999985e-12	5.651396770000001e-12	6.0203259e-13	4.3127606099999995e-12	0.0	0.0	0.0	0.0	0.0
-7.884833459999999	1.2267590799999997e-10	1.4260591499999999e-10	1.519189653e-11	1.0879652500000002e-10	0.0	0.0	0.0	0.0	0.0
-7.852833459999999	2.5178925899999996e-09	2.92685882e-09	3.11808903e-10	2.2331131799999992e-09	0.0	0.0	0.0	0.0	0.0
-7.81983346	4.203956699999999e-08	4.88735841e-08	5.2060144e-09	3.7283614699999986e-08	0.0	0.0	0.0	0.0	0.0
-7.78783346	5.710645600000001e-07	6.639862139999998e-07	7.07220239e-08	5.065602149999999e-07	0.0	0.0	0.0	0.0	0.0
-7.75583346	6.3126006e-06	7.3385232400000006e-06	7.81829586e-07	5.5984891599999995e-06	0.0	0.0	0.0	0.0	0.0
-7.72283346	5.6787008000000006e-05	6.60221824e-05	7.0324871399999995e-06	5.0370978800000016e-05	0.0	0.0	0.0	0.0	0.0
-7.69083346	0.00041579317000000005	0.000483344101	5.149708149999999e-05	0.00036881441999999986	0.0	0.0	0.0	0.0	0.0
-7.65883346	0.00247806584	0.0028808073799999998	0.00030688263199999993	0.0021978446899999994	0.0	0.0	0.0	0.0	0.0
-7.62683346	0.012022205000000001	0.013977073899999998	0.001488824594	0.0106632231	0.0	0.0	0.0	0.0	0.0
-7.593833460000001	0.04748595900000001	0.055212161399999994	0.00588094153	0.042123012499999994	0.0	0.0	0.0	0.0	0.0
-7.561833460000001	0.15272609899999998	0.177556715	0.018914106400000002	0.13545719499999997	0.0	0.0	0.0	0.0	0.0
-7.529833460000001	0.39995864000000003	0.464948199	0.0495326182	0.354733998	0.0	0.0	0.0	0.0	0.0
-7.4968334599999995	0.8530476699999999	0.991645782	0.1056385895	0.7565731800000001	0.0	0.0	0.0	0.0	0.0
-7.4648334599999995	1.4814974100000005	1.7223172299999996	0.183480929	1.31403573	0.0	0.0	0.0	0.0	0.0
-7.4328334599999994	2.0954784500000003	2.4362116500000006	0.259520617	1.8586861199999996	0.0	0.0	0.0	0.0	0.0
-7.39983346	2.4142299899999995	2.80653631	0.29897429699999994	2.1411850599999993	0.0	0.0	0.0	0.0	0.0
-7.36783346	2.2651903900000008	2.63333304	0.280516559	2.0092004	0.0	0.0	0.0	0.0	0.0
-7.33583346	1.7315447700000002	2.0126338699999997	0.21443424600000005	1.53625398	0.0	0.0	0.0	0.0	0.0
-7.30283346	1.0817892600000003	1.2548185800000002	0.13381656	0.9615018600000002	0.0	0.0	0.0	0.0	0.0
-7.27083346	0.5665311099999999	0.6465503400000001	0.069506489	0.5121152099999999	0.0	0.0	0.0	0.0	0.0
-7.23883346	0.30100977	0.30562965000000003	0.034909961999999996	0.30277382	0.0	0.0	0.0	0.0	0.0
-7.205833460000001	0.30270850000000005	0.21898057000000004	0.030385872999999994	0.3758581599999999	0.0	0.0	0.0	0.0	0.0
-7.173833460000001	0.5751706000000001	0.3439394	0.05388204	0.7723921	0.0	0.0	0.0	0.0	0.0
-7.141833460000001	1.1074753999999998	0.6416062800000001	0.10265209000000002	1.5041125	0.0	0.0	0.0	0.0	0.0
-7.10883346	1.7877001	1.0318578600000003	0.16548645	2.4310128999999994	0.0	0.0	0.0	0.0	0.0
-7.07683346	2.3580222	1.3602325	0.21822160000000002	3.2067943	0.0	0.0	0.0	0.0	0.0
-7.0448334599999995	2.5338332000000006	1.4616908999999998	0.23451486	3.4459938999999995	0.0	0.0	0.0	0.0	0.0
-7.0128334599999995	2.2175561999999998	1.2793255	0.20524271000000002	3.0162007999999996	0.0	0.0	0.0	0.0	0.0
-6.97983346	1.5808781	0.9118433100000001	0.14631189999999997	2.1500279	0.0	0.0	0.0	0.0	0.0
-6.94783346	0.9176473	0.5293630399999999	0.08493189999999999	1.2481580000000003	0.0	0.0	0.0	0.0	0.0
-6.91583346	0.4338972499999999	0.25029889	0.04015551799999999	0.5901352000000001	0.0	0.0	0.0	0.0	0.0
-6.8828334600000005	0.16705546000000002	0.09636551500000001	0.015459704000000003	0.22721398999999998	0.0	0.0	0.0	0.0	0.0
-6.8508334600000005	0.052375319999999996	0.030212619	0.0048473501	0.07122845	0.0	0.0	0.0	0.0	0.0
-6.8188334600000005	0.013369895999999997	0.0077116502	0.0012373224999999999	0.018183109000000003	0.0	0.0	0.0	0.0	0.0
-6.785833460000001	0.00277864	0.0016028899999999998	0.00025715966	0.0037791616	0.0	0.0	0.0	0.0	0.0
-6.753833460000001	0.00047013070000000005	0.00027117447	4.3509348e-05	0.0006393694	0.0	0.0	0.0	0.0	0.0
-6.721833460000001	6.473401000000002e-05	3.7348906e-05	5.991265000000001e-06	8.805326000000001e-05	0.0	0.0	0.0	0.0	0.0
-6.68883346	7.256556e-06	4.1860841e-06	6.715428e-07	9.870683e-06	0.0	0.0	0.0	0.0	0.0
-6.65683346	6.641709000000001e-07	3.8283562000000005e-07	6.138251000000001e-08	9.020898000000001e-07	0.0	0.0	0.0	0.0	0.0
-6.62483346	8.639101999999998e-08	4.494381000000001e-08	6.650067e-09	9.776440000000001e-08	0.0	0.0	0.0	0.0	0.0
-6.59183346	5.24941291e-07	2.3426843000000002e-07	2.9744316999999997e-08	4.3761707000000004e-07	0.0	0.0	0.0	0.0	0.0
-6.55983346	5.950700459999999e-06	2.6514890999999998e-06	3.3598135e-07	4.942428e-06	0.0	0.0	0.0	0.0	0.0
-6.52783346	5.52079236e-05	2.4598637999999996e-05	3.1168394999999997e-06	4.5848185e-05	0.0	0.0	0.0	0.0	0.0
-6.494833460000001	0.0004168670825	0.00018573260000000002	2.3535180600000003e-05	0.00034618636000000003	0.0	0.0	0.0	0.0	0.0
-6.462833460000001	0.002562025809	0.0011414491	0.00014463775300000003	0.0021277488	0.0	0.0	0.0	0.0	0.0
-6.430833460000001	0.01281866606	0.005712004699999998	0.0007236878900000001	0.010646266199999999	0.0	0.0	0.0	0.0	0.0
-6.3988334600000005	0.05221499800999999	0.023264992999999998	0.0029479278	0.043359032	0.0	0.0	0.0	0.0	0.0
-6.365833460000001	0.17317434509999996	0.07716575	0.009776930599999999	0.14383297	0.0	0.0	0.0	0.0	0.0
-6.333833460000001	0.467678578	0.20837556999999998	0.026403529000000002	0.38846709999999995	0.0	0.0	0.0	0.0	0.0
-6.301833460000001	1.028542533	0.45826441000000007	0.05806617999999999	0.85417702	0.0	0.0	0.0	0.0	0.0
-6.26883346	1.8421358809999997	0.8206853	0.10399798399999997	1.5298707000000002	0.0	0.0	0.0	0.0	0.0
-6.23683346	2.686825154	1.1972545000000003	0.151697589	2.2315573	0.0	0.0	0.0	0.0	0.0
-6.20483346	3.1922204640000005	1.4223676999999997	0.180289986	2.6509775	0.0	0.0	0.0	0.0	0.0
-6.17183346	3.0901683399999995	1.377776	0.17487106900000002	2.5671711	0.0	0.0	0.0	0.0	0.0
-6.13983346	2.4438909200000003	1.0932386	0.1399518	2.0332889	0.0	0.0	0.0	0.0	0.0
-6.10783346	1.6029077000000003	0.7324991000000001	0.09846926	1.346652	0.0	0.0	0.0	0.0	0.0
-6.074833460000001	0.9510722999999999	0.48384790000000005	0.07982805999999999	0.8404682000000001	0.0	0.0	0.0	0.0	0.0
-6.042833460000001	0.7068254	0.47532109999999994	0.10960950999999998	0.7221495	0.0	0.0	0.0	0.0	0.0
-6.010833460000001	0.901236	0.7498585000000001	0.20227666000000002	1.0415942	0.0	0.0	0.0	0.0	0.0
-5.977833459999999	1.4150829999999996	1.2465791999999998	0.3477838	1.6937848899999999	0.0	0.0	0.0	0.0	0.0
-5.945833459999999	1.9973834999999998	1.7774657	0.49862544	2.40591143	0.0	0.0	0.0	0.0	0.0
-5.913833460000001	2.336380899999999	2.0822974999999997	0.58502612	2.8168295500000005	0.0	0.0	0.0	0.0	0.0
-5.881833460000001	2.2345580000000003	1.9909785000000002	0.56135056	2.69297921	0.0	0.0	0.0	0.0	0.0
-5.84883346	1.7527374	1.5566432000000003	0.44815649	2.1064855700000003	0.0	0.0	0.0	0.0	0.0
-5.81683346	1.1634169999999997	1.0148902	0.32729081	1.3759050199999998	0.0	0.0	0.0	0.0	0.0
-5.78483346	0.7630973	0.6120521999999998	0.30629108000000005	0.8363251369999999	0.0	0.0	0.0	0.0	0.0
-5.75183346	0.7325287999999996	0.48477599999999993	0.48993655	0.671075365	0.0	0.0	0.0	0.0	0.0
-5.71983346	1.1064137	0.6519444999999999	0.96368008	0.89505206	0.0	0.0	0.0	0.0	0.0
-5.68783346	1.7737356000000002	1.0500655	1.75445617	1.39207807	0.0	0.0	0.0	0.0	0.0
-5.654833460000001	2.4844499	1.5513044	2.77764874	1.9467063100000002	0.0	0.0	0.0	0.0	0.0
-5.622833460000001	2.9356808	1.9867574	3.8135993	2.3122903300000006	0.0	0.0	0.0	0.0	0.0
-5.590833460000001	2.9375184	2.2041228000000004	4.5517405	2.33361766	0.0	0.0	0.0	0.0	0.0
-5.5578334599999994	2.5172897	2.125019	4.7014159	2.0214782799999997	0.0	0.0	0.0	0.0	0.0
-5.525833459999999	1.8660427999999998	1.7749321000000005	4.1638933	1.51704303	0.0	0.0	0.0	0.0	0.0
-5.493833459999999	1.201823	1.272809	3.12207877	0.9890526700000002	0.0	0.0	0.0	0.0	0.0
-5.46083346	0.6701331000000001	0.7740845999999999	1.95902697	0.55748702	0.0	0.0	0.0	0.0	0.0
-5.42883346	0.3203883	0.3944041	1.01938084	0.268774361	0.0	0.0	0.0	0.0	0.0
-5.39683346	0.12970403	0.16680657999999998	0.43697098700000003	0.10946067000000001	0.0	0.0	0.0	0.0	0.0
-5.36383346	0.04394173	0.05815980999999999	0.15360679300000002	0.03722728880000001	0.0	0.0	0.0	0.0	0.0
-5.33183346	0.012343012999999998	0.016639006999999997	0.0441682648	0.0104867157	0.0	0.0	0.0	0.0	0.0
-5.29983346	0.0028570080000000003	0.0038944563000000002	0.010369965799999999	0.0024308347599999993	0.0	0.0	0.0	0.0	0.0
-5.26783346	0.0005516958000000001	0.00075337476	0.0019934871	0.00046418813	0.0	0.0	0.0	0.0	0.0
-5.234833460000001	0.00016862839999999999	0.00019884895	0.00038450687	9.285873000000001e-05	0.0	0.0	0.0	0.0	0.0
-5.202833460000001	0.0006080380000000001	0.0006008483259999999	0.0005687424799999999	0.00015878811	0.0	0.0	0.0	0.0	0.0
-5.170833460000001	0.0034375973999999994	0.003373906183	0.0030497179299999997	0.0008621830000000001	0.0	0.0	0.0	0.0	0.0
-5.1378334599999995	0.016094976400000002	0.015798690539999997	0.0142672108	0.004034567499999999	0.0	0.0	0.0	0.0	0.0
-5.1058334599999995	0.061390226999999985	0.06029716246999999	0.05443339470000001	0.015394775999999999	0.0	0.0	0.0	0.0	0.0
-5.0738334599999995	0.19079	0.18758127900000002	0.169253962	0.047893323	0.0	0.0	0.0	0.0	0.0
-5.04083346	0.48340408	0.4765216479999999	0.42955534700000003	0.12161852000000001	0.0	0.0	0.0	0.0	0.0
-5.00883346	1.00057717	0.992567731	0.8918098799999998	0.25298164	0.0	0.0	0.0	0.0	0.0
-4.97683346	1.6984111999999998	1.7073083000000002	1.52416986	0.43413859999999993	0.0	0.0	0.0	0.0	0.0
-4.9438334600000005	2.3840291	2.46596971	2.1719939399999997	0.6241452999999999	0.0	0.0	0.0	0.0	0.0
-4.91183346	2.8159582999999997	3.0835156600000007	2.64535854	0.7733375	0.0	0.0	0.0	0.0	0.0
-4.87983346	2.8898951999999998	3.4966598500000003	2.8704808	0.8636060000000001	0.0	0.0	0.0	0.0	0.0
-4.846833460000001	2.7016293	3.7597810600000003	2.9126726	0.9110292999999998	0.0	0.0	0.0	0.0	0.0
-4.814833460000001	2.4020944	3.8726455599999996	2.8371765000000004	0.9215538	0.0	0.0	0.0	0.0	0.0
-4.782833460000001	2.0424583	3.69125682	2.5985772000000003	0.8676425	0.0	0.0	0.0	0.0	0.0
-4.74983346	1.5999174	3.0987758800000003	2.13271092	0.7235999999999999	0.0	0.0	0.0	0.0	0.0
-4.71783346	1.0995797	2.20789196	1.5023262500000003	0.5137702000000001	0.0	0.0	0.0	0.0	0.0
-4.68583346	0.6395573700000001	1.30657914	0.88408606	0.30351090000000003	0.0	0.0	0.0	0.0	0.0
-4.6538334599999995	0.308659931	0.63532398	0.42887503000000005	0.14756005	0.0	0.0	0.0	0.0	0.0
-4.62083346	0.12286256100000002	0.252821224	0.170338125	0.059356940000000004	0.0	0.0	0.0	0.0	0.0
-4.58883346	0.04320760800000001	0.08364488799999999	0.055412442500000006	0.023440561000000002	0.0	0.0	0.0	0.0	0.0
-4.55683346	0.027620821999999993	0.029946777	0.0156313721	0.026035201	0.0	0.0	0.0	0.0	0.0
-4.5238334600000005	0.06841483400000001	0.036676382	0.007182047	0.0820673629	0.0	0.0	0.0	0.0	0.0
-4.4918334600000005	0.20800438500000004	0.10126574180000002	0.0132375968	0.25428004020000006	0.0	0.0	0.0	0.0	0.0
-4.4598334600000005	0.5304686239999999	0.256799123	0.0324962168	0.649230567	0.0	0.0	0.0	0.0	0.0
-4.426833460000001	1.1035942460000001	0.5339373574	0.06745960140000001	1.35062294	0.0	0.0	0.0	0.0	0.0
-4.394833460000001	1.86970458	0.9046728470000001	0.11427833199999998	2.288445844	0.0	0.0	0.0	0.0	0.0
-4.362833460000001	2.5802298600000007	1.248452856	0.15768493900000002	3.1579790860000005	0.0	0.0	0.0	0.0	0.0
-4.32983346	2.89995833	1.4031792140000001	0.17724416	3.549059961	0.0	0.0	0.0	0.0	0.0
-4.29783346	2.6543815499999988	1.284536407	0.162277104	3.2488325049999998	0.0	0.0	0.0	0.0	0.0
-4.26583346	1.97926579	0.958794025	0.12113503100000003	2.422250293	0.0	0.0	0.0	0.0	0.0
-4.23283346	1.2040537500000001	0.5881098490000001	0.074595664	1.471500928	0.0	0.0	0.0	0.0	0.0
-4.20083346	0.6058940000000002	0.318849006	0.041723380000000004	0.7319437	0.0	0.0	0.0	0.0	0.0
-4.16883346	0.28376530000000005	0.234589513	0.035091660000000004	0.31092183	0.0	0.0	0.0	0.0	0.0
-4.13683346	0.21570440000000005	0.40421245499999997	0.06788986999999999	0.15183054	0.0	0.0	0.0	0.0	0.0
-4.103833460000001	0.36546038999999997	0.9293377060000001	0.159602811	0.16574790999999997	0.0	0.0	0.0	0.0	0.0
-4.071833460000001	0.7086524	1.8809758800000003	0.3239317776	0.291931846	0.0	0.0	0.0	0.0	0.0
-4.0398334600000005	1.1726713000000002	3.1273290100000004	0.5387562335	0.477620491	0.0	0.0	0.0	0.0	0.0
-4.006833460000001	1.5886945	4.23859868	0.73022984559	0.646194336	0.0	0.0	0.0	0.0	0.0
-3.974833460000001	1.753852	4.67949056	0.8061923709899999	0.7133382410000001	0.0	0.0	0.0	0.0	0.0
-3.942833460000001	1.5769609	4.20821515	0.72487227289	0.641414542	0.0	0.0	0.0	0.0	0.0
-3.9098334599999998	1.1550816999999998	3.08160152	0.53089950095	0.4700216519999999	0.0	0.0	0.0	0.0	0.0
-3.8778334599999997	0.6898962	1.8380213800000003	0.3166952163	0.28213997100000004	0.0	0.0	0.0	0.0	0.0
-3.8458334599999997	0.34054483	0.8937844819999999	0.1539381909	0.146976359	0.0	0.0	0.0	0.0	0.0
-3.8128334600000002	0.1587275	0.35770912299999996	0.061686587	0.10186496	0.0	0.0	0.0	0.0	0.0
-3.78083346	0.137479	0.130310235	0.023049399999999998	0.18987202000000003	0.0	0.0	0.0	0.0	0.0
-3.74883346	0.2891928	0.07855926999999999	0.017568079999999996	0.5090261700000001	0.0	0.0	0.0	0.0	0.0
-3.7158334600000007	0.66770292	0.123739718	0.04198440999999999	1.2022266899999998	0.0	0.0	0.0	0.0	0.0
-3.6838334600000007	1.3035389440000003	0.23412998	0.12441883000000001	2.3301541000000006	0.0	0.0	0.0	0.0	0.0
-3.6518334600000006	2.10077405	0.38577057000000003	0.3417831999999999	3.6818555	0.0	0.0	0.0	0.0	0.0
-3.6188334599999994	2.81520831	0.54263636	0.8238079	4.7426226	0.0	0.0	0.0	0.0	0.0
-3.5868334599999994	3.192920219999999	0.66878009	1.6882757	4.9836860000000005	0.0	0.0	0.0	0.0	0.0
-3.554833460000001	3.1517731999999996	0.74619793	2.8849451	4.280151999999999	0.0	0.0	0.0	0.0	0.0
-3.522833460000001	2.7994348000000002	0.76899987	4.063298799999999	3.0149169999999996	0.0	0.0	0.0	0.0	0.0
-3.48983346	2.2929654999999998	0.7260517700000001	4.691686099999999	1.7541731	0.0	0.0	0.0	0.0	0.0
-3.45783346	1.7302729999999997	0.6103143600000001	4.4334688	0.8541876999999999	0.0	0.0	0.0	0.0	0.0
-3.4258334599999998	1.1827114	0.44400926	3.4514921000000003	0.3576127	0.0	0.0	0.0	0.0	0.0
-3.3928334600000003	0.7474825000000002	0.27987894	2.3116459000000003	0.13824779	0.0	0.0	0.0	0.0	0.0
-3.3608334600000003	0.5292739800000003	0.16985678999999998	1.6019845	0.06550195999999998	0.0	0.0	0.0	0.0	0.0
-3.3288334600000002	0.58758069	0.13749549200000002	1.6412887999999999	0.063868441	0.0	0.0	0.0	0.0	0.0
-3.2958334600000008	0.8950901499999997	0.17321899799999999	2.3913276999999997	0.09857165700000001	0.0	0.0	0.0	0.0	0.0
-3.2638334600000007	1.3148168530000002	0.242064688	3.4735821000000007	0.1462259063	0.0	0.0	0.0	0.0	0.0
-3.2318334600000007	1.628973312	0.297249961	4.2942639	0.1816376379	0.0	0.0	0.0	0.0	0.0
-3.1988334599999995	1.6548156690000002	0.302956108	4.359284500000001	0.18464070100000007	0.0	0.0	0.0	0.0	0.0
-3.1668334599999994	1.3732416800000002	0.259967096	3.6099771	0.15355715999999997	0.0	0.0	0.0	0.0	0.0
-3.1348334599999994	0.9399554000000002	0.21666754199999996	2.4374095000000002	0.10673661	0.0	0.0	0.0	0.0	0.0
-3.10183346	0.56813055	0.27082167700000004	1.3479602500000003	0.07166662	0.0	0.0	0.0	0.0	0.0
-3.06983346	0.4180726	0.5756457300000001	0.6306388099999999	0.07767973	0.0	0.0	0.0	0.0	0.0
-3.03783346	0.5851036999999999	1.3194638100000002	0.3006004	0.16421854000000002	0.0	0.0	0.0	0.0	0.0
-3.0048334600000004	1.1346877000000002	2.6038513	0.24130219999999997	0.39369600000000005	0.0	0.0	0.0	0.0	0.0
-2.9728334600000004	2.0813463999999997	4.23367365	0.33289380999999996	0.838973	0.0	0.0	0.0	0.0	0.0
-2.9408334600000003	3.3008718	5.642496799999999	0.48516125	1.5190176	0.0	0.0	0.0	0.0	0.0
-2.9088334600000003	4.4704324999999985	6.17237323	0.6232895	2.3088285999999996	0.0	0.0	0.0	0.0	0.0
-2.87583346	5.149577300000001	5.56156019	0.6856257	2.9248507	0.0	0.0	0.0	0.0	0.0
-2.84383346	5.017652799999999	4.14644916	0.6418666	3.0682979	0.0	0.0	0.0	0.0	0.0
-2.81183346	4.1071468	2.5739594	0.50847343	2.6512100999999992	0.0	0.0	0.0	0.0	0.0
-2.7788334600000004	2.8032070000000004	1.33974612	0.33851512	1.88125189	0.0	0.0	0.0	0.0	0.0
-2.7468334600000004	1.5855385499999999	0.588864121	0.18794936	1.09277916	0.0	0.0	0.0	0.0	0.0
-2.7148334600000004	0.7392650300000001	0.21986206200000002	0.08650382000000001	0.51887314	0.0	0.0	0.0	0.0	0.0
-2.68183346	0.2830181500000001	0.06992462	0.032829358	0.20108878	0.0	0.0	0.0	0.0	0.0
-2.64983346	0.08873730200000003	0.0189266001	0.010230372000000001	0.06356207450000001	0.0	0.0	0.0	0.0	0.0
-2.61783346	0.0227394904	0.00433928449	0.002611602	0.016377061800000002	0.0	0.0	0.0	0.0	0.0
-2.5848334600000005	0.004756383499999998	0.000836977359	0.00054467297	0.00343683432	0.0	0.0	0.0	0.0	0.0
-2.5528334600000004	0.0008111663599999999	0.0001348463876	9.273722e-05	0.000587594426	0.0	0.0	0.0	0.0	0.0
-2.5208334600000004	0.00011272774599999997	1.802061757e-05	1.2872598e-05	8.17779474e-05	0.0	0.0	0.0	0.0	0.0
-2.48783346	1.2761134899999998e-05	1.986507004e-06	1.4562225000000002e-06	9.266670599999998e-06	0.0	0.0	0.0	0.0	0.0
-2.45583346	1.1761552999999997e-06	1.798791302e-07	1.3414245e-07	8.545917870000002e-07	0.0	0.0	0.0	0.0	0.0
-2.42383346	8.82246119e-08	1.3336399494e-08	1.0058966000000002e-08	6.41357185e-08	0.0	0.0	0.0	0.0	0.0
-2.39183346	5.38604572e-09	8.079429426e-10	6.139732000000001e-10	3.91589795e-09	0.0	0.0	0.0	0.0	0.0
-2.3588334600000005	2.6751164999999995e-10	3.9923917927e-11	3.0493836e-11	1.9455127249999997e-10	0.0	0.0	0.0	0.0	0.0
-2.3268334600000005	1.0809498700000004e-11	1.6081283565000002e-12	1.2320679000000004e-12	7.86391394e-12	0.0	0.0	0.0	0.0	0.0
-2.2948334600000004	3.553154509999999e-13	5.2524451806169e-14	4.0484653e-14	2.5853209790000003e-13	0.0	0.0	0.0	0.0	0.0
-2.26183346	9.668467739999998e-15	1.4292373701679e-15	1.1017653e-15	7.0342527300000006e-15	0.0	0.0	0.0	0.0	0.0
-2.22983346	0.0	0.0	0.0	0.0	0.0	0.0	0.0	0.0	0.0
-2.19783346	0.0	0.0	0.0	0.0	0.0	0.0	0.0	0.0	0.0
-2.1648334600000005	0.0	0.0	0.0	0.0	0.0	0.0	0.0	0.0	0.0
-2.1328334600000005	0.0	0.0	0.0	0.0	0.0	0.0	0.0	0.0	0.0
-2.1008334600000005	0.0	0.0	0.0	0.0	0.0	0.0	0.0	0.0	0.0
-2.06783346	0.0	0.0	0.0	0.0	0.0	0.0	0.0	0.0	0.0
-2.03583346	0.0	0.0	0.0	0.0	0.0	0.0	0.0	0.0	0.0
-2.00383346	0.0	0.0	0.0	0.0	0.0	0.0	0.0	0.0	0.0
-1.9708334600000006	0.0	0.0	0.0	0.0	0.0	0.0	0.0	0.0	0.0
-1.9388334600000006	0.0	0.0	0.0	0.0	0.0	0.0	0.0	0.0	0.0
-1.9068334600000005	0.0	0.0	0.0	0.0	0.0	0.0	0.0	0.0	0.0
-1.8738334600000002	0.0	0.0	0.0	0.0	0.0	0.0	0.0	0.0	0.0
-1.8418334600000001	0.0	0.0	0.0	0.0	0.0	0.0	0.0	0.0	0.0
-1.8098334600000001	0.0	0.0	0.0	0.0	0.0	0.0	0.0	0.0	0.0
-1.77783346	0.0	0.0	0.0	0.0	0.0	0.0	0.0	0.0	0.0
-1.7448334600000006	8.299674579999999e-17	2.7264117e-16	2.9877935760000004e-15	1.2999359600000001e-17	0.0	0.0	0.0	0.0	0.0
-1.7128334600000006	3.3610318460000005e-15	1.1042006500000003e-14	1.2101038744e-13	5.264757599999999e-16	0.0	0.0	0.0	0.0	0.0
-1.6808334600000006	1.1034639999999997e-13	3.6247531999999997e-13	3.971713188999999e-12	1.7281826899999996e-14	0.0	0.0	0.0	0.0	0.0
-1.6478334600000002	2.9421139500000005e-12	9.664047600000001e-12	1.0591218138e-10	4.608163500000001e-13	0.0	0.0	0.0	0.0	0.0
-1.6158334600000002	6.382455530000002e-11	2.0962771e-10	2.2972757479999997e-09	9.994160799999999e-12	0.0	0.0	0.0	0.0	0.0
-1.5838334600000001	1.12611686e-09	3.698951e-09	4.053613157000001e-08	1.76356506e-10	0.0	0.0	0.0	0.0	0.0
-1.5508334600000007	1.6164234449999998e-08	5.3101224e-08	5.819091134000001e-07	2.5317564699999997e-09	0.0	0.0	0.0	0.0	0.0
-1.5188334600000006	1.888335309e-07	6.203041199999998e-07	6.797118932e-06	2.9573628300000003e-08	0.0	0.0	0.0	0.0	0.0
-1.4868334600000006	1.794899942e-06	5.8963143999999995e-06	6.461652094999998e-05	2.81111107e-07	0.0	0.0	0.0	0.0	0.0
-1.4538334600000002	1.3886626670000001e-05	4.562015200000001e-05	0.000499888727	2.1747336700000005e-06	0.0	0.0	0.0	0.0	0.0
-1.4218334600000002	8.744931570000002e-05	0.00028725508	0.0031479257490000002	1.3695385599999998e-05	0.0	0.0	0.0	0.0	0.0
-1.3898334600000002	0.0004482554813	0.00147249744	0.016136876643999997	7.0208279e-05	0.0	0.0	0.0	0.0	0.0
-1.3568334599999998	0.0018707711140000004	0.006146076099999999	0.06734222402	0.00029298879599999996	0.0	0.0	0.0	0.0	0.0
-1.3248334599999998	0.006356024220000001	0.020882664999999998	0.2288234886	0.00099557232	0.0	0.0	0.0	0.0	0.0
-1.2928334600000007	0.01758829007	0.057767084999999996	0.6330525443999999	0.00275463169	0.0	0.0	0.0	0.0	0.0
-1.2598334600000003	0.03962850054	0.13018359100000002	1.4265238657999997	0.006206063999999999	0.0	0.0	0.0	0.0	0.0
-1.2278334600000003	0.07271939109999999	0.23887613	2.6177540140000004	0.0113872264	0.0	0.0	0.0	0.0	0.0
-1.1958334600000002	0.10866670199999998	0.35697213	3.911550991	0.017018115499999997	0.0	0.0	0.0	0.0	0.0
-1.1638334600000002	0.13224715590000002	0.43444050999999995	4.760643679000001	0.020713448500000002	0.0	0.0	0.0	0.0	0.0
-1.1308334599999998	0.1310873005	0.43064663000000003	4.719277129	0.020530070100000006	0.0	0.0	0.0	0.0	0.0
-1.0988334599999998	0.10583706020000004	0.34766466	3.8099724630000003	0.0165739237	0.0	0.0	0.0	0.0	0.0
-1.0668334599999998	0.0695933143	0.22860188999999997	2.505066879	0.010897670500000001	0.0	0.0	0.0	0.0	0.0
-1.0338334600000003	0.03725866289	0.12241155499999999	1.3415283169	0.005835576299999999	0.0	0.0	0.0	0.0	0.0
-1.0018334600000003	0.016249121800000002	0.053375451000000004	0.5850131268000001	0.00254495259	0.0	0.0	0.0	0.0	0.0
-0.9698334600000003	0.005770409340000001	0.018955957	0.20772261844000003	0.0009037431599999998	0.0	0.0	0.0	0.0	0.0
-0.9368334599999999	0.001668461427	0.0054813781	0.06005604201999999	0.000261320815	0.0	0.0	0.0	0.0	0.0
-0.9048334599999999	0.00039279233479999994	0.0012903953999999999	0.014140457919	6.152412400000001e-05	0.0	0.0	0.0	0.0	0.0
-0.8728334599999998	7.528393869999999e-05	0.00024734348	0.0027103184809999996	1.17906962e-05	0.0	0.0	0.0	0.0	0.0
-0.8398334600000004	1.1765079620000004e-05	3.8680243e-05	0.0004240778781	1.84331006e-06	0.0	0.0	0.0	0.0	0.0
-0.8078334600000003	1.6890130299999997e-06	5.914430500000001e-06	6.70056247e-05	2.735399e-07	0.0	0.0	0.0	0.0	0.0
-0.7758334600000003	1.942755914e-06	9.702762340000002e-06	0.00012609896369999998	3.8591595500000005e-07	0.0	0.0	0.0	0.0	0.0
-0.74283346	1.3213897280000003e-05	6.79211645e-05	0.000890314289	2.6721625340000003e-06	0.0	0.0	0.0	0.0	0.0
-0.7108334599999999	7.931716929e-05	0.00040784509220000007	0.00534657884	1.604253695e-05	0.0	0.0	0.0	0.0	0.0
-0.6788334599999999	0.0003879349978	0.001994851599	0.026151377339999997	7.846645587e-05	0.0	0.0	0.0	0.0	0.0
-0.6458334600000004	0.0015449159149999998	0.00794345705	0.10413417529999999	0.00031248695540000006	0.0	0.0	0.0	0.0	0.0
-0.6138334600000004	0.0050081655029999995	0.02575650739	0.33764704100000004	0.0010130297172	0.0	0.0	0.0	0.0	0.0
-0.5818334600000004	0.013223676520000002	0.06800191339999999	0.891516023	0.002674880022999999	0.0	0.0	0.0	0.0	0.0
-0.5498334600000003	0.02843130347	0.1461960506	1.916566488	0.005750765641	0.0	0.0	0.0	0.0	0.0
-0.51683346	0.04977817005999998	0.25599086200000004	3.3558041399999996	0.010068806925999998	0.0	0.0	0.0	0.0	0.0
-0.48483345999999994	0.07099267936999999	0.3650285131	4.7859719300000005	0.01435830929	0.0	0.0	0.0	0.0	0.0
-0.4528334599999999	0.08244383950000002	0.42394975180000005	5.55784122	0.0166743312	0.0	0.0	0.0	0.0	0.0
-0.41983346000000044	0.07797845684999999	0.40100816950000007	5.25736388	0.01577254113	0.0	0.0	0.0	0.0	0.0
-0.3878334600000004	0.06008172717999999	0.30890501570000006	4.04950117	0.012151535462	0.0	0.0	0.0	0.0	0.0
-0.3558334600000004	0.037691157329999996	0.1938284514	2.5409306090000006	0.007624002223000002	0.0	0.0	0.0	0.0	0.0
-0.32283346	0.01925915012	0.0990454916	1.298214142	0.003895185173	0.0	0.0	0.0	0.0	0.0
-0.29083346	0.008013282779	0.04121003098999999	0.5402579470000001	0.0016209329349999998	0.0	0.0	0.0	0.0	0.0
-0.25883345999999996	0.0027154401010000004	0.013963687349999998	0.1830516416	0.0005492282050999999	0.0	0.0	0.0	0.0	0.0
-0.22583346000000049	0.0007492140129000001	0.003852770804	0.0505048374	0.0001515462438	0.0	0.0	0.0	0.0	0.0
-0.19383346000000046	0.00016830755439999997	0.0008654179060000001	0.011345673229999999	3.404040961e-05	0.0	0.0	0.0	0.0	0.0
-0.16183346000000043	3.077922235000001e-05	0.0001582791239	0.00207494556	6.2252797909999996e-06	0.0	0.0	0.0	0.0	0.0
-0.12883346000000007	4.5814408500000005e-06	2.356189565e-05	0.00030887186000000004	9.268309735000001e-07	0.0	0.0	0.0	0.0	0.0
-0.09683346000000004	5.55241063e-07	2.855081995e-06	3.742596610000001e-05	1.1230095982000001e-07	0.0	0.0	0.0	0.0	0.0
-0.06483346000000001	5.474765224999999e-08	2.815218481e-07	3.6905555499999993e-06	1.1072817967000001e-08	0.0	0.0	0.0	0.0	0.0
-0.03283345999999998	4.393475338e-09	2.259043756e-08	2.9616029800000005e-07	8.885659554000001e-10	0.0	0.0	0.0	0.0	0.0
0.0001665399999994932	2.868329758e-10	1.4750156800000001e-09	1.9336008549999997e-08	5.801392979e-11	0.0	0.0	0.0	0.0	0.0
0.03216653999999952	1.523583239e-11	7.83388625e-11	1.027056646e-09	3.0817934429999993e-12	0.0	0.0	0.0	0.0	0.0
0.06416653999999955	6.582987764000001e-13	3.385158742e-12	4.438047369999999e-11	1.3316671520000004e-13	0.0	0.0	0.0	0.0	0.0
0.09716653999999991	2.3114207949999997e-14	1.1886251619999998e-13	1.558140233e-12	4.675694568e-15	0.0	0.0	0.0	0.0	0.0
0.12916653999999994	7.127365412999999e-16	3.665404159e-15	4.80501494e-14	1.441720343e-16	0.0	0.0	0.0	0.0	0.0
0.16116653999999997	0.0	0.0	0.0	0.0	0.0	0.0	0.0	0.0	0.0
0.19416653999999944	0.0	0.0	0.0	0.0	0.0	0.0	0.0	0.0	0.0
0.22616653999999947	0.0	0.0	0.0	0.0	0.0	0.0	0.0	0.0	0.0
0.2581665399999995	0.0	0.0	0.0	0.0	0.0	0.0	0.0	0.0	0.0
0.29116653999999986	0.0	0.0	0.0	0.0	0.0	0.0	0.0	0.0	0.0
0.3231665399999999	0.0	0.0	0.0	0.0	0.0	0.0	0.0	0.0	0.0
0.3551665399999999	0.0	0.0	0.0	0.0	0.0	0.0	0.0	0.0	0.0
0.3881665399999994	0.0	0.0	0.0	0.0	0.0	0.0	0.0	0.0	0.0
0.4201665399999994	0.0	0.0	0.0	0.0	0.0	0.0	0.0	0.0	0.0
0.45216653999999945	0.0	0.0	0.0	0.0	0.0	0.0	0.0	0.0	0.0
0.4851665399999998	0.0	0.0	0.0	0.0	0.0	0.0	0.0	0.0	0.0
0.5171665399999998	0.0	0.0	0.0	0.0	0.0	0.0	0.0	0.0	0.0
0.5491665399999999	0.0	0.0	0.0	0.0	0.0	0.0	0.0	0.0	0.0
0.5811665399999999	0.0	0.0	0.0	0.0	0.0	0.0	0.0	0.0	0.0
0.6141665399999994	0.0	0.0	0.0	0.0	0.0	0.0	0.0	0.0	0.0
0.6461665399999994	0.0	0.0	0.0	0.0	0.0	0.0	0.0	0.0	0.0
0.6781665399999994	0.0	0.0	0.0	0.0	0.0	0.0	0.0	0.0	0.0
0.7111665399999998	0.0	0.0	0.0	0.0	0.0	0.0	0.0	0.0	0.0
0.7431665399999998	0.0	0.0	0.0	0.0	0.0	0.0	0.0	0.0	0.0
0.7751665399999998	0.0	0.0	0.0	0.0	0.0	0.0	0.0	0.0	0.0
0.8081665400000002	0.0	0.0	0.0	0.0	0.0	0.0	0.0	0.0	0.0
0.8401665399999994	0.0	0.0	0.0	0.0	0.0	0.0	0.0	0.0	0.0
0.8721665399999994	0.0	0.0	0.0	0.0	0.0	0.0	0.0	0.0	0.0
0.9051665399999997	0.0	0.0	0.0	0.0	0.0	0.0	0.0	0.0	0.0
0.9371665399999998	0.0	0.0	0.0	0.0	0.0	0.0	0.0	0.0	0.0
0.9691665399999998	0.0	0.0	0.0	0.0	0.0	0.0	0.0	0.0	0.0
1.0021665399999997	0.0	0.0	0.0	0.0	0.0	0.0	0.0	0.0	0.0
1.0341665399999997	0.0	0.0	0.0	0.0	0.0	0.0	0.0	0.0	0.0
1.0661665399999998	0.0	0.0	0.0	0.0	0.0	0.0	0.0	0.0	0.0
1.0991665399999997	0.0	0.0	0.0	0.0	0.0	0.0	0.0	0.0	0.0
1.1311665399999997	0.0	0.0	0.0	0.0	0.0	0.0	0.0	0.0	0.0
1.1631665399999997	0.0	0.0	0.0	0.0	0.0	0.0	0.0	0.0	0.0
1.1951665399999998	0.0	0.0	0.0	0.0	0.0	0.0	0.0	0.0	0.0
1.2281665399999997	0.0	0.0	0.0	0.0	0.0	0.0	0.0	0.0	0.0
1.2601665399999997	0.0	0.0	0.0	0.0	0.0	0.0	0.0	0.0	0.0
1.2921665399999998	0.0	0.0	0.0	0.0	0.0	0.0	0.0	0.0	0.0
1.3251665399999997	0.0	0.0	0.0	0.0	0.0	0.0	0.0	0.0	0.0
1.3571665399999997	0.0	0.0	0.0	0.0	0.0	0.0	0.0	0.0	0.0
1.3891665399999997	0.0	0.0	0.0	0.0	0.0	0.0	0.0	0.0	0.0
1.4221665399999996	0.0	0.0	0.0	0.0	0.0	0.0	0.0	0.0	0.0
1.4541665399999997	0.0	0.0	0.0	0.0	0.0	0.0	0.0	0.0	0.0
1.4861665399999997	0.0	0.0	0.0	0.0	0.0	0.0	0.0	0.0	0.0
1.5191665399999996	0.0	0.0	0.0	0.0	0.0	0.0	0.0	0.0	0.0
1.5511665399999996	0.0	0.0	0.0	0.0	0.0	0.0	0.0	0.0	0.0
1.5831665399999997	0.0	0.0	0.0	0.0	0.0	0.0	0.0	0.0	0.0
1.6161665399999996	0.0	0.0	0.0	0.0	0.0	0.0	0.0	0.0	0.0
1.6481665399999996	0.0	0.0	0.0	0.0	0.0	0.0	0.0	0.0	0.0
1.6801665399999997	0.0	0.0	0.0	0.0	0.0	0.0	0.0	0.0	0.0
1.7121665399999997	0.0	0.0	0.0	0.0	0.0	0.0	0.0	0.0	0.0
1.7451665399999996	0.0	0.0	0.0	0.0	0.0	0.0	0.0	0.0	0.0
1.7771665399999996	0.0	0.0	0.0	0.0	0.0	0.0	0.0	0.0	0.0
1.8091665399999997	0.0	0.0	0.0	0.0	0.0	0.0	0.0	0.0	0.0
1.8421665399999996	0.0	0.0	0.0	0.0	0.0	0.0	0.0	0.0	0.0
1.8741665399999996	0.0	0.0	0.0	0.0	0.0	0.0	0.0	0.0	0.0
1.9061665399999996	0.0	0.0	0.0	0.0	0.0	0.0	0.0	0.0	0.0
1.9391665399999996	0.0	0.0	0.0	0.0	0.0	0.0	0.0	0.0	0.0
1.9711665399999996	0.0	0.0	0.0	0.0	0.0	0.0	0.0	0.0	0.0
2.0031665399999996	0.0	0.0	0.0	0.0	0.0	0.0	0.0	0.0	0.0
2.03616654	0.0	0.0	0.0	0.0	0.0	0.0	0.0	0.0	0.0
2.0681665399999996	0.0	0.0	0.0	0.0	0.0	0.0	0.0	0.0	0.0
2.1001665399999996	0.0	0.0	0.0	0.0	0.0	0.0	0.0	0.0	0.0
2.13316654	0.0	0.0	0.0	0.0	0.0	0.0	0.0	0.0	0.0
2.16516654	0.0	0.0	0.0	0.0	0.0	0.0	0.0	0.0	0.0
2.1971665399999996	0.0	0.0	0.0	0.0	0.0	0.0	0.0	0.0	0.0
2.23016654	0.0	0.0	0.0	0.0	0.0	0.0	0.0	0.0	0.0
2.26216654	0.0	0.0	0.0	0.0	0.0	0.0	0.0	0.0	0.0
2.29416654	0.0	0.0	0.0	0.0	0.0	0.0	0.0	0.0	0.0
2.3261665399999996	0.0	0.0	0.0	0.0	0.0	0.0	0.0	0.0	0.0
2.35916654	0.0	0.0	0.0	0.0	0.0	0.0	0.0	0.0	0.0
2.39116654	0.0	0.0	0.0	0.0	0.0	0.0	0.0	0.0	0.0
2.42316654	0.0	0.0	0.0	0.0	0.0	0.0	0.0	0.0	0.0
2.45616654	0.0	0.0	0.0	0.0	0.0	0.0	0.0	0.0	0.0
2.48816654	0.0	0.0	0.0	0.0	0.0	0.0	0.0	0.0	0.0
2.52016654	0.0	0.0	0.0	0.0	0.0	0.0	0.0	0.0	0.0
2.55316654	0.0	0.0	0.0	0.0	0.0	0.0	0.0	0.0	0.0
2.58516654	0.0	0.0	0.0	0.0	0.0	0.0	0.0	0.0	0.0
2.61716654	0.0	0.0	0.0	0.0	0.0	0.0	0.0	0.0	0.0
2.65016654	0.0	0.0	0.0	0.0	0.0	0.0	0.0	0.0	0.0
2.68216654	0.0	0.0	0.0	0.0	0.0	0.0	0.0	0.0	0.0
2.71416654	0.0	0.0	0.0	0.0	0.0	0.0	0.0	0.0	0.0
2.74716654	0.0	0.0	0.0	0.0	0.0	0.0	0.0	0.0	0.0
2.77916654	0.0	0.0	0.0	0.0	0.0	0.0	0.0	0.0	0.0
2.81116654	0.0	0.0	0.0	0.0	0.0	0.0	0.0	0.0	0.0
2.84416654	0.0	0.0	0.0	0.0	0.0	0.0	0.0	0.0	0.0
2.87616654	0.0	0.0	0.0	0.0	0.0	0.0	0.0	0.0	0.0
2.90816654	0.0	0.0	0.0	0.0	0.0	0.0	0.0	0.0	0.0
2.94016654	0.0	0.0	0.0	0.0	0.0	0.0	0.0	0.0	0.0
2.97316654	0.0	0.0	0.0	0.0	0.0	0.0	0.0	0.0	0.0
3.00516654	0.0	0.0	0.0	0.0	0.0	0.0	0.0	0.0	0.0
3.03716654	0.0	0.0	0.0	0.0	0.0	0.0	0.0	0.0	0.0
3.0701665399999998	0.0	0.0	0.0	0.0	0.0	0.0	0.0	0.0	0.0
3.10216654	0.0	0.0	0.0	0.0	0.0	0.0	0.0	0.0	0.0
3.13416654	0.0	0.0	0.0	0.0	0.0	0.0	0.0	0.0	0.0
3.1671665399999998	0.0	0.0	0.0	0.0	0.0	0.0	0.0	0.0	0.0
3.19916654	0.0	0.0	0.0	0.0	0.0	0.0	0.0	0.0	0.0
3.23116654	0.0	0.0	0.0	0.0	0.0	0.0	0.0	0.0	0.0
3.2641665399999997	0.0	0.0	0.0	0.0	0.0	0.0	0.0	0.0	0.0
3.2961665399999998	0.0	0.0	0.0	0.0	0.0	0.0	0.0	0.0	0.0
3.32816654	0.0	0.0	0.0	0.0	0.0	0.0	0.0	0.0	0.0
3.3611665399999997	0.0	0.0	0.0	0.0	0.0	0.0	0.0	0.0	0.0
3.3931665399999997	0.0	0.0	0.0	0.0	0.0	0.0	0.0	0.0	0.0
3.4251665399999998	0.0	0.0	0.0	0.0	0.0	0.0	0.0	0.0	0.0
3.45716654	0.0	0.0	0.0	0.0	0.0	0.0	0.0	0.0	0.0
3.4901665399999997	0.0	0.0	0.0	0.0	0.0	0.0	0.0	0.0	0.0
3.5221665399999997	0.0	0.0	0.0	0.0	0.0	0.0	0.0	0.0	0.0
3.5541665399999998	2.5003712556999998e-17	9.7670196e-17	1.39831846e-15	7.415604900000001e-18	0.0	0.0	0.0	0.0	0.0
3.5871665399999997	1.3252619956999999e-15	5.176698300000001e-15	7.410759530000001e-14	3.9304133500000003e-16	0.0	0.0	0.0	0.0	0.0
3.6191665399999997	4.4006737664999993e-14	1.7191361000000002e-13	2.46106168e-12	1.30521149e-14	0.0	0.0	0.0	0.0	0.0
3.6511665399999997	1.2034645554999996e-12	4.7018189000000004e-12	6.730163460000001e-11	3.56948695e-13	0.0	0.0	0.0	0.0	0.0
3.6841665399999997	2.6764103336000002e-11	1.04564315e-10	1.4968753e-09	7.9379601e-12	0.0	0.0	0.0	0.0	0.0
3.7161665399999997	4.843081006500001e-10	1.8918353e-09	2.70827371e-08	1.43633518e-10	0.0	0.0	0.0	0.0	0.0
3.7481665399999997	7.128394738000001e-09	2.7846732e-08	3.9869516799999993e-07	2.11411254e-09	0.0	0.0	0.0	0.0	0.0
3.78116654	8.536884091e-08	3.3349511e-07	4.773627440000002e-06	2.53220338e-08	0.0	0.0	0.0	0.0	0.0
3.8131665399999997	8.321259667000001e-07	3.2505246999999994e-06	4.652657249999999e-05	2.46794749e-07	0.0	0.0	0.0	0.0	0.0
3.8451665399999997	6.600014935e-06	2.5781403e-05	0.000369105875	1.9576475199999997e-06	0.0	0.0	0.0	0.0	0.0
3.8781665399999996	4.2609209044e-05	0.00016646382	0.00238290272	1.26378442e-05	0.0	0.0	0.0	0.0	0.0
3.9101665399999996	0.00022397239465000003	0.0008749152999999999	0.0125241136	6.642378700000001e-05	0.0	0.0	0.0	0.0	0.0
3.9421665399999997	0.0009583067857	0.0037432936000000006	0.05358489390000001	0.000284205325	0.0	0.0	0.0	0.0	0.0
3.97516654	0.0033387137184	0.013040307999999999	0.186684414	0.000990196	0.0	0.0	0.0	0.0	0.0
4.00716654	0.009469673309	0.036992078	0.5296362070000001	0.0028086051899999993	0.0	0.0	0.0	0.0	0.0
4.03916654	0.021875556732	0.08545753300000002	1.22336293	0.006488308400000001	0.0	0.0	0.0	0.0	0.0
4.07116654	0.041154999713	0.1607674	2.30128553	0.0122041402	0.0	0.0	0.0	0.0	0.0
4.10416654	0.063043749378	0.24627221999999996	3.5256074	0.0186987137	0.0	0.0	0.0	0.0	0.0
4.13616654	0.07866356885000002	0.30729003	4.399115169999999	0.023331318099999995	0.0	0.0	0.0	0.0	0.0
4.16816654	0.07994641815	0.31229555999999997	4.469937389999999	0.023708027800000003	0.0	0.0	0.0	0.0	0.0
4.20116654	0.06617032118	0.25846347999999997	3.70012917	0.019624918800000002	0.0	0.0	0.0	0.0	0.0
4.23316654	0.044605269587	0.17422149999999997	2.4941984499999994	0.013228666000000002	0.0	0.0	0.0	0.0	0.0
4.26516654	0.024487360825	0.09565341699999999	1.36946575	0.0072624516999999994	0.0	0.0	0.0	0.0	0.0
4.2981665399999995	0.010957774139999998	0.04281642500000001	0.613140583	0.0032509941	0.0	0.0	0.0	0.0	0.0
4.33016654	0.00404914932	0.01589762	0.22803114400000002	0.0012074528	0.0	0.0	0.0	0.0	0.0
4.36216654	0.0014908977400000004	0.006212924	0.09106389399999999	0.00047364190000000005	0.0	0.0	0.0	0.0	0.0
4.39516654	0.0015045709789999998	0.007409455999999999	0.11446763800000001	0.0005704896200000001	0.0	0.0	0.0	0.0	0.0
4.42716654	0.003968469758000001	0.020418984	0.3192716297	0.0015757103400000003	0.0	0.0	0.0	0.0	0.0
4.45916654	0.010232374007000002	0.052810678000000014	0.8265759763999998	0.00407655	0.0	0.0	0.0	0.0	0.0
4.4921665399999995	0.021752374750000008	0.11231613889999999	1.7578526933999998	0.0086691024	0.0	0.0	0.0	0.0	0.0
4.5241665399999995	0.037699720310000004	0.19462412250000002	3.045930719999999	0.0150220537	0.0	0.0	0.0	0.0	0.0
4.5561665399999995	0.05320736630000001	0.2746856173	4.299058464	0.021203466100000002	0.0	0.0	0.0	0.0	0.0
4.58916654	0.06117436578	0.31573670170000007	4.941910338	0.024392605600000002	0.0	0.0	0.0	0.0	0.0
4.62116654	0.057399149299999994	0.2956707062	4.6266187200000015	0.0229634577	0.0	0.0	0.0	0.0	0.0
4.65316654	0.044404737	0.22586592400000005	3.5267695100000003	0.018151516700000002	0.0	0.0	0.0	0.0	0.0
4.68516654	0.030187405	0.142066124	2.19149162	0.013917917499999998	0.0	0.0	0.0	0.0	0.0
4.7181665399999995	0.02402143	0.07793905999999999	1.11181525	0.015895539	0.0	0.0	0.0	0.0	0.0
4.7501665399999995	0.033758228	0.04869404	0.4673516300000001	0.030684694499999998	0.0	0.0	0.0	0.0	0.0
4.7821665399999995	0.064271253	0.053160124	0.17794073	0.06387394189999998	0.0	0.0	0.0	0.0	0.0
4.81516654	0.113287047	0.08109923999999999	0.086904109	0.114269996	0.0	0.0	0.0	0.0	0.0
4.84716654	0.16610457999999995	0.11605328499999999	0.075722138	0.167961397	0.0	0.0	0.0	0.0	0.0
4.87916654	0.19910655	0.138573835	0.08133501150000001	0.20140208700000004	0.0	0.0	0.0	0.0	0.0
4.912166539999999	0.19479254999999998	0.13548948199999997	0.078063074	0.197053581	0.0	0.0	0.0	0.0	0.0
4.944166539999999	0.15647722999999997	0.1088622393	0.062055415	0.158357916	0.0	0.0	0.0	0.0	0.0
4.9761665399999995	0.10657333999999999	0.07420494599999998	0.04064420999999999	0.10801784599999999	0.0	0.0	0.0	0.0	0.0
5.00916654	0.07026151099999998	0.04912068000000001	0.022721360000000003	0.071671649	0.0	0.0	0.0	0.0	0.0
5.04116654	0.061241225999999996	0.043194049	0.012666959999999998	0.063293406	0.0	0.0	0.0	0.0	0.0
5.07316654	0.07792153	0.055427888999999994	0.009910933999999998	0.081398093	0.0	0.0	0.0	0.0	0.0
5.106166539999999	0.10738764	0.076859783	0.011525980000000002	0.11272816199999999	0.0	0.0	0.0	0.0	0.0
5.138166539999999	0.132513608	0.0954775	0.014545772000000002	0.139536816	0.0	0.0	0.0	0.0	0.0
5.170166539999999	0.141362686	0.10277919	0.01718701	0.14905575799999998	0.0	0.0	0.0	0.0	0.0
5.20316654	0.134736587	0.09920492999999997	0.01949389	0.141308382	0.0	0.0	0.0	0.0	0.0
5.23516654	0.12556407299999997	0.09392260000000002	0.023288979999999997	0.12876243399999998	0.0	0.0	0.0	0.0	0.0
5.26716654	0.128970572	0.09791140999999998	0.03076658	0.12669054600000001	0.0	0.0	0.0	0.0	0.0
5.29916654	0.149368299	0.11428989999999997	0.04183446	0.140471859	0.0	0.0	0.0	0.0	0.0
5.332166539999999	0.174338048	0.13360471	0.05249564	0.15968222399999998	0.0	0.0	0.0	0.0	0.0
5.364166539999999	0.18351749	0.14018455	0.057132590000000004	0.165763103	0.0	0.0	0.0	0.0	0.0
5.396166539999999	0.16679838300000002	0.12569524	0.0537794	0.14864655800000004	0.0	0.0	0.0	0.0	0.0
5.42916654	0.135078634	0.09712952	0.04755140000000001	0.11657129300000002	0.0	0.0	0.0	0.0	0.0
5.46116654	0.11243068	0.07118513	0.04799275000000001	0.089381097	0.0	0.0	0.0	0.0	0.0
5.49316654	0.11797475	0.06170900000000001	0.06276954	0.083147235	0.0	0.0	0.0	0.0	0.0
5.52616654	0.15428573	0.0723956	0.09263493	0.10098365000000001	0.0	0.0	0.0	0.0	0.0
5.55816654	0.209154	0.09852959999999997	0.13078722	0.13517191999999995	0.0	0.0	0.0	0.0	0.0
5.59016654	0.26503400000000005	0.13189240000000002	0.1658156	0.17476925	0.0	0.0	0.0	0.0	0.0
5.62316654	0.3067542	0.16368659999999996	0.18630529999999998	0.21068826000000002	0.0	0.0	0.0	0.0	0.0
5.65516654	0.32479070000000004	0.1854382	0.18550290000000003	0.23664376	0.0	0.0	0.0	0.0	0.0
5.68716654	0.3169227	0.1912818	0.16543159999999998	0.2494078	0.0	0.0	0.0	0.0	0.0
5.72016654	0.28970569999999995	0.1813497	0.136408	0.24952326000000002	0.0	0.0	0.0	0.0	0.0
5.752166539999999	0.255246	0.16165699999999997	0.1109281	0.24054885999999998	0.0	0.0	0.0	0.0	0.0
5.784166539999999	0.224061	0.1398816	0.0967039	0.22605501999999997	0.0	0.0	0.0	0.0	0.0
5.816166539999999	0.19987279999999996	0.12076920000000002	0.0941195	0.2078487	0.0	0.0	0.0	0.0	0.0
5.84916654	0.18040470000000003	0.10524230000000001	0.09849519999999999	0.18666240000000003	0.0	0.0	0.0	0.0	0.0
5.88116654	0.1613768	0.0921767	0.10306064000000001	0.16339139999999996	0.0	0.0	0.0	0.0	0.0
5.91316654	0.140619	0.0806424	0.10210671999999998	0.13984770000000002	0.0	0.0	0.0	0.0	0.0
5.94616654	0.12007039999999998	0.07108439999999999	0.09433554999999998	0.11857800000000002	0.0	0.0	0.0	0.0	0.0
5.97816654	0.1039381	0.06455439999999998	0.08448626	0.10205239999999999	0.0	0.0	0.0	0.0	0.0
6.01016654	0.09500320000000001	0.0611513	0.08047178	0.09110910000000001	0.0	0.0	0.0	0.0	0.0
6.04316654	0.0927414	0.05974770000000001	0.08719257	0.08471103	0.0	0.0	0.0	0.0	0.0
6.07516654	0.0939254	0.05867881	0.10163072999999999	0.08059148	0.0	0.0	0.0	0.0	0.0
6.10716654	0.09480329999999998	0.056467340000000005	0.11392026000000002	0.07627487999999999	0.0	0.0	0.0	0.0	0.0
6.14016654	0.0940869	0.05279509	0.11523966000000001	0.07060303000000001	0.0	0.0	0.0	0.0	0.0
6.17216654	0.0954584	0.049660460000000003	0.10576198	0.06561762	0.0	0.0	0.0	0.0	0.0
6.204166539999999	0.10498099999999999	0.05071651	0.09423280000000002	0.06560302000000001	0.0	0.0	0.0	0.0	0.0
6.23716654	0.1242152	0.058307000000000005	0.08875680000000001	0.0730947	0.0	0.0	0.0	0.0	0.0
6.26916654	0.14694859999999998	0.0712762	0.09009510000000003	0.08629210000000001	0.0	0.0	0.0	0.0	0.0
6.30116654	0.16431279999999998	0.08590769999999998	0.0936302	0.1010413	0.0	0.0	0.0	0.0	0.0
6.33416654	0.1718853	0.09778803000000001	0.09572610000000001	0.11420339999999998	0.0	0.0	0.0	0.0	0.0
6.36616654	0.170124	0.10272614	0.095894	0.1239707	0.0	0.0	0.0	0.0	0.0
6.39816654	0.16044920000000004	0.09790268	0.0941506	0.12811789999999998	0.0	0.0	0.0	0.0	0.0
6.43016654	0.1428851	0.08359688000000001	0.0888771	0.12364710000000002	0.0	0.0	0.0	0.0	0.0
6.46316654	0.11764480000000001	0.06357929000000001	0.07783409999999999	0.10863443	0.0	0.0	0.0	0.0	0.0
6.49516654	0.0872356	0.04296	0.06090436	0.08458604	0.0	0.0	0.0	0.0	0.0
6.52716654	0.0567618	0.02563176	0.04127125	0.056957399999999984	0.0	0.0	0.0	0.0	0.0
6.56016654	0.0316829	0.01335205	0.023690199999999995	0.03252281	0.0	0.0	0.0	0.0	0.0
6.59216654	0.0149013	0.00597841	0.011348693	0.01552477	0.0	0.0	0.0	0.0	0.0
6.62416654	0.00583271	0.0022649470000000002	0.004492604	0.006130912	0.0	0.0	0.0	0.0	0.0
6.6571665399999995	0.0018843100000000002	0.000716693	0.0014611367999999999	0.0019911603	0.0	0.0	0.0	0.0	0.0
6.6891665399999996	0.000499522	0.0001876425	0.0003889499	0.0005296541	0.0	0.0	0.0	0.0	0.0
6.72116654	0.0001083482	4.038771e-05	8.456297e-05	0.00011507795999999998	0.0	0.0	0.0	0.0	0.0
6.75416654	1.9181899999999997e-05	7.119346999999999e-06	1.4994089e-05	2.039496e-05	0.0	0.0	0.0	0.0	0.0
6.78616654	2.7693500000000004e-06	1.025085e-06	2.1662902e-06	2.9464760000000007e-06	0.0	0.0	0.0	0.0	0.0
6.81816654	3.257120000000001e-07	1.203806e-07	2.5490931000000004e-07	3.4666879999999995e-07	0.0	0.0	0.0	0.0	0.0
6.8511665399999995	3.1193800000000004e-08	1.1518610000000002e-08	2.4418949000000002e-08	3.3208670000000004e-08	0.0	0.0	0.0	0.0	0.0
6.8831665399999995	2.43185e-09	8.97462e-10	1.9038478000000003e-09	2.589337e-09	0.0	0.0	0.0	0.0	0.0
6.9151665399999995	1.542688e-10	5.6916839999999994e-11	1.2079645e-10	1.6429288e-10	0.0	0.0	0.0	0.0	0.0
6.94816654	7.96332e-12	2.9374049999999996e-12	6.2355799999999996e-12	8.480510000000001e-12	0.0	0.0	0.0	0.0	0.0
6.98016654	3.3439299999999997e-13	1.233478e-13	2.6186029e-13	3.5610670000000005e-13	0.0	0.0	0.0	0.0	0.0
7.01216654	1.1433389999999999e-14	4.216443e-15	8.954710000000001e-15	1.2177813999999999e-14	0.0	0.0	0.0	0.0	0.0
7.04416654	3.2436799999999995e-16	1.196269e-16	2.540372e-16	3.454524e-16	0.0	0.0	0.0	0.0	0.0
7.07716654	0.0	0.0	0.0	0.0	0.0	0.0	0.0	0.0	0.0
7.10916654	0.0	0.0	0.0	0.0	0.0	0.0	0.0	0.0	0.0
7.14116654	0.0	0.0	0.0	0.0	0.0	0.0	0.0	0.0	0.0
7.17416654	0.0	0.0	0.0	0.0	0.0	0.0	0.0	0.0	0.0
7.20616654	0.0	0.0	0.0	0.0	0.0	0.0	0.0	0.0	0.0
7.23816654	0.0	0.0	0.0	0.0	0.0	0.0	0.0	0.0	0.0
7.271166539999999	0.0	0.0	0.0	0.0	0.0	0.0	0.0	0.0	0.0
7.303166539999999	0.0	0.0	0.0	0.0	0.0	0.0	0.0	0.0	0.0
7.3351665399999995	0.0	0.0	0.0	0.0	0.0	0.0	0.0	0.0	0.0
7.36816654	0.0	0.0	0.0	0.0	0.0	0.0	0.0	0.0	0.0
7.40016654	0.0	0.0	0.0	0.0	0.0	0.0	0.0	0.0	0.0
7.43216654	0.0	0.0	0.0	0.0	0.0	0.0	0.0	0.0	0.0
7.46516654	0.0	0.0	0.0	0.0	0.0	0.0	0.0	0.0	0.0
7.49716654	0.0	0.0	0.0	0.0	0.0	0.0	0.0	0.0	0.0
7.52916654	0.0	0.0	0.0	0.0	0.0	0.0	0.0	0.0	0.0
7.56116654	0.0	0.0	0.0	0.0	0.0	0.0	0.0	0.0	0.0
7.59416654	0.0	0.0	0.0	0.0	0.0	0.0	0.0	0.0	0.0
7.62616654	0.0	0.0	0.0	0.0	0.0	0.0	0.0	0.0	0.0
7.65816654	0.0	0.0	0.0	0.0	0.0	0.0	0.0	0.0	0.0
7.691166539999999	0.0	0.0	0.0	0.0	0.0	0.0	0.0	0.0	0.0
7.723166539999999	0.0	0.0	0.0	0.0	0.0	0.0	0.0	0.0	0.0
7.755166539999999	0.0	0.0	0.0	0.0	0.0	0.0	0.0	0.0	0.0
7.78816654	0.0	0.0	0.0	0.0	0.0	0.0	0.0	0.0	0.0
7.82016654	0.0	0.0	0.0	0.0	0.0	0.0	0.0	0.0	0.0
7.85216654	0.0	0.0	0.0	0.0	0.0	0.0	0.0	0.0	0.0
7.88516654	0.0	0.0	0.0	0.0	0.0	0.0	0.0	0.0	0.0
7.91716654	0.0	0.0	0.0	0.0	0.0	0.0	0.0	0.0	0.0
