-23.274779610000003	0.0
-23.240779609999997	0.0
-23.206779609999998	0.0
-23.17277961	0.0
-23.13877961	0.0
-23.10477961	0.0
-23.070779610000002	0.0
-23.036779609999996	0.0
-23.002779609999997	0.0
-22.96877961	0.0
-22.93477961	0.0
-22.90077961	0.0
-22.866779610000002	0.0
-22.832779610000003	0.0
-22.798779609999997	0.0
-22.764779609999998	0.0
-22.73077961	0.0
-22.69677961	0.0
-22.66277961	0.0
-22.628779610000002	0.0
-22.594779609999996	0.0
-22.560779609999997	0.0
-22.527779610000003	0.0
-22.493779609999997	0.0
-22.45977961	0.0
-22.42577961	0.0
-22.39177961	0.0
-22.35777961	0.0
-22.323779610000003	2.7140419758e-15
-22.289779609999997	7.3281386087e-14
-22.255779609999998	3.1461275540999997e-12
-22.22177961	1.0425181144999999e-10
-22.18777961	2.7505793391e-09
-22.15377961	5.776164099600001e-08
-22.119779610000002	9.659887144e-07
-22.085779610000003	1.2862271018999999e-05
-22.051779609999997	0.00013641006065
-22.017779609999998	0.0011523904728000002
-21.98377961	0.0077570065349999995
-21.94977961	0.041600154561999995
-21.91577961	0.17780581693
-21.881779610000002	0.6057362132399999
-21.847779609999996	1.6447991584
-21.813779609999997	3.5602022762
-21.77977961	6.1448211542
-21.74577961	8.459127413000001
-21.71177961	9.302268754000004
-21.67777961	8.234314275000001
-21.643779610000003	6.101078510099999
-21.609779609999997	4.428237247500001
-21.575779609999998	4.3555694752
-21.54177961	5.943743892900001
-21.50777961	8.142068265
-21.47377961	9.400019242
-21.439779610000002	8.750499116999999
-21.405779610000003	6.5075168672000006
-21.371779609999997	3.8617173873
-21.33777961	1.8265450556
-21.30377961	0.6887109466300001
-21.26977961	0.20705205993999998
-21.23577961	0.04960557168600001
-21.201779610000003	0.009471976481999999
-21.167779609999997	0.0014410676222000002
-21.133779609999998	0.00017468080914
-21.09977961	1.6867004727e-05
-21.06577961	1.2971312685999998e-06
-21.03177961	7.944846830999999e-08
-20.99877961	3.874708772e-09
-20.96477961	1.5038802828999997e-10
-20.930779610000002	4.6489162665e-12
-20.896779610000003	1.155433874e-13
-20.862779609999997	0.0
-20.828779609999998	0.0
-20.79477961	0.0
-20.76077961	0.0
-20.72677961	0.0
-20.692779610000002	0.0
-20.658779609999996	0.0
-20.624779609999997	0.0
-20.59077961	0.0
-20.55677961	0.0
-20.52277961	0.0
-20.48877961	0.0
-20.454779610000003	0.0
-20.420779609999997	0.0
-20.386779609999998	0.0
-20.35277961	0.0
-20.31877961	0.0
-20.28477961	0.0
-20.250779610000002	0.0
-20.216779610000003	0.0
-20.182779609999997	0.0
-20.14877961	0.0
-20.11477961	0.0
-20.08077961	0.0
-20.04677961	0.0
-20.012779610000003	0.0
-19.978779609999997	0.0
-19.944779609999998	0.0
-19.91077961	0.0
-19.87677961	0.0
-19.84277961	0.0
-19.808779610000002	0.0
-19.774779610000003	0.0
-19.740779609999997	0.0
-19.706779609999998	0.0
-19.67277961	0.0
-19.63877961	0.0
-19.60477961	0.0
-19.570779610000002	0.0
-19.536779609999996	0.0
-19.502779609999997	0.0
-19.469779609999996	0.0
-19.435779609999997	0.0
-19.40177961	0.0
-19.36777961	0.0
-19.33377961	0.0
-19.29977961	0.0
-19.265779610000003	0.0
-19.231779609999997	0.0
-19.197779609999998	0.0
-19.16377961	0.0
-19.12977961	0.0
-19.09577961	0.0
-19.061779610000002	0.0
-19.027779610000003	0.0
-18.993779609999997	0.0
-18.95977961	0.0
-18.92577961	0.0
-18.89177961	0.0
-18.85777961	0.0
-18.823779610000003	0.0
-18.789779609999997	0.0
-18.755779609999998	0.0
-18.72177961	0.0
-18.68777961	0.0
-18.65377961	0.0
-18.619779610000002	0.0
-18.585779610000003	0.0
-18.551779609999997	0.0
-18.517779609999998	0.0
-18.48377961	0.0
-18.44977961	0.0
-18.41577961	0.0
-18.381779610000002	0.0
-18.347779609999996	0.0
-18.313779609999997	0.0
-18.27977961	0.0
-18.24577961	0.0
-18.21177961	0.0
-18.17777961	0.0
-18.143779610000003	0.0
-18.109779609999997	0.0
-18.075779609999998	0.0
-18.04177961	0.0
-18.00777961	0.0
-17.97377961	0.0
-17.94077961	0.0
-17.90677961	0.0
-17.872779610000002	0.0
-17.838779610000003	0.0
-17.804779609999997	0.0
-17.770779609999998	0.0
-17.73677961	0.0
-17.70277961	0.0
-17.66877961	0.0
-17.634779610000002	0.0
-17.600779609999996	0.0
-17.566779609999998	0.0
-17.53277961	0.0
-17.49877961	0.0
-17.46477961	0.0
-17.430779610000002	0.0
-17.396779610000003	0.0
-17.362779609999997	0.0
-17.328779609999998	0.0
-17.29477961	0.0
-17.26077961	0.0
-17.22677961	0.0
-17.192779610000002	0.0
-17.158779609999996	0.0
-17.124779609999997	0.0
-17.09077961	0.0
-17.05677961	0.0
-17.02277961	0.0
-16.98877961	0.0
-16.954779610000003	0.0
-16.920779609999997	0.0
-16.886779609999998	0.0
-16.85277961	0.0
-16.81877961	0.0
-16.78477961	0.0
-16.750779610000002	0.0
-16.716779610000003	0.0
-16.682779609999997	0.0
-16.64877961	0.0
-16.61477961	0.0
-16.58077961	0.0
-16.54677961	0.0
-16.512779610000003	0.0
-16.478779609999997	0.0
-16.444779609999998	0.0
-16.411779609999996	0.0
-16.377779609999997	0.0
-16.34377961	0.0
-16.30977961	0.0
-16.27577961	0.0
-16.241779610000002	0.0
-16.207779610000003	0.0
-16.173779609999997	0.0
-16.139779609999998	0.0
-16.10577961	0.0
-16.07177961	0.0
-16.03777961	0.0
-16.003779610000002	0.0
-15.969779609999998	0.0
-15.935779609999999	0.0
-15.90177961	0.0
-15.867779610000001	0.0
-15.833779609999999	0.0
-15.79977961	0.0
-15.765779610000001	0.0
-15.731779609999998	0.0
-15.69777961	0.0
-15.66377961	0.0
-15.629779609999998	0.0
-15.59577961	0.0
-15.56177961	0.0
-15.527779610000001	0.0
-15.493779609999999	0.0
-15.45977961	0.0
-15.425779610000001	0.0
-15.391779609999999	0.0
-15.35777961	0.0
-15.32377961	0.0
-15.289779609999998	0.0
-15.25577961	0.0
-15.22177961	0.0
-15.187779609999998	0.0
-15.153779609999999	0.0
-15.11977961	0.0
-15.085779610000001	0.0
-15.051779609999999	0.0
-15.01777961	0.0
-14.983779610000001	0.0
-14.949779609999998	0.0
-14.91577961	0.0
-14.882779609999998	0.0
-14.84877961	2.4182654083999998e-15
-14.81477961	7.254782454199999e-14
-14.780779610000002	3.0905022203999996e-12
-14.746779609999999	1.0177553863e-10
-14.71277961	2.6684640208e-09
-14.678779610000001	5.5695033325999996e-08
-14.644779609999999	9.256849701000001e-07
-14.61077961	1.2251212309000001e-05
-14.57677961	0.00012913797019000001
-14.542779609999998	0.0010842654077
-14.50877961	0.007253749551999999
-14.47477961	0.038661865951
-14.440779609999998	0.16424170733000001
-14.40677961	0.5560273809199999
-14.37277961	1.5006806290999999
-14.338779610000001	3.22881771
-14.304779609999999	5.5376614883999995
-14.27077961	7.5736980926
-14.236779610000001	8.2581764319
-14.202779609999999	7.1802400524
-14.16877961	4.977278349
-14.13477961	2.7506732138999994
-14.100779609999998	1.2119032029
-14.06677961	0.4256856890599999
-14.03277961	0.11919492853
-13.998779610000001	0.026593892895
-13.964779609999999	0.0047294567791
-13.93077961	0.00067013122935
-13.896779610000001	7.564029078399999e-05
-13.862779609999999	6.8011314314e-06
-13.82877961	4.8694637315e-07
-13.79477961	2.7771505307000004e-08
-13.760779609999998	1.2608414699000002e-09
-13.72677961	4.5561797406e-11
-13.69277961	1.3155404449999999e-12
-13.658779609999998	2.9018597719e-14
-13.62477961	0.0
-13.59077961	0.0
-13.556779610000001	0.0
-13.522779609999999	0.0
-13.48877961	0.0
-13.454779610000001	0.0
-13.420779609999999	0.0
-13.38677961	0.0
-13.353779609999998	0.0
-13.31977961	0.0
-13.28577961	0.0
-13.251779609999998	0.0
-13.21777961	0.0
-13.18377961	0.0
-13.149779610000001	0.0
-13.115779609999999	0.0
-13.08177961	0.0
-13.047779610000001	0.0
-13.013779609999998	0.0
-12.97977961	0.0
-12.94577961	0.0
-12.911779609999998	7.557165346000001e-15
-12.87777961	3.5017125244e-13
-12.84377961	1.3201848137000001e-11
-12.809779610000001	3.9727258848e-10
-12.775779609999999	9.517295038e-09
-12.74177961	1.8151813182999998e-07
-12.707779610000001	2.7561786287999997e-06
-12.673779609999999	3.3332364564e-05
-12.63977961	0.00032107470276
-12.60577961	0.0024637460906
-12.571779609999998	0.015063773615
-12.53777961	0.07338953683
-12.50377961	0.28495654603000004
-12.469779609999998	0.881914509
-12.435779609999999	2.1757568874
-12.40177961	4.279161351
-12.367779610000001	6.709956558999999
-12.333779609999999	8.389287383
-12.29977961	8.363169659
-12.265779610000001	6.647118207
-12.231779609999998	4.2122068843000005
-12.19777961	2.128007466
-12.16377961	0.8571483099
-12.129779609999998	0.27520001339
-12.09577961	0.07043034739
-12.06177961	0.014364081182
-12.027779610000001	0.0023346626033
-11.993779609999999	0.00030229314844
-11.95977961	3.1184111782999996e-05
-11.925779610000001	2.5621802783e-06
-11.891779609999999	1.6765787919e-07
-11.85777961	8.735845631999998e-09
-11.824779609999998	3.6235178621000004e-10
-11.79077961	1.1960501955000002e-11
-11.75677961	3.1237505855e-13
-11.722779609999998	1.0076109510999999e-14
-11.68877961	0.0
-11.65477961	2.4352978604699997e-14
-11.620779610000001	1.0593677845099999e-12
-11.586779609999999	3.7356118803900004e-11
-11.55277961	1.04776479516e-09
-11.518779610000001	2.3395628173000005e-08
-11.484779609999999	4.15882386585e-07
-11.45077961	5.887253055100001e-06
-11.41677961	6.6375676186e-05
-11.382779609999998	0.00059604242169
-11.34877961	0.004264341988929999
-11.31477961	0.0243084656667
-11.280779610000002	0.11042307363800001
-11.246779609999999	0.39981451592700007
-11.21277961	1.15381866485
-11.178779610000001	2.65430998311
-11.144779609999999	4.8682610486
-11.11077961	7.118511979
-11.07677961	8.2988658235
-11.042779609999998	7.715896841899999
-11.00877961	5.7185444401000005
-10.97477961	3.3794059257899995
-10.940779609999998	1.5921745173400002
-10.90677961	0.59800790853
-10.87277961	0.17902820080199996
-10.838779610000001	0.042721972964
-10.804779609999999	0.0081242474317
-10.77077961	0.00123107642643
-10.736779610000001	0.00014863497002399998
-10.702779609999999	1.4293987574099999e-05
-10.66877961	1.09471912518e-06
-10.63477961	6.6774070974e-08
-10.600779609999998	3.2429560939399997e-09
-10.56677961	1.25387011262e-10
-10.53277961	3.857203863630001e-12
-10.498779610000001	1.185395513e-13
-10.464779609999999	9.298688864099998e-13
-10.43077961	3.2956712934e-11
-10.39677961	9.299287175099999e-10
-10.36277961	2.0884847651e-08
-10.32877961	3.7347491424e-07
-10.29577961	5.3179321444e-06
-10.26177961	6.0306195565999994e-05
-10.227779609999999	0.00054473969339
-10.19377961	0.003919948110100001
-10.15977961	0.022477382211
-10.12577961	0.102697998527
-10.09177961	0.3740023731
-10.057779609999999	1.0856156692899999
-10.02377961	2.5121322157999995
-9.98977961	4.6343712665
-9.95577961	6.816430585399999
-9.92177961	7.993760267
-9.887779609999999	7.4752764477
-9.85377961	5.572410786300001
-9.81977961	3.3123079793
-9.78577961	1.5695739368000001
-9.75177961	0.59297657197
-9.71777961	0.17857071201
-9.68377961	0.042860644684
-9.64977961	0.0081986476459
-9.61577961	0.00124949764364
-9.58177961	0.00015174990098600001
-9.54777961	1.46776234207e-05
-9.51377961	1.13094777593e-06
-9.47977961	6.938387884499999e-08
-9.445779609999999	3.3894521052999997e-09
-9.41177961	1.3182207135500002e-10
-9.37777961	4.0759972668e-12
-9.34377961	1.0330894652299998e-13
-9.30977961	0.0
-9.275779609999999	0.0
-9.24177961	0.0
-9.20777961	0.0
-9.17377961	0.0
-9.13977961	0.0
-9.105779609999999	0.0
-9.07177961	0.0
-9.03777961	0.0
-9.00377961	0.0
-8.96977961	0.0
-8.935779609999999	0.0
-8.90177961	0.0
-8.86777961	0.0
-8.83377961	0.0
-8.79977961	0.0
-8.76677961	0.0
-8.73277961	0.0
-8.698779609999999	0.0
-8.66477961	0.0
-8.63077961	0.0
-8.59677961	0.0
-8.56277961	0.0
-8.528779609999999	0.0
-8.49477961	0.0
-8.46077961	0.0
-8.42677961	0.0
-8.39277961	0.0
-8.35877961	0.0
-8.32477961	0.0
-8.29077961	0.0
-8.25677961	0.0
-8.22277961	0.0
-8.18877961	0.0
-8.15477961	0.0
-8.12077961	0.0
-8.086779609999999	0.0
-8.05277961	0.0
-8.01877961	0.0
-7.98477961	0.0
-7.95077961	0.0
-7.916779609999999	0.0
-7.88277961	0.0
-7.848779609999999	0.0
-7.81477961	0.0
-7.78077961	0.0
-7.746779609999999	0.0
-7.71277961	2.4390549669999998e-15
-7.678779609999999	7.56175786e-14
-7.6447796100000005	3.119707362e-12
-7.61077961	1.028192663e-10
-7.576779609999999	2.6956989310000002e-09
-7.54277961	5.6265324199999995e-08
-7.5087796099999995	9.34903615e-07
-7.474779610000001	1.2372183149999999e-05
-7.44077961	0.0001303900335
-7.406779609999999	0.001094754939
-7.37277961	0.00732243833
-7.33877961	0.03903131998
-7.304779609999999	0.1658386571
-7.27077961	0.561822387
-7.2377796100000005	1.51869363
-7.20377961	3.28258142
-7.169779609999999	5.6971354100000005
-7.13577961	8.025875599999999
-7.1017796099999995	9.4145322
-7.0677796100000005	9.6709221
-7.03377961	9.354898299999999
-6.999779609999999	8.942840799999999
-6.96577961	8.22103687
-6.9317796099999995	6.76003507
-6.897779610000001	4.686065345
-6.86377961	2.6520924759999995
-6.829779609999999	1.2083561313
-6.79577961	0.44052756
-6.76177961	0.12826717675000002
-6.727779609999999	0.030248545199999997
-6.69377961	0.009048523099999999
-6.659779609999999	0.021167791499999998
-6.62577961	0.09328284579
-6.59177961	0.34006097986000006
-6.557779609999999	0.9889727014500002
-6.52377961	2.2931320587
-6.489779609999999	4.2383672626
-6.4557796100000004	6.245879984500001
-6.42177961	7.338990577300001
-6.387779609999999	6.875262419899999
-6.35377961	5.1358961757
-6.319779609999999	3.0586392059000005
-6.2857796100000005	1.4523268171000001
-6.25177961	0.5497048292
-6.217779609999999	0.16590435490999997
-6.18377961	0.0402848602
-6.1497796099999995	0.010689347
-6.115779610000001	0.019924482000000004
-6.08177961	0.092886107
-6.047779609999999	0.36847873499999995
-6.01377961	1.17753459
-5.97977961	3.0310987799999998
-5.945779609999999	6.2887013
-5.91177961	10.525532900000002
-5.877779609999999	14.2194501
-5.84377961	15.505710499999998
-5.80977961	13.6504575
-5.775779609999999	9.6943375
-5.74177961	5.5510013
-5.708779610000001	2.56026524
-5.67477961	0.95005826
-5.640779609999999	0.28339098900000004
-5.60677961	0.067861116
-5.5727796099999996	0.0130303987
-5.538779610000001	0.00200444336
-5.50477961	0.000250187976
-5.470779609999999	6.52654128e-05
-5.43677961	0.0003854565478
-5.40277961	0.00285901808736
-5.368779609999999	0.0169806789885
-5.33477961	0.080373012371
-5.300779609999999	0.3031542917
-5.26677961	0.91146368559
-5.23277961	2.1845694933299997
-5.198779609999999	4.17432544297
-5.16477961	6.358912631399999
-5.130779609999999	7.7237442894
-5.0967796100000005	7.480350651
-5.06277961	5.776669524
-5.028779609999999	3.56039753
-4.99477961	1.76992602
-4.9607796099999995	0.7923545200000001
-4.9267796100000005	0.6034871640000001
-4.89277961	1.1642153020000001
-4.858779609999999	2.5314263004
-4.82477961	4.5611453239
-4.7907796099999995	6.5751872822
-4.756779610000001	7.5596953103
-4.72277961	6.929972638700001
-4.688779609999999	5.0657868954
-4.65477961	2.9520400780800005
-4.62077961	1.37164994089
-4.586779609999999	0.50798381269
-4.55277961	0.14998494313
-4.518779609999999	0.035293174396
-4.48477961	0.0066183504904
-4.45077961	0.00098892117101
-4.416779609999999	0.00011772670990300001
-4.38277961	1.11656404477e-05
-4.348779609999999	8.433254032599999e-07
-4.31477961	5.0722050088000005e-08
-4.28077961	2.42902717783e-09
-4.246779609999999	9.260287590099999e-11
-4.21277961	2.8069504979399993e-12
-4.179779609999999	7.083802558200002e-14
-4.14577961	0.0
-4.111779609999999	0.0
-4.07777961	0.0
-4.04377961	0.0
-4.009779609999999	0.0
-3.97577961	2.3386193978e-15
-3.9417796099999993	1.5435230336e-13
-3.9077796100000004	6.095144047e-12
-3.8737796099999997	1.924093016e-10
-3.839779609999999	4.8364005880000004e-09
-3.80577961	9.689669529999999e-08
-3.7717796099999994	1.547856531e-06
-3.7377796100000005	1.972926246e-05
-3.7037796099999998	0.0002008440137
-3.669779609999999	0.001634633295
-3.63577961	0.010649452349999998
-3.6017796099999995	0.055639776499999995
-3.5677796100000005	0.23357441199999998
-3.53377961	0.790027817
-3.499779609999999	2.15839149
-3.4657796100000002	4.77832023
-3.4317796099999995	8.5987757
-3.3977796100000006	12.6102369
-3.36377961	15.104707
-3.3297796099999992	14.7886949
-3.2957796100000003	11.8344396
-3.2617796099999996	7.7288611
-3.227779609999999	4.1095797
-3.19377961	1.77395065
-3.1597796099999993	0.61974541
-3.1257796100000004	0.174693225
-3.0917796099999997	0.039629614
-3.057779609999999	0.007218117699999999
-3.02377961	0.0010534219
-2.9897796099999994	0.000123016478
-2.9557796100000004	1.1479963300000002e-05
-2.9217796099999997	8.5550227e-07
-2.887779609999999	5.5734871500000006e-08
-2.85377961	1.0045960836999999e-07
-2.8197796099999994	1.5598490956789998e-06
-2.7857796100000005	1.9759417012230003e-05
-2.75177961	0.0001993923408714
-2.717779609999999	0.001602615159249
-2.68377961	0.01026283076336
-2.650779609999999	0.0523719951042
-2.61677961	0.213022154
-2.5827796099999993	0.690600773212
-2.5487796100000004	1.78501749528
-2.5147796099999997	3.68085340556
-2.480779609999999	6.066986761599999
-2.44677961	8.0379925519
-2.4127796099999994	8.7191593781
-2.3787796099999996	8.164457938
-2.34477961	7.418068014
-2.31077961	7.4424979979999994
-2.27677961	8.069761875
-2.2427796099999995	8.226282125
-2.2087796099999997	7.119128882
-2.17477961	5.013224607
-2.14077961	2.833054256
-2.1067796099999994	1.2786845880000002
-2.0727796099999996	0.46031702059999996
-2.0387796099999997	0.1321204367
-2.00477961	0.03022969611
-1.9707796100000001	0.005510412812999999
-1.9367796099999994	0.0008006157759
-1.9027796099999996	9.2661991e-05
-1.8687796099999998	8.54332027e-06
-1.83477961	6.272207407999999e-07
-1.8007796099999993	3.6675526000000005e-08
-1.7667796099999995	1.70741754e-09
-1.7327796099999997	6.326922223e-11
-1.6987796099999999	1.862525785e-12
-1.66477961	4.610654955e-14
-1.6307796099999994	0.0
-1.5967796099999996	0.0
-1.5627796099999998	0.0
-1.52877961	0.0
-1.4947796100000001	0.0
-1.4607796099999995	0.0
-1.4267796099999996	0.0
-1.3927796099999998	0.0
-1.35877961	0.0
-1.3247796099999993	0.0
-1.2907796099999995	0.0
-1.2567796099999997	0.0
-1.22277961	4.49449836021e-15
-1.18877961	1.93292475045e-13
-1.1547796099999994	7.51384064686e-12
-1.12177961	2.328176910233e-10
-1.0877796100000001	5.741203353690001e-09
-1.0537796099999994	1.1271682070350001e-07
-1.0197796099999996	1.7619417045819998e-06
-0.9857796099999998	2.1934972818539995e-05
-0.95177961	0.00021749242091059998
-0.9177796100000002	0.0017178206599210001
-0.8837796099999995	0.01081132883709
-0.8497796099999997	0.0542204030483
-0.8157796099999999	0.2166757172588
-0.7817796100000001	0.690356110978
-0.7477796099999994	1.753853024375
-0.7137796099999996	3.556356736440001
-0.6797796099999998	5.770435421929999
-0.64577961	7.5552974528400005
-0.6117796100000001	8.17766542448
-0.5777796099999994	7.80826885403
-0.5437796099999996	7.43697570705
-0.5097796099999998	7.781904588710001
-0.47577961	8.43724054033
-0.4417796099999993	8.32061683541
-0.4077796099999995	6.8753678233699995
-0.3737796099999997	4.60423215446
-0.3397796099999999	2.47151292781
-0.3057796100000001	1.059344455345
-0.2717796099999994	0.362119184661
-0.23777960999999959	0.09868752499090001
-0.20377960999999978	0.021437924726299996
-0.16977960999999997	0.00371072332672
-0.13577961000000016	0.000511762570947
-0.10177960999999947	5.624094702710001e-05
-0.06777960999999966	4.9211583694800005e-06
-0.03377960999999985	3.43115137784e-07
0.00022038999999995923	1.90428748861e-08
0.034220390000000656	8.41493372414e-10
0.06822039000000046	2.9603447601700004e-11
0.10222039000000027	8.31997923177e-13
0.13622039000000008	1.8909344000000003e-14
0.1702203899999999	0.0
0.20422039000000058	0.0
0.2382203900000004	0.0
0.2722203900000002	0.0
0.30622039	0.0
0.3402203899999998	0.0
0.3742203900000005	0.0
0.40722039	0.0
0.4412203900000007	0.0
0.4752203900000005	0.0
0.5092203900000003	0.0
0.5432203900000001	0.0
0.5772203899999999	0.0
0.6112203900000006	0.0
0.6452203900000004	0.0
0.6792203900000002	0.0
0.71322039	0.0
0.7472203899999998	0.0
0.7812203900000005	0.0
0.8152203900000004	0.0
0.8492203900000002	0.0
0.88322039	0.0
0.9172203900000007	0.0
0.9512203900000005	0.0
0.9852203900000003	0.0
1.01922039	0.0
1.05322039	0.0
1.0872203900000006	0.0
1.1212203900000004	0.0
1.1552203900000002	0.0
1.18922039	0.0
1.2232203899999998	0.0
1.2572203900000005	0.0
1.2912203900000003	0.0
1.3252203900000001	0.0
1.35922039	0.0
1.3932203900000006	0.0
1.4272203900000004	0.0
1.4612203900000003	0.0
1.49522039	0.0
1.5292203899999999	0.0
1.5632203900000006	0.0
1.5972203900000004	0.0
1.6312203900000002	0.0
1.6652203900000004	0.0
1.6992203900000002	0.0
1.73322039	0.0
1.7672203900000003	0.0
1.8012203900000001	0.0
1.8352203900000004	0.0
1.8692203900000002	0.0
1.9032203900000004	0.0
1.9362203900000003	0.0
1.9702203900000002	0.0
2.0042203900000004	0.0
2.03822039	0.0
2.0722203900000005	0.0
2.1062203900000003	0.0
2.14022039	0.0
2.1742203900000003	0.0
2.20822039	0.0
2.2422203900000004	0.0
2.27622039	0.0
2.3102203900000005	0.0
2.3442203900000003	0.0
2.37822039	0.0
2.4122203900000003	0.0
2.44622039	0.0
2.4802203900000004	0.0
2.51422039	0.0
2.5482203900000004	0.0
2.5822203900000003	0.0
2.61622039	0.0
2.6502203900000003	0.0
2.68422039	0.0
2.7182203900000004	0.0
2.75222039	0.0
2.7862203900000004	0.0
2.8202203900000002	0.0
2.85422039	0.0
2.8882203900000003	0.0
2.92222039	0.0
2.9562203900000004	0.0
2.99022039	0.0
3.0242203900000004	0.0
3.0582203900000002	0.0
3.09222039	0.0
3.1262203900000003	0.0
3.16022039	0.0
3.1942203900000004	0.0
3.22822039	0.0
3.2622203900000004	0.0
3.2962203900000002	0.0
3.33022039	0.0
3.3642203900000003	0.0
3.39822039	0.0
3.4312203900000005	0.0
3.4652203900000003	0.0
3.49922039	0.0
3.5332203900000003	0.0
3.56722039	0.0
3.60122039	0.0
3.63522039	0.0
3.6692203900000004	0.0
3.7032203900000003	0.0
3.73722039	0.0
3.7712203900000003	0.0
3.8052203900000006	0.0
3.8392203900000004	0.0
3.87322039	0.0
3.90722039	0.0
3.9412203900000002	0.0
3.9752203900000005	0.0
4.00922039	0.0
4.04322039	0.0
4.077220390000001	0.0
4.11122039	0.0
4.14522039	0.0
4.17922039	0.0
4.21322039	0.0
4.247220390000001	0.0
4.2812203900000005	0.0
4.31522039	0.0
4.34922039	0.0
4.38322039	0.0
4.417220390000001	0.0
4.4512203900000005	0.0
4.48522039	0.0
4.51922039	0.0
4.55322039	0.0
4.587220390000001	0.0
4.62122039	0.0
4.65522039	0.0
4.68922039	0.0
4.72322039	0.0
4.7572203900000005	0.0
4.79122039	0.0
4.82522039	0.0
4.85922039	0.0
4.89322039	0.0
4.9272203900000004	0.0
4.96022039	0.0
4.994220390000001	4.2329314299999996e-16
5.02822039	1.86252218e-14
5.06222039	6.85872549e-13
5.09622039	2.00611702e-11
5.13022039	4.67155039e-10
5.1642203900000005	8.661109900000001e-09
5.19822039	1.27843896e-07
5.23222039	1.5030124399999999e-06
5.26622039	1.4074820700000002e-05
5.30022039	0.000105001133
5.3342203900000005	0.000624044736
5.36822039	0.0029556069499999996
5.40222039	0.011158082
5.43622039	0.033571548300000004
5.470220390000001	0.080518811
5.50422039	0.153973041
5.53822039	0.23475900400000002
5.57222039	0.285512737
5.60622039	0.277490156
5.6402203900000005	0.217607862
5.67422039	0.144228205
5.70822039	0.09697237
5.74222039	0.09220025399999998
5.776220390000001	0.12045892
5.8102203900000005	0.16009452899999999
5.84422039	0.198253056
5.87822039	0.248935591
5.91222039	0.34552409
5.946220390000001	0.50050035
5.98022039	0.66807421
6.01422039	0.76602411
6.04822039	0.75093757
6.08222039	0.6593893799999999
6.1162203900000005	0.56561028
6.15022039	0.51476935
6.18422039	0.51346392
6.21822039	0.5623609
6.252220390000001	0.6693674999999999
6.28622039	0.8287165000000001
6.32022039	0.9972626
6.35422039	1.1013917
6.388220390000001	1.0853489
6.422220390000001	0.9631398
6.45622039	0.8173469999999999
6.48922039	0.7486592000000001
6.5232203900000005	0.8272058999999999
6.55722039	1.0627714000000001
6.59122039	1.3722181999999998
6.62522039	1.5854681
6.65922039	1.5552987
6.6932203900000005	1.2988883
6.72722039	0.9973461
6.76122039	0.8342787
6.795220390000001	0.8419574
6.82922039	0.9059566000000001
6.86322039	0.8918062
6.89722039	0.7600229000000001
6.93122039	0.5788755
6.965220390000001	0.4534545
6.9992203900000005	0.44905110000000004
7.03322039	0.5635254
7.06722039	0.7449284
7.10122039	0.923468
7.135220390000001	1.0350570000000001
7.16922039	1.0345309999999999
7.20322039	0.9087099999999999
7.23722039	0.689093
7.27122039	0.4433879
7.305220390000001	0.23872739999999998
7.33922039	0.10723079999999999
7.37322039	0.04332857
7.40722039	0.02699294
7.44122039	0.045320171000000006
7.4752203900000005	0.09725876
7.50922039	0.18568734
7.54322039	0.3094397
7.577220390000001	0.46205969999999996
7.61122039	0.6302327000000001
7.64522039	0.7875570000000001
7.67922039	0.898111
7.71322039	0.9409249999999999
7.747220390000001	0.926935
7.78122039	0.879876
7.81522039	0.8040970000000001
7.84922039	0.6878573
7.88322039	0.5403952
7.917220390000001	0.41097169999999994
7.9512203900000005	0.361029
7.98522039	0.42242009999999997
8.01822039	0.5880332
8.05222039	0.8353669000000001
8.086220390000001	1.140425
8.12022039	1.456353
8.15422039	1.693189
8.18822039	1.7541950000000002
8.22222039	1.615256
8.25622039	1.352623
8.29022039	1.0801939999999999
8.32422039	0.872884
8.35822039	0.7672930000000001
8.39222039	0.8064690000000001
8.426220390000001	1.040842
8.46022039	1.466324
8.49422039	1.972805
8.528220390000001	2.382765
8.56222039	2.56045
8.59622039	2.487246
8.63022039	2.240601
8.66422039	1.927273
8.69822039	1.637375
8.73222039	1.42977
8.76622039	1.327561
8.80022039	1.3148790000000001
8.83422039	1.3422809999999998
8.868220390000001	1.347539
8.90222039	1.291178
8.93622039	1.1817280000000001
8.97022039	1.062594
9.00422039	0.9726390000000001
9.03822039	0.9154009999999999
9.07222039	0.857523
9.10622039	0.7564475
9.14022039	0.5971938999999999
9.17422039	0.407122
9.208220390000001	0.2344217
9.24222039	0.11249579999999999
9.27622039	0.044608430000000004
9.310220390000001	0.01452687
9.34422039	0.0038658549999999996
9.37822039	0.0008371412000000001
9.41222039	0.00014694410000000001
9.44622039	2.083616e-05
9.48022039	2.379633e-06
9.51422039	2.183507e-07
9.54722039	1.606368e-08
9.58122039	9.458400000000001e-10
9.615220390000001	4.4513379999999996e-11
9.64922039	1.672693e-12
9.68322039	5.0119410000000004e-14
9.717220390000001	1.188705e-15
9.75122039	0.0
9.78522039	0.0
9.81922039	0.0
9.85322039	0.0
9.88722039	0.0
9.92122039	0.0
9.955220390000001	0.0
9.98922039	0.0
10.02322039	0.0
10.057220390000001	0.0
10.09122039	0.0
10.125220389999999	0.0
10.159220390000002	0.0
10.19322039	0.0
10.22722039	0.0
10.26122039	0.0
10.29522039	0.0
10.32922039	0.0
10.36322039	0.0
10.397220390000001	0.0
10.43122039	0.0
10.465220389999999	0.0
10.499220390000001	0.0
10.53322039	0.0
10.56722039	0.0
10.60122039	0.0
10.63522039	0.0
10.66922039	0.0
