-19.6078142	0.0
-19.5798142	0.0
-19.5528142	0.0
-19.5248142	0.0
-19.4978142	0.0
-19.469814200000002	0.0
-19.4418142	0.0
-19.4148142	0.0
-19.3868142	0.0
-19.3598142	0.0
-19.3318142	0.0
-19.3048142	0.0
-19.2768142	0.0
-19.2488142	0.0
-19.2218142	0.0
-19.193814200000002	0.0
-19.1668142	0.0
-19.1388142	0.0
-19.1118142	0.0
-19.0838142	0.0
-19.0558142	0.0
-19.0288142	0.0
-19.0008142	0.0
-18.9738142	0.0
-18.9458142	2.9500918849038002e-15
-18.9188142	4.4250977174112e-14
-18.8908142	9.470333152261199e-13
-18.8628142	1.75700853687421e-11
-18.8358142	2.8006291812990996e-10
-18.8078142	3.8388935149835e-09
-18.780814200000002	4.5262334333348995e-08
-18.7528142	4.590135923398e-07
-18.7248142	4.0042809109922994e-06
-18.6978142	3.0051598735297003e-05
-18.6698142	0.000193994676571646
-18.6428142	0.0010774278358012298
-18.6148142	0.005148552851291101
-18.5878142	0.0211673908354177
-18.5598142	0.07487105129946099
-18.5318142	0.227886916910622
-18.504814200000002	0.59680625503781
-18.4768142	1.34496758195093
-18.4498142	2.6079688809693997
-18.4218142	4.352073275909
-18.3948142	6.249068904806401
-18.3668142	7.722799016930599
-18.3388142	8.212785353966199
-18.3118142	7.5141352341265
-18.283814200000002	5.917563102433699
-18.2568142	4.0096100518840005
-18.2288142	2.33806373844021
-18.2008142	1.17323073488202
-18.1738142	0.50659662083417
-18.1458142	0.188231919661924
-18.1188142	0.06018072678368399
-18.0908142	0.0165527459084749
-18.0638142	0.0039178323173965
-18.0358142	0.0007978188787192699
-18.007814200000002	0.000139772162026686
-17.9808142	2.1064530219399802e-05
-17.9528142	2.7312767903854e-06
-17.9258142	3.0463650900479e-07
-17.8978142	2.9226003405703e-08
-17.8708142	2.41182102011285e-09
-17.8428142	1.7120918897795798e-10
-17.8148142	1.0443932535745699e-11
-17.7878142	5.546320473964099e-13
-17.7598142	2.3600133218904505e-14
-17.7328142	0.0
-17.7048142	0.0
-17.6778142	0.0
-17.6498142	0.0
-17.6218142	0.0
-17.594814200000002	0.0
-17.5668142	0.0
-17.5398142	0.0
-17.5118142	0.0
-17.4838142	0.0
-17.4568142	0.0
-17.4288142	0.0
-17.4018142	1.2939690144772399e-14
-17.3738142	2.6844424165591896e-13
-17.3468142	5.3660210202123396e-12
-17.318814200000002	9.1444911921686e-11
-17.2908142	1.3404011368398598e-09
-17.2638142	1.68973355105371e-08
-17.2358142	1.8323193205337994e-07
-17.2088142	1.70898877441678e-06
-17.1808142	1.37115713838466e-05
-17.1538142	9.4635787144101e-05
-17.1258142	0.000561924217722643
-17.097814200000002	0.00287147612650124
-17.0708142	0.012617754219210102
-17.0428142	0.047708499743386305
-17.0158142	0.15525082851952499
-16.9878142	0.434707612828297
-16.9598142	1.04719128189294
-16.9328142	2.17075191729521
-16.9048142	3.8721014663525795
-16.8778142	5.943989724230329
-16.8498142	7.851215978728109
-16.8228142	8.925391538479301
-16.7948142	8.7310957023283
-16.7668142	7.35051087723487
-16.7398142	5.3238579417078
-16.7118142	3.31913186012229
-16.6848142	1.7803685745493598
-16.6568142	0.8218931704224199
-16.629814200000002	0.32639128339304296
-16.6018142	0.11164416266535003
-16.5738142	0.033313214810838696
-16.5468142	0.010861249824172102
-16.5188142	0.0130902714505653
-16.4918142	0.043122831115772996
-16.4638142	0.139664524266862
-16.4368142	0.39191257222286
-16.408814200000002	0.9467109899173599
-16.3808142	1.9678528669134
-16.3538142	3.5198865143325
-16.3258142	5.4180859145802
-16.2988142	7.1758945816244
-16.2708142	8.1798569770444
-16.2428142	8.0240403621498
-16.2158142	6.773473143271
-16.187814200000002	4.919833967288399
-16.1608142	3.0752621020974
-16.132814200000002	1.6543774571150998
-16.1058142	0.76572197272929
-16.0778142	0.30495968596317
-16.0498142	0.104516412927183
-16.0228142	0.030818924227118998
-15.9948142	0.007820355542691901
-15.9678142	0.0017070130021287
-15.9398142	0.00032059253945073
-15.9128142	5.1802634920061e-05
-15.884814200000001	7.201743783916e-06
-15.856814199999999	8.6111016178165e-07
-15.829814200000001	8.857225541264202e-08
-15.801814199999999	7.8358843443481e-09
-15.774814200000002	5.9629111664272e-10
-15.7468142	3.9037569907726e-11
-15.7188142	2.2020739491372e-12
-15.6918142	1.00900078583438e-13
-15.663814200000001	5.9362098637022e-15
-15.6368142	0.0
-15.608814200000001	0.0
-15.5818142	0.0
-15.553814200000001	0.0
-15.5258142	0.0
-15.498814200000002	0.0
-15.4708142	0.0
-15.443814200000002	0.0
-15.4158142	0.0
-15.388814199999999	0.0
-15.3608142	0.0
-15.332814200000001	0.0
-15.3058142	0.0
-15.277814200000002	0.0
-15.2508142	0.0
-15.222814200000002	0.0
-15.195814200000001	0.0
-15.167814199999999	0.0
-15.1398142	0.0
-15.112814199999999	0.0
-15.0848142	0.0
-15.0578142	0.0
-15.0298142	0.0
-15.001814200000002	0.0
-14.9748142	0.0
-14.946814199999999	0.0
-14.919814200000001	0.0
-14.891814199999999	0.0
-14.864814200000001	0.0
-14.8368142	0.0
-14.8088142	0.0
-14.7818142	0.0
-14.7538142	0.0
-14.7268142	0.0
-14.698814200000001	0.0
-14.6718142	0.0
-14.643814200000001	0.0
-14.615814199999999	0.0
-14.588814200000002	0.0
-14.5608142	0.0
-14.533814200000002	0.0
-14.5058142	0.0
-14.477814200000001	3.00758550655806e-15
-14.4508142	7.2183781956957e-14
-14.422814200000001	1.49461096202331e-12
-14.3958142	2.7140904168871198e-11
-14.367814200000002	4.2304275218943e-10
-14.3408142	5.6718619167999e-09
-14.312814200000002	6.542675334325e-08
-14.2848142	6.4892508772609e-07
-14.257814200000002	5.5380896885591004e-06
-14.2298142	4.0651808494950893e-05
-14.202814199999999	0.000256715842702524
-14.1748142	0.00139473952851815
-14.1478142	0.0065184590511451
-14.1198142	0.026218232743223303
-14.091814200000002	0.09072020386164001
-14.0648142	0.270088060508131
-14.036814200000002	0.6919808335239899
-14.009814200000001	1.5251803061827298
-13.981814199999999	2.89324713111096
-13.954814200000001	4.723217918389301
-13.926814199999999	6.6330405467533
-13.8988142	8.0187987239443
-13.8718142	8.340703897538
-13.8438142	7.466537769289499
-13.8168142	5.7519153274592
-13.788814200000001	3.8127577053460198
-13.760814199999999	2.1749203139652598
-13.733814200000001	1.0676116142925702
-13.705814199999999	0.45095201295159004
-13.678814200000001	0.16400584116565
-13.6508142	0.051901051481603
-13.623814200000002	0.0170714047319
-13.5958142	0.017345776586742
-13.5678142	0.05318112037383099
-13.5408142	0.16796174071272002
-13.512814200000001	0.46137189765199993
-13.4858142	1.09098521904909
-13.457814200000001	2.2204483512275
-13.4308142	3.8888137273657004
-13.402814200000002	5.8604560783007
-13.3748142	7.5994568202284
-13.347814200000002	8.4814314921515
-13.3198142	8.144295164773698
-13.292814199999999	6.7314799493701
-13.2648142	4.7872690907062
-13.236814200000001	2.9296238490869
-13.2098142	1.5428532059129598
-13.181814200000002	0.6991845470613001
-13.1548142	0.27263374325127004
-13.126814200000002	0.09147704846594698
-13.0998142	0.026409722355413
-13.071814199999999	0.006560273835424999
-13.0438142	0.00140214227442484
-13.016814199999999	0.00025780815403991
-12.9888142	4.0780848627982e-05
-12.9618142	5.550039152990601e-06
-12.9338142	6.497107430254999e-07
-12.9068142	6.5429156339989e-08
-12.8788142	5.6673611625782e-09
-12.850814200000002	4.2226046445936003e-10
-12.823814200000001	2.7057717308201e-11
-12.795814199999999	1.4918989117646699e-12
-12.768814200000001	7.3374946988944e-14
-12.740814199999999	0.0
-12.713814200000002	0.0
-12.6858142	0.0
-12.6578142	0.0
-12.6308142	0.0
-12.602814200000001	0.0
-12.5758142	0.0
-12.547814200000001	0.0
-12.519814199999999	0.0
-12.492814200000002	0.0
-12.4648142	0.0
-12.437814200000002	0.0
-12.4098142	0.0
-12.382814200000002	0.0
-12.3548142	0.0
-12.326814200000001	0.0
-12.2998142	0.0
-12.271814200000001	0.0
-12.2448142	0.0
-12.216814200000002	0.0
-12.1898142	0.0
-12.161814200000002	0.0
-12.1338142	0.0
-12.106814199999999	0.0
-12.0788142	0.0
-12.051814199999999	0.0
-12.0238142	0.0
-11.995814200000002	0.0
-11.9688142	0.0
-11.940814200000002	0.0
-11.913814200000001	0.0
-11.885814199999999	0.0
-11.858814200000001	0.0
-11.830814199999999	0.0
-11.8028142	0.0
-11.7758142	0.0
-11.7478142	0.0
-11.7208142	0.0
-11.6928142	0.0
-11.6658142	0.0
-11.637814200000001	0.0
-11.609814199999999	0.0
-11.582814200000001	0.0
-11.5548142	0.0
-11.527814200000002	0.0
-11.4998142	0.0
-11.472814200000002	0.0
-11.4448142	0.0
-11.416814200000001	0.0
-11.3898142	0.0
-11.361814200000001	0.0
-11.3348142	0.0
-11.306814200000002	0.0
-11.2788142	0.0
-11.251814200000002	0.0
-11.2238142	0.0
-11.196814199999999	0.0
-11.1688142	0.0
-11.141814199999999	0.0
-11.1138142	0.0
-11.085814200000002	0.0
-11.0588142	0.0
-11.030814200000002	0.0
-11.0038142	3.4954373068570005e-14
-10.975814200000002	7.573571803260001e-13
-10.948814200000001	1.4185130372924e-11
-10.920814199999999	2.2848791578631995e-10
-10.8928142	3.165581233511e-09
-10.865814199999999	3.772227458457e-08
-10.8378142	3.866538769452e-07
-10.8108142	3.409109567678e-06
-10.7828142	2.5858380546418998e-05
-10.754814200000002	0.00016872459190385
-10.727814200000001	0.0009471642044915
-10.699814199999999	0.004573971276521
-10.672814200000001	0.019005746703741
-10.644814199999999	0.06794632320221
-10.617814200000002	0.20900947915635
-10.5898142	0.5532511179546
-10.5618142	1.2599988130739
-10.5348142	2.4694699388145
-10.5068142	4.164993635584
-10.4798142	6.044277103391
-10.451814200000001	7.548326567604
-10.4248142	8.113362992835999
-10.396814200000001	7.5032111275550015
-10.3688142	5.971310397179
-10.341814200000002	4.089606918863
-10.3138142	2.4101793656815005
-10.286814200000002	1.2223955527208
-10.2588142	0.5334518355637
-10.2318142	0.20034637152978
-10.2038142	0.06501234175662
-10.1758142	0.019530441386803002
-10.1488142	0.011406641749964
-10.1208142	0.029177810340921005
-10.0938142	0.09711929152055
-10.0658142	0.28599527321161006
-10.0378142	0.7257563832608
-10.0108142	1.5848076902087
-9.9828142	2.9778067819577
-9.9558142	4.8149410157479
-9.9278142	6.699622491632
-9.900814200000001	8.022016325554
-9.8728142	8.26584268723
-9.8448142	7.32935855075
-9.8178142	5.59271361215
-9.7898142	3.6722649272691004
-9.762814200000001	2.0748953839776
-9.7348142	1.0089694147706
-9.7078142	0.42215072459145003
-9.679814200000001	0.15199363736648
-9.6518142	0.047079359088277
-9.624814200000001	0.012547712068499998
-9.5968142	0.0028778807166457004
-9.5698142	0.0005678235533786999
-9.541814200000001	9.639208533946001e-05
-9.5148142	1.4075420454195999e-05
-9.4868142	1.7683181164636999e-06
-9.4588142	1.9108909325533e-07
-9.4318142	1.7764699586066e-08
-9.403814200000001	1.4203646786663e-09
-9.3768142	9.768230966554001e-11
-9.3488142	5.772698057656e-12
-9.320814200000001	2.9878666944515e-13
-9.2938142	1.1952150517853e-14
-9.265814200000001	0.0
-9.2388142	0.0
-9.2108142	0.0
-9.1838142	0.0
-9.1558142	0.0
-9.1278142	0.0
-9.1008142	0.0
-9.0728142	0.0
-9.0458142	0.0
-9.0178142	0.0
-8.9908142	0.0
-8.9628142	0.0
-8.9348142	0.0
-8.9078142	0.0
-8.8798142	0.0
-8.852814200000001	0.0
-8.8248142	0.0
-8.7968142	0.0
-8.7698142	0.0
-8.7418142	0.0
-8.714814200000001	0.0
-8.6868142	0.0
-8.6598142	0.0
-8.6318142	0.0
-8.6038142	0.0
-8.576814200000001	0.0
-8.5488142	0.0
-8.5218142	0.0
-8.493814200000001	0.0
-8.4668142	0.0
-8.4388142	0.0
-8.4108142	0.0
-8.3838142	2.714301726133e-15
-8.355814200000001	5.157169230016e-14
-8.3288142	1.0884177029110002e-12
-8.3008142	1.99459878378e-11
-8.2738142	3.143550860604e-10
-8.2458142	4.261791195397e-09
-8.217814200000001	4.9688363807080006e-08
-8.1908142	4.983492445191e-07
-8.1628142	4.2989103643059995e-06
-8.1358142	3.190433670408e-05
-8.1078142	0.00020366848748700002
-8.0798142	0.001118774639933
-8.0528142	0.005286726812262
-8.0248142	0.02149397681794
-7.9978142000000005	0.0751904187515
-7.9698142	0.2263322693384
-7.942814200000001	0.5861608402553
-7.9148142	1.306258684062
-7.8868142	2.504976584166
-7.859814200000001	4.134364621394
-7.8318142	5.871002442298
-7.804814200000001	7.17408330952
-7.7768142000000005	7.54414998948
-7.749814200000001	6.82745475069
-7.721814200000001	5.31683294819
-7.6938142	3.5630666495090004
-7.666814200000001	2.054718954911
-7.6388142000000006	1.0196790929569999
-7.6118141999999995	0.4354313611833
-7.583814200000001	0.1599843006553
-7.5558142	0.0505814078341
-7.528814200000001	0.01376072398281
-7.500814200000001	0.003220556207156
-7.4738142	0.000648563920798
-7.445814200000001	0.00011236395614969999
-7.4188142	1.674943243787e-05
-7.390814200000001	2.1473827731849997e-06
-7.362814200000001	2.368619568672e-07
-7.3358142	2.247180721934e-08
-7.307814200000001	1.833988960605e-09
-7.2808142	1.287157598497e-10
-7.2528141999999995	7.79714726755e-12
-7.2258142	8.735716290857999e-13
-7.1978142	9.0708506086865e-12
-7.169814200000001	1.4929008904298798e-10
-7.1428142	2.117875937598839e-09
-7.1148142	2.5838017220358012e-08
-7.0878142	2.711617972475802e-07
-7.0598142	2.448009568277175e-06
-7.032814200000001	1.90107105188346e-05
-7.0048142	0.0001269992902327552
-6.9768142	0.000729902088684038
-6.9498142000000005	0.0036091833275403197
-6.9218142	0.015353596071934138
-6.894814200000001	0.05620182322815619
-6.8668142	0.17700335000882492
-6.8388142	0.479677879715834
-6.811814200000001	1.118533842400238
-6.7838142	2.2444791876428494
-6.756814200000001	3.87515313276926
-6.7288142	5.75819347737839
-6.701814200000001	7.362369912914421
-6.673814200000001	8.102825205800508
-6.6458142	7.676858043493301
-6.618814200000001	6.2775415091218
-6.5908142000000005	4.4763352610845
-6.5638141999999995	2.922364424289
-6.535814200000001	2.0816295077070004
-6.5088142	2.167524957934
-6.480814200000001	3.16813758541
-6.452814200000001	4.83996189409
-6.4258142	6.676340267840001
-6.397814200000001	8.00738044339
-6.3708142	8.281274665169999
-6.342814200000001	7.37358383189
-6.314814200000001	5.650315529799999
-6.2878142	3.7261569867699995
-6.259814200000001	2.114520451736
-6.2328142	1.032597779961
-6.2048141999999995	0.43384550601699995
-6.1778142	0.1568591263169
-6.1498142	0.0488025914202
-6.121814200000001	0.013063480449399999
-6.0948142	0.0030085259410399996
-6.0668142	0.000596169400216
-6.0398142	0.00010163556364460001
-6.0118142	1.4906045512800001e-05
-5.984814200000001	1.885113081843e-06
-5.9568142	2.57665595567e-07
-5.9288142	5.567244724038e-07
-5.9018142000000005	4.645908690451e-06
-5.8738142	3.450822037588e-05
-5.846814200000001	0.000220590717787
-5.8188142	0.001213226402888
-5.791814200000001	0.005740428601097001
-5.7638142000000006	0.02337300531938
-5.7358142	0.081891733241
-5.708814200000001	0.2470080315495
-5.6808142	0.6415923471880001
-5.653814200000001	1.436336876803
-5.625814200000001	2.776503924761
-5.5978142	4.648680961576
-5.570814200000001	6.7848541094099994
-5.5428142000000005	8.73134092245
-5.515814200000001	10.10331501676
-5.487814200000001	10.80843712359
-5.4608142	11.018149816080001
-5.432814200000001	10.882677421650001
-5.404814200000001	10.330637106940001
-5.3778141999999995	9.16918784308
-5.349814200000001	7.386107944380001
-5.3228142	5.27828130233
-5.294814200000001	3.2999318124
-5.2678142	1.793942331
-5.2398142	0.8562994829999999
-5.211814200000001	0.39952155599999994
-5.1848142	0.297464501
-5.1568141999999995	0.4934865784
-5.1298142	1.0157097169000002
-5.1018142	1.9052938654
-5.073814200000001	3.0971039663999997
-5.0468142	4.3362076491015
-5.0188142	5.225450673737799
-4.9918142	5.4169983136303
-4.9638142	4.834019656008401
-4.936814200000001	3.711667802168401
-4.9088142	2.4523930407656302
-4.8808142	1.39445503165932
-4.8538142	0.6822017685197801
-4.8258142	0.28726857654168
-4.798814200000001	0.10406284808104199
-4.7708142	0.032441636480734996
-4.743814200000001	0.0087013553902251
-4.7158142000000005	0.0020081945984082505
-4.6878142	0.00039871184149158995
-4.660814200000001	6.810889521346001e-05
-4.6328142	1.0007944577481498e-05
-4.605814200000001	1.26528903333385e-06
-4.577814200000001	1.3759502890623997e-07
-4.5508142	1.2871008214423e-08
-4.522814200000001	1.0355266151046197e-09
-4.4948142	7.167432217472299e-11
-4.467814200000001	4.2693851220894994e-12
-4.439814200000001	2.18924148234588e-13
-4.4128142	7.8187717947352e-15
-4.384814200000001	0.0
-4.3568142000000005	3.05932717332277e-15
-4.3298141999999995	3.97706949648701e-14
-4.301814200000001	8.810646051089719e-13
-4.2748142	1.64183752473446e-11
-4.246814200000001	2.6311764931889296e-10
-4.2198142	3.6268924100073407e-09
-4.1918142	4.29969078121199e-08
-4.163814200000001	4.3845707277064205e-07
-4.1368142	3.84603527520478e-06
-4.108814200000001	2.9022924531691802e-05
-4.0818142	0.000188399648259103
-4.0538142	0.001052077165844445
-4.0268142000000005	0.00505547478638455
-3.9988142	0.0208983469571163
-3.9708141999999995	0.0743417052402725
-3.9438142000000003	0.227546115772946
-3.9158142	0.599396895941321
-3.8888142000000006	1.35927948819215
-3.8608142	2.6549284827784
-3.8328141999999996	4.4731008718134
-3.8058142000000004	6.521015698438999
-3.7778142	8.283956486138
-3.7508142000000007	9.31125869215
-3.7228142	9.54732572168
-3.695814200000001	9.37610035708
-3.6678142000000005	9.28817922402
-3.6398142	9.42836020985
-3.6128142000000008	9.46441529894
-3.5848142000000003	8.897179344600001
-3.557814200000001	7.514941770979999
-3.5298142000000006	5.5729814573039995
-3.5028141999999995	3.5880240444659997
-3.474814200000001	1.9956477695290002
-3.4468142000000004	0.9566333580949999
-3.419814200000001	0.395086939421
-3.3918142000000007	0.14146435667
-3.3648141999999996	0.0483037615
-3.336814200000001	0.032973613639999996
-3.3098142	0.07743613053
-3.2818141999999995	0.222984276738
-3.2538142000000008	0.5688452365007
-3.2268141999999997	1.2511771159715
-3.198814200000001	2.3681506367682994
-3.1718142	3.8580082018227997
-3.1438141999999996	5.4078344009739
-3.115814200000001	6.524899995038998
-3.0888142	6.782726657585
-3.060814200000001	6.091297365039101
-3.0338142	4.7836784318383
-3.0058141999999997	3.4377933783588004
-2.9788142000000004	2.5908422944516
-2.9508142	2.5338562722539
-2.9228141999999995	3.2390465160036204
-2.8958142000000002	4.38206928521253
-2.8678141999999998	5.44363196212089
-2.8408142000000005	5.921868084498565
-2.8128142	5.5658434443045
-2.785814200000001	4.507430611322455
-2.7578142000000003	3.141593471306315
-2.7298142	1.88438768764646
-2.7028142000000006	0.9727557457983999
-2.6748142	0.4321373325899999
-2.647814200000001	0.16552592060000001
-2.6198142000000004	0.05625835918000001
-2.5918142	0.024140481900000003
-2.5648142000000007	0.037585374000000005
-2.5368142000000002	0.11311780100000002
-2.509814200000001	0.32101068695000007
-2.4818142000000005	0.78858960866
-2.4548141999999995	1.6677040842360003
-2.426814200000001	3.0349259159342
-2.3988142000000003	4.752674817435899
-2.371814200000001	6.4053376371504
-2.3438142000000006	7.427325671072391
-2.3168141999999996	7.413239258155039
-2.288814200000001	6.365552902783641
-2.2618142000000008	4.70414784534657
-2.2338142000000003	2.99169154526382
-2.2058142000000007	1.6371862580437098
-2.1788142000000006	0.77115240010746
-2.1508142	0.31322337594886
-2.1238142	0.11294956502159002
-2.0958142000000004	0.049582666271920005
-2.0688142000000003	0.06947594457922
-2.0408142000000007	0.191516292550494
-2.0128142	0.50736776126621
-1.9858142	1.1664705524002301
-1.9578142000000005	2.3088961955140004
-1.9308142000000004	3.9337129036280003
-1.9028142	5.765432046909599
-1.8748142000000003	7.2712629279267995
-1.8478142000000002	7.893751080008101
-1.8198142000000006	7.3745247132169
-1.7928142000000005	5.9281412780344
-1.7648142	4.100438259034901
-1.7378142000000008	2.4411435074430097
-1.7098142000000003	1.2503831848050901
-1.6818142000000007	0.5512355498664401
-1.6548142000000006	0.20905730706404801
-1.6268142	0.068217609728467
-1.5998142	0.0191590286562414
-1.5718142000000004	0.004629225171953
-1.5448142000000002	0.0009623052525958999
-1.5168142000000007	0.00017209731056583598
-1.4888142000000002	2.64803628621626e-05
-1.4618142	3.5049724793823e-06
-1.4338142000000005	3.9903046448139994e-07
-1.4068142000000003	3.9100973332000005e-08
-1.3788142000000008	3.3663954439999996e-09
-1.3518142000000006	1.3006969945e-09
-1.3238142000000002	1.3244717205800002e-08
-1.2958142000000006	1.4174774936205e-07
-1.2688142000000004	1.3065680494842e-06
-1.2408142	1.03578697677058e-05
-1.2138142000000007	7.0647111220773e-05
-1.1858142000000003	0.000414564991461854
-1.1578142000000007	0.0020927140334935103
-1.1308142000000005	0.0090877448933148
-1.1028142	0.0339628503928257
-1.0758142	0.109200319240673
-1.0478142000000004	0.302109259930773
-1.0208142000000002	0.71919996127244
-0.9928142000000006	1.47325265642306
-0.9648142000000002	2.59710797099807
-0.9378142	3.9399611243866004
-0.9098142000000005	5.14250774196367
-0.8828142000000003	5.7765091766505305
-0.8548142000000007	5.58396143734659
-0.8278142000000006	4.644585831892719
-0.7998142000000001	3.3249637644088295
-0.7718142000000006	2.0487078653558504
-0.7448142000000004	1.0887121786421101
-0.7168142	0.508191245109069
-0.6898142000000007	0.24138350524883703
-0.6618142000000002	0.21220964771526998
-0.6338142000000007	0.41217773286609
-0.6068142000000005	0.91214123743536
-0.5788142000000001	1.8030536996117899
-0.5518141999999999	3.0803687189116005
-0.5238142000000003	4.5299522231554
-0.4968142000000002	5.733596594157599
-0.4688142000000006	6.245264422754699
-0.44081420000000016	5.8526977977385
-0.4138142	4.7204978677248
-0.38581420000000044	3.2763046824866002
-0.3588142000000003	1.95688214836201
-0.3308142000000007	1.0057071319917503
-0.3038142000000006	0.44479372464069
-0.2758142000000001	0.169283342537898
-0.24781420000000054	0.05542638848415
-0.2208142000000004	0.0156167517245069
-0.19281419999999994	0.0037858514065199993
-0.1658142000000007	0.00078964590097682
-0.13781420000000022	0.000141703062303857
-0.11081420000000008	2.1874817196380502e-05
-0.0828142000000005	2.90522382722064e-06
-0.054814200000000035	3.3189796262438e-07
-0.0278141999999999	3.2617153341836e-08
0.00018579999999968067	2.7570311264302096e-09
0.027185799999999816	2.00462262137513e-10
0.055185799999999396	1.2533312992669802e-11
0.08318579999999987	6.7730739105291e-13
0.1101858	3.1398699220325997e-14
0.13818579999999958	0.0
0.16518579999999972	0.0
0.1931857999999993	0.0
0.22018579999999943	0.0
0.2481857999999999	0.0
0.2761857999999995	0.0
0.3031857999999996	0.0
0.3311858000000001	0.0
0.35818579999999933	0.0
0.3861857999999998	0.0
0.41318579999999994	0.0
0.4411857999999995	0.0
0.4691858	0.0
0.49618579999999923	0.0
0.5241857999999997	0.0
0.5511857999999998	0.0
0.5791857999999994	0.0
0.6071857999999999	0.0
0.6341858	0.0
0.6621857999999996	0.0
0.6891857999999997	0.0
0.7171857999999993	0.0
0.7441857999999995	0.0
0.7721857999999999	0.0
0.8001857999999995	0.0
0.8271857999999996	0.0
0.8551857999999992	0.0
0.8821857999999994	0.0
0.9101857999999998	0.0
0.9371858	0.0
0.9651857999999995	0.0
0.9931858	0.0
1.0201857999999993	0.0
1.0481857999999997	0.0
1.0751857999999999	0.0
1.1031857999999994	0.0
1.1301857999999996	0.0
1.1581858	0.0
1.1861857999999996	0.0
1.2131857999999998	0.0
1.2411857999999993	0.0
1.2681857999999995	0.0
1.2961858	0.0
1.3241857999999995	0.0
1.3511857999999997	0.0
1.3791857999999992	0.0
1.4061857999999994	0.0
1.4341857999999998	0.0
1.4611858	0.0
1.4891857999999996	0.0
1.5171858	0.0
1.5441857999999993	0.0
1.5721857999999997	0.0
1.5991857999999999	0.0
1.6271857999999995	0.0
1.6541857999999996	0.0
1.6821858	0.0
1.7101857999999996	0.0
1.7371857999999998	0.0
1.7651857999999998	0.0
1.7921857999999995	0.0
1.8201857999999995	0.0
1.8481857999999995	0.0
1.8751857999999997	0.0
1.9031857999999997	0.0
1.9301857999999998	0.0
1.9581857999999999	0.0
1.9851857999999996	0.0
2.0131857999999996	0.0
2.0411857999999996	0.0
2.0681857999999997	0.0
2.0961857999999998	0.0
2.1231857999999995	0.0
2.1511857999999995	0.0
2.1781857999999996	0.0
2.2061857999999996	0.0
2.2341857999999997	0.0
2.2611858	0.0
2.2891858	0.0
2.3161857999999995	0.0
2.3441857999999995	0.0
2.3711857999999997	0.0
2.3991857999999997	0.0
2.4271857999999997	0.0
2.4541858	0.0
2.4821857999999994	0.0
2.5091857999999996	0.0
2.5371857999999996	0.0
2.5651857999999996	0.0
2.5921857999999998	0.0
2.6201858	0.0
2.6471857999999995	0.0
2.6751857999999995	0.0
2.7021857999999996	0.0
2.7301857999999997	0.0
2.7581857999999997	0.0
2.7851858	0.0
2.8131858	0.0
2.8401857999999995	0.0
2.8681857999999996	0.0
2.8951857999999997	0.0
2.9231857999999997	0.0
2.9511857999999997	0.0
2.9781857999999994	0.0
3.0061857999999995	0.0
3.0331857999999996	0.0
3.0611857999999996	0.0
3.0891857999999996	0.0
3.1161858	0.0
3.1441858	0.0
3.1711857999999995	0.0
3.1991857999999995	0.0
3.2261857999999997	0.0
3.2541857999999997	0.0
3.2821857999999997	0.0
3.3091858	0.0
3.3371858	0.0
3.3641857999999996	0.0
3.3921857999999996	0.0
3.4191857999999997	0.0
3.4471857999999997	0.0
3.4751857999999998	0.0
3.5021857999999995	0.0
3.5301857999999995	0.0
3.5571857999999996	0.0
3.5851857999999996	0.0
3.6121858	0.0
3.6401858	0.0
3.6681858	0.0
3.6951857999999995	3.619844436005301e-15
3.7231857999999995	7.6010069258612e-14
3.7501857999999997	1.5728821607920801e-12
3.7781857999999997	2.7713195984917997e-11
3.8061857999999997	4.2002224744018e-10
3.8331858	5.473294555736299e-09
3.8611857999999994	6.1363428997743e-08
3.8881857999999996	5.9178179844652e-07
3.9161857999999996	4.9093562665404e-06
3.9431857999999997	3.5041126958803996e-05
3.9711857999999998	0.00021526994268962
3.9991857999999993	0.0011380199590713001
4.0261857999999995	0.0051795655275152005
4.0541858	0.020301767210976002
4.0811858	0.06858564222102
4.1091858	0.1999168113042
4.1361858	0.5036358491319001
4.164185799999999	1.099739885562
4.1921858	2.089274646696
4.2191858	3.4747495369199997
4.2471858	5.10046705749
4.2741858	6.67968715498
4.3021858	7.8915340091
4.3301858	8.4820636085
4.3571858	8.3336052654
4.3851857999999995	7.458854891500001
4.4121858	6.0324826732
4.4401858	4.3606610579
4.467185799999999	2.78654158565
4.4951858	1.5607330698700002
4.523185799999999	0.76131613752
4.5501857999999995	0.32199887384000003
4.5781858	0.11775622609199998
4.605185799999999	0.037164604856000004
4.6331858	0.010110598239
4.6601858	0.00236939375098
4.688185799999999	0.00047810540984
4.7161858	8.301543321400001e-05
4.7431858	1.2405638298499999e-05
4.7711858	1.5951054902100002e-06
4.7981858	1.76477790977e-07
4.826185799999999	1.737174808e-08
4.853185799999999	8.69173995e-09
4.8811858	7.913040374e-08
4.9091857999999995	7.342484448e-07
4.9361858	5.8679260099999995e-06
4.964185799999999	4.034239926e-05
4.991185799999999	0.0002386180499
5.0191858	0.0012140314888
5.047185799999999	0.005315428052
5.0741857999999995	0.02002257258
5.1021858	0.06489231345
5.1291858	0.1809721356
5.1571858	0.4342471949
5.1841858	0.896708419
5.212185799999999	1.5931791489999998
5.2401858	2.436177806
5.2671858	3.205365101
5.2951858	3.629253936
5.3221858	3.536121258
5.350185799999999	2.965271647
5.3771857999999995	2.1394576400000003
5.4051858	1.3284818274999999
5.4331857999999995	0.7098427832
5.4601858	0.3263849361
5.4881858	0.12920099664
5.515185799999999	0.04429595483
5.5431858	0.01413370333
5.571185799999999	0.0072784519600000005
5.5981857999999995	0.0118403301
5.6261858	0.02658593741
5.653185799999999	0.054102518100000004
5.6811858	0.0951355976
5.7081858	0.14403008820000002
5.7361857999999994	0.1876679796
5.7641858	0.2106186905
5.7911858	0.20400642219999998
5.8191858	0.1718486597
5.8461858	0.12933781789999999
5.874185799999999	0.09465337519999999
5.9011857999999995	0.08091196810000001
5.9291858	0.09239450469999999
5.9571857999999995	0.125131708
5.9841858	0.16888695599999998
6.012185799999999	0.20958919100000004
6.039185799999999	0.232919229
6.0671858	0.229673214
6.0941858	0.20029718500000002
6.1221858	0.15548258999999998
6.1501858	0.11186839
6.177185799999999	0.0855719185
6.2051858	0.087114821
6.2321858	0.118992638
6.2601857999999995	0.17465640699999999
6.2881858	0.239276652
6.3151858	0.29451832699999997
6.3431858	0.326716729
6.3701858	0.333306839
6.398185799999999	0.321836238
6.4251857999999995	0.30315808
6.4531858	0.28613214
6.4811857999999996	0.277410439
6.5081858	0.28342846999999993
6.5361858	0.30844226
6.563185799999999	0.34871004
6.5911858	0.38927289000000004
6.6181858	0.40919137000000005
6.6461858	0.39285363
6.6741858	0.33921179
6.701185799999999	0.26174634999999996
6.7291858	0.18020295
6.7561858	0.11073483
6.7841857999999995	0.06076613
6.8121858	0.02977535
6.839185799999999	0.013007919
6.8671858	0.005051548
6.8941858	0.0017367758000000001
6.922185799999999	0.00052623
6.9491857999999995	0.00013990062
6.977185799999999	3.2496605e-05
7.0051858	6.571649e-06
7.0321858	1.153618e-06
7.060185799999999	1.753695e-07
7.087185799999999	2.3052724e-08
7.1151858	2.6160618000000003e-09
7.1421858	2.5606978000000003e-10
7.1701858	2.1602899e-11
7.198185799999999	1.5697096e-12
7.2251858	9.8282124e-14
7.2531858	5.2331228e-15
7.2801858	2.6166506999999997e-16
7.3081857999999995	0.0
7.3351858	0.0
7.3631858	0.0
7.3911858	0.0
7.4181858	0.0
7.446185799999999	0.0
7.4731857999999995	0.0
7.5011858	0.0
7.5291858	0.0
7.5561858	0.0
7.5841858	0.0
7.6111857999999994	0.0
7.6391858	0.0
7.666185799999999	0.0
7.6941858	0.0
7.7221858	0.0
7.749185799999999	0.0
7.7771858	0.0
7.804185799999999	0.0
7.8321857999999995	0.0
7.8591858	0.0
7.887185799999999	0.0
7.9151858	0.0
7.9421858	0.0
