-22.894	0.0	0.0	0.0	0.0	0.0	0.0	0.0	0.0	0.0
-22.866	0.0	0.0	0.0	0.0	0.0	0.0	0.0	0.0	0.0
-22.838	0.0	0.0	0.0	0.0	0.0	0.0	0.0	0.0	0.0
-22.810	0.0	0.0	0.0	0.0	0.0	0.0	0.0	0.0	0.0
-22.783	0.0	0.0	0.0	0.0	0.0	0.0	0.0	0.0	0.0
-22.755	0.0	0.0	0.0	0.0	0.0	0.0	0.0	0.0	0.0
-22.727	0.0	0.0	0.0	0.0	0.0	0.0	0.0	0.0	0.0
-22.699	0.0	0.0	0.0	0.0	0.0	0.0	0.0	0.0	0.0
-22.671	0.0	0.0	0.0	0.0	0.0	0.0	0.0	0.0	0.0
-22.643	0.0	0.0	0.0	0.0	0.0	0.0	0.0	0.0	0.0
-22.616	0.0	0.0	0.0	0.0	0.0	0.0	0.0	0.0	0.0
-22.588	0.0	0.0	0.0	0.0	0.0	0.0	0.0	0.0	0.0
-22.560	0.0	0.0	0.0	0.0	0.0	0.0	0.0	0.0	0.0
-22.532	0.0	0.0	0.0	0.0	0.0	0.0	0.0	0.0	0.0
-22.504	0.0	0.0	0.0	0.0	0.0	0.0	0.0	0.0	0.0
-22.477	0.0	0.0	0.0	0.0	0.0	0.0	0.0	0.0	0.0
-22.449	0.0	0.0	0.0	0.0	0.0	0.0	0.0	0.0	0.0
-22.421	0.0	0.0	0.0	0.0	0.0	0.0	0.0	0.0	0.0
-22.393	0.0	0.0	0.0	0.0	0.0	0.0	0.0	0.0	0.0
-22.365	0.0	0.0	0.0	0.0	0.0	0.0	0.0	0.0	0.0
-22.338	0.0	0.0	0.0	0.0	0.0	0.0	0.0	0.0	0.0
-22.310	0.0	0.0	0.0	0.0	0.0	0.0	0.0	0.0	0.0
-22.282	0.0	0.0	0.0	0.0	0.0	0.0	0.0	0.0	0.0
-22.254	0.0	0.0	0.0	0.0	0.0	0.0	0.0	0.0	0.0
-22.226	0.0	0.0	0.0	0.0	0.0	0.0	0.0	0.0	0.0
-22.199	2.438045e-14	3.319624e-16	3.311454112e-16	4.959559599999999e-16	4.688e-17	5.976e-18	1.127e-17	9.822e-18	4.221e-18
-22.171	5.336539999999999e-13	7.267293e-15	7.248949001e-15	1.0854400900000002e-14	1.026e-15	1.308e-16	2.468e-16	2.15e-16	9.239e-17
-22.143	1.0362600000000002e-11	1.4109781e-13	1.4074217480000001e-13	2.1073572e-13	1.993e-14	2.54e-15	4.792e-15	4.174e-15	1.794e-15
-22.115	1.730433e-10	2.355721e-12	2.3501229180000004e-12	3.5185787799999997e-12	3.327e-13	4.241e-14	8.001e-14	6.97e-14	2.996e-14
-22.087	2.4791629999999997e-09	3.3747320000000004e-11	3.3664041800000003e-11	5.0408547e-11	4.766e-12	6.075e-13	1.146e-12	9.985e-13	4.291e-13
-22.059	3.04634e-08	4.1483079999999995e-10	4.137295137e-10	6.1946989e-10	5.857e-11	7.466e-12	1.409e-11	1.227e-11	5.273e-12
-22.032	3.2118600000000003e-07	4.373855e-09	4.362605417e-09	6.5319227e-09	6.176e-10	7.872e-11	1.485e-10	1.294e-10	5.56e-11
-22.004	2.90535e-06	3.9569749999999996e-08	3.9461549e-08	5.9096662000000014e-08	5.587e-09	7.122e-10	1.344e-09	1.17e-09	5.03e-10
-21.976	2.2556099999999996e-05	3.071791e-07	3.0635838040000003e-07	4.5867231200000004e-07	4.337e-08	5.529e-09	1.043e-08	9.086e-09	3.905e-09
-21.948	0.00015025750000000003	2.045941e-06	2.0405925340000002e-06	3.0556762299999998e-06	2.889e-07	3.683e-08	6.948e-08	6.052e-08	2.601e-08
-21.920	0.0008589149999999999	1.1695225000000001e-05	1.166471448e-05	1.74689213e-05	1.652e-06	2.105e-07	3.971e-07	3.46e-07	1.487e-07
-21.893	0.00421328	5.7363509999999995e-05	5.722257105e-05	8.5684388e-05	8.101e-06	1.033e-06	1.948e-06	1.697e-06	7.293e-07
-21.865	0.017736620000000005	0.00024149910000000003	0.00024089629910000002	0.00036075651499999995	3.411e-05	4.347e-06	8.202e-06	7.145e-06	3.07e-06
-21.837	0.0640732	0.0008725374999999998	0.0008704450810000001	0.0013033318899999997	0.0001232	1.571e-05	2.963e-05	2.581e-05	1.109e-05
-21.809	0.19872589999999998	0.002705937	0.0026987833509999996	0.0040420354099999995	0.0003821	4.871e-05	9.189e-05	8.005e-05	3.44e-05
-21.781	0.528911	0.007201687	0.007183358918999999	0.0107568989	0.001017	0.0001296	0.0002446	0.000213	9.156e-05
-21.754	1.2082859999999997	0.01645205	0.016408720379999995	0.0245710796	0.002323	0.0002961	0.0005587	0.0004867	0.0002092
-21.726	2.3686239999999996	0.032255780000000005	0.03217593995	0.0481830167	0.004555	0.0005807	0.001095	0.0009543	0.0004101
-21.698	3.98739	0.05429456999999999	0.05416116724	0.081085385	0.007667	0.0009773	0.001844	0.001606	0.0006902
-21.670	5.76033	0.07843892	0.07823819714	0.117161293	0.01108	0.001412	0.002664	0.00232	0.0009972
-21.642	7.144120000000001	0.09726678999999999	0.09701902050000002	0.14527986	0.01374	0.001751	0.003303	0.002877	0.001237
-21.614	7.6036399999999995	0.10353174	0.10327552820000001	0.154639719	0.01462	0.001864	0.003516	0.003063	0.001316
-21.587	6.947629999999999	0.09460104	0.09436431719999999	0.14130548999999998	0.01336	0.001703	0.003213	0.002799	0.001203
-21.559	5.44916	0.07419188	0.07400569189999999	0.110824905	0.01048	0.001336	0.00252	0.002195	0.0009433
-21.531	3.6690199999999997	0.049954460000000006	0.049823061870000004	0.074609765	0.007054	0.0008992	0.001696	0.001478	0.0006351
-21.503	2.119999	0.028869759999999998	0.028793435750000002	0.043120286599999995	0.004077	0.0005196	0.0009803	0.000854	0.000367
-21.475	1.0515590000000001	0.014319396	0.01428231773	0.0213864303	0.002022	0.0002577	0.0004863	0.0004236	0.000182
-21.448	0.447657	0.006096059999999999	0.00608040755	0.0091058966	0.0008609	0.0001097	0.000207	0.0001803	7.751e-05
-21.420	0.1636121	0.0022277689999999997	0.002222112759	0.00332727281	0.0003146	4.01e-05	7.565e-05	6.591e-05	2.832e-05
-21.392	0.0513099	0.0006987308	0.0006969038653999999	0.00104371185	9.867e-05	1.258e-05	2.373e-05	2.067e-05	8.883e-06
-21.364	0.013812979999999999	0.00018809630000000003	0.000187607233	0.00028098241600000006	2.656e-05	3.386e-06	6.388e-06	5.564e-06	2.391e-06
-21.336	0.0031911100000000005	4.3450349999999996e-05	4.334335382e-05	6.4901239e-05	6.136e-06	7.822e-07	1.476e-06	1.286e-06	5.525e-07
-21.309	0.000632819	8.615017999999999e-06	8.59233067e-06	1.2867972500000003e-05	1.217e-06	1.551e-07	2.926e-07	2.549e-07	1.095e-07
-21.281	0.0001076536	1.4658350000000003e-06	1.4621518160000003e-06	2.18918016e-06	2.07e-07	2.639e-08	4.978e-08	4.336e-08	1.864e-08
-21.253	1.571819e-05	2.140186e-07	2.134762651e-07	3.1966350699999995e-07	3.022e-08	3.853e-09	7.268e-09	6.331e-09	2.721e-09
-21.225	1.969149e-06	2.681079e-08	2.6744033210000003e-08	4.00503837e-08	3.787e-09	4.827e-10	9.106e-10	7.932e-10	3.409e-10
-21.197	2.116887e-07	2.882578e-09	2.8751135699999996e-09	4.305175230000001e-09	4.071e-10	5.189e-11	9.789e-11	8.527e-11	3.665e-11
-21.170	1.952644e-08	2.659011e-10	2.6518532930000003e-10	3.97134689e-10	3.755e-11	4.786e-12	9.029e-12	7.865e-12	3.38e-12
-21.142	1.545207e-09	2.1039140000000004e-11	2.0986726060000002e-11	3.1426501800000005e-11	2.971e-12	3.787e-13	7.145e-13	6.224e-13	2.675e-13
-21.114	1.0490939999999999e-10	1.4285142000000001e-12	1.424871769e-12	2.1334719300000003e-12	2.017e-13	2.571e-14	4.851e-14	4.226e-14	1.816e-14
-21.086	6.1068e-12	8.314969e-14	8.2932803e-14	1.24193235e-13	1.174e-14	1.497e-15	2.824e-15	2.46e-15	1.057e-15
-21.058	3.08857e-13	4.205828e-15	4.194345208e-15	6.281497700000001e-15	5.939e-16	7.57e-17	1.428e-16	1.244e-16	5.347e-17
-21.030	1.0837090000000001e-14	1.4755410000000003e-16	1.471801828e-16	2.20436135e-16	2.084e-17	2.656e-18	5.011e-18	4.365e-18	1.876e-18
-21.003	0.0	0.0	0.0	0.0	0.0	0.0	0.0	0.0	0.0
-20.975	0.0	0.0	0.0	0.0	0.0	0.0	0.0	0.0	0.0
-20.947	0.0	0.0	0.0	0.0	0.0	0.0	0.0	0.0	0.0
-20.919	0.0	0.0	0.0	0.0	0.0	0.0	0.0	0.0	0.0
-20.891	0.0	0.0	0.0	0.0	0.0	0.0	0.0	0.0	0.0
-20.864	0.0	0.0	0.0	0.0	0.0	0.0	0.0	0.0	0.0
-20.836	0.0	0.0	0.0	0.0	0.0	0.0	0.0	0.0	0.0
-20.808	0.0	0.0	0.0	0.0	0.0	0.0	0.0	0.0	0.0
-20.780	0.0	0.0	0.0	0.0	0.0	0.0	0.0	0.0	0.0
-20.752	0.0	0.0	0.0	0.0	0.0	0.0	0.0	0.0	0.0
-20.725	0.0	0.0	0.0	0.0	0.0	0.0	0.0	0.0	0.0
-20.697	0.0	0.0	0.0	0.0	0.0	0.0	0.0	0.0	0.0
-20.669	0.0	0.0	0.0	0.0	0.0	0.0	0.0	0.0	0.0
-20.641	0.0	0.0	0.0	0.0	0.0	0.0	0.0	0.0	0.0
-20.613	0.0	0.0	0.0	0.0	0.0	0.0	0.0	0.0	0.0
-20.585	0.0	0.0	0.0	0.0	0.0	0.0	0.0	0.0	0.0
-20.558	0.0	0.0	0.0	0.0	0.0	0.0	0.0	0.0	0.0
-20.530	0.0	0.0	0.0	0.0	0.0	0.0	0.0	0.0	0.0
-20.502	0.0	0.0	0.0	0.0	0.0	0.0	0.0	0.0	0.0
-20.474	0.0	0.0	0.0	0.0	0.0	0.0	0.0	0.0	0.0
-20.446	2.2578649134e-14	3.2307650000000005e-16	2.8999011000000003e-16	6.4334324e-16	4.421e-18	2.364e-18	5.228e-19	3.761e-18	2.206e-20
-20.419	4.967638389500001e-13	7.108721e-15	6.381663999999999e-15	1.41579153e-14	9.727e-17	5.201e-17	1.15e-17	8.274e-17	4.853e-19
-20.391	9.721234349e-12	1.3908637e-13	1.2486297999999998e-13	2.7694048e-13	1.903e-15	1.018e-15	2.251e-16	1.619e-15	9.497e-18
-20.363	1.6322032264999997e-10	2.335562e-12	2.0965640000000004e-12	4.6504070000000005e-12	3.196e-14	1.709e-14	3.779e-15	2.718e-14	1.595e-16
-20.335	2.3515908263e-09	3.3636750000000004e-11	3.0197347e-11	6.698501000000001e-11	4.603e-13	2.461e-13	5.443e-14	3.916e-13	2.297e-15
-20.307	2.9058327033000003e-08	4.157656e-10	3.731626e-10	8.277532099999999e-10	5.688e-12	3.042e-12	6.726e-13	4.839e-12	2.838e-14
-20.280	3.0809069276000007e-07	4.408144e-09	3.95649e-09	8.776947199999998e-09	6.031e-11	3.225e-11	7.132e-12	5.131e-11	3.01e-13
-20.252	2.8028292889999995e-06	4.009914e-08	3.5998960000000004e-08	7.984461499999999e-08	5.487e-10	2.934e-10	6.488e-11	4.668e-10	2.738e-12
-20.224	2.1874763036000003e-05	3.130468e-07	2.8095667999999997e-07	6.2332583e-07	4.283e-09	2.29e-09	5.064e-10	3.644e-09	2.137e-11
-20.196	0.00014653922033999996	2.0968234e-06	1.8820737e-06	4.1749836000000005e-06	2.869e-08	1.534e-08	3.392e-09	2.441e-08	1.432e-10
-20.168	0.0008422750169	1.2052892999999999e-05	1.0818718999999999e-05	2.3997686999999997e-05	1.649e-07	8.818e-08	1.95e-08	1.403e-07	8.228e-10
-20.141	0.004154541676699999	5.944897999999999e-05	5.335951000000001e-05	0.000118369424	8.134e-07	4.35e-07	9.618e-08	6.92e-07	4.059e-09
-20.113	0.017588761441000002	0.0002516717	0.00022590126	0.0005011032399999999	3.443e-06	1.841e-06	4.072e-07	2.929e-06	1.718e-08
-20.085	0.063909380869	0.0009142709	0.0008208044000000001	0.001821033	1.251e-05	6.69e-06	1.479e-06	1.064e-05	6.242e-08
-20.057	0.19926381765999998	0.0028510789999999994	0.0025592127	0.005676379199999999	3.901e-05	2.086e-05	4.613e-06	3.318e-05	1.947e-07
-20.029	0.53322618401	0.00762962	0.006850345	0.015191868000000002	0.0001044	5.583e-05	1.234e-05	8.881e-05	5.21e-07
-20.001	1.22494827	0.017527508	0.015733717999999997	0.034895554	0.0002398	0.0001282	2.836e-05	0.000204	1.197e-06
-19.974	2.4156183352	0.034557029999999996	0.031020129999999996	0.068808339	0.0004729	0.0002529	5.591e-05	0.0004023	2.359e-06
-19.946	4.087919567299999	0.05849201999999999	0.05250348	0.116458089	0.0008003	0.0004279	9.463e-05	0.0006808	3.993e-06
-19.918	5.9376795242	0.08495382	0.07626587000000001	0.1692348	0.001163	0.0006217	0.0001375	0.000989	5.801e-06
-19.890	7.404148027999999	0.10595840000000001	0.09510966000000001	0.21092663	0.00145	0.0007752	0.0001714	0.001233	7.234e-06
-19.862	7.9252161	0.11340984999999999	0.10180151999999999	0.22582587999999995	0.001552	0.0008297	0.0001835	0.00132	7.743e-06
-19.835	7.281540011	0.10419407	0.09354264999999999	0.20747829	0.001426	0.0007624	0.0001686	0.001213	7.114e-06
-19.807	5.743751297099999	0.08217199	0.07377226	0.16364041	0.001124	0.0006013	0.000133	0.0009565	5.611e-06
-19.779	3.8883037396	0.05563395999999999	0.04993749	0.11077438899999999	0.0007612	0.000407	9.001e-05	0.0006475	3.798e-06
-19.751	2.2593970136	0.03232842	0.029018115000000004	0.064372126	0.0004423	0.0002365	5.23e-05	0.0003763	2.207e-06
-19.723	1.1269236564	0.016123480000000003	0.014474810999999999	0.032103158	0.0002206	0.000118	2.609e-05	0.0001877	1.101e-06
-19.696	0.48253178696	0.006902754000000001	0.006197167	0.0137499566	9.446e-05	5.051e-05	1.117e-05	8.035e-05	4.713e-07
-19.668	0.17729292461	0.0025367219999999995	0.0022770384	0.0050506652	3.471e-05	1.856e-05	4.104e-06	2.953e-05	1.732e-07
-19.640	0.055920965760999995	0.0008000186000000001	0.0007181862999999999	0.0015930389999999999	1.095e-05	5.854e-06	1.294e-06	9.312e-06	5.462e-08
-19.612	0.015135634100999999	0.00021656140000000002	0.00019441267000000004	0.00043126032	2.963e-06	1.584e-06	3.504e-07	2.521e-06	1.479e-08
-19.584	0.0035158690879999997	5.0309440000000006e-05	4.516408e-05	0.000100172344	6.884e-07	3.681e-07	8.14e-08	5.856e-07	3.435e-09
-19.556	0.0007010778972899998	1.0030150999999999e-05	9.003322e-06	1.9970284e-05	1.372e-07	7.339e-08	1.623e-08	1.167e-07	6.848e-10
-19.529	0.00011993454664999999	1.7160562999999996e-06	1.5405522e-06	3.4168402999999997e-06	2.348e-08	1.256e-08	2.776e-09	1.997e-08	1.172e-10
-19.501	1.7609194444e-05	2.519479e-07	2.2615294e-07	5.016272799999998e-07	3.447e-09	1.843e-09	4.076e-10	2.933e-09	1.72e-11
-19.473	2.2182779079000005e-06	3.174184e-08	2.8496435e-08	6.319934400000001e-08	4.343e-10	2.322e-10	5.135e-11	3.695e-10	2.167e-12
-19.445	2.3976898328000003e-07	3.4311590000000005e-09	3.0799630999999995e-09	6.8321604e-09	4.695e-11	2.51e-11	5.551e-12	3.994e-11	2.343e-13
-19.417	2.2242578087000005e-08	3.1829089999999997e-10	2.8560959e-10	6.3366256e-10	4.355e-12	2.328e-12	5.149e-13	3.704e-12	2.173e-14
-19.390	1.7698848457e-09	2.5324440000000004e-11	2.2733122e-11	5.0429246e-11	3.465e-13	1.853e-13	4.097e-14	2.948e-13	1.729e-15
-19.362	1.2082907677000002e-10	1.7289003999999997e-12	1.5519229000000002e-12	3.4422821e-12	2.366e-14	1.265e-14	2.797e-15	2.012e-14	1.18e-16
-19.334	7.0799989826000005e-12	1.0129178999999998e-13	9.093241e-14	2.0173708e-13	1.386e-15	7.411e-16	1.639e-16	1.179e-15	6.916e-18
-19.306	3.5567571937e-13	5.089190000000001e-15	4.568576e-15	1.0132982600000001e-14	6.963e-17	3.723e-17	8.234e-18	5.924e-17	3.475e-19
-19.278	1.6936264350999998e-14	2.423343e-16	2.1753265e-16	4.825009300000001e-16	3.316e-18	1.773e-18	3.921e-19	2.821e-18	1.655e-20
-19.251	0.0	0.0	0.0	0.0	0.0	0.0	0.0	0.0	0.0
-19.223	0.0	0.0	0.0	0.0	0.0	0.0	0.0	0.0	0.0
-19.195	0.0	0.0	0.0	0.0	0.0	0.0	0.0	0.0	0.0
-19.167	0.0	0.0	0.0	0.0	0.0	0.0	0.0	0.0	0.0
-19.139	0.0	0.0	0.0	0.0	0.0	0.0	0.0	0.0	0.0
-19.112	0.0	0.0	0.0	0.0	0.0	0.0	0.0	0.0	0.0
-19.084	0.0	0.0	0.0	0.0	0.0	0.0	0.0	0.0	0.0
-19.056	0.0	0.0	0.0	0.0	0.0	0.0	0.0	0.0	0.0
-19.028	0.0	0.0	0.0	0.0	0.0	0.0	0.0	0.0	0.0
-19.000	0.0	0.0	0.0	0.0	0.0	0.0	0.0	0.0	0.0
-18.972	0.0	0.0	0.0	0.0	0.0	0.0	0.0	0.0	0.0
-18.945	0.0	0.0	0.0	0.0	0.0	0.0	0.0	0.0	0.0
-18.917	0.0	0.0	0.0	0.0	0.0	0.0	0.0	0.0	0.0
-18.889	0.0	0.0	0.0	0.0	0.0	0.0	0.0	0.0	0.0
-18.861	0.0	0.0	0.0	0.0	0.0	0.0	0.0	0.0	0.0
-18.833	0.0	0.0	0.0	0.0	0.0	0.0	0.0	0.0	0.0
-18.806	0.0	0.0	0.0	0.0	0.0	0.0	0.0	0.0	0.0
-18.778	0.0	0.0	0.0	0.0	0.0	0.0	0.0	0.0	0.0
-18.750	0.0	0.0	0.0	0.0	0.0	0.0	0.0	0.0	0.0
-18.722	0.0	0.0	0.0	0.0	0.0	0.0	0.0	0.0	0.0
-18.694	0.0	0.0	0.0	0.0	0.0	0.0	0.0	0.0	0.0
-18.667	0.0	0.0	0.0	0.0	0.0	0.0	0.0	0.0	0.0
-18.639	0.0	0.0	0.0	0.0	0.0	0.0	0.0	0.0	0.0
-18.611	0.0	0.0	0.0	0.0	0.0	0.0	0.0	0.0	0.0
-18.583	0.0	0.0	0.0	0.0	0.0	0.0	0.0	0.0	0.0
-18.555	0.0	0.0	0.0	0.0	0.0	0.0	0.0	0.0	0.0
-18.527	0.0	0.0	0.0	0.0	0.0	0.0	0.0	0.0	0.0
-18.500	0.0	0.0	0.0	0.0	0.0	0.0	0.0	0.0	0.0
-18.472	0.0	0.0	0.0	0.0	0.0	0.0	0.0	0.0	0.0
-18.444	0.0	0.0	0.0	0.0	0.0	0.0	0.0	0.0	0.0
-18.416	0.0	0.0	0.0	0.0	0.0	0.0	0.0	0.0	0.0
-18.388	0.0	0.0	0.0	0.0	0.0	0.0	0.0	0.0	0.0
-18.361	0.0	0.0	0.0	0.0	0.0	0.0	0.0	0.0	0.0
-18.333	0.0	0.0	0.0	0.0	0.0	0.0	0.0	0.0	0.0
-18.305	0.0	0.0	0.0	0.0	0.0	0.0	0.0	0.0	0.0
-18.277	0.0	0.0	0.0	0.0	0.0	0.0	0.0	0.0	0.0
-18.249	0.0	0.0	0.0	0.0	0.0	0.0	0.0	0.0	0.0
-18.222	0.0	0.0	0.0	0.0	0.0	0.0	0.0	0.0	0.0
-18.194	0.0	0.0	0.0	0.0	0.0	0.0	0.0	0.0	0.0
-18.166	0.0	0.0	0.0	0.0	0.0	0.0	0.0	0.0	0.0
-18.138	1.567908e-14	3.223442e-16	1.1648709000000002e-15	4.500984e-16	6.961e-18	2.101e-18	1.656e-18	3.768e-18	8.105e-19
-18.110	3.7100049999999997e-13	7.628173999999999e-15	2.7567907999999998e-14	1.065353e-14	1.647e-16	4.972e-17	3.92e-17	8.918e-17	1.918e-17
-18.083	7.308580000000001e-12	1.5026571e-13	5.4299955e-13	2.0983300000000002e-13	3.245e-15	9.794e-16	7.721e-16	1.757e-15	3.778e-16
-18.055	1.2408979999999997e-10	2.551606e-12	9.219978e-12	3.562727e-12	5.51e-14	1.663e-14	1.311e-14	2.983e-14	6.415e-15
-18.027	1.807134e-09	3.715623e-11	1.3428958e-10	5.188338e-11	8.024e-13	2.422e-13	1.909e-13	4.344e-13	9.343e-14
-17.999	2.258101e-08	4.6420170000000003e-10	1.6774123999999998e-09	6.48185e-10	1.003e-11	3.026e-12	2.385e-12	5.427e-12	1.167e-12
-17.971	2.4203939999999996e-07	4.976872e-09	1.7986742999999998e-08	6.949e-09	1.075e-10	3.243e-11	2.557e-11	5.818e-11	1.251e-11
-17.943	2.226135e-06	4.577526e-08	1.6541237000000002e-07	6.39151e-08	9.885e-10	2.983e-10	2.352e-10	5.351e-10	1.151e-10
-17.916	1.756939e-05	3.612480999999999e-07	1.3054749000000003e-06	5.04378e-07	7.801e-09	2.354e-09	1.856e-09	4.223e-09	9.083e-10
-17.888	0.00011899179999999999	2.446308e-06	8.840178e-06	3.416156e-06	5.283e-08	1.594e-08	1.257e-08	2.86e-08	6.151e-09
-17.860	0.0006914719999999999	1.4215804e-05	5.1368974999999994e-05	1.9851570000000003e-05	3.07e-07	9.265e-08	7.304e-08	1.662e-07	3.575e-08
-17.832	0.003448312	7.088993e-05	0.00025619392000000006	9.900129999999999e-05	1.531e-06	4.621e-07	3.643e-07	8.288e-07	1.783e-07
-17.804	0.01475807	0.00030343	0.0010964491	0.00042369139999999994	6.552e-06	1.978e-06	1.559e-06	3.547e-06	7.629e-07
-17.777	0.05420413	0.0011145217	0.004027581299999999	0.001556316	2.407e-05	7.264e-06	5.727e-06	1.303e-05	2.802e-06
-17.749	0.1708966	0.0035134709999999998	0.012697143000000001	0.004906081999999999	7.587e-05	2.29e-05	1.805e-05	4.107e-05	8.835e-06
-17.721	0.46241580000000004	0.009505416000000001	0.034349364	0.013274500000000002	0.0002053	6.196e-05	4.885e-05	0.0001111	2.39e-05
-17.693	1.073906	0.02207851	0.07978747	0.03082634	0.0004768	0.0001439	0.0001134	0.0002581	5.551e-05
-17.665	2.140522	0.04400564	0.15907617	0.061448499999999996	0.0009504	0.0002868	0.0002261	0.0005145	0.0001107
-17.638	3.662177	0.07529847999999999	0.27208412000000004	0.10515659999999999	0.001626	0.0004908	0.0003869	0.0008803	0.0001893
-17.610	5.3790960000000005	0.11059268	0.39965884	0.15442859999999997	0.002388	0.0007208	0.0005683	0.001293	0.0002781
-17.582	6.78105	0.13941597	0.503863	0.1946992	0.003011	0.0009087	0.0007164	0.00163	0.0003506
-17.554	7.33809	0.15086249	0.5452007000000001	0.2106852	0.003258	0.0009833	0.0007752	0.001764	0.0003794
-17.526	6.81694	0.14014711	0.5064466099999999	0.19569699999999998	0.003027	0.0009134	0.0007201	0.001638	0.0003524
-17.498	5.435967	0.11175301000000001	0.4037936	0.15604560000000003	0.002413	0.0007283	0.0005742	0.001306	0.000281
-17.471	3.71987	0.07648033000000001	0.27635208999999994	0.106798	0.001652	0.0004985	0.000393	0.0008941	0.0001923
-17.443	2.185505	0.044934669999999996	0.16232819000000004	0.0627363	0.0009703	0.0002928	0.0002309	0.0005253	0.000113
-17.415	1.1021130000000001	0.022658209999999998	0.08187944999999998	0.031637929999999995	0.0004893	0.0001477	0.0001164	0.0002649	5.697e-05
-17.387	0.47690639999999995	0.009806496	0.035443973999999996	0.013694470000000002	0.0002118	6.392e-05	5.039e-05	0.0001146	2.466e-05
-17.359	0.1772107	0.0036434220000000003	0.013170097	0.005087637999999999	7.868e-05	2.375e-05	1.872e-05	4.259e-05	9.161e-06
-17.332	0.05650454000000001	0.0011617497	0.0041979991000000005	0.0016222500000000002	2.509e-05	7.572e-06	5.969e-06	1.358e-05	2.921e-06
-17.304	0.015462910000000002	0.00031793030000000006	0.0011488743999999997	0.00044393579999999996	6.866e-06	2.072e-06	1.634e-06	3.717e-06	7.994e-07
-17.276	0.0036313580000000003	7.467188999999998e-05	0.00026986896000000005	0.00010426080000000001	1.613e-06	4.867e-07	3.837e-07	8.729e-07	1.878e-07
-17.248	0.000731998	1.5050042e-05	5.4389378999999994e-05	2.101723e-05	3.25e-07	9.809e-08	7.733e-08	1.759e-07	3.784e-08
-17.220	0.0001266286	2.603588e-06	9.408297e-06	3.6355250000000002e-06	5.622e-08	1.697e-08	1.338e-08	3.043e-08	6.546e-09
-17.193	1.879479e-05	3.8644380000000003e-07	1.3960192e-06	5.396408e-07	8.345e-09	2.519e-09	1.986e-09	4.518e-09	9.717e-10
-17.165	2.393841e-06	4.922517e-08	1.7782092e-07	6.873039999999999e-08	1.063e-09	3.208e-10	2.529e-10	5.754e-10	1.238e-10
-17.137	2.6164500000000004e-07	5.380129000000001e-09	1.9435482000000003e-08	7.51169e-09	1.162e-10	3.506e-11	2.764e-11	6.289e-11	1.353e-11
-17.109	2.453457e-08	5.044443000000001e-10	1.8232302e-09	7.04394e-10	1.089e-11	3.288e-12	2.592e-12	5.897e-12	1.268e-12
-17.081	1.973763e-09	4.0584459999999993e-11	1.4668342999999998e-10	5.6667799999999993e-11	8.764e-13	2.645e-13	2.085e-13	4.744e-13	1.02e-13
-17.054	1.362462e-10	2.801207e-12	1.0122519e-11	3.911422e-12	6.049e-14	1.826e-14	1.439e-14	3.275e-14	7.044e-15
-17.026	8.069209999999999e-12	1.6588847000000002e-13	5.995293199999999e-13	2.3165840000000003e-13	3.583e-15	1.081e-15	8.524e-16	1.939e-15	4.171e-16
-16.998	4.0760650000000007e-13	8.381913e-15	3.0282695e-14	1.170427e-14	1.81e-16	5.462e-17	4.306e-17	9.798e-17	2.107e-17
-16.970	2.090417e-14	4.298237e-16	1.5533508000000001e-15	6.001509999999999e-16	9.281e-18	2.801e-18	2.208e-18	5.024e-18	1.081e-18
-16.942	0.0	0.0	0.0	0.0	0.0	0.0	0.0	0.0	0.0
-16.914	0.0	0.0	0.0	0.0	0.0	0.0	0.0	0.0	0.0
-16.887	0.0	0.0	0.0	0.0	0.0	0.0	0.0	0.0	0.0
-16.859	0.0	0.0	0.0	0.0	0.0	0.0	0.0	0.0	0.0
-16.831	0.0	0.0	0.0	0.0	0.0	0.0	0.0	0.0	0.0
-16.803	0.0	0.0	0.0	0.0	0.0	0.0	0.0	0.0	0.0
-16.775	0.0	0.0	0.0	0.0	0.0	0.0	0.0	0.0	0.0
-16.748	0.0	0.0	0.0	0.0	0.0	0.0	0.0	0.0	0.0
-16.720	0.0	0.0	0.0	0.0	0.0	0.0	0.0	0.0	0.0
-16.692	0.0	0.0	0.0	0.0	0.0	0.0	0.0	0.0	0.0
-16.664	0.0	0.0	0.0	0.0	0.0	0.0	0.0	0.0	0.0
-16.636	0.0	0.0	0.0	0.0	0.0	0.0	0.0	0.0	0.0
-16.609	0.0	0.0	0.0	0.0	0.0	0.0	0.0	0.0	0.0
-16.581	0.0	0.0	0.0	0.0	0.0	0.0	0.0	0.0	0.0
-16.553	0.0	0.0	0.0	0.0	0.0	0.0	0.0	0.0	0.0
-16.525	0.0	0.0	0.0	0.0	0.0	0.0	0.0	0.0	0.0
-16.497	0.0	0.0	0.0	0.0	0.0	0.0	0.0	0.0	0.0
-16.469	0.0	0.0	0.0	0.0	0.0	0.0	0.0	0.0	0.0
-16.442	0.0	0.0	0.0	0.0	0.0	0.0	0.0	0.0	0.0
-16.414	0.0	0.0	0.0	0.0	0.0	0.0	0.0	0.0	0.0
-16.386	0.0	0.0	0.0	0.0	0.0	0.0	0.0	0.0	0.0
-16.358	0.0	0.0	0.0	0.0	0.0	0.0	0.0	0.0	0.0
-16.330	0.0	0.0	0.0	0.0	0.0	0.0	0.0	0.0	0.0
-16.303	0.0	0.0	0.0	0.0	0.0	0.0	0.0	0.0	0.0
-16.275	0.0	0.0	0.0	0.0	0.0	0.0	0.0	0.0	0.0
-16.247	0.0	0.0	0.0	0.0	0.0	0.0	0.0	0.0	0.0
-16.219	0.0	0.0	0.0	0.0	0.0	0.0	0.0	0.0	0.0
-16.191	0.0	0.0	0.0	0.0	0.0	0.0	0.0	0.0	0.0
-16.164	0.0	0.0	0.0	0.0	0.0	0.0	0.0	0.0	0.0
-16.136	0.0	0.0	0.0	0.0	0.0	0.0	0.0	0.0	0.0
-16.108	0.0	0.0	0.0	0.0	0.0	0.0	0.0	0.0	0.0
-16.080	0.0	0.0	0.0	0.0	0.0	0.0	0.0	0.0	0.0
-16.052	0.0	0.0	0.0	0.0	0.0	0.0	0.0	0.0	0.0
-16.025	0.0	0.0	0.0	0.0	0.0	0.0	0.0	0.0	0.0
-15.997	0.0	0.0	0.0	0.0	0.0	0.0	0.0	0.0	0.0
-15.969	0.0	0.0	0.0	0.0	0.0	0.0	0.0	0.0	0.0
-15.941	0.0	0.0	0.0	0.0	0.0	0.0	0.0	0.0	0.0
-15.913	0.0	0.0	0.0	0.0	0.0	0.0	0.0	0.0	0.0
-15.885	0.0	0.0	0.0	0.0	0.0	0.0	0.0	0.0	0.0
-15.858	0.0	0.0	0.0	0.0	0.0	0.0	0.0	0.0	0.0
-15.830	0.0	0.0	0.0	0.0	0.0	0.0	0.0	0.0	0.0
-15.802	7.0891e-15	5.703901000000001e-16	4.877000000000001e-16	6.12495e-16	6.818e-18	3.126e-18	3.482e-19	4.175e-18	4.378e-19
-15.774	1.3940899999999999e-13	1.121816e-14	9.592897899999999e-15	1.20448e-14	1.341e-16	6.148e-17	6.848e-18	8.211e-17	8.61e-18
-15.746	2.88254e-12	2.319855e-13	1.9833783999999998e-13	2.491245e-13	2.773e-15	1.271e-15	1.416e-16	1.698e-15	1.78e-16
-15.719	5.1107e-11	4.11267e-12	3.5170995e-12	4.416353e-12	4.916e-14	2.254e-14	2.51e-15	3.01e-14	3.156e-15
-15.691	7.7728e-10	6.255754e-11	5.3483047e-11	6.71602e-11	7.477e-13	3.428e-13	3.818e-14	4.578e-13	4.801e-14
-15.663	1.01423e-08	8.162598999999999e-10	6.978435e-10	8.764080000000001e-10	9.756e-12	4.473e-12	4.982e-13	5.974e-12	6.264e-13
-15.635	1.13549e-07	9.138243e-09	7.813006599999999e-09	9.810259999999998e-09	1.092e-10	5.008e-11	5.577e-12	6.688e-11	7.013e-12
-15.607	1.0905600000000002e-06	8.777394000000001e-08	7.504743799999998e-08	9.42285e-08	1.049e-09	4.81e-10	5.357e-11	6.424e-10	6.736e-11
-15.580	8.988499999999999e-06	7.233000000000001e-07	6.184256500000001e-07	7.76612e-07	8.646e-09	3.964e-09	4.415e-10	5.294e-09	5.551e-10
-15.552	6.3569e-05	5.115380999999999e-06	4.3737128e-06	5.493099000000001e-06	6.114e-08	2.803e-08	3.122e-09	3.744e-08	3.926e-09
-15.524	0.00038577	3.1045539999999995e-05	2.6543958999999996e-05	3.332816e-05	3.711e-07	1.701e-07	1.895e-08	2.272e-07	2.383e-08
-15.496	0.00200897	0.00016168149999999998	0.0001382315	0.00017359110000000002	1.932e-06	8.86e-07	9.868e-08	1.183e-06	1.241e-07
-15.468	0.0089785	0.0007225393	0.0006178016000000001	0.0007757700000000001	8.636e-06	3.96e-06	4.41e-07	5.289e-06	5.545e-07
-15.440	0.034439000000000004	0.0027715920000000002	0.0023694399	0.002975788	3.313e-05	1.519e-05	1.692e-06	2.029e-05	2.127e-06
-15.413	0.11337599999999999	0.00912433	0.007800875699999999	0.009796039999999999	0.0001091	5e-05	5.569e-06	6.678e-05	7.002e-06
-15.385	0.320328	0.025779049999999998	0.022040287000000002	0.02767464	0.0003081	0.0001413	1.573e-05	0.0001887	1.978e-05
-15.357	0.7767999999999999	0.0625145	0.05345674500000001	0.0671201	0.0007472	0.0003426	3.816e-05	0.0004576	4.798e-05
-15.329	1.61687	0.1301299	0.11125601099999997	0.1397106	0.001555	0.0007131	7.942e-05	0.0009524	9.986e-05
-15.301	2.8889099999999996	0.23249999999999996	0.19879057	0.24965479999999998	0.002779	0.001274	0.0001419	0.001702	0.0001784
-15.274	4.4303	0.3565561	0.30482549999999997	0.3828269	0.004262	0.001954	0.0002176	0.00261	0.0002736
-15.246	5.8323	0.46935020000000005	0.40131162000000004	0.5039681	0.00561	0.002572	0.0002865	0.003435	0.0003602
-15.218	6.5899	0.5304093	0.45345846999999995	0.5694259999999999	0.006339	0.002907	0.0003237	0.003882	0.000407
-15.190	6.3919	0.5144818	0.43981146000000004	0.5522973	0.006149	0.002819	0.000314	0.003765	0.0003948
-15.162	5.3222000000000005	0.4283245	0.36621602999999997	0.4599005	0.005119	0.002347	0.0002614	0.003135	0.0003287
-15.135	3.8038000000000003	0.3061192	0.26176031999999994	0.3286419	0.003659	0.001678	0.0001868	0.00224	0.0002349
-15.107	2.3331999999999997	0.18778469999999997	0.16056195	0.2016216	0.002244	0.001029	0.0001146	0.001374	0.0001441
-15.079	1.22879	0.09887469	0.084539239	0.10616160000000001	0.001182	0.0005419	6.035e-05	0.0007237	7.588e-05
-15.051	0.5552900000000001	0.044690749999999994	0.038206420000000005	0.047983569999999996	0.0005342	0.0002449	2.728e-05	0.0003271	3.43e-05
-15.023	0.21541100000000002	0.01733678	0.014823374	0.018612889999999997	0.0002072	9.501e-05	1.058e-05	0.0001269	1.331e-05
-14.996	0.07173	0.005773406000000001	0.0049354743	0.006198029999999999	6.9e-05	3.164e-05	3.523e-06	4.225e-05	4.43e-06
-14.968	0.0204968	0.001649626	0.0014104521	0.001771248	1.972e-05	9.041e-06	1.007e-06	1.207e-05	1.266e-06
-14.940	0.005027	0.00040460560000000003	0.00034598953000000005	0.00043447470000000004	4.836e-06	2.217e-06	2.47e-07	2.961e-06	3.105e-07
-14.912	0.0010582	8.516742000000001e-05	7.280677399999999e-05	9.144289999999999e-05	1.018e-06	4.667e-07	5.198e-08	6.233e-07	6.536e-08
-14.884	0.00019114900000000005	1.538459e-05	1.3152960699999998e-05	1.6517360000000003e-05	1.839e-07	8.431e-08	9.39e-09	1.126e-07	1.181e-08
-14.856	2.9628799999999997e-05	2.384648e-06	2.0388595e-06	2.5605729999999996e-06	2.85e-08	1.307e-08	1.455e-09	1.745e-08	1.83e-09
-14.829	3.9412e-06	3.1721e-07	2.7117201e-07	3.4056079999999996e-07	3.791e-09	1.738e-09	1.936e-10	2.322e-09	2.434e-10
-14.801	4.4983999999999996e-07	3.620243e-08	3.0946884e-08	3.8870719999999995e-08	4.327e-10	1.984e-10	2.21e-11	2.65e-10	2.778e-11
-14.773	4.404899999999999e-08	3.5453310000000005e-09	3.0311636999999996e-09	3.8070299999999994e-09	4.237e-11	1.943e-11	2.164e-12	2.595e-11	2.721e-12
-14.745	3.70136e-09	2.978753e-10	2.5466470000000003e-10	3.197917e-10	3.56e-12	1.632e-12	1.818e-13	2.18e-12	2.286e-13
-14.717	2.66812e-10	2.1473579999999997e-11	1.8360194999999998e-11	2.305511e-11	2.566e-13	1.177e-13	1.311e-14	1.572e-13	1.648e-14
-14.690	1.6502499999999997e-11	1.3280450000000001e-12	1.1354637999999999e-12	1.425914e-12	1.587e-14	7.278e-15	8.106e-16	9.72e-15	1.019e-15
-14.662	8.742699999999998e-13	7.036309e-14	6.014974e-14	7.554039999999999e-14	8.409e-16	3.856e-16	4.294e-17	5.15e-16	5.399e-17
-14.634	4.2529e-14	3.422802e-15	2.9260760000000007e-15	3.6741439999999995e-15	4.091e-17	1.876e-17	2.089e-18	2.505e-17	2.627e-18
-14.606	0.0	0.0	0.0	0.0	0.0	0.0	0.0	0.0	0.0
-14.578	0.0	0.0	0.0	0.0	0.0	0.0	0.0	0.0	0.0
-14.551	0.0	0.0	0.0	0.0	0.0	0.0	0.0	0.0	0.0
-14.523	0.0	0.0	0.0	0.0	0.0	0.0	0.0	0.0	0.0
-14.495	0.0	0.0	0.0	0.0	0.0	0.0	0.0	0.0	0.0
-14.467	0.0	0.0	0.0	0.0	0.0	0.0	0.0	0.0	0.0
-14.439	0.0	0.0	0.0	0.0	0.0	0.0	0.0	0.0	0.0
-14.412	0.0	0.0	0.0	0.0	0.0	0.0	0.0	0.0	0.0
-14.384	0.0	0.0	0.0	0.0	0.0	0.0	0.0	0.0	0.0
-14.356	0.0	0.0	0.0	0.0	0.0	0.0	0.0	0.0	0.0
-14.328	0.0	0.0	0.0	0.0	0.0	0.0	0.0	0.0	0.0
-14.300	0.0	0.0	0.0	0.0	0.0	0.0	0.0	0.0	0.0
-14.272	0.0	0.0	0.0	0.0	0.0	0.0	0.0	0.0	0.0
-14.245	0.0	0.0	0.0	0.0	0.0	0.0	0.0	0.0	0.0
-14.217	0.0	0.0	0.0	0.0	0.0	0.0	0.0	0.0	0.0
-14.189	0.0	0.0	0.0	0.0	0.0	0.0	0.0	0.0	0.0
-14.161	0.0	0.0	0.0	0.0	0.0	0.0	0.0	0.0	0.0
-14.133	0.0	0.0	0.0	0.0	0.0	0.0	0.0	0.0	0.0
-14.106	0.0	0.0	0.0	0.0	0.0	0.0	0.0	0.0	0.0
-14.078	0.0	0.0	0.0	0.0	0.0	0.0	0.0	0.0	0.0
-14.050	0.0	0.0	0.0	0.0	0.0	0.0	0.0	0.0	0.0
-14.022	0.0	0.0	0.0	0.0	0.0	0.0	0.0	0.0	0.0
-13.994	0.0	0.0	0.0	0.0	0.0	0.0	0.0	0.0	0.0
-13.967	0.0	0.0	0.0	0.0	0.0	0.0	0.0	0.0	0.0
-13.939	0.0	0.0	0.0	0.0	0.0	0.0	0.0	0.0	0.0
-13.911	0.0	0.0	0.0	0.0	0.0	0.0	0.0	0.0	0.0
-13.883	0.0	0.0	0.0	0.0	0.0	0.0	0.0	0.0	0.0
-13.855	0.0	0.0	0.0	0.0	0.0	0.0	0.0	0.0	0.0
-13.827	0.0	0.0	0.0	0.0	0.0	0.0	0.0	0.0	0.0
-13.800	0.0	0.0	0.0	0.0	0.0	0.0	0.0	0.0	0.0
-13.772	0.0	0.0	0.0	0.0	0.0	0.0	0.0	0.0	0.0
-13.744	0.0	0.0	0.0	0.0	0.0	0.0	0.0	0.0	0.0
-13.716	0.0	0.0	0.0	0.0	0.0	0.0	0.0	0.0	0.0
-13.688	0.0	0.0	0.0	0.0	0.0	0.0	0.0	0.0	0.0
-13.661	0.0	0.0	0.0	0.0	0.0	0.0	0.0	0.0	0.0
-13.633	0.0	0.0	0.0	0.0	0.0	0.0	0.0	0.0	0.0
-13.605	0.0	0.0	0.0	0.0	0.0	0.0	0.0	0.0	0.0
-13.577	0.0	0.0	0.0	0.0	0.0	0.0	0.0	0.0	0.0
-13.549	0.0	0.0	0.0	0.0	0.0	0.0	0.0	0.0	0.0
-13.522	0.0	0.0	0.0	0.0	0.0	0.0	0.0	0.0	0.0
-13.494	0.0	0.0	0.0	0.0	0.0	0.0	0.0	0.0	0.0
-13.466	0.0	0.0	0.0	0.0	0.0	0.0	0.0	0.0	0.0
-13.438	0.0	0.0	0.0	0.0	0.0	0.0	0.0	0.0	0.0
-13.410	0.0	0.0	0.0	0.0	0.0	0.0	0.0	0.0	0.0
-13.383	0.0	0.0	0.0	0.0	0.0	0.0	0.0	0.0	0.0
-13.355	0.0	0.0	0.0	0.0	0.0	0.0	0.0	0.0	0.0
-13.327	0.0	0.0	0.0	0.0	0.0	0.0	0.0	0.0	0.0
-13.299	0.0	0.0	0.0	0.0	0.0	0.0	0.0	0.0	0.0
-13.271	0.0	0.0	0.0	0.0	0.0	0.0	0.0	0.0	0.0
-13.243	0.0	0.0	0.0	0.0	0.0	0.0	0.0	0.0	0.0
-13.216	0.0	0.0	0.0	0.0	0.0	0.0	0.0	0.0	0.0
-13.188	0.0	0.0	0.0	0.0	0.0	0.0	0.0	0.0	0.0
-13.160	0.0	0.0	0.0	0.0	0.0	0.0	0.0	0.0	0.0
-13.132	0.0	0.0	0.0	0.0	0.0	0.0	0.0	0.0	0.0
-13.104	0.0	0.0	0.0	0.0	0.0	0.0	0.0	0.0	0.0
-13.077	0.0	0.0	0.0	0.0	0.0	0.0	0.0	0.0	0.0
-13.049	0.0	0.0	0.0	0.0	0.0	0.0	0.0	0.0	0.0
-13.021	0.0	0.0	0.0	0.0	0.0	0.0	0.0	0.0	0.0
-12.993	0.0	0.0	0.0	0.0	0.0	0.0	0.0	0.0	0.0
-12.965	0.0	0.0	0.0	0.0	0.0	0.0	0.0	0.0	0.0
-12.938	0.0	0.0	0.0	0.0	0.0	0.0	0.0	0.0	0.0
-12.910	0.0	0.0	0.0	0.0	0.0	0.0	0.0	0.0	0.0
-12.882	0.0	0.0	0.0	0.0	0.0	0.0	0.0	0.0	0.0
-12.854	0.0	0.0	0.0	0.0	0.0	0.0	0.0	0.0	0.0
-12.826	0.0	0.0	0.0	0.0	0.0	0.0	0.0	0.0	0.0
-12.798	0.0	0.0	0.0	0.0	0.0	0.0	0.0	0.0	0.0
-12.771	0.0	0.0	0.0	0.0	0.0	0.0	0.0	0.0	0.0
-12.743	0.0	0.0	0.0	0.0	0.0	0.0	0.0	0.0	0.0
-12.715	0.0	0.0	0.0	0.0	0.0	0.0	0.0	0.0	0.0
-12.687	0.0	0.0	0.0	0.0	0.0	0.0	0.0	0.0	0.0
-12.659	0.0	0.0	0.0	0.0	0.0	0.0	0.0	0.0	0.0
-12.632	0.0	0.0	0.0	0.0	0.0	0.0	0.0	0.0	0.0
-12.604	0.0	0.0	0.0	0.0	0.0	0.0	0.0	0.0	0.0
-12.576	0.0	0.0	0.0	0.0	0.0	0.0	0.0	0.0	0.0
-12.548	0.0	0.0	0.0	0.0	0.0	0.0	0.0	0.0	0.0
-12.520	2.0923699999999997e-15	1.851671e-15	8.491123e-16	2.4591250000000003e-16	1.162e-19	4.27e-19	5.894e-20	4.45e-18	8.134e-18
-12.493	3.66138e-14	3.2399602e-14	1.4858218e-14	4.303209e-15	2.034e-18	7.472e-18	1.031e-18	7.787e-17	1.423e-16
-12.465	7.96199e-13	7.0457684e-13	3.2305253e-13	9.355959999999999e-14	4.423e-17	1.625e-16	2.243e-17	1.693e-15	3.095e-15
-12.437	1.4451619999999999e-11	1.27893019e-11	5.8643730000000005e-12	1.6980969999999999e-12	8.029e-16	2.949e-15	4.071e-16	3.073e-14	5.618e-14
-12.409	2.25253e-10	1.9930633000000002e-10	9.141163999999999e-11	2.6465620000000002e-11	1.251e-14	4.597e-14	6.345e-15	4.79e-13	8.757e-13
-12.381	3.01223e-09	2.6654181000000003e-09	1.2222096000000001e-09	3.538857e-10	1.673e-13	6.146e-13	8.484e-14	6.405e-12	1.171e-11
-12.354	3.4554299999999996e-08	3.0577415e-08	1.4021079e-08	4.060434999999999e-09	1.92e-12	7.051e-12	9.733e-13	7.348e-11	1.343e-10
-12.326	3.4013e-07	3.0095491000000003e-07	1.3800762999999998e-07	3.996525e-08	1.889e-11	6.94e-11	9.58e-12	7.232e-10	1.322e-09
-12.298	2.87233e-06	2.5412056000000003e-06	1.1654589e-06	3.374854e-07	1.596e-10	5.861e-10	8.091e-11	6.108e-09	1.117e-08
-12.270	2.0815599999999998e-05	1.8419333000000002e-05	8.446949699999999e-06	2.4460170000000002e-06	1.157e-09	4.247e-09	5.864e-10	4.426e-08	8.091e-08
-12.242	0.00012944590000000001	0.00011453875100000001	5.2524947999999994e-05	1.520996e-05	7.193e-09	2.641e-08	3.647e-09	2.753e-07	5.032e-07
-12.214	0.000690742	0.0006112308199999999	0.0002802697	8.116609999999998e-05	3.84e-08	1.41e-07	1.947e-08	1.469e-06	2.685e-06
-12.187	0.0031635099999999996	0.0027994646	0.0012837183	0.0003718011	1.76e-07	6.455e-07	8.926e-08	6.727e-06	1.23e-05
-12.159	0.012433870000000001	0.011001783700000002	0.0050448496999999995	0.0014613629999999998	6.93e-07	2.537e-06	3.517e-07	2.644e-05	4.833e-05
-12.131	0.041943999999999995	0.037115995	0.017019864000000003	0.004931693	2.348e-06	8.559e-06	1.193e-06	8.919e-05	0.000163
-12.103	0.1214527	0.107460729	0.04928834600000001	0.014294650000000002	6.871e-06	2.479e-05	3.501e-06	0.0002582	0.000472
-12.075	0.30191199999999996	0.2670126400000001	0.12253891	0.0356155	1.751e-05	6.162e-05	8.979e-06	0.0006418	0.001173
-12.048	0.644455	0.5697253999999999	0.26166901000000004	0.07643129999999998	3.955e-05	0.0001316	2.057e-05	0.001369	0.002502
-12.020	1.1823899999999998	1.0438774199999998	0.48047699	0.14197189999999998	8.202e-05	0.0002416	4.386e-05	0.002509	0.004581
-11.992	1.86721	1.6433861	0.7601846	0.2308039	0.000165	0.0003821	9.215e-05	0.003951	0.007202
-11.964	2.54855	2.2262457999999996	1.0420938	0.33613300000000007	0.0003385	0.0005236	0.000199	0.005357	0.009724
-11.936	3.0329099999999998	2.6045081	1.2527899999999998	0.45769899999999997	0.000712	0.0006287	0.0004366	0.006279	0.01129
-11.909	3.2094300000000002	2.6514552999999994	1.3545269999999998	0.61721	0.001466	0.0006781	0.0009223	0.00642	0.01128
-11.881	3.1347899999999997	2.3890139	1.378109	0.856533	0.002793	0.0006868	0.00178	0.005843	0.00976
-11.853	2.98782	1.9727298999999998	1.39771	1.203286	0.004738	0.000692	0.003037	0.004917	0.00738
-11.825	2.9154400000000003	1.5739592	1.4605776000000001	1.6194899999999999	0.007012	0.0007182	0.004507	0.004046	0.004989
-11.797	2.9071	1.2788928	1.5366650000000004	1.98451	0.008971	0.0007518	0.005773	0.003413	0.003142
-11.769	2.8191889999999997	1.0667039	1.5380739	2.144222	0.009883	0.0007503	0.006363	0.002938	0.001952
-11.742	2.516602	0.8735723999999999	1.3946563	2.0141918	0.009357	0.0006794	0.006025	0.002454	0.001246
-11.714	1.9941259999999998	0.6638023000000001	1.1130254000000002	1.6320891	0.007609	0.0005419	0.0049	0.001884	0.0008081
-11.686	1.3769679999999997	0.44974018	0.7709397	1.1378457000000002	0.005312	0.0003752	0.003421	0.001282	0.000504
-11.658	0.8214413	0.26608222	0.4604858	0.6815137999999998	0.003183	0.0002241	0.00205	0.0007604	0.0002869
-11.630	0.421705	0.13616090200000003	0.23656081	0.35050353	0.001638	0.0001151	0.001055	0.0003894	0.0001443
-11.603	0.18606515	0.059988533000000004	0.10438367000000003	0.15475216	0.0007232	5.08e-05	0.0004657	0.0001716	6.313e-05
-11.575	0.07049668999999999	0.0227158015	0.03955079399999999	0.05864554	0.0002741	1.925e-05	0.0001765	6.499e-05	2.383e-05
-11.547	0.022930435	0.007386338300000001	0.012863999999999997	0.019081136	8.916e-05	6.261e-06	5.742e-05	2.114e-05	7.74e-06
-11.519	0.0064014169999999995	0.00206179947	0.0035923431	0.005327328	2.489e-05	1.748e-06	1.603e-05	5.9e-06	2.159e-06
-11.491	0.0015338680999999997	0.00049395763	0.0008607266	0.0012764701999999999	5.965e-06	4.188e-07	3.842e-06	1.414e-06	5.173e-07
-11.464	0.00031543682999999993	0.00010158657	0.00017697095999999997	0.00026247677999999996	1.227e-06	8.613e-08	7.9e-07	2.907e-07	1.064e-07
-11.436	5.5669083999999995e-05	1.7926595200000005e-05	3.1239017e-05	4.632524e-05	2.165e-07	1.52e-08	1.394e-07	5.13e-08	1.877e-08
-11.408	8.430761e-06	2.7149287899999997e-06	4.730744e-06	7.015859000000001e-06	3.278e-08	2.302e-09	2.111e-08	7.769e-09	2.842e-09
-11.380	1.0954864000000001e-06	3.5276513400000003e-07	6.147129e-07	9.116642e-07	4.26e-09	2.991e-10	2.744e-09	1.01e-09	3.694e-10
-11.352	1.221505e-07	3.93403431e-08	6.85405e-08	1.0164303999999999e-07	4.75e-10	3.335e-11	3.059e-10	1.126e-10	4.118e-11
-11.325	1.1686261e-08	3.76382286e-09	6.557382000000001e-09	9.724213999999999e-09	4.545e-11	3.191e-12	2.927e-11	1.077e-11	3.94e-12
-11.297	9.592841e-10	3.0892248900000004e-10	5.38329e-10	7.982712e-10	3.731e-12	2.619e-13	2.403e-12	8.841e-13	3.234e-13
-11.269	6.756404e-11	2.1757020200000003e-11	3.7906093999999996e-11	5.621776e-11	2.627e-13	1.845e-14	1.692e-13	6.226e-14	2.278e-14
-11.241	4.118282e-12	1.3381754e-12	2.3069752999999996e-12	3.4312667000000007e-12	1.594e-14	1.184e-15	1.023e-14	3.769e-15	1.493e-15
-11.213	9.520363e-13	5.524169e-13	4.4757980000000003e-13	8.659725e-13	2.035e-15	1.508e-15	5.967e-16	3.264e-16	2.498e-15
-11.185	1.3406483999999998e-11	8.757355200000002e-12	5.960145000000001e-12	1.2490734700000001e-11	2.205e-14	2.62e-14	1.306e-15	2.409e-15	4.382e-14
-11.158	2.0747649100000001e-10	1.35573364e-10	9.222526e-11	1.9333956399999998e-10	3.408e-13	4.057e-13	1.981e-14	3.716e-14	6.787e-13
-11.130	2.75697207e-09	1.80126478e-09	1.225656e-09	2.5681585000000003e-09	4.529e-12	5.391e-12	2.632e-13	4.938e-13	9.018e-12
-11.102	3.14264182e-08	2.0535608599999997e-08	1.3971071e-08	2.9279675000000004e-08	5.163e-11	6.146e-11	3e-12	5.629e-12	1.028e-10
-11.074	3.0747858000000003e-07	2.0085854900000002e-07	1.3667442e-07	2.8639678e-07	5.05e-10	6.011e-10	2.934e-11	5.506e-11	1.006e-09
-11.046	2.57997043e-06	1.6857162799999998e-06	1.1467529e-06	2.4034709e-06	4.238e-09	5.045e-09	2.463e-10	4.621e-10	8.439e-09
-11.019	1.85796968e-05	1.2139922800000002e-05	8.258060999999998e-06	1.73101839e-05	3.052e-08	3.633e-08	1.773e-09	3.328e-09	6.077e-08
-10.991	0.00011481492000000001	7.5012904e-05	5.103337000000001e-05	0.000106965494	1.886e-07	2.245e-07	1.096e-08	2.056e-08	3.756e-07
-10.963	0.00060885887	0.00039773977	0.00027067442999999995	0.00056732919	1e-06	1.191e-06	5.812e-08	1.091e-07	1.992e-06
-10.935	0.0027708322799999997	0.0018105278799999999	0.0012315562	0.0025811614	4.552e-06	5.418e-06	2.645e-07	4.963e-07	9.064e-06
-10.907	0.0108238382	0.0070712133	0.0048106696	0.010083748	1.778e-05	2.116e-05	1.033e-06	1.938e-06	3.54e-05
-10.880	0.0362735505	0.023701789699999996	0.016128266000000002	0.033798959	5.96e-05	7.094e-05	3.463e-06	6.498e-06	0.0001187
-10.852	0.104382055	0.06819148	0.046392895999999996	0.09723938899999998	0.0001715	0.0002041	9.963e-06	1.869e-05	0.0003414
-10.824	0.25775904	0.168394672	0.11455816999999999	0.24014537	0.0004234	0.000504	2.46e-05	4.616e-05	0.0008431
-10.796	0.546322338	0.35698883	0.24281217000000002	0.50900509	0.0008974	0.001068	5.215e-05	9.785e-05	0.001787
-10.768	0.99387281	0.64939863	0.4417654900000001	0.9259315900000001	0.001633	0.001943	9.487e-05	0.000178	0.003251
-10.740	1.5520571200000002	1.01407511	0.6898219	1.44589278	0.00255	0.003035	0.0001481	0.000278	0.005077
-10.713	2.0804839900000003	1.3592859599999998	0.9246890999999999	1.9377372899999998	0.003418	0.004068	0.0001986	0.0003726	0.006805
-10.685	2.39375466	1.5639547800000002	1.0639538999999998	2.2299177	0.003932	0.004681	0.0002285	0.0004287	0.00783
-10.657	2.3642892200000003	1.5447192499999998	1.0507864	2.2025014000000005	0.003884	0.004623	0.0002257	0.0004234	0.007733
-10.629	2.0043728599999997	1.30963392	0.8908816	1.8676842100000002	0.003293	0.003919	0.0001913	0.000359	0.006556
-10.601	1.45860273	0.9531373100000001	0.6483059	1.3589120199999998	0.002396	0.002852	0.0001392	0.0002612	0.004771
-10.574	0.9111978700000001	0.59533216	0.40503161	0.8488291899999999	0.001497	0.001782	8.697e-05	0.0001632	0.00298
-10.546	0.48858187799999997	0.31922494	0.21714843	0.4551144400000001	0.0008025	0.0009553	4.663e-05	8.75e-05	0.001598
-10.518	0.224843449	0.14690843599999998	0.09993455000000001	0.20946576	0.0003693	0.0004396	2.146e-05	4.027e-05	0.0007354
-10.490	0.088818753	0.058029305999999996	0.039476854	0.082746288	0.0001459	0.0001737	8.478e-06	1.591e-05	0.0002905
-10.462	0.030117318599999998	0.0196755154	0.013387627999999999	0.028055089999999998	4.947e-05	5.888e-05	2.874e-06	5.393e-06	9.85e-05
-10.435	0.0087632715	0.0057255741	0.0038952262	0.0081637523	1.439e-05	1.713e-05	8.364e-07	1.569e-06	2.866e-05
-10.407	0.0021884506000000004	0.0014299489700000001	0.0009727424000000001	0.0020393232	3.595e-06	4.279e-06	2.089e-07	3.92e-07	7.158e-06
-10.379	0.00046907338800000005	0.0003064986	0.00020851076	0.0004369524400000001	7.705e-07	9.172e-07	4.477e-08	8.401e-08	1.534e-06
-10.351	8.6269885e-05	5.6371042e-05	3.8346686999999994e-05	8.037770800000001e-05	1.417e-07	1.687e-07	8.236e-09	1.545e-08	2.822e-07
-10.323	1.3618072900000002e-05	8.8978773e-06	6.0527460000000005e-06	1.26880861e-05	2.237e-08	2.663e-08	1.3e-09	2.439e-09	4.455e-08
-10.296	1.8446514799999996e-06	1.2052662900000002e-06	8.198549e-07	1.7185209000000002e-06	3.03e-09	3.607e-09	1.761e-10	3.304e-10	6.034e-09
-10.268	2.1438319399999998e-07	1.4006451199999998e-07	9.529176e-08	1.9974974200000004e-07	3.522e-10	4.192e-10	2.046e-11	3.84e-11	7.013e-10
-10.240	2.13797985e-08	1.3968717900000002e-08	9.502459999999999e-09	1.99205556e-08	3.512e-11	4.18e-11	2.041e-12	3.829e-12	6.993e-11
-10.212	1.8294493899999999e-09	1.19530279e-09	8.131437000000001e-10	1.7042901199999998e-09	3.006e-12	3.577e-12	1.75e-13	3.28e-13	5.984e-12
-10.184	1.3664937299999998e-10	8.9688649e-11	6.090602e-11	1.2760938999999998e-10	2.418e-13	2.655e-13	2.021e-14	3.216e-14	4.458e-13
-10.156	4.861619e-11	3.8597520000000004e-11	2.4442e-11	5.0389416000000005e-11	3.72e-13	6.614e-14	1.256e-13	1.385e-13	1.395e-13
-10.129	5.823906700000001e-10	4.7952442e-10	2.9986854e-10	6.1637681e-10	5.19e-12	7.197e-13	1.808e-12	1.985e-12	1.622e-12
-10.101	7.2344973e-09	5.957787999999999e-09	3.7262353e-09	7.6573235e-09	6.451e-11	8.936e-12	2.248e-11	2.468e-11	2.014e-11
-10.073	7.7154819e-08	6.354696e-08	3.9734556e-08	8.168226300000002e-08	6.881e-10	9.531e-11	2.398e-10	2.632e-10	2.148e-10
-10.045	7.0620167e-07	5.815811000000001e-07	3.63723586e-07	7.475450400000001e-07	6.297e-09	8.723e-10	2.194e-09	2.409e-09	1.966e-09
-10.017	5.5451376e-06	4.5670438e-06	2.8560980599999994e-06	5.8695357e-06	4.945e-08	6.85e-09	1.723e-08	1.892e-08	1.544e-08
-9.990	3.7361045999999996e-05	3.0767463e-05	1.92431103e-05	3.955087e-05	3.332e-07	4.615e-08	1.161e-07	1.275e-07	1.04e-07
-9.962	0.00021605993000000005	0.00017793561999999999	0.000111264479	0.00022874281	1.927e-06	2.669e-07	6.713e-07	7.371e-07	6.015e-07
-9.934	0.00107210778	0.0008829414000000001	0.00055223133	0.0011348693999999999	9.561e-06	1.324e-06	3.331e-06	3.657e-06	2.985e-06
-9.906	0.0045653266999999996	0.0037596697	0.00235083373	0.004833337599999999	4.071e-05	5.639e-06	1.419e-05	1.558e-05	1.271e-05
-9.878	0.016685191000000002	0.013742533999999999	0.008592880499999999	0.017660245999999998	0.0001488	2.061e-05	5.185e-05	5.692e-05	4.645e-05
-9.851	0.052340612	0.043100610000000004	0.026949235700000004	0.05540272599999999	0.0004667	6.465e-05	0.0001626	0.0001786	0.0001457
-9.823	0.140909958	0.1160463	0.072577879	0.14916114000000003	0.001257	0.0001741	0.0004379	0.0004807	0.0003923
-9.795	0.32559492000000007	0.26814701	0.16769016600000003	0.3446478200000001	0.002904	0.0004022	0.001012	0.001111	0.0009065
-9.767	0.6458449199999999	0.5318398400000001	0.332653315	0.6837033499999999	0.005759	0.0007978	0.002007	0.002203	0.001798
-9.739	1.0995055100000002	0.9054344000000002	0.5662128200000001	1.1639169	0.009805	0.001358	0.003417	0.003751	0.003061
-9.711	1.6068864999999999	1.3233735	0.8274207800000002	1.7003446999999998	0.01433	0.001985	0.004993	0.005482	0.004473
-9.684	2.0152206	1.6599744	1.0381317500000002	2.1333827000000003	0.01797	0.00249	0.006263	0.006876	0.005611
-9.656	2.1704881	1.7873426	1.11775723	2.2974172	0.01935	0.002681	0.006744	0.007404	0.006042
-9.628	2.0064219000000003	1.651998	1.03294841	2.1234836	0.01789	0.002478	0.006233	0.006843	0.005584
-9.600	1.5913958000000001	1.3106252999999999	0.81958426	1.6840118	0.01419	0.001966	0.004945	0.005429	0.00443
-9.572	1.0838637600000003	0.8924791000000001	0.558153	1.1471584	0.009665	0.001339	0.003368	0.003697	0.003017
-9.545	0.63349641	0.52178606	0.32626497099999996	0.67051852	0.00565	0.0007825	0.001969	0.002161	0.001764
-9.517	0.3178944899999999	0.26183418999999997	0.163705957	0.33643462999999996	0.002835	0.0003926	0.0009877	0.001084	0.0008849
-9.489	0.136895387	0.11274142000000001	0.070503367	0.14491338	0.001221	0.0001691	0.0004254	0.000467	0.0003811
-9.461	0.050610792	0.041681240999999994	0.0260764657	0.053562756	0.0004513	6.251e-05	0.0001573	0.0001727	0.0001409
-9.433	0.01609908	0.013235437999999999	0.008347192500000001	0.017010699999999997	0.0001432	1.985e-05	4.999e-05	5.485e-05	4.47e-05
-9.406	0.004622642	0.0036741037000000004	0.0027028219999999997	0.0046964299	3.915e-05	5.499e-06	1.417e-05	1.533e-05	1.217e-05
-9.378	0.0022531120000000003	0.0012045922	0.00274227	0.0014230501	9.891e-06	1.748e-06	6.056e-06	5.518e-06	2.846e-06
-9.350	0.005395042	0.0016994099000000001	0.00944497	0.0016568573	5.114e-06	2.302e-06	1.278e-05	9.265e-06	5.787e-07
-9.322	0.018812391999999997	0.005566581	0.033798379999999996	0.00524508	1.22e-05	7.455e-06	4.403e-05	3.11e-05	1.283e-07
-9.294	0.05829436999999999	0.017193249	0.1048674	0.01617621	3.696e-05	2.302e-05	0.0001364	9.621e-05	1.079e-07
-9.267	0.15529064000000004	0.045791570000000004	0.2794551	0.043075959999999996	9.835e-05	6.131e-05	0.0003633	0.0002563	2.508e-07
-9.239	0.35521586000000005	0.10474064	0.6390035	0.0985132	0.0002249	0.0001402	0.000831	0.0005862	5.712e-07
-9.211	0.69729748	0.20562541000000004	1.2545279999999999	0.1933944	0.0004415	0.0002753	0.001631	0.001151	1.132e-06
-9.183	1.1748738200000002	0.3465953	2.113846	0.3259092	0.000744	0.0004639	0.002749	0.001939	1.98e-06
-9.155	1.6999681	0.5014552999999999	3.0577570000000005	0.4716935	0.001076	0.0006712	0.003975	0.002804	3.259e-06
-9.127	2.1115300999999995	0.6237525	3.7957519999999993	0.5870108999999999	0.001337	0.0008345	0.004936	0.003482	5.912e-06
-9.100	2.2582242000000003	0.669565	4.045198	0.6313112	0.001428	0.0008944	0.00526	0.003711	1.385e-05
-9.072	2.0906846	0.6294425	3.703046	0.5973226000000001	0.001316	0.0008359	0.004813	0.003397	3.889e-05
-9.044	1.7159311	0.5445792999999999	2.9128679999999996	0.5279549000000001	0.001063	0.0007091	0.003782	0.002674	0.0001087
-9.016	1.3478867	0.4955735	1.978261	0.5066463000000001	0.0007921	0.0006129	0.002558	0.001819	0.0002731
-8.988	1.1995040000000001	0.5691008	1.1767140000000003	0.6242331999999999	0.0006245	0.000651	0.001498	0.00109	0.0005968
-8.961	1.386476	0.8148378000000001	0.645018	0.9339249	0.0006235	0.0008818	0.0007785	0.0006119	0.001123
-8.933	1.8701259999999997	1.2082713	0.37322679999999997	1.40752776	0.0007727	0.001279	0.0003877	0.000375	0.001817
-8.905	2.4607330000000003	1.6375951	0.27289189999999997	1.9165691	0.0009866	0.001723	0.0002194	0.0002958	0.002522
-8.877	2.8902400000000004	1.9392677000000003	0.24823192	2.27254553	0.001149	0.002036	0.0001614	0.0002819	0.003007
-8.849	2.945475	1.9807492999999996	0.23320726000000003	2.32188114	0.001168	0.002079	0.0001381	0.0002694	0.003076
-8.822	2.584161	1.7388002000000002	0.20002092999999999	2.03843797	0.001024	0.001825	0.0001151	0.0002321	0.002702
-8.794	1.9476050000000003	1.3106956000000003	0.14983892	1.53649004	0.0007718	0.001375	8.55e-05	0.0001741	0.002037
-8.766	1.2602570000000002	0.8480432999999998	0.09679159000000002	0.99425548	0.0004993	0.00089	5.511e-05	0.0001125	0.001318
-8.738	0.6998770000000001	0.47106416	0.053740794999999994	0.552331204	0.0002774	0.0004944	3.058e-05	6.249e-05	0.000732
-8.710	0.3336953	0.22462046	0.02562801	0.2632792010000001	0.0001324	0.0002357	1.459e-05	2.983e-05	0.000349
-8.682	0.1368724	0.09210102	0.010546818	0.107886853	5.491e-05	9.65e-05	6.036e-06	1.245e-05	0.0001428
-8.655	0.04951099	0.033269032999999996	0.004005033399999999	0.038503432	2.301e-05	3.413e-05	2.453e-06	5.59e-06	5.028e-05
-8.627	0.0211177	0.01396569	0.0024974981000000004	0.014242378999999998	2.294e-05	1.129e-05	2.17e-06	6.913e-06	1.562e-05
-8.599	0.02828703	0.01813023	0.005401675	0.013398976	6.491e-05	6.601e-06	5.836e-06	2.106e-05	5.735e-06
-8.571	0.0784891	0.049958199999999994	0.016247136000000002	0.033708197	0.000201	1.311e-05	1.798e-05	6.565e-05	6.637e-06
-8.543	0.21104863000000001	0.1342345	0.0439539153	0.089880148	0.000545	3.412e-05	4.874e-05	0.0001781	1.583e-05
-8.516	0.49141134	0.3126863	0.1024147214	0.20915624	0.00127	7.928e-05	0.0001136	0.0004151	3.653e-05
-8.488	0.98325024	0.6253842	0.2049105436	0.41851843000000005	0.002541	0.0001586	0.0002272	0.0008303	7.304e-05
-8.460	1.6885618999999998	1.074003	0.35183458800000006	0.7185232	0.004363	0.0002723	0.0003902	0.001426	0.0001254
-8.432	2.4887702	1.582935	0.5186293839999999	1.0591648500000002	0.006431	0.0004013	0.0005752	0.002102	0.0001848
-8.404	3.1491759999999998	2.002833	0.6560797247000001	1.3401471	0.008137	0.0005078	0.0007277	0.002659	0.0002339
-8.377	3.4192729	2.175167	0.7126615048	1.4554328	0.008837	0.0005515	0.0007903	0.002888	0.000254
-8.349	3.1885448	2.02774	0.6642732147999999	1.3568119	0.008238	0.0005141	0.0007367	0.002692	0.0002368
-8.321	2.5511453	1.622443	0.5316479599999999	1.08570358	0.006592	0.0004114	0.0005896	0.002154	0.0001895
-8.293	1.7522795	1.114435	0.36518048340000003	0.74574019	0.004528	0.0002826	0.000405	0.00148	0.0001301
-8.265	1.03311778	0.6571833	0.2152873073	0.43965263000000004	0.00267	0.0001666	0.0002388	0.0008724	7.674e-05
-8.238	0.52286994	0.3325035	0.1089702303	0.2225501	0.001351	8.432e-05	0.0001208	0.0004415	3.883e-05
-8.210	0.22711632	0.1444592	0.04733211676	0.09666298100000001	0.0005869	3.663e-05	5.249e-05	0.0001918	1.687e-05
-8.182	0.08467778499999999	0.053856549999999996	0.01764654691	0.036038543	0.0002188	1.366e-05	1.957e-05	7.151e-05	6.29e-06
-8.154	0.027098576000000003	0.017235160000000003	0.0056470434110000006	0.011533264000000001	7.002e-05	4.37e-06	6.262e-06	2.288e-05	2.013e-06
-8.126	0.0074428853	0.004733686	0.0015509739459999999	0.0031677365999999993	1.923e-05	1.2e-06	1.72e-06	6.285e-06	5.528e-07
-8.098	0.0017543192	0.001115765	0.0003656099139	0.0007465794599999999	4.533e-06	2.829e-07	4.054e-07	1.481e-06	1.303e-07
-8.071	0.00035492304999999995	0.00022571429999999995	7.395706182e-05	0.00015102988	9.17e-07	5.723e-08	8.201e-08	2.997e-07	2.636e-08
-8.043	6.1612206e-05	3.918084999999999e-05	1.283720644e-05	2.621447e-05	1.592e-07	9.935e-09	1.424e-08	5.202e-08	4.576e-09
-8.015	9.176839400000001e-06	5.836695999999999e-06	1.912562674e-06	3.9062726e-06	2.372e-08	1.48e-09	2.121e-09	7.75e-09	6.816e-10
-7.987	1.1731764000000002e-06	7.461692999999999e-07	2.4447265349999996e-07	4.992790099999999e-07	3.031e-09	1.892e-10	2.711e-10	9.907e-10	8.714e-11
-7.959	1.2867707e-07	8.184382000000001e-08	2.6817537289999997e-08	5.4762016e-08	3.325e-10	2.075e-11	2.974e-11	1.087e-10	9.557e-12
-7.932	1.2109728e-08	7.702599e-09	2.523790233e-09	5.1537573000000006e-09	3.129e-11	1.953e-12	2.799e-12	1.023e-11	8.995e-13
-7.904	9.777951800000001e-10	6.219225e-10	2.0377429300000003e-10	4.1615873999999996e-10	2.527e-12	1.577e-13	2.26e-13	8.257e-13	7.263e-14
-7.876	6.773980300000001e-11	4.308673e-11	1.4115607929999997e-11	2.8830233e-11	1.75e-13	1.092e-14	1.565e-14	5.72e-14	5.031e-15
-7.848	4.0256803e-12	2.560763e-12	8.39024182e-13	1.7134722999999999e-12	1.04e-14	6.493e-16	9.304e-16	3.4e-15	2.99e-16
-7.820	2.0458714e-13	1.301363e-13	4.2640424929999993e-14	8.707326800000001e-14	5.287e-16	3.299e-17	4.728e-17	1.728e-16	1.52e-17
-7.793	9.7420894e-15	6.196259000000001e-15	2.0302559210000002e-15	4.146673e-15	2.517e-17	1.571e-18	2.251e-18	8.227e-18	7.236e-19
-7.765	0.0	0.0	0.0	0.0	0.0	0.0	0.0	0.0	0.0
-7.737	0.0	0.0	0.0	0.0	0.0	0.0	0.0	0.0	0.0
-7.709	0.0	0.0	0.0	0.0	0.0	0.0	0.0	0.0	0.0
-7.681	0.0	0.0	0.0	0.0	0.0	0.0	0.0	0.0	0.0
-7.653	0.0	0.0	0.0	0.0	0.0	0.0	0.0	0.0	0.0
-7.626	0.0	0.0	0.0	0.0	0.0	0.0	0.0	0.0	0.0
-7.598	0.0	0.0	0.0	0.0	0.0	0.0	0.0	0.0	0.0
-7.570	0.0	0.0	0.0	0.0	0.0	0.0	0.0	0.0	0.0
-7.542	0.0	0.0	0.0	0.0	0.0	0.0	0.0	0.0	0.0
-7.514	0.0	0.0	0.0	0.0	0.0	0.0	0.0	0.0	0.0
-7.487	0.0	0.0	0.0	0.0	0.0	0.0	0.0	0.0	0.0
-7.459	0.0	0.0	0.0	0.0	0.0	0.0	0.0	0.0	0.0
-7.431	0.0	0.0	0.0	0.0	0.0	0.0	0.0	0.0	0.0
-7.403	0.0	0.0	0.0	0.0	0.0	0.0	0.0	0.0	0.0
-7.375	0.0	0.0	0.0	0.0	0.0	0.0	0.0	0.0	0.0
-7.348	0.0	0.0	0.0	0.0	0.0	0.0	0.0	0.0	0.0
-7.320	7.8205963e-17	1.6311363600000003e-16	1.4774865200000001e-15	7.522659389999998e-16	2.514e-21	2.621e-21	1.012e-23	2.052e-21	9.72e-22
-7.292	1.0948008700000002e-15	2.2837830999999996e-15	2.0680792700000002e-14	1.0532024199999999e-14	3.519e-20	3.669e-20	1.417e-22	2.873e-20	1.361e-20
-7.264	2.5807976e-14	5.3826705599999996e-14	4.875426929999999e-13	2.4830383e-13	8.295e-19	8.649e-19	3.341e-21	6.772e-19	3.208e-19
-7.236	4.8900074e-13	1.0245945440000004e-12	9.222574399999998e-12	4.69724161e-12	1.569e-17	1.643e-17	1.526e-19	1.286e-17	6.165e-18
-7.209	7.9584482e-12	1.67148004e-11	1.5007057e-10	7.64221587e-11	2.553e-16	2.677e-16	3.067e-18	2.095e-16	1.009e-16
-7.181	1.11190967e-10	2.34092202e-10	2.09447245e-09	1.06681104e-09	3.564e-15	3.746e-15	5.5e-17	2.93e-15	1.422e-15
-7.153	1.3334357999999998e-09	2.8187124399999998e-09	2.5089280599999997e-08	1.27816135e-08	4.268e-14	4.503e-14	8.696e-16	3.521e-14	1.726e-14
-7.125	1.3729261e-08	2.9179895999999997e-08	2.5785454699999997e-07	1.3131151700000003e-07	4.386e-13	4.651e-13	1.204e-14	3.634e-13	1.807e-13
-7.097	1.2140200000000002e-07	2.6002039099999996e-07	2.2738109000000003e-06	1.1584044799999997e-06	3.868e-12	4.131e-12	1.453e-13	3.225e-12	1.636e-12
-7.069	9.2224731e-07	1.9978103299999997e-06	1.7212093499999996e-05	8.7700634e-06	2.928e-11	3.158e-11	1.524e-12	2.463e-11	1.284e-11
-7.042	6.0235408e-06	1.3259741990000001e-05	0.000111899047	5.6999199499999997e-05	1.902e-10	2.082e-10	1.384e-11	1.621e-10	8.766e-11
-7.014	3.3850922999999994e-05	7.6124831e-05	0.000624181681	0.00031809208799999994	1.061e-09	1.185e-09	1.086e-10	9.203e-10	5.228e-10
-6.986	0.00016386225	0.000379538577	0.00299128496	0.00152482314	5.083e-09	5.836e-09	7.347e-10	4.519e-09	2.736e-09
-6.958	0.00068431481	0.00164949385	0.012309975699999998	0.006281626199999999	2.091e-08	2.496e-08	4.28e-09	1.925e-08	1.261e-08
-6.930	0.0024704964999999997	0.006273008229999999	0.0435788596	0.022244926200000004	7.396e-08	9.301e-08	2.145e-08	7.133e-08	5.141e-08
-6.903	0.0077304552999999995	0.020972600999999997	0.13272198299999993	0.06779689800000001	2.249e-07	3.033e-07	9.243e-08	2.31e-07	1.857e-07
-6.875	0.021035742	0.0618554223	0.34780656100000007	0.17792522200000002	5.885e-07	8.69e-07	3.422e-07	6.565e-07	5.941e-07
-6.847	0.049975357	0.161500901	0.7859210840000002	0.40303663999999995	1.327e-06	2.198e-06	1.089e-06	1.644e-06	1.681e-06
-6.819	0.10407076800000001	0.373862592	1.5341236600000003	0.7886283900000001	2.582e-06	4.918e-06	2.973e-06	3.642e-06	4.194e-06
-6.791	0.19088917	0.7662316060000001	2.5911917499999992	1.33718573	4.343e-06	9.755e-06	6.974e-06	7.147e-06	9.181e-06
-6.764	0.30944551000000003	1.3872722600000003	3.7998421000000002	1.9707815199999998	6.334e-06	1.714e-05	1.404e-05	1.243e-05	1.757e-05
-6.736	0.44430543999999994	2.2100926300000006	4.85649053	2.5351969000000003	8.034e-06	2.66e-05	2.428e-05	1.911e-05	2.926e-05
-6.708	0.56544529	3.08426037	5.42893998	2.8565433000000002	8.898e-06	3.633e-05	3.604e-05	2.59e-05	4.226e-05
-6.680	0.6366809200000001	3.7552485099999995	5.333733250000001	2.8331803	8.643e-06	4.349e-05	4.592e-05	3.081e-05	5.282e-05
-6.652	0.63236442	3.9744623	4.62246178	2.482846500000001	7.393e-06	4.542e-05	5.022e-05	3.202e-05	5.699e-05
-6.624	0.55176856	3.6448888	3.54591063	1.9261723000000002	5.59e-06	4.124e-05	4.716e-05	2.897e-05	5.299e-05
-6.597	0.421095146	2.8883597399999994	2.410841982999999	1.3253176	3.745e-06	3.245e-05	3.801e-05	2.273e-05	4.242e-05
-6.569	0.279933255	1.97431643	1.451394932	0.80660218	2.223e-06	2.207e-05	2.63e-05	1.543e-05	2.921e-05
-6.541	0.161468487	1.1631974009999997	0.772441599	0.43336594	1.167e-06	1.295e-05	1.562e-05	9.037e-06	1.729e-05
-6.513	0.080613485	0.5893200419999999	0.3618498174	0.20460343000000003	5.407e-07	6.544e-06	7.962e-06	4.562e-06	8.792e-06
-6.485	0.0347565758	0.256766387	0.14850927329999997	0.084568218	2.2e-07	2.846e-06	3.484e-06	1.983e-06	3.841e-06
-6.458	0.01291877694	0.09615828490000003	0.05322372527	0.030451479	7.826e-08	1.064e-06	1.308e-06	7.411e-07	1.441e-06
-6.430	0.00413416463	0.030928645499999997	0.016582762320000003	0.009522878	2.424e-08	3.421e-07	4.217e-07	2.381e-07	4.641e-07
-6.402	0.001137760583	0.008545009689999999	0.004475353388999999	0.00257748508	6.517e-09	9.444e-08	1.167e-07	6.572e-08	1.283e-07
-6.374	0.00026921997329999996	0.00202697476	0.0010442099449999998	0.00060268299	1.516e-09	2.239e-08	2.77e-08	1.558e-08	3.046e-08
-6.346	5.4710093260000006e-05	0.00041278754399999996	0.00021015079714000004	0.000121458623	3.044e-10	4.558e-09	5.645e-09	3.171e-09	6.204e-09
-6.319	9.550119949999997e-06	7.214027180000001e-05	3.642782378000001e-05	2.1073145400000003e-05	5.269e-11	7.965e-10	9.872e-10	5.54e-10	1.085e-09
-6.291	1.4312816749999999e-06	1.082247409e-05	5.432127533999999e-06	3.1455918500000003e-06	7.85e-12	1.195e-10	1.481e-10	8.309e-11	1.628e-10
-6.263	1.841446134e-07	1.39295693e-06	6.96514524e-07	4.0355392300000003e-07	1.006e-12	1.538e-11	1.908e-11	1.07e-11	2.096e-11
-6.235	2.033426641e-08	1.53891072e-07	7.672385883000001e-08	4.447028629999999e-08	1.107e-13	1.699e-12	2.108e-12	1.181e-12	2.315e-12
-6.207	1.9268929470000002e-09	1.4586317300000001e-08	7.257568959e-09	4.207367240000001e-09	1.047e-14	1.61e-13	1.998e-13	1.12e-13	2.195e-13
-6.180	1.5668211220000002e-10	1.1864971960000002e-09	5.894318377600002e-10	3.417652080000001e-10	8.501e-16	1.309e-14	1.625e-14	9.106e-15	1.785e-14
-6.152	1.0930358100000001e-11	8.279338989999999e-11	4.1084557469000004e-11	2.3823793299999997e-11	5.924e-17	9.136e-16	1.134e-15	6.354e-16	1.246e-15
-6.124	6.544468246999999e-13	4.957562799999999e-12	2.4607149860000004e-12	1.426627558e-12	3.547e-18	5.47e-17	6.79e-17	3.804e-17	7.458e-17
-6.096	3.377305869e-14	2.55958804e-13	1.2669209362999998e-13	7.351121850000001e-14	1.826e-19	2.824e-18	3.506e-18	1.964e-18	3.851e-18
-6.068	1.3787103789999999e-15	1.0446831030000002e-14	5.1727509646999995e-15	3.0009237000000004e-15	7.455e-21	1.153e-19	1.431e-19	8.016e-20	1.572e-19
-6.040	0.0	0.0	0.0	0.0	0.0	0.0	0.0	0.0	0.0
-6.013	0.0	0.0	0.0	0.0	0.0	0.0	0.0	0.0	0.0
-5.985	0.0	0.0	0.0	0.0	0.0	0.0	0.0	0.0	0.0
-5.957	0.0	0.0	0.0	0.0	0.0	0.0	0.0	0.0	0.0
-5.929	0.0	0.0	0.0	0.0	0.0	0.0	0.0	0.0	0.0
-5.901	0.0	0.0	0.0	0.0	0.0	0.0	0.0	0.0	0.0
-5.874	0.0	0.0	0.0	0.0	0.0	0.0	0.0	0.0	0.0
-5.846	0.0	0.0	0.0	0.0	0.0	0.0	0.0	0.0	0.0
-5.818	0.0	0.0	0.0	0.0	0.0	0.0	0.0	0.0	0.0
-5.790	0.0	0.0	0.0	0.0	0.0	0.0	0.0	0.0	0.0
-5.762	0.0	0.0	0.0	0.0	0.0	0.0	0.0	0.0	0.0
-5.735	0.0	0.0	0.0	0.0	0.0	0.0	0.0	0.0	0.0
-5.707	0.0	0.0	0.0	0.0	0.0	0.0	0.0	0.0	0.0
-5.679	0.0	0.0	0.0	0.0	0.0	0.0	0.0	0.0	0.0
-5.651	0.0	0.0	0.0	0.0	0.0	0.0	0.0	0.0	0.0
-5.623	0.0	0.0	0.0	0.0	0.0	0.0	0.0	0.0	0.0
-5.595	0.0	0.0	0.0	0.0	0.0	0.0	0.0	0.0	0.0
-5.568	0.0	0.0	0.0	0.0	0.0	0.0	0.0	0.0	0.0
-5.540	0.0	0.0	0.0	0.0	0.0	0.0	0.0	0.0	0.0
-5.512	0.0	0.0	0.0	0.0	0.0	0.0	0.0	0.0	0.0
-5.484	0.0	0.0	0.0	0.0	0.0	0.0	0.0	0.0	0.0
-5.456	0.0	0.0	0.0	0.0	0.0	0.0	0.0	0.0	0.0
-5.429	0.0	0.0	0.0	0.0	0.0	0.0	0.0	0.0	0.0
-5.401	0.0	0.0	0.0	0.0	0.0	0.0	0.0	0.0	0.0
-5.373	0.0	0.0	0.0	0.0	0.0	0.0	0.0	0.0	0.0
-5.345	0.0	0.0	0.0	0.0	0.0	0.0	0.0	0.0	0.0
-5.317	0.0	0.0	0.0	0.0	0.0	0.0	0.0	0.0	0.0
-5.290	0.0	0.0	0.0	0.0	0.0	0.0	0.0	0.0	0.0
-5.262	0.0	0.0	0.0	0.0	0.0	0.0	0.0	0.0	0.0
-5.234	0.0	0.0	0.0	0.0	0.0	0.0	0.0	0.0	0.0
-5.206	0.0	0.0	0.0	0.0	0.0	0.0	0.0	0.0	0.0
-5.178	0.0	0.0	0.0	0.0	0.0	0.0	0.0	0.0	0.0
-5.151	0.0	0.0	0.0	0.0	0.0	0.0	0.0	0.0	0.0
-5.123	0.0	0.0	0.0	0.0	0.0	0.0	0.0	0.0	0.0
-5.095	0.0	0.0	0.0	0.0	0.0	0.0	0.0	0.0	0.0
-5.067	0.0	0.0	0.0	0.0	0.0	0.0	0.0	0.0	0.0
-5.039	0.0	0.0	0.0	0.0	0.0	0.0	0.0	0.0	0.0
-5.011	0.0	0.0	0.0	0.0	0.0	0.0	0.0	0.0	0.0
-4.984	0.0	0.0	0.0	0.0	0.0	0.0	0.0	0.0	0.0
-4.956	0.0	0.0	0.0	0.0	0.0	0.0	0.0	0.0	0.0
-4.928	0.0	0.0	0.0	0.0	0.0	0.0	0.0	0.0	0.0
-4.900	0.0	0.0	0.0	0.0	0.0	0.0	0.0	0.0	0.0
-4.872	0.0	0.0	0.0	0.0	0.0	0.0	0.0	0.0	0.0
-4.845	0.0	0.0	0.0	0.0	0.0	0.0	0.0	0.0	0.0
-4.817	0.0	0.0	0.0	0.0	0.0	0.0	0.0	0.0	0.0
-4.789	0.0	0.0	0.0	0.0	0.0	0.0	0.0	0.0	0.0
-4.761	0.0	0.0	0.0	0.0	0.0	0.0	0.0	0.0	0.0
-4.733	0.0	0.0	0.0	0.0	0.0	0.0	0.0	0.0	0.0
-4.706	0.0	0.0	0.0	0.0	0.0	0.0	0.0	0.0	0.0
-4.678	0.0	0.0	0.0	0.0	0.0	0.0	0.0	0.0	0.0
-4.650	0.0	0.0	0.0	0.0	0.0	0.0	0.0	0.0	0.0
-4.622	0.0	0.0	0.0	0.0	0.0	0.0	0.0	0.0	0.0
-4.594	0.0	0.0	0.0	0.0	0.0	0.0	0.0	0.0	0.0
-4.566	0.0	0.0	0.0	0.0	0.0	0.0	0.0	0.0	0.0
-4.539	0.0	0.0	0.0	0.0	0.0	0.0	0.0	0.0	0.0
-4.511	0.0	0.0	0.0	0.0	0.0	0.0	0.0	0.0	0.0
-4.483	0.0	0.0	0.0	0.0	0.0	0.0	0.0	0.0	0.0
-4.455	0.0	0.0	0.0	0.0	0.0	0.0	0.0	0.0	0.0
-4.427	0.0	0.0	0.0	0.0	0.0	0.0	0.0	0.0	0.0
-4.400	0.0	0.0	0.0	0.0	0.0	0.0	0.0	0.0	0.0
-4.372	0.0	0.0	0.0	0.0	0.0	0.0	0.0	0.0	0.0
-4.344	0.0	0.0	0.0	0.0	0.0	0.0	0.0	0.0	0.0
-4.316	0.0	0.0	0.0	0.0	0.0	0.0	0.0	0.0	0.0
-4.288	0.0	0.0	0.0	0.0	0.0	0.0	0.0	0.0	0.0
-4.261	0.0	0.0	0.0	0.0	0.0	0.0	0.0	0.0	0.0
-4.233	0.0	0.0	0.0	0.0	0.0	0.0	0.0	0.0	0.0
-4.205	0.0	0.0	0.0	0.0	0.0	0.0	0.0	0.0	0.0
-4.177	0.0	0.0	0.0	0.0	0.0	0.0	0.0	0.0	0.0
-4.149	0.0	0.0	0.0	0.0	0.0	0.0	0.0	0.0	0.0
-4.122	0.0	0.0	0.0	0.0	0.0	0.0	0.0	0.0	0.0
-4.094	0.0	0.0	0.0	0.0	0.0	0.0	0.0	0.0	0.0
-4.066	0.0	0.0	0.0	0.0	0.0	0.0	0.0	0.0	0.0
-4.038	0.0	0.0	0.0	0.0	0.0	0.0	0.0	0.0	0.0
-4.010	0.0	0.0	0.0	0.0	0.0	0.0	0.0	0.0	0.0
-3.982	0.0	0.0	0.0	0.0	0.0	0.0	0.0	0.0	0.0
-3.955	0.0	0.0	0.0	0.0	0.0	0.0	0.0	0.0	0.0
-3.927	0.0	0.0	0.0	0.0	0.0	0.0	0.0	0.0	0.0
-3.899	0.0	0.0	0.0	0.0	0.0	0.0	0.0	0.0	0.0
-3.871	0.0	0.0	0.0	0.0	0.0	0.0	0.0	0.0	0.0
-3.843	0.0	0.0	0.0	0.0	0.0	0.0	0.0	0.0	0.0
-3.816	0.0	0.0	0.0	0.0	0.0	0.0	0.0	0.0	0.0
-3.788	0.0	0.0	0.0	0.0	0.0	0.0	0.0	0.0	0.0
-3.760	0.0	0.0	0.0	0.0	0.0	0.0	0.0	0.0	0.0
-3.732	0.0	0.0	0.0	0.0	0.0	0.0	0.0	0.0	0.0
-3.704	0.0	0.0	0.0	0.0	0.0	0.0	0.0	0.0	0.0
-3.677	0.0	0.0	0.0	0.0	0.0	0.0	0.0	0.0	0.0
-3.649	0.0	0.0	0.0	0.0	0.0	0.0	0.0	0.0	0.0
-3.621	0.0	0.0	0.0	0.0	0.0	0.0	0.0	0.0	0.0
-3.593	0.0	0.0	0.0	0.0	0.0	0.0	0.0	0.0	0.0
-3.565	0.0	0.0	0.0	0.0	0.0	0.0	0.0	0.0	0.0
-3.537	0.0	0.0	0.0	0.0	0.0	0.0	0.0	0.0	0.0
-3.510	0.0	0.0	0.0	0.0	0.0	0.0	0.0	0.0	0.0
-3.482	0.0	0.0	0.0	0.0	0.0	0.0	0.0	0.0	0.0
-3.454	0.0	0.0	0.0	0.0	0.0	0.0	0.0	0.0	0.0
-3.426	0.0	0.0	0.0	0.0	0.0	0.0	0.0	0.0	0.0
-3.398	0.0	0.0	0.0	0.0	0.0	0.0	0.0	0.0	0.0
-3.371	0.0	0.0	0.0	0.0	0.0	0.0	0.0	0.0	0.0
-3.343	0.0	0.0	0.0	0.0	0.0	0.0	0.0	0.0	0.0
-3.315	0.0	0.0	0.0	0.0	0.0	0.0	0.0	0.0	0.0
-3.287	0.0	0.0	0.0	0.0	0.0	0.0	0.0	0.0	0.0
-3.259	0.0	0.0	0.0	0.0	0.0	0.0	0.0	0.0	0.0
-3.232	0.0	0.0	0.0	0.0	0.0	0.0	0.0	0.0	0.0
-3.204	0.0	0.0	0.0	0.0	0.0	0.0	0.0	0.0	0.0
-3.176	0.0	0.0	0.0	0.0	0.0	0.0	0.0	0.0	0.0
-3.148	0.0	0.0	0.0	0.0	0.0	0.0	0.0	0.0	0.0
-3.120	0.0	0.0	0.0	0.0	0.0	0.0	0.0	0.0	0.0
-3.093	0.0	0.0	0.0	0.0	0.0	0.0	0.0	0.0	0.0
-3.065	0.0	0.0	0.0	0.0	0.0	0.0	0.0	0.0	0.0
-3.037	0.0	0.0	0.0	0.0	0.0	0.0	0.0	0.0	0.0
-3.009	0.0	0.0	0.0	0.0	0.0	0.0	0.0	0.0	0.0
-2.981	0.0	0.0	0.0	0.0	0.0	0.0	0.0	0.0	0.0
-2.953	0.0	0.0	0.0	0.0	0.0	0.0	0.0	0.0	0.0
-2.926	0.0	0.0	0.0	0.0	0.0	0.0	0.0	0.0	0.0
-2.898	0.0	0.0	0.0	0.0	0.0	0.0	0.0	0.0	0.0
-2.870	0.0	0.0	0.0	0.0	0.0	0.0	0.0	0.0	0.0
-2.842	0.0	0.0	0.0	0.0	0.0	0.0	0.0	0.0	0.0
-2.814	0.0	0.0	0.0	0.0	0.0	0.0	0.0	0.0	0.0
-2.787	0.0	0.0	0.0	0.0	0.0	0.0	0.0	0.0	0.0
-2.759	0.0	0.0	0.0	0.0	0.0	0.0	0.0	0.0	0.0
-2.731	0.0	0.0	0.0	0.0	0.0	0.0	0.0	0.0	0.0
-2.703	0.0	0.0	0.0	0.0	0.0	0.0	0.0	0.0	0.0
-2.675	0.0	0.0	0.0	0.0	0.0	0.0	0.0	0.0	0.0
-2.648	0.0	0.0	0.0	0.0	0.0	0.0	0.0	0.0	0.0
-2.620	0.0	0.0	0.0	0.0	0.0	0.0	0.0	0.0	0.0
-2.592	0.0	0.0	0.0	0.0	0.0	0.0	0.0	0.0	0.0
-2.564	0.0	0.0	0.0	0.0	0.0	0.0	0.0	0.0	0.0
-2.536	0.0	0.0	0.0	0.0	0.0	0.0	0.0	0.0	0.0
-2.509	0.0	0.0	0.0	0.0	0.0	0.0	0.0	0.0	0.0
-2.481	0.0	0.0	0.0	0.0	0.0	0.0	0.0	0.0	0.0
-2.453	0.0	0.0	0.0	0.0	0.0	0.0	0.0	0.0	0.0
-2.425	0.0	0.0	0.0	0.0	0.0	0.0	0.0	0.0	0.0
-2.397	0.0	0.0	0.0	0.0	0.0	0.0	0.0	0.0	0.0
-2.369	0.0	0.0	0.0	0.0	0.0	0.0	0.0	0.0	0.0
-2.342	0.0	0.0	0.0	0.0	0.0	0.0	0.0	0.0	0.0
-2.314	0.0	0.0	0.0	0.0	0.0	0.0	0.0	0.0	0.0
-2.286	0.0	0.0	0.0	0.0	0.0	0.0	0.0	0.0	0.0
-2.258	0.0	0.0	0.0	0.0	0.0	0.0	0.0	0.0	0.0
-2.230	0.0	0.0	0.0	0.0	0.0	0.0	0.0	0.0	0.0
-2.203	0.0	0.0	0.0	0.0	0.0	0.0	0.0	0.0	0.0
-2.175	0.0	0.0	0.0	0.0	0.0	0.0	0.0	0.0	0.0
-2.147	0.0	0.0	0.0	0.0	0.0	0.0	0.0	0.0	0.0
-2.119	0.0	0.0	0.0	0.0	0.0	0.0	0.0	0.0	0.0
-2.091	0.0	0.0	0.0	0.0	0.0	0.0	0.0	0.0	0.0
-2.064	0.0	0.0	0.0	0.0	0.0	0.0	0.0	0.0	0.0
-2.036	0.0	0.0	0.0	0.0	0.0	0.0	0.0	0.0	0.0
-2.008	0.0	0.0	0.0	0.0	0.0	0.0	0.0	0.0	0.0
-1.980	0.0	0.0	0.0	0.0	0.0	0.0	0.0	0.0	0.0
-1.952	0.0	0.0	0.0	0.0	0.0	0.0	0.0	0.0	0.0
-1.924	0.0	0.0	0.0	0.0	0.0	0.0	0.0	0.0	0.0
-1.897	0.0	0.0	0.0	0.0	0.0	0.0	0.0	0.0	0.0
-1.869	0.0	0.0	0.0	0.0	0.0	0.0	0.0	0.0	0.0
-1.841	0.0	0.0	0.0	0.0	0.0	0.0	0.0	0.0	0.0
-1.813	0.0	0.0	0.0	0.0	0.0	0.0	0.0	0.0	0.0
-1.785	0.0	0.0	0.0	0.0	0.0	0.0	0.0	0.0	0.0
-1.758	0.0	0.0	0.0	0.0	0.0	0.0	0.0	0.0	0.0
-1.730	0.0	0.0	0.0	0.0	0.0	0.0	0.0	0.0	0.0
-1.702	0.0	0.0	0.0	0.0	0.0	0.0	0.0	0.0	0.0
-1.674	0.0	0.0	0.0	0.0	0.0	0.0	0.0	0.0	0.0
-1.646	0.0	0.0	0.0	0.0	0.0	0.0	0.0	0.0	0.0
-1.619	0.0	0.0	0.0	0.0	0.0	0.0	0.0	0.0	0.0
-1.591	0.0	0.0	0.0	0.0	0.0	0.0	0.0	0.0	0.0
-1.563	0.0	0.0	0.0	0.0	0.0	0.0	0.0	0.0	0.0
-1.535	0.0	0.0	0.0	0.0	0.0	0.0	0.0	0.0	0.0
-1.507	0.0	0.0	0.0	0.0	0.0	0.0	0.0	0.0	0.0
-1.480	0.0	0.0	0.0	0.0	0.0	0.0	0.0	0.0	0.0
-1.452	0.0	0.0	0.0	0.0	0.0	0.0	0.0	0.0	0.0
-1.424	0.0	0.0	0.0	0.0	0.0	0.0	0.0	0.0	0.0
-1.396	0.0	0.0	0.0	0.0	0.0	0.0	0.0	0.0	0.0
-1.368	0.0	0.0	0.0	0.0	0.0	0.0	0.0	0.0	0.0
-1.340	0.0	0.0	0.0	0.0	0.0	0.0	0.0	0.0	0.0
-1.313	0.0	0.0	0.0	0.0	0.0	0.0	0.0	0.0	0.0
-1.285	1.5226303335999999e-15	1.9088245e-15	5.608270278999998e-16	3.131651499e-15	4.85e-16	7.762e-17	9.89e-17	1.463e-16	2.321e-17
-1.257	3.273591017e-14	4.1040053000000004e-14	1.2057919700000002e-14	6.732138325999999e-14	1.043e-14	1.669e-15	2.126e-15	3.145e-15	4.99e-16
-1.229	6.657541203000001e-13	8.346864e-13	2.4521107965999997e-13	1.3692390759999998e-12	2.12e-13	3.394e-14	4.324e-14	6.395e-14	1.015e-14
-1.201	1.1583537748000002e-11	1.4522748e-11	4.266505034e-12	2.382022591e-11	3.69e-12	5.906e-13	7.524e-13	1.113e-12	1.766e-13
-1.174	1.7292076500000003e-10	2.1669124999999996e-10	6.368772588000001e-11	3.5561126010000004e-10	5.507e-11	8.815e-12	1.123e-11	1.661e-11	2.636e-12
-1.146	2.2142573939999997e-09	2.7766939000000007e-09	8.156121514999999e-10	4.553892540000002e-09	7.053e-10	1.129e-10	1.438e-10	2.127e-10	3.375e-11
-1.118	2.4322647280000004e-08	3.0503128e-08	8.960312941999999e-09	5.0036377669999994e-08	7.749e-09	1.24e-09	1.58e-09	2.337e-09	3.708e-10
-1.090	2.2929675150000002e-07	2.8749057e-07	8.447385033e-08	4.7164863479999995e-07	7.305e-08	1.169e-08	1.49e-08	2.203e-08	3.496e-09
-1.062	1.8552968429999997e-06	2.3255991e-06	6.833317177e-07	3.814813883000001e-06	5.908e-07	9.457e-08	1.205e-07	1.782e-07	2.827e-08
-1.035	1.2873959734e-05	1.6141402e-05	4.743292126999999e-06	2.648072607e-05	4.101e-06	6.564e-07	8.363e-07	1.237e-06	1.962e-07
-1.007	7.667933751999999e-05	9.613674e-05	2.8244481479999997e-05	0.0001577124906	2.442e-05	3.91e-06	4.981e-06	7.367e-06	1.169e-06
-0.979	0.00039189390069999997	0.0004914317	0.00014437050067	0.0008060380897999999	0.0001248	1.998e-05	2.546e-05	3.765e-05	5.974e-06
-0.951	0.0017194676345999999	0.0021553868000000003	0.0006332892974000001	0.003535029501	0.0005476	8.765e-05	0.0001117	0.0001652	2.621e-05
-0.923	0.006471679919	0.008115018	0.0023835446688999997	0.013311170890000001	0.002061	0.00033	0.0004204	0.0006217	9.865e-05
-0.895	0.020911872050000002	0.026211566000000002	0.0077027495300000005	0.043004582830000006	0.00666	0.001066	0.001358	0.002009	0.0003187
-0.868	0.057984688869999995	0.07270269000000001	0.021359321381	0.1192587002	0.01847	0.002956	0.003767	0.005571	0.0008839
-0.840	0.13801041148	0.17303582	0.05084079966000001	0.283815495	0.04396	0.007037	0.008965	0.01326	0.002104
-0.812	0.28198523210000004	0.35348737999999996	0.10386582021	0.5799731698999999	0.08981	0.01438	0.01832	0.02709	0.004298
-0.784	0.49441405780000003	0.6198783000000001	0.18213115302	1.016892733	0.1575	0.02521	0.03212	0.0475	0.007537
-0.756	0.7441545406	0.9330572999999999	0.27412162139999996	1.5305661760000002	0.2371	0.03794	0.04834	0.07149	0.01134
-0.729	0.9615659737	1.2056193	0.35420924389999997	1.9773095900000002	0.3063	0.04902	0.06246	0.09237	0.01466
-0.701	1.0663147339	1.3370857	0.3927850296	2.193727756	0.3397	0.05437	0.06927	0.1024	0.01626
-0.673	1.0152454559	1.2727755999999997	0.373893162	2.0876595339999997	0.3234	0.05176	0.06594	0.09753	0.01547
-0.645	0.8295962714999999	1.0400945000000001	0.30561038420000003	1.7061537450000002	0.2642	0.0423	0.05389	0.0797	0.01265
-0.617	0.5819327918000001	0.7295297999999999	0.21434704911	1.1968157239999997	0.1854	0.02967	0.0378	0.0559	0.00887
-0.590	0.3503332369	0.43932430000000006	0.12906109045	0.7205220671	0.1116	0.01786	0.02276	0.03366	0.005341
-0.562	0.18110307750000001	0.22702522	0.06670196611	0.3724001434	0.05768	0.009232	0.01176	0.01739	0.00276
-0.534	0.08032559311	0.10069989	0.02958316302	0.16519925770000002	0.02558	0.004095	0.005217	0.007716	0.001224
-0.506	0.030578416919999997	0.038345687999999996	0.01126511288	0.06289692136	0.009741	0.001559	0.001987	0.002938	0.0004662
-0.478	0.009993369843	0.012530276	0.00368054691	0.02055231183	0.003183	0.0005095	0.0006492	0.0009601	0.0001523
-0.451	0.002803522533	0.0035140152999999998	0.0010325780781999998	0.005765014422	0.0008929	0.0001429	0.0001821	0.0002693	4.273e-05
-0.423	0.0006748349622999999	0.0008459957	0.000248703262	0.0013877605429999998	0.0002149	3.44e-05	4.383e-05	6.482e-05	1.029e-05
-0.395	0.00014025243000000001	0.00017524746	5.1883234000000005e-05	0.000287200521	4.441e-05	7.11e-06	9.06e-06	1.339e-05	2.129e-06
-0.367	3.018737e-05	3.3983947e-05	1.2466442e-05	5.394583000000001e-05	7.923e-06	1.278e-06	1.642e-06	2.374e-06	4.042e-07
-0.339	3.3225520000000004e-05	2.090543e-05	1.949066e-05	2.4549225e-05	1.479e-06	2.882e-07	4.425e-07	3.615e-07	2.057e-07
-0.311	0.00013666613	7.543582e-05	8.386470000000002e-05	7.8723423e-05	1.456e-06	4.712e-07	9.481e-07	4.888e-08	6.933e-07
-0.284	0.00054008246	0.00029679079999999996	0.00033186060000000005	0.000308364403	5.171e-06	1.772e-06	3.637e-06	1.216e-08	2.721e-06
-0.256	0.0018383579999999998	0.0010100637	0.001129661	0.00104905158	1.754e-05	6.023e-06	1.237e-05	2.393e-08	9.258e-06
-0.228	0.005371198000000001	0.0029503519999999994	0.003299571	0.00306509441	5.124e-05	1.759e-05	3.613e-05	6.848e-08	2.705e-05
-0.200	0.013465461	0.007398837000000001	0.008273920000000002	0.0076833758	0.0001285	4.412e-05	9.06e-05	1.716e-07	6.782e-05
-0.172	0.028977113999999998	0.015922391	0.01780273	0.016536107999999997	0.0002765	9.495e-05	0.000195	3.693e-07	0.0001459
-0.145	0.053539754	0.029412880000000002	0.03289526	0.030547265599999998	0.0005108	0.0001754	0.0003602	6.822e-07	0.0002696
-0.117	0.08488293000000002	0.04663826	0.05215746	0.0484447257	0.0008099	0.0002781	0.0005711	1.082e-06	0.0004275
-0.089	0.11553379999999999	0.06348349	0.0709989	0.065936419	0.001102	0.0003785	0.0007773	1.473e-06	0.0005819
-0.061	0.13500157999999998	0.07418045	0.0829556	0.07703753299999999	0.001288	0.0004423	0.0009082	1.723e-06	0.0006799
-0.033	0.13545759	0.07442756	0.0832335	0.077284594	0.001292	0.000444	0.0009112	1.741e-06	0.000682
-0.006	0.11690824	0.06423983999999999	0.0718306	0.066685279	0.001114	0.0003837	0.0007858	1.572e-06	0.000588
0.022	0.08737508	0.04799998999999999	0.05367269	0.049736016000000015	0.0008282	0.0002884	0.0005856	1.511e-06	0.0004374
0.050	0.058234560000000005	0.03197137	0.03572438	0.032892479	0.0005442	0.0001972	0.0003859	2.39e-06	0.000286
0.078	0.03854682	0.021134266999999998	0.023533039999999998	0.021240763	0.0003546	0.0001427	0.0002476	6.34e-06	0.0001772
0.106	0.032342369999999995	0.017720133	0.01951827	0.017091776	0.0003248	0.0001432	0.0002006	1.82e-05	0.0001303
0.134	0.03886749	0.02135056	0.023128440000000004	0.020255405	0.0005128	0.0002017	0.00025	4.688e-05	0.0001438
0.161	0.05371542	0.02972158	0.031614970000000006	0.02887552	0.0009829	0.0003076	0.0003863	0.0001044	0.0002051
0.189	0.07025036999999999	0.03927296	0.0408657	0.039961142	0.001773	0.0004371	0.0005865	0.0002	0.0002948
0.217	0.0813737	0.04614709	0.04664480000000001	0.04996283000000001	0.002818	0.0005561	0.0008098	0.0003289	0.0003877
0.245	0.08246619999999999	0.04762923	0.04631760000000001	0.05563371	0.003889	0.0006301	0.0009975	0.0004648	0.0004566
0.273	0.07324800000000001	0.04328610000000001	0.040074099999999994	0.055214940000000004	0.004641	0.0006375	0.001089	0.000565	0.0004793
0.300	0.05778420000000001	0.0350467	0.030611299999999998	0.049159220000000003	0.004779	0.0005821	0.001052	0.000594	0.0004497
0.328	0.0422393	0.02620166	0.0217456	0.040128660000000003	0.004244	0.0004973	0.0008999	0.0005499	0.0003849
0.356	0.032673600000000004	0.020438429	0.016896260000000003	0.03225528	0.003258	0.0004413	0.0006979	0.0004731	0.0003266
0.384	0.03387987	0.021361842	0.01853745	0.029920649999999997	0.002186	0.0004811	0.0005305	0.0004294	0.0003342
0.412	0.04878836	0.032263760999999995	0.0279416	0.0361985	0.001335	0.0006653	0.0004683	0.0004751	0.0004711
0.439	0.0772894	0.055117429	0.0447134	0.051317800000000004	0.0008456	0.0009899	0.0005495	0.0006246	0.0007794
0.467	0.1147516	0.08856622300000001	0.0662399	0.07177740000000002	0.0007096	0.001377	0.0007892	0.0008356	0.001245
0.495	0.15240959999999998	0.12640684	0.0882827	0.0912565	0.0008726	0.001693	0.001206	0.001024	0.00177
0.523	0.18092270000000005	0.15893049999999997	0.1070503	0.1036647	0.001303	0.001814	0.001836	0.001107	0.002198
0.551	0.19521539999999998	0.17734428	0.121106	0.10638210000000001	0.001989	0.001701	0.002694	0.001048	0.002379
0.578	0.1962115	0.1785424	0.13087000000000001	0.10122980000000001	0.002868	0.001424	0.003693	0.0008753	0.002266
0.606	0.18793189999999999	0.1659266	0.136064	0.0921261	0.003774	0.001107	0.004598	0.0006596	0.001932
0.634	0.17341499999999999	0.1462941	0.13440040000000003	0.08205960000000001	0.004491	0.0008498	0.005099	0.0004682	0.00153
0.662	0.15408	0.1262556	0.12372860000000001	0.072475	0.004913	0.0006867	0.005011	0.0003408	0.001204
0.690	0.13262670000000001	0.1108736	0.1056381	0.0649353	0.005202	0.0006043	0.004432	0.0002887	0.001046
0.718	0.114897	0.103765	0.08617609999999999	0.0623104	0.005748	0.0005826	0.003715	0.0003074	0.001088
0.745	0.10749310000000001	0.1061851	0.07276360000000001	0.06754469999999999	0.006914	0.0006136	0.003259	0.0003833	0.001306
0.773	0.1132034	0.1160685	0.0697929	0.0809205	0.008721	0.0006886	0.003289	0.0004972	0.001628
0.801	0.12844660000000002	0.1284723	0.0766723	0.09876109999999998	0.01076	0.0007842	0.003773	0.0006349	0.001956
0.829	0.1454151	0.1384357	0.0889796	0.1152007	0.01246	0.0008702	0.004499	0.0008019	0.002204
0.857	0.15646920000000003	0.1433453	0.10119609999999998	0.125756	0.01343	0.0009322	0.005195	0.001028	0.002323
0.884	0.1572365	0.1427698	0.1087905	0.1293637	0.01373	0.0009818	0.005624	0.00134	0.002302
0.912	0.14702680000000004	0.13667079999999998	0.10915730000000001	0.1273365	0.01359	0.001037	0.005627	0.001721	0.002151
0.940	0.1276193	0.1244	0.1016872	0.12092309999999999	0.01316	0.001095	0.005153	0.002085	0.001888
0.968	0.1022575	0.1059739	0.08761079999999999	0.10992779999999999	0.0123	0.001119	0.004281	0.0023	0.001549
0.996	0.0752257	0.0835757	0.06958659999999998	0.0938754	0.0108	0.00107	0.003203	0.002263	0.00119
1.023	0.0511637	0.0617572	0.05112559999999999	0.07398010000000001	0.008667	0.0009471	0.002156	0.001969	0.0008827
1.051	0.0342153	0.0464252	0.035889000000000004	0.053754399999999994	0.006252	0.0008181	0.001339	0.001526	0.0007081
1.079	0.027453699999999998	0.0431671	0.0271952	0.03791719999999999	0.004055	0.000821	0.0008585	0.0011	0.0007562
1.107	0.0329723	0.055736999999999995	0.027409999999999997	0.030361899999999997	0.002481	0.001148	0.0007368	0.0008466	0.001111
1.135	0.051394	0.0841417	0.0372831	0.0326782	0.001691	0.002002	0.0009301	0.0008478	0.001808
1.163	0.08057500000000001	0.1226158	0.05499200000000001	0.0435142	0.001621	0.003512	0.00134	0.001093	0.002769
1.190	0.11417	0.1597219	0.07562200000000001	0.058647899999999996	0.00207	0.005597	0.001813	0.001482	0.003766
1.218	0.142448	0.1823496	0.092273	0.0721333	0.002768	0.007868	0.002174	0.00185	0.004483
1.246	0.156098	0.1824387	0.09909799999999998	0.07865720000000001	0.003434	0.009687	0.002292	0.002034	0.004662
1.274	0.151439	0.1617292	0.09457499999999999	0.0761886	0.003867	0.01046	0.002155	0.001948	0.004256
1.302	0.13314299999999998	0.1310482	0.08279600000000001	0.0672716	0.00404	0.01001	0.001885	0.001626	0.003468
1.329	0.11220000000000001	0.10450500000000001	0.07128999999999999	0.0578166	0.004139	0.008744	0.001671	0.0012	0.002641
1.357	0.100335	0.09279169999999999	0.0670855	0.05403030000000001	0.004458	0.007422	0.001668	0.0008351	0.002092
1.385	0.10460100000000001	0.0992818	0.0732777	0.05961759999999999	0.005245	0.006753	0.001917	0.0006763	0.00199
1.413	0.12491399999999998	0.1201001	0.0882873	0.0746775	0.006594	0.007002	0.002349	0.0008355	0.002326
1.441	0.155133	0.1469986	0.107454	0.096488	0.008449	0.007927	0.002851	0.001395	0.002953
1.468	0.18626199999999998	0.17122659999999998	0.125563	0.121218	0.01063	0.008983	0.003364	0.002386	0.003661
1.496	0.20969200000000002	0.18660460000000004	0.138507	0.145118	0.01282	0.009631	0.003907	0.003728	0.004248
1.524	0.21958400000000003	0.19076899999999997	0.14386599999999997	0.16493	0.01461	0.009572	0.004518	0.005196	0.004596
1.552	0.21378600000000003	0.184558	0.140619	0.177782	0.01558	0.00882	0.005152	0.006449	0.004677
1.580	0.19372600000000004	0.17016900000000001	0.12910000000000002	0.181179	0.01553	0.007597	0.005639	0.007156	0.004513
1.607	0.1633045	0.14969900000000005	0.11087899999999999	0.173409	0.0145	0.006163	0.005753	0.00713	0.004119
1.635	0.127639	0.12463300000000001	0.08854820000000002	0.1542815	0.01265	0.004714	0.005352	0.00639	0.003507
1.663	0.0919644	0.0968174	0.0652521	0.1259735	0.01024	0.003372	0.004474	0.00515	0.002732
1.691	0.0605565	0.06895930000000002	0.043944199999999996	0.0931225	0.007593	0.002222	0.003329	0.003717	0.001912
1.719	0.0361167	0.044319000000000004	0.026787	0.06156480000000001	0.005078	0.001326	0.002191	0.002391	0.001187
1.747	0.019440489999999998	0.0255107	0.0147242	0.036103180000000006	0.003038	0.0007073	0.001274	0.001366	0.0006562
1.774	0.00977035	0.013468299999999999	0.0075448	0.018940130000000003	0.001667	0.0003374	0.0006742	0.0007039	0.0003503
1.802	0.0057066	0.00781145	0.00447257	0.009727730000000002	0.0009967	0.0001581	0.0003973	0.0003722	0.000258
1.830	0.0062053	0.007918350000000001	0.00490639	0.0070304	0.0009832	0.0001224	0.0004458	0.0003204	0.0003744
1.858	0.011088800000000003	0.01396866	0.008857460000000001	0.009744200000000001	0.00159	0.000235	0.0009039	0.0005444	0.0007231
1.886	0.020846800000000002	0.027142100000000006	0.0168097	0.0176467	0.002772	0.0005814	0.001968	0.001108	0.001338
1.913	0.035982400000000005	0.048936999999999994	0.0290732	0.0310074	0.004376	0.001338	0.003877	0.002107	0.002225
1.941	0.056643200000000005	0.0801993	0.0450973	0.049905000000000005	0.00608	0.002742	0.006743	0.003587	0.003345
1.969	0.082826	0.120499	0.063306	0.073747	0.007493	0.004998	0.01035	0.005455	0.004634
1.997	0.11484000000000001	0.16779100000000002	0.08154799999999998	0.10124799999999999	0.00838	0.008115	0.01413	0.007451	0.006025
2.025	0.15271300000000002	0.218278	0.09783299999999999	0.13020500000000002	0.008824	0.01176	0.01734	0.00922	0.007396
2.052	0.19413799999999998	0.265915	0.11077800000000002	0.15764799999999998	0.009141	0.0152	0.01946	0.01046	0.008511
2.080	0.233424	0.302904	0.11966700000000002	0.18035600000000004	0.009609	0.01758	0.02045	0.01107	0.009061
2.108	0.26332	0.322466	0.12463199999999999	0.19620399999999996	0.01024	0.01826	0.02071	0.01117	0.008868
2.136	0.279448	0.322868	0.126955	0.205505	0.01076	0.01725	0.02083	0.01099	0.008092
2.164	0.283125	0.308761	0.12851200000000004	0.210144	0.01083	0.01513	0.02132	0.01073	0.007226
2.192	0.27910399999999996	0.287905	0.13038999999999998	0.211308	0.01023	0.01269	0.02227	0.01039	0.006847
2.219	0.27021600000000007	0.265806	0.13151500000000002	0.20746499999999998	0.008958	0.01045	0.02327	0.009829	0.007302
2.247	0.25461	0.243001	0.12883499999999998	0.19500800000000001	0.007265	0.008502	0.02351	0.008916	0.00852
2.275	0.228825	0.216968	0.119482	0.17170600000000003	0.005517	0.006746	0.02237	0.007648	0.01003
2.303	0.19363000000000002	0.18679800000000002	0.103374	0.13968	0.004085	0.005151	0.01995	0.006184	0.01117
2.331	0.156839	0.15627499999999997	0.08434500000000002	0.10577599999999998	0.003285	0.003868	0.01723	0.004769	0.01145
2.358	0.13049100000000002	0.13287500000000002	0.06857700000000001	0.078531	0.003384	0.003118	0.01556	0.003651	0.0109
2.386	0.124709	0.12370299999999998	0.061698	0.06406800000000001	0.004587	0.003032	0.0157	0.00303	0.01007
2.414	0.142459	0.130921	0.06598899999999999	0.063553	0.006945	0.003558	0.01729	0.003005	0.009762
2.442	0.178127	0.15009599999999998	0.07932800000000001	0.0736	0.0102	0.004476	0.01898	0.003504	0.0105
2.470	0.22036300000000003	0.17253300000000002	0.09625700000000001	0.08904799999999999	0.01373	0.005484	0.01937	0.004264	0.01228
2.497	0.257576	0.19001600000000002	0.110802	0.10617800000000001	0.01677	0.006332	0.01792	0.00492	0.01472
2.525	0.28268899999999997	0.199189	0.119653	0.12453800000000001	0.01869	0.006941	0.01523	0.005193	0.01734
2.553	0.294611	0.202359	0.123496	0.146066	0.01937	0.007467	0.01245	0.005065	0.01977
2.581	0.295901	0.20484699999999997	0.12588500000000002	0.172086	0.01909	0.008284	0.01049	0.004792	0.02167
2.609	0.289689	0.21086	0.13045	0.20072	0.01836	0.00993	0.009573	0.00475	0.02264
2.636	0.277798	0.220762	0.13857299999999997	0.22651	0.01763	0.01306	0.009311	0.005213	0.0224
2.664	0.261046	0.230966	0.148828	0.243032	0.01712	0.01839	0.00913	0.00617	0.02099
2.692	0.239722	0.236459	0.15773500000000001	0.245939	0.01678	0.02655	0.008613	0.007295	0.01891
2.720	0.214373	0.233946	0.161329	0.234989	0.01626	0.03754	0.007669	0.008102	0.01687
2.748	0.18643099999999999	0.22410999999999998	0.157084	0.21415299999999998	0.01516	0.05012	0.006536	0.008225	0.01536
2.776	0.15958	0.21135700000000002	0.145593	0.18998500000000001	0.01336	0.06149	0.005644	0.007674	0.01435
2.803	0.139684	0.202004	0.130743	0.169459	0.01113	0.06816	0.005433	0.006875	0.01336
2.831	0.13381099999999999	0.202186	0.11852300000000002	0.15811799999999998	0.00904	0.06791	0.006179	0.006459	0.01188
2.859	0.147451	0.21594599999999997	0.114385	0.158884	0.007516	0.06135	0.007888	0.006936	0.009823
2.887	0.181147	0.24254699999999998	0.120686	0.17139800000000002	0.006645	0.05157	0.01027	0.008473	0.007576
2.915	0.22801400000000002	0.274528	0.13534200000000002	0.19213800000000003	0.006255	0.04213	0.0128	0.01084	0.005717
2.942	0.274664	0.299679	0.15254700000000002	0.215093	0.006196	0.03515	0.01478	0.01347	0.004643
2.970	0.306563	0.30684500000000003	0.165757	0.23381499999999997	0.006507	0.03088	0.01564	0.01565	0.004412
2.998	0.31527700000000003	0.293094	0.17110499999999998	0.243736	0.007369	0.02867	0.01514	0.01671	0.004863
3.026	0.30266699999999996	0.265289	0.16910099999999997	0.243672	0.00889	0.02785	0.0136	0.01633	0.005799
3.054	0.27902	0.23556600000000003	0.16339399999999998	0.23558900000000002	0.01095	0.02795	0.0118	0.01474	0.007089
3.081	0.256922	0.21512499999999998	0.15833400000000003	0.222989	0.01322	0.02836	0.01062	0.01261	0.008641
3.109	0.245134	0.20927800000000002	0.15679	0.20941200000000004	0.01534	0.02828	0.01068	0.01078	0.01036
3.137	0.24592400000000003	0.216532	0.15952799999999998	0.19805	0.01711	0.02706	0.01207	0.009905	0.01218
3.165	0.25581999999999994	0.230463	0.16548099999999996	0.19209900000000002	0.01849	0.02457	0.01443	0.01027	0.01406
3.193	0.26863	0.243208	0.172688	0.194806	0.01942	0.02124	0.01707	0.01183	0.01613
3.221	0.27910999999999997	0.249254	0.179353	0.20823299999999995	0.01983	0.01773	0.01931	0.01437	0.01865
3.248	0.28498	0.24760800000000002	0.18468600000000002	0.23126299999999997	0.01956	0.01455	0.02074	0.01747	0.02209
3.276	0.28672000000000003	0.240881	0.18866599999999997	0.25889500000000004	0.01858	0.01193	0.02134	0.02055	0.02681
3.304	0.28526999999999997	0.232013	0.191259	0.28342399999999995	0.01703	0.009854	0.02135	0.0229	0.03257
3.332	0.27969	0.22158199999999997	0.19164799999999996	0.296526	0.01513	0.008212	0.02106	0.02394	0.03813
3.360	0.26768699999999995	0.20779	0.18844799999999998	0.29346799999999995	0.01316	0.006944	0.02051	0.02353	0.04147
3.387	0.24806700000000004	0.188982	0.180484	0.27419	0.01136	0.006104	0.01957	0.02205	0.04092
3.415	0.223019	0.16655799999999998	0.16782000000000002	0.243569	0.009956	0.00593	0.01815	0.0202	0.03632
3.443	0.19866899999999998	0.145279	0.15249800000000002	0.20927400000000002	0.009138	0.006869	0.01648	0.01878	0.02919
3.471	0.18257500000000002	0.131124	0.13830699999999999	0.17919	0.008986	0.009447	0.01502	0.01847	0.02197
3.499	0.180261	0.127833	0.129288	0.159074	0.009439	0.01388	0.01418	0.01971	0.01667
3.526	0.19188	0.13446200000000003	0.127327	0.15066500000000002	0.01026	0.0196	0.01395	0.02245	0.01418
3.554	0.21089999999999998	0.145018	0.13043300000000002	0.15074500000000002	0.01107	0.02503	0.01386	0.02599	0.01416
3.582	0.22581	0.15104199999999998	0.13308	0.15200689999999997	0.01142	0.02818	0.01321	0.02899	0.01543
3.610	0.22537000000000001	0.145589	0.12912400000000002	0.14652530000000002	0.01099	0.02768	0.01159	0.02998	0.01646
3.638	0.20396	0.12671899999999997	0.11510000000000001	0.12986229999999999	0.009681	0.02364	0.009114	0.02803	0.01607
3.665	0.16479600000000003	0.0982505	0.092256	0.10335140000000001	0.007703	0.01753	0.006335	0.02333	0.01391
3.693	0.11771	0.0673449	0.0656641	0.0728815	0.005476	0.0113	0.003863	0.0171	0.01052
3.721	0.073845	0.040591300000000004	0.041154899999999994	0.0451793	0.003447	0.006334	0.002059	0.01097	0.006902
3.749	0.040493999999999995	0.0214243	0.0225835	0.024485299999999995	0.001907	0.003091	0.0009578	0.006122	0.003917
3.777	0.019336700000000002	0.009874439999999998	0.0108	0.011562020000000001	0.000922	0.001314	0.0003886	0.002963	0.001919
3.805	0.0080159	0.00396196	0.00448854	0.004743796	0.0003877	0.0004872	0.0001376	0.00124	0.0008109
3.832	0.0028794000000000003	0.00138109	0.00161634	0.0016870519999999999	0.0001413	0.0001575	4.249e-05	0.0004483	0.0002952
3.860	0.0008941399999999999	0.000417455	0.000503411	0.0005192138000000001	4.452e-05	4.443e-05	1.145e-05	0.0001397	9.252e-05
3.888	0.00023978100000000005	0.0001092145	0.00013538409999999996	0.0001380937	1.21e-05	1.092e-05	2.692e-06	3.752e-05	2.496e-05
3.916	5.5448e-05	2.4704899999999998e-05	3.14034e-05	3.169749999999999e-05	2.835e-06	2.337e-06	5.522e-07	8.676e-06	5.794e-06
3.944	1.1047599999999999e-05	4.82501e-06	6.27375e-06	6.272941e-06	5.717e-07	4.351e-07	9.873e-08	1.726e-06	1.157e-06
3.971	1.8951999999999999e-06	8.12885e-07	1.0791649999999999e-06	1.069645e-06	9.914e-08	7.037e-08	1.537e-08	2.955e-07	1.986e-07
3.999	2.79702e-07	1.18059e-07	1.5968099999999996e-07	1.5704060000000001e-07	1.478e-08	9.872e-09	2.082e-09	4.349e-08	2.932e-08
4.027	3.55055e-08	1.4769499999999999e-08	2.031617e-08	1.9838450000000003e-08	1.893e-09	1.2e-09	2.45e-10	5.504e-09	3.72e-09
4.055	3.87458e-09	1.59071e-09	2.221904e-09	2.1555630000000005e-09	2.082e-10	1.261e-10	2.502e-11	5.986e-10	4.056e-10
4.083	3.63367e-10	1.4741799999999998e-10	2.088556e-10	2.013751e-10	1.967e-11	1.146e-11	2.214e-12	5.595e-11	3.799e-11
4.110	2.927769999999999e-11	1.1752000000000001e-11	1.6856320000000002e-11	1.616862e-11	1.595e-12	8.984e-13	1.696e-13	4.494e-12	3.057e-12
4.138	2.02597e-12	8.05679e-13	1.16863e-12	1.115541e-12	1.111e-13	6.074e-14	1.123e-14	3.1e-13	2.113e-13
4.166	1.2041799999999999e-13	4.74666e-14	6.95721e-14	6.612232000000001e-14	6.636e-15	3.54e-15	6.421e-16	1.837e-14	1.254e-14
4.194	6.1780000000000006e-15	2.41084e-15	3.573065e-15	3.3810000000000003e-15	3.423e-16	1.749e-16	3.057e-17	9.408e-16	6.433e-16
4.222	2.36673e-16	8.645379999999999e-17	1.38645834e-16	1.269117e-16	1.364e-17	6.031e-18	9.378e-19	3.496e-17	2.425e-17
4.250	0.0	0.0	0.0	0.0	0.0	0.0	0.0	0.0	0.0
4.277	0.0	0.0	0.0	0.0	0.0	0.0	0.0	0.0	0.0
4.305	0.0	0.0	0.0	0.0	0.0	0.0	0.0	0.0	0.0
4.333	0.0	0.0	0.0	0.0	0.0	0.0	0.0	0.0	0.0
4.361	0.0	0.0	0.0	0.0	0.0	0.0	0.0	0.0	0.0
4.389	0.0	0.0	0.0	0.0	0.0	0.0	0.0	0.0	0.0
4.416	0.0	0.0	0.0	0.0	0.0	0.0	0.0	0.0	0.0
4.444	0.0	0.0	0.0	0.0	0.0	0.0	0.0	0.0	0.0
4.472	0.0	0.0	0.0	0.0	0.0	0.0	0.0	0.0	0.0
4.500	0.0	0.0	0.0	0.0	0.0	0.0	0.0	0.0	0.0
4.528	0.0	0.0	0.0	0.0	0.0	0.0	0.0	0.0	0.0
4.555	0.0	0.0	0.0	0.0	0.0	0.0	0.0	0.0	0.0
4.583	0.0	0.0	0.0	0.0	0.0	0.0	0.0	0.0	0.0
4.611	0.0	0.0	0.0	0.0	0.0	0.0	0.0	0.0	0.0
4.639	0.0	0.0	0.0	0.0	0.0	0.0	0.0	0.0	0.0
4.667	0.0	0.0	0.0	0.0	0.0	0.0	0.0	0.0	0.0
4.694	0.0	0.0	0.0	0.0	0.0	0.0	0.0	0.0	0.0
4.722	0.0	0.0	0.0	0.0	0.0	0.0	0.0	0.0	0.0
4.750	0.0	0.0	0.0	0.0	0.0	0.0	0.0	0.0	0.0
4.778	0.0	0.0	0.0	0.0	0.0	0.0	0.0	0.0	0.0
4.806	0.0	0.0	0.0	0.0	0.0	0.0	0.0	0.0	0.0
4.834	0.0	0.0	0.0	0.0	0.0	0.0	0.0	0.0	0.0
4.861	0.0	0.0	0.0	0.0	0.0	0.0	0.0	0.0	0.0
4.889	0.0	0.0	0.0	0.0	0.0	0.0	0.0	0.0	0.0
