Molecule	PC1	PC2	PC3	PC4	PC5	PC6	PC7	PC8	PC9	PC10	PC11	PC12	PC13	PC14	PC15	PC16	PC17	PC18	PC19	PC20	PC21	PC22	PC23	PC24	PC25	PC26	PC27	PC28	PC29	PC30	PC31	PC32
1,1,1,2-Tetrachloroethane	-2.6441266263439656	-1.917309117421419	-6.984316321196895	9.300187564259238	-7.292460601668536	8.48438454354652	-6.695269896567293	10.618326970143757	2.9225968011706405	-0.8060563817797912	6.151531588789914	-5.149305689345378	-3.616208150587713	1.728517486152756	-6.519520486332642	-4.238623861098785	3.6792799833207357	4.073516965769254	-0.0794956591033532	-3.1494617672184058	-1.991471017284711	4.977776256739134	-2.8830436256928964	5.347782135207778	3.1468210724522483	1.0629426570714349	-6.105438410722309	4.028425528699505	-3.12297011309112	0.7234600601529259	-7.484179966231321	1.4388784482715495
1,1,1,3,3,3-Hexafluoro-2-propanol	-6.125008837712035	3.615723725228134	3.0816464520828184	-7.9430380218796035	16.820445304182932	8.136983633771502	-1.7585941064297013	-1.218744642915932	-22.973819408242168	1.102598279303124	3.293653903196805	5.552661362347613	-5.1419685436097256	0.7924670075300356	-4.084492939139698	-1.6345899296654345	6.802589098704386	-0.5458756625547772	-0.1533108595811754	0.6900012333317217	-4.928064543840381	1.2027710823810225	-0.15908861464886778	-7.3470301385692895	5.705431775052663	2.143687304649032	2.774031744318568	-0.9165076748868645	-0.6485987463901696	1.8186815785087713	2.784483092769269	-2.6503134066691385
1,1,1-Trichloroethane	-1.6939844445777472	-2.754581455366051	-2.3012829960360293	9.106597499916672	-8.266619584616956	4.067455915846315	-4.939299823808604	13.039297350110783	-3.4094934859439934	0.2671658851102909	7.467468906479486	-4.6968233390878025	-2.226452652061011	1.3745188468156886	7.958724180753988	3.241940278082475	-1.5440163276116012	-3.7367165890980045	2.4683188721863787	2.4632468252938233	1.0449679487123864	-4.385553199831531	7.799994081668847	1.5750230117599162	0.31461824168722075	2.7086770968438514	0.33725351988114943	0.9636631861259621	-0.5811723754311291	-8.31263186627723	-1.8668840686737636	2.0827003153922843
1,1,1-Trifluoro-2-propanol	-3.729827395266149	-0.001622930906774666	1.106128993171725	-2.285208172795873	10.671153235159185	-0.440212088713874	2.2741554480238686	3.1433893020433996	-5.52066640386922	-0.7464181437052194	3.678384438495049	4.74395219366043	2.732859376392548	4.361116898033393	4.538289122991724	-2.715745219012612	-0.8795770526878084	-7.054945566435833	-2.659543184000081	4.7436792937238925	-0.2597891699773078	-0.3060205000180331	-0.4609283708795384	6.023436463043225	-5.381707037178173	-1.6958657843339386	3.6663661646076933	-2.3226097232195957	0.3912503179685268	3.7300810003156215	-2.4910019177557228	1.4366086292768938
1,1,2-trichloro-1,2,2-trifluoroethane	-4.057231245105924	-0.5163212154634784	0.7407844174772943	6.154148447191936	-1.276153387256087	10.319048335639021	-2.9371481067761986	9.496554040687746	0.6138977913741143	-0.4548630260452567	-8.07145152176134	-1.45979284239301	-3.6315172256261667	-4.183344963130571	0.3040527060796771	-0.596889979809341	-1.6234149154809296	-0.556022550125765	2.695176185883086	-0.503423719718968	3.6046021114999864	-7.331650538331949	8.302356033687097	-3.389670681747563	3.4048925354621584	-0.6258216193648114	2.231942564825967	-1.7945080437201237	1.1961141272388478	4.723299912076244	-1.982935662863829	-4.558720782580576
1,1,2-Trichloroethane	-2.474151989416187	-4.076065936370073	-5.581686858884927	4.334435783618159	-3.6009113582705115	5.287100622980776	0.6237250033148384	13.557163189977803	7.553180012376711	-4.974558860371108	2.2295459390070147	2.7513680599946424	-1.525503540913682	5.295143430240726	-2.648958981206535	-7.616038931106246	-6.181423651464356	6.427528088334919	-6.951516433046471	-4.235005092030239	-0.6859136326583363	4.449313874430845	-0.6553492889292849	-0.7511441930857341	0.5306513780204536	-0.8287633928474476	-4.441500953012118	2.9852211360242586	-6.7117941966092225	0.8844232360885502	0.3285901129822939	2.0614784382811306
1,1,2-Trichlorotrifluoroethane	-4.192136359828334	-1.6012312375759117	-3.223971407581978	7.368139546674263	0.8748433291577765	8.817285942325672	-4.976411607810735	11.250098529118752	-3.748843292148464	1.4570479524358664	-0.5544875188318634	-3.6025618518018105	-2.619148622326096	-0.849814238709424	-1.9817092189286565	0.8656690601574415	-4.3522293449331	6.938778675572144	1.6400285445463456	4.651697342128914	-3.8300326421477777	-2.709178595649201	6.537556597959716	-2.578507306292383	1.4147724510315944	2.957431809621321	-4.0714806111934525	3.4102458193263216	0.814493302268051	-0.7402616053675818	2.100867740159607	0.4653094777865948
1,1-Difluoroethane	-1.1560467576511713	0.9744567481258148	-5.856526703963594	-5.29606584501882	-2.704423832859017	1.3406578189074925	-4.31153664308791	-5.205075282494635	2.7343143910068424	-1.506367862988913	1.0300619633153296	1.279448102325777	5.161849576583675	0.06311741528580786	-4.8759712645585935	-2.394508229586416	5.7565448910162464	-9.510214453034571	1.7006242697139091	0.8047990349697488	2.4506192286171324	-1.4601085279021417	-2.014314003429957	4.035465197980736	-0.7207380905190406	-5.636520284014535	-1.2044795432068258	-0.07969154355987311	-0.11856922671604035	-0.9834864190471452	3.6866057136241794	0.3963833845109259
1,1-Dimethylhydrazine	0.5321275875336432	-3.1666703214409866	-1.4603739053326918	-0.5493578312360667	-6.65694802760713	-3.2202052455309245	2.7688238275572883	-2.9034523614467878	-2.1157141481355213	1.4689091781411385	-4.157686715009528	0.9921830721225116	0.6287884233542246	-0.3195396886981632	-1.3560750789564926	-3.881051565483175	-1.6144806724252871	-2.5823776809409886	-2.1181369442373734	-0.6971990610230433	1.7012463946685414	0.277099825499182	-0.47207833157887263	1.0847803372322427	-0.22322825329565643	-2.09961164459977	-1.7716986977235738	-0.09672648815283165	1.0912772942338163	0.3500825314212814	-2.2615972777183653	-1.0998473028954234
1,2-dichlorobenzene	-1.9815073894116786	2.398514422356981	1.912742621182349	9.226957491220233	0.9257530049112429	-4.476566711535824	-6.1889758133834585	-0.6231247136864321	2.085012742697132	-4.673431736707747	4.096159722987568	5.513171244284462	-5.873990211785853	-2.176783310306737	-3.0345706065621183	5.872888239934382	1.641622873792211	-1.431750026618438	-1.9331370937363492	1.514399204659039	-8.519602053172791	5.551911093445892	4.045996375135347	-9.897829078605636	-3.281281396116011	0.6123605491489159	1.006541907300433	-1.3091010622678116	-2.2808442231291113	-0.7587989069671559	-0.8028676749997812	3.0107866176232196
1,2-dichloroethene	-0.38021387716108457	0.5485929857861477	-0.586583615796227	-1.8100557394639414	-3.061859047516839	-4.626117248857008	-1.7811600316408083	-9.007531568939704	-1.5491026011789575	-6.397594623837662	-0.88556797171925	0.3994763957650008	1.1418372800449246	-4.104043327430077	-4.488916291915465	4.929800359741833	-0.09418095861643257	0.5996157430290069	-1.7490135486543852	2.466271994789213	0.3852192721649145	-2.7466962081584207	-0.42198537314670587	-1.6257463058691946	2.652183901905133	0.3451064579250706	-1.3095483040330256	0.5022311228460044	0.6227073691237275	0.5832682516056051	-3.4391995527550607	-1.3220339984460368
1,2-ethanediamine	0.014449111930074041	-2.1565923682232673	-1.7421305420783386	0.24153310358144853	-4.385220564339798	-3.226353265953257	-0.09455496452202879	1.0646876397783607	-3.896795479836713	0.7103646841358234	0.7984300413487259	-3.3421612868362485	-3.659314671767134	-2.490917258752389	2.9730243428291443	-2.3262070285378944	1.7216905619619756	0.4351890296644954	-4.386015825774752	-2.1509203726600403	1.9910603996326908	-0.28326963101459934	2.6726134963364623	-3.0927412792817823	-5.229034993066677	0.6542290984381184	1.4420967942293446	-0.8795700479960352	-1.0802878478074258	4.270812934610169	-3.5706196078048524	-2.787647469326163
1,3-Butadiene	0.024174009277331543	-3.2560661773202604	0.7105858831533228	-2.4689927487040078	3.9130338145969508	-7.882367120677568	1.6945751441987278	-1.1978166909396426	-5.752097117444106	4.827682814273535	-4.520253821840387	-6.681479839180983	-0.6582470843997644	-4.055269127036092	-2.9880095266521973	-1.4918162287931191	2.484316851809904	-2.1380048711695707	-0.3611795832709754	-0.7972588839007558	0.01476280821409316	0.6333863639633095	1.460893717910149	-0.7555582255763451	0.7285377490840216	-0.015346409451020091	-4.233007986811692	2.780397394315669	-3.4682933627564694	3.0991887801224993	-2.9885729317047045	-5.364881378442716
1,4-dichlorobenzene	-1.7448560076080175	2.9409820598805596	-1.7100525150406123	4.066415258395621	-2.159048002501966	-8.50921892639836	1.835900866628476	-4.338272809534171	14.989818439338764	0.06494247709268024	-4.10779704059204	10.539547544785304	-3.6196035756999927	-3.9857303312500565	-2.873994438612419	2.756629514960059	6.142505579694245	12.330801483762443	5.9657487491670285	1.9259611230248266	-2.644233550755191	-1.6008731736467796	0.17394490902602736	0.7668153329006105	-3.533878299590369	4.512529689782518	5.291385140739242	-1.2942339488482468	-0.42047840935680314	-0.6763553372567593	1.470680667264401	-0.4559680683790083
1,4-dioxane	-0.9717960160080205	-3.015020882532571	-5.608314714447178	-0.6353112836455717	-4.705234020762141	-3.4988307686171507	1.4313603372002628	-4.228974254816115	11.302379413987993	4.15007311802311	0.8487886095811653	6.743904356022235	1.330800792712745	4.277230683018486	-4.175082397218437	-5.7546500415546635	-1.8895115152213782	1.0587220015727645	-0.6401541534411975	1.338079877593795	-0.6740322633384576	-0.8837440605372373	3.840728540032035	1.0419749089595505	1.2729988202454536	7.644784755882705	4.566757859129433	-1.409653780933692	-1.3720021436937688	0.431146575350198	-1.3226407013181936	-0.3661750588224163
1-2-3-hexanetriol	-4.633036503577804	3.1559205416943747	-4.701821019204739	-4.895344125446999	5.832592797630207	6.125414860844011	-3.503470477340173	3.0024396615181965	-0.45360123021173093	-4.908874877248805	0.22101115959309783	2.406380102665118	1.0485373208341018	4.122163062299627	-4.815882561197504	-4.195111295535847	-3.121939805012298	5.543724828667786	0.022148709930201634	0.2140203826567114	-0.25670356537101113	0.9525154045780686	0.08951295679197199	5.743367974578196	-0.8783230509999511	-3.560358466060441	-1.4173425757002158	0.14695541815372434	3.0941047694374504	3.292394890257197	1.248522222835259	-0.8359885096716692
1-2-Benzenediol	-2.4983518864024084	-2.176675361914459	14.373672553228324	-4.44090101411665	-0.028004165971870932	-1.4207197132519145	2.14431950700027	1.1357228015429617	5.047728357364321	3.869931177348262	-10.816550670129844	-5.9087735884221	-0.6427701664354359	-4.113557925433809	-1.1567046206897384	-10.283810824615076	2.403144071891581	4.646592379185535	0.14170024678261708	11.068664863424944	-6.16446213064116	2.4528387589765197	-8.401996036294438	-1.290216968746535	-3.5898040144949195	5.324597951440818	-3.9249539831813025	3.437632756471891	0.8957774359925029	1.6111748667038568	-11.72246687598449	0.3185195941099312
1-2-butanediol	-2.8365041709034022	-1.1808638462529322	-5.2556569074386585	-3.3681903825948476	2.1108113879255295	1.204959959924177	-0.9688478628340669	0.9521993603350482	-1.30886588146339	0.6089328733759783	6.207836659465087	1.437384041359926	-2.132123640685838	4.48741118369654	0.47463163405801406	0.4902778928979286	-3.2097540929842543	1.3009679481251828	3.985287401742455	0.02046386551692669	-4.38903170341474	4.021842002905356	-1.610175246206992	-0.2582743510851743	3.637282063961486	-1.9216604598449298	-2.755084411584099	-0.2631421810055542	2.8613715473911	3.7251559599832276	-1.4243080037682254	3.04155516260321
1-2-Dimethoxyethane	-1.3340311204961244	-0.8503968027832293	-4.592275174985126	-3.0538996844990125	-2.182254046251944	-0.8085462037464238	0.6114536455694056	2.1845443800812867	1.8655214134313247	-5.407043429191947	-0.5123128393618732	1.8524720718516126	3.344201777215822	1.0244611989349977	9.840749624244602	5.366911211570318	-7.377301844888585	1.2770091409831998	0.6370041403615045	4.792783020411047	-1.419912960860883	-2.4138326688067537	0.3450132470950215	4.067484285116741	3.5755918392334043	0.9754313534777316	-3.806245377090698	2.944028531291275	-1.4861367101583633	-1.9809761964594859	-0.19449855203222396	-1.8486116256865839
1-2-ethanediol	-1.0564489048298182	-2.2159237759603987	-5.587694885052585	-3.852581088298289	-2.9830897806154106	-0.41386450278889564	-2.9807630054241887	-2.1536754418539794	0.7643349292890048	-3.1680893619159285	7.276511266675822	-0.30550564328720986	-2.7715412685075105	3.3618870894998207	-1.9059664630700712	-2.559476830871699	0.8143575569021891	1.8710961315404666	1.9827331250183255	-6.4719633147608695	-0.8384908192363829	5.302572115801203	-1.6463321667406117	1.8710562714817616	3.74263632253055	2.067945633282815	-3.0449067315997924	1.7525475508843185	-0.7961641423320344	-0.18952976625488765	-0.6945942417922075	-0.07252227730931371
1-2-heptanediol	-5.369833342141884	5.647758824548972	-7.610446232554635	-7.735526270986506	3.863398827876766	7.405647581020064	-1.548250641080967	-4.575676298772658	4.952971731011365	1.4624531959216578	-1.5154103651179949	2.368677994476937	1.884098084990809	2.9616938679849274	2.3233636820399792	2.971440088981696	-3.785901628742274	3.6382703634728517	1.4843847885981143	5.800111644847221	-2.3407781478571694	-3.1402493859372953	3.4282481011167056	-0.26668095565673994	0.6713761926444677	-4.261520121353124	1.7597738455691605	-2.3273995569529835	-0.07806426850825536	2.0914859615975083	-1.5867291206459204	2.3470891071656346
1-2-hexanediol	-4.451820994252189	4.23092076618371	-6.390734272396819	-9.202012412866317	3.0719045037375032	7.687547587635267	-1.071722060492849	-3.1893198758096806	-1.177575789732424	-1.6554986172855028	3.4185928277957256	-0.6017659566789735	-1.8577743425641475	2.2314310383028593	5.904640139463793	6.1000898484387465	-3.773749803087204	3.8507996423789037	4.801947025697086	-2.428266747611707	-0.8926702612770661	0.6177405039622792	1.5749568045672775	-1.8137161775186208	1.2156203843945417	-1.471247609748118	2.351305341633925	-1.7540657997748272	1.3173762185765927	-1.2766923058156252	-1.804942249788603	0.3619446129875559
1-2-octanediol	-5.8019808691061	7.813462267068753	-7.558873444177537	-8.53022096516004	3.6619479176655934	9.388547527883608	-4.140283594304875	-6.201305649858027	2.729750451823922	-0.598190781860894	-3.740896169876444	2.4303867402736654	1.9946625158693938	-1.3984972947862624	-1.3014589498280191	3.8374227945292567	4.132023163029226	5.265429851107184	-3.1751832668853512	5.301765113463293	-1.9327190696258778	-3.4381909114205	0.6754963119143278	0.7885722258622786	0.4358074026844359	0.418773880221775	2.919997510032356	-0.8447222162311351	-4.841464497227126	2.42762604616309	-2.748604218016333	-0.7096562950889592
1-2-pentanediol	-3.652433268072428	2.137582256199479	-6.731681013817579	-2.7048842342892825	3.3199538682195397	4.584044368761287	1.604110548722326	2.291219605600486	-4.882772458490273	3.5156279593453177	0.9486053883322673	-0.6240393372362215	-0.6783772700021933	3.2086360331770085	1.5961545736205018	1.4090188939171087	-4.005798100776211	3.3193934980065745	-1.591605176740536	1.8675397797098388	-4.802839667908263	4.610210692146442	2.2533896053495424	2.6045614671318917	-5.974596909558115	-0.5064091211161502	2.709631197376214	-2.5827439078775516	1.0225493376304542	1.7562404201334543	0.7759835227777849	4.258125513729342
1-2-propanediol	-1.7915019617243424	0.48273839275853214	-4.404679979003879	-0.25928625607297906	-2.464637675478437	1.953339179148326	-1.5917212418075268	1.681656234276777	1.3420125168158572	-2.853484501547905	2.467646906470618	-1.1236615145309554	-1.1699657456371304	3.0295697497092595	3.7641861748308276	-2.2719438793961135	0.1876144581768427	0.6456806840863051	-5.689048253602533	-3.750854264185464	0.19196933342503783	4.7091511892188676	1.450793314087047	8.436263391958088	-5.48257154669805	-1.1016399837625284	1.8218992217037369	-0.7511156656038861	-3.602739292238648	-0.25471147204429767	-0.579648814383993	-3.7747025532857292
1-3-butanediol	-1.8506504062700766	-0.38951575638510577	-0.5508868912942941	-2.8842590308878013	0.9157045228787813	-1.0709544456249371	-1.4462316023673072	0.8129046087076905	0.2500124352628787	-5.885317854174389	-3.7036437395496034	5.463702062562352	-1.4331812553022447	-0.6700289683561712	-4.723088767785342	-8.271977070726937	4.710653089789115	-0.9913578116765515	-3.9835850528554784	0.8933014537375741	0.9624713668639524	-1.7689342946308473	-2.1203237245066173	-3.211657279949932	3.4654256528897363	-1.5986282709848996	0.17587158188232027	-1.6033576193384336	1.7582145004516654	2.9901576236190803	-1.7558050747722584	-1.1146524138670995
1-4-Benzenediol	-4.383140298344473	-1.095287593353549	17.27089244086207	-7.093925581094585	-0.8781694531612233	2.962757755249606	-8.005975983026556	-11.806693974179208	-3.5827511303005455	8.875823494458	0.3722781831026983	4.210624095510994	-7.194294764099565	4.086063488816228	7.202596449382934	-8.476683382816672	-11.269152863619189	1.9360564869851407	1.9331677102131444	-6.561381977021756	9.835332488139885	-3.513507834275813	1.8262988163920033	6.13146198301188	0.5875414444252592	4.85214836527408	4.968116186415632	-2.2483295173327167	3.2369507104643804	2.071644423085369	-2.296899222409714	-2.324597869198898
1-4-butanediol	-2.3283399486095484	1.2043465840950565	-5.906232078675502	-5.109630526100075	0.5119209928924527	2.5010734549392555	-4.694040804846312	-3.395076569435868	-1.5447996607436822	-2.203511739491802	3.806219411035778	-5.995482295731334	-3.5355781000647877	0.3098831118624003	-3.4097658566546754	-1.49345103747093	2.9538973791742738	3.6360286206085495	-0.09138470112475104	-3.8955319255232466	-0.06336685963312394	3.314922369390072	0.2814334466368597	5.38495981925123	-1.1048898018186992	0.44874349033461247	-0.4818271778722424	0.40825997841858314	-2.264068783429454	-0.026439384959107637	-2.9024482785522685	0.4553403670015054
1-bromo-1,2,2,2-tetrafluoroethane	-3.081976386188826	0.38520174365225607	-4.0118422683972375	-2.107718784918476	2.7462016380797922	0.30988784846062106	2.5620907107545983	0.6174974157602248	2.028069038697504	0.7434938769683997	-0.4113916819290398	10.440289881335664	2.847657775168206	7.167665862917865	-0.9460542640012849	-6.253032766098132	-6.945131746561309	7.435757263034705	-4.3670927053472	8.270369362739054	-4.670050740885458	-0.5056422223670283	0.7603228132954565	3.0537201674545376	1.0260206278276145	1.0623681173710684	-3.141307147389066	3.203783543398285	1.344287074965287	-2.656684827989256	-2.6160501851355455	-3.5904641806632815
1-bromo-1-chloro-2,2,2-trifluoroethane	-4.219185628085049	-2.0553648296485534	2.41165492141265	0.22652234130373136	3.349138796515768	3.7080705124506266	6.37879307369786	12.057938124705432	-0.6226708711595559	-8.218999753467475	-2.165475846444604	11.353180877423691	-1.4287413807101201	2.3478943305605715	5.987839946680135	-4.691276238638299	-2.9491850916124815	-0.9006844613690238	-6.737630134190888	-0.23501967820359085	2.4465830229804126	-1.7168744103396818	-4.142121352271187	-4.15027502900611	1.4107256652945184	2.3053514189361417	1.4691794002035257	-0.8845395596767108	3.075126715763888	-3.9886839123679247	0.9758529671790146	3.3523276176556873
1-bromo-2-chloroethane	-1.0495647750657193	-3.0539547083104677	-2.355251175181701	2.0595072948622137	-5.511116949415286	-1.3322495482706302	1.784166453987978	8.25929861619639	-3.8222848277087493	-3.3713589454381165	4.393267240626452	0.8461899068774715	3.9248444350222993	2.277764417528814	-5.6743682320683035	-1.4807380640129362	-3.3797662435245677	0.0948611097214012	2.688550251849652	0.03110024645069918	3.6948304345611933	-2.6926769239294837	-4.687300683896391	-5.708056225135195	3.1516930514285892	-1.3096895942837419	-0.17189694578689724	-0.5803228253467435	-1.885134128282897	3.7316105916482116	-0.05069672667722517	0.2709264508817251
1-Bromobutane	-2.966911901520268	1.2947477262828881	-4.021030586039073	-5.946490287607737	0.36078348216106526	1.355289171970974	1.5886265761850107	-2.3715912414309943	-1.3346838016031348	-4.9253058501734	1.4110888548959002	2.0656107400650847	6.052834240218825	0.40824984169864553	2.8756722994621837	2.583049036331178	3.0600431982161536	-5.049396052928896	-2.4518086470614304	1.8298590516495592	4.166670085220809	-3.4419841231777184	-3.4945230614448737	3.824574273828908	-3.266124104572366	-0.38722139428892144	4.132442335671721	-1.350438865368772	-4.302056385952168	-6.262285751794186	0.8338281884787301	-4.059068233154404
1-bromopentane	-3.7247960159530087	1.2864974466287635	-4.838975909075199	-7.095926088855493	1.9168826983243348	4.912990300784864	-4.02671517693486	-1.0407103576824122	-9.134838567885508	-0.11802020773187431	12.20736694403723	-1.8845775938923328	-4.3763015643632865	1.4694809615391626	1.5488854351050012	3.324844676777238	5.526248121542637	-4.71378137181472	6.349182472645285	-2.5316368284557287	-1.2915794278506298	3.699486143975366	-4.9683665839317355	3.108075332438656	2.4366643387361933	1.7543188419926248	-3.2230580717967596	1.7121084772554838	5.876202535467367	-3.3611313596495513	-4.241985550824541	5.736568639594266
1-bromopropane	-1.454213109960143	0.33560102203659015	-5.310332440485423	-7.092922367307311	-1.9947434969610072	-0.10466711460916381	-0.20660665425700778	-2.392007227155653	-2.5035201758098258	-5.697205080481997	-1.1074007506015369	-1.5911641998859973	0.8403781355600481	-0.623086417392871	3.040818482024329	1.4142261129571776	1.0153990712064687	-0.43090631113817074	-1.0508412640396083	-4.707783926305515	1.6207549964777717	1.336880125771743	0.8385314945330642	-1.9492538938247106	0.011922100736150078	2.015546168275586	0.7489193999012612	-0.8492083963311989	-3.363813752986168	-2.8724162987619315	1.6651193002478488	1.1127367092898823
1-butene	0.14143404018722325	0.17327129103344444	-3.3775070632315862	-3.7254621351586543	-3.472420349431341	-5.030397182397665	-0.42432503802358273	0.19218251085726681	0.99888861177719	-5.748897811194834	-3.378685319438483	1.5688203381957513	1.6332009755281824	-0.23672442018233306	8.296375007414223	1.755648036510496	-4.058387884879587	-1.5948956607239104	-0.25559323704413683	3.7137224177415646	-1.052842100746899	-1.8715963659787243	2.2980198649429013	-0.45547202298333817	1.659688424162237	-1.7180765107549867	-0.8190348744989908	-1.1000274357892301	1.2087433633450047	2.339179576222549	0.07599217702889133	0.5193885426102659
1-chloro-2,2,2-trifluoroethane	-3.8227598800678715	-1.4820483243704143	-1.5176634724548215	-3.817061723867098	10.065811342646322	3.886708901906915	5.662154886659665	-3.6777975953842095	-12.375352865734394	4.394238596103512	1.0221389981844824	-4.519894993929989	2.8435180706682144	-0.3078578610817849	-4.753273086088038	2.303277630426063	-0.4788049612272063	2.670491723379755	-0.29953953584798587	-1.8480853165927384	0.06980792827373641	2.273559421425251	-3.3197912196490913	-0.6475558619977003	-6.559177424907525	1.8813469848227198	5.170751154867579	-1.1973181368512944	-4.843818355368593	-1.7729285498053309	-0.025240359147348363	-1.9018955431916693
1-chloro-2,2,2-trifluoroethyl_difluoromethyl_ether	-6.532267748409956	3.6027411444397144	1.048149340147426	-3.03950500967579	13.9983512341615	12.180333726491874	-0.2653466578466726	3.5323628571879295	-11.991604570261797	-4.337727890103691	-10.022670809299527	-0.5463613083925423	-3.230465926372907	-2.0439962026690313	4.789222718733207	2.795854649037557	-4.10639835171357	8.581782905874078	-2.4385063770284803	0.22708036775375487	-4.642036558083017	1.795057229229602	1.134319896119251	-0.14354284249092233	3.3910092710559314	-0.642870394092827	-0.9258324685553637	0.8818188291713881	-3.0151473199420904	0.34526900016780687	3.376045499029138	-3.5504442387477564
1-chloropentane	-4.186320626576532	-1.8341221498014246	-5.741880023288304	-2.42130883575235	1.4692932442315323	12.996765483450686	7.231060910256628	-3.8860809911003975	3.7162493268793515	6.957031524817789	-12.14226688883095	-2.534178431468058	-0.9634706827438543	-4.265970873060355	-7.885069119553818	-1.3660625692927624	0.9378242229789838	-3.528330570455428	-0.08893612668800656	-9.130122794964835	1.8261452685515858	4.702887457588583	-3.108984091873067	-0.10491130225302077	-0.13201668600453328	-4.262518750268001	-1.2522733200947302	-0.4889048268321789	-1.6098924698593795	0.9444395562800922	-0.4588807077372735	3.307036765397764
1-chloropropane	-1.7035448601635192	0.307404396174653	-7.940780928513213	-4.205381941427478	-3.6539257967744225	0.7303459965445063	0.8412773530699165	0.054586019501712484	2.0401962471789923	-0.942680659014186	1.873346350785037	-2.9265943681442295	0.9273993692810624	-1.2172646842532169	6.780239193353318	6.563508773708556	-0.23744955759394934	-0.12730205036275413	0.5870886709308544	0.45158858459680434	-1.6589138965651904	2.2661849360931954	-3.903689866018751	2.1506704222023596	-1.106412671229611	-0.06656516147597707	-1.984034361082509	0.7942503909003129	-0.03649990655627734	2.4787424960840565	-3.2473296006412506	0.9627299772470149
1-hexene	-1.2824208801444539	0.5878928587611573	-4.500117642752939	-5.536469886869371	2.3639136501749527	-5.316518068031579	-5.180306744185587	-8.918879002079274	7.351159400997818	-4.724009992478335	0.7405014894482583	-2.0963975936149803	4.581516313652684	0.5935401444291988	-5.464543948882008	-1.9260352517932111	1.2268829128042191	0.491321975391187	4.003949952204323	1.8655962385726974	2.5430169192564285	-4.288798791654565	3.385695158655586	3.859091150754757	-0.4924178964616824	2.267999056323664	6.242378667228557	-3.852310236079843	-2.0319397880363588	2.58933711116519	-0.8055383515723143	0.7632826896012481
1-hexyne	-1.933636328540953	0.9192705125541659	-4.908149384218962	-3.6539272071347613	-1.5781399435541	-1.1796477110572143	1.7465860837537808	-3.4404986566770166	2.4874953517968437	-1.8594670396615132	-2.3067155767311838	-2.2127458586260325	3.0070820420191615	-3.600868561069818	3.760953481688403	6.822777817603881	-0.4717982788050232	3.692263267939815	-1.4635036870933942	5.140217468880719	0.6667669834249417	-4.210725646298297	-1.948769551886787	3.952084724190063	-0.914832496570237	3.7094445226084645	3.219778656252092	-0.41046609920484933	-3.3757245480553317	1.2391891779601758	-3.0844399773285724	-2.259942549167094
1-methylthymine	-2.4220836035759494	-0.9951942105912928	11.913271237901832	-0.2032874602767571	-12.90650495850751	6.1953018581768955	-16.980486275684584	-7.688091266011768	-10.966662828779757	21.928303309025953	-2.522846122600774	-1.1714821331753045	-12.862758561044954	-4.815125993574773	4.928974059113826	-5.729898778819966	-6.957375675824318	0.5165804649893521	-10.066748746863315	1.9283182484996444	8.778400056290735	-8.09181148172354	-3.201727447626445	2.0380814688349997	3.2237170139782774	1.7829687944990766	0.5885137656951236	0.2942121415796716	-2.5567235755808086	-1.5332550397190914	2.390674789873955	4.264536901439388
1-nitrobutane	-2.6803437795782865	0.6315181286267846	-2.8949585861118994	-0.7435724611315662	5.5867376299374145	-2.0636659354591798	-9.651421612900752	9.306606906531332	15.413624048197939	-5.164152221195426	2.0840937179881567	-4.244832973781244	-0.5701076254118533	-3.9628783407075647	-0.5713596413881606	-5.257969180051036	7.053438997867251	-4.709168512149881	-7.825737799115289	0.9272179681218544	2.0572856567744098	-0.37430580100015837	-4.523790650913715	1.758508928379558	-2.0384243299735956	5.327723718391579	0.7310150117286819	1.216029618101797	4.216400661877153	2.4821644457567373	1.516910238337242	-6.186738966650549
1-nitropropane	-2.50071563676527	-2.3891643952256976	-2.6463482381283185	-0.46111138284569064	8.135455407647433	0.4866011288164531	-2.3002117896419456	6.2624490993684905	6.336187304245456	4.550202713604131	-5.614170849942667	-13.778567243185487	0.6597356785096322	-4.294246642509181	6.974251156390484e-05	-2.68734649249952	-2.9606131162502947	0.19728877927970084	-4.2643513019541786	0.6299445010903437	-0.5495348613981205	2.507370284360569	-4.080493490261763	-2.516140092158912	-3.1519324196845466	0.19190907590279563	-3.924779290130125	2.9814390942770297	7.051700632251799	-8.34033801872355	5.1921031148055965	-2.264953838808927
1-pentene	-0.3552820283972665	0.6741986735074477	-5.472435188460894	-3.3190283398157776	0.6990285393591696	-4.417152577850951	-3.825935840614349	-4.3591177618845585	-0.8729873439221192	-2.3809166102162265	-5.033942105132299	-4.46074838732983	2.8867513069877697	-2.263758738540767	-4.045152242745325	-2.582551717916828	4.4852277373398595	3.6876276320616626	-2.3384228979259443	2.9435202612736746	-3.7715030704642514	1.1706621650308884	1.9473044833128823	-1.0729574334563359	-0.6333639240026667	2.9745977859032586	-0.12611302577286107	-0.19493147849248105	-2.330335147690044	-1.2384892649547066	2.8459610502558434	4.921735976261893
1-pentyne	-1.139174482807408	-0.7666481832797624	-6.570379711904871	-6.667850184957982	-0.7556148564264376	-2.5310753303139335	2.118255481140562	-4.96442190422264	-0.6831319514442754	-0.3450194027157787	-1.646960054082586	-5.309734650004515	2.4964758338097552	-1.0096195276764417	-1.4154394850717071	1.1798064345015826	-1.9351369451265859	2.6366102431440983	1.872602230407245	-0.4032141184166696	0.3406976299491828	0.46039036970788677	0.01303738330650449	-2.0910786605390506	-2.631997138086244	0.07328666160327565	-1.847677489341312	0.3485711692075865	1.2451240850520888	-2.179682888496736	-0.7719534196165816	5.4737083431254545
1-propanethiol	-0.008821507040170191	-3.308848957290557	-1.0931598080141043	2.1226701077100407	-1.799760182059012	-4.867453919790234	1.0380146385182765	0.7836174389644328	-3.5916109361777595	-1.079124905836879	-2.3629134199417337	2.3736681502061505	3.169375310788056	1.8937707794284706	3.4080069176358934	-0.7391833746923137	-2.633083773705188	-1.3331348858786125	-3.328415771400877	1.6908203884623414	-2.6807313916328126	2.228589762902581	-0.1711530589611852	1.319798820281112	0.7863615363184748	1.5804387753822575	0.8193778522533637	-0.9119527792910652	-1.9295313059272239	-3.236870207547101	4.650519780937647	2.432036722864175
2,2,2-trifluoroethanol	3.6037239471636444	-4.098981693407082	-1.7776101269042923	-0.14489313143094973	-9.150040334079296	-9.664605617127492	-0.7895056559423932	-1.7544455663195633	-1.2846314708605726	-2.4506055758465854	-2.9893082444367867	-3.834744188059781	-0.39307422370135725	-1.7614542885713058	0.2721665047692685	-2.874481671579621	-1.1570210215749384	-0.7730130457912473	0.05009561209364483	0.47884370300832857	-2.0991087039824707	2.2162757249041984	0.7347872390371694	-0.10191439426795795	1.2699391517846819	0.0438264967713883	-0.9913284099774813	-0.910730219832255	0.008910052476202824	1.700425838777941	2.1434648939065473	0.1520775955555639
2,2,3-Trichlorobiphenyl	-7.032532725233539	3.280687416382428	8.657665589235005	8.144479860082523	13.173799784006938	3.8276116600502297	-16.302143798588943	-5.896972551447921	14.100566864709384	-2.214897464653175	3.824975626992836	0.9223127526245847	-5.718390138920678	-3.212204382407803	7.962603805057975	5.941009558493345	-0.07910726311547289	-2.0513106589651144	-3.6734806792438657	-7.966850580109766	1.614583665726866	3.697852503981221	-6.373227407439147	-5.020243773366891	-0.30385609069674974	-5.416550779005768	-3.119258158045707	2.217270123448186	-6.118849636796687	-1.1199188225815364	0.28594389096057987	0.9291146010324253
2,2,4-trimethylpentane	-5.4341303884445855	4.3928062178705725	-2.5645057217203604	-0.8769124360719098	4.237104751643274	10.775766620155462	-10.488412669691197	8.13385451444925	-1.1447597564878618	-10.81728335973276	1.3014397731637486	-4.361600982172158	-4.264162562019262	-0.8233333954176958	-4.517447667628515	-3.7912148658327283	1.3616222403051628	4.362228741365805	2.375652256190067	-3.441443119622932	4.7656056801085525	-3.163146330135762	3.9033682300495793	2.4029184696998236	-3.2492251552534346	-1.9484628856196398	2.404813068097881	-2.0009631626254127	4.2086908307296005	-0.6151972202550454	2.7631267859877813	1.5196756556037574
2,2-dichlorobiphenyl	-5.124530098579907	3.536532287158795	7.324133007032149	2.5879440659851665	10.428278062020734	0.09822013151848712	-8.330400644796761	-0.8419264864565762	10.220437012160419	-9.932824069164862	0.12614443184736265	1.379310134707466	-6.582780344040093	-5.245591884743279	3.4416611095709717	7.3421040773812996	-1.620416849356724	-9.123763745001996	-0.06438395134731974	-7.11654405490599	2.8893832071365693	-0.26406173409838	10.062394306710601	-2.2036919707516467	-1.2485298679210666	3.931301415880301	-0.1769084537888047	1.696219116176791	-6.217452075083874	-1.5055125863083452	-2.838752061971681	-2.953380326033855
2,2-dichloroethenyl_dimethyl_phosphate	-4.265273345616757	4.032999299591625	0.6024464466423918	-1.7858449084233763	6.638828554330014	7.787886528873057	-2.0159149493883457	-4.720899236779937	-2.467214976759255	-11.392346018442094	-11.426604949770866	-0.25326780793083764	7.66150697154143	-4.202128820787254	-3.8007389470222708	3.710926461901387	-3.2932526253410046	-0.5208469944140486	-0.5523115783300333	-1.5785513430300846	3.818705900343964	-3.609811586384117	4.133212163390911	1.9017933708743235	-0.29517049526483674	-0.13317971155665298	-0.07295873278261485	-0.5201040961280811	6.256409737647165	-0.5549191585615639	3.5061990046931135	4.713158646171182
2,2-dimethylpropane	-4.815935351101711	-1.529077895420105	-12.96133749865844	-4.574639095055209	-8.347748505633671	15.440480707668812	9.386438638761193	-4.642023754242335	14.329746033173379	14.230266922854186	-2.0586273492354548	11.045619033476804	3.351030317565147	2.777505636104312	-5.260362207627458	0.48744751793445984	-2.0964042775470944	-7.507532368574272	-0.8022892585195913	-6.955268695923887	1.8600791742422202	2.9916403256327153	-0.35737696789701984	-1.5042109654701528	-1.2048769640343735	2.8842319354614907	0.9792231718631301	1.5401685288894666	-0.763638930608432	0.3935512971703053	4.91020354578375	-5.017437898650974
2,3-dichlorobiphenyl	-4.6745087521928745	-0.8488015346892666	4.3562456638125315	8.04033264290965	9.053781389421257	2.68087499492529	-8.453236707716725	0.11916354763249627	7.610246176025304	5.471119503288124	1.8622178199306958	-2.427067650731559	-2.5536416077751984	-0.3961410786568441	-4.502094159724274	4.614687617209467	-4.3255370530662365	-1.209323509994685	1.0358944091294617	-0.2220512281191775	-5.424114512079434	5.922326237750041	-5.4617431068711495	3.515435241428623	6.576240448543989	2.4344166680751615	1.7325474777008147	-0.043781910026123576	-2.9719042364154356	0.9065045613755411	5.355712718329695	-7.939595892860718
2,4,5-Trichlorophenol	-2.5298900339568773	-1.7328904063055792	0.43109986624843377	-0.7730648136687011	8.252288361601662	-4.1941546773441205	-0.29469295016266356	3.319361168866701	5.2071512803229885	2.4357180488007946	-3.67355310869536	-10.310563895338754	2.0273584938990465	-2.8094733347373313	4.231928033616723	5.0961741308822	-8.577080442196298	3.7719893042886397	2.9226865196401857	2.667206894755663	-0.260224075877649	-0.7952193712186422	-2.752905949412397	-0.689498237117705	-1.1543527433662721	3.1784278949661053	3.889431774363339	-2.0625834998352794	3.0092935951826396	2.5372862805032494	2.8820980107908327	-0.263035953256754
2,4,5-Trichlorophenoxyacetic_acid	89.42236913555314	-0.44632998596812384	2.5458818214620016	0.27986545869738716	7.093311646091209	8.141075379324336	-2.8578190416638956	0.05280107603637821	1.9200440101649638	-0.025153537358251835	-8.60980523816383	-0.4661044138337403	-9.081626392947951	23.280901711312385	-2.6420234997649623	11.663384457262278	6.401181364333407	0.48151408060019674	0.31573196921161517	7.55219716834614	13.067599072497948	1.892417015803009	-2.5827238517724735	-3.0363109809534023	-4.820499953570984	7.001537001197327	-8.281215488289162	-3.670588826554275	-0.4499908559400492	2.353371256133964	1.9130751105208297	0.22583311004125586
2,4-dichlorophenyl_thiophosphate	-1.7320963731980514	97.6979453231569	2.990517995184527	8.787886516902553	-4.5148336675981415	-8.192622923124791	7.289091662262611	-0.019933260944378303	-1.3280774791486882	2.030280434111867	0.5404324217954847	-4.316507335638255	0.7486085744769291	3.596586033743656	-0.6115564490271218	-4.12616729477387	-3.525205214067228	-2.902572669490733	0.6361437990620554	0.08644917730167072	2.080501991816536	2.5157745544229506	-0.9375170193813053	-1.6126918860216801	1.367450355989468	1.5049252819550059	-0.7319801215695716	1.1145298328087727	-0.6280241577776772	-0.14511571714818236	0.2503847537980828	-0.2941375417056704
2,4-dimethylpentane	-4.435131599625821	2.2995308634248954	-3.42637331248973	6.053966589203074	2.336199795491798	9.607651040356663	-5.119642315245713	5.871945159512778	0.6859044316210051	-0.5838905080394245	-5.251436253779118	0.2795262333637366	2.4515552527015467	-1.1342122642144536	-6.9357893740440195	-6.561535696518633	9.794846587966267	-4.58099510043475	-6.723950606936621	4.274466980701624	-0.522290429814795	-2.4551631808491408	3.2538874585975	-0.42877998541877405	-4.682536756005103	-5.688426305388904	2.6710967842675	-2.4395449387098154	-2.3775104095257507	-3.68265524202791	2.1586310691159825	1.4720089829074374
2,4-dimethylpyridine	-2.8105193621307967	-1.8199476102655945	5.519409311372261	10.49059832456847	0.07878435709213136	-1.8598927170805502	3.868214334777091	-2.51482163086687	-1.4059828924986408	-1.0801644821743885	-1.7423361792748304	11.490307205078533	-1.4715757668713711	-0.08513261701586022	-6.899196642013333	-2.770158309472414	3.3075543062050756	4.422812785208941	-2.395038727473577	1.0608518798014084	-1.4983584376261112	0.09030907547111588	-0.1085463092636167	-1.4128731931488647	-1.950694498764469	1.4258065345591326	-0.4145845186265719	0.7729069115213509	7.534263100833689	-5.200252343948917	-3.1661776909079755	-2.9909256008069005
2,5-dimethylpyridine	-2.4531039857564982	-2.179032447410575	0.610434337454281	0.3214010150386664	0.4284082721116615	-5.405045463800463	4.916621663156268	3.167562067000114	0.6945247945481221	6.428627990772068	1.528643167425965	6.675147066018654	-3.5331342194645767	4.25987290852557	-0.5107002029249526	-3.8001963753022716	0.6883635825851375	4.361435448527953	-0.30249066848095424	0.05317735208547049	-0.10059524499198515	-0.8262225071762687	5.140587418645286	7.3597545316486	4.090785237929272	1.1735655082245564	-4.771397081302471	2.8864758468488216	-0.8964270655560603	0.22244461595851783	-0.10238745347784703	2.3215723723260577
2,6-dichlorobenzonitrile	-2.8947739848770317	1.7444534352396521	-5.609282747362381	-2.689984162420289	5.919410764114856	-2.1385200155426194	-10.789058251401132	0.06880212720231292	11.380836770870195	2.2045013974444814	1.4339351748792344	-8.792915336497801	-1.7286272622612469	-0.49727321012046677	1.0160551189989613	0.4561107210111544	-0.12794614134804386	3.24100309867241	0.5308099587958008	1.3261319022466216	-5.016850170340504	2.9636447185307127	2.7775772423092793	-0.7200626135639897	2.3770549003946466	6.469181800457783	3.30812094313395	-2.2458700171147226	2.1175849248889107	2.6665649973774386	3.5572608092728504	1.1857555512558475
2,6-dichlorothiobenzamide	-3.6621322799224494	1.8699779874716773	52.50455554038655	-32.168007820681844	-22.63057105831758	10.126210876657728	-9.037226181514207	5.508694443181259	1.9366708420980174	-3.744845671064895	3.2306139679651777	1.862257776830617	6.1135551340638905	2.5659200164543345	-7.25569602411358	1.8949299858395263	-2.936464181062674	-3.4050812103444246	5.317139437492694	3.4623513715671095	-7.275610801959785	5.428436589016794	3.215646461649979	-1.5704910737934101	-8.693243739944787	0.019153891245757646	-1.2221822608720057	2.0188059484565093	-3.5396673794881788	-1.565674344215538	2.9160955203369294	-0.9033149173129347
2,6-dimethylpyridine	-3.287888267582117	-2.0385430646563245	4.2230447660069474	10.03708177898619	1.8672974411066037	-3.9177758164037564	3.4976702838103875	-0.33478833425818477	5.950247267181947	-0.4492332205286679	4.936556542088389	13.526731535657063	-3.739187601203868	4.773274523358212	-1.886160977583025	1.044829187200773	-6.155770718619552	-0.05884555256432613	-2.6404055694177337	2.0117196941642725	-4.485628351124442	3.743356762597718	2.3037700804335364	-0.3023978823627803	-4.393755003333686	1.0244661569665403	2.3872105299972564	-1.5917064634321183	0.6138305280350965	-2.580554398455711	-1.5776729836467136	4.123725209584036
2-3-4-Trihydroxybenz	-5.159937255883305	-5.7173169630180265	11.959651635476577	5.071732629566265	2.110702416751359	10.81786306129257	27.672567000458187	-18.929835706443534	10.26631665858046	-6.303652873911316	24.21271029599548	-17.743551906338855	-13.181609983208704	4.030906221911576	-2.862309134718129	-1.4093558458751787	1.099804958997229	2.6817706637616867	-10.487872144189348	7.516224439534926	1.4976180090028899	-7.590785244653864	6.142103438992262	-0.9874583869477963	1.4865595513993912	-5.702721399529095	-1.3914821340603547	1.273464018478357	2.39000088871765	0.4929102765452107	4.1596507269300504	-2.1485474422328252
2-3-butanediol	-2.531899617048165	-1.755476778162844	-5.7126766693995465	-2.3562404784502657	0.7715526720812498	1.4877140428633606	-0.4569548964861504	1.0060226039142814	4.387551271314825	2.0673955632809884	5.540373556900289	0.5892957848850696	-2.01325839840655	6.044268249300903	1.5797842498277952	-2.446049615643281	-4.8520497842835795	-1.4344207584735185	2.1350550079261357	-2.060913900582629	-1.928518842822891	3.4751171825880425	3.510780166790562	1.4076157665857363	0.000914930419080657	-1.9221130957192032	1.4484583245157125	-2.4507503805850184	-0.5318998340526002	4.729836708555259	-3.339067058845597	1.8330955048182767
2-bromopropane	-1.703928023492007	-1.422724661387518	-6.1135466658624615	-7.808630229928877	-0.3387968648313213	-0.6407432457402005	1.850246183155276	-5.374793163431652	-0.4276508573771184	-2.7460229200234885	3.8537458698576748	1.9169193188310893	2.532661826254836	-0.5454733069162007	-1.767606774012234	0.6408533638481237	3.0879855128462697	2.417422962647146	1.7623426281253178	-3.3937423432180296	1.1834463196136438	-0.9614740612567303	-1.6136818546756482	-8.184580467335577	2.9763158238279335	7.3266614112698285	-0.5049256518313058	3.0223210007049834	-1.7165645305020922	-4.942421915566523	2.5571530693383906	-1.5728140818840797
2-butanone	-1.2243428685326059	-2.226362148796767	2.115043596446126	-2.132650492126491	1.5903781372195822	-9.58683481690666	6.677449356638739	3.7879527008436615	-1.836575343934745	2.1753679611902172	-0.2703250748392687	3.27377378123483	-1.4936837879922669	1.424517043833476	6.078090915517384	-0.3608513221763271	1.2342489962117777	-1.7646215011238624	-0.7305057094876317	-5.264356141402455	4.277931128247131	-0.6011355581025344	7.618238722918935	7.470367384939835	-1.0605116910711463	2.746293171169482	-1.3189918195193888	1.0512878544856206	-3.3360766066828704	2.5295512459432916	0.8393837466069598	-1.465917937365521
2-chlorobutane	-2.8003808340018828	1.9534443528915226	-5.626201339575261	-5.2300202817617825	-0.3198569214264226	1.8204954371937965	-4.0432344977310715	0.5436847369552441	-5.22450626827093	-5.192564010107313	8.198110402085682	2.8080554503072372	-0.2243398689367283	-0.6570550727661152	0.9881485811371229	2.5625918581961336	7.998850739126012	-4.592166645670236	-0.736209511747433	-0.12260633236436526	-0.29967086410355276	1.3564618728593614	-5.179975299429564	1.607681049445941	-0.4159078705836593	3.282330537160091	0.5218787900481306	0.28721212364060744	-0.14228662338797957	1.7110478320714575	1.4688567285881198	-0.5671347396619225
2-chloropentane	-3.622064568401286	-1.1306180422895853	-5.9871937693819905	-1.1089718831745214	-1.6787851217593959	7.166961332783249	1.4410014601063819	1.2730551790318403	1.9647954025901933	7.812954354653688	2.8635013970952063	8.01716546040758	-1.64577487582409	3.55522926033651	-1.5314909126966822	0.917288643367671	-3.428986904582403	-6.147432967854673	4.602631937885641	1.8890374541979205	-3.2475990359304054	0.45318716163898787	0.621141780862943	-3.3192518690892547	4.31998452709531	-2.215640957057566	1.0174868189974877	-2.3318157406719204	3.4817283491145243	4.630827427026124	0.8415636333455374	1.6786535120650625
2-chloropropane	-2.4246334506896194	0.45073202954870145	-7.262388251669459	-3.744530167689649	-2.3600461312976857	1.9764854059521597	5.653285449683838	-1.072076000117631	0.3223670923533228	1.0918501058015504	-3.5545324324697853	-1.347414185131684	4.709588671492617	-0.9295610150640639	6.754239008081949	7.189023216233889	-3.5106354421948653	2.1264682671202526	-2.1173714961764962	4.548232188409443	-1.6765360656674573	-0.49197806202380456	-3.035641176394265	1.4353713425694368	-2.1288395858111264	-1.1356108291166356	-1.333016258298355	1.1634914091398938	-1.5982852382430197	-3.1727673952461815	-0.22128365729267355	-0.8425683142756688
2-Chlorotoluene	-2.3143586154884157	-3.4845024129316453	6.136502141128955	13.921170203012252	1.7264217481707191	0.45593669601727244	-1.9675715224908306	-9.466871898813872	-5.629326150538311	-4.284217087766777	-0.8599135339051195	-1.4230028422582441	7.479741964361973	0.10227280500518028	-4.922634416137466	4.845148431069168	-1.02626487894895	-2.8003758270183967	-5.055811466059342	0.10540820166096275	-2.3859756554735996	2.8385221352039407	5.45463766801797	7.759055775405922	-0.37140750586025933	5.79317797544255	-0.5717274591291015	0.24329824700469188	4.060901584081529	0.7015124814596357	-1.2035130764077364	-0.8718561995680694
2-Ethylphenol	-2.1617966645843474	-3.2465414104531565	3.9674453374697745	3.3191968137589813	5.172745433063567	-5.173876415295397	2.2517009860680544	-1.1858264023496956	-0.5377203266184399	2.4048845134541583	0.3207396015308254	5.333916491245365	-0.02419537572414293	1.6065455932659611	-2.873892845942484	-2.9252624285984474	-0.5906206045331501	4.6722660947592445	5.75706233496522	-0.7020698324313699	1.1357205857064574	-1.7889099100641273	-1.5403507850561458	-0.6755184883831649	0.09984256179789733	-0.11846696326428426	2.9626870969695545	-0.4869732252970918	-3.074628569583798	0.15861474399992448	1.5413026545449233	-2.9747031684746954
2-ethylpyrazine	-2.4677776920567798	-0.6946964637155452	10.782121964709765	-4.150903966951973	-2.153633310309307	1.9372055101449759	8.67825497511584	-1.0458387077422089	3.7949514961898023	-8.272989705165687	-6.033508815610926	-2.088684438249879	-3.9610514629665285	-4.996821870688126	10.010668967178718	-1.8145527633287029	10.871307895077226	-1.311602005781588	11.291195586180843	0.6256794772745322	-0.07602022415374268	-0.9144272113570672	-4.098382664999975	5.3295961975958575	5.815828592796001	3.917584270246425	-1.6877142247382337	1.2506928246528635	-2.634713137047229	-2.382197769611286	0.6814615145926629	5.986399177345183
2-heptanone	-3.3354669872930476	-2.8285327031581557	-0.07041852031556173	-3.37888625262119	13.45476495956267	-7.211831871258618	6.759584052032997	0.6469968059410462	1.6620127484126097	6.703744918996753	-2.75177469418549	-2.9198896664622893	4.566450342323196	3.8751513548540024	1.1280264158907614	-4.165993067422713	1.58884229164975	-0.7148847465306966	0.5203154042028906	-3.3672436811166633	0.8823460501142484	0.8160523505749555	10.297182259356447	2.5977746682084506	-2.906406562504845	3.795924452517992	-2.3998721844219166	2.5527732622859958	-4.536470684721987	-6.811535162152997	1.2118124463935689	8.39570144611897
2-hexanone	-2.7559774495446376	-3.369767970975069	2.500138391185378	-1.952065712070931	12.398307467454133	-8.08971093598874	5.437134870696391	1.149422706261766	-4.015667732801637	6.421464275093549	-1.2365330860845951	-2.9446871294748798	1.5512887354099418	0.7535983170210829	-1.3333761314452575	-1.8770032834180197	3.0634971633050414	-2.2198230209760466	0.8213245140754645	-1.3454707049733405	0.6458203346788878	-0.4886395988942724	5.729258999114232	-0.7737265990920791	-0.5531704142781464	-0.7334010673561246	-2.3753091117064877	1.3334835533051352	-5.6435479572083915	2.2058747828564425	-0.8478935841104113	2.4155250689446226
2-Hydroxy-1-naphthaldehyde	-4.964640775924407	4.171491387967216	20.71021489224193	-15.016889398517382	3.0332384536384063	-8.218368066032273	5.71473038878822	19.38092547993735	8.708833088730318	12.547839386870265	4.246551113559868	-1.7243995809855286	13.301757116386057	3.058388579485576	-1.5470984836314974	18.0106766406982	10.743823930979977	10.629235885523102	-14.565107605792095	-9.39986103797358	4.021523505282847	-2.77058497767908	1.497158837200764	-0.4391883541341314	10.461638210237304	-5.434106699514089	2.9286676931604276	-3.036954680851206	6.8574895327267	1.5379179805256091	-4.7198778934771894	1.9285663978809335
2-methoxyethanamine	-0.4036106735621491	0.25263154975900987	-3.274529151671167	-1.503704941736168	-4.885480224034795	-1.834824624024499	-1.0090917823892633	1.3978161365998771	-4.679501645340328	-2.4521976035951742	-0.7304186561995827	-2.0362402833183597	-4.0847944284515565	-3.851202208595904	1.450663975790606	-0.9936170838495236	3.071567069006865	3.548950953275923	-6.577776352498443	2.0948758555739424	-0.166498067022859	-1.9311612480488374	2.5105219073000598	-3.5134045230550566	-2.7795351753359148	2.0401123672594097	0.006830171213376637	0.7165830650153272	-1.7861740136269229	1.197750718053646	-3.013909368200161	-3.7053253299314353
2-methoxyethanol	-0.548035179198775	-1.1958757192494696	-4.688515079019319	-2.8393128937711998	-5.336730632940505	-2.114341964693069	-0.7045970236668658	-3.55435470021527	0.40698952190733934	1.9357491641269222	2.7218767839397917	3.516456797584083	-0.9100348594901025	1.3830239406749398	-1.0269998883654254	0.7884641787353961	-2.784960130777209	0.44206216440306456	4.32047776535676	1.9985193190264428	-1.9292048585193393	-1.0135943821968236	0.8699892239648718	-3.480988882968643	4.096328886526572	1.439649777086888	0.7345004185997538	-0.8489318520430474	2.8941699035056354	2.0064443062916597	0.13130503210617003	-2.271028871686982
3,4-dimethylpyridine	-3.266000175381108	-1.4353071309090348	7.903828234263751	8.940427977227792	2.4699015351173332	-2.742179581629716	4.9171318609824715	-3.8519091811846495	0.3446659786060639	-0.030572750993150016	1.4731259306716105	3.0526024731726813	-8.717491192997853	-3.3886359645804687	-4.304031369932103	4.6598934030255945	-2.459661861751824	2.905439976065315	2.843400051008154	-3.1628678599759383	2.309924084170441	0.8535090600190288	-1.7796099590387158	0.8794303380775267	-8.985301057074675	-3.6295731136748564	3.706938233683642	-1.881469604903688	0.7191770229032658	-5.561375740990193	-6.815694669479062	-1.3924039137903146
3,5-dibromo-4-hydroxybenzonitrile	-3.72679816163214	3.3190483643111826	1.7259311231023344	0.35530276105381736	6.11930169535008	-4.43596551580008	-1.4530331594649744	2.2417785100174488	-0.5234578023697294	7.182954272041877	-2.4463431230798585	7.7310855791337625	-0.4135396080626246	-0.930099268429592	-1.9447149536954909	-0.02052182222152851	11.002126306481404	-2.468970184732172	6.645563412769884	4.058555477081398	-0.4153220922136609	-5.838248442971062	7.902481599403693	3.0494005038638923	1.8977273626255402	-7.152238888741803	-6.0304131190878225	3.3375877541440904	0.19861802994276637	-0.5288916697895629	3.352391870324638	-5.2294464029553325
4-amino-3,5,6-trichloropyridine-2-carboxylic_acid	71.7368783760843	5.961575832805107	1.7580534019909122	0.3849369134477591	3.880779472588092	3.9611095788898276	1.9068629013387064	0.9324492366558113	0.39388715877395897	1.889951404871682	5.192062779467309	0.8689440297017783	4.427342654045038	-8.565845056846927	0.7813645762158826	-5.765715488436505	-4.390839084105617	-1.5880433962307037	-1.0479603647954874	-15.688850853673818	-21.976654640318632	-20.136361291193527	-4.428084607238665	3.735280914350789	-2.1177990950306436	0.43898150857031365	-2.9850410347681295	-6.807843616673088	-0.5591754057938956	-1.7532815154560513	-1.949545147809846	-0.33182592013198436
4-Bromo-2,5-dichlorophenol	-3.2393210253092786	-1.6321628247923063	2.8737351070841224	0.42253957778394685	11.413475197252396	-7.833318155458323	-0.5644415463368343	1.840271521267197	4.223743018934421	2.7630430200403264	3.7062242958389255	-3.7398991694700663	-0.29491467943583	-0.8773220446760698	-5.71897905901164	0.7236475800585707	-3.7874144973646704	-2.943304340594722	11.089991481472062	2.625660910733449	2.9185586281134435	-2.1724246430383416	-3.2779997112490404	2.3725210962580725	-7.011921003265929	-2.492819290178294	1.3276395224319044	-0.9974551779958413	5.475755289998201	1.7638778990360056	-3.6372119254683657	2.1184533154739134
4-ethylpyridine	-2.333482348374789	-1.5307689928337098	5.493886659548418	5.936671726506569	0.6878091132609899	-3.495409544945543	3.368403519280842	-0.41353128658408556	0.5209987935178355	-5.610332538829931	-1.2888278110456852	5.605969378285812	-4.065729880962837	-2.780167384443366	-1.6369316485667207	4.668954522649918	-0.6048474962984202	0.1554256842374657	4.7543715995029245	-6.5622243552138	2.2563005208503992	0.7938680376292646	0.4828038555901232	-0.7108166077347362	1.7349977443545976	-0.33465017954178317	0.4786691694719339	-1.3960352740777695	1.814389998678756	1.0371845543044254	3.043178280090539	3.7910244236006276
4-heptanone	-3.5608283332890482	-4.234697097266137	5.4117870619597594	1.013160152010559	14.265018270117205	-6.505439465138097	1.696813585603146	6.930516444625609	-1.954426282413755	3.5574094990069223	0.8263269663571796	1.532416495091554	3.0794174413335225	2.3948963847259224	4.971014317255335	-1.419107536603138	-1.7623780959316162	-10.123880768500396	-3.85489755335241	7.519324856677644	-2.901432612631503	-0.6848670502816163	-4.254308002896566	-4.714197064041484	2.7424353366047396	-1.180225715172971	2.0729502769794097	-2.232703739236881	-1.6768963881746908	2.405364727215888	0.22840985812371328	-3.593503692494585
4-methylaniline	-1.2708252078458298	-2.4185935678811816	5.26583077747833	5.575424571181402	0.04322478801644005	-8.935943461874919	-3.326993329175676	0.5169065594885724	0.15571352408354258	12.114415406679592	0.6219963611982036	-1.450675585208411	-5.138525450408331	-1.377124145276308	1.9160549200460764	-1.3222861689406031	3.75417403779714	3.848082011434138	-4.41169793229276	2.494791002092589	-2.6650329633666283	3.312452470547461	-9.988744908271263	1.7449796044106654	2.036228833715119	1.681983353559511	5.42044352660115	-4.545059948994565	3.4493796492288245	-3.475494064166047	7.157250513618243	3.160721845010875
4-methylpyridine	-1.70623942117859	-1.3323863336422022	5.585501372119427	6.56597706046197	-2.2856161948584868	-2.5722486614343714	4.785516573117344	-2.6503086329820453	-5.515558276369086	-1.473895895691118	-4.333665766289907	1.6743993911951038	-6.575003779761175	-7.053510005024824	-7.096355401884188	5.294756582001457	-0.01420424347504883	3.8772325199818685	2.246776121458033	-4.03800955391176	2.0464363131921184	1.381463349063082	-5.446259225225386	1.5216080484573828	-1.181074899703356	-1.6373668881871082	-2.122810864666076	0.9672580865415246	1.0643152499060862	0.7847513680395175	-1.2019012234060242	-0.7082546950476978
4-Nitrophenyl_phosphate	-6.931817619710748	-5.131965348317018	13.841023653195258	17.66179367876577	-4.382099450861182	26.50302784080443	16.140031871578753	-3.3821936714749814	7.250708829158278	1.1051883140302212	-8.347591275227472	-5.126111788270979	10.870923598617399	5.184144711005967	6.2513770269497435	-5.921792203782384	6.080484121062933	-3.422232922441386	8.277271111593874	-0.714710655880022	-2.152812975405079	2.542863654247425	-3.0198382220067734	1.072773730787381	8.600194358666096	3.278145693237294	3.262305009621133	-2.2287044545490424	-2.006419384710324	2.0588747652188197	-2.3130767699844754	2.3829383477044166
5-nonanone	-5.201780862665924	-4.995206296604906	5.226987042588391	-5.47966292025418	22.908649910969718	-5.11101376221897	-0.5223469695275378	-4.304818598057147	-1.3520390625116037	5.913408871229303	2.699760503897799	-3.3573246665686813	3.7980636836535364	4.396875683007527	-5.152998345643005	-5.095575861206347	-2.5359027841989414	-4.007825466526182	7.76569774342936	1.977251879341592	-0.47274796014174864	-2.3897302870658113	0.2042797936335029	-5.979615437315194	7.7137876290336695	0.05198627251598018	-4.034305526934062	2.8782721939263993	-0.5492854097748743	-4.947606593694383	-1.4118514604452677	0.028372665820955874
9-methyladenine	-1.117076535098852	-1.298294286009848	-3.2658705628891362	1.3286439544231212	-2.3857773623972096	-2.333304152430823	-8.348897130557303	1.339575399486866	7.375978488210181	7.28593744188679	1.0532930441149155	-8.43954134097361	0.8190600706670392	-1.0984899958793235	-2.9780501555593584	-2.3527466310933516	0.873941838119597	-7.466238479871621	0.3894636954181407	1.043833567515305	1.2862247054470013	0.8448309103073494	-2.3370994609478473	3.741140658095097	0.5585049353575993	2.739025581010367	3.1647648791359737	-3.0186585370272123	6.827030163534233	-3.131418674514038	3.1284835441999066	1.501829938506707
acetaldehyde	0.5125292284791099	-0.3806074490089166	-0.683949126415625	-1.869249401782041	-4.723840489606261	-9.704818336761104	5.732266769103117	3.153353635190739	-4.0337840566849	2.2130318477492645	-3.302436966444877	2.6299763221476122	-2.4056337479698984	-3.0465846345615963	3.4619334916425046	-0.03342765062329367	7.556729234075104	1.5044128944326147	-2.4671074632165273	-3.7863298188131576	2.125190174722252	0.0340064928524513	3.3358163911579606	3.5574709912162943	-0.6000963440553639	-0.009269527338575452	-2.5036418744135593	0.9690306287196149	-1.9085041692590439	4.491706282125222	2.6945533857668558	-0.5973395997009201
acetamide	-0.12418821421494286	-1.484723526730955	-0.6506879481674682	-4.260363385369458	-4.962253657920624	-4.094715270045365	1.6353344749220013	3.0608825883143207	-4.668734796684009	-5.731098481141779	-1.4615200297220443	2.796261259090575	-3.2479435438060618	-0.28733521028169606	-2.8850519953713203	-6.3730182002923375	-1.7701010208591785	2.7547577000206305	-2.3441127822229375	-1.9761710114113642	3.5139465808133394	-1.0510347360767593	-1.867790116759908	-3.2288823107798206	-0.0006795273977423455	-0.03353804955057244	-1.0149498639928176	-0.461495181773853	5.397586952917041	0.07033853110075738	-0.72060979079738	-1.61348874078131
acetic_acid	-0.06418283239710554	-1.3671963731740082	-4.249393600834501	-2.37853157290755	-2.778614599205553	-3.400820596368262	1.8031432882414673	4.559335039895208	-2.577240018447903	0.5663207877844958	3.3209695313355487	-0.40038012599523526	-3.8700428081585407	-2.0312930833298237	5.523435256562267	0.28468295337895966	2.776941569079143	-5.79011656289825	-3.0389571141381264	0.47062959426041645	-2.240530898439628	2.2097838033338775	0.2489658596712825	-6.158132369718753	-2.83977195588295	1.8083582941180592	2.4732425954742614	-2.7795111510622714	0.762248274879168	8.966268969814703	-1.9558909878541673	5.564245869499013
acetone	-0.6612194407536025	-1.8981442289147226	1.9207075039021333	0.5203809405688317	-2.308639933915411	-8.74470621639013	7.167619930853501	0.2544517593341798	-5.186441482370169	2.9891069279497127	-0.00013657436999417393	1.9706773269741085	-3.892513945419379	-1.4933335246425998	2.3741216762469746	2.271924154161207	2.915573015287842	4.743026720958363	3.160399937251999	-2.588829808478248	2.0681109965333047	0.42801834483997847	-1.3963999288414581	7.352657463645443	-2.5741093039998124	0.6325562110302447	-0.1068835883058838	0.3725417952090812	-0.5273020192425617	-1.863544876378683	2.517265048815318	-1.2051891013869422
Acetonitrile	-0.6774015604184931	-4.718329902752363	-4.377601335317893	-0.2612244976675067	-5.78319675597784	-2.9093348388014064	5.657111073433919	1.90097968354552	-0.44956556176537255	2.6593189291971577	2.136539461534754	-7.916946796105071	0.8985815453038656	-1.9821460755775684	-2.9326268426702042	2.575383425182363	-2.628337105829441	1.4020695740821123	2.6144203762765725	-2.811447639982854	3.695052190076838	0.22926021411093403	-5.472476321870029	-1.8164388108886493	-1.446399063096764	1.6090896914348314	-0.2992753336388597	0.17454259173188094	-3.291118487460414	3.9884971068376527	-4.045048651063718	1.699436903008158
acetophenone	-2.9277351001631	-1.09974882977136	12.395507374974178	3.9642902189822866	-1.1330834673414458	5.768526520899322	13.39342821445055	2.9677135293157626	0.0825875964820257	-11.63273808263059	-5.313881708567218	-0.06849938921198737	-11.696810733842788	-5.066511255782671	9.4803733389874	-3.9041986637389665	5.872132658750494	-0.5754776583416076	1.1546755502383457	1.8592842553710696	-0.7039895063998188	-0.06936288836739732	-4.728864009597537	-0.3709389640673954	1.0331342867848012	-0.6104810504627611	3.562604254340945	-3.204577777616221	0.38039553714232155	2.2287067634235633	3.094665775882788	0.6626437927697498
allyl_alcohol	0.5296433066438978	-1.9592406180769082	-2.577633245672277	-1.6256980464670727	-5.168375296571569	-4.637426480784092	-1.3610473667705159	-1.2147519145442516	-1.7261043165009897	-4.323281716903765	3.248927683892134	-0.5893972993027876	4.819764430572902	-0.7588367835027164	-4.051428302766967	-0.6393808346805614	1.3318468497424718	-3.788323426761555	3.2033857096211427	1.7234867158327727	4.03582348286608	-4.454058977277159	-3.5401351740055538	-1.6006956735453133	2.081688502971804	-1.165536336854757	0.7812047353607867	-0.326858165288871	-1.3032685911558144	0.4176043391143799	-0.19066725152640104	-2.445365129441514
ammonia	2.4625118660589256	-4.22233432074421	-4.46285005707623	-1.3619448066859448	-8.352242084980926	-7.4082953378144785	1.939283759266063	-0.8803742717405008	-1.6993734927886812	-1.4002515635846666	-0.31362456946087797	-1.9116333651749124	1.0517890235486707	-1.8466434567396819	0.498048478305474	-0.7742121335329814	-0.30820661692087364	-2.1255913563417486	-0.7867343690772188	-0.7805579295865528	-0.13742587091591693	1.5361958734771384	-1.4680919660310212	-1.7908347769271145	-0.3855724527965933	0.861339070876408	-1.2982277393411856	0.3972881079262464	0.053354289371962724	0.6896866280594334	1.504480272064423	-1.0375247627324327
Aniline	-0.44412749557104214	-2.467749879802547	2.3821918622085043	3.351356161615896	1.5823176693016443	-9.57833965344376	1.555203190717657	1.5788740079276804	2.018000063570294	5.045504557059671	-1.0692103712015775	0.43105643659725146	-4.515297800656997	-3.9803636286040556	0.4236358176207606	1.6510152466752113	1.4094567649471432	-4.996165284701823	1.6050177862960227	-0.520517776290681	-2.0835061931504684	2.5639992041012816	1.4529874313933777	-5.192949572433467	-4.083808065823993	-0.9049338423380385	-2.508939238840371	0.8286166277301178	-0.5012862517608886	5.2693201419392945	-1.1002363037324758	-0.7213927995787537
anisole	-1.9785498606914258	-5.094889667354821	7.268169935605027	19.30784660253922	-3.5529658779914155	3.60482308634098	-8.148182745603785	-9.13502523301553	-4.0203709462352855	2.2002321100693996	1.1326339922833826	-3.4855655260605434	19.875942111647454	8.756707990324196	14.815419608351283	-8.671999308606068	7.1178421180598885	6.218563550644484	-0.3547115075265518	-7.735502058842469	2.0431457967934037	1.597783257709044	4.899172593567479	-12.176254558732152	-5.999879886827682	1.23375423333796	-0.11737912384342993	0.07971485886840206	3.905690780322608	1.7382468869487087	-1.1933888728087285	-4.078729358886724
arginine	-3.697711427627082	0.13448460156963146	5.215966625298714	16.10249485260411	2.1493792576897843	-1.3716377175017	-2.9616218989349083	7.539331599207913	-10.619747464241556	4.278901432636874	7.176118209331447	4.968488748821659	0.5429435880147967	1.5159382748442092	-0.16747400501547735	3.057435707322211	9.277895790768367	0.34574624445890284	3.48472297690081	6.519637212579372	-2.3845314421205552	-1.1134374018376152	-3.632657363697509	8.972690702820694	-3.8655424395364117	-4.32962636632208	1.942296643238605	-0.9822608432176825	-1.4224458500091264	0.18571910180843829	1.4173445269104916	-0.6536494650363031
azetidine	-0.017543367951077943	-4.141066417169655	-0.7389721065914538	-3.2360483880621054	-0.5998227524185987	-4.835356698786704	1.4629178363504867	-3.674501788566304	-3.659242953408446	-1.2868105735111521	2.3306873431803856	-1.8606558120968146	-0.33999603401767703	-0.14092220591952825	0.2609320493294777	0.25608219870518467	-2.49934037601052	-0.4934861039402084	4.210907658677912	-2.682141254329675	1.1114010895171471	0.3700435944645167	-0.966022232042822	-1.0570890247541012	2.3880987197905856	1.3935957358159414	-0.8861732280527216	0.4758221995708525	0.7704393220257298	1.0393978953881817	0.5615151219701319	-0.5801289576532954
benzamide	-2.852020579698051	-3.760780624710179	7.232528451210287	3.7641348625579676	7.74990580123924	-6.117911392338061	2.7602809998696243	10.008615585146849	9.302331875878195	-6.1169979329753055	-5.802829342795112	3.387182228771221	-2.7289083989965763	-1.608616230583737	-0.4528568741921518	-4.74780181642251	-8.467507934472732	-7.162822246580054	3.565331994621068	-2.485498558564345	6.389926453599799	-2.5834253449386027	0.24681879198179754	-2.1209377035845085	-3.564701287690236	-4.181942673099961	-3.748110399023905	0.9751644150313487	5.1480844589172285	-0.6042892717200138	-2.156465671680352	-0.2457037760763788
benzene	-1.0368720595444907	1.2960946774085988	-4.987985630430806	-7.940969672010479	-5.770177218382673	0.5239992571246677	1.4921141087646204	-3.312624551884703	-1.5254699915008083	-4.3668211317352705	-0.608457794272247	1.6837295435171278	-1.2783857001128485	0.7233136586199538	6.666041349997242	3.6561987600715495	-6.069105700165008	2.5195058798455925	2.8444203888227593	-1.012836228208419	0.35962450828148584	0.11644621729548776	-2.1579165349275145	-1.5684386615002126	3.7067834940124165	-4.324056135798542	-4.803539392323631	1.4457234226475788	6.185354928338101	-3.0908755906338996	0.3866645854376121	-3.7819240054567977
Benzenesulfonamide	71.03606201347193	0.9169786657739499	0.7910230804165774	-1.240010508537362	5.727851834258395	7.038386997756299	2.301405614769165	1.2905002706414204	0.5487548449256924	2.6407434665817413	11.386130734102048	6.1347531181865165	8.956511787425367	-23.693251156555963	3.149479884958756	-6.149144674173711	-2.7679765115821087	3.1820854933489295	1.0907350733767316	6.288220433809172	8.263025519595834	12.938726162661546	5.265318551122955	0.2481717132009285	4.0201973860332	-4.324307481698536	10.377254204069661	13.931555829123557	1.3659687650374677	1.2369655986181582	0.2373385278499932	1.8070967731855447
benzonitrile	-2.284252523542882	-0.41445546488526525	2.397562818521987	10.517179991334633	0.903340887091865	-2.934551253480902	-9.435577282176009	-7.656140521422129	1.129319264259214	4.050662231995587	2.6271282714660202	-0.28208058614663933	4.718606644944961	4.018033924407242	12.420203961794561	-0.9263370654658698	2.932975134881665	12.203353605209323	8.391058687221612	-2.043574617184606	-1.8549566840792224	2.4571350118531368	-3.8659079501519087	-2.5950213298042226	-7.639170325863774	-11.369376708352567	-4.01821092018906	1.2139588336359781	0.21297824509599492	1.4356061292501658	3.73694648879405	-1.9190140488173433
Bicyclo_heptane,_1-chloro	-3.5006471141554125	4.704025922508539	-5.612667011556178	-4.509621627408196	-1.9538688047929256	10.465687286398053	-3.838575540348108	2.5231889774100944	1.4208043102721115	-4.642072660890315	-3.7131608872345923	3.474532644933721	-2.4426242882303293	-2.0055173202564793	3.91008893742522	0.9784725151683643	0.9095966942188453	-2.739521919593743	-2.2946296166837037	0.15995222012107121	0.05743390099086742	0.38984841222257566	-1.875139397798735	6.2198043552302655	0.8145832323710407	-5.090971788532328	-3.3135632769381256	1.2561870830514708	2.3370075203078797	3.0286839995746764	0.12528861808342479	-1.8343324853563394
bis_2-chloroethyl_sulfide	-1.7925244086005774	2.125857036460903	-0.7309051789907752	-2.378384376597375	-1.454180601636104	-5.698337987219411	-15.673146297119843	-13.299741699286377	7.34895134175948	-4.9641637390941655	4.3001097207816725	5.425909267521541	7.029167107602782	2.60416197382232	0.7525034978700653	-6.340745456705165	5.426835026706664	1.3162393689473575	-2.2547606379190994	4.373575017874664	6.263295773507587	-8.457770389102073	-6.29280536387815	1.2413444013812056	4.182410425355165	-7.0411048577521	-3.9339950205525	1.3217458817852525	-2.9541033817215885	0.3294052750671571	-2.192780273938383	5.544155510061856
bromobenzene	-1.4787997295786215	-2.661416648859837	6.876856089290342	13.89284463145885	-2.209456809312984	-1.1866908700684649	-0.3766292377551423	-7.047075414586497	-4.255998012829997	-4.130354409759887	-3.415768389972473	3.3923291835538474	3.5523532243566125	-4.893852798181227	-7.76533299484551	10.191675700348059	-7.084958109800127	-2.8373712570947007	-5.888562644235154	0.49630593174535503	0.5478833774598179	-0.038641729144635685	-3.4861887306821844	0.03474351005930409	2.6942135047538955	-0.7934679099492307	-1.2181476523369166	0.23797491193075562	-2.6604040936433058	1.9611267918510251	0.15271798262621897	3.465550402019645
bromoethane	-0.9933504061026802	-3.3101675722719204	-6.409293650836568	-2.8210782810082637	-3.2396134711889113	-0.8581893090391954	4.654595682714255	-2.7506819685754986	0.6696948316179514	2.131168588844971	1.9104314537310758	-0.055073684866343176	3.394149887417975	1.7260158632410745	-1.47472889654827	0.999059858258018	-1.0368482042071387	-1.856448633662512	0.03395893388395126	-2.73670977959194	0.22684944321325065	2.5802751118999323	-2.1766094375878215	-1.3452309817334513	-1.4939280711213312	-0.3152002284633595	1.8851287810351083	-1.3208796627670307	-1.8698801298423176	0.23693532256412894	1.8267002364075762	-2.795657380285651
bromomethane	-0.7956832666231933	-4.286917279739382	-3.718619578820154	-1.5865758714962785	-2.9589176616725554	-3.7848010886778822	8.366572311673456	2.825214956319291	0.11254453204759902	-0.3526379820434503	3.4990216390566053	2.5377726961311704	4.93720272467711	1.8464681627988977	6.693006882057234	0.6473877324382604	-1.7514436725205194	-5.471839339241602	-3.599430536183337	1.7844160627214571	2.397094817435339	-0.9699446132681687	-3.752765887781005	-1.9097269873015699	-5.1036556813929534	0.8722568819547334	1.1241731119934752	0.3419687520251307	-1.8355685694980672	-4.737707536768495	-0.9045900496024761	1.0011630768059199
bromotoluene	-2.692720256686366	-3.350947012541181	7.557170431178381	15.557704719168578	-0.2916564845958734	0.7693541764485909	-2.9557793448275587	-11.86047879271976	-1.3808149187544012	2.00833369028918	-2.8947854130166415	4.551628337738259	4.05784776902452	-2.270402758381505	-4.598875590360635	6.574800377821445	-4.531724218600919	-1.6827718311628865	-8.875079165734567	1.9305792087282267	-0.9613402089381261	-1.2090710026165876	0.27681713854299206	-1.9327760011377053	4.550741664279788	-0.5921378753853905	-4.105072205798549	2.2688933816655936	-2.727841089110861	-1.8804064292135283	-2.134804204152325	5.728982415629565
bromotrichloromethane	-2.4304376895697017	2.231831326935192	-7.293614119513687	3.87385847408428	-12.99940789086495	4.532200341239242	1.3017935372677294	0.9559039277987678	5.289471898188064	10.670773564999703	-2.1148628592179355	5.967274102911568	-4.184616897270231	-5.504159913414631	0.8927675942396629	9.080542106536395	3.396016635657913	0.29154179682917053	9.523908417849691	3.6064644475431913	-1.4293410303467962	-4.571116007430202	2.65565882473879	-4.71209823282162	-1.6232573630291747	-1.8357932524039324	-1.0330332084657288	0.7017954815791665	3.432138409438033	-1.3250684213854629	2.9977974666694793	-0.4883833962227617
bromotrifluoromethane	10.24837309081128	-4.295957919092029	3.5409272621744954	-2.445337568945912	-11.228037470447934	-7.883216521779418	1.2805845721510938	-2.5439420320060386	0.2502659400674253	-4.066364334073279	1.5867995601397022	-6.650857670817201	-0.8290494442012666	-1.3468659120363067	-2.247682718882696	-3.3125566475610313	-1.713982255276979	-0.5920626538719265	-1.7686625527803541	1.0046452323627506	-6.596921621534077	1.3575627682793736	5.055688953911678	-0.1761674592777705	-0.48507103558120346	-3.8074973501263485	-4.5207411149688514	-2.284758353853583	-0.7796619907836227	3.0921468468386384	9.687450393731213	-0.5689103641352433
butanal	-1.3031517803397807	-5.9250879650879895	2.9860359337304065	0.8079123466442859	6.130331922984786	-8.344689832201825	2.4796444480545383	3.962893881544767	-0.7277221572154541	2.777574453274319	-1.647739420699658	-4.024843824464991	2.088912088073134	-0.43218345476566167	5.919202381299434	2.754027265386458	-4.898591188587034	-7.581811025731043	1.6437509811782476	2.874634937023652	-0.47304314660969776	-0.09194977310625162	-1.1287580295318607	3.811575963137346	2.998984678468088	1.7327180832735536	-3.9460223334547355	2.4927051587536697	-1.4384012772755075	-1.5519675703053772	-1.0212202710843898	-4.724883027753695
butenyne	1.0606002579393987	-3.092401184180415	-1.417260760635758	0.47937418321789954	-4.932087905532665	-9.96926144250379	2.5550001850015525	2.7730065123633003	1.170374083936661	-0.26731514460284467	-3.0252474518800043	1.7787891958000444	-0.17990534266722705	-0.42122370203259996	-3.0506197098269388	-3.8780593386290088	3.49913762159755	5.250080847768833	2.539835399770259	-4.699716769319767	1.236611693923958	0.49967852610926855	2.8714998805636336	0.6770751828015495	3.1030822171239523	2.2344637849089333	-2.7125489423705025	1.3398590536359907	0.06229593827253118	0.05754064204169384	6.607754390859802	1.5686736251822626
butylamine	-1.1256624400443314	-2.91360878041278	-0.33856543863015237	-5.071466004295584	4.420205557154705	-3.959066096984384	0.7686220789921788	-5.77937600901155	-6.47305745815568	0.6821032362807745	1.5806331969077267	-2.761646269696886	0.7752393659337962	1.0313556077731192	-3.8833321378433467	-2.680377700142937	-0.7461196105107055	-0.6296285932399487	3.894847797943443	-2.689730702434295	1.6685132459838883	-0.15872875620905932	0.5600104213261656	-2.8302650756409253	0.21693585905521096	-1.2603084464425942	1.9256573459915527	-1.602284184783697	-1.658699878122992	0.5420447309794519	-0.8716459222847095	-2.2814717761007235
butyl_acetate	-3.382052980461468	1.7566610404978542	-1.9179587333145194	-7.767847408580554	7.400930050348657	1.478069083162982	2.12852934104071	-0.36554307939653535	-4.556297446235903	-3.7060334880768235	-5.350710596577607	-4.411891964369976	0.026597913100319094	-1.6292398636974323	-2.495063294172944	-3.2734099906812184	-1.9878514680385815	5.087379350316211	0.06706697851576073	-1.0319350536171707	3.0204201777629605	-2.2323374240717744	1.6691907013145415	-4.241927945666567	-4.601211783851041	-1.2279060391704997	1.4656770705854878	-1.4738941322059356	2.4711753063647044	-0.2894871968863448	0.01667940797685802	5.664040044559504
chlorobenzene	-1.057409965967083	-2.3822475808048784	4.43405846418984	12.484107226184573	-3.2716280788870247	1.1581769758232006	-2.071762604115188	-7.4941154674479655	-11.486514316558084	-6.8995855408997695	-0.08218615494939593	-0.9188641687361533	10.702610330099498	0.3431972457075321	-3.269672424426577	4.985707667404145	-0.6594447538058934	-5.127076282808226	-2.7241605134909816	-2.14236295858906	-1.5660610638352126	5.227067710051432	2.370166704309238	8.691136978039822	-0.4789581027755008	6.607467842177567	-3.4785811424817035	1.3058060492060786	10.918915266263117	4.613651146912326	1.0358924860387462	-1.9177963930246362
chlorodifluoromethane	23.319403595565202	-3.708251080142691	-0.7414355952033052	0.37900518428301117	-8.11034104921269	-8.587297882144881	-1.6211349328432212	-1.5671478111106198	-1.1074566664443708	-2.9166286239754653	-4.977037370669326	-4.481526276127502	-1.1636593985152335	-1.9257764278056135	-0.25108278465147804	-4.318376894989311	-1.5039045734371836	0.3893820055273683	0.578603098143843	3.1374218286929305	1.7665764017815153	15.243076036184668	6.735205987319799	0.998889905850073	10.70265403676804	-9.744293759484947	0.13682210659524466	-20.11342784578298	-2.066271094698358	-9.726475012767397	-5.859081395322758	-4.947884698152201
chloroethane	-1.2975563709775388	-0.8449527927044077	-8.606489199049479	-5.466907198757856	-2.445009197414447	0.11824915173130468	6.271636397110571	1.1565784649875748	-1.2404638509759995	0.8244469698449833	0.007485304308628585	1.4762339693964446	4.678904674497573	1.9778580986927832	1.2765227412576703	-1.2529121510408225	-1.0959981977671536	-4.499754547644605	-4.141169535629812	0.46954880787426667	-0.0966481986028125	2.6136115222686542	-1.9380862968912014	-2.5493211639380946	-6.710919083136878	-3.5757766831403632	-1.287519798252884	-0.3893242256948936	1.6960068540848179	-1.7003534668041775	2.8245790713026495	3.1167820456873776
chloroethene	0.859025798293781	-2.8914295877008245	-1.8968465428597867	1.3786429215790916	-7.474366146459892	-4.9937257559803205	-3.1335719699909834	0.22567277322097892	-3.3101000512228533	1.7093698706578753	-1.1046760127162936	2.376888371660453	-2.2109838756690956	-1.0565841429242635	3.986893342702365	-0.6388404186674668	-1.9825797310605486	-4.890463769795587	-3.507004596032797	1.1516270239077602	-0.8257325851562483	0.04401477070718381	0.4519630258788494	-3.09003084466942	2.9611383443802723	-1.2015902321042242	-1.220239720983106	-1.5772286158965123	-1.52719220858567	5.176023078118732	3.299695406619991	5.554720271429212
chlorofluoromethane	0.9645619382795417	-0.28898853278284115	-6.630845220077086	0.48116605432937587	-9.817683868068931	-5.1083777698628925	-2.2898676684550505	-1.0793719811220368	1.5982270006027337	-3.156596810374047	-2.185453360780679	-3.4577877009495626	3.7221117624784594	-3.7326333934164775	-0.1737280977683845	3.7542263858555933	0.7787409702074433	3.163153255004598	1.1375256560059865	4.924775255464829	-0.1569553668949297	-4.426778353617424	1.6104321982416583	-2.585931794220669	0.6869991870852638	2.862962543964324	0.4378255257623165	-0.055370053296910256	-1.6385992733278147	0.5379494360813115	-1.796821709644562	-0.9214670673931439
chloroform	0.022148927591539403	-2.0745311285774783	-5.968089936455237	9.498928055264487	-14.546994714519505	3.183647076192145	-5.215363030172139	8.085945443160512	-4.3785555832710115	5.787463968658753	6.8754494835809234	-5.972997080513585	-1.579109690836343	-1.67365005383618	-1.5928804518626303	1.7781826541205699	3.882971395613797	-4.6709327131534994	5.092415878130718	3.1494668522359044	0.6589197353001452	-4.898151435433609	7.07878715715155	-4.693930999956167	0.20085790816639082	2.951515194856838	0.8925761861665799	-0.09390103993607309	2.1803144144712476	-3.7574784265300964	-4.089436499818687	1.1062305857433596
chloromethane	-1.094453684671383	-1.658498698931585	-4.667011655493932	-7.437986786598458	-6.074873446557606	-1.2013269779188418	5.331457703481379	-1.1551041140865457	-4.153415647914523	-2.5070240943496565	5.471443365363984	5.303038981726364	-1.98748583578699	-0.21414459769178237	0.13947633828632763	-0.7943538396220672	2.0057834019921286	0.8128058798879935	-3.1053505174178806	-3.143012016049642	2.4839243464617065	0.40043018781839057	-5.6698864831823235	-6.495608682143271	0.20493395807685183	5.0964079912072675	-1.4933734297711585	2.592814132748981	2.8104302771819905	-4.607575306827487	-0.5715289071402326	-4.1183549113299955
Chloropentafluoroethane	18.55546655407251	-4.893262821084366	-1.7242830340328648	1.6205475903838544	-9.632527456158988	-12.220967993377899	-3.7868962057488393	-2.292136883640601	-2.2398850416057066	-5.520489387427255	-15.264687258470133	-8.856172408298903	-9.32683895156946	20.677758157513374	-1.6015708748078263	2.2813618878665194	1.139490032105961	-5.108570423480667	-1.2832471407260346	-5.316435621217745	-9.674044090564731	-2.3761854987125184	-0.2860531804993156	0.2301644742519574	4.473301161184365	-9.214078281637752	17.589058286912845	16.794255482123006	1.9100833296003679	-2.252155141768013	-2.268747648573773	-0.22977557884901156
cis-1,2-dimethylcyclohexane	-5.48977651023214	3.6280433536182572	-4.598913893147522	-0.7643954385661235	0.22464476123391974	12.768589450368909	-2.9657650048288664	2.687580630415693	-3.8727680629539436	0.00028911365932269287	1.250885184302502	3.584078540826317	-2.005762676782876	0.11098466498059145	0.4021192017967948	1.7001278578556183	6.310816825790794	-1.4257848312653612	0.4858213844268248	-1.821960730732057	-0.24112392888283576	-0.35119900489576783	0.1543949965793539	-0.9383104059610289	2.002667414011963	2.0586256239626297	3.0799188005835463	-0.937712644166291	-0.0242400635424782	-5.818490443374941	-3.1351942015343233	-1.3592490881081098
cyclohexane	-4.033816936484917	1.5820265835899343	-9.548960819164927	-3.1949284390985015	-5.651448524918325	13.869405620795472	5.49954072073718	-1.9812419296920332	-2.1354238701958206	15.119471227715701	-7.100776307217737	-4.540102200249943	-0.8789308416947356	-3.5614096081305555	-2.6022864240530126	3.470139985985601	0.04486136704505065	-3.244663545975476	-2.428529487516456	0.6841871657172163	0.09622742973506629	0.3532540894227974	1.4415086035691755	0.6805221975345592	-6.05521833558983	-6.320306085686134	-3.3681036712532992	1.8089930357409942	0.026467078053108096	-0.09362633408108054	-2.5007643769098724	-2.2106485799343445
cyclopentane	-1.6831880877997263	-5.070377857250465	1.8469653102785575	14.060676853300413	-6.515145782116161	1.2583825338158086	1.8194618586503206	17.79515631923525	-5.654725577077651	-4.886569696259218	5.454509755760086	-5.786162517189704	9.536502818037341	3.5413079790041317	-10.066564708765151	1.3535899649402179	-10.362612820233869	5.435425246840614	6.451660954310727	0.32024628018747997	8.373749182318853	-5.718333122551174	-7.2097737801700035	0.08951364765473621	0.5411621059385752	-1.375107451766774	4.2117864397781215	-0.7922684408914465	-9.283704406860835	0.8226214244164495	4.663828802358509	-0.7244097956809211
