Molecule	PC1	PC2	PC3	PC4	PC5	PC6	PC7	PC8	PC9	PC10	PC11	PC12	PC13	PC14	PC15	PC16	PC17	PC18	PC19	PC20	PC21	PC22	PC23	PC24	PC25
1,1,1,2-Tetrachloroethane	-4.167818683893204	2.714664630514552	-6.825851991593868	10.052721586378428	18.825666581821388	1.1515410939369681	-9.223224997049023	-2.3163673195669148	-1.459836155435156	-0.3513182299149992	-0.8669024815394112	5.112592958027724	-9.495738732224657	-0.8128372403604248	-5.4384652004967675	0.039100257692051756	0.16321735075122706	1.9173375955386354	1.2451934286161956	-3.463612206780254	-0.816592549796299	0.2745269633423336	-6.153253608564478	-0.5443693158141198	-3.917301793226585
1,1,1,3,3,3-Hexafluoro-2-propanol	-9.125154905606307	3.735655868453464	-6.196251819138571	3.6085463737978216	-16.5767738968378	6.877715118494577	16.6348449444526	-6.858683193869008	6.620436708070767	-10.141069039811494	-10.106367890629363	-1.0189288840782802	-11.635227884440406	4.009899890308893	2.7754206949653533	8.561812520794122	3.4993136478778695	0.15920243412939106	0.27902406933309487	-2.1714900943078335	2.7345924926021663	5.169370616310877	-4.9353013333542055	2.528940374839863	-4.267413543518731
1,1,1-Trichloroethane	-2.996111478550499	1.2208458612923043	-6.532878692866957	3.082547016316023	15.905164122189184	2.4484502471418588	-9.115430091844916	-6.074911139301915	1.4727332511978022	2.701964035238707	-0.7389366208662435	-1.4010990166605024	-4.260466748766557	-5.474936710680702	4.837787138810657	6.485191752894298	-4.542003842185557	2.6033052603869127	5.5686439143886535	6.712116668383896	0.6490157086073771	-2.036519546746475	-0.27046615895975806	-1.081560960553931	-2.667912498592579
1,1,1-Trifluoro-2-propanol	-5.765502930804151	1.2508951182165793	-4.391977979833059	0.29398434676121465	-4.860555086265261	-2.1418703901816496	9.30313680238685	-3.5785342272499174	0.7499560386018721	3.060437149884348	-1.0349965038971602	-7.113918661237731	-1.951381937701335	-0.9424574850468739	1.8612634488181974	3.732436987401194	-2.340727745582542	1.0126283846023554	2.355506045370899	3.2465096980331216	-4.890016462403966	-1.3727529824716893	3.2049614621922724	10.614570819605598	2.6610989723646923
1,1,2-trichloro-1,2,2-trifluoroethane	-6.607144625763088	4.703120117033687	-9.58826689325247	8.335597180960582	9.048123532140098	8.85875607572842	-6.3903554672276925	-0.22396320057499688	5.845589892267692	-6.317247157654514	2.6415637967053125	-2.849846393179605	-1.7497385588999586	-5.007205336363125	0.8384984613755481	-0.7685932842530379	0.5371246064239678	-10.07548691456782	-4.124677844920714	4.788932131308502	3.0145301723970888	-5.200775526670382	4.177633040468934	-0.4049566060414226	-6.791800970278274
1,1,2-Trichloroethane	-3.417060857711356	-1.8980266151948666	-3.55642113088161	8.927603926604505	12.652207560549636	1.6406885741624457	-7.340562130445348	-1.570288752602944	-0.5125429378391543	-1.1109057137838099	7.642434989776824	-4.541015774677062	-3.8529434052613345	-0.4095333443150401	2.8791978722089215	-4.109769539262751	1.8468057766822943	2.227647739318962	-1.1515210959971787	-10.51902506047497	-3.968714245403931	-2.3235894042206033	-0.21773333758310207	1.2929937836294056	7.565854554196382
1,1,2-Trichlorotrifluoroethane	-6.312401167151573	2.4308363761131204	-7.93771814327082	9.184397678762446	10.411611403553499	4.961255802006217	-4.2571705043597206	-2.29927213388813	7.872980034544675	-3.502823836762547	1.4569160852779923	-2.5978110625828346	-4.769649498159571	-6.401152964438132	-0.9975993689317001	5.245417986978194	-5.988406122231864	-0.7253419831128765	-3.121845236543653	-1.1732872364198776	7.708913528393065	0.5432461535790635	-1.525285316539348	-3.244543193552411	-2.6972189096198154
1,1-Difluoroethane	-1.7922568442101925	0.06153901041393155	2.9778893947396035	7.694139905268078	-2.2059605142125136	2.2005198459207023	-0.9874549981972458	-0.2848078235014236	-6.270296410892629	0.5351793227998873	-4.889579218349655	3.864444610928991	4.079433990732497	3.8703291805386897	-7.066831348695034	0.6415049854849085	3.7728906664586854	2.464588365710801	6.526710020655535	0.9071661858748346	-3.069246918450298	-1.9654981541464094	3.6221384583903697	3.762307574766199	3.554906392451684
1,1-Dimethylhydrazine	1.1707678845062124	-5.019087536985019	4.72155119529415	-0.6909627099699719	0.9397258283322962	0.9435131052013475	-2.8052818949002973	-4.159201893548755	0.2066804239384795	3.3575211920931967	-0.42563029563268273	-0.4072582840101731	0.08615343947626349	4.307165021855338	-1.4343885423537273	-3.508756469385847	-0.007138355554850596	-2.5393418786468755	0.009882885417281039	1.7520867127508852	-2.376399280821771	-2.424098999524525	0.23839469344897848	-0.0986247538193011	2.4435654899364176
1,2-dichlorobenzene	-3.36203645132949	6.565499672877177	-5.5368951222169045	-5.429650134020944	8.356054615617474	-7.952354217757712	1.2563521040857268	-1.3150149510234646	-1.7845211671097616	-11.007217018071286	-2.6251570609556465	1.826255530511259	4.943182653204362	5.0051549220754366	-1.4514539105654305	4.555304515417795	1.5941989740732025	0.007542246307737651	-2.167532238924213	1.000201763007128	2.8153292338359126	3.0121898597659493	-5.134517633689632	3.1204601005548405	-1.8744385562426322
1,2-dichloroethene	-0.5345502139280504	-0.8133184064580864	3.894162466538488	-2.0119585073020025	-3.1602279482044726	-2.181219277638103	0.7052753938128635	-1.162004558736008	-6.120882324531695	-4.565226051103647	-1.7328633646049947	3.699925592727765	5.4301293959868016	0.11588778185135563	-5.434542458750916	4.441530723889784	-2.595220800857207	1.5307321629555584	-3.8856006960402842	-0.008449129207638514	1.420169054056584	0.41405325100383167	2.511820281223421	-6.0859050511340005	-1.1075341425375362
1,2-ethanediamine	0.04109458947958137	-3.441492124597187	2.1389887070624014	-1.1425532948838135	3.1300721629695074	-0.515333118512143	-2.7447444789833817	-1.628215442191602	0.029234095866618712	0.5025971352017627	-1.2219709374601087	2.251104698578215	-3.5252538405476086	-3.665477229203332	1.9565035200157819	-0.8577659258098508	1.5667544705813765	-0.9305316999775365	-2.891130529740154	2.6446730993117424	-1.9214039527220377	-1.4038101424418499	1.34495208445614	3.7272109618574123	-4.286330399936081
1,3-Butadiene	0.610718076397445	-5.97782350678192	5.088994240349747	-2.369141067456292	-3.598061814950279	-2.1810546822558305	3.489304459396458	5.0398469906939045	1.6710046333543573	-3.0879310388206282	-4.256585299407686	1.144075688312245	-8.583394316789915	-0.34032140664472854	0.08804453622022727	-1.183104142607068	-1.3555729987424465	-3.362350387864175	0.586748542993016	2.9266336405361697	4.382961366804663	-1.5796588337389907	0.8071060459252072	-2.3511054922947188	-1.113569581111444
1,4-dichlorobenzene	-2.7083737131999306	4.913595555341579	3.4584135935591083	-3.220537956810683	0.7718420133865022	-8.698738768595087	-5.429749548060124	12.36910005514657	2.6078048461853403	-4.512550167182037	12.425342060836089	-3.5164214000444125	12.86203535822471	10.166851902057466	-7.764472527637046	0.597781930021693	8.111962290463897	1.2316974616486989	-6.333660648693286	-1.3635493061978718	-2.63922100546431	4.2005978609315635	-6.539084066281059	-8.645009103235743	-0.9987945168081718
1,4-dioxane	-0.9624372030515489	-3.59965538996186	3.4565975935623627	2.5686182780181226	3.4143361511358963	-4.691166321775415	-2.0460305220594677	3.9219965192312576	-0.6628510302691611	4.280824146293243	3.4396919533808257	-0.4160951406109793	7.171187249649815	12.074504379051128	-2.055347168427426	-1.0413533670722726	-0.08298642865316533	-0.24113815409367462	-2.3745021387192042	-6.374959834131198	0.8318414232960452	-3.7298195958847495	2.0070335458750517	2.8078559013136917	-4.4431137707633095
1-2-3-hexanetriol	-6.793572271952862	4.51173686722702	-2.8901679210303586	9.753475436767848	-2.7534020420875636	3.378379826585335	2.836169856862089	-0.41372250340589767	1.0291727586319641	-2.1991585128897033	-2.323361419713505	-5.134652355757196	2.1714037984909496	-3.0929688310968317	0.3324662046346473	1.257661502117527	-0.09109531277500148	1.166914499021113	-1.0492069842282585	-10.469008516957679	-2.4111159398148465	-1.4025604474155857	-1.73713620509091	-1.1545702071917316	1.601152922640587
1-2-Benzenediol	-3.0517222787412623	-2.2935827558474484	-1.1916839731716582	-10.749320174025861	-8.101552588163624	9.600348718078147	-7.491512261089259	15.797363191272371	-0.18479096799975064	0.7678147614131077	5.751612929090628	-6.415361982942052	-5.012790572245679	-1.7483268834504575	-8.929310821723643	-6.803019467178177	-11.707484208477194	1.1749469500323186	-1.794108794597367	-4.348229480219218	2.728036244042982	3.8078385339112546	-7.306173484154439	8.381766801531903	-2.5847957480114507
1-2-Dimethoxyethane	-1.7305170856850045	-1.469477725627218	2.4419839339297758	3.9893737698749367	0.49280268646051617	-0.310927506444963	-2.7982093726702653	-0.11755184558776749	-3.1370938061435854	3.905383988368913	1.9671527372524817	-6.330080926385545	8.352865043877575	-5.626179757758836	6.127155393783981	6.796108048006101	-2.850980610822266	1.6577733226720324	-1.6093575532990456	2.9431739586982415	-0.3679776599764933	0.15093376569917372	-0.05439080344788882	-3.7195303940901545	2.1695217698838083
1-2-ethanediol	-1.1124372334761228	-3.1420633870717896	1.5963012981788225	2.9154933762456965	2.5269808685773523	-1.1248380244840626	-0.3267125421753011	-0.34440450041804216	-5.657876826362817	0.5114002558146277	-4.9724741853923025	4.732612203368869	-1.2439345170077392	2.5830082692076384	0.7908490520911953	3.097890164601166	3.667379121675352	2.050959430959041	3.7185730439997666	-6.510338147500534	-2.155750243251453	-0.8882316163474376	-4.183030473867767	-2.230930078780603	0.35743049819069717
1-2-heptanediol	-7.59659286413118	6.829578833949646	-1.537110485282728	11.500565974147888	-5.514273706503919	0.38253136280966027	3.8397564795823667	2.634248939393785	-2.9638059353012154	7.236739791782875	-0.5670375755439193	-0.5856712051044772	10.03145627231611	-0.056756396412819855	2.5519222239678956	-0.041905961597460566	-2.5214415736823645	-0.6541650748387011	-0.23623821938775585	-5.137950823220162	3.792660344826573	0.694915158094606	-0.00045756633928704054	-2.721273068895385	-0.8538704547832499
1-2-hexanediol	-6.465376971261218	4.738948668033289	-1.6883027781135553	8.750784776954005	-6.310620325759591	1.982962593520379	4.160423461448153	0.604929691873542	-3.9585566268247776	4.926769591586268	-2.807374391046699	1.6554865950965527	6.201575857253279	-3.2725498573706027	8.612111976814647	3.4024126354729285	1.6581578131382262	0.2561865191791123	2.9800265029169015	-4.571482494947072	2.7104693537565185	1.5005665736972333	-2.252422634148228	-6.573746366224383	-0.40940446555224524
1-2-octanediol	-8.183228622140176	7.847200761671513	0.29531203927293653	13.829726473031656	-8.908619195237023	2.210937748036856	3.163746292359433	3.866879989149426	-3.3263691573348884	0.3954283691696425	-1.6001300797975395	1.9542297762340548	9.60023174245166	2.219092000174005	-2.3481589398684872	0.5331155705939984	-2.5287147345785947	3.1435313292239333	-3.335394550566454	-0.9036804522154698	3.861857649532365	3.9847861464260546	0.5036970727178376	-2.6148622437327154	-4.969813363880914
1-2-pentanediol	-5.064548376951331	2.3541671237588315	-0.6501260494989568	7.61191717538928	-1.579815187678152	-0.6755075270976156	4.190676950929286	-3.2686283507367797	2.985267851735196	5.139158214571332	-1.0207849474493724	-2.4191048593069238	0.702166547724485	-0.09918489943547044	4.358148557947862	-0.49447535498539646	-3.6642481235956756	0.17158579133283833	2.8773721798686367	-2.4211704752535708	4.381722534465357	1.5014990021741688	-3.7250980411082075	0.906266450972678	2.0174405786145635
1-2-propanediol	-2.357669464888671	0.45766497544577467	0.533949645817893	3.379276089728535	3.132792080252942	-1.7376310976928007	-0.7696615874157622	-1.266967657756458	-1.9823667603927553	2.2416308882718865	-2.0746503284053435	1.1836168110125669	3.4645611611824934	-1.4959154875762926	4.056917323876786	-0.8690735489522128	-1.2151576480666926	0.970443105699113	3.000632897189443	-1.31010992269334	-4.019275196474602	-2.531476930750644	-1.4105777662652401	5.459551982539415	2.302858301587759
1-3-butanediol	-2.3924854797261736	-1.1697155245778	1.5109353344420373	3.3694058002308447	-2.1668725676690332	2.330007350181681	0.21848279861130207	-0.0646467686746814	-1.7294434605634772	-8.047559340179777	-0.4829719819518346	-3.234619856544821	-1.3952742852121947	3.1210688122347907	-3.056510184120579	-2.092013514747796	1.9062984546412085	0.8631724408426793	-3.648183740635876	-2.7732131508036653	-6.395885204650972	-0.28566889165794956	1.0701797639460355	5.613055092801342	-1.2598074066896239
1-4-Benzenediol	-6.141202285943202	0.6425725779328345	-7.826039408752898	-15.22366600371808	-10.739137035711403	14.37878558176659	-2.3662255517855977	2.7311408060292455	6.816718881076993	10.321884420285159	-9.66723645823246	7.620823578487978	4.171036137399696	7.545649525372093	4.467233019135139	1.7227438933185653	-3.770328394602195	-3.927840985983004	-5.802021008256282	-4.232311753469778	-9.49492190975965	-8.297485655866259	7.963481792369405	-2.841575463314377	-1.517072919044701
1-4-butanediol	-2.9207938211761273	0.2339156823729814	1.5406835285820253	5.708023383229199	-1.396280145069203	0.13102727510169296	1.6136104659300194	1.0386665197041587	-4.518956242834617	1.0021363627104034	-6.241626006403282	5.9646793267442275	0.04155852321863569	-2.400717830572425	-2.609483756047477	1.5634674050739703	0.2191411250778293	1.1786027639794197	3.4908705954639574	-4.574927918985668	-2.3783769985513024	-1.036446185387404	-3.8612066078902467	-2.6363594044093808	-0.8566670113729723
1-bromo-1,2,2,2-tetrafluoroethane	-4.36314416801381	0.5642743195203864	0.22175029544474437	3.9851719113668422	-1.9719175636919137	-2.617675545649143	3.3972140804435997	-1.723899673712458	3.7133677603456565	5.458448738921932	2.971437126801735	-8.495061130712635	4.541694646314222	5.188809599573689	2.759990586337055	1.1007649886464506	-4.465164504224258	2.685693753589748	-7.020934685882202	-10.116546047115474	-2.8239698897067407	0.5568144583160018	-3.849612355198851	1.6543713559380446	0.34148499012826106
1-bromo-1-chloro-2,2,2-trifluoroethane	-5.959735641683773	-0.4612683942331208	-4.736497213286153	3.131236386578166	0.15405635328464287	4.030602426032062	-0.48869719195648126	-4.4821675644870025	1.5809838984406566	-4.710412011571929	9.471834506376686	-12.871506900065807	-2.963451341087697	1.1124024777286068	7.337748283394591	-1.3652906183585694	-0.31535760601102736	3.6631424387912705	-4.624518411225665	2.399810071333226	-9.209402509958611	2.027402659937237	3.342307922815771	5.670955685201659	2.0550843730477473
1-bromo-2-chloroethane	-1.9365708507008395	-1.218825869625351	-1.3976283609426727	2.62574121827806	7.755969555551121	1.6642769650529636	-5.1061773302069655	-6.060765438037052	-2.2286034231248535	-2.5366005799991123	0.12966995556214914	-5.7209516523491155	-10.62499413518254	-2.3752663523512982	-2.4286245775587854	2.8312828856935432	5.319681339392046	1.6354360876892953	-5.852574107962	-6.0549645657814475	2.494633934365494	-1.4209416979487033	5.0942547820063595	-3.4597254000379922	-2.2843844269569056
1-Bromobutane	-3.5398586592530643	-0.7254181748664704	3.718303852817109	5.4141970503150265	-6.7692698153886495	0.9555339019370817	1.3882547732934265	-1.4856271909459766	-5.830568776809847	0.20728413353157374	-0.3998059407697914	-0.7758982079631419	4.0095262796297995	-1.8999469642763642	-1.1714789265640175	4.852279042183191	2.8241563122690123	4.124023711545489	0.49622811660580474	3.7904624897366688	-2.3006517042154195	0.8639700769873684	5.486794901392807	2.628188101021192	4.9753300194657495
1-bromopentane	-5.104800615997627	1.1005530140192294	-2.506256458731164	5.334471780098626	-3.1344310080632667	2.149304548729576	3.9864770287897286	-4.04783860716425	-6.268573394634963	4.191946661126512	-8.202384945226637	5.264059998763224	-6.3213479967674395	2.3914723630058607	1.3790783073082484	7.672589152784873	0.6049615739551591	6.635030999502017	9.897326950389347	2.538430453737913	-2.7891392493143914	4.678774121481367	-6.150829982446839	-3.4910347870524054	-0.7600953136187505
1-bromopropane	-1.3610584184089687	-1.9578796931437699	4.850607010051338	4.260215524174202	-3.866009901374428	1.291354087809513	0.3036479298453008	-2.034357890897425	-5.301538803215561	-2.6262837465762945	-4.013927970874965	1.0061707223326974	2.9469078123862777	-2.4651224648912495	1.86438047288008	-0.18351049460316643	4.021737938000392	0.18087237046611176	1.5025641524809235	1.0420333616066917	-1.8678748518519799	-0.9225850023335339	-0.3475991370741211	-3.356203793139565	-0.5543000822679592
1-butene	0.17557801633292613	-0.7510688016731959	4.442938688027504	0.8232762816722775	-0.31759598153511864	-1.5727830828590403	-1.7307744317235239	-0.5686358604367602	-3.2681847031602635	0.6615305079372312	-1.3812811812623405	-6.673106652758884	8.635837387452714	-3.760255200694313	5.81224513891889	1.1080825811245028	-1.7912333244168002	-0.3709243097360012	-1.1934531984816177	2.340324178332072	-2.763486639770486	-1.609320618566792	0.12913115142997295	-0.364268476915644	-2.649987694592079
1-chloro-2,2,2-trifluoroethane	-5.085596726425723	-3.2025145447760908	-0.3929073059680213	3.586202107666543	-9.791411972636743	0.8515450372084769	10.919443527998812	-3.4083999085103347	3.067287200496641	1.5030004262360224	-2.1312731820068707	2.30291054171703	-8.547986981363945	-2.213124537491276	-3.7251098983363216	2.680117412531384	1.6314827307889799	-3.221032152973012	-0.6978933995231357	0.7239360020381077	8.581310591999548	1.6656203169427497	0.2922270940385862	-0.01893066538998039	7.072404737656704
1-chloro-2,2,2-trifluoroethyl_difluoromethyl_ether	-9.31509598558154	5.397636806867327	-6.361978509305981	8.4179135576493	-9.327098019886979	7.347635080034001	9.13879262877188	-2.606315193831519	8.631050196270047	-7.175560401672893	-1.8744103755962738	-6.443539745600055	0.2751034327916555	-7.725488297272715	6.292821212723241	0.6959055239608963	-3.5655301936490624	-6.335634026959074	-3.2367260321749636	3.31173572824668	3.5027663844751764	3.490894275333859	-7.118243092092393	-2.319364468299602	2.3609070007385564
1-chloropentane	-5.264948770827283	-1.489544386652233	-0.5844671987286176	13.795749539814825	-3.7324853352812073	6.770864722866299	1.3846247876891127	1.4537590077349736	1.4674720808468187	2.77083287860364	4.923248694824791	4.7336484812769	-0.2908724870998897	4.751167858863021	-7.175426472608428	-11.3092424666888	7.629830126704059	-14.097442400521826	2.438120383532986	4.65057742299966	1.0613514523882417	-3.519690038223766	-0.3033769101133929	1.810503033626339	3.0970460647275035
1-chloropropane	-1.93436112068612	-0.7240199524776275	3.391004217515296	6.5949332642699074	0.7931078720397441	-1.9545692619753339	-2.3246719226085304	1.919492447725681	-6.6769323618977126	4.987422640396229	-0.14409693644239055	0.08233713315071764	4.179426275800652	-3.1428320010070445	3.2947088953298502	3.117013015047919	-0.21078344154542686	1.5652980008218649	0.23733800175666223	4.779925837913619	1.4997819262804053	2.735373518059406	-2.0249067455486327	-0.5697759417266082	-1.6200186997434434
1-hexene	-1.6645886931494813	-0.7168108823540867	4.395487704867095	3.233812037971591	-3.7348269905859657	-3.587487529119149	2.445112325406253	6.12484149927828	-5.758284526351371	-1.5855447296283176	-3.8862860221633757	2.0825886487754777	9.062975044535579	-1.873289376658836	-7.875841687570711	2.4924369224669123	1.3210926369137457	0.2690794067774698	0.8438134919259933	-5.344387346995129	0.07625664252585013	-4.754068761448615	5.2656815489381	-0.6375827603018834	-1.3636401189187726
1-hexyne	-2.248726137788354	-0.9660832954329183	4.828818385374127	4.678029226277144	-3.373290185811844	-2.1919853649571777	-1.3807299350086946	4.532370138426557	-4.545519182749791	3.385644196025123	2.1889788078663406	-1.8075853067862222	7.043796473024323	-3.863134489817763	-1.9339046664258397	4.463789379354651	-3.039762408117434	1.5757783538437249	-5.453764825371389	6.079322516919461	3.470647335231678	2.548220256532669	2.357522024848849	-1.8629417383179252	-2.286991556042341
1-methylthymine	-3.5733052625698543	-0.4822062807893355	-5.439555605517746	-9.657326112203224	-1.4727909377723294	20.991731659750958	-14.954398739314737	1.596350731573179	15.956609502004593	11.844856299485437	-14.454354344742525	18.753431927579317	-3.197943901832129	10.871757633086263	5.26250148626331	3.355444051760076	-8.884371719665706	-2.7266199955342056	-11.486252391523447	9.522449253714472	-3.9280390747101626	-1.227207590120809	1.846908790704201	-1.6482621143280198	-2.6343064673973626
1-nitrobutane	-4.1061871150101314	1.5023790850541772	-1.66462081300339	7.287466947176315	5.14118245443464	-3.543746623713718	-3.480557115245373	17.884169304308642	-5.082372698123386	-11.100752562131914	0.5659227327571792	4.020267466328792	-1.7226834705422733	-2.408840035813927	1.798259185844844	-5.781313284262464	-3.787631076155533	10.36932384237507	-0.634679464313006	-0.4910011645632649	-7.237858067287115	0.9562089176712937	6.443528914644309	8.40947773986174	2.253456679073516
1-nitropropane	-3.338080395448041	-1.872713797974837	-1.132285495007964	6.0048482167881545	1.9725784360942222	-1.3046322408154154	1.209526734580127	12.953703247600291	2.4346720694587787	-0.8070728236975088	-0.8559982370126987	4.312568479650643	-6.056469877390131	-8.009823585143229	2.3663263569550104	-12.89357415679786	-6.613236596424486	-1.3898121725923467	-0.767837438011196	0.43006852163042275	-0.9542435284281009	0.6780591079827784	-3.956758584680231	-0.6239045072672053	10.104113248350115
1-pentene	-0.09136667133427957	-1.5280513801707667	6.328688718554843	4.0072042645404355	-1.9222295828442764	-2.5035726250394594	1.4046548356368915	1.2385780201744998	-1.403568699547474	-4.155211327362854	-5.4024821620113475	0.026519319433953362	3.095024080177692	-1.3785002838487455	-7.230181450769912	-4.243268218626787	-2.371040557202521	1.1892826382794353	-0.7576644544722845	0.9646441549904466	0.9954864911159131	1.1832365053568876	-4.768179579467369	0.14234661973154647	-4.315985604929097
1-pentyne	-0.9611258832382245	-3.0404483150860107	5.575099327502692	4.0134629922221166	-3.510390202915419	-1.7114779910868299	1.7608101200410757	-0.2566907339267421	-4.445282065543426	4.792859774522029	-2.4515117114116993	0.5423143233138988	1.695208964188868	-3.949698613963715	-3.6850144521976533	-3.090345680353211	-0.009759312728514057	-1.1691950655398142	-0.3002420235157929	-0.9790169573761752	0.8924190617759569	-0.6134770740984647	-1.9283144853838523	-5.253752443822551	-1.0000725455919115
1-propanethiol	0.4364284377473454	-4.782149040803905	4.042068808886944	-2.071298603906732	0.8421058415769545	-1.6822032872525619	0.05361665072210266	-3.435031021452184	4.027333228282485	-1.287037221900467	-1.060955984968713	-5.070248815638226	2.9497777660502886	0.31628232391769034	2.481870517670078	2.582747071787945	-1.5171330825476466	-0.6307167162065803	-0.41041733481120063	3.0468282357943988	0.8754834058428896	-0.6263112910796058	-1.7080586260393706	4.715950181876231	0.515741777243782
2,2,2-trifluoroethanol	5.21937398261116	-6.876838254092164	8.313054369620396	-3.8059897193586703	3.5536916142909756	-1.151565703915842	-5.369320649940629	-0.5464675169363049	-1.9255376965958404	-1.8869954913983868	-3.6890031461235178	-1.1419240842196285	1.7405777948214345	-0.034213773519011996	-0.09019426100450875	-0.22828519263408809	-1.6817557435260386	-1.7875681374251131	0.7918680345426526	0.08688679619495748	0.23066475980885695	-2.8484531550489587	-3.3534870992746604	-0.06656977689357978	-0.7335567449868855
2,2,3-Trichlorobiphenyl	-10.57273993196828	9.772427891178186	-14.193145756713593	-5.789066475352037	2.2997219542019867	-3.042101040158832	2.4257505662151497	14.424480167342068	3.0416342349194556	-7.75463558387892	-0.9610081913722704	15.381487986443565	9.366310346509852	-6.199004341558954	3.328453079503001	3.6722186967073	8.22528523177888	-1.2184885266090928	-2.1988381093169	4.935669185624734	-6.566759720431336	3.7477955710880893	-0.7833608297943421	5.538893872642183	7.908977107866501
2,2,4-trimethylpentane	-8.538609234134006	8.259987553171914	-8.457593974986404	11.62954127195001	3.289836128212647	7.867413097864206	-1.6732620638188636	-0.8048633335479997	0.3579573476532105	-9.571073974827577	-3.4799018600261764	-0.41367548180016245	-1.2124506133065331	-9.53077833149352	-1.986434037442314	-0.1764221309057762	-1.235542767065351	3.8090475087406315	3.124650712645357	-6.128875579886982	-5.118153860362097	-1.892148258726221	2.2512132110814935	-3.4152326204538497	0.8801971479235661
2,2-dichlorobiphenyl	-8.045586400631043	9.343503899066041	-11.101226517133194	-4.774963514453627	1.9619266946188492	-3.965366905395608	3.8564091087741335	8.353296682160504	-5.102133766509762	-13.020294155491861	-1.3312203669154994	5.720830072455154	8.878294187643153	-2.7968938306099376	1.9801634923803224	1.60219554450727	2.236551998935606	-2.6091165063914286	2.759935744151387	6.041105250348864	-6.278663835540741	-5.692891942398123	8.710284297717772	-3.2553605855297523	-0.03599637555482244
2,2-dichloroethenyl_dimethyl_phosphate	-6.881868166843383	5.921383673610522	-3.308784734738548	6.182806228304378	-7.886296463865131	4.910351136899857	5.3995995218581205	-4.537595285941511	1.768091888407701	-9.56856021033498	0.5668578951159757	-2.8197468172131144	10.397868001945042	-6.442886046438763	-7.728652851932796	-6.340019513650834	-2.523865486743956	-1.8937970887561562	0.5223129379901275	2.944564874505063	-1.342345239803049	-2.5379574555433577	4.965392430938766	-8.114613587265723	1.1597389807276834
2,2-dimethylpropane	-6.12727987048671	-1.1617668489872712	-0.05017402012787253	16.808901387797555	0.24267269975237515	3.21814616627172	-3.3244359338614777	1.7134015690709197	-0.44483845970158853	11.879662564682656	9.295547561330082	5.1526628188976416	8.152699612901154	20.209907640614826	0.2944958779865188	-6.721452113529187	10.366936810717572	-6.955311405318796	0.06589038446924304	-1.9816106253653056	6.410640586880233	-3.615000287494162	6.424146568555588	4.639238264915832	-1.3853311731541162
2,3-dichlorobiphenyl	-6.962069811510617	4.480058691262508	-9.661481593891748	-0.46828339626152465	5.335463556863659	-2.566542370243301	2.5558591050146733	12.461520071779237	4.907223585457059	-6.520819053675704	-3.701458483994489	7.462872970009823	0.4380951195376112	2.9740131161109304	-0.48248342674367956	6.101415795281224	-1.4418049385639486	-5.0793915668387255	-3.106436437434731	-2.0151438091577747	6.440341080956928	-0.023092140569482743	-1.867419726996387	2.8710965120094682	7.0567593245434335
2,4,5-Trichlorophenol	-3.6572333586862125	-0.6010790666593303	-1.390574548607037	1.1905663817307988	-0.04210139126123297	-3.0656213476716503	2.0022039073250624	12.518751238110738	1.8720395727381074	0.4345206155840417	0.807376453356668	-2.6750199528378302	0.07881430220758585	-9.150288019868665	4.2791569548657495	-2.1997667630032582	-6.97094839393629	-2.969277448536515	-3.7046164353825186	1.4501206521821635	5.619855321912339	-0.1646507311576201	1.1521561368726374	-3.5893812479281064	3.9086904955396897
2,4,5-Trichlorophenoxyacetic_acid	66.32916666373492	2.9327371507052367	-17.82450114418111	6.001554149354865	-6.707613865535806	-2.054763860771183	-0.6859138226632507	0.4719227182668594	0.999885233495154	0.27329909248922546	1.097392584951128	0.16808338286256722	0.39719040150749174	0.2706484601393031	0.016400491316130375	0.2842327345300006	-1.0227075899843232	-4.7656652441166685	2.345476211363102	-2.480827093468713	-4.104489733869013	16.05562416453689	6.956740399164624	-1.4070330120826238	-2.138381291977214
2,4-dichlorophenyl_thiophosphate	-0.8869255561685899	94.75744581502289	38.83917968090565	-4.3507971761707545	-13.513287423010368	-11.067519350064826	-13.680766072572121	-4.734104014113365	4.323086008073553	2.192060746383476	2.6974604402527103	3.3824675181233976	-9.933785917706423	-1.4264800604896173	0.9964869875138644	0.8927565122934964	-0.18294643944256736	0.6057560393468482	-0.8743065182628197	-0.4408960137028485	2.316883527589024	-3.6126753144162445	1.9712638118488544	2.9172307929308516	2.1822603776850023
2,4-dimethylpentane	-6.759820586506737	5.8617322870662205	-5.62974313437048	11.949343238592427	5.281468478942744	3.789048913181824	-0.9313963373638557	-2.7191397711159944	3.3183172167113493	-6.817335194958616	0.4129209151454577	0.5533791859885993	-1.5656330214634235	-0.5395289407312297	-8.929445490859212	-6.236930788093153	-0.010091429365817365	-0.4946563380972575	1.7081653321386399	3.223064997225685	-1.4774048831172724	-0.45705176977739603	2.6096694753209224	11.722260560913618	-1.2075814437609853
2,4-dimethylpyridine	-4.210555743279442	1.1059914801033122	-3.7568774229293003	-8.028136014926345	2.184436710592587	-4.09273401194003	1.4021237078864561	-5.165848310692537	7.428116914281729	-7.081054222042464	9.481458625249369	-0.15877423784142988	0.15697940690763093	9.417201956443286	-9.121084425810661	-0.7766957287624966	0.06979795507746767	2.3303783522652846	-5.759034128308193	-2.4240898832321727	-3.685830702951817	2.9761483403608935	-1.8511051656833153	-2.389923701567281	3.6472352371490335
2,5-dimethylpyridine	-3.011925118459163	-1.8321982286607559	0.25606429811725834	-3.397195308715963	0.6892761215897494	-2.9186651237232395	-0.30019477062743344	1.9758166145329639	4.772937511789147	5.580702883890628	6.53324679774453	-5.316324760370738	-3.815058803037043	7.630122253643091	1.3531649721420769	2.6042662326990684	-1.2991768399237702	1.4871795191978725	4.666028145078581	-3.243445209624282	-2.7080283576113846	-2.016380795794248	-0.1053140912446464	-4.805177331665318	-2.2926537677912027
2,6-dichlorobenzonitrile	-4.016516982772443	2.72266168887933	-0.6113487249108072	5.992840217551872	2.8903447181630453	-5.087361976577633	1.0368173638965554	15.75967701015998	-1.2433806888934706	-3.5014369094737487	-5.808877344464315	6.682172724626775	4.803153617469989	-2.0031931586476297	3.9039954393409793	-4.342399415474042	-4.814593320205175	1.9046548667760144	2.6832551536364293	-4.77305750386923	2.9479223332533504	0.09313525030536468	-3.8083994647930735	-0.46083779842737727	-0.922486110819348
2,6-dichlorothiobenzamide	-5.9808856260728955	5.713500591446398	-15.681937770649089	-28.66291489733216	-15.298662066519949	34.711114637624355	-18.758839910947213	5.076851842813572	-17.507156133758937	0.7867368796094395	-11.38454701047836	-10.072047530363326	2.521619227646502	6.380814311449144	-5.0008743947548	-3.3687696190566205	-3.2357630973163345	4.934695516430008	3.697369688946175	-8.010654337633866	8.14825346526234	-2.289252773574747	6.463506861862679	4.74197396639576	3.009299690680018
2,6-dimethylpyridine	-4.8807481901724765	2.650201573868634	-6.806421180140592	-8.949200052288536	6.581477723382656	-9.10673240765229	2.760238160536912	-3.412146069668876	2.3695775545103355	-0.48512238772916855	8.687466481760024	-2.885379870102563	6.53181857567817	11.47292102197333	-1.86834625922795	3.873990403186764	-2.60078272359716	1.6460743675723337	-2.395793689419093	-4.036446925776292	-1.6471032184023138	0.5539081580936429	0.14633513777867962	1.7324499078736617	7.6719214771233855
2-3-4-Trihydroxybenz	-6.774662153000811	-2.538513265243771	-8.338669049340282	-10.889980481219919	-5.991635104774629	-1.6097397295554525	6.318344224990047	-6.534851486690116	-19.342331579797076	2.763914299835961	26.87513490004262	21.221043868439562	-4.834243138155938	-3.5803681481410288	-0.48644860526750267	4.78857467493365	-9.091254468974409	-9.233781130179906	-0.1751342610863592	-8.641214816336696	0.6773902228449977	-4.281027659371498	-4.309947004109522	2.2056695918638902	-4.253710227058623
2-3-butanediol	-3.371136415332157	-0.6815516550335765	-1.3921619781026835	4.470765366293093	2.8380843978030477	-2.2653258273189993	1.870584460822452	0.9238019584082876	-2.0964473420645953	5.544526440301926	-0.9472150327285475	0.35726828179221903	2.8782601371859413	1.1797997895470957	5.1572837408213745	2.256302014797051	1.475524197056951	-2.7555191881905174	4.496355619933549	-8.367483446586682	0.24640485466123854	-4.529641547550973	-0.502469369244184	3.2339601988383917	1.4850681239976342
2-bromopropane	-2.025633976525762	-3.872284430862882	4.065005886494331	4.408674348833964	-5.456683169319591	-0.925520536967505	2.605205460314292	1.1775620409262586	-6.030753836716648	-1.3915389505115703	-2.4410895106584247	2.5646590895308012	-0.49268590767181725	2.7773886878292187	-1.455444498498941	1.4724138532677844	7.797301087113731	2.5162172032718186	-2.546032117087555	-2.139122215445362	0.8549020038831178	2.461329350757897	-1.9247611924402925	-4.2685389647405705	-3.0525064054238444
2-butanone	-1.2718480191396917	-3.5023235293733266	2.610123823683295	-6.025514354404773	-1.8872741616183863	-3.875867634534437	1.2093707109079936	2.7957972807275455	2.4100461251960015	1.2040034074429127	4.0547065936834406	-6.049865995143305	-3.776839118311001	2.6908089149014103	7.936807778235402	1.6111892916872737	1.6527541024777308	-0.1801599041803517	7.620157774831343	3.8790239044654613	-3.0181283782264567	-5.059740901771609	6.500121341507353	-4.02619740505443	-2.7600113191443065
2-chlorobutane	-3.7949117859691963	0.8196485782240323	1.0772334179018743	6.43712339749332	-2.698232326720769	0.7573477624402811	0.8556808156134931	-1.7980837765746243	-6.440209106058311	-4.498609916213057	-5.106972301359891	2.204219038926852	-1.9120535764146263	2.8170766575341535	0.08450877316448566	7.6711418371269895	3.407423253255955	9.027728481671543	3.7254318820180674	3.7435407273987997	-1.9998137963940636	5.0817849471976855	0.45180327149750316	2.6053741581621255	-0.4262068496741148
2-chloropentane	-5.126729949452302	0.5088479489220754	-2.9937883771157914	9.572407826517406	1.5627539275067894	3.140996852587407	-0.3302178305896732	-1.233507706730596	1.720114067118626	4.410567738597073	2.5444363403872794	-0.05488802765884337	1.4328202820328155	11.506828017202425	4.549842658051502	4.619621596691238	2.662312586539825	-2.3339156448595024	4.543899070443699	-3.0381178892986904	6.3949277756493315	-0.25307412745348634	2.09778326490155	2.818674586111083	2.42876716520143
2-chloropropane	-2.643985445994872	-1.0061225641977336	4.604612760111066	6.91145373218166	-2.973249351538431	-1.4545155091128528	-0.4262976929484076	0.2799890694608139	-2.9355792208657503	7.5237334326028975	2.834977843954097	-3.7769154915377046	6.0515929376725754	-3.878882084775532	2.468003746453388	1.379554481391533	-2.416800961885417	-0.8692095273109494	-3.9503311344849257	5.216977326260311	4.067137480723647	3.090998979650454	-1.5690272741925095	-1.407930420137659	0.5957404252563087
2-Chlorotoluene	-3.3847427208649057	-0.9103410826369889	-4.509532835128172	-8.224492117246003	3.6501526559470454	-5.363333220316652	5.828822592697351	-8.922716541864682	5.351973225387331	-7.492994251985576	1.17948984555547	7.780769148432016	5.638279691176462	-0.9221183690221971	-12.359139213673204	3.1449987419472754	-10.644655536355128	1.7633775336243405	2.652642970991671	3.7758766716760954	6.7647573310838265	-1.6107225395214901	6.7464140987473575	0.22049565983182973	1.904664029600954
2-Ethylphenol	-3.2717318173127206	-1.3500604938426437	-1.9973530691943344	-6.011568114076278	-1.2971288559908127	-1.9905821929634453	2.0818790253210997	2.6240968100743074	6.372043265467223	-2.596041992031237	3.3969442689105795	-4.257766541092543	-1.7910278078718875	3.0003767415221247	-4.770446789410781	5.133425263784136	8.115257692903937	-4.2616982224556645	-5.179395893690801	-3.232164253348624	-0.7048696506279623	-0.34321137397106205	-3.4503807377734126	-2.2852578586754744	4.307243075072161
2-ethylpyrazine	-3.402095646124666	0.12096439017621248	-0.8462419498280569	-11.331681399520537	-11.924042881392772	11.42945005880077	-8.702527949781011	8.662230042134933	-8.48179543904734	-4.155829326150681	16.429841061894244	-4.416607967300442	1.6660454178635609	-5.801682271153827	-9.157596672795773	5.390030145926073	1.800725707343558	-3.130532795298096	14.662540409809989	4.838526726918678	-6.613183363913862	0.21215042521332175	-12.33981358442226	-0.31522198302625987	-5.577558991349669
2-heptanone	-4.078625755220834	-3.2086733805649943	0.34909368117214673	-1.895054642357397	-4.7638086325897495	-7.40400411398304	10.198613575632836	5.6924176620192855	3.5424872880754488	4.314532780477523	1.7543169334488669	-4.966453615553102	-4.733984144880837	-0.40426577082732673	0.6182866923512289	-7.680092471796334	-0.04015962948340741	-2.784691881060809	8.842791757240143	1.9053318459006467	-0.23702434982518428	-4.577844634621813	1.0984478095311123	-1.5283898783858425	-3.9765261767812334
2-hexanone	-3.392781653352481	-3.973946611721309	0.18217522186577403	-3.3612636261922413	-5.356966278980923	-5.387413924523866	9.598711374952755	5.893613703798241	3.129649303218445	-0.38830135329201093	-0.21786334716339903	-3.588306902880397	-9.800904776365742	-0.17313375367733752	1.2346869611544775	-1.056534071219714	0.9902800727648132	-2.9947083780773505	6.030107727222617	1.9655553163881423	4.264806703470094	-2.293467852904412	3.705519046132591	-0.3531417463922004	-1.6290884888686321
2-Hydroxy-1-naphthaldehyde	-7.044083468829798	5.062644268619966	-8.777344823364087	-10.595411988518487	-0.5593770398143719	-4.464260989103577	0.8288638980561973	13.638088827977208	-5.972172174364828	4.0831117631355855	1.4770726247500152	-11.103010702000567	-10.34385046478941	-0.8272148014055003	5.698952846358445	-6.583549518377897	6.236486358751762	2.3573293092795207	-3.081045729355008	4.564643257864613	3.380777327544013	4.1277355007314505	5.273997853653335	-4.762684928109953	-2.7339294091863455
cyclopentanol	-3.0440876589381274	1.803004692678957	1.9268602011706912	5.366833900588854	-2.3614185418749782	-3.3117455042000694	5.025475154055951	-4.460725853996504	-2.437270466796249	5.633680237476456	-3.599673868627493	-4.276007453326988	3.9534637793203564	-0.6878379594380786	-1.7137298724703824	-5.414520947161133	-2.097148754294569	3.1824701472567547	7.262731877384049	-0.671765817280188	-3.820863476198702	-0.2731972072281727	-2.6274066759499646	3.6772152915113985	2.880058990695458
cyclopentanone	-2.040345104319625	-4.111482930453652	1.6086545941123314	-3.3736624332478886	-3.760330376030569	-3.6316245600233272	5.274733794053433	2.8145814447813784	2.8502115772621357	-6.435995094531798	1.0312221904407413	-4.878197820688563	-8.85967882283284	4.816337715622617	8.774945973761078	3.6612169896017317	0.5585670068562288	3.874947882076485	2.148232168317502	-0.0761820815193445	2.2693661106455907	-0.1935637430820219	7.554349575646627	2.796418370506699	0.02179598011209749
cyclopentene	-0.7317197246594233	-5.7460221703927346	1.7697483454128955	-2.6593389845744517	-3.7993426579165632	0.9506273501174789	4.6428592782410645	-0.4797632425460269	1.4965308095559229	-6.105683131084257	-5.1236761909073	0.8367516135446531	-1.5311513028692616	1.754263292801254	0.9634083005855295	12.512462731980643	4.77717317483884	-5.128383726742632	0.9080722720249546	-6.8183412761992015	6.640035766746181	-4.087527336903181	3.177800455118376	0.2878431881987721	3.5819532948804254
cyclopropane	0.673254316949113	-4.153347633547421	8.191212244720186	4.054386111937208	-0.2911137236855291	-2.3981686051805977	-4.585851891360191	1.4790057516327957	-7.914582852170182	-0.31560084695314977	0.5819027383362556	0.3729381230327364	4.481232341043633	-0.3224374600342919	-4.244236795804277	2.5746192255227927	1.5542936037370054	5.23724893717756	-2.084559002805082	3.903540157212217	0.6488351335517986	1.9615327177467412	3.8090130673162195	-0.08874815473097662	0.8165833654933711
Cysteamine	0.16846445065116958	-6.226217835744668	2.451033882154557	-2.035032134761838	4.002417245034547	-2.67132811454831	-1.9893623972670422	1.8482965974931118	2.571983834446495	1.7914143519199341	0.7431094538514345	3.2395330183720286	-1.6446753599831023	-1.9711860406265187	-0.15651980521252915	2.8198504870939316	2.8391453944144103	-0.2758379759348283	-2.8568380025011644	-2.5551718591983255	2.1303320743675194	0.5578605178920881	-2.035348968681127	5.665052010941275	0.3411592132098683
dibromomethane	-2.100594986255343	-3.9818766908648984	-0.5087748306657198	-2.999101783968516	6.317044699156241	2.297726363719916	-8.397755202496663	-3.689062958491393	6.383921651224621	8.080910120318224	1.5342785170141904	11.53852089772989	-4.196804306343977	-12.172516638241914	0.5425947501848218	1.455694598823222	13.085917005696393	4.143130403654011	-4.160140966349012	-2.3805824612859703	1.8165883013756503	3.3255775809101764	4.297213225655723	2.0444356673521744	-8.27206966116716
dichloromethane	-0.7609315436547329	-2.741421876694296	0.37969697713180245	2.4133542331486466	7.508569581389323	4.09085287543166	-7.749798461540074	-5.261262331757942	-1.2731380515394277	-1.090683622347943	1.6015297185837394	-6.181215867614027	-8.324420823230408	-4.862681652355342	-0.0332212669310937	-1.4485262718044887	0.5251367157682434	1.6901048837174262	-4.095632024867168	-7.188324180003949	-3.4741539382466544	-3.1532916334647116	2.0785036320881662	-8.228550457428451	5.533652745521761
diethylamine	-0.05603695658405038	-5.290091266155179	2.7481415561185667	-3.665142571876349	1.8540793428616251	-4.426512529003095	-0.0960150255305399	0.007066524009430451	0.026092981797570164	4.605922354055099	2.738770824747649	-1.8837711479953931	1.969599201127633	0.7113450810943802	1.365828009672328	-0.3016476640292384	-2.1373659165327004	-1.4384184814060792	-2.4912235576752013	4.883622626495255	0.5067480973314769	-0.009273330040397626	-0.9342064647023509	4.860591196975173	-0.5036119932425588
diethyl_disulfide	-0.9890980532163203	-2.0433215728887895	-0.6042719041074429	-16.29225018863164	-4.957164691858773	3.2888319434414197	-1.7163276300349162	-13.901028791743501	-8.868472548648336	-2.6307112484194626	-2.3966991746759274	1.6028402834308537	5.71452807477101	-1.975634148913513	9.572498062015354	-19.428530740754223	5.441409388612685	7.925461137301327	-1.54465523453496	4.941060129552153	12.170845304781073	6.816644769471123	-0.9895206327572095	-4.579476427549359	7.2156659304609825
Diethyl_Ether	-1.2335358319373508	-2.4377642218029907	4.095936827110713	2.27993996241401	-3.6533077025607446	-1.33140744492637	2.6923885059858867	-1.5178294866787823	1.1676791119610537	-7.293357123839196	-2.1918732576872366	-4.585032987989683	-1.7343814856893767	3.538459631820339	-2.01088338416479	1.1536607627338278	1.1180241127612103	3.736343230326977	-5.416561769799848	0.7353926168458753	1.0001798623734985	3.4833347823056147	-1.4203808836313399	4.661805170004652	-4.855750683169331
diethyl_sulfide	-1.0532377560328368	-3.722889088994712	1.8540808490257707	-5.049380485124773	-1.3288579446409745	-2.7483150964685397	2.4761876717768545	-3.4114735395401503	2.965643608256811	5.964219960598699	0.18151079430723155	-0.5407584070978795	1.0546486470322693	-4.342301666102679	2.3200950371254656	-4.478088985206465	0.31452408131088155	-0.2638014965823577	1.6665701252965384	1.5731026965106438	-3.2074666289721128	-1.344401511196974	0.9246836285592479	3.662353305869649	1.7856115201637173
difluorodichloromethane	11.864712456061643	-6.027829994359656	5.8956198807142774	-2.9630100376879924	4.254980868283531	-1.7581374336372428	-4.0391298147866	-1.3596840372894028	-0.5364297019934617	-2.2264560353225997	-3.9974302151255197	-1.1062744827422188	1.846474768567827	-0.14547796468484886	-0.062132457884376234	-0.407337134141916	-1.278650084547336	-1.728250853170335	0.7366262927844904	0.12428363826246162	-0.3471834127556501	-3.3195945675664564	-2.8529674857732865	-0.5493314647168143	-0.7845737394160113
dimethylamine	1.2952678332277736	-6.534438523153207	5.324886654153921	-1.822115199473337	-0.4141891227206377	-2.161111574132565	-0.11038642176438282	-1.2195751451325103	-1.563288195921524	6.511918986066717	-0.38643339411694255	-0.41005445140996394	-4.063419936203318	-1.0121500238774026	-4.251451106051837	-1.2658518802640224	-3.209952370065134	-2.088085742006909	-3.708215336444367	3.109714048596801	-1.089104329391904	0.04251867931836443	-2.069018822611332	0.6043541667460604	0.40088778690669713
Dimethyl_3-methyl-4-nitrophenol_thiophosphate	-13.343563968250677	25.882444972603015	-30.81370788974057	-18.715142281768117	16.2970516244808	-12.91322157932245	7.515493201821148	-1.258728483407679	-12.37731273649469	9.867182068747173	-10.20576666168179	-8.325448712977927	0.5967807898039434	-0.9557074619674638	-2.6135183112599063	0.7521905639857679	6.049964969500724	-6.63232145271359	-2.6292057061013194	0.6006631049844793	-2.6745966706901667	0.10167460323357669	-3.5955515489378382	0.7284987714507046	-2.9204871074468053
dimethyl_disulfide	1.383212390173765	-3.0438954163914103	1.1084405558326371	-11.924863048622143	1.732658655018669	0.0973253854904551	-4.012578723369681	-6.869529257456953	-9.896359379789244	-4.190716151492651	-5.76226542748359	-3.525863169536873	3.679498086665965	1.08411800836146	4.18442899974546	-15.16177744298877	7.029417358522972	4.093284793366294	-1.3717260159340348	3.252997745134823	12.744050874131219	4.981494776252356	-2.5080657389708985	-0.1213926777789114	5.31142088913198
dimethyl_ether	1.214189942022735	-4.717254960822625	6.990866264663939	2.1953148382538763	-0.6617137918060391	-2.720079991667093	-2.0241869495446445	1.0287250570971966	-4.0039076081375935	-0.6352622657891783	0.4680160037788715	-1.6496117537189317	-0.6517614441773678	1.1388412863101554	-3.120518205192534	0.24632879295787463	-0.05779126714551801	3.253784467454091	-5.466032924341534	2.5562715498656265	0.22735022886987769	2.579767993132237	-0.06539107009784091	2.2506110649786093	-4.357191421549361
dimethyl_sulfide	2.1307448135665896	-6.449982510827575	6.336330713519693	-3.2918070630644394	-0.6156658994575531	0.6601188042420078	-2.3740966261486824	-2.857781575519303	2.7486532708989766	-0.6750081768831993	-3.673399622058434	2.291842321386747	-1.1442515380648557	-1.0168436269602492	0.6190791089274712	1.9820854611871486	3.877791648978997	-0.9867636054399256	-2.169372151419141	0.5455445045643247	1.6531024539795411	0.19335720179370977	-0.7217325541982179	1.8484978818135438	0.8169941247489793
dipropylamine	-1.6927876652654263	-3.989066257603009	2.155840004399929	-3.395281435456408	-0.7561869513688708	-2.864767040219961	0.9027511700016082	-1.579811462220427	3.7287674003150593	-1.0599989058171642	2.9259723468485412	-3.5094690208484582	-0.29291741799524457	6.057645854747602	2.115940252464955	0.6871971400433612	-0.8549683309273778	4.878490103555974	-7.854530212857385	-2.22235689465699	-2.993130290729138	3.9649321887684117	-3.1570607888859556	6.08601627368552	-8.51453852966767
dipropyl_sulfide	-2.313429960302434	-3.680617707636133	1.3798204185246414	-3.4374798120602748	-1.8036676471315534	-3.8428806186354074	4.750641560855996	-0.8492144843939099	7.766747602409937	3.81615966511965	1.2725679647496289	0.569833204942864	1.086556258482725	-1.104941134244383	-2.5512873866119867	-2.613524034192208	-1.6883092512132045	-2.412194158861723	-3.0153143043045576	-3.401248595294698	4.1231707535495685	-0.7619172718788387	1.0991978960931141	7.275006293067777	-5.036496204529143
ethane	-0.9195885140074718	-6.359410635003513	3.2847287479673497	4.702505704158316	-0.5761895082962699	3.068496221556398	-2.1292577806169035	-0.3544486800548042	-4.674733857286625	-3.7097144809930622	-0.32998189209378437	-0.7626060794420358	-5.942133788575716	-1.4640997962199247	-1.3789534136119908	3.3639614601654237	8.933215303747723	-1.4148217398683187	-2.098089229008202	-2.0515259705038136	3.4584442952068306	0.11208020603330711	1.751774821224521	-1.9411703967330536	4.4153199473173395
ethanethiol	1.3721286924272935	-5.238410574257988	4.990140599099587	-2.3897753247281828	1.242089653929462	-2.0285969589646418	-0.7961088050756818	-0.9040210808964383	0.9468396704994976	-0.020194223799872853	-3.030155863854784	0.6243457633114646	-0.7992385351632373	-2.81975005077893	-0.15474737255147636	-2.8327335958157236	1.131063622706769	-2.1717305155178104	-1.21511208049586	3.7642170211591566	-0.0806674327970711	0.38821174351235477	-3.3444989948139665	3.0904637372121235	-2.349225672370725
ethene	2.747204052303786	-5.336154386143391	7.462618626159326	-0.3268867472834446	2.263903394854038	-3.365620541182485	-3.4709622075590842	2.6267301934118605	-3.1774225378990297	1.7212449910854555	-1.2252295059065479	-0.21566052849474301	3.0106159011481495	-2.1686588019785593	-0.5503135378168602	0.7227617368911691	-1.5507967873461628	-2.045578477787564	-1.8200939229950632	0.3463633356579644	2.628941645763617	-1.583293254507821	-1.0900474537083988	-2.2938896711499632	-2.2836618468217407
ethylamine	1.8789208885135642	-6.717143652050312	5.820473345943525	-1.4132731096998539	2.033037662871456	-2.8907513646235072	-1.2219348481068804	-1.5363962326689335	0.49330378195209285	-2.65540481938463	-0.568936931716449	-2.361864369946065	-0.9873216055497694	3.968026496509053	0.2801790183575806	3.2514645774174604	1.1764600682004591	0.5866906514991693	-2.3642969965778966	-1.4103453489075375	3.6998084635779622	0.5158228596363775	-0.9092681653485112	4.229110943034547	0.778077702175417
ethylbenzene	-3.752639523757502	-1.3466334861581706	-1.3085237635543268	-6.307555315785276	-1.4150199546614637	0.8666729603829453	-1.9115478528820298	-0.08912257422127522	15.593593576570374	10.679269812245916	2.315003633744795	6.048125985826625	11.779617733146845	-18.67977350273609	9.319996183931794	1.4857766573467357	12.258453951373765	5.29834460261381	-0.8795212351618632	-9.422985531701437	2.5735291752495058	6.615094448956911	-0.037970955614218455	8.383706937660083	-4.976653447834515
ethyl_acetate	-2.5797796896181167	-0.31142771278084536	0.28964936150669135	1.7058498487378588	0.07730554560245723	0.07275727734978746	-0.8817745023883757	0.6631230268287693	-2.344368403903395	-0.7004219477400486	4.513734459274554	-5.92398137946298	1.2642278689247726	-3.5877107372254025	5.666958100809185	-3.4319039397373605	-2.875117983908679	-0.705520662274008	-2.692851831527481	2.6611844209211055	-4.111130350853286	0.8815504536918131	0.4160805627752696	1.5135858728198217	-1.3986144882087268
ethyl_formate	-1.605155684969064	-1.9795025277961014	1.7806904502015315	2.66004035518362	-0.3877716641164786	2.5433755405963354	-1.7497051744120022	-1.4756366511822523	-0.11726398097835145	-0.2093087409609176	1.7494166636729147	-7.897956864799189	1.1160177713135928	-2.6406618060922464	2.3087021226697773	-2.3428778411604223	-2.918022125106479	-1.6738574594218494	-5.2746574620803655	-0.9775040271733584	-5.46581486236256	-0.7055976948991048	-2.1891864103137406	-0.23619054252748292	-1.578094714505575
ethyl_peroxide	-2.327619561714562	-4.284104819690463	1.670717456404353	-2.434044682717969	-3.505325610295372	-2.3592835163989365	5.392732512268112	-3.2644390023343592	5.2824757866326975	7.83217945517428	0.2314720370853764	-0.7083232700096471	-1.9678287324167976	-0.32166789468792406	-2.794562985035243	-0.8093667543330366	-2.200063846177122	-3.1026049401452105	-1.5719423556670826	-1.348444947146078	0.958979230375795	-1.474788701423981	0.13076087911718606	3.492157977059028	4.655948168590698
ethyl_phenyl_ether	-3.33537479486585	1.137798565924328	-4.043332770187065	-3.2457799309886863	5.416226010199093	-1.1448883511312493	1.7516313822831175	-9.52948294794843	5.59994707714772	-12.541996975047972	-0.699350507125456	-2.872535380833838	-5.006604499240263	0.07437796733725081	-4.613167394624629	-3.2371301523706384	-0.6446417819144025	0.8697406441109836	-4.715810044864049	-1.129072205856668	4.091051617736026	-0.8365457775119876	3.5298753219562498	0.609787378469418	-7.875434946591201
Ethyl_trifluorovinyl_ether	26.41702433013262	6.334968814595609	11.606146735840563	-4.8154036945226055	9.093969753505354	5.80265837425291	5.2895077877642445	0.24423836118630823	-0.5763998105881666	-0.6202790516737152	-1.8807354853496885	-0.3840131149500048	0.6275557175350422	-0.6098121900251311	-0.4150778554108401	-1.2973856936075985	-0.8519460774291999	-1.6245931641111986	0.7185306119518673	-0.19354399278572545	1.667423938949967	-8.444886821404742	-4.922881245117353	0.9567059818910203	1.3503119573837619
ethyne	2.7745606270375074	-7.431936075803225	7.668191453686328	0.6856852837870596	2.5264178517412113	-1.6991341915084552	-4.280402712647293	-1.8226170748129509	-4.518966359265503	1.2447792488641642	-0.8901758156558017	0.1649034894849741	-1.1595602894561623	0.9935240100285315	0.07836984689305361	0.8309187726481175	2.4762607314209526	0.2168533572678437	-1.0901861184717587	1.8792045073076604	0.8999652266060704	-0.325205632161443	-0.08845880697855016	0.08763660941567286	1.0293569234558548
Fenuron	-3.8392619431724686	2.5332045651814328	-3.3827443656103697	-4.876662068924785	3.352110580325252	0.14099909504938904	-3.8732609894792964	1.5177789594287492	7.335250969157737	-3.056258000800142	9.446514136103016	-5.379747367798667	-2.6353356898167806	2.4120760122905573	-1.577364359445909	-8.824419097449788	8.882293883495926	-3.700555522027781	5.277614660748537	2.612026493219879	-5.492062591619558	-3.4217186279799954	2.7986194529495387	-7.110508288257726	1.8725308882114686
fluorobenzene	-1.2912309443140466	-3.977287881426318	-0.18729052342278635	-7.6407758870209	2.6273225384344747	-0.8085794306330875	-1.8878718500933485	-6.003152572548172	10.81560639134884	4.04213032322223	-0.09251626090935158	7.578585323138859	9.521435040306676	-9.307251002395033	1.5746510407584222	-3.8287905311712964	3.2802089676457644	1.8915926166875154	1.7312061805023504	5.895169499576598	-1.2284151016936729	-2.088567469073151	5.119946957511707	3.9662550686496716	-5.6281859202728395
fluoromethane	23.0005005318868	-2.8160472419336027	0.8524141189142489	0.1352272376562516	-0.8091225544995445	-5.857170068360489	-8.35414048248099	-2.6578619996087363	-1.4128997593942207	-0.940466134502441	-3.7932007859318264	-0.5905240997838529	-0.31475952572923893	0.20241201448351462	0.360412730340433	-0.012926809239297917	-1.920044387915193	-9.458792413635619	3.033656972419777	-2.898714288003444	-1.8649056380653504	10.086875692496003	4.736994572938714	0.6012726496002374	0.5527008924738114
fluorotrichloromethane	13.000722510737823	-5.87818035832956	5.638465928845413	-2.8163078897404112	3.167889212220118	-2.6857083604300636	-4.866495942302471	-1.7202348069232185	-0.6310793215393871	-2.527588844304229	-4.399714671798884	-1.0347127414113757	1.7605151338448946	-0.03089027216091397	-0.05207610412760487	-0.37864879633156606	-1.3262739272616604	-2.349967002863153	1.0150077297948388	-0.1392393375380914	0.1303529033727577	-4.223707262464284	-3.2028135895821275	-0.25257963313239495	-0.2713841585176936
hexachloroethane	-7.316445184399945	7.816958793582544	-8.995564564266148	17.77865834552214	16.197244481405058	4.9430585940594005	-11.124788821766884	-1.4366145340600616	1.2881760489852478	10.056802312746479	5.109194271554506	3.5065143949427857	1.7957183180945284	8.600765220143941	4.21564080058577	1.2796244975188036	-7.544572002980999	4.039802545520832	9.853861394101424	1.973023472643774	7.526128732435639	4.543431130932618	-4.776876235903984	-2.9873430247528594	5.57749139336314
hexafluoroethane	9.662977376945546	-1.8213762482468074	9.603626203641381	-4.722424985175273	2.757572441699478	-3.1070591332894493	-7.495068916598736	-2.607660020292115	-2.459364909993844	-2.736844690155562	-3.9796834240824928	-0.5244498771982087	0.55276832443123	-0.5961112436263164	0.03202882746119059	-0.9244322722371882	-2.403857575686964	-4.299100518461269	2.2312042900531317	-1.0334784617348867	0.8149551469735583	-4.728630353862378	-3.934053271398787	1.6402621624584475	0.4078396204318674
hydrazine	24.105892294108596	14.378719146575223	36.435215787752824	-13.96695451573224	37.1297523276379	36.26203239545757	36.02540065430849	7.810533957508909	-4.360704140764093	2.42734412731447	4.125448458078914	-0.29370535054337055	3.3209869398939005	1.1424259200414275	-0.17828933062262425	0.3193299422404755	-0.4353446051081077	-5.534809986077044	2.051024428218033	-2.2506916077035535	-3.095993673978814	13.177942451197303	5.24375802085479	-1.0297627471509303	-0.7751728876247945
hydrogen	3.726808719860472	-7.3639085016009	8.015382593169049	-0.772425265782243	3.029183485943743	-1.909619881700787	-4.332807614529563	-1.7297669788537469	-3.446695239856294	0.14627732452607392	-2.0584604241306095	-0.37315584594349166	-0.3194478922222911	0.6913438628119682	0.042111087606865216	0.4327656458161315	1.3566457129986216	-0.43680459184786186	-0.5264376984386563	1.499624184393482	0.45262844596742086	-1.245444088847415	-0.9271466040838712	0.09397136253968694	0.469429090258865
hydrogen_peroxide	18.385870647887575	-6.250503793602339	2.3564881324791114	-1.160720761892833	0.8479155688739849	-4.942794374158668	-8.167813699714952	-2.2301616994155493	-0.9244723342994875	-2.3842208286694175	-5.24023726846037	-1.229944969112595	1.8217619141082837	0.5381266924653315	-0.05210048492288018	-0.6051423218512223	-2.9474542884338573	-9.592483382418823	3.8295562629428774	-3.149655027601902	-4.33485232331526	11.589144071104482	3.1527881169576397	-2.8574924887590143	-2.548271106886063
hydrogen_sulfide	3.4700352000862433	-7.017333580218268	7.029255307083405	-1.9620487037118701	2.817363454364583	-1.1182676568680165	-3.984987521078195	-2.168456908513083	-1.6628375952595549	-0.9009313752252989	-2.3522952275727533	-2.3728874730432605	1.362443645971756	-0.5404865867685095	1.4259784722020814	2.7141575073707545	-0.2125828150071668	-1.1465504459656106	0.1265035352973021	3.2638371439042673	0.0342568634191267	-2.0112800860583	-0.9054435750781142	-0.02733381993675242	0.16861717787676211
isopropanol	-1.3962303161174692	-2.760691909123098	1.7589857480148552	1.685269049611981	-1.8495634814531243	-1.8503221887194445	4.514641290963844	-2.4913198872544626	-1.1975182351867872	0.04121993837237496	-6.338987677465347	0.1668658538671514	-4.273464653150248	4.366272972967459	-2.3314797170855472	-1.6844005798268509	2.6463282281312965	1.4386724176082715	2.360823567643195	-0.8735495158004244	-2.1058250830283693	1.657442373400555	-7.866354159930459	0.9524030258372713	-0.9669222318136335
isopropyl_ether	-4.340269966108588	0.6602063866045534	-1.4150361741151525	2.3607415435584764	-5.873056254727755	2.2366862092457644	4.6424225024537344	-1.1494787069459658	-0.8182079517597656	4.961828520398363	-2.564891658313548	-0.6833701225246956	1.2654296048947864	1.102897170613339	3.2819626487972275	-2.5514675608216844	0.5326153470871405	-5.85774692755391	0.925822240708159	3.6103254083545937	-2.431385658606011	-3.6496407884115043	0.8192892907879332	2.177013016643705	-4.58177165642224
m-cresol	-1.8871982509881262	-0.8389486165887194	-0.29087260448194197	-10.782979751469625	0.9454789512243054	-0.8652220353745929	-1.33280368716636	-7.374606568966992	12.912311457281618	-7.771044849614001	4.225601959112222	-4.158065593137898	2.0988126080105265	-0.23701425814948998	-2.074492706693303	0.8201890346942406	2.224054996271698	4.860034260301682	-3.0564286903044637	-1.2374151154017226	1.1322747896394465	3.856432253442141	1.5771352126806681	-1.292918277484105	4.581932680503443
m-hydroxybenzaldehyde	-4.351057250184444	-0.8300267428149344	-3.7371873617725972	-7.626198330608085	-7.1773303791857135	5.6873691057224205	2.4680379001992243	-19.49550691583222	-19.079137935081548	-18.313615871966178	21.75037588305509	16.938031759725497	-3.1177452997705646	1.1106158954555958	21.577369542942105	-2.8419072915249872	-4.653513852992292	-5.678812440492933	-4.742909305600123	-0.24601053396215064	-0.7316082239635677	-0.5633912531633833	-2.6533768149105654	0.4763102050059385	-2.455244171551653
m-Phenylenediamine	-1.1222163678237749	-2.4642309060674528	-0.08193679837168255	-7.408869938419568	3.0247665211263124	-5.512822381736435	-0.14222721914944503	6.422521652371289	0.6532683897213277	2.535240068295595	-0.0319856820534541	5.545517998288617	-5.568815854005594	-5.546056251563135	-5.226873256206492	-4.084589590739813	0.42655481693260294	-1.1557600892936821	-1.756898711751081	0.42364710442055964	-0.4236140241230004	-0.6896531149997274	0.917193456115733	-6.291542986985674	-1.3668387199841363
m-xylene	-3.7112680761762933	-3.2632422604209848	-1.3520282517177726	-9.830460312057378	-2.9560967958005375	-2.9491693924215876	7.402787354385823	-14.398442808952295	15.123493883278993	2.7969977499145307	0.9955959881261182	7.988168964672663	5.697373506839023	-5.985016811531667	-5.148855219693373	-11.625553615409451	-2.075982118148104	11.941840387080605	6.985334816905009	-10.652384069009981	1.2875098861216292	1.5699873481839106	4.619477635264019	-1.8016807307060712	-0.3754095915586135
methane	-0.18889174070623782	-7.6653279843750814	6.499721376781225	5.272166121777935	0.42109575222635415	-1.1260290611988657	-3.811606674493078	-1.9864733101057008	-8.010255833084882	4.893832111871443	2.9610498512568517	1.791400751166271	-4.150927115239754	1.9684210979239223	0.1269814320678713	2.157203357151862	6.325308129287982	2.729736394191407	-3.0956217014786804	3.555577490923691	2.215953770307054	2.8403200038333156	2.8676218626780066	0.4296046081743635	2.697445769725804
methanethiol	2.29344391879466	-6.462839112388864	6.007262441080885	-3.124517167281115	-0.4725955042501766	0.445673832890623	-2.31876676824345	-2.309598575028706	-1.1419259933553119	-0.6683642403304288	-3.9509808702139226	2.0993347566547462	-1.1204670543615272	-0.015609539179925967	1.4761004752956377	4.168616997577259	3.487564512717534	-0.2180059728299694	-1.3448068348038964	-0.6909088743695404	-0.4702140127039668	-0.74524925019863	0.00431903765654605	-0.8922600184565149	1.2433490138799252
Methenamine	-7.98689653508567	-4.818484884079518	-2.80598789125365	1.7932495449780974	-10.631401996830691	-2.982471409059228	9.161792772516689	-1.3174865915168288	-8.032709252182917	24.896709763675208	10.792459495337456	0.7414631191997378	-14.637373158445603	-1.8237918054903395	-8.655867051626881	0.5741336321565282	-4.757465332401759	4.35617527780142	-9.33303699999288	5.450177267405205	-4.008140745347742	7.798930281243162	3.839532780260459	-0.7537435053557953	5.245914319080061
methylamine	2.361470848759975	-6.916164656923846	5.914004848684815	-1.8951479773596194	3.952597514663026	-4.365823270568401	-2.172395251818818	-0.6067961897272119	-1.7328037878591502	3.0168428095657323	0.2087023164623442	-1.439354526082153	1.4279078219642172	3.456555198108489	-0.21612109435206997	-0.35023343628308506	-0.10323676520050275	-1.397923446048515	-0.6555162128074397	-1.9005216297385727	-0.02220441862562166	-2.834773775839804	-0.7000046005325323	1.9960900743980305	1.1831693410191408
methylcyclohexane	-6.8246636950064445	6.443364839347177	-3.69803601210182	12.780414396105458	-0.15746711364575178	6.407661535666937	-0.8591589251836004	-4.325286589204782	0.33119476137903614	-0.6140963752232573	-3.032990394555077	3.483898356841403	-4.292419335374241	2.634959336683322	-2.6015343179283468	-5.250849304552861	-0.04281187427870813	0.13707368278948204	-0.5231133391271175	3.200070724240379	-0.5065079886566317	3.3032748710496516	-3.8629394704786035	-1.601857734814828	-5.166280484836789
methylhydrazine	2.7043373199333693	-6.8581482880373335	6.922567897011094	-2.072495320956805	2.885820779733477	-3.106182350077287	-3.7535413032542153	-1.2011367594829654	-0.34957696599791294	-0.09752625590000188	0.1802892060017601	0.13563055806995833	0.8399292334657951	2.9600223640291086	-0.2642010007787881	-0.426289606370993	2.893375379459159	1.8421349064029904	-2.3090413716039637	-0.8624780875686889	0.19539525012710277	0.4615559558814607	-1.5277097445305106	2.1561466517405927	-1.8440006782821752
methyl_3-methyl-4-thiomethoxyphenyl_thiophosphate	-13.499965320394658	23.40233388383335	-31.173402166643907	-17.42234281235344	14.31492328106853	-11.489064139059538	8.663206824082495	-2.3390750159230365	-13.663797135330444	10.099597136554495	-9.027314311821977	-6.705263134218334	0.7926854144145994	-0.2454389416774577	-2.2116529754660617	-0.06869352108659485	4.065814184684351	-3.8787021667571957	-2.0284359025025673	1.079942815718984	0.1444469105821202	0.9628945195575085	-1.5976867405183608	0.1263570346324323	-3.423337511188198
methyl_acetate	-1.598082413887709	-3.8947869246882694	1.8732130560728748	2.08966666841255	-2.3065434336404724	1.3031795331155474	2.7858296221811454	-2.3366367174895104	1.8774673256470533	-0.7258747390044573	-0.2746235732097262	-0.28820264822161973	-1.7436796400738752	1.8597839636280276	-1.8363330338125212	-3.40036262731454	2.498209675596817	-5.795171343126181	1.352853829393727	-1.4789958152318416	-1.3166603487157507	-4.238941493298509	0.7242800595258724	0.7651803742166773	5.357496588361341
methyl_benzoate	-5.8663002132729165	1.464239463680192	-3.066863761783065	-1.9854309607118328	-4.231233581718534	5.5344299991477905	-1.9341938205946898	1.5511605425985875	14.081322903776881	4.682791239531793	5.585694372968954	6.095577678907728	-0.8382863431811574	-6.8029668573473066	0.6712261096803623	1.1132334700662383	14.619325890794693	-3.5361902253432307	4.469122499556475	1.880168751630066	-5.699518466623858	2.0326058416616424	-5.6555915038414115	-4.541074149093904	5.490739897583792
methyl_butanoate	58.44230180703937	6.9658447868891695	-12.140322819164274	4.778912351308978	-9.242182211693317	-7.929072734254134	-8.363253482966924	-2.168924284892217	1.0097362661012752	0.17576956609961536	-0.8637818459498089	0.5918058430820571	-2.58535183552434	-0.24623417498873618	0.2750251476150704	-0.008472344627659577	-1.7611229397394585	-7.963005081458497	2.492173336940086	-3.2123012949694743	-0.8600080896914019	8.473619789551726	5.272938085607954	1.5792545904367308	1.7724946199235214
methyl_formate	-0.03000425557052667	-5.511816536334192	3.170361520568956	2.653916261658588	0.7962443812162103	0.39483631249902856	-0.819535659656783	1.1393822557711344	-0.7035532655176483	-0.9102424747887061	0.2590765786862119	-1.6934153077898426	-3.6618887550563857	-2.0258803162634766	-4.478263710726215	-4.55017548152151	0.5403965954344505	-3.3876186256717897	-3.7323312475049906	-0.6836518288476503	0.5022515675792784	-1.8685277273059895	-1.538862769877606	-2.017636257014805	-0.35864131408264477
methyl_hexanoate	-6.525582926518225	5.270086128903396	-3.785729240320826	7.1273056715148755	-5.685094179315156	5.394244465770758	5.0003650130924155	-4.767033782759582	-0.6388510911535884	-6.1475357520162595	-7.101128075563193	-0.1042639665222953	-2.2620269326399627	3.99482266388716	0.8270713833203098	1.2666049054933377	0.5015757062334069	4.339253343976931	7.159543435112739	2.6969165053651287	-9.011022800870231	2.4783337872325077	-4.434340640394604	3.7279735016044513	-0.6798959931378316
methyl_isopropyl_ether	-2.0631814141080924	-3.5682023572135346	-0.34013090001662266	-2.623399527616732	-0.448694345256568	-1.4651555418062647	3.536602310583766	-4.092773447753845	0.5286521955943723	5.21646969424373	-1.6348054756580455	-2.420562202664572	-3.425128990566108	2.6173472653399354	2.1498948718350164	8.908721487975715	-3.8625670975313575	1.0782634902391437	4.181071927295738	-2.083488002658321	-0.7823145972360773	-1.4775226871683866	1.2199599417751306	-0.18469542981186554	6.290207550403318
methyl_octanoate	-9.417250921049039	9.175349643579114	-7.4675369583061695	11.454526572554999	-3.3067507177788436	6.814286212138768	1.6627736799680568	-1.2760473986723977	7.620634063304511	1.9663829017796182	4.119769366695524	-7.322231213320391	10.376866284472516	6.830346027733618	10.746962567210081	-4.845882021081548	-4.3740067230375645	-4.476069389858118	2.825531398631654	8.30081106863826	0.5300456241116471	2.026625372685164	-3.842000391827965	1.0005118116511695	0.0012048178406042157
methyl_pentanoate	-4.359666969196973	2.949700760227022	1.7065044697985554	7.319076257572672	-5.370660795019658	2.474108193156504	0.7320473622277113	1.9119778390889937	-2.4971536455363164	-7.939641229583967	-0.8681879782580749	-0.952256835046288	7.014619486795266	0.2038160632809968	-4.7677189127724535	-2.1396830125764525	-1.4678838192042745	2.7809076519022926	-1.180887331096711	4.2728005539863085	-6.049805414701226	0.23077113660913084	2.8387919733297053	1.2632111537802788	-3.6153567119728653
methyl_peroxide	0.1297680393729175	-5.854950196752777	2.922128519736615	-3.1029857646729644	0.1830057882664445	-1.6713826391410302	0.42939755873342683	-2.905485377981209	0.6126725273570085	3.8346148580325035	-1.2150350201244076	-2.6481413595896246	1.0719399731745278	-2.172648227347764	1.4374128651792362	1.9750747219846136	0.81419968115951	-0.8465091690684546	0.8974252272677583	5.527750070734399	-1.5083824843475342	-0.1948533125660362	-2.1179447712962527	1.1532986531005414	4.236304904078878
methyl_propanoate	-2.5893454127745885	-1.9518276812894713	0.8600132425491297	4.014746462570303	-5.314197893287009	2.549494704073694	5.199337816652708	-3.043090259893788	-0.24450056078616822	-1.7321213546432794	-3.0663924050877025	-0.7874686714314015	-1.6171940969293215	0.20064541148014753	-2.675471849632537	-5.650107133240312	4.880697418936087	-6.400224667222017	2.6308070374273784	2.580124718130937	-1.49733445242937	-2.701995360017196	-0.7028545265439762	1.9518365349782578	1.8743964383945881
morpholine	-0.9298141321087003	-3.413254957655902	1.9688252979112828	-1.659843155113651	-1.6421082022095281	-0.7168961460888778	0.7164072869256081	-0.7209732805722014	-2.6764990215769027	4.047927024770624	-2.8150117083999873	1.5178232645501195	-1.8027111452243607	-1.7165441734101508	-3.450162045707978	4.571932800794769	-2.642395033482318	1.5672690343329838	-0.8059592813503228	3.0075804056986715	-3.3130877210427236	-0.11292249466723045	0.8547510817329512	0.7381067881097758	-0.8890170161238807
N,N-dimethylaniline	-2.306858182476962	-2.7206898271131306	0.5273050842535184	-3.7226311514701766	0.5957592776146523	-6.54482131912215	2.1599789019154723	13.14458445314467	-0.13697633259155736	-0.5804214202400793	-2.0287242899000786	5.867863551349064	-8.497032875941393	7.287291493720791	10.290976440702925	-2.959112669762575	-5.363002517253297	8.164956130667598	4.944251260353297	-3.800187421338208	-1.0718167993328238	0.9668991125258335	2.506075127812705	-3.0075329502950376	-3.327150288183869
N,N-dimethylpiperazine	-0.5091730821297978	-1.6268426511673686	3.299680893772903	-4.533116380433296	-4.120371502499201	1.6756369959536648	-1.5868971426458236	-4.34951400244226	-3.1312915390115026	0.39895555453381154	-3.955545055736149	5.505413101388203	-1.3488188012995823	1.6004936481545764	1.1135545665553725	1.8682921152640466	1.8256458375895102	6.837947761617936	-0.9720927544607109	-0.7594975502458967	-9.835032672367694	0.9007102070675224	1.7791127316254864	-4.094741527841079	1.963584178385055
n-butane	-4.674780139235015	-3.7122516126813654	2.470553899271071	11.020294538319945	-3.5842242350082993	0.9377728972188206	-1.3414808187779492	5.566168077054943	-10.461345033859164	2.6833866065146235	5.140073557956168	6.9696302018775125	-1.3063713497010452	0.5530450760857168	-8.178499172084132	3.2277573812943006	9.101846053190986	1.0548907906602	-0.8167534222629806	4.6722898531549815	1.7176203227723041	1.6835946575253808	9.121223006922499	3.3075567864793345	3.5756637971536938
N-ethylaniline	-1.8188015183848794	-0.932154231015465	1.799591980795442	-8.793703038482299	-3.100149104588774	-1.0848132801009494	-2.630931745284494	10.294559437701972	8.322666918714125	-1.1088426159559155	-2.0352886617255335	7.7739673259687665	-5.710039735785275	9.392799671463322	1.5334939146476818	-3.4436245552853615	1.6546330550495192	4.395993816868826	-2.797693458308375	1.2811567642664259	-6.136769282842372	5.690494605740456	-10.238442636629593	-5.470807995033123	1.9827219697490308
n-heptane	-8.009324216420268	5.680920469922609	-7.096161246517804	13.548593063909209	5.926508686713672	4.74057372240142	-2.473579101892581	-4.106470617794455	1.8691225222323693	3.4279644874085053	1.907181552024161	2.401279909623557	-6.131121888001875	4.138979670245084	-2.8540101547303087	-6.705637067119872	3.191822176684661	-1.288143784560803	0.6023653481053848	0.37381966231961583	5.123223605882339	1.503770441838039	-0.7717729979738126	-3.6797490569140656	-7.491451019441474
n-hexane	-5.968568647173324	3.054246880093838	-5.058415669878097	8.876203381135129	6.660663464539379	4.3414523051761496	-4.560344898235605	-3.384454567790073	1.2407038735575449	3.1951235425997364	0.4831768958565462	-0.7537685946913155	-3.2816426599072703	-3.685889516794922	-6.230695486790098	4.170870054583309	-4.107447932962243	0.2666340301211754	0.24953852423118333	6.2130123481013975	3.649707951042267	-0.15785331531455526	2.5485252747591702	-1.55571582817251	-0.4100029684905951
N-methylacetamide	-0.7631572583276367	-3.8462074531295696	0.9794947751332175	-1.5552381378245363	2.681398427564534	-1.3220613924824338	-0.6860248096195036	-3.771607144993498	-1.9482445108875421	6.141267836310553	0.1021901181935285	-3.1716545542759205	-1.830046983122343	-3.086387855349192	1.248113991477589	-0.5407128977475728	-3.7385315332826092	-0.5327270889513696	-1.0832567984776953	1.6846943547928697	-6.482578606501952	-2.7856312290890513	-0.5392680184001185	2.0293066425444506	3.619414565557312
N-methylaniline	-0.41897742984274655	-3.9010735160166523	1.9828099468197602	-4.680955493776323	1.7642037551191314	-2.790768198566646	-0.5953837430232513	7.135772672440959	4.972236308042	0.1806116552113207	-6.546810395804393	6.77659917872171	-2.7407357914141928	5.466119218184349	1.0068661297385972	-6.209611984680844	-4.167031192843809	1.6677031959941748	-3.7092561949621863	-0.6341599459155055	-3.125195842091196	2.1290562351978055	-7.337973436233788	1.4230837384549893	3.0605291184613943
N-methylmorpholine	76.59045095781498	8.678335266611711	-17.69194543073963	5.318397343031177	-2.9947227492336213	5.616807056403975	9.27857664476539	3.1445301524064084	1.4183378059587033	2.011258204497881	5.278482235251933	0.944882399704564	0.3055651838340524	-0.06022102806860391	-0.3856336355382117	0.015647167518217424	2.8107552535859126	10.762056805610626	-3.8835581147010463	3.382560489257492	3.7270160137052275	-14.302174661222155	-6.2428403403241495	0.4767778158721639	1.1643181819363244
N-methylpiperazine	64.429314730157	6.789602090210815	-13.628649419043585	4.617018797688553	-1.8862502540109218	6.638539585556181	10.675481755115023	3.66157005116718	1.1162806865377581	2.5697955280451623	6.419245624126872	1.0836877053483007	-0.13417643478664237	0.2035302218610968	-0.18836616144877277	1.3229241365977613	4.880874052099806	16.6521915282724	-6.285105705261139	6.240954816576764	3.3439511627119054	-13.346322142710752	-4.647869505286352	-0.9220601127135577	-1.1622458606215307
N-Methylthiourea	1.10800786421789	-4.103600627354344	6.106169736681305	-2.921382535885449	0.7342558817158011	-3.6605054287620233	-3.4353372212527664	4.546971330989614	-0.34441865807014527	0.7733559025122967	1.7129623035011066	-0.5733729639526394	-2.103127596748125	-0.7069374423233649	5.103365693966782	-0.3356300343568418	1.1023556468881937	4.663964025778367	5.316722316628569	-1.6295057972128058	-0.3660903548726575	-1.5465085297045087	3.0728136779155064	-10.026271091449955	-3.7030335783173443
n-octane	-9.05633240727735	6.094721147436996	-8.001036390936152	13.788862909813139	2.9665544104454065	9.825101951630511	-3.7537986570762034	-3.5528885409809794	1.69988071935609	-4.517582995349671	2.313199122355117	-2.1544877385844834	-6.455758564583338	-1.4589401994405022	-4.793797591846995	0.15773027104047246	-0.14042452470735292	2.136209419863804	-0.8606440375483867	0.8652860328752598	-1.0623479040444808	0.9592469705392331	3.7134881621354876	-3.2223465881818916	0.12604195289996548
n-pentane	-4.313046769984561	1.1646671827957522	-2.701654470199339	8.950399954716737	6.550358959427026	3.1734700905740794	-5.51804921153691	1.821092930480033	-1.1258317518341918	-0.8301203532697407	2.1954949071674568	-1.061207615356856	-0.5904993635355827	-2.9821728062466337	0.7141136504008242	3.759854686368377	-3.2131280068255483	4.312914685647722	-1.2855654752378058	-10.405344249036292	0.7411788235257594	-0.5753955598954104	1.874123490275708	-1.904271950126423	3.9909970394848435
n-propane	-1.2652120374205567	-0.6510398312594738	-1.1222662930839316	4.1810596507472235	10.308019720816331	-2.3805687456603564	-5.209656022019154	1.5950586488806182	-3.3643802357262635	2.2019962044225534	-1.638366755647498	3.7235575163052994	2.1674232366956194	-6.743183045028067	4.596491387573143	2.780605708343815	-1.381732007676642	1.251343825721353	2.8538570918270985	-0.26744206667664633	-1.5031675850250592	-2.449964810537092	-1.8585340619657134	3.2614008635315246	-0.47393673120871854
naphthalene	-2.9071413943820623	-3.684109022357958	-1.0289373061804505	-17.248189929027372	-8.219131107434084	10.495544837647667	-10.151401723055354	10.80775231599345	8.428085296253503	1.4426771449280706	13.810867709947086	-7.395712470892296	0.5075481715522345	-10.521118008496149	-6.245129853845254	10.086426106914965	3.53657297926404	0.43786943242163057	12.47195504805215	-1.5463732333976148	7.370328878053172	3.5674226927598167	-5.7037550629584945	4.556984756677561	-1.5385680499261338
nitrobenzene	42.74476293215417	1.8841384676968702	-4.869307653378676	1.557875325839387	-4.309921701869105	-7.4136638354918585	-9.9978347308725	-2.902031508566682	0.863757498278631	-2.102311551976333	-4.085561615534299	-0.2637781410885167	0.10907583906888836	-0.19020709004248648	0.1457496097673229	-0.9072584358933468	-4.1461621785667395	-11.95022691128285	4.624146132900228	-4.823196328731112	-2.4006717258994654	8.536154384101165	3.089290882924619	0.08017663839267615	0.5247279016338311
nitroethane	-2.0074011882258636	-4.248776523337106	-1.256358082123572	2.0494041346862164	5.258920094245944	-1.9204626764295467	-1.4969412082171705	14.064250167176647	-0.016167287654786713	-8.392499823308558	1.0576333660892603	3.7379741339802743	-7.522312162422145	-4.5528847792901335	6.628396655846604	-5.144614760234798	-0.9820051464111139	-1.3664313865693671	0.12779847862468743	-1.200570947776215	-0.08370965554561925	-2.9942173154794918	5.387732209339428	4.550293894621054	5.35732635190305
nitromethane	11.451209654078271	-5.673228040899449	6.94799760960148	-3.305639341365511	3.8803151851827233	-2.345925438726046	-5.038252053287925	-1.9846670712455077	-1.2930584829255052	-2.3431242922320874	-4.621621196700395	-1.286125328919523	1.8165763889472837	0.011322927602967159	0.24239774558263072	-1.2078355350965602	-1.549643772608609	-3.3489987775610253	1.302839653899388	-0.45712067103500276	0.19457101449683462	-3.9448019954914733	-3.741997371474195	-0.2672532174082544	0.22171729185184613
o-chlorotoluene	-2.640202785580776	-1.7874618438517451	-2.5288901943930897	-4.033522470270305	2.9360782829495116	-3.519166005292924	4.231152044492086	-4.824375657729957	3.524625904982605	-4.978977886042624	-1.0681284947289365	3.887423486912102	2.1236582307780725	-0.7838330109617584	-9.017365725227993	5.291838623009371	-7.6243727454999215	-0.6707397118121177	1.3602539427765095	3.733399332613659	5.268929596896663	-1.822386420725572	3.4607523805814386	2.2758741668457345	2.3162851585449347
o-cresol	-1.4638438404827312	-3.59712932242286	0.04687948837790179	-3.8583369993661245	0.36868519643496767	0.28392098584091063	0.2956272381841334	-5.067424820782679	2.6751571813724264	-0.7822604519707113	2.1694014459882744	-9.305635401212232	-2.786466574365231	-0.892925073483764	3.0389503249130216	4.553622381053632	-2.112781671409844	3.3333580750717067	-2.8602597883327756	-1.5867803907580667	-2.425358577189243	0.5956930039823832	2.4131918239669092	2.072423883420103	3.1096409265423772
o-xylene	-3.2799071424903987	-2.8898579727324254	-0.43492141261977457	-3.9243763609933833	-3.6628680458140397	-2.8556279797560404	7.968687162353656	-8.27302182849638	3.052858259305557	9.403385685667956	0.1672713213328468	2.549350588216712	1.3163152375947065	-8.210125169207501	-8.772591900625422	-7.550816042066263	-8.783885277504655	1.8990623496515806	4.973609552175524	-5.777262931242062	-4.004654155093626	-3.737623322285556	2.1181124856711238	-5.286121232718544	2.5017065312566413
octafluoropropane	15.160807608209431	1.3217926957907096	8.428113513257834	-4.122117039305623	2.6995750064708117	-3.231432133114552	-5.611708205902223	-2.3504924427198874	-1.5006533351004188	-1.694583724500931	-3.978273882275616	-0.5995556542332453	-0.2029995767562701	-0.5107751685959333	0.1813162747119684	-1.1008340194030695	-1.5346158047436955	-2.6324968027020903	0.3086094177000201	0.032838746342490135	1.5655196007932421	-6.936618831412388	-3.733571479749813	1.2908852144684193	0.7977861664472612
octanal	-5.3212543943166235	0.2812951097910913	0.34214688647548364	1.7346454812106111	-7.015724610591876	-4.6280104042295935	7.113657340878197	12.808501790781815	3.1508306215787045	-0.666747667471726	0.8166618240894635	-1.5891743998893488	3.809869986357203	0.2911209467319328	5.94697725640145	6.649741951641654	-4.961171298942587	-2.173864505442279	-3.7001938702553634	-4.662778952279863	10.830597199142387	-0.8657512760128374	5.398513938703177	-4.0500142269965345	-2.328397762034143
p-bromophenol	-2.29899763125625	-0.454239570250105	0.3278754825513156	-2.801154937565144	3.265604246279654	-7.864390480548178	1.8694642113707753	5.4491710911008555	-0.6785248599733976	-1.6480678630243226	1.7799936322452634	4.892033761588121	-1.055192442053399	0.8716933158281428	-2.604802400590841	-3.2604556807816665	-12.71528115112166	5.69327019065866	1.5333940207024501	5.095530357387449	3.8366100667852265	3.8621450807573665	2.1097538087340233	1.4796724337443266	-2.0561001251293782
p-bromotoluene	-3.7475884773413535	2.716423151415802	-3.6560915116797257	-9.426752011384623	0.6223242590687165	0.9607495268284671	-2.8348810240276743	-3.2995368437885646	8.261364239036878	-3.387010820040915	5.207919746557095	-0.4763427183629942	6.894077683675888	4.0921292688483	-2.3978324696189084	8.04942138174031	-3.6880018501503966	-1.9708981537514334	-5.195352301877757	8.373574935086735	-2.6121731278962756	2.0573248002705653	-1.1554516383899156	-8.66949979026786	8.45916118019056
p-cresol	-0.5147430245258818	-4.743451198452079	3.470696087071261	-4.068656335126641	-0.5103301195743583	-1.1087208107593818	-1.0308749537606263	2.242842667698174	8.126630442406434	-1.5131385023216706	3.358898487001239	-4.995020177872763	-1.5206155079248216	6.6286660359257406	2.2382428937934535	2.3191999978927327	0.7864755444961404	-2.583948597036186	3.5394137519987874	4.788857094263488	2.093159231878702	-2.5807438870571833	1.7523065485950988	-2.060728420673415	-3.9861768664777935
p-dibromobenzene	-3.5588757356209615	2.403081134257071	-3.6097123895400363	-7.079162890796401	6.308571576088777	-5.63529048867291	-0.3300780455578693	-6.724535121490365	8.681163827445856	-3.2092353807436393	6.997587300969723	3.356382110943087	3.412919624074563	14.3420466123299	-0.5733289746187069	-2.891837046593959	-2.7795464145005337	9.653719047298171	16.801429998488423	2.8517775994982415	2.576804822271465	2.102169941030316	3.45154122132411	-1.7137321994501318	-4.895251670991154
p-hydroxybenzaldehyde	1.881048721733064	-5.792466271229799	4.63698860399453	-3.724410712817363	0.7097936611991139	-1.8382681265603016	-1.735022841762693	-2.0319269234497694	-0.3673937716710191	-1.7331239316704268	-0.05973290779635688	-0.4205526450886661	1.0783940928900906	-0.4032681362081231	0.5729601205413487	4.699847510025303	3.5198774268990043	0.0655037528502417	-0.18209586025082541	3.0668103880838413	2.4602855705889852	0.17681874878424217	0.42792630353752503	1.058242975527925	2.5042063948042483
p-xylene	-2.64241432367242	0.026570946946079598	-2.8611035086719436	-6.42997879577269	0.0890912207637727	-1.4147701979841267	3.8896376607243597	-4.652396738608355	-0.7030047785467184	-4.035212350856926	-5.101323468263313	3.9520753198478835	1.1214582473574422	1.4161028211963935	-2.343310529741393	3.4138585174396163	2.743612997593233	-2.8418384035007613	-0.9788063848171009	-4.269160818204098	-0.7490915675445542	-3.155604634998448	-1.2912163560795107	-5.8803480129764605	-2.6828633826390558
pentanal	-1.9789904234959637	-4.899717257214827	2.6852210881505574	-0.7568834312980448	-5.738678449721276	-2.4136261208385856	7.191138503057004	7.662214484456815	2.0727159756346896	-6.462919993296602	-5.850728866685499	4.028384029144064	-8.422736320494796	1.9289184523716987	1.2829221671315754	-3.2472624702496264	2.0325071502192205	-2.7071370767201874	1.0042091227872358	-1.6667431738372376	4.5590139548838815	-0.7169502881495785	-1.5132460584913432	-2.6324665736621156	-1.1844488427671875
pentylamine	-1.9720595942354544	-1.5159859540774558	2.865667813279141	2.6476727223873873	-4.788029008576519	-1.4161047195294247	5.803822247210207	-2.402402647070202	0.6801213011724259	1.447670821283363	-4.434014726466346	-1.9360819492801855	0.8476612989971326	0.9744778712313761	-1.608568314600773	-6.171243966547679	2.827658628266335	-3.4199955187076956	-0.9834171984940594	-3.68346085763436	-2.7599171412537187	-2.2401850813325885	-3.9525527826817646	3.836736996141361	-3.4876844320626876
pentyl_acetate	-5.424596728055635	4.490971975621766	1.6195221719860504	8.041115976983741	-7.3467622256173435	3.638326226332049	1.220865997553427	0.01003497250484375	1.6775557699439554	-0.7625335755526158	1.2028675922133352	-7.892014180217232	6.88212031642222	-2.4178621217287266	1.9944191812758145	-3.2485678126790454	-3.9463551599613425	0.13759923049237452	-8.80959339603799	-5.188509297529345	-3.760678399137239	-0.07371808901619391	-0.8843262927958313	-3.9651566259826754	-6.005797129265509
phosphine	3.0011152670718584	-6.840181336840937	6.060246035347263	-2.554324028586328	2.2368243657119367	-0.4587050564559635	-3.3437422761457594	-2.5925342630658057	-0.08172471832382103	-1.561723461477152	-2.2980847264709396	-3.8417742189231485	1.9953492793692416	-1.0641996124587523	2.041092044515464	5.235796025551889	-1.2090262708427415	-1.2617167869933357	0.32026827330396435	4.410089920484489	0.37661157246267035	-2.1772536315348754	-0.3480871004583803	-0.07232761043972544	0.4926848408287
piperazine	0.4211752287650533	-4.208105837838093	5.700372070523843	-2.1645514991967403	-2.69295960678973	-0.6745607103100965	-1.1084217936787235	-0.5360007150695634	-3.0001016504100013	1.743402993829891	-1.4090051255257583	4.196734599203752	-1.184364466663939	-1.8402373528398392	-5.628341277217636	0.1870579542155505	-3.2123537155734	0.991616368692673	-3.832998563513284	3.1252881823578	-2.052778898322481	1.2241291038599684	-0.055105213530052356	-3.823363209881189	-3.107058166808643
propanal	-0.4890474488767407	-5.03064109311282	3.4136541851802664	-4.463593524801781	-1.2780250505222728	-4.830452044388084	1.2701619323366815	4.868367048391917	-0.2531483301150445	1.6853236923323593	3.304031325089362	-6.2557994986587335	-5.776196016435517	0.5626028314442368	5.357437940283172	1.1162299268286342	1.0397859595730223	1.4390757701197483	5.520161686137173	2.885132911783541	-2.123742475214975	-3.776503345827295	7.098759261387201	-2.6638329980896343	-5.898088124567403
propanoic_acid	-1.0533390203368602	-3.8858475675218793	1.5828557144404758	-0.13118621304718633	0.6035034811200789	-1.8338374284048475	2.6331444497804806	-1.9825811160624824	0.006769433083753992	0.702362593002405	-3.711118759509285	-0.9110704730918044	-1.7589321187637241	-1.9207275009407712	-0.4694020922763103	4.650779288671658	-2.576661704560576	-1.1563173168590448	4.609904741552459	5.85146313973302	3.7612938729317054	1.1758086353553852	-4.086748128877038	1.8265943341130217	2.2719354194727086
propene	0.969431777592819	-3.5121804651837913	5.27364506256002	-1.5083299414775833	-2.7029640450075116	1.6437156544014129	-0.5518315368325205	-5.232498249134404	-1.151899569878817	1.173463301830814	-4.304973722420957	-2.466082256401802	2.281724812877948	-0.9618845881254704	3.3077592303109156	2.3130379602767395	-1.2348223348685998	-0.4476180543864966	0.5184486802712847	-1.8833673300332006	-4.46416061835158	-3.016397565779518	-0.6992216939154315	-3.971333383592137	0.008083407841735078
