-23.25486913	0.0
-23.22386913	0.0
-23.19386913	0.0
-23.16286913	0.0
-23.131869130000002	0.0
-23.10086913	0.0
-23.070869130000002	0.0
-23.03986913	0.0
-23.00886913	0.0
-22.977869130000002	0.0
-22.94786913	0.0
-22.916869130000002	0.0
-22.88586913	0.0
-22.85486913	0.0
-22.823869130000002	0.0
-22.79386913	0.0
-22.762869130000002	0.0
-22.73186913	0.0
-22.70086913	0.0
-22.67086913	0.0
-22.63986913	0.0
-22.608869130000002	0.0
-22.57786913	0.0
-22.547869130000002	0.0
-22.51686913	0.0
-22.48586913	0.0
-22.454869130000002	0.0
-22.42486913	2.5379375050000005e-14
-22.393869130000002	8.070330887999999e-13
-22.36286913	2.0773042379999996e-11
-22.33186913	4.443249108e-10
-22.30186913	7.881816934e-09
-22.27086913	1.15931946e-07
-22.23986913	1.414576191e-06
-22.20886913	1.4315197850000002e-05
-22.17886913	0.00012016448789999998
-22.14786913	0.0008368488216
-22.11686913	0.004835421519000001
-22.08586913	0.02317964093
-22.05486913	0.09221831618
-22.02486913	0.3044567798000001
-21.99386913	0.8340814803000001
-21.96286913	1.89646553
-21.93186913	3.579178092
-21.90186913	5.606269148
-21.87086913	7.289220289999999
-21.83986913	7.867021261
-21.80886913	7.046711468999999
-21.77886913	5.239285698999999
-21.74786913	3.233516552
-21.71686913	1.656220811
-21.68586913	0.7041198534
-21.65586913	0.24842895369999998
-21.62486913	0.07274468486999999
-21.59386913	0.01767536658
-21.56286913	0.0035641579350000003
-21.53286913	0.0005962484317
-21.50186913	8.276003276e-05
-21.47086913	9.529210103999999e-06
-21.43986913	9.101728142999998e-07
-21.40986913	7.210369671e-08
-21.37886913	4.737786044e-09
-21.34786913	2.581703692e-10
-21.31686913	1.1664669449999999e-11
-21.285869130000002	4.416137835e-13
-21.25586913	1.0151965564999998e-14
-21.224869130000002	0.0
-21.19386913	0.0
-21.16286913	0.0
-21.13286913	0.0
-21.10186913	0.0
-21.070869130000002	0.0
-21.03986913	0.0
-21.009869130000002	0.0
-20.97886913	0.0
-20.94786913	0.0
-20.916869130000002	0.0
-20.88686913	0.0
-20.855869130000002	0.0
-20.82486913	0.0
-20.79386913	0.0
-20.76386913	0.0
-20.73286913	0.0
-20.701869130000002	0.0
-20.67086913	0.0
-20.63986913	0.0
-20.60986913	0.0
-20.57886913	0.0
-20.547869130000002	0.0
-20.51686913	0.0
-20.486869130000002	0.0
-20.45586913	0.0
-20.42486913	0.0
-20.393869130000002	0.0
-20.36386913	0.0
-20.33286913	0.0
-20.30186913	0.0
-20.27086913	0.0
-20.24086913	0.0
-20.20986913	0.0
-20.17886913	0.0
-20.14786913	0.0
-20.11786913	0.0
-20.08686913	0.0
-20.05586913	0.0
-20.02486913	0.0
-19.99486913	0.0
-19.96386913	0.0
-19.93286913	0.0
-19.90186913	0.0
-19.87086913	0.0
-19.84086913	0.0
-19.80986913	0.0
-19.77886913	0.0
-19.74786913	0.0
-19.71786913	0.0
-19.68686913	0.0
-19.65586913	0.0
-19.62486913	0.0
-19.59486913	0.0
-19.56386913	0.0
-19.53286913	0.0
-19.50186913	0.0
-19.47186913	0.0
-19.44086913	0.0
-19.40986913	0.0
-19.37886913	0.0
-19.34886913	0.0
-19.317869130000002	0.0
-19.28686913	0.0
-19.25586913	2.7074816020000003e-15
-19.22586913	1.1099094900000001e-13
-19.19486913	3.31905892e-12
-19.163869130000002	8.43044146e-11
-19.13286913	1.775175544e-09
-19.10186913	3.10009225e-08
-19.07186913	4.4908941799999996e-07
-19.04086913	5.396693639999999e-06
-19.009869130000002	5.3803856399999994e-05
-18.97886913	0.00044508263300000004
-18.948869130000002	0.0030549944299999997
-18.91786913	0.017400447280000002
-18.88686913	0.08225240679999998
-18.855869130000002	0.322711514
-18.82586913	1.050888375
-18.794869130000002	2.8404095
-18.76386913	6.37369629
-18.73286913	11.872037610000001
-18.70286913	18.359907419999995
-18.67186913	23.569067899999997
-18.640869130000002	25.119516500000003
-18.60986913	22.2269958
-18.579869130000002	16.32829795
-18.54886913	9.95839127
-18.51786913	5.04154432
-18.486869130000002	2.118826885
-18.45586913	0.739104646
-18.425869130000002	0.21406124200000007
-18.39486913	0.051448046
-18.36386913	0.010262033719999999
-18.33286913	0.0016989154240000003
-18.30286913	0.00023338488
-18.27186913	2.66013372e-05
-18.24086913	2.51565819e-06
-18.20986913	1.9736616900000003e-07
-18.17986913	1.284311439e-08
-18.14886913	6.932562639999999e-10
-18.11786913	3.10339089e-11
-18.08686913	1.153216663e-12
-18.05686913	3.79004644e-14
-18.02586913	0.0
-17.99486913	0.0
-17.96386913	0.0
-17.93386913	0.0
-17.90286913	0.0
-17.87186913	0.0
-17.84086913	0.0
-17.81086913	0.0
-17.77986913	0.0
-17.74886913	0.0
-17.71786913	0.0
-17.68686913	0.0
-17.65686913	0.0
-17.62586913	0.0
-17.59486913	0.0
-17.56386913	0.0
-17.53386913	0.0
-17.50286913	0.0
-17.47186913	0.0
-17.44086913	0.0
-17.410869130000002	0.0
-17.37986913	0.0
-17.34886913	0.0
-17.317869130000002	0.0
-17.28786913	0.0
-17.256869130000002	0.0
-17.22586913	0.0
-17.19486913	0.0
-17.16486913	0.0
-17.13386913	0.0
-17.102869130000002	0.0
-17.07186913	0.0
-17.041869130000002	0.0
-17.01086913	0.0
-16.97986913	0.0
-16.948869130000002	0.0
-16.91786913	0.0
-16.887869130000002	0.0
-16.85686913	0.0
-16.82586913	0.0
-16.794869130000002	0.0
-16.76486913	0.0
-16.733869130000002	0.0
-16.70286913	0.0
-16.67186913	0.0
-16.64186913	0.0
-16.61086913	0.0
-16.579869130000002	0.0
-16.54886913	0.0
-16.518869130000002	0.0
-16.48786913	0.0
-16.45686913	0.0
-16.425869130000002	0.0
-16.39586913	0.0
-16.36486913	0.0
-16.33386913	0.0
-16.30286913	0.0
-16.27186913	0.0
-16.24186913	0.0
-16.21086913	0.0
-16.17986913	0.0
-16.14886913	0.0
-16.11886913	0.0
-16.08786913	0.0
-16.05686913	0.0
-16.02586913	0.0
-15.995869129999999	0.0
-15.96486913	0.0
-15.933869130000001	0.0
-15.90286913	0.0
-15.872869130000002	0.0
-15.84186913	0.0
-15.81086913	0.0
-15.779869130000002	0.0
-15.74986913	0.0
-15.718869130000002	0.0
-15.68786913	0.0
-15.65686913	0.0
-15.62686913	0.0
-15.59586913	0.0
-15.564869130000002	0.0
-15.53386913	0.0
-15.50286913	0.0
-15.47286913	0.0
-15.44186913	0.0
-15.410869130000002	0.0
-15.37986913	0.0
-15.349869130000002	0.0
-15.31886913	0.0
-15.28786913	0.0
-15.256869130000002	0.0
-15.22686913	0.0
-15.195869130000002	0.0
-15.16486913	0.0
-15.13386913	0.0
-15.10386913	0.0
-15.07286913	0.0
-15.041869130000002	0.0
-15.01086913	0.0
-14.980869130000002	0.0
-14.94986913	0.0
-14.918869130000001	0.0
-14.887869130000002	0.0
-14.857869130000001	0.0
-14.826869130000002	0.0
-14.79586913	0.0
-14.764869130000001	0.0
-14.733869130000002	0.0
-14.703869130000001	0.0
-14.672869130000002	0.0
-14.64186913	0.0
-14.610869130000001	0.0
-14.58086913	0.0
-14.549869130000001	0.0
-14.518869130000002	0.0
-14.48786913	0.0
-14.457869129999999	0.0
-14.42686913	0.0
-14.395869130000001	0.0
-14.364869129999999	0.0
-14.334869130000001	0.0
-14.303869129999999	0.0
-14.27286913	0.0
-14.241869130000001	0.0
-14.21186913	0.0
-14.180869130000001	0.0
-14.149869129999999	0.0
-14.11886913	0.0
-14.087869130000001	7.59774071842e-14
-14.05786913	2.25234603949e-12
-14.026869130000001	5.72533220266e-11
-13.995869129999999	1.2062270912899999e-09
-13.96486913	2.1071997802799997e-08
-13.93486913	3.05308247592e-07
-13.90386913	3.66880709164e-06
-13.872869130000002	3.65687108267e-05
-13.84186913	0.00030237667137199997
-13.811869130000002	0.00207436322904
-13.78086913	0.0118062760754
-13.74986913	0.055756199652700004
-13.718869130000002	0.21851256682300002
-13.68886913	0.7105806790949999
-13.657869130000002	1.9178818993000002
-13.62686913	4.29622184545
-13.59586913	7.98739328445
-13.56586913	12.3276425603
-13.53486913	15.7884351459
-13.503869130000002	16.7875052921
-13.47286913	14.814897772899998
-13.442869130000002	10.854250469599997
-13.41186913	6.59892972111
-13.38086913	3.3305240653599997
-13.349869130000002	1.3950854350500002
-13.31886913	0.4849969601819999
-13.288869130000002	0.13992232568800003
-13.25786913	0.033500643796800005
-13.22686913	0.00665532358432
-13.195869130000002	0.0010971587068900003
-13.16586913	0.000150045077165
-13.134869130000002	1.70247756111e-05
-13.10386913	1.6023670693799997e-06
-13.07286913	1.25080858908e-07
-13.04286913	8.09823900063e-09
-13.011869130000001	4.34818873777e-10
-12.980869130000002	1.93638724212e-11
-12.94986913	7.163664979400001e-13
-12.919869130000002	2.17087766983e-14
-12.88886913	0.0
-12.857869130000001	0.0
-12.826869130000002	0.0
-12.796869130000001	0.0
-12.765869130000002	0.0
-12.73486913	0.0
-12.703869130000001	0.0
-12.67386913	0.0
-12.642869130000001	0.0
-12.611869130000002	2.08764573e-14
-12.58086913	7.019307400000001e-13
-12.549869130000001	1.94381147e-11
-12.51986913	4.457928700000001e-10
-12.488869130000001	8.4781799e-09
-12.457869129999999	1.3371929300000004e-07
-12.42686913	1.7491948500000003e-06
-12.396869129999999	1.89799002e-05
-12.36586913	0.000170834976
-12.334869130000001	0.0012756499500000001
-12.303869129999999	0.0079029765
-12.273869130000001	0.040624469999999996
-12.242869129999999	0.173286947
-12.21186913	0.6133907399999999
-12.180869130000001	1.8020372900000001
-12.15086913	4.393398100000001
-12.119869130000001	8.8913802
-12.088869129999999	14.934792700000001
-12.05786913	20.8221883
-12.02786913	24.097521
-11.99686913	23.149917799999997
-11.965869130000002	18.4596435
-11.93486913	12.219012999999999
-11.90386913	6.713035199999999
-11.87386913	3.0611109
-11.84286913	1.15862919
-11.811869130000002	0.3639387
-11.78086913	0.09487691099999998
-11.750869130000002	0.0205235643
-11.71986913	0.003683958
-11.68886913	0.0005486779400000001
-11.657869130000002	6.7798765e-05
-11.62786913	6.949532000000001e-06
-11.596869130000002	5.9092478e-07
-11.56586913	4.167466199999999e-08
-11.53486913	2.4373731000000004e-09
-11.50486913	1.18223301e-10
-11.47386913	4.7649364e-12
-11.442869130000002	1.6178850100000002e-13
-11.41186913	0.0
-11.381869130000002	0.0
-11.35086913	0.0
-11.31986913	0.0
-11.288869129999998	0.0
-11.25886913	0.0
-11.227869129999998	0.0
-11.19686913	0.0
-11.16586913	0.0
-11.134869129999998	0.0
-11.10486913	0.0
-11.073869129999999	0.0
-11.04286913	0.0
-11.011869130000001	0.0
-10.98186913	0.0
-10.950869130000001	0.0
-10.919869129999999	0.0
-10.88886913	0.0
-10.858869129999999	0.0
-10.82786913	0.0
-10.796869130000001	0.0
-10.765869129999999	0.0
-10.735869130000001	0.0
-10.704869129999999	0.0
-10.67386913	0.0
-10.642869130000001	0.0
-10.61286913	0.0
-10.581869130000001	0.0
-10.550869129999999	0.0
-10.51986913	0.0
-10.489869129999999	0.0
-10.45886913	0.0
-10.427869130000001	0.0
-10.396869129999999	0.0
-10.36586913	0.0
-10.335869129999999	0.0
-10.30486913	0.0
-10.273869130000001	4.806355672e-15
-10.242869129999999	1.4659471079999998e-13
-10.212869130000001	4.1333595719999995e-12
-10.181869129999999	9.688352865e-11
-10.15086913	1.8826451960000003e-09
-10.119869130000001	3.033570728e-08
-10.08986913	4.054463039e-07
-10.058869130000001	4.494122864e-06
-10.02786913	4.131949160999999e-05
-9.99686913	0.0003151681767
-9.96686913	0.001994385159
-9.93586913	0.010471567027
-9.904869129999998	0.04562038267000001
-9.87386913	0.1649273401
-9.843869129999998	0.4947821933
-9.81286913	1.2320031340000002
-9.78186913	2.545929718
-9.750869129999998	4.366835927
-9.71986913	6.216622073
-9.689869129999998	7.346074075
-9.65886913	7.205436795
-9.62786913	5.86624325
-9.596869129999998	3.9639832160000004
-9.56686913	2.223456531
-9.535869129999998	1.0350864145999998
-9.50486913	0.3999248318
-9.47386913	0.1282401806
-9.44386913	0.03412387507
-9.41286913	0.007534950249000001
-9.381869129999998	0.0013805787989999998
-9.35086913	0.0002098652125
-9.320869129999998	2.646703801e-05
-9.28986913	2.768951274e-06
-9.25886913	2.4028182559999995e-07
-9.227869129999998	1.729463555e-08
-9.19786913	1.032331614e-09
-9.166869129999998	5.1100919729999994e-11
-9.13586913	2.0955674130000002e-12
-9.10486913	7.690107341999999e-14
-9.07486913	0.0
-9.043869130000001	0.0
-9.012869129999999	0.0
-8.98186913	0.0
-8.950869130000001	0.0
-8.92086913	0.0
-8.889869130000001	0.0
-8.858869129999999	0.0
-8.82786913	0.0
-8.797869129999999	0.0
-8.76686913	0.0
-8.735869130000001	0.0
-8.704869129999999	0.0
-8.674869130000001	0.0
-8.643869129999999	0.0
-8.61286913	0.0
-8.581869130000001	0.0
-8.55186913	0.0
-8.520869130000001	0.0
-8.489869129999999	0.0
-8.45886913	0.0
-8.428869129999999	0.0
-8.39786913	0.0
-8.366869130000001	0.0
-8.335869129999999	0.0
-8.305869130000001	0.0
-8.274869129999999	1.45153256e-14
-8.24386913	4.6210752e-13
-8.212869130000001	1.30376214e-11
-8.181869129999999	3.0458571000000005e-10
-8.151869130000001	5.9009971e-09
-8.120869129999999	9.4809245e-08
-8.08986913	1.2634718200000001e-06
-8.058869130000001	1.3966402000000001e-05
-8.02886913	0.00012806754300000002
-7.997869129999999	0.0009742523699999999
-7.96686913	0.0061493476
-7.9358691299999995	0.032205264
-7.90586913	0.13997051400000002
-7.8748691299999996	0.50481467
-7.843869129999999	1.5110222000000002
-7.81286913	3.7538522000000003
-7.782869129999999	7.7406247
-7.75186913	13.2488674
-7.72086913	18.823138
-7.689869129999999	22.198827
-7.65986913	21.732244
-7.628869129999999	17.6606517
-7.59786913	11.9131468
-7.56686913	6.6710408
-7.535869129999999	3.1028393999999997
-7.50586913	1.21073136
-7.474869129999999	0.45377111
-7.44386913	0.3833491
-7.41286913	0.9510866499999999
-7.3828691300000004	2.545860749
-7.35186913	5.7755483100000005
-7.320869129999999	10.889927536599998
-7.2898691300000005	17.0460478953
-7.259869129999999	22.150606452299996
-7.2288691300000005	23.8931947615
-7.19786913	21.39586912688
-7.166869129999999	15.90394863209
-7.13686913	9.81338557233
-7.105869129999999	5.0265132624
-7.074869129999999	2.1369996522949997
-7.04386913	0.754132806409
-7.013869129999999	0.2208883249992
-6.98286913	0.053691491907399996
-6.9518691299999995	0.01083012174908
-6.920869129999999	0.0018128031016959997
-6.89086913	0.00025178074652499997
-6.859869129999999	2.90117623794e-05
-6.82886913	2.77358415443e-06
-6.79786913	2.1993631923379998e-07
-6.766869129999999	1.4467416713550001e-08
-6.73686913	7.89228536225e-10
-6.705869129999999	3.5709444583900003e-11
-6.67486913	1.336627921072e-12
-6.64386913	4.11273182084e-14
-6.61386913	0.0
-6.58286913	0.0
-6.551869129999999	0.0
-6.52086913	0.0
-6.490869129999999	0.0
-6.45986913	0.0
-6.42886913	0.0
-6.397869129999999	0.0
-6.36786913	0.0
-6.336869129999999	0.0
-6.3058691300000005	0.0
-6.27486913	0.0
-6.2448691300000005	0.0
-6.21386913	0.0
-6.182869129999999	0.0
-6.151869130000001	0.0
-6.121869129999999	0.0
-6.090869129999999	0.0
-6.05986913	0.0
-6.0288691299999995	0.0
-5.997869129999999	0.0
-5.9678691299999995	0.0
-5.936869129999999	0.0
-5.90586913	0.0
-5.8748691299999996	0.0
-5.84486913	0.0
-5.81386913	0.0
-5.782869129999999	0.0
-5.75186913	0.0
-5.721869129999999	0.0
-5.69086913	0.0
-5.65986913	0.0
-5.628869129999999	0.0
-5.59886913	0.0
-5.567869129999999	0.0
-5.53686913	0.0
-5.50586913	0.0
-5.47586913	0.0
-5.44486913	3.1321079e-14
-5.413869129999999	9.733587e-13
-5.3828691300000004	2.6292668e-11
-5.35186913	5.8905498e-10
-5.3218691300000005	1.0945646e-08
-5.29086913	1.6869275e-07
-5.259869129999999	2.1566698e-06
-5.2288691300000005	2.2873776000000002e-05
-5.198869129999999	0.00020126700999999997
-5.167869130000001	0.0014694691
-5.13686913	0.008902285
-5.105869129999999	0.044759127
-5.07586913	0.18675443000000003
-5.0448691299999995	0.6467459
-5.013869129999999	1.8590615000000001
-4.98286913	4.4358173999999995
-4.952869129999999	8.786456
-4.92186913	14.449378999999999
-4.89086913	19.736124000000004
-4.859869129999999	22.420905
-4.82986913	21.300759999999997
-4.798869129999999	17.285665
-4.76786913	12.891287
-4.73686913	10.5630759
-4.70686913	11.1961148
-4.67586913	13.7593543
-4.644869129999999	16.064893899999998
-4.61386913	16.1957306
-4.58286913	13.6931278
-4.55286913	9.63514713
-4.52186913	5.63178286
-4.490869129999999	2.73622178
-4.45986913	1.1225031799999998
-4.429869129999999	0.46632290000000004
-4.3988691300000005	0.46957941999999997
-4.36786913	1.17893818
-4.336869129999999	3.0684463400000004
-4.30686913	6.85616542
-4.275869129999999	12.937036500000001
-4.2448691300000005	20.5743505
-4.21386913	27.541450600000005
-4.183869130000001	30.988328799999998
-4.15286913	29.2590126
-4.121869129999999	23.144122
-4.090869129999999	15.3155203
-4.0608691299999995	8.4660871
-4.029869129999999	3.9051726999999996
-3.99886913	1.5012934800000002
-3.9678691299999995	0.48065054300000004
-3.93786913	0.128047164
-3.9068691299999996	0.0283665953
-3.875869129999999	0.00522370501
-3.84486913	0.0007991748
-3.8138691299999996	0.000101554127
-3.7838691300000002	1.0713469099999998e-05
-3.7528691299999997	9.3818168e-07
-3.721869129999999	6.817951099999999e-08
-3.6908691300000003	4.110949810000001e-09
-3.660869129999999	2.05636464e-10
-3.6298691300000003	8.5308989e-12
-3.5988691299999997	3.015727402e-13
-3.567869129999999	0.0
-3.53786913	0.0
-3.5068691299999992	0.0
-3.4758691300000004	0.0
-3.44486913	0.0
-3.4148691300000005	0.0
-3.38386913	0.0
-3.3528691299999993	0.0
-3.3218691300000005	0.0
-3.2918691299999994	0.0
-3.2608691299999997	0.0
-3.22986913	0.0
-3.1988691299999994	0.0
-3.1678691299999997	0.0
-3.1378691299999995	0.0
-3.1068691299999998	0.0
-3.07586913	0.0
-3.0448691299999995	0.0
-3.01486913	0.0
-2.9838691299999995	0.0
-2.95286913	0.0
-2.92186913	0.0
-2.89186913	0.0
-2.8608691299999993	0.0
-2.8298691299999996	0.0
-2.79886913	0.0
-2.7688691299999997	0.0
-2.73786913	0.0
-2.7068691299999994	0.0
-2.6758691299999997	0.0
-2.6458691299999995	0.0
-2.6148691299999998	0.0
-2.58386913	0.0
-2.5528691299999995	0.0
-2.52286913	0.0
-2.4918691299999995	0.0
-2.46086913	0.0
-2.42986913	0.0
-2.3988691299999996	0.0
-2.3688691299999993	0.0
-2.3378691299999996	0.0
-2.30686913	0.0
-2.2758691299999994	0.0
-2.24586913	0.0
-2.2148691299999994	0.0
-2.1838691299999997	0.0
-2.15286913	0.0
-2.1228691299999998	0.0
-2.09186913	0.0
-2.0608691299999995	0.0
-2.02986913	0.0
-1.9998691299999996	0.0
-1.9688691299999999	0.0
-1.9378691300000002	0.0
-1.9068691299999996	0.0
-1.8768691299999993	0.0
-1.8458691299999996	0.0
-1.81486913	0.0
-1.7838691299999994	0.0
-1.75386913	0.0
-1.7228691299999994	0.0
-1.6918691299999997	0.0
-1.66086913	0.0
-1.6298691299999994	0.0
-1.59986913	0.0
-1.5688691299999995	0.0
-1.5378691299999998	0.0
-1.5068691300000001	0.0
-1.4768691299999999	0.0
-1.4458691299999993	0.0
-1.4148691299999996	0.0
-1.38386913	0.0
-1.3538691299999996	0.0
-1.32286913	0.0
-1.2918691299999994	0.0
-1.2608691299999997	0.0
-1.2308691299999994	0.0
-1.1998691299999997	0.0
-1.16886913	0.0
-1.1378691299999995	0.0
-1.10786913	0.0
-1.0768691299999995	0.0
-1.0458691299999998	2.40425135e-14
-1.0148691300000001	7.38109898e-13
-0.9838691299999995	2.03156688e-11
-0.9538691299999993	4.6239624199999996e-10
-0.9228691299999996	8.72827012e-09
-0.8918691299999999	1.3665885600000001e-07
-0.8608691299999993	1.77432022e-06
-0.83086913	1.9110235900000002e-05
-0.7998691299999994	0.000170745232
-0.7688691299999997	0.001265569221
-0.73786913	0.007783952419999999
-0.7078691299999997	0.039720867099999994
-0.67686913	0.16820664200000002
-0.6458691299999995	0.591130258
-0.6148691299999998	1.72413037
-0.5848691299999995	4.17324527
-0.5538691299999998	8.38555011
-0.5228691300000001	13.98388318
-0.49186912999999954	19.3575216
-0.4618691299999993	22.2434126
-0.4308691299999996	21.2169607
-0.3998691299999999	16.7994075
-0.3688691299999993	11.04069522
-0.33886912999999996	6.023221749999999
-0.3078691299999994	2.72743906
-0.2768691299999997	1.0250930409999999
-0.24586913	0.319765358
-0.2148691299999994	0.0827701329
-0.18486913000000005	0.0177822656
-0.15386912999999947	0.00316975311
-0.12286912999999977	0.00046884121799999995
-0.09186913000000008	5.7531270200000004e-05
-0.06186912999999983	5.85662169e-06
-0.030869130000000133	4.94566941e-07
0.00013087000000044924	3.46402396e-08
0.031130870000000144	2.01217239e-09
0.06113087000000039	9.69390607e-11
0.09213087000000009	3.87559122e-12
0.12313087000000067	1.34640251e-13
0.15413087000000036	0.0
0.1841308700000006	0.0
0.2151308700000003	0.0
0.24613087	0.0
0.2771308700000006	0.0
0.30713086999999994	0.0
0.3381308700000005	0.0
0.3691308700000002	0.0
0.4001308699999999	0.0
0.43013087000000017	0.0
0.46113086999999986	0.0
0.49213087000000044	0.0
0.5231308700000001	0.0
0.5541308700000007	0.0
0.5841308700000001	0.0
0.6151308700000007	0.0
0.6461308700000004	0.0
0.67713087	0.0
0.7071308700000003	0.0
0.7381308700000004	0.0
0.7691308700000001	0.0
0.8001308700000003	0.0
0.8301308700000001	0.0
0.8611308700000002	0.0
0.8921308700000004	0.0
0.9231308700000005	0.0
0.9531308700000003	0.0
0.9841308700000004	0.0
1.0151308700000001	0.0
1.0461308700000003	0.0
1.07613087	0.0
1.1071308700000002	0.0
1.1381308700000003	0.0
1.1691308700000005	0.0
1.2001308700000002	0.0
1.2301308700000004	0.0
1.2611308700000001	0.0
1.2921308700000003	0.0
1.3231308700000004	0.0
1.3531308700000002	0.0
1.3841308700000003	0.0
1.4151308700000005	0.0
1.4461308700000002	0.0
1.4761308700000004	0.0
1.5071308700000001	0.0
1.5381308700000003	0.0
1.5691308700000004	0.0
1.5991308700000002	0.0
1.6301308700000003	0.0
1.6611308700000005	0.0
1.6921308700000002	0.0
1.7221308700000004	0.0
1.7531308700000001	0.0
1.7841308700000003	0.0
1.8151308700000004	0.0
1.8451308700000002	0.0
1.8761308700000003	0.0
1.9071308700000005	0.0
1.9381308700000002	0.0
1.9691308700000003	0.0
1.9991308700000001	0.0
2.0301308700000003	0.0
2.0611308700000004	0.0
2.09213087	0.0
2.1221308700000003	0.0
2.1531308700000005	0.0
2.18413087	0.0
2.2151308700000003	0.0
2.24513087	0.0
2.2761308700000003	0.0
2.3071308700000004	0.0
2.33813087	0.0
2.3681308700000003	0.0
2.3991308700000005	0.0
2.43013087	0.0
2.4611308700000003	0.0
2.49113087	0.0
2.5221308700000002	0.0
2.5531308700000004	0.0
2.58413087	0.0
2.6141308700000003	0.0
2.6451308700000005	0.0
2.67613087	0.0
2.7071308700000003	0.0
2.73813087	0.0
2.7681308700000002	0.0
2.7991308700000004	0.0
2.8301308700000005	0.0
2.86113087	0.0
2.8911308700000005	0.0
2.92213087	0.0
2.9531308700000003	0.0
2.9841308700000004	0.0
3.0141308700000002	0.0
3.0451308700000004	0.0
3.07613087	0.0
3.10713087	0.0
3.13713087	0.0
3.1681308700000006	0.0
3.1991308700000003	0.0
3.23013087	0.0
3.2601308700000002	0.0
3.2911308700000004	0.0
3.3221308700000005	0.0
3.35313087	0.0
3.3841308700000003	0.0
3.41413087	0.0
3.4451308700000003	0.0
3.4761308700000004	0.0
3.50713087	0.0
3.5371308700000004	0.0
3.56813087	0.0
3.59913087	0.0
3.6301308700000003	0.0
3.6601308700000006	0.0
3.6911308700000003	0.0
3.7221308700000004	0.0
3.75313087	0.0
3.7831308700000004	0.0
3.8141308700000005	0.0
3.84513087	0.0
3.8761308700000003	0.0
3.90613087	0.0
3.9371308700000003	0.0
3.9681308700000004	0.0
3.99913087	0.0
4.02913087	2.667448115e-16
4.06013087	7.335481210000001e-15
4.091130870000001	2.0992699700000002e-13
4.12213087	4.9450728230000005e-12
4.15313087	9.65834158e-11
4.18313087	1.5643127840000001e-09
4.21413087	2.101300157e-08
4.2451308700000006	2.341204956e-07
4.27613087	2.16368716e-06
4.3061308700000005	1.658704822e-05
4.33713087	0.00010550707009999999
4.36813087	0.0005567730685999999
4.3991308700000005	0.0024379543530000003
4.42913087	0.00885887567
4.46013087	0.02671361999
4.49113087	0.0668563344
4.522130870000001	0.1388653394
4.55213087	0.2393990066
4.583130870000001	0.3425555206
4.61413087	0.4068966715
4.64513087	0.40124810359999996
4.67513087	0.32894527090000003
4.70613087	0.22586305329999998
4.7371308700000005	0.1353401088
4.76813087	0.08534946600000001
4.7981308700000005	0.08337735199999999
4.82913087	0.122058905
4.86013087	0.18251567699999996
4.8911308700000005	0.23654613000000002
4.92213087	0.25673527
4.95213087	0.23237727000000002
4.98313087	0.177334511
5.014130870000001	0.12121778
5.04513087	0.093758362
5.075130870000001	0.11530081999999998
5.10613087	0.19405201999999996
5.13713087	0.32298301
5.168130870000001	0.4776746
5.19813087	0.6236744000000001
5.2291308700000005	0.7332308
5.26013087	0.7953483
5.29113087	0.8114817999999999
5.32113087	0.7879271
5.35213087	0.7393455999999999
5.3831308700000005	0.6968089000000002
5.41413087	0.701016
5.44413087	0.7763277
5.47513087	0.9082207
5.50613087	1.0475941
5.53713087	1.1379301000000002
5.56813087	1.1427133999999999
5.59813087	1.0557088000000001
5.62913087	0.8958153
5.660130870000001	0.6987085
5.69113087	0.5100409
5.7211308700000005	0.37618460000000004
5.75213087	0.3303675
5.783130870000001	0.37923959999999995
5.8141308700000005	0.5014297000000001
5.844130870000001	0.6626407000000001
5.8751308700000004	0.8354973
5.90613087	1.0010010999999999
5.937130870000001	1.1327173
5.96713087	1.1932684
5.998130870000001	1.1584230999999998
6.02913087	1.0396608
6.06013087	0.873587
6.09013087	0.6919177
6.12113087	0.5107160000000001
6.152130870000001	0.341882
6.18313087	0.20147321
6.2131308700000005	0.10209850000000001
6.24413087	0.043811513999999996
6.27513087	0.0157794342
6.3061308700000005	0.0047445115
6.33713087	0.00118784158
6.36713087	0.00024721847399999995
6.39813087	4.27309125e-05
6.42913087	6.13189482e-06
6.46013087	7.301537119999999e-07
6.49013087	7.21416347e-08
6.52113087	5.9118753e-09
6.55213087	4.0186633799999997e-10
6.58313087	2.26550945e-11
6.61313087	1.0590099300000001e-12
6.644130870000001	4.11487882e-14
6.67513087	1.2939909e-15
6.706130870000001	0.0
6.73613087	0.0
6.767130870000001	0.0
6.7981308700000005	0.0
6.82913087	0.0
6.85913087	0.0
6.89013087	0.0
6.921130870000001	0.0
6.95213087	0.0
6.982130870000001	0.0
7.01313087	0.0
7.04413087	0.0
7.075130870000001	0.0
7.10613087	0.0
7.136130870000001	0.0
7.16713087	0.0
7.19813087	0.0
7.2291308700000005	0.0
7.25913087	0.0
7.2901308700000005	0.0
7.32113087	0.0
7.35213087	0.0
7.38213087	0.0
7.41313087	0.0
7.44413087	0.0
7.47513087	0.0
