-37.190	0.0	0.0	0.0	0.0	0.0	0.0	0.0	0.0	0.0
-37.148	0.0	0.0	0.0	0.0	0.0	0.0	0.0	0.0	0.0
-37.105	0.0	0.0	0.0	0.0	0.0	0.0	0.0	0.0	0.0
-37.063	0.0	0.0	0.0	0.0	0.0	0.0	0.0	0.0	0.0
-37.020	0.0	0.0	0.0	0.0	0.0	0.0	0.0	0.0	0.0
-36.978	0.0	0.0	0.0	0.0	0.0	0.0	0.0	0.0	0.0
-36.935	0.0	0.0	0.0	0.0	0.0	0.0	0.0	0.0	0.0
-36.892	0.0	0.0	0.0	0.0	0.0	0.0	0.0	0.0	0.0
-36.850	0.0	0.0	0.0	0.0	0.0	0.0	0.0	0.0	0.0
-36.807	0.0	0.0	0.0	0.0	0.0	0.0	0.0	0.0	0.0
-36.765	0.0	0.0	0.0	0.0	0.0	0.0	0.0	0.0	0.0
-36.722	0.0	0.0	0.0	0.0	0.0	0.0	0.0	0.0	0.0
-36.680	0.0	0.0	0.0	0.0	0.0	0.0	0.0	0.0	0.0
-36.637	0.0	0.0	0.0	0.0	0.0	0.0	0.0	0.0	0.0
-36.594	0.0	0.0	0.0	0.0	0.0	0.0	0.0	0.0	0.0
-36.552	0.0	0.0	0.0	0.0	0.0	0.0	0.0	0.0	0.0
-36.509	0.0	0.0	0.0	0.0	0.0	0.0	0.0	0.0	0.0
-36.467	0.0	0.0	0.0	0.0	0.0	0.0	0.0	0.0	0.0
-36.424	0.0	0.0	0.0	0.0	0.0	0.0	0.0	0.0	0.0
-36.382	0.0	0.0	0.0	0.0	0.0	0.0	0.0	0.0	0.0
-36.339	0.0	0.0	0.0	0.0	0.0	0.0	0.0	0.0	0.0
-36.296	0.0	0.0	0.0	0.0	0.0	0.0	0.0	0.0	0.0
-36.254	0.0	0.0	0.0	0.0	0.0	0.0	0.0	0.0	0.0
-36.211	0.0	0.0	0.0	0.0	0.0	0.0	0.0	0.0	0.0
-36.169	0.0	0.0	0.0	0.0	0.0	0.0	0.0	0.0	0.0
-36.126	0.0	0.0	0.0	0.0	0.0	0.0	0.0	0.0	0.0
-36.084	0.0	0.0	0.0	0.0	0.0	0.0	0.0	0.0	0.0
-36.041	0.0	0.0	0.0	0.0	0.0	0.0	0.0	0.0	0.0
-35.998	0.0	0.0	0.0	0.0	0.0	0.0	0.0	0.0	0.0
-35.956	0.0	0.0	0.0	0.0	0.0	0.0	0.0	0.0	0.0
-35.913	0.0	0.0	0.0	0.0	0.0	0.0	0.0	0.0	0.0
-35.871	0.0	0.0	0.0	0.0	0.0	0.0	0.0	0.0	0.0
-35.828	1.3007278e-14	3.1553087999999996e-16	2.843155937e-16	3.26730714e-16	0.0	0.0	0.0	0.0	0.0
-35.786	1.5390962999999999e-12	3.7327046e-14	3.3639285800000005e-14	3.8662911e-14	0.0	0.0	0.0	0.0	0.0
-35.743	1.2465764e-10	3.0238457000000002e-12	2.7246535659999996e-12	3.13159904e-12	0.0	0.0	0.0	0.0	0.0
-35.700	7.063090899999999e-09	1.7128008e-10	1.543508852e-10	1.77389656e-10	0.0	0.0	0.0	0.0	0.0
-35.658	2.8006892e-07	6.7919625e-09	6.121503239999999e-09	7.0350597e-09	0.0	0.0	0.0	0.0	0.0
-35.615	7.777713499999999e-06	1.8864394999999998e-07	1.7000233440000002e-07	1.9538278e-07	0.0	0.0	0.0	0.0	0.0
-35.573	0.00015139055999999998	3.6718408000000003e-06	3.3080604000000005e-06	3.80310059e-06	0.0	0.0	0.0	0.0	0.0
-35.530	0.0020664741	5.011416499999999e-05	4.5162872e-05	5.189960349999999e-05	0.0	0.0	0.0	0.0	0.0
-35.488	0.0197893	0.00047983964	0.00043248125999999996	0.000496980514	0.0	0.0	0.0	0.0	0.0
-35.445	0.13305015	0.0032262732999999997	0.0029082831409999997	0.00334143617	0.0	0.0	0.0	0.0	0.0
-35.402	0.6284342500000001	0.0152391013	0.013733479179999999	0.0157836071	0.0	0.0	0.0	0.0	0.0
-35.360	2.0861555000000003	0.050596426	0.0455936834	0.052399773	0.0	0.0	0.0	0.0	0.0
-35.317	4.872895500000001	0.11817032699999999	0.10651930540000003	0.122400871	0.0	0.0	0.0	0.0	0.0
-35.275	8.0327413	0.19474689999999997	0.17573635729999998	0.20179734900000001	0.0	0.0	0.0	0.0	0.0
-35.232	9.477231999999999	0.22940139	0.20815218259999999	0.238199022	0.0	0.0	0.0	0.0	0.0
-35.189	8.5280818	0.20501299999999997	0.19068301640000002	0.214950242	0.0	0.0	0.0	0.0	0.0
-35.147	7.286704799999999	0.17142504	0.1717846699	0.185212996	0.0	0.0	0.0	0.0	0.0
-35.104	7.8620477	0.17987748999999997	0.197482516	0.20197410500000001	0.0	0.0	0.0	0.0	0.0
-35.062	9.319929850000001	0.21047938	0.24063354099999998	0.24057127100000003	0.0	0.0	0.0	0.0	0.0
-35.019	9.03689003	0.203399404	0.234786105	0.233508553	0.0	0.0	0.0	0.0	0.0
-34.977	6.3769590350000005	0.1434645	0.1659639063	0.164848231	0.0	0.0	0.0	0.0	0.0
-34.934	3.1882053990000006	0.07171293510000001	0.0829883054	0.0824165665	0.0	0.0	0.0	0.0	0.0
-34.891	1.1223554561	0.025241824379999996	0.029209737099999997	0.029010403299999998	0.0	0.0	0.0	0.0	0.0
-34.849	0.2778005043	0.006248283458	0.0072313167	0.00718188136	0.0	0.0	0.0	0.0	0.0
-34.806	0.04831639831	0.0010866464803	0.001257792126	0.0012489497820000002	0.0	0.0	0.0	0.0	0.0
-34.764	0.005902011357	0.00013273819817	0.0001536321429	0.00015254283200000001	0.0	0.0	0.0	0.0	0.0
-34.721	0.000505902452	1.1378170073000002e-05	1.3169560830000001e-05	1.307684295e-05	0.0	0.0	0.0	0.0	0.0
-34.679	3.041799805e-05	6.841660205000001e-07	7.918166280000001e-07	7.86385012e-07	0.0	0.0	0.0	0.0	0.0
-34.636	1.2819953719e-06	2.8831637469999997e-08	3.3381300100000004e-08	3.31379191e-08	0.0	0.0	0.0	0.0	0.0
-34.593	3.785716292e-08	8.514226844999999e-10	9.85505787e-10	9.78692728e-10	0.0	0.0	0.0	0.0	0.0
-34.551	7.827580924999999e-10	1.7602658968999997e-11	2.037072712e-11	2.0231117400000003e-11	0.0	0.0	0.0	0.0	0.0
-34.508	1.1322330621e-11	2.546488966e-13	2.9469773600000005e-13	2.92674582e-13	0.0	0.0	0.0	0.0	0.0
-34.466	1.1330937824000001e-13	2.5483732869999997e-15	2.94912999e-15	2.9288963599999998e-15	0.0	0.0	0.0	0.0	0.0
-34.423	0.0	0.0	0.0	0.0	0.0	0.0	0.0	0.0	0.0
-34.381	0.0	0.0	0.0	0.0	0.0	0.0	0.0	0.0	0.0
-34.338	0.0	0.0	0.0	0.0	0.0	0.0	0.0	0.0	0.0
-34.295	0.0	0.0	0.0	0.0	0.0	0.0	0.0	0.0	0.0
-34.253	0.0	0.0	0.0	0.0	0.0	0.0	0.0	0.0	0.0
-34.210	0.0	0.0	0.0	0.0	0.0	0.0	0.0	0.0	0.0
-34.168	0.0	0.0	0.0	0.0	0.0	0.0	0.0	0.0	0.0
-34.125	0.0	0.0	0.0	0.0	0.0	0.0	0.0	0.0	0.0
-34.083	0.0	0.0	0.0	0.0	0.0	0.0	0.0	0.0	0.0
-34.040	0.0	0.0	0.0	0.0	0.0	0.0	0.0	0.0	0.0
-33.997	0.0	0.0	0.0	0.0	0.0	0.0	0.0	0.0	0.0
-33.955	0.0	0.0	0.0	0.0	0.0	0.0	0.0	0.0	0.0
-33.912	0.0	0.0	0.0	0.0	0.0	0.0	0.0	0.0	0.0
-33.870	0.0	0.0	0.0	0.0	0.0	0.0	0.0	0.0	0.0
-33.827	0.0	0.0	0.0	0.0	0.0	0.0	0.0	0.0	0.0
-33.785	0.0	0.0	0.0	0.0	0.0	0.0	0.0	0.0	0.0
-33.742	0.0	0.0	0.0	0.0	0.0	0.0	0.0	0.0	0.0
-33.699	0.0	0.0	0.0	0.0	0.0	0.0	0.0	0.0	0.0
-33.657	0.0	0.0	0.0	0.0	0.0	0.0	0.0	0.0	0.0
-33.614	0.0	0.0	0.0	0.0	0.0	0.0	0.0	0.0	0.0
-33.572	0.0	0.0	0.0	0.0	0.0	0.0	0.0	0.0	0.0
-33.529	6.503404349999999e-15	2.0895659000000002e-16	1.092562176e-16	3.3466373384999997e-16	0.0	0.0	0.0	0.0	0.0
-33.487	7.08777791e-13	2.2772028e-14	1.1910026710000001e-14	3.647985561499999e-14	0.0	0.0	0.0	0.0	0.0
-33.444	6.107729250000001e-11	1.9625468e-12	1.0262898969999999e-12	3.1429222729000007e-12	0.0	0.0	0.0	0.0	0.0
-33.401	3.6759033399999997e-09	1.1811271600000004e-10	6.173758709999999e-11	1.8908014851e-10	0.0	0.0	0.0	0.0	0.0
-33.359	1.547873098e-07	4.9758595e-09	2.6003450930000003e-09	7.963244053000001e-09	0.0	0.0	0.0	0.0	0.0
-33.316	4.566583840000001e-06	1.4687691000000002e-07	7.67228978e-08	2.3482545219000004e-07	0.0	0.0	0.0	0.0	0.0
-33.274	9.44849675e-05	3.0416879e-06	1.5870029489999998e-06	4.85542444e-06	0.0	0.0	0.0	0.0	0.0
-33.231	0.0013722078889999998	4.4244739e-05	2.3044124819999997e-05	7.04311976e-05	0.0	0.0	0.0	0.0	0.0
-33.189	0.014015215430000002	0.00045327261999999997	0.00023524281989999998	0.0007175516863	0.0	0.0	0.0	0.0	0.0
-33.146	0.10092421989999999	0.0032840694	0.0016921806000000001	0.005142166419	0.0	0.0	0.0	0.0	0.0
-33.103	0.514798488	0.0169402969	0.008616551119999998	0.025991778239999996	0.0	0.0	0.0	0.0	0.0
-33.061	1.87452256	0.062955881	0.03127155389	0.09303328940000001	0.0	0.0	0.0	0.0	0.0
-33.018	4.93472437	0.17158341500000004	0.08183849029999998	0.2376725917	0.0	0.0	0.0	0.0	0.0
-32.976	9.589606660000001	0.3516100099999999	0.15763091590000003	0.43872903500000004	0.0	0.0	0.0	0.0	0.0
-32.933	14.178128000000001	0.5570347099999999	0.2310525969	0.600350543	0.0	0.0	0.0	0.0	0.0
-32.891	16.702930199999997	0.69924635	0.2758828143	0.6427355029999998	0.0	0.0	0.0	0.0	0.0
-32.848	17.008220729999998	0.71363745	0.3118926558	0.609068323	0.0	0.0	0.0	0.0	0.0
-32.805	17.196421400000002	0.6272075799999998	0.40917661399999994	0.6195620290000001	0.0	0.0	0.0	0.0	0.0
-32.763	18.832876999999996	0.52534617	0.599936025	0.7058928179999999	0.0	0.0	0.0	0.0	0.0
-32.720	19.9515559	0.43720692999999994	0.773467217	0.743873853	0.0	0.0	0.0	0.0	0.0
-32.678	17.26611972	0.32709165000000007	0.756067065	0.614315995	0.0	0.0	0.0	0.0	0.0
-32.635	11.14731007	0.19400305900000003	0.5323415860000001	0.37144649500000004	0.0	0.0	0.0	0.0	0.0
-32.593	5.19339668	0.08507055799999999	0.2659671708	0.16082797510000002	0.0	0.0	0.0	0.0	0.0
-32.550	1.7266033019999998	0.0268676172	0.09382471639999997	0.0495458966	0.0	0.0	0.0	0.0	0.0
-32.507	0.40786561999999993	0.006057356	0.023334379700000005	0.01084158488	0.0	0.0	0.0	0.0	0.0
-32.465	0.06831001981	0.00097110789	0.004085662744	0.001684000638	0.0	0.0	0.0	0.0	0.0
-32.422	0.008096510304999999	0.00011052911099999997	0.0005030892211	0.00018561530220000003	0.0	0.0	0.0	0.0	0.0
-32.380	0.0006784015935	8.923015e-06	4.3544584129999994e-05	1.451590395e-05	0.0	0.0	0.0	0.0	0.0
-32.337	4.009980053e-05	5.10168979e-07	2.6454708130000002e-06	8.047883180000001e-07	0.0	0.0	0.0	0.0	0.0
-32.295	1.670766448e-06	2.0630449500000003e-08	1.1279579800000002e-07	3.16267938e-08	0.0	0.0	0.0	0.0	0.0
-32.252	4.89905046e-08	5.893070829999999e-10	3.37180471e-09	8.79434576e-10	0.0	0.0	0.0	0.0	0.0
-32.209	1.0094810961e-09	1.18740184e-11	7.0599518e-11	1.72934649e-11	0.0	0.0	0.0	0.0	0.0
-32.167	1.4606842418e-11	1.6849088700000002e-13	1.035105911e-12	2.4014953599999997e-13	0.0	0.0	0.0	0.0	0.0
-32.124	1.4801930415999998e-13	1.6931146900000002e-15	1.054885362e-14	2.38855065e-15	0.0	0.0	0.0	0.0	0.0
-32.082	0.0	0.0	0.0	0.0	0.0	0.0	0.0	0.0	0.0
-32.039	0.0	0.0	0.0	0.0	0.0	0.0	0.0	0.0	0.0
-31.997	0.0	0.0	0.0	0.0	0.0	0.0	0.0	0.0	0.0
-31.954	0.0	0.0	0.0	0.0	0.0	0.0	0.0	0.0	0.0
-31.911	0.0	0.0	0.0	0.0	0.0	0.0	0.0	0.0	0.0
-31.869	0.0	0.0	0.0	0.0	0.0	0.0	0.0	0.0	0.0
-31.826	0.0	0.0	0.0	0.0	0.0	0.0	0.0	0.0	0.0
-31.784	0.0	0.0	0.0	0.0	0.0	0.0	0.0	0.0	0.0
-31.741	0.0	0.0	0.0	0.0	0.0	0.0	0.0	0.0	0.0
-31.699	0.0	0.0	0.0	0.0	0.0	0.0	0.0	0.0	0.0
-31.656	0.0	0.0	0.0	0.0	0.0	0.0	0.0	0.0	0.0
-31.613	0.0	0.0	0.0	0.0	0.0	0.0	0.0	0.0	0.0
-31.571	0.0	0.0	0.0	0.0	0.0	0.0	0.0	0.0	0.0
-31.528	0.0	0.0	0.0	0.0	0.0	0.0	0.0	0.0	0.0
-31.486	0.0	0.0	0.0	0.0	0.0	0.0	0.0	0.0	0.0
-31.443	0.0	0.0	0.0	0.0	0.0	0.0	0.0	0.0	0.0
-31.401	0.0	0.0	0.0	0.0	0.0	0.0	0.0	0.0	0.0
-31.358	0.0	0.0	0.0	0.0	0.0	0.0	0.0	0.0	0.0
-31.315	0.0	0.0	0.0	0.0	0.0	0.0	0.0	0.0	0.0
-31.273	0.0	0.0	0.0	0.0	0.0	0.0	0.0	0.0	0.0
-31.230	0.0	0.0	0.0	0.0	0.0	0.0	0.0	0.0	0.0
-31.188	0.0	0.0	0.0	0.0	0.0	0.0	0.0	0.0	0.0
-31.145	0.0	0.0	0.0	0.0	0.0	0.0	0.0	0.0	0.0
-31.103	0.0	0.0	0.0	0.0	0.0	0.0	0.0	0.0	0.0
-31.060	0.0	0.0	0.0	0.0	0.0	0.0	0.0	0.0	0.0
-31.017	0.0	0.0	0.0	0.0	0.0	0.0	0.0	0.0	0.0
-30.975	0.0	0.0	0.0	0.0	0.0	0.0	0.0	0.0	0.0
-30.932	0.0	0.0	0.0	0.0	0.0	0.0	0.0	0.0	0.0
-30.890	0.0	0.0	0.0	0.0	0.0	0.0	0.0	0.0	0.0
-30.847	0.0	0.0	0.0	0.0	0.0	0.0	0.0	0.0	0.0
-30.805	0.0	0.0	0.0	0.0	0.0	0.0	0.0	0.0	0.0
-30.762	0.0	0.0	0.0	0.0	0.0	0.0	0.0	0.0	0.0
-30.719	0.0	0.0	0.0	0.0	0.0	0.0	0.0	0.0	0.0
-30.677	0.0	0.0	0.0	0.0	0.0	0.0	0.0	0.0	0.0
-30.634	0.0	0.0	0.0	0.0	0.0	0.0	0.0	0.0	0.0
-30.592	0.0	0.0	0.0	0.0	0.0	0.0	0.0	0.0	0.0
-30.549	0.0	0.0	0.0	0.0	0.0	0.0	0.0	0.0	0.0
-30.507	0.0	0.0	0.0	0.0	0.0	0.0	0.0	0.0	0.0
-30.464	0.0	0.0	0.0	0.0	0.0	0.0	0.0	0.0	0.0
-30.421	0.0	0.0	0.0	0.0	0.0	0.0	0.0	0.0	0.0
-30.379	0.0	0.0	0.0	0.0	0.0	0.0	0.0	0.0	0.0
-30.336	0.0	0.0	0.0	0.0	0.0	0.0	0.0	0.0	0.0
-30.294	0.0	0.0	0.0	0.0	0.0	0.0	0.0	0.0	0.0
-30.251	0.0	0.0	0.0	0.0	0.0	0.0	0.0	0.0	0.0
-30.209	0.0	0.0	0.0	0.0	0.0	0.0	0.0	0.0	0.0
-30.166	0.0	0.0	0.0	0.0	0.0	0.0	0.0	0.0	0.0
-30.123	0.0	0.0	0.0	0.0	0.0	0.0	0.0	0.0	0.0
-30.081	0.0	0.0	0.0	0.0	0.0	0.0	0.0	0.0	0.0
-30.038	0.0	0.0	0.0	0.0	0.0	0.0	0.0	0.0	0.0
-29.996	0.0	0.0	0.0	0.0	0.0	0.0	0.0	0.0	0.0
-29.953	0.0	0.0	0.0	0.0	0.0	0.0	0.0	0.0	0.0
-29.911	0.0	0.0	0.0	0.0	0.0	0.0	0.0	0.0	0.0
-29.868	0.0	0.0	0.0	0.0	0.0	0.0	0.0	0.0	0.0
-29.825	0.0	0.0	0.0	0.0	0.0	0.0	0.0	0.0	0.0
-29.783	0.0	0.0	0.0	0.0	0.0	0.0	0.0	0.0	0.0
-29.740	0.0	0.0	0.0	0.0	0.0	0.0	0.0	0.0	0.0
-29.698	0.0	0.0	0.0	0.0	0.0	0.0	0.0	0.0	0.0
-29.655	0.0	0.0	0.0	0.0	0.0	0.0	0.0	0.0	0.0
-29.612	0.0	0.0	0.0	0.0	0.0	0.0	0.0	0.0	0.0
-29.570	0.0	0.0	0.0	0.0	0.0	0.0	0.0	0.0	0.0
-29.527	0.0	0.0	0.0	0.0	0.0	0.0	0.0	0.0	0.0
-29.485	0.0	0.0	0.0	0.0	0.0	0.0	0.0	0.0	0.0
-29.442	0.0	0.0	0.0	0.0	0.0	0.0	0.0	0.0	0.0
-29.400	0.0	0.0	0.0	0.0	0.0	0.0	0.0	0.0	0.0
-29.357	0.0	0.0	0.0	0.0	0.0	0.0	0.0	0.0	0.0
-29.314	0.0	0.0	0.0	0.0	0.0	0.0	0.0	0.0	0.0
-29.272	0.0	0.0	0.0	0.0	0.0	0.0	0.0	0.0	0.0
-29.229	0.0	0.0	0.0	0.0	0.0	0.0	0.0	0.0	0.0
-29.187	0.0	0.0	0.0	0.0	0.0	0.0	0.0	0.0	0.0
-29.144	1.2688162e-14	5.2541353e-16	7.861158000000001e-17	7.6706167e-16	0.0	0.0	0.0	0.0	0.0
-29.102	1.3852971000000001e-12	5.737257800000001e-14	8.580531999999999e-15	8.3735094e-14	0.0	0.0	0.0	0.0	0.0
-29.059	1.1292354000000001e-10	4.676803600000001e-12	6.995537e-13	6.827019299999999e-12	0.0	0.0	0.0	0.0	0.0
-29.016	6.4375764e-09	2.6660045999999997e-10	3.987589000000001e-11	3.8919756999999994e-10	0.0	0.0	0.0	0.0	0.0
-28.974	2.5693608e-07	1.06390532e-08	1.5914832999999998e-09	1.5527201000000002e-08	0.0	0.0	0.0	0.0	0.0
-28.931	7.1799175e-06	2.9730184000000005e-07	4.448044999999999e-08	4.3410757999999997e-07	0.0	0.0	0.0	0.0	0.0
-28.889	0.00014058551	5.8238527e-06	8.71172e-07	8.5011655e-06	0.0	0.0	0.0	0.0	0.0
-28.846	0.0019313981	7.997901399999999e-05	1.1964585999999999e-05	0.000116756286	0.0	0.0	0.0	0.0	0.0
-28.804	0.018614025	0.00077081003	0.00011529052	0.00112501003	0.0	0.0	0.0	0.0	0.0
-28.761	0.12590458999999998	0.005214079599999999	0.0007800068	0.0076107052	0.0	0.0	0.0	0.0	0.0
-28.718	0.59831125	0.024778148	0.0037062339999999997	0.036165656	0.0	0.0	0.0	0.0	0.0
-28.676	1.9979415999999999	0.082757087	0.012379584999999999	0.12080574399999999	0.0	0.0	0.0	0.0	0.0
-28.633	4.6931414	0.194347894	0.029076420000000002	0.28370415	0.0	0.0	0.0	0.0	0.0
-28.591	7.750453	0.32107605999999994	0.04801943	0.4685989100000001	0.0	0.0	0.0	0.0	0.0
-28.548	9.00571	0.37297051000000003	0.0557991	0.54443824	0.0	0.0	0.0	0.0	0.0
-28.506	7.360897899999999	0.3048649799999999	0.045599999999999995	0.44503015	0.0	0.0	0.0	0.0	0.0
-28.463	4.2323012	0.175296399	0.02622004	0.25586109	0.0	0.0	0.0	0.0	0.0
-28.420	1.7113585000000002	0.07088716000000002	0.010603363999999997	0.10348626699999999	0.0	0.0	0.0	0.0	0.0
-28.378	0.4866505	0.020152680000000003	0.003014788	0.029421838000000002	0.0	0.0	0.0	0.0	0.0
-28.335	0.09723861	0.0040270869999999995	0.0006024868	0.0058787909	0.0	0.0	0.0	0.0	0.0
-28.293	0.013648473000000001	0.0005651899100000001	8.454718e-05	0.00082502037	0.0	0.0	0.0	0.0	0.0
-28.250	0.0013446046	5.5686445e-05	8.330196e-06	8.1289445e-05	0.0	0.0	0.0	0.0	0.0
-28.208	9.293721e-05	3.8487435e-06	5.757602e-07	5.6189926e-06	0.0	0.0	0.0	0.0	0.0
-28.165	4.5047313e-06	1.86550923e-07	2.7903329999999994e-08	2.7230736e-07	0.0	0.0	0.0	0.0	0.0
-28.122	1.5292585000000001e-07	6.3351722e-09	9.476212e-10	9.2475668e-09	0.0	0.0	0.0	0.0	0.0
-28.080	3.6377711e-09	1.5067150500000002e-10	2.2539240000000004e-11	2.1999366e-10	0.0	0.0	0.0	0.0	0.0
-28.037	6.055769e-11	2.5081312000000004e-12	3.751232e-13	3.6609615999999995e-12	0.0	0.0	0.0	0.0	0.0
-27.995	7.020892899999999e-13	2.907124e-14	4.349757e-15	4.2440314e-14	0.0	0.0	0.0	0.0	0.0
-27.952	8.459503e-15	3.5027939000000005e-16	5.240912e-17	5.1137918e-16	0.0	0.0	0.0	0.0	0.0
-27.910	0.0	0.0	0.0	0.0	0.0	0.0	0.0	0.0	0.0
-27.867	0.0	0.0	0.0	0.0	0.0	0.0	0.0	0.0	0.0
-27.824	0.0	0.0	0.0	0.0	0.0	0.0	0.0	0.0	0.0
-27.782	0.0	0.0	0.0	0.0	0.0	0.0	0.0	0.0	0.0
-27.739	0.0	0.0	0.0	0.0	0.0	0.0	0.0	0.0	0.0
-27.697	0.0	0.0	0.0	0.0	0.0	0.0	0.0	0.0	0.0
-27.654	0.0	0.0	0.0	0.0	0.0	0.0	0.0	0.0	0.0
-27.612	0.0	0.0	0.0	0.0	0.0	0.0	0.0	0.0	0.0
-27.569	0.0	0.0	0.0	0.0	0.0	0.0	0.0	0.0	0.0
-27.526	0.0	0.0	0.0	0.0	0.0	0.0	0.0	0.0	0.0
-27.484	0.0	0.0	0.0	0.0	0.0	0.0	0.0	0.0	0.0
-27.441	0.0	0.0	0.0	0.0	0.0	0.0	0.0	0.0	0.0
-27.399	0.0	0.0	0.0	0.0	0.0	0.0	0.0	0.0	0.0
-27.356	0.0	0.0	0.0	0.0	0.0	0.0	0.0	0.0	0.0
-27.314	0.0	0.0	0.0	0.0	0.0	0.0	0.0	0.0	0.0
-27.271	0.0	0.0	0.0	0.0	0.0	0.0	0.0	0.0	0.0
-27.228	0.0	0.0	0.0	0.0	0.0	0.0	0.0	0.0	0.0
-27.186	0.0	0.0	0.0	0.0	0.0	0.0	0.0	0.0	0.0
-27.143	0.0	0.0	0.0	0.0	0.0	0.0	0.0	0.0	0.0
-27.101	0.0	0.0	0.0	0.0	0.0	0.0	0.0	0.0	0.0
-27.058	0.0	0.0	0.0	0.0	0.0	0.0	0.0	0.0	0.0
-27.016	0.0	0.0	0.0	0.0	0.0	0.0	0.0	0.0	0.0
-26.973	0.0	0.0	0.0	0.0	0.0	0.0	0.0	0.0	0.0
-26.930	0.0	0.0	0.0	0.0	0.0	0.0	0.0	0.0	0.0
-26.888	0.0	0.0	0.0	0.0	0.0	0.0	0.0	0.0	0.0
-26.845	0.0	0.0	0.0	0.0	0.0	0.0	0.0	0.0	0.0
-26.803	0.0	0.0	0.0	0.0	0.0	0.0	0.0	0.0	0.0
-26.760	0.0	0.0	0.0	0.0	0.0	0.0	0.0	0.0	0.0
-26.718	0.0	0.0	0.0	0.0	0.0	0.0	0.0	0.0	0.0
-26.675	0.0	0.0	0.0	0.0	0.0	0.0	0.0	0.0	0.0
-26.632	0.0	0.0	0.0	0.0	0.0	0.0	0.0	0.0	0.0
-26.590	0.0	0.0	0.0	0.0	0.0	0.0	0.0	0.0	0.0
-26.547	0.0	0.0	0.0	0.0	0.0	0.0	0.0	0.0	0.0
-26.505	0.0	0.0	0.0	0.0	0.0	0.0	0.0	0.0	0.0
-26.462	0.0	0.0	0.0	0.0	0.0	0.0	0.0	0.0	0.0
-26.420	0.0	0.0	0.0	0.0	0.0	0.0	0.0	0.0	0.0
-26.377	0.0	0.0	0.0	0.0	0.0	0.0	0.0	0.0	0.0
-26.334	0.0	0.0	0.0	0.0	0.0	0.0	0.0	0.0	0.0
-26.292	0.0	0.0	0.0	0.0	0.0	0.0	0.0	0.0	0.0
-26.249	0.0	0.0	0.0	0.0	0.0	0.0	0.0	0.0	0.0
-26.207	0.0	0.0	0.0	0.0	0.0	0.0	0.0	0.0	0.0
-26.164	0.0	0.0	0.0	0.0	0.0	0.0	0.0	0.0	0.0
-26.122	0.0	0.0	0.0	0.0	0.0	0.0	0.0	0.0	0.0
-26.079	0.0	0.0	0.0	0.0	0.0	0.0	0.0	0.0	0.0
-26.036	0.0	0.0	0.0	0.0	0.0	0.0	0.0	0.0	0.0
-25.994	0.0	0.0	0.0	0.0	0.0	0.0	0.0	0.0	0.0
-25.951	0.0	0.0	0.0	0.0	0.0	0.0	0.0	0.0	0.0
-25.909	0.0	0.0	0.0	0.0	0.0	0.0	0.0	0.0	0.0
-25.866	0.0	0.0	0.0	0.0	0.0	0.0	0.0	0.0	0.0
-25.824	0.0	0.0	0.0	0.0	0.0	0.0	0.0	0.0	0.0
-25.781	0.0	0.0	0.0	0.0	0.0	0.0	0.0	0.0	0.0
-25.738	0.0	0.0	0.0	0.0	0.0	0.0	0.0	0.0	0.0
-25.696	0.0	0.0	0.0	0.0	0.0	0.0	0.0	0.0	0.0
-25.653	0.0	0.0	0.0	0.0	0.0	0.0	0.0	0.0	0.0
-25.611	0.0	0.0	0.0	0.0	0.0	0.0	0.0	0.0	0.0
-25.568	0.0	0.0	0.0	0.0	0.0	0.0	0.0	0.0	0.0
-25.526	0.0	0.0	0.0	0.0	0.0	0.0	0.0	0.0	0.0
-25.483	0.0	0.0	0.0	0.0	0.0	0.0	0.0	0.0	0.0
-25.440	0.0	0.0	0.0	0.0	0.0	0.0	0.0	0.0	0.0
-25.398	0.0	0.0	0.0	0.0	0.0	0.0	0.0	0.0	0.0
-25.355	0.0	0.0	0.0	0.0	0.0	0.0	0.0	0.0	0.0
-25.313	0.0	0.0	0.0	0.0	0.0	0.0	0.0	0.0	0.0
-25.270	0.0	0.0	0.0	0.0	0.0	0.0	0.0	0.0	0.0
-25.228	0.0	0.0	0.0	0.0	0.0	0.0	0.0	0.0	0.0
-25.185	0.0	0.0	0.0	0.0	0.0	0.0	0.0	0.0	0.0
-25.142	0.0	0.0	0.0	0.0	0.0	0.0	0.0	0.0	0.0
-25.100	0.0	0.0	0.0	0.0	0.0	0.0	0.0	0.0	0.0
-25.057	0.0	0.0	0.0	0.0	0.0	0.0	0.0	0.0	0.0
-25.015	0.0	0.0	0.0	0.0	0.0	0.0	0.0	0.0	0.0
-24.972	0.0	0.0	0.0	0.0	0.0	0.0	0.0	0.0	0.0
-24.930	0.0	0.0	0.0	0.0	0.0	0.0	0.0	0.0	0.0
-24.887	0.0	0.0	0.0	0.0	0.0	0.0	0.0	0.0	0.0
-24.844	0.0	0.0	0.0	0.0	0.0	0.0	0.0	0.0	0.0
-24.802	0.0	0.0	0.0	0.0	0.0	0.0	0.0	0.0	0.0
-24.759	0.0	0.0	0.0	0.0	0.0	0.0	0.0	0.0	0.0
-24.717	0.0	0.0	0.0	0.0	0.0	0.0	0.0	0.0	0.0
-24.674	0.0	0.0	0.0	0.0	0.0	0.0	0.0	0.0	0.0
-24.632	0.0	0.0	0.0	0.0	0.0	0.0	0.0	0.0	0.0
-24.589	0.0	0.0	0.0	0.0	0.0	0.0	0.0	0.0	0.0
-24.546	0.0	0.0	0.0	0.0	0.0	0.0	0.0	0.0	0.0
-24.504	0.0	0.0	0.0	0.0	0.0	0.0	0.0	0.0	0.0
-24.461	0.0	0.0	0.0	0.0	0.0	0.0	0.0	0.0	0.0
-24.419	0.0	0.0	0.0	0.0	0.0	0.0	0.0	0.0	0.0
-24.376	0.0	0.0	0.0	0.0	0.0	0.0	0.0	0.0	0.0
-24.334	0.0	0.0	0.0	0.0	0.0	0.0	0.0	0.0	0.0
-24.291	0.0	0.0	0.0	0.0	0.0	0.0	0.0	0.0	0.0
-24.248	0.0	0.0	0.0	0.0	0.0	0.0	0.0	0.0	0.0
-24.206	0.0	0.0	0.0	0.0	0.0	0.0	0.0	0.0	0.0
-24.163	0.0	0.0	0.0	0.0	0.0	0.0	0.0	0.0	0.0
-24.121	0.0	0.0	0.0	0.0	0.0	0.0	0.0	0.0	0.0
-24.078	0.0	0.0	0.0	0.0	0.0	0.0	0.0	0.0	0.0
-24.036	0.0	0.0	0.0	0.0	0.0	0.0	0.0	0.0	0.0
-23.993	0.0	0.0	0.0	0.0	0.0	0.0	0.0	0.0	0.0
-23.950	0.0	0.0	0.0	0.0	0.0	0.0	0.0	0.0	0.0
-23.908	0.0	0.0	0.0	0.0	0.0	0.0	0.0	0.0	0.0
-23.865	0.0	0.0	0.0	0.0	0.0	0.0	0.0	0.0	0.0
-23.823	0.0	0.0	0.0	0.0	0.0	0.0	0.0	0.0	0.0
-23.780	0.0	0.0	0.0	0.0	0.0	0.0	0.0	0.0	0.0
-23.737	0.0	0.0	0.0	0.0	0.0	0.0	0.0	0.0	0.0
-23.695	0.0	0.0	0.0	0.0	0.0	0.0	0.0	0.0	0.0
-23.652	0.0	0.0	0.0	0.0	0.0	0.0	0.0	0.0	0.0
-23.610	0.0	0.0	0.0	0.0	0.0	0.0	0.0	0.0	0.0
-23.567	0.0	0.0	0.0	0.0	0.0	0.0	0.0	0.0	0.0
-23.525	0.0	0.0	0.0	0.0	0.0	0.0	0.0	0.0	0.0
-23.482	0.0	0.0	0.0	0.0	0.0	0.0	0.0	0.0	0.0
-23.439	0.0	0.0	0.0	0.0	0.0	0.0	0.0	0.0	0.0
-23.397	0.0	0.0	0.0	0.0	0.0	0.0	0.0	0.0	0.0
-23.354	0.0	0.0	0.0	0.0	0.0	0.0	0.0	0.0	0.0
-23.312	0.0	0.0	0.0	0.0	0.0	0.0	0.0	0.0	0.0
-23.269	0.0	0.0	0.0	0.0	0.0	0.0	0.0	0.0	0.0
-23.227	0.0	0.0	0.0	0.0	0.0	0.0	0.0	0.0	0.0
-23.184	0.0	0.0	0.0	0.0	0.0	0.0	0.0	0.0	0.0
-23.141	0.0	0.0	0.0	0.0	0.0	0.0	0.0	0.0	0.0
-23.099	0.0	0.0	0.0	0.0	0.0	0.0	0.0	0.0	0.0
-23.056	0.0	0.0	0.0	0.0	0.0	0.0	0.0	0.0	0.0
-23.014	0.0	0.0	0.0	0.0	0.0	0.0	0.0	0.0	0.0
-22.971	0.0	0.0	0.0	0.0	0.0	0.0	0.0	0.0	0.0
-22.929	0.0	0.0	0.0	0.0	0.0	0.0	0.0	0.0	0.0
-22.886	0.0	0.0	0.0	0.0	0.0	0.0	0.0	0.0	0.0
-22.843	0.0	0.0	0.0	0.0	0.0	0.0	0.0	0.0	0.0
-22.801	0.0	0.0	0.0	0.0	0.0	0.0	0.0	0.0	0.0
-22.758	0.0	0.0	0.0	0.0	0.0	0.0	0.0	0.0	0.0
-22.716	0.0	0.0	0.0	0.0	0.0	0.0	0.0	0.0	0.0
-22.673	0.0	0.0	0.0	0.0	0.0	0.0	0.0	0.0	0.0
-22.631	0.0	0.0	0.0	0.0	0.0	0.0	0.0	0.0	0.0
-22.588	0.0	0.0	0.0	0.0	0.0	0.0	0.0	0.0	0.0
-22.545	0.0	0.0	0.0	0.0	0.0	0.0	0.0	0.0	0.0
-22.503	0.0	0.0	0.0	0.0	0.0	0.0	0.0	0.0	0.0
-22.460	0.0	0.0	0.0	0.0	0.0	0.0	0.0	0.0	0.0
-22.418	0.0	0.0	0.0	0.0	0.0	0.0	0.0	0.0	0.0
-22.375	0.0	0.0	0.0	0.0	0.0	0.0	0.0	0.0	0.0
-22.333	0.0	0.0	0.0	0.0	0.0	0.0	0.0	0.0	0.0
-22.290	0.0	0.0	0.0	0.0	0.0	0.0	0.0	0.0	0.0
-22.247	0.0	0.0	0.0	0.0	0.0	0.0	0.0	0.0	0.0
-22.205	0.0	0.0	0.0	0.0	0.0	0.0	0.0	0.0	0.0
-22.162	0.0	0.0	0.0	0.0	0.0	0.0	0.0	0.0	0.0
-22.120	0.0	0.0	0.0	0.0	0.0	0.0	0.0	0.0	0.0
-22.077	0.0	0.0	0.0	0.0	0.0	0.0	0.0	0.0	0.0
-22.035	6.7027e-14	1.3093183999999999e-14	6.9383100000000005e-15	5.026540000000001e-15	0.0	0.0	0.0	0.0	0.0
-21.992	6.676500000000001e-12	1.3044709e-12	6.911820000000001e-13	5.00726e-13	0.0	0.0	0.0	0.0	0.0
-21.949	4.6538899999999997e-10	9.093318000000002e-11	4.8179699999999997e-11	3.49042e-11	0.0	0.0	0.0	0.0	0.0
-21.907	2.2701599999999995e-08	4.4348142e-09	2.35025e-09	1.702718e-09	0.0	0.0	0.0	0.0	0.0
-21.864	7.753400000000001e-07	1.5146054e-07	8.026100000000002e-08	5.8146599999999996e-08	0.0	0.0	0.0	0.0	0.0
-21.822	1.8549500000000003e-05	3.6236149999999997e-06	1.92035e-06	1.3912410000000002e-06	0.0	0.0	0.0	0.0	0.0
-21.779	0.000311155	6.0773964999999995e-05	3.2209e-05	2.3333029999999997e-05	0.0	0.0	0.0	0.0	0.0
-21.737	0.00366016	0.00071493069	0.00037881099999999995	0.00027446500000000005	0.0	0.0	0.0	0.0	0.0
-21.694	0.0302099	0.0059035392	0.00312736	0.002265932	0.0	0.0	0.0	0.0	0.0
-21.651	0.175171	0.034221993	0.0181333	0.013137129999999999	0.0	0.0	0.0	0.0	0.0
-21.609	0.7135500000000001	0.13938922	0.0738616	0.053512699999999996	0.0	0.0	0.0	0.0	0.0
-21.566	2.04311	0.39912570999999997	0.21153	0.1532316	0.0	0.0	0.0	0.0	0.0
-21.524	4.114470000000001	0.80379432	0.4259529999999999	0.308559	0.0	0.0	0.0	0.0	0.0
-21.481	5.82716	1.1384251	0.6033049999999999	0.4370030000000001	0.0	0.0	0.0	0.0	0.0
-21.439	5.8069099999999985	1.1344006	0.601035	0.43544400000000005	0.0	0.0	0.0	0.0	0.0
-21.396	4.07001	0.79518852	0.42135400000000006	0.30525599999999997	0.0	0.0	0.0	0.0	0.0
-21.353	2.0067399999999997	0.39206035	0.20775300000000002	0.15050739999999999	0.0	0.0	0.0	0.0	0.0
-21.311	0.6958500000000001	0.1359358	0.0720308	0.052187500000000005	0.0	0.0	0.0	0.0	0.0
-21.268	0.169582	0.033132392000000004	0.017556	0.01271958	0.0	0.0	0.0	0.0	0.0
-21.226	0.029040500000000004	0.005673265	0.0030068000000000004	0.002178006	0.0	0.0	0.0	0.0	0.0
-21.183	0.0034922300000000002	0.0006822914600000001	0.000361556	0.0002619236	0.0	0.0	0.0	0.0	0.0
-21.141	0.000294791	5.7580009000000006e-05	3.0512299999999992e-05	2.210737e-05	0.0	0.0	0.0	0.0	0.0
-21.098	1.7447899999999996e-05	3.408222e-06	1.8062099999999998e-06	1.308564e-06	0.0	0.0	0.0	0.0	0.0
-21.055	7.239800000000001e-07	1.4143851e-07	7.49576e-08	5.42953e-08	0.0	0.0	0.0	0.0	0.0
-21.013	2.10457e-08	4.1117642e-09	2.17844e-09	1.5785169999999997e-09	0.0	0.0	0.0	0.0	0.0
-20.970	4.283380000000001e-10	8.367178800000002e-11	4.4341e-11	3.21236e-11	0.0	0.0	0.0	0.0	0.0
-20.928	6.0978e-12	1.1912945e-12	6.312279999999998e-13	4.573199999999999e-13	0.0	0.0	0.0	0.0	0.0
-20.885	6.2743e-14	1.2257085e-14	6.495240000000001e-15	4.70572e-15	0.0	0.0	0.0	0.0	0.0
-20.843	0.0	0.0	0.0	0.0	0.0	0.0	0.0	0.0	0.0
-20.800	0.0	0.0	0.0	0.0	0.0	0.0	0.0	0.0	0.0
-20.757	0.0	0.0	0.0	0.0	0.0	0.0	0.0	0.0	0.0
-20.715	0.0	0.0	0.0	0.0	0.0	0.0	0.0	0.0	0.0
-20.672	0.0	0.0	0.0	0.0	0.0	0.0	0.0	0.0	0.0
-20.630	0.0	0.0	0.0	0.0	0.0	0.0	0.0	0.0	0.0
-20.587	0.0	0.0	0.0	0.0	0.0	0.0	0.0	0.0	0.0
-20.545	0.0	0.0	0.0	0.0	0.0	0.0	0.0	0.0	0.0
-20.502	0.0	0.0	0.0	0.0	0.0	0.0	0.0	0.0	0.0
-20.459	0.0	0.0	0.0	0.0	0.0	0.0	0.0	0.0	0.0
-20.417	0.0	0.0	0.0	0.0	0.0	0.0	0.0	0.0	0.0
-20.374	0.0	0.0	0.0	0.0	0.0	0.0	0.0	0.0	0.0
-20.332	0.0	0.0	0.0	0.0	0.0	0.0	0.0	0.0	0.0
-20.289	0.0	0.0	0.0	0.0	0.0	0.0	0.0	0.0	0.0
-20.247	0.0	0.0	0.0	0.0	0.0	0.0	0.0	0.0	0.0
-20.204	0.0	0.0	0.0	0.0	0.0	0.0	0.0	0.0	0.0
-20.161	0.0	0.0	0.0	0.0	0.0	0.0	0.0	0.0	0.0
-20.119	0.0	0.0	0.0	0.0	0.0	0.0	0.0	0.0	0.0
-20.076	0.0	0.0	0.0	0.0	0.0	0.0	0.0	0.0	0.0
-20.034	0.0	0.0	0.0	0.0	0.0	0.0	0.0	0.0	0.0
-19.991	0.0	0.0	0.0	0.0	0.0	0.0	0.0	0.0	0.0
-19.949	0.0	0.0	0.0	0.0	0.0	0.0	0.0	0.0	0.0
-19.906	0.0	0.0	0.0	0.0	0.0	0.0	0.0	0.0	0.0
-19.863	0.0	0.0	0.0	0.0	0.0	0.0	0.0	0.0	0.0
-19.821	0.0	0.0	0.0	0.0	0.0	0.0	0.0	0.0	0.0
-19.778	0.0	0.0	0.0	0.0	0.0	0.0	0.0	0.0	0.0
-19.736	0.0	0.0	0.0	0.0	0.0	0.0	0.0	0.0	0.0
-19.693	0.0	0.0	0.0	0.0	0.0	0.0	0.0	0.0	0.0
-19.651	0.0	0.0	0.0	0.0	0.0	0.0	0.0	0.0	0.0
-19.608	0.0	0.0	0.0	0.0	0.0	0.0	0.0	0.0	0.0
-19.565	0.0	0.0	0.0	0.0	0.0	0.0	0.0	0.0	0.0
-19.523	0.0	0.0	0.0	0.0	0.0	0.0	0.0	0.0	0.0
-19.480	0.0	0.0	0.0	0.0	0.0	0.0	0.0	0.0	0.0
-19.438	3.2674981000000007e-15	1.0779327e-15	1.0249286420000002e-15	1.0222849e-15	0.0	0.0	0.0	0.0	0.0
-19.395	3.6269429e-13	1.1964745000000002e-13	1.137766768e-13	1.1348015e-13	0.0	0.0	0.0	0.0	0.0
-19.353	3.1133150999999997e-11	1.026951e-11	9.76527488e-12	9.739565000000001e-12	0.0	0.0	0.0	0.0	0.0
-19.310	1.87034317e-09	6.169434000000001e-10	5.867663237e-10	5.852091999999999e-10	0.0	0.0	0.0	0.0	0.0
-19.267	7.8658625e-08	2.5948320999999998e-08	2.467383349e-08	2.4610661000000002e-08	0.0	0.0	0.0	0.0	0.0
-19.225	2.3161843800000005e-06	7.641404e-07	7.266132296e-07	7.248383e-07	0.0	0.0	0.0	0.0	0.0
-19.182	4.779603500000001e-05	1.5769865e-05	1.4995628709999999e-05	1.4957370999999999e-05	0.0	0.0	0.0	0.0	0.0
-19.140	0.00069164609	0.00022819400000000003	0.00021698122179999999	0.00021642883000000003	0.0	0.0	0.0	0.0	0.0
-19.097	0.007022059899999999	0.0023164707000000004	0.002202629754	0.0021970252999999997	0.0	0.0	0.0	0.0	0.0
-19.055	0.050044780999999997	0.016506707	0.01569766449	0.015655706	0.0	0.0	0.0	0.0	0.0
-19.012	0.25045526500000004	0.08262786	0.07857049054000001	0.07835678	0.0	0.0	0.0	0.0	0.0
-18.969	0.8810940000000002	0.29067529999999997	0.276391928	0.27568307000000003	0.0	0.0	0.0	0.0	0.0
-18.927	2.1790400799999996	0.7189041999999999	0.6835380816	0.6818327	0.0	0.0	0.0	0.0	0.0
-18.884	3.7906693000000002	1.2504644000000003	1.189036325	1.1859867000000002	0.0	0.0	0.0	0.0	0.0
-18.842	4.637595999999999	1.5299930999999998	1.454827021	1.4513346	0.0	0.0	0.0	0.0	0.0
-18.799	3.9928150000000007	1.317126	1.252385195	1.2491322000000002	0.0	0.0	0.0	0.0	0.0
-18.757	2.4175582800000006	0.7975223	0.7583535550000001	0.7564024999999999	0.0	0.0	0.0	0.0	0.0
-18.714	1.02962983	0.3396961	0.3229511599	0.32216495999999994	0.0	0.0	0.0	0.0	0.0
-18.671	0.3083446	0.10171675000000001	0.09672160780000001	0.09647328000000001	0.0	0.0	0.0	0.0	0.0
-18.629	0.064886274	0.021407484999999997	0.020355636680000004	0.020304985	0.0	0.0	0.0	0.0	0.0
-18.586	0.0095937912	0.003164431	0.0030093388529999995	0.0030017133	0.0	0.0	0.0	0.0	0.0
-18.544	0.00099567612	0.0003285266	0.000312323908	0.00031156277999999996	0.0	0.0	0.0	0.0	0.0
-18.501	7.2512628e-05	2.3922495e-05	2.274716534e-05	2.2688887999999996e-05	0.0	0.0	0.0	0.0	0.0
-18.459	3.7023729000000007e-06	1.2215771e-06	1.161674394e-06	1.1588201e-06	0.0	0.0	0.0	0.0	0.0
-18.416	1.32516153e-07	4.371274e-08	4.1562946320000004e-08	4.1463394000000005e-08	0.0	0.0	0.0	0.0	0.0
-18.373	3.3208001999999996e-09	1.0956434000000002e-09	1.0418614609999998e-09	1.0392003999999998e-09	0.0	0.0	0.0	0.0	0.0
-18.331	5.826963799999998e-11	1.9222743e-11	1.8279173370000002e-11	1.823225e-11	0.0	0.0	0.0	0.0	0.0
-18.288	7.145161699999999e-13	2.3570372e-13	2.2412858970000002e-13	2.2354486e-13	0.0	0.0	0.0	0.0	0.0
-18.246	6.5349882000000004e-15	2.1558582000000002e-15	2.0500682839999998e-15	2.0447896e-15	0.0	0.0	0.0	0.0	0.0
-18.203	0.0	0.0	0.0	0.0	0.0	0.0	0.0	0.0	0.0
-18.160	0.0	0.0	0.0	0.0	0.0	0.0	0.0	0.0	0.0
-18.118	0.0	0.0	0.0	0.0	0.0	0.0	0.0	0.0	0.0
-18.075	0.0	0.0	0.0	0.0	0.0	0.0	0.0	0.0	0.0
-18.033	2.34056e-15	1.3515008000000002e-15	1.35793707e-15	1.548032e-15	0.0	0.0	0.0	0.0	0.0
-17.990	3.1364399999999995e-13	1.8108653999999998e-13	1.8195463e-13	2.0744600000000003e-13	0.0	0.0	0.0	0.0	0.0
-17.948	2.65348e-11	1.5322051e-11	1.5394169e-11	1.755111e-11	0.0	0.0	0.0	0.0	0.0
-17.905	1.5713500000000002e-09	9.072411e-10	9.1162419e-10	1.039149e-09	0.0	0.0	0.0	0.0	0.0
-17.862	6.513500000000001e-08	3.7603493e-08	3.7786593e-08	4.3076200000000006e-08	0.0	0.0	0.0	0.0	0.0
-17.820	1.89055e-06	1.0915065999999999e-06	1.09664574e-06	1.250333e-06	0.0	0.0	0.0	0.0	0.0
-17.777	3.84514e-05	2.2199922999999997e-05	2.2305039e-05	2.5430799999999997e-05	0.0	0.0	0.0	0.0	0.0
-17.735	0.0005483300000000001	0.00031664356	0.00031813659	0.000362678	0.0	0.0	0.0	0.0	0.0
-17.692	0.0054874	0.0031680898	0.003183047	0.0036293000000000002	0.0	0.0	0.0	0.0	0.0
-17.650	0.038543499999999994	0.022254459	0.022359182000000002	0.0254916	0.0	0.0	0.0	0.0	0.0
-17.607	0.190172	0.10979663	0.110333969	0.1257812	0.0	0.0	0.0	0.0	0.0
-17.564	0.65942	0.38074316	0.38262446	0.436211	0.0	0.0	0.0	0.0	0.0
-17.522	1.60769	0.9282512	0.93271615	1.0632899999999998	0.0	0.0	0.0	0.0	0.0
-17.479	2.7563600000000004	1.5915727000000002	1.5992389999999999	1.823209	0.0	0.0	0.0	0.0	0.0
-17.437	3.32481	1.9197966	1.9289459	2.1990699999999994	0.0	0.0	0.0	0.0	0.0
-17.394	2.8211999999999997	1.6289759000000001	1.6367816	1.8659890000000001	0.0	0.0	0.0	0.0	0.0
-17.352	1.68398	0.9723961999999999	0.9769678300000001	1.113771	0.0	0.0	0.0	0.0	0.0
-17.309	0.7070800000000002	0.40825904999999996	0.41011948000000004	0.46757600000000005	0.0	0.0	0.0	0.0	0.0
-17.266	0.20870999999999998	0.12050432999999999	0.12106973600000001	0.13803140000000003	0.0	0.0	0.0	0.0	0.0
-17.224	0.0433	0.024998948	0.025117774	0.0286362	0.0	0.0	0.0	0.0	0.0
-17.181	0.006308600000000002	0.0036429661000000006	0.0036602490999999996	0.0041731400000000005	0.0	0.0	0.0	0.0	0.0
-17.139	0.0006455	0.00037269625999999993	0.00037448630000000004	0.000426904	0.0	0.0	0.0	0.0	0.0
-17.096	4.633200000000001e-05	2.6751874e-05	2.6878806e-05	3.06427e-05	0.0	0.0	0.0	0.0	0.0
-17.054	2.3318200000000004e-06	1.3465042e-06	1.35286322e-06	1.542241e-06	0.0	0.0	0.0	0.0	0.0
-17.011	8.2244e-08	4.7488523e-08	4.7710733e-08	5.4396600000000005e-08	0.0	0.0	0.0	0.0	0.0
-16.968	2.03162e-09	1.1730247e-09	1.1786660300000001e-09	1.343795e-09	0.0	0.0	0.0	0.0	0.0
-16.926	3.51284e-11	2.0284078000000002e-11	2.0380145e-11	2.3235100000000004e-11	0.0	0.0	0.0	0.0	0.0
-16.883	4.24391e-13	2.4507272e-13	2.4621799e-13	2.8070999999999997e-13	0.0	0.0	0.0	0.0	0.0
-16.841	3.12057e-15	1.8018934e-15	1.8104677e-15	2.064142e-15	0.0	0.0	0.0	0.0	0.0
-16.798	0.0	0.0	0.0	0.0	0.0	0.0	0.0	0.0	0.0
-16.756	0.0	0.0	0.0	0.0	0.0	0.0	0.0	0.0	0.0
-16.713	0.0	0.0	0.0	0.0	0.0	0.0	0.0	0.0	0.0
-16.670	0.0	0.0	0.0	0.0	0.0	0.0	0.0	0.0	0.0
-16.628	4.194032915000001e-16	1.4501888799999998e-15	1.02207228e-15	1.1739949e-15	0.0	0.0	0.0	0.0	0.0
-16.585	5.1369049669999996e-14	1.77672367e-13	1.2519719100000002e-13	1.4381343900000001e-13	0.0	0.0	0.0	0.0	0.0
-16.543	4.520388571e-12	1.5634602399999996e-11	1.1017046100000002e-11	1.26545335e-11	0.0	0.0	0.0	0.0	0.0
-16.500	2.780187003e-10	9.6164235e-10	6.7773182e-10	7.783917700000001e-10	0.0	0.0	0.0	0.0	0.0
-16.458	1.1971699552e-08	4.14020773e-08	2.9176187e-08	3.3511534e-08	0.0	0.0	0.0	0.0	0.0
-16.415	3.608527914e-07	1.24824039e-06	8.795446799999998e-07	1.0103377300000002e-06	0.0	0.0	0.0	0.0	0.0
-16.372	7.624097809000001e-06	2.6366907499999997e-05	1.8580065099999998e-05	2.1342117000000003e-05	0.0	0.0	0.0	0.0	0.0
-16.330	0.00011291923382	0.000390510764	0.00027520724000000004	0.00031609070000000007	0.0	0.0	0.0	0.0	0.0
-16.287	0.001173332557	0.00405809374	0.0028596225	0.003284633	0.0	0.0	0.0	0.0	0.0
-16.245	0.00855818238	0.0296028624	0.020858012	0.023957377	0.0	0.0	0.0	0.0	0.0
-16.202	0.04384432995	0.15163923499999998	0.106858543	0.12273923800000001	0.0	0.0	0.0	0.0	0.0
-16.160	0.1578553743	0.545872906	0.38470751000000003	0.44194039000000007	0.0	0.0	0.0	0.0	0.0
-16.117	0.39962893499999996	1.3819261700000003	0.9740687599999999	1.11868925	0.0	0.0	0.0	0.0	0.0
-16.074	0.7119221299999998	2.4615785199999998	1.7359815999999997	1.9930179999999997	0.0	0.0	0.0	0.0	0.0
-16.032	0.8953581	3.0939449	2.1908781999999998	2.5075950999999996	0.0	0.0	0.0	0.0	0.0
-15.989	0.8110254	2.7890137	2.0256380000000003	2.2773479000000005	0.0	0.0	0.0	0.0	0.0
-15.947	0.5914860000000002	1.98741914	1.6339009999999998	1.6877889999999998	0.0	0.0	0.0	0.0	0.0
-15.904	0.512106	1.6320723	1.7734007999999999	1.5463049999999998	0.0	0.0	0.0	0.0	0.0
-15.862	0.6851366000000001	2.1928882000000005	2.6653644	2.240222	0.0	0.0	0.0	0.0	0.0
-15.819	0.9682925000000001	3.3818270999999998	3.642616	3.453518	0.0	0.0	0.0	0.0	0.0
-15.776	1.1382359	4.534417	3.8423499999999993	4.522931999999999	0.0	0.0	0.0	0.0	0.0
-15.734	1.0841937	4.977945	3.123732	4.842334	0.0	0.0	0.0	0.0	0.0
-15.691	0.8373408	4.320189	2.022183	4.12534	0.0	0.0	0.0	0.0	0.0
-15.649	0.5109528999999999	2.8476690000000002	1.0609578999999998	2.6882369999999995	0.0	0.0	0.0	0.0	0.0
-15.606	0.23756955000000005	1.3814834000000003	0.4471297	1.2978955	0.0	0.0	0.0	0.0	0.0
-15.564	0.0864436	0.5047726	0.16856072	0.4851674	0.0	0.0	0.0	0.0	0.0
-15.521	0.049592058	0.24680062000000003	0.167361006	0.29673335	0.0	0.0	0.0	0.0	0.0
-15.478	0.10985607459999998	0.4773808299999999	0.4816971290000001	0.68163257	0.0	0.0	0.0	0.0	0.0
-15.436	0.2668491875	1.1456438	1.1919245399999998	1.6600255999999998	0.0	0.0	0.0	0.0	0.0
-15.393	0.46906962625	2.0128359	2.09711358	2.9186721	0.0	0.0	0.0	0.0	0.0
-15.351	0.5809081717	2.4923698	2.59710902	3.6142436	0.0	0.0	0.0	0.0	0.0
-15.308	0.5062171599999999	2.1722227	2.26412072	3.1493389000000005	0.0	0.0	0.0	0.0	0.0
-15.266	0.31161891999999997	1.3390506	1.40085218	1.9364488000000002	0.0	0.0	0.0	0.0	0.0
-15.223	0.14268683	0.6257454599999999	0.685915318	0.8727334699999999	0.0	0.0	0.0	0.0	0.0
-15.180	0.07983393	0.40193377	0.5665104419999999	0.4309758900000001	0.0	0.0	0.0	0.0	0.0
-15.138	0.12947519	0.73812487	1.2229631730000001	0.6034080599999999	0.0	0.0	0.0	0.0	0.0
-15.095	0.26245124999999997	1.5206448500000003	2.5660828670000004	1.19616144	0.0	0.0	0.0	0.0	0.0
-15.053	0.3971548	2.3036541900000005	3.891624466	1.8069345	0.0	0.0	0.0	0.0	0.0
-15.010	0.4245897999999999	2.463232499	4.1612038380000005	1.9315133999999998	0.0	0.0	0.0	0.0	0.0
-14.968	0.319407	1.8530861550000002	3.130630592	1.45307612	0.0	0.0	0.0	0.0	0.0
-14.925	0.16904328	0.9806780647000001	1.656906224	0.76908857	0.0	0.0	0.0	0.0	0.0
-14.882	0.06290777	0.36497766319999997	0.616650365	0.28621227000000005	0.0	0.0	0.0	0.0	0.0
-14.840	0.01645973	0.09548180512	0.1613233363	0.07488011300000001	0.0	0.0	0.0	0.0	0.0
-14.797	0.0030260940000000004	0.017555271175000005	0.02966162161	0.013766486099999998	0.0	0.0	0.0	0.0	0.0
-14.755	0.0003906837	0.002266279509	0.003830326377	0.0017776342	0.0	0.0	0.0	0.0	0.0
-14.712	3.5451939999999995e-05	0.000205650066	0.00034714828490000005	0.00016117735400000003	0.0	0.0	0.0	0.0	0.0
-14.670	3.24449e-06	1.8562141999999998e-05	2.2380469e-05	1.2122602e-05	0.0	0.0	0.0	0.0	0.0
-14.627	1.9183891e-05	0.00010620768	7.1145610000000004e-06	3.656056e-05	0.0	0.0	0.0	0.0	0.0
-14.584	0.00025690887700000005	0.0014223965	8.257532e-05	0.00048616839999999996	0.0	0.0	0.0	0.0	0.0
-14.542	0.0024272131799999994	0.013438285999999999	0.0007798583	0.004592885	0.0	0.0	0.0	0.0	0.0
-14.499	0.0161020844	0.08913779	0.005173277600000001	0.030470785000000004	0.0	0.0	0.0	0.0	0.0
-14.457	0.07502393099999999	0.4153101	0.024108006	0.14196536999999998	0.0	0.0	0.0	0.0	0.0
-14.414	0.24573669899999998	1.3602402	0.07894896	0.4648861	0.0	0.0	0.0	0.0	0.0
-14.372	0.56582319	3.131792	0.1818004	1.0706068	0.0	0.0	0.0	0.0	0.0
-14.329	0.91635761	5.072509999999999	0.29444083	1.7337179	0.0	0.0	0.0	0.0	0.0
-14.286	1.04402298	5.7797350000000005	0.33546395	1.9758383	0.0	0.0	0.0	0.0	0.0
-14.244	0.83679581	4.631951000000001	0.26888864999999995	1.5837042000000001	0.0	0.0	0.0	0.0	0.0
-14.201	0.471793566	2.612294	0.15160097	0.8927117	0.0	0.0	0.0	0.0	0.0
-14.159	0.187043716	1.0357781	0.060114909999999994	0.35396062000000006	0.0	0.0	0.0	0.0	0.0
-14.116	0.0521562747	0.2887024	0.016760499999999998	0.0986879	0.0	0.0	0.0	0.0	0.0
-14.074	0.010218905099999998	0.05657152	0.0032841612	0.01933679	0.0	0.0	0.0	0.0	0.0
-14.031	0.0014197158	0.00779173	0.00046712310000000004	0.0026772988999999997	0.0	0.0	0.0	0.0	0.0
-13.988	0.00033899129999999996	0.0008511519	0.0002782602	0.0005133712	0.0	0.0	0.0	0.0	0.0
-13.946	0.0022018915	0.0011219158	0.002535828	0.0027841617	0.0	0.0	0.0	0.0	0.0
-13.903	0.016617236	0.008118545	0.01919397	0.0209690033	0.0	0.0	0.0	0.0	0.0
-13.861	0.08844368	0.04319267	0.10216279999999998	0.111600738	0.0	0.0	0.0	0.0	0.0
-13.818	0.3308090899999999	0.16154533	0.38207499999999994	0.417370513	0.0	0.0	0.0	0.0	0.0
-13.776	0.8695999999999999	0.4247575	1.004618	1.09740047	0.0	0.0	0.0	0.0	0.0
-13.733	1.6080458999999996	0.7853446	1.857573	2.0292532999999997	0.0	0.0	0.0	0.0	0.0
-13.690	2.0919036999999996	1.0216414	2.4161590000000004	2.6394847199999996	0.0	0.0	0.0	0.0	0.0
-13.648	1.9140439000000002	0.9347944	2.210924	2.4152341099999997	0.0	0.0	0.0	0.0	0.0
-13.605	1.2321909	0.6017468	1.4233300000000002	1.5546224700000002	0.0	0.0	0.0	0.0	0.0
-13.563	0.5578343	0.2724727	0.6444189999999999	0.7039006600000001	0.0	0.0	0.0	0.0	0.0
-13.520	0.17762175	0.08674327	0.2051541	0.224105663	0.0	0.0	0.0	0.0	0.0
-13.478	0.039744037999999995	0.019410445999999998	0.0459087	0.050152128000000004	0.0	0.0	0.0	0.0	0.0
-13.435	0.006247129	0.0030516400000000004	0.007216300000000001	0.0078834486	0.0	0.0	0.0	0.0	0.0
-13.392	0.0006896454	0.0003368384	0.000796612	0.00087022659	0.0	0.0	0.0	0.0	0.0
-13.350	5.341100799999999e-05	2.608402e-05	6.169719999999999e-05	6.7396455e-05	0.0	0.0	0.0	0.0	0.0
-13.307	2.9014579e-06	1.4170098000000001e-06	3.35118e-06	3.6603875299999996e-06	0.0	0.0	0.0	0.0	0.0
-13.265	1.1044673000000001e-07	5.39445e-08	1.275769e-07	1.3937052999999997e-07	0.0	0.0	0.0	0.0	0.0
-13.222	2.945493e-09	1.438387e-09	3.40213e-09	3.7157220900000005e-09	0.0	0.0	0.0	0.0	0.0
-13.180	5.4980009999999993e-11	2.685418e-11	6.34953e-11	6.937759399999999e-11	0.0	0.0	0.0	0.0	0.0
-13.137	7.183252e-13	3.507923e-13	8.29736e-13	9.063102400000001e-13	0.0	0.0	0.0	0.0	0.0
-13.094	5.952113000000001e-15	2.907018e-15	6.87519e-15	7.5104792e-15	0.0	0.0	0.0	0.0	0.0
-13.052	0.0	0.0	0.0	0.0	0.0	0.0	0.0	0.0	0.0
-13.009	0.0	0.0	0.0	0.0	0.0	0.0	0.0	0.0	0.0
-12.967	0.0	0.0	0.0	0.0	0.0	0.0	0.0	0.0	0.0
-12.924	0.0	0.0	0.0	0.0	0.0	0.0	0.0	0.0	0.0
-12.882	0.0	0.0	0.0	0.0	0.0	0.0	0.0	0.0	0.0
-12.839	0.0	0.0	0.0	0.0	0.0	0.0	0.0	0.0	0.0
-12.796	6.327248999999999e-17	1.7886648e-15	3.3227527e-15	2.8525629000000002e-15	0.0	0.0	0.0	0.0	0.0
-12.754	7.164911e-15	2.0262391000000004e-13	3.7624503e-13	3.2301586e-13	0.0	0.0	0.0	0.0	0.0
-12.711	6.018547e-13	1.7026945999999996e-11	3.1608866e-11	2.7138478e-11	0.0	0.0	0.0	0.0	0.0
-12.669	3.5325382000000005e-11	9.997425100000001e-10	1.8548684100000002e-09	1.5929330000000001e-09	0.0	0.0	0.0	0.0	0.0
-12.626	1.4514296e-09	4.1118239000000005e-08	7.621822599999999e-08	6.546526799999999e-08	0.0	0.0	0.0	0.0	0.0
-12.583	4.1801739999999996e-08	1.1857493999999998e-06	2.1951272e-06	1.8856168000000002e-06	0.0	0.0	0.0	0.0	0.0
-12.541	8.443122000000001e-07	2.4010011e-05	4.4342419e-05	3.8105814e-05	0.0	0.0	0.0	0.0	0.0
-12.498	1.1981643000000002e-05	0.0003422131	0.0006291095599999999	0.00054107544	0.0	0.0	0.0	0.0	0.0
-12.456	0.00011966312999999999	0.0034435617999999998	0.0062829786	0.005411119	0.0	0.0	0.0	0.0	0.0
-12.413	0.0008436623000000001	0.024585869	0.04430019699999999	0.038233972	0.0	0.0	0.0	0.0	0.0
-12.371	0.0042166389999999995	0.12543612	0.2213455	0.19172193	0.0	0.0	0.0	0.0	0.0
-12.328	0.015040320000000001	0.46263155	0.7894174199999999	0.68792705	0.0	0.0	0.0	0.0	0.0
-12.285	0.038668930000000004	1.2509242999999999	2.0284844	1.7844780999999998	0.0	0.0	0.0	0.0	0.0
-12.243	0.0726212	2.5210828	3.8077778	3.3965470000000004	0.0	0.0	0.0	0.0	0.0
-12.200	0.1012813	3.8421332999999995	5.3087435	4.8202911	0.0	0.0	0.0	0.0	0.0
-12.158	0.10664980000000002	4.467915800000001	5.602795100000001	5.1773884	0.0	0.0	0.0	0.0	0.0
-12.115	0.08654120000000003	4.0336361	4.637868699999999	4.2752802	0.0	0.0	0.0	0.0	0.0
-12.073	0.05786290000000001	3.1269106	3.4425000000000003	2.8872588	0.0	0.0	0.0	0.0	0.0
-12.030	0.04126550000000001	2.8694916	3.2609405999999996	2.1689236	0.0	0.0	0.0	0.0	0.0
-11.987	0.043131600000000006	3.73731333	4.3277557	2.7811619000000003	0.0	0.0	0.0	0.0	0.0
-11.945	0.0520255	4.93339042	5.4974018000000004	4.332087200000001	0.0	0.0	0.0	0.0	0.0
-11.902	0.0522563	5.18177849	5.40633661	5.497422599999999	0.0	0.0	0.0	0.0	0.0
-11.860	0.03962	4.0774637700000005	3.9369077199999998	5.1245063	0.0	0.0	0.0	0.0	0.0
-11.817	0.022291489999999997	2.3770283699999997	2.1165846900000003	3.4309592	0.0	0.0	0.0	0.0	0.0
-11.775	0.009264000000000001	1.019576767	0.84108609	1.6385262799999998	0.0	0.0	0.0	0.0	0.0
-11.732	0.002826066	0.31931314399999994	0.246575627	0.5550648180000001	0.0	0.0	0.0	0.0	0.0
-11.689	0.0006284940000000001	0.0723744339	0.05302842099999999	0.13294985	0.0	0.0	0.0	0.0	0.0
-11.647	0.0001108603	0.0119302347	0.0084281566	0.022520951	0.0	0.0	0.0	0.0	0.0
-11.604	0.00014087442000000004	0.0033444807	0.00267313888	0.0033793867	0.0	0.0	0.0	0.0	0.0
-11.562	0.0011613848	0.017737960000000004	0.016107065599999998	0.006497933899999999	0.0	0.0	0.0	0.0	0.0
-11.519	0.0073718310000000006	0.11101023999999998	0.105132768	0.03926631	0.0	0.0	0.0	0.0	0.0
-11.477	0.033243355	0.49525680000000005	0.4913109500000001	0.17376766	0.0	0.0	0.0	0.0	0.0
-11.434	0.10655983000000001	1.5688341999999997	1.6377005999999996	0.5452221700000001	0.0	0.0	0.0	0.0	0.0
-11.391	0.24335026999999998	3.5345531	3.8996123999999996	1.215261	0.0	0.0	0.0	0.0	0.0
-11.349	0.39639769	5.671680100000001	6.635547000000001	1.9268728	0.0	0.0	0.0	0.0	0.0
-11.306	0.46124965000000007	6.497026400000001	8.0694089	2.1773981	0.0	0.0	0.0	0.0	0.0
-11.264	0.3837084	5.314311399999999	7.005732400000001	1.7560663	0.0	0.0	0.0	0.0	0.0
-11.221	0.22818596999999996	3.1071014	4.338156700000001	1.0136891000000001	0.0	0.0	0.0	0.0	0.0
-11.179	0.09764009	1.3042326	1.9213689	0.43649499	0.0	0.0	0.0	0.0	0.0
-11.136	0.034126424999999995	0.42577473000000005	0.6556493999999999	0.243906	0.0	0.0	0.0	0.0	0.0
-11.093	0.026531558000000004	0.24539958	0.3717157	0.5385356	0.0	0.0	0.0	0.0	0.0
-11.051	0.060853422000000004	0.4983302	0.7305937	1.5300937	0.0	0.0	0.0	0.0	0.0
-11.008	0.12507266	1.0334505	1.5009306	3.2282056	0.0	0.0	0.0	0.0	0.0
-10.966	0.18468396	1.6105326	2.2978904	4.961388000000001	0.0	0.0	0.0	0.0	0.0
-10.923	0.19682506	2.0066829000000004	2.7347368999999997	5.902461	0.0	0.0	0.0	0.0	0.0
-10.881	0.16354500000000002	2.3573746	2.960836	6.177192000000001	0.0	0.0	0.0	0.0	0.0
-10.838	0.136695	2.9846971000000004	3.51658	6.44359	0.0	0.0	0.0	0.0	0.0
-10.795	0.15595699999999996	3.8458421000000005	4.5136875000000005	6.516741	0.0	0.0	0.0	0.0	0.0
-10.753	0.20660630000000002	4.537038900000001	5.365295	5.791349999999999	0.0	0.0	0.0	0.0	0.0
-10.710	0.24952870999999996	4.9397763	5.4197619999999995	4.599727999999999	0.0	0.0	0.0	0.0	0.0
-10.668	0.28244617	5.6727132000000005	4.775966	4.079671	0.0	0.0	0.0	0.0	0.0
-10.625	0.33337509000000004	7.3176619	4.1481296	4.826995	0.0	0.0	0.0	0.0	0.0
-10.583	0.38187103000000006	8.939926	3.7680615	5.977170000000001	0.0	0.0	0.0	0.0	0.0
-10.540	0.35826768	8.64671267	3.1633815	5.967307999999999	0.0	0.0	0.0	0.0	0.0
-10.497	0.24985286	6.171910339999999	2.2385612000000004	4.468907	0.0	0.0	0.0	0.0	0.0
-10.455	0.1258678	3.36024227	1.6982382	2.8279922	0.0	0.0	0.0	0.0	0.0
-10.412	0.047567689999999996	1.8479120359999999	2.17917352	2.3606797999999998	0.0	0.0	0.0	0.0	0.0
-10.370	0.017374149999999998	1.62932048	3.3856468700000004	2.9834191	0.0	0.0	0.0	0.0	0.0
-10.327	0.00996844	1.7525836000000001	4.168464945	3.5254874999999997	0.0	0.0	0.0	0.0	0.0
-10.285	0.00734404	1.5126149899999999	3.6753094479999997	3.0887270399999998	0.0	0.0	0.0	0.0	0.0
-10.242	0.004438813	0.9374781010000001	2.2847560990000004	1.91839938	0.0	0.0	0.0	0.0	0.0
-10.199	0.0019337409999999999	0.409778285	0.9992181879	0.8389984800000001	0.0	0.0	0.0	0.0	0.0
-10.157	0.0005943515	0.1260530953	0.30733489850000006	0.25803944	0.0	0.0	0.0	0.0	0.0
-10.114	0.0001284807	0.0272447778	0.06642188206	0.0557711476	0.0	0.0	0.0	0.0	0.0
-10.072	1.95082e-05	0.00413708264	0.010088171315	0.0084688134	0.0	0.0	0.0	0.0	0.0
-10.029	2.0799010000000004e-06	0.000441089194	0.0010754430843	0.00090283396	0.0	0.0	0.0	0.0	0.0
-9.987	1.5559360000000001e-07	3.2995629e-05	8.044915670999999e-05	6.753856340000001e-05	0.0	0.0	0.0	0.0	0.0
-9.944	8.16482e-09	1.73108787e-06	4.220387177e-06	3.54303311e-06	0.0	0.0	0.0	0.0	0.0
-9.901	5.075699e-10	6.40529425e-08	1.5547408400000002e-07	1.31021357e-07	0.0	0.0	0.0	0.0	0.0
-9.859	9.327023999999999e-09	2.0256678e-08	1.798049e-08	3.74623503e-08	0.0	0.0	0.0	0.0	0.0
-9.816	2.9306959999999994e-07	5.8548665e-07	4.398502e-07	1.0726404294e-06	0.0	0.0	0.0	0.0	0.0
-9.774	6.456795e-06	1.29000333e-05	9.69048e-06	2.3632612749999998e-05	0.0	0.0	0.0	0.0	0.0
-9.731	9.975005000000003e-05	0.00019924066999999998	0.0001496599	0.00036506564247	0.0	0.0	0.0	0.0	0.0
-9.689	0.0010806765	0.0021589414000000003	0.0016219510000000002	0.0039553204602	0.0	0.0	0.0	0.0	0.0
-9.646	0.008220282999999998	0.016421424	0.01233526	0.0300874135	0.0	0.0	0.0	0.0	0.0
-9.603	0.04391429	0.08773193	0.0658966	0.1607034787	0.0	0.0	0.0	0.0	0.0
-9.561	0.16482610000000006	0.32927958999999996	0.2473553	0.6032680701900001	0.0	0.0	0.0	0.0	0.0
-9.518	0.4350104	0.86887822	0.6528269999999999	1.5918911852000002	0.0	0.0	0.0	0.0	0.0
-9.476	0.8072702999999999	1.6125467	1.211485	2.9543943437999998	0.0	0.0	0.0	0.0	0.0
-9.433	1.0538569999999998	2.1053146000000003	1.5815909999999997	3.8569904488000004	0.0	0.0	0.0	0.0	0.0
-9.391	0.9679848	1.9335155999999998	1.452609	3.5427214120999997	0.0	0.0	0.0	0.0	0.0
-9.348	0.6253484	1.24917908	0.938495	2.2887532663	0.0	0.0	0.0	0.0	0.0
-9.305	0.28416980000000003	0.5676792	0.4264217999999999	1.040008021	0.0	0.0	0.0	0.0	0.0
-9.263	0.09080998000000001	0.18139512	0.1362618	0.33232303867	0.0	0.0	0.0	0.0	0.0
-9.220	0.02039398	0.040742195999999994	0.030604959999999997	0.07462944868400001	0.0	0.0	0.0	0.0	0.0
-9.178	0.0032178239999999998	0.0064274797	0.0048284600000000006	0.01177559637	0.0	0.0	0.0	0.0	0.0
-9.135	0.0003565038	0.00071210793	0.0005349412	0.0013045988518	0.0	0.0	0.0	0.0	0.0
-9.093	2.7713480000000004e-05	5.5367631000000007e-05	4.1583349999999995e-05	0.0001014206018	0.0	0.0	0.0	0.0	0.0
-9.050	1.511014e-06	3.0183046000000006e-06	2.2674260000000004e-06	5.5298866434000004e-06	0.0	0.0	0.0	0.0	0.0
-9.007	5.772228999999999e-08	1.15336386e-07	8.663939999999998e-08	2.1123862458e-07	0.0	0.0	0.0	0.0	0.0
-8.965	1.545167e-09	3.0866994e-09	2.3188000000000003e-09	5.654879658e-09	0.0	0.0	0.0	0.0	0.0
-8.922	2.895115e-11	5.783903500000001e-11	4.344544e-11	1.0595448233e-10	0.0	0.0	0.0	0.0	0.0
-8.880	3.797501e-13	7.5868648e-13	5.698920000000001e-13	1.3897408617e-12	0.0	0.0	0.0	0.0	0.0
-8.837	3.502575e-15	6.996859500000001e-15	5.2552409999999996e-15	1.2818012491e-14	0.0	0.0	0.0	0.0	0.0
-8.795	0.0	0.0	0.0	0.0	0.0	0.0	0.0	0.0	0.0
-8.752	0.0	0.0	0.0	0.0	0.0	0.0	0.0	0.0	0.0
-8.709	0.0	0.0	0.0	0.0	0.0	0.0	0.0	0.0	0.0
-8.667	2.70082777e-15	1.0745766e-15	2.84503654e-14	2.01263653e-15	0.0	0.0	0.0	0.0	0.0
-8.624	2.91144352e-13	1.1581286e-13	3.066273555e-12	2.16905376e-13	0.0	0.0	0.0	0.0	0.0
-8.582	2.17769171e-11	8.663651e-12	2.293409667e-10	1.6226594799999997e-11	0.0	0.0	0.0	0.0	0.0
-8.539	1.1398456700000003e-09	4.53439e-10	1.2006394487999998e-08	8.493295300000001e-10	0.0	0.0	0.0	0.0	0.0
-8.497	4.1771588700000005e-08	1.6616840999999998e-08	4.3991675930000005e-07	3.11235422e-08	0.0	0.0	0.0	0.0	0.0
-8.454	1.07214643e-06	4.265632e-07	1.1292351353000001e-05	7.988524799999999e-07	0.0	0.0	0.0	0.0	0.0
-8.411	1.9291611599999996e-05	7.673437e-06	0.0002031304611	1.4371226600000001e-05	0.0	0.0	0.0	0.0	0.0
-8.369	0.00024335409699999998	9.680573e-05	0.0025626837890000004	0.00018130664199999998	0.0	0.0	0.0	0.0	0.0
-8.326	0.0021549237199999997	0.0008571253	0.022693554390000002	0.00160533313	0.0	0.0	0.0	0.0	0.0
-8.284	0.013396309199999996	0.005328592699999999	0.1411041676	0.0099797659	0.0	0.0	0.0	0.0	0.0
-8.241	0.05850169100000001	0.023276601	0.6161316213	0.0435869995	0.0	0.0	0.0	0.0	0.0
-8.199	0.179617049	0.07144886	1.891839766	0.133809661	0.0	0.0	0.0	0.0	0.0
-8.156	0.38771787899999993	0.15425498999999998	4.082998557	0.288841961	0.0	0.0	0.0	0.0	0.0
-8.113	0.5886273799999999	0.23413102	6.1997902410000005	0.43855105099999997	0.0	0.0	0.0	0.0	0.0
-8.071	0.62874526	0.25010584	6.621717957	0.468499667	0.0	0.0	0.0	0.0	0.0
-8.028	0.47241653699999997	0.18797534999999999	4.976079224999999	0.35195726400000005	0.0	0.0	0.0	0.0	0.0
-7.986	0.24974294200000002	0.09934357999999999	2.629967499	0.18606674	0.0	0.0	0.0	0.0	0.0
-7.943	0.09282243500000001	0.036931367	0.9776884919	0.06917192700000001	0.0	0.0	0.0	0.0	0.0
-7.901	0.0242592001	0.009650089	0.2555292383	0.018073443	0.0	0.0	0.0	0.0	0.0
-7.858	0.004454371540000001	0.0017725460999999999	0.04691243012	0.00331896849	0.0	0.0	0.0	0.0	0.0
-7.815	0.00057438577	0.00022855179	0.006050692429	0.000428047832	0.0	0.0	0.0	0.0	0.0
-7.773	5.1992597500000004e-05	2.0687941e-05	0.00054773149	3.874279949999999e-05	0.0	0.0	0.0	0.0	0.0
-7.730	3.3015909299999998e-06	1.3134575e-06	3.477395283e-05	2.45972377e-06	0.0	0.0	0.0	0.0	0.0
-7.688	1.47011317e-07	5.8467886e-08	1.548102349e-06	1.0950826000000001e-07	0.0	0.0	0.0	0.0	0.0
-7.645	4.5836529e-09	1.8230146000000001e-09	4.828242414e-08	3.41499048e-09	0.0	0.0	0.0	0.0	0.0
-7.603	1.00103783e-10	3.982633899999999e-11	1.0543550393e-09	7.458773899999999e-11	0.0	0.0	0.0	0.0	0.0
-7.560	1.5301893500000002e-12	6.085850800000001e-13	1.610740756e-11	1.13972052e-12	0.0	0.0	0.0	0.0	0.0
-7.517	1.65074496e-14	6.567082000000001e-15	1.738137382e-13	1.2299033799999999e-14	0.0	0.0	0.0	0.0	0.0
-7.475	0.0	0.0	0.0	0.0	0.0	0.0	0.0	0.0	0.0
-7.432	0.0	0.0	0.0	0.0	0.0	0.0	0.0	0.0	0.0
-7.390	0.0	0.0	0.0	0.0	0.0	0.0	0.0	0.0	0.0
-7.347	0.0	0.0	0.0	0.0	0.0	0.0	0.0	0.0	0.0
-7.305	0.0	0.0	0.0	0.0	0.0	0.0	0.0	0.0	0.0
-7.262	0.0	0.0	0.0	0.0	0.0	0.0	0.0	0.0	0.0
-7.219	0.0	0.0	0.0	0.0	0.0	0.0	0.0	0.0	0.0
-7.177	0.0	0.0	0.0	0.0	0.0	0.0	0.0	0.0	0.0
-7.134	0.0	0.0	0.0	0.0	0.0	0.0	0.0	0.0	0.0
-7.092	0.0	0.0	0.0	0.0	0.0	0.0	0.0	0.0	0.0
-7.049	0.0	0.0	0.0	0.0	0.0	0.0	0.0	0.0	0.0
-7.006	0.0	0.0	0.0	0.0	0.0	0.0	0.0	0.0	0.0
-6.964	0.0	0.0	0.0	0.0	0.0	0.0	0.0	0.0	0.0
-6.921	0.0	0.0	0.0	0.0	0.0	0.0	0.0	0.0	0.0
-6.879	0.0	0.0	0.0	0.0	0.0	0.0	0.0	0.0	0.0
-6.836	0.0	0.0	0.0	0.0	0.0	0.0	0.0	0.0	0.0
-6.794	0.0	0.0	0.0	0.0	0.0	0.0	0.0	0.0	0.0
-6.751	0.0	0.0	0.0	0.0	0.0	0.0	0.0	0.0	0.0
-6.708	0.0	0.0	0.0	0.0	0.0	0.0	0.0	0.0	0.0
-6.666	0.0	0.0	0.0	0.0	0.0	0.0	0.0	0.0	0.0
-6.623	0.0	0.0	0.0	0.0	0.0	0.0	0.0	0.0	0.0
-6.581	0.0	0.0	0.0	0.0	0.0	0.0	0.0	0.0	0.0
-6.538	0.0	0.0	0.0	0.0	0.0	0.0	0.0	0.0	0.0
-6.496	0.0	0.0	0.0	0.0	0.0	0.0	0.0	0.0	0.0
-6.453	0.0	0.0	0.0	0.0	0.0	0.0	0.0	0.0	0.0
-6.410	0.0	0.0	0.0	0.0	0.0	0.0	0.0	0.0	0.0
-6.368	0.0	0.0	0.0	0.0	0.0	0.0	0.0	0.0	0.0
-6.325	0.0	0.0	0.0	0.0	0.0	0.0	0.0	0.0	0.0
-6.283	0.0	0.0	0.0	0.0	0.0	0.0	0.0	0.0	0.0
-6.240	0.0	0.0	0.0	0.0	0.0	0.0	0.0	0.0	0.0
-6.198	0.0	0.0	0.0	0.0	0.0	0.0	0.0	0.0	0.0
-6.155	0.0	0.0	0.0	0.0	0.0	0.0	0.0	0.0	0.0
-6.112	0.0	0.0	0.0	0.0	0.0	0.0	0.0	0.0	0.0
-6.070	0.0	0.0	0.0	0.0	0.0	0.0	0.0	0.0	0.0
-6.027	0.0	0.0	0.0	0.0	0.0	0.0	0.0	0.0	0.0
-5.985	0.0	0.0	0.0	0.0	0.0	0.0	0.0	0.0	0.0
-5.942	0.0	0.0	0.0	0.0	0.0	0.0	0.0	0.0	0.0
-5.900	0.0	0.0	0.0	0.0	0.0	0.0	0.0	0.0	0.0
-5.857	0.0	0.0	0.0	0.0	0.0	0.0	0.0	0.0	0.0
-5.814	0.0	0.0	0.0	0.0	0.0	0.0	0.0	0.0	0.0
-5.772	0.0	0.0	0.0	0.0	0.0	0.0	0.0	0.0	0.0
-5.729	0.0	0.0	0.0	0.0	0.0	0.0	0.0	0.0	0.0
-5.687	0.0	0.0	0.0	0.0	0.0	0.0	0.0	0.0	0.0
-5.644	0.0	0.0	0.0	0.0	0.0	0.0	0.0	0.0	0.0
-5.602	0.0	0.0	0.0	0.0	0.0	0.0	0.0	0.0	0.0
-5.559	0.0	0.0	0.0	0.0	0.0	0.0	0.0	0.0	0.0
-5.516	0.0	0.0	0.0	0.0	0.0	0.0	0.0	0.0	0.0
-5.474	0.0	0.0	0.0	0.0	0.0	0.0	0.0	0.0	0.0
-5.431	0.0	0.0	0.0	0.0	0.0	0.0	0.0	0.0	0.0
-5.389	0.0	0.0	0.0	0.0	0.0	0.0	0.0	0.0	0.0
-5.346	0.0	0.0	0.0	0.0	0.0	0.0	0.0	0.0	0.0
-5.304	0.0	0.0	0.0	0.0	0.0	0.0	0.0	0.0	0.0
-5.261	0.0	0.0	0.0	0.0	0.0	0.0	0.0	0.0	0.0
-5.218	0.0	0.0	0.0	0.0	0.0	0.0	0.0	0.0	0.0
-5.176	0.0	0.0	0.0	0.0	0.0	0.0	0.0	0.0	0.0
-5.133	0.0	0.0	0.0	0.0	0.0	0.0	0.0	0.0	0.0
-5.091	0.0	0.0	0.0	0.0	0.0	0.0	0.0	0.0	0.0
-5.048	0.0	0.0	0.0	0.0	0.0	0.0	0.0	0.0	0.0
-5.006	0.0	0.0	0.0	0.0	0.0	0.0	0.0	0.0	0.0
-4.963	0.0	0.0	0.0	0.0	0.0	0.0	0.0	0.0	0.0
-4.920	0.0	0.0	0.0	0.0	0.0	0.0	0.0	0.0	0.0
-4.878	0.0	0.0	0.0	0.0	0.0	0.0	0.0	0.0	0.0
-4.835	0.0	0.0	0.0	0.0	0.0	0.0	0.0	0.0	0.0
-4.793	0.0	0.0	0.0	0.0	0.0	0.0	0.0	0.0	0.0
-4.750	0.0	0.0	0.0	0.0	0.0	0.0	0.0	0.0	0.0
-4.708	0.0	0.0	0.0	0.0	0.0	0.0	0.0	0.0	0.0
-4.665	0.0	0.0	0.0	0.0	0.0	0.0	0.0	0.0	0.0
-4.622	0.0	0.0	0.0	0.0	0.0	0.0	0.0	0.0	0.0
-4.580	0.0	0.0	0.0	0.0	0.0	0.0	0.0	0.0	0.0
-4.537	0.0	0.0	0.0	0.0	0.0	0.0	0.0	0.0	0.0
-4.495	0.0	0.0	0.0	0.0	0.0	0.0	0.0	0.0	0.0
-4.452	0.0	0.0	0.0	0.0	0.0	0.0	0.0	0.0	0.0
-4.410	0.0	0.0	0.0	0.0	0.0	0.0	0.0	0.0	0.0
-4.367	0.0	0.0	0.0	0.0	0.0	0.0	0.0	0.0	0.0
-4.324	0.0	0.0	0.0	0.0	0.0	0.0	0.0	0.0	0.0
-4.282	0.0	0.0	0.0	0.0	0.0	0.0	0.0	0.0	0.0
-4.239	0.0	0.0	0.0	0.0	0.0	0.0	0.0	0.0	0.0
-4.197	0.0	0.0	0.0	0.0	0.0	0.0	0.0	0.0	0.0
-4.154	0.0	0.0	0.0	0.0	0.0	0.0	0.0	0.0	0.0
-4.112	0.0	0.0	0.0	0.0	0.0	0.0	0.0	0.0	0.0
-4.069	0.0	0.0	0.0	0.0	0.0	0.0	0.0	0.0	0.0
-4.026	0.0	0.0	0.0	0.0	0.0	0.0	0.0	0.0	0.0
-3.984	0.0	0.0	0.0	0.0	0.0	0.0	0.0	0.0	0.0
-3.941	0.0	0.0	0.0	0.0	0.0	0.0	0.0	0.0	0.0
-3.899	0.0	0.0	0.0	0.0	0.0	0.0	0.0	0.0	0.0
-3.856	0.0	0.0	0.0	0.0	0.0	0.0	0.0	0.0	0.0
-3.814	0.0	0.0	0.0	0.0	0.0	0.0	0.0	0.0	0.0
-3.771	0.0	0.0	0.0	0.0	0.0	0.0	0.0	0.0	0.0
-3.728	0.0	0.0	0.0	0.0	0.0	0.0	0.0	0.0	0.0
-3.686	0.0	0.0	0.0	0.0	0.0	0.0	0.0	0.0	0.0
-3.643	0.0	0.0	0.0	0.0	0.0	0.0	0.0	0.0	0.0
-3.601	0.0	0.0	0.0	0.0	0.0	0.0	0.0	0.0	0.0
-3.558	0.0	0.0	0.0	0.0	0.0	0.0	0.0	0.0	0.0
-3.516	0.0	0.0	0.0	0.0	0.0	0.0	0.0	0.0	0.0
-3.473	0.0	0.0	0.0	0.0	0.0	0.0	0.0	0.0	0.0
-3.430	0.0	0.0	0.0	0.0	0.0	0.0	0.0	0.0	0.0
-3.388	0.0	0.0	0.0	0.0	0.0	0.0	0.0	0.0	0.0
-3.345	0.0	0.0	0.0	0.0	0.0	0.0	0.0	0.0	0.0
-3.303	0.0	0.0	0.0	0.0	0.0	0.0	0.0	0.0	0.0
-3.260	0.0	0.0	0.0	0.0	0.0	0.0	0.0	0.0	0.0
-3.218	0.0	0.0	0.0	0.0	0.0	0.0	0.0	0.0	0.0
-3.175	0.0	0.0	0.0	0.0	0.0	0.0	0.0	0.0	0.0
-3.132	0.0	0.0	0.0	0.0	0.0	0.0	0.0	0.0	0.0
-3.090	0.0	0.0	0.0	0.0	0.0	0.0	0.0	0.0	0.0
-3.047	0.0	0.0	0.0	0.0	0.0	0.0	0.0	0.0	0.0
-3.005	0.0	0.0	0.0	0.0	0.0	0.0	0.0	0.0	0.0
-2.962	0.0	0.0	0.0	0.0	0.0	0.0	0.0	0.0	0.0
-2.920	0.0	0.0	0.0	0.0	0.0	0.0	0.0	0.0	0.0
-2.877	0.0	0.0	0.0	0.0	0.0	0.0	0.0	0.0	0.0
-2.834	0.0	0.0	0.0	0.0	0.0	0.0	0.0	0.0	0.0
-2.792	0.0	0.0	0.0	0.0	0.0	0.0	0.0	0.0	0.0
-2.749	0.0	0.0	0.0	0.0	0.0	0.0	0.0	0.0	0.0
-2.707	0.0	0.0	0.0	0.0	0.0	0.0	0.0	0.0	0.0
-2.664	0.0	0.0	0.0	0.0	0.0	0.0	0.0	0.0	0.0
-2.622	0.0	0.0	0.0	0.0	0.0	0.0	0.0	0.0	0.0
-2.579	0.0	0.0	0.0	0.0	0.0	0.0	0.0	0.0	0.0
-2.536	0.0	0.0	0.0	0.0	0.0	0.0	0.0	0.0	0.0
-2.494	0.0	0.0	0.0	0.0	0.0	0.0	0.0	0.0	0.0
-2.451	0.0	0.0	0.0	0.0	0.0	0.0	0.0	0.0	0.0
-2.409	0.0	0.0	0.0	0.0	0.0	0.0	0.0	0.0	0.0
-2.366	0.0	0.0	0.0	0.0	0.0	0.0	0.0	0.0	0.0
-2.324	0.0	0.0	0.0	0.0	0.0	0.0	0.0	0.0	0.0
-2.281	0.0	0.0	0.0	0.0	0.0	0.0	0.0	0.0	0.0
-2.238	0.0	0.0	0.0	0.0	0.0	0.0	0.0	0.0	0.0
-2.196	0.0	0.0	0.0	0.0	0.0	0.0	0.0	0.0	0.0
-2.153	0.0	0.0	0.0	0.0	0.0	0.0	0.0	0.0	0.0
-2.111	0.0	0.0	0.0	0.0	0.0	0.0	0.0	0.0	0.0
-2.068	0.0	0.0	0.0	0.0	0.0	0.0	0.0	0.0	0.0
-2.026	0.0	0.0	0.0	0.0	0.0	0.0	0.0	0.0	0.0
-1.983	0.0	0.0	0.0	0.0	0.0	0.0	0.0	0.0	0.0
-1.940	0.0	0.0	0.0	0.0	0.0	0.0	0.0	0.0	0.0
-1.898	0.0	0.0	0.0	0.0	0.0	0.0	0.0	0.0	0.0
-1.855	0.0	0.0	0.0	0.0	0.0	0.0	0.0	0.0	0.0
-1.813	0.0	0.0	0.0	0.0	0.0	0.0	0.0	0.0	0.0
-1.770	0.0	0.0	0.0	0.0	0.0	0.0	0.0	0.0	0.0
-1.728	0.0	0.0	0.0	0.0	0.0	0.0	0.0	0.0	0.0
-1.685	0.0	0.0	0.0	0.0	0.0	0.0	0.0	0.0	0.0
-1.642	0.0	0.0	0.0	0.0	0.0	0.0	0.0	0.0	0.0
-1.600	0.0	0.0	0.0	0.0	0.0	0.0	0.0	0.0	0.0
-1.557	0.0	0.0	0.0	0.0	0.0	0.0	0.0	0.0	0.0
-1.515	0.0	0.0	0.0	0.0	0.0	0.0	0.0	0.0	0.0
-1.472	0.0	0.0	0.0	0.0	0.0	0.0	0.0	0.0	0.0
-1.429	0.0	0.0	0.0	0.0	0.0	0.0	0.0	0.0	0.0
-1.387	0.0	0.0	0.0	0.0	0.0	0.0	0.0	0.0	0.0
-1.344	0.0	0.0	0.0	0.0	0.0	0.0	0.0	0.0	0.0
-1.302	0.0	0.0	0.0	0.0	0.0	0.0	0.0	0.0	0.0
-1.259	0.0	0.0	0.0	0.0	0.0	0.0	0.0	0.0	0.0
-1.217	0.0	0.0	0.0	0.0	0.0	0.0	0.0	0.0	0.0
-1.174	0.0	0.0	0.0	0.0	0.0	0.0	0.0	0.0	0.0
-1.131	0.0	0.0	0.0	0.0	0.0	0.0	0.0	0.0	0.0
-1.089	0.0	0.0	0.0	0.0	0.0	0.0	0.0	0.0	0.0
-1.046	1.075712e-15	1.0362094e-15	3.159964e-16	1.178849e-15	0.0	0.0	0.0	0.0	0.0
-1.004	1.146412e-13	1.1042778e-13	3.367687e-14	1.2562219e-13	0.0	0.0	0.0	0.0	0.0
-0.961	9.25723e-12	8.916253999999998e-12	2.719266e-12	1.0144619e-11	0.0	0.0	0.0	0.0	0.0
-0.919	5.223912e-10	5.031919e-10	1.534491e-10	5.723732000000002e-10	0.0	0.0	0.0	0.0	0.0
-0.876	2.0637319999999998e-08	1.9874461999999998e-08	6.061183e-09	2.2611690000000005e-08	0.0	0.0	0.0	0.0	0.0
-0.833	5.708092e-07	5.498319999999999e-07	1.6770029999999998e-07	6.25505e-07	0.0	0.0	0.0	0.0	0.0
-0.791	1.106787e-05	1.0659251e-05	3.250995e-06	1.2127437999999999e-05	0.0	0.0	0.0	0.0	0.0
-0.748	0.0001504761	0.00014491841	4.4197880000000004e-05	0.00016486946	0.0	0.0	0.0	0.0	0.0
-0.706	0.001435366	0.0013824467	0.0004216227	0.0015726763000000002	0.0	0.0	0.0	0.0	0.0
-0.663	0.009611970000000001	0.009257748000000001	0.002823748	0.010532952	0.0	0.0	0.0	0.0	0.0
-0.621	0.04522197	0.043558389999999995	0.01328498	0.04955853	0.0	0.0	0.0	0.0	0.0
-0.578	0.1495322	0.14402863999999999	0.043922659999999995	0.16385538	0.0	0.0	0.0	0.0	0.0
-0.535	0.34764459999999997	0.3348174	0.10211158000000001	0.38089829999999997	0.0	0.0	0.0	0.0	0.0
-0.493	0.5684829	0.5475299	0.1669678	0.6229094	0.0	0.0	0.0	0.0	0.0
-0.450	0.6539202	0.6296805999999999	0.1920696	0.7164601	0.0	0.0	0.0	0.0	0.0
-0.408	0.5290414	0.5096274	0.1554336	0.5797149	0.0	0.0	0.0	0.0	0.0
-0.365	0.3011812	0.29009899	0.08848081000000001	0.3300187	0.0	0.0	0.0	0.0	0.0
-0.323	0.1205775	0.11613569999999998	0.03541875	0.13213320999999997	0.0	0.0	0.0	0.0	0.0
-0.280	0.0339364	0.03269107	0.009968968999999998	0.03718977	0.0	0.0	0.0	0.0	0.0
-0.237	0.006714707	0.006467657999999999	0.001972301	0.0073574700000000005	0.0	0.0	0.0	0.0	0.0
-0.195	0.000944368	0.0009171467	0.00027916860000000004	0.0010342531000000002	0.0	0.0	0.0	0.0	0.0
-0.152	0.0002261902	0.00030621260000000003	8.6929e-05	0.0002405941	0.0	0.0	0.0	0.0	0.0
-0.110	0.0011081707000000001	0.001787224	0.000492406	0.0011549782000000001	0.0	0.0	0.0	0.0	0.0
-0.067	0.0063066563	0.010194059	0.00280915	0.006571667999999999	0.0	0.0	0.0	0.0	0.0
-0.025	0.025382982	0.04101697	0.011317810000000003	0.026445589999999998	0.0	0.0	0.0	0.0	0.0
0.018	0.07197285	0.11618991000000002	0.0322065	0.07496472000000001	0.0	0.0	0.0	0.0	0.0
0.061	0.14459391	0.2326197	0.06535079999999999	0.15031288999999998	0.0	0.0	0.0	0.0	0.0
0.103	0.20875082	0.3326341	0.0972026	0.215913	0.0	0.0	0.0	0.0	0.0
0.146	0.22560349000000002	0.35002489999999997	0.11339679999999999	0.23013309999999998	0.0	0.0	0.0	0.0	0.0
0.188	0.20043683	0.29308919999999994	0.1169371	0.1987147	0.0	0.0	0.0	0.0	0.0
0.231	0.16871507	0.22830382000000005	0.11691470000000001	0.1621423	0.0	0.0	0.0	0.0	0.0
0.273	0.14726599999999998	0.19756179	0.1104501	0.14407899999999998	0.0	0.0	0.0	0.0	0.0
0.316	0.1345229	0.20149292999999996	0.0959657	0.1444608	0.0	0.0	0.0	0.0	0.0
0.359	0.13002850000000002	0.22382084000000005	0.08705829999999999	0.15612769999999998	0.0	0.0	0.0	0.0	0.0
0.401	0.13375900000000002	0.24538939999999998	0.1034127	0.1702767	0.0	0.0	0.0	0.0	0.0
0.444	0.149206	0.2675346	0.1586181	0.189577	0.0	0.0	0.0	0.0	0.0
0.486	0.17761900000000003	0.30130200000000007	0.23831800000000003	0.21938700000000003	0.0	0.0	0.0	0.0	0.0
0.529	0.19976700000000003	0.32235889999999995	0.2884086	0.23833300000000002	0.0	0.0	0.0	0.0	0.0
0.571	0.19730930000000002	0.29833119999999996	0.26846200000000003	0.222034	0.0	0.0	0.0	0.0	0.0
0.614	0.1860472	0.25111500000000003	0.20895590000000006	0.18861199999999997	0.0	0.0	0.0	0.0	0.0
0.657	0.188169	0.22313860000000002	0.1674952	0.17162900000000003	0.0	0.0	0.0	0.0	0.0
0.699	0.19292199999999998	0.21250399999999997	0.15494779999999997	0.16902399999999998	0.0	0.0	0.0	0.0	0.0
0.742	0.17855800000000002	0.195713	0.1450071	0.15964699999999998	0.0	0.0	0.0	0.0	0.0
0.784	0.151245	0.180541	0.1269999	0.145552	0.0	0.0	0.0	0.0	0.0
0.827	0.135161	0.192764	0.1144968	0.145017	0.0	0.0	0.0	0.0	0.0
0.869	0.13988	0.23332999999999998	0.1187985	0.16045900000000002	0.0	0.0	0.0	0.0	0.0
0.912	0.15800700000000004	0.28481399999999996	0.1402547	0.18047899999999995	0.0	0.0	0.0	0.0	0.0
0.955	0.18126099999999998	0.34531199999999995	0.1767827	0.202133	0.0	0.0	0.0	0.0	0.0
0.997	0.20091199999999998	0.41593699999999995	0.2201032	0.22821499999999997	0.0	0.0	0.0	0.0	0.0
1.040	0.20661200000000002	0.46102399999999993	0.25097149999999996	0.25110600000000005	0.0	0.0	0.0	0.0	0.0
1.082	0.200036	0.43247100000000005	0.25894919999999993	0.263293	0.0	0.0	0.0	0.0	0.0
1.125	0.19880599999999998	0.34220200000000006	0.260169	0.2758719	0.0	0.0	0.0	0.0	0.0
1.167	0.20980300000000002	0.261266	0.26818699999999995	0.2949907	0.0	0.0	0.0	0.0	0.0
1.210	0.215396	0.241336	0.26691299999999996	0.29933139999999997	0.0	0.0	0.0	0.0	0.0
1.253	0.20626300000000003	0.280697	0.242281	0.2772017	0.0	0.0	0.0	0.0	0.0
1.295	0.198529	0.34351699999999996	0.208619	0.249722	0.0	0.0	0.0	0.0	0.0
1.338	0.204652	0.388459	0.185132	0.235932	0.0	0.0	0.0	0.0	0.0
1.380	0.219747	0.40244700000000005	0.18189600000000003	0.23786500000000002	0.0	0.0	0.0	0.0	0.0
1.423	0.237847	0.404021	0.20457800000000004	0.25795700000000005	0.0	0.0	0.0	0.0	0.0
1.465	0.257174	0.4063	0.245505	0.293229	0.0	0.0	0.0	0.0	0.0
1.508	0.272003	0.40222099999999994	0.28059200000000006	0.321496	0.0	0.0	0.0	0.0	0.0
1.551	0.27477399999999996	0.3871110000000001	0.29009799999999997	0.320766	0.0	0.0	0.0	0.0	0.0
1.593	0.263234	0.36645099999999997	0.275533	0.29517400000000005	0.0	0.0	0.0	0.0	0.0
1.636	0.24078600000000003	0.34689200000000003	0.252041	0.269621	0.0	0.0	0.0	0.0	0.0
1.678	0.215544	0.33263	0.23262090000000002	0.27011699999999994	0.0	0.0	0.0	0.0	0.0
1.721	0.20596699999999998	0.32648	0.23357329999999998	0.32728100000000004	0.0	0.0	0.0	0.0	0.0
1.763	0.239018	0.33575499999999997	0.29127200000000003	0.47547700000000004	0.0	0.0	0.0	0.0	0.0
1.806	0.32189199999999996	0.36237600000000003	0.44626	0.7013579999999998	0.0	0.0	0.0	0.0	0.0
1.849	0.41952	0.382793	0.6893380000000001	0.909512	0.0	0.0	0.0	0.0	0.0
1.891	0.477521	0.372716	0.9149200000000002	0.985198	0.0	0.0	0.0	0.0	0.0
1.934	0.46247399999999994	0.34646099999999996	0.960549	0.8785809999999998	0.0	0.0	0.0	0.0	0.0
1.976	0.3858960000000001	0.33627999999999997	0.7672859999999999	0.636658	0.0	0.0	0.0	0.0	0.0
2.019	0.295986	0.343222	0.46986100000000003	0.38025099999999995	0.0	0.0	0.0	0.0	0.0
2.061	0.232951	0.33529699999999996	0.24608100000000002	0.21126299999999998	0.0	0.0	0.0	0.0	0.0
2.104	0.202913	0.295441	0.150559	0.140517	0.0	0.0	0.0	0.0	0.0
2.147	0.194216	0.24323899999999993	0.137271	0.125422	0.0	0.0	0.0	0.0	0.0
2.189	0.19853	0.206874	0.153834	0.13534400000000002	0.0	0.0	0.0	0.0	0.0
2.232	0.21624300000000002	0.19878099999999996	0.17695599999999997	0.162107	0.0	0.0	0.0	0.0	0.0
2.274	0.24151000000000006	0.21029000000000003	0.197316	0.194053	0.0	0.0	0.0	0.0	0.0
2.317	0.251452	0.216399	0.20189400000000002	0.207036	0.0	0.0	0.0	0.0	0.0
2.359	0.23308700000000002	0.20304299999999997	0.18593999999999994	0.19115000000000004	0.0	0.0	0.0	0.0	0.0
2.402	0.207373	0.18633799999999998	0.16625500000000001	0.16744900000000001	0.0	0.0	0.0	0.0	0.0
2.445	0.200561	0.187383	0.158651	0.16123799999999996	0.0	0.0	0.0	0.0	0.0
2.487	0.211402	0.20491199999999998	0.155972	0.17319299999999999	0.0	0.0	0.0	0.0	0.0
2.530	0.221955	0.22475800000000004	0.145203	0.188701	0.0	0.0	0.0	0.0	0.0
2.572	0.22355199999999997	0.24069500000000002	0.13078400000000004	0.20012	0.0	0.0	0.0	0.0	0.0
2.615	0.22195299999999998	0.256976	0.12875099999999998	0.208359	0.0	0.0	0.0	0.0	0.0
2.657	0.22280999999999998	0.272609	0.14442900000000003	0.213941	0.0	0.0	0.0	0.0	0.0
2.700	0.22266599999999998	0.27417400000000003	0.166822	0.21687399999999998	0.0	0.0	0.0	0.0	0.0
2.743	0.217738	0.255837	0.18414899999999998	0.219764	0.0	0.0	0.0	0.0	0.0
2.785	0.20901399999999998	0.2303	0.195366	0.22284100000000004	0.0	0.0	0.0	0.0	0.0
2.828	0.195685	0.208399	0.20275300000000002	0.22073400000000004	0.0	0.0	0.0	0.0	0.0
2.870	0.17775200000000002	0.18649099999999996	0.20337	0.20892599999999997	0.0	0.0	0.0	0.0	0.0
2.913	0.16622900000000004	0.164082	0.19718700000000003	0.19133100000000003	0.0	0.0	0.0	0.0	0.0
2.955	0.178428	0.154723	0.19791699999999993	0.18096600000000002	0.0	0.0	0.0	0.0	0.0
2.998	0.214735	0.164997	0.21797300000000003	0.186768	0.0	0.0	0.0	0.0	0.0
3.041	0.24697099999999997	0.178303	0.241564	0.19713	0.0	0.0	0.0	0.0	0.0
3.083	0.24344000000000002	0.174652	0.235834	0.190204	0.0	0.0	0.0	0.0	0.0
3.126	0.202969	0.154023	0.19366799999999998	0.161558	0.0	0.0	0.0	0.0	0.0
3.168	0.15405300000000002	0.132448	0.1441416	0.12896300000000002	0.0	0.0	0.0	0.0	0.0
3.211	0.122069	0.122601	0.1158358	0.11083900000000002	0.0	0.0	0.0	0.0	0.0
3.253	0.107215	0.12101500000000001	0.10751279999999999	0.10791400000000001	0.0	0.0	0.0	0.0	0.0
3.296	0.095303	0.11379799999999998	0.1002357	0.10652400000000001	0.0	0.0	0.0	0.0	0.0
3.339	0.077723	0.0932501	0.083606	0.094963	0.0	0.0	0.0	0.0	0.0
3.381	0.055860999999999994	0.0645346	0.0613836	0.072895	0.0	0.0	0.0	0.0	0.0
3.424	0.034869000000000004	0.0378111	0.04037900000000001	0.04764849999999999	0.0	0.0	0.0	0.0	0.0
3.466	0.018573100000000002	0.0188775	0.02348173	0.026247899999999998	0.0	0.0	0.0	0.0	0.0
3.509	0.0081841	0.00792184	0.011398849999999999	0.011862449999999998	0.0	0.0	0.0	0.0	0.0
3.551	0.0028637999999999997	0.0026915100000000003	0.004323840000000001	0.00422541	0.0	0.0	0.0	0.0	0.0
3.594	0.0007645649999999999	0.0007072059999999999	0.001221494	0.001140477	0.0	0.0	0.0	0.0	0.0
3.637	0.0001508703	0.000138448	0.00024997459999999996	0.0002264712	0.0	0.0	0.0	0.0	0.0
3.679	2.1549009999999997e-05	1.96926e-05	3.65034e-05	3.245339e-05	0.0	0.0	0.0	0.0	0.0
3.722	2.198474e-06	2.0046300000000002e-06	3.77337e-06	3.3159e-06	0.0	0.0	0.0	0.0	0.0
3.764	1.5894349999999998e-07	1.447451e-07	2.749363e-07	2.39866e-07	0.0	0.0	0.0	0.0	0.0
3.807	8.103061999999998e-09	7.373549999999999e-09	1.408015e-08	1.2232099999999999e-08	0.0	0.0	0.0	0.0	0.0
3.849	2.904484e-10	2.6416299999999997e-10	5.05996e-10	4.384971e-10	0.0	0.0	0.0	0.0	0.0
3.892	7.304736e-12	6.641590000000001e-12	1.2748219999999998e-11	1.102695e-11	0.0	0.0	0.0	0.0	0.0
3.935	1.2874252000000002e-13	1.1705089999999998e-13	2.248771e-13	1.9433590000000001e-13	0.0	0.0	0.0	0.0	0.0
3.977	1.5859391e-15	1.441456e-15	2.7740130000000005e-15	2.3937969999999997e-15	0.0	0.0	0.0	0.0	0.0
4.020	1.3402718999999999e-17	1.218066e-17	2.3440549999999998e-17	2.0228430000000003e-17	0.0	0.0	0.0	0.0	0.0
4.062	0.0	0.0	0.0	0.0	0.0	0.0	0.0	0.0	0.0
4.105	0.0	0.0	0.0	0.0	0.0	0.0	0.0	0.0	0.0
4.148	0.0	0.0	0.0	0.0	0.0	0.0	0.0	0.0	0.0
4.190	0.0	0.0	0.0	0.0	0.0	0.0	0.0	0.0	0.0
4.233	0.0	0.0	0.0	0.0	0.0	0.0	0.0	0.0	0.0
4.275	0.0	0.0	0.0	0.0	0.0	0.0	0.0	0.0	0.0
4.318	0.0	0.0	0.0	0.0	0.0	0.0	0.0	0.0	0.0
4.360	0.0	0.0	0.0	0.0	0.0	0.0	0.0	0.0	0.0
4.403	0.0	0.0	0.0	0.0	0.0	0.0	0.0	0.0	0.0
4.446	0.0	0.0	0.0	0.0	0.0	0.0	0.0	0.0	0.0
4.488	0.0	0.0	0.0	0.0	0.0	0.0	0.0	0.0	0.0
4.531	0.0	0.0	0.0	0.0	0.0	0.0	0.0	0.0	0.0
4.573	0.0	0.0	0.0	0.0	0.0	0.0	0.0	0.0	0.0
4.616	0.0	0.0	0.0	0.0	0.0	0.0	0.0	0.0	0.0
4.658	0.0	0.0	0.0	0.0	0.0	0.0	0.0	0.0	0.0
4.701	0.0	0.0	0.0	0.0	0.0	0.0	0.0	0.0	0.0
4.744	0.0	0.0	0.0	0.0	0.0	0.0	0.0	0.0	0.0
4.786	0.0	0.0	0.0	0.0	0.0	0.0	0.0	0.0	0.0
4.829	0.0	0.0	0.0	0.0	0.0	0.0	0.0	0.0	0.0
4.871	0.0	0.0	0.0	0.0	0.0	0.0	0.0	0.0	0.0
4.914	0.0	0.0	0.0	0.0	0.0	0.0	0.0	0.0	0.0
4.956	0.0	0.0	0.0	0.0	0.0	0.0	0.0	0.0	0.0
4.999	0.0	0.0	0.0	0.0	0.0	0.0	0.0	0.0	0.0
5.042	0.0	0.0	0.0	0.0	0.0	0.0	0.0	0.0	0.0
5.084	0.0	0.0	0.0	0.0	0.0	0.0	0.0	0.0	0.0
5.127	0.0	0.0	0.0	0.0	0.0	0.0	0.0	0.0	0.0
5.169	0.0	0.0	0.0	0.0	0.0	0.0	0.0	0.0	0.0
5.212	0.0	0.0	0.0	0.0	0.0	0.0	0.0	0.0	0.0
5.254	0.0	0.0	0.0	0.0	0.0	0.0	0.0	0.0	0.0
5.297	0.0	0.0	0.0	0.0	0.0	0.0	0.0	0.0	0.0
5.340	0.0	0.0	0.0	0.0	0.0	0.0	0.0	0.0	0.0
