-30.776	0.0	0.0	0.0	0.0	0.0	0.0	0.0	0.0	0.0
-30.742	0.0	0.0	0.0	0.0	0.0	0.0	0.0	0.0	0.0
-30.709	0.0	0.0	0.0	0.0	0.0	0.0	0.0	0.0	0.0
-30.676	0.0	0.0	0.0	0.0	0.0	0.0	0.0	0.0	0.0
-30.642	0.0	0.0	0.0	0.0	0.0	0.0	0.0	0.0	0.0
-30.609	0.0	0.0	0.0	0.0	0.0	0.0	0.0	0.0	0.0
-30.576	0.0	0.0	0.0	0.0	0.0	0.0	0.0	0.0	0.0
-30.542	0.0	0.0	0.0	0.0	0.0	0.0	0.0	0.0	0.0
-30.509	0.0	0.0	0.0	0.0	0.0	0.0	0.0	0.0	0.0
-30.476	0.0	0.0	0.0	0.0	0.0	0.0	0.0	0.0	0.0
-30.442	0.0	0.0	0.0	0.0	0.0	0.0	0.0	0.0	0.0
-30.409	0.0	0.0	0.0	0.0	0.0	0.0	0.0	0.0	0.0
-30.376	0.0	0.0	0.0	0.0	0.0	0.0	0.0	0.0	0.0
-30.342	0.0	0.0	0.0	0.0	0.0	0.0	0.0	0.0	0.0
-30.309	0.0	0.0	0.0	0.0	0.0	0.0	0.0	0.0	0.0
-30.276	0.0	0.0	0.0	0.0	0.0	0.0	0.0	0.0	0.0
-30.242	0.0	0.0	0.0	0.0	0.0	0.0	0.0	0.0	0.0
-30.209	0.0	0.0	0.0	0.0	0.0	0.0	0.0	0.0	0.0
-30.176	0.0	0.0	0.0	0.0	0.0	0.0	0.0	0.0	0.0
-30.142	0.0	0.0	0.0	0.0	0.0	0.0	0.0	0.0	0.0
-30.109	0.0	0.0	0.0	0.0	0.0	0.0	0.0	0.0	0.0
-30.075	0.0	0.0	0.0	0.0	0.0	0.0	0.0	0.0	0.0
-30.042	0.0	0.0	0.0	0.0	0.0	0.0	0.0	0.0	0.0
-30.009	0.0	0.0	0.0	0.0	0.0	0.0	0.0	0.0	0.0
-29.975	0.0	0.0	0.0	0.0	0.0	0.0	0.0	0.0	0.0
-29.942	0.0	0.0	0.0	0.0	0.0	0.0	0.0	0.0	0.0
-29.909	0.0	0.0	0.0	0.0	0.0	0.0	0.0	0.0	0.0
-29.875	0.0	0.0	0.0	0.0	0.0	0.0	0.0	0.0	0.0
-29.842	5.56026959e-15	1.590904444e-16	6.1087913e-17	2.0365499089999997e-16	0.0	0.0	0.0	0.0	0.0
-29.809	2.4744756e-13	7.08061954e-15	2.7182975999999997e-15	9.063315732e-15	0.0	0.0	0.0	0.0	0.0
-29.775	8.98246261e-12	2.570027998e-13	9.867147699999999e-14	3.290385141e-13	0.0	0.0	0.0	0.0	0.0
-29.742	2.62079557e-10	7.49915992e-12	2.8793318e-12	9.598527478e-12	0.0	0.0	0.0	0.0	0.0
-29.709	6.13687524e-09	1.755819242e-10	6.741729400000001e-11	2.247658117e-10	0.0	0.0	0.0	0.0	0.0
-29.675	1.1535528699999999e-07	3.3008746100000005e-09	1.26731858e-09	4.225208299999999e-09	0.0	0.0	0.0	0.0	0.0
-29.642	1.7412003700000002e-06	4.9813719400000005e-08	1.9126265e-08	6.376616948e-08	0.0	0.0	0.0	0.0	0.0
-29.609	2.1101164300000004e-05	6.036193610000001e-07	2.3181863999999996e-07	7.728556370000001e-07	0.0	0.0	0.0	0.0	0.0
-29.575	0.00020538309599999998	5.8764214199999995e-06	2.256258e-06	7.522118805e-06	0.0	0.0	0.0	0.0	0.0
-29.542	0.00160568469	4.5943107099999995e-05	1.763987e-05	5.880451667e-05	0.0	0.0	0.0	0.0	0.0
-29.509	0.010084933899999999	0.00028854017830000003	0.000110791665	0.0003693828296	0.0	0.0	0.0	0.0	0.0
-29.475	0.0508941429	0.0014559996030000001	0.00055907192	0.001863799684	0.0	0.0	0.0	0.0	0.0
-29.442	0.20634835399999998	0.00590381599	0.0022668273	0.007557410925999999	0.0	0.0	0.0	0.0	0.0
-29.409	0.672315961	0.019238154429999994	0.007385991100000001	0.02462426268	0.0	0.0	0.0	0.0	0.0
-29.375	1.760851	0.05038007529999999	0.019344572999999997	0.06448871401999999	0.0	0.0	0.0	0.0	0.0
-29.342	3.7069716500000003	0.1060495398	0.04071854099999999	0.13574756056	0.0	0.0	0.0	0.0	0.0
-29.309	6.27120652	0.1794368353	0.068896762	0.2297065667	0.0	0.0	0.0	0.0	0.0
-29.275	8.53091052	0.24406808460000004	0.093714628	0.312420455	0.0	0.0	0.0	0.0	0.0
-29.242	9.3276949	0.2668768016	0.102468763	0.3416089688	0.0	0.0	0.0	0.0	0.0
-29.208	8.19913296	0.23457333	0.09007538100000002	0.3002335245999999	0.0	0.0	0.0	0.0	0.0
-29.175	5.79302395	0.1657490297	0.06364750999999999	0.21217677799999998	0.0	0.0	0.0	0.0	0.0
-29.142	3.2902298800000005	0.09414943449999998	0.03614501000000001	0.12050465029999999	0.0	0.0	0.0	0.0	0.0
-29.108	1.5024331800000001	0.0429864197	0.016504193500000004	0.05501814246	0.0	0.0	0.0	0.0	0.0
-29.075	0.5514492569999999	0.01577444462	0.006058344699999999	0.02019306358	0.0	0.0	0.0	0.0	0.0
-29.042	0.163065152	0.00466170389	0.0018004981999999998	0.005967994029999999	0.0	0.0	0.0	0.0	0.0
-29.008	0.0418388696	0.0011697617609999998	0.00052547204	0.0015016674036	0.0	0.0	0.0	0.0	0.0
-28.975	0.0264134496	0.0005977237995	0.000671053563	0.0007907961836000001	0.0	0.0	0.0	0.0	0.0
-28.942	0.0896989674	0.0018329303355000002	0.0027541403430000003	0.002465512267	0.0	0.0	0.0	0.0	0.0
-28.908	0.330648281	0.0067236734822699986	0.010232426429999998	0.009051362763	0.0	0.0	0.0	0.0	0.0
-28.875	0.991351992	0.02015474019408	0.03068914871	0.027137616679999997	0.0	0.0	0.0	0.0	0.0
-28.842	2.3891163300000002	0.048576893411179996	0.0739632121	0.06540445258	0.0	0.0	0.0	0.0	0.0
-28.808	4.62953887	0.09411884305024	0.1433054289	0.12671265724999997	0.0	0.0	0.0	0.0	0.0
-28.775	7.21018078	0.14658801973380997	0.2231803458	0.1973456206	0.0	0.0	0.0	0.0	0.0
-28.742	9.02687958	0.1835242843174	0.2794473905	0.24706368100000003	0.0	0.0	0.0	0.0	0.0
-28.708	9.08427383	0.1846798250182	0.28119823750000006	0.248660382	0.0	0.0	0.0	0.0	0.0
-28.675	7.35052552	0.14941881739563	0.22752340769999999	0.20117107699999998	0.0	0.0	0.0	0.0	0.0
-28.642	4.779907040000001	0.09719500784219999	0.1479841894	0.13084130846999997	0.0	0.0	0.0	0.0	0.0
-28.608	2.49954401	0.05080640971252	0.0773594332	0.06840430921	0.0	0.0	0.0	0.0	0.0
-28.575	1.050193156	0.021351021183659998	0.03250475529	0.028749252769999997	0.0	0.0	0.0	0.0	0.0
-28.542	0.35473926499999997	0.007211000917615	0.01097951289	0.009708463744000001	0.0	0.0	0.0	0.0	0.0
-28.508	0.0962775058	0.001957523035253	0.002980514424	0.0026353475409999997	0.0	0.0	0.0	0.0	0.0
-28.475	0.021001153010000002	0.0004269276196733	0.000650163179	0.0005747923444	0.0	0.0	0.0	0.0	0.0
-28.442	0.00368025838	7.483520276868999e-05	0.00011392457869999999	0.00010073705747999999	0.0	0.0	0.0	0.0	0.0
-28.408	0.000518297855	1.0538639881270001e-05	1.6042955269999998e-05	1.418701492e-05	0.0	0.0	0.0	0.0	0.0
-28.375	5.9152858000000006e-05	1.2223684107e-06	1.8190045620000001e-06	1.6368011909e-06	0.0	0.0	0.0	0.0	0.0
-28.342	1.245155221e-05	5.173750811e-07	2.27885365e-07	5.793815737800001e-07	0.0	0.0	0.0	0.0	0.0
-28.308	7.67285604e-05	4.390317859e-06	6.87533656e-07	4.655099506919999e-06	0.0	0.0	0.0	0.0	0.0
-28.275	0.0006568732230999999	3.7713183950000004e-05	5.811554169999999e-06	3.9957073334200004e-05	0.0	0.0	0.0	0.0	0.0
-28.241	0.004539567669	0.0002605802891	4.016263948e-05	0.000276194495998	0.0	0.0	0.0	0.0	0.0
-28.208	0.025202828788999997	0.001446992136	0.0002229952072	0.0015333637866500002	0.0	0.0	0.0	0.0	0.0
-28.175	0.11244894291000002	0.0064559456199999995	0.000994847491	0.006841560124259999	0.0	0.0	0.0	0.0	0.0
-28.141	0.4031067176	0.023146452039999998	0.003566588966	0.024525014866200002	0.0	0.0	0.0	0.0	0.0
-28.108	1.1615486507	0.06667501860000001	0.01027689425	0.0706629138671	0.0	0.0	0.0	0.0	0.0
-28.075	2.6894134627	0.1544303011	0.02379802885	0.163640058776	0.0	0.0	0.0	0.0	0.0
-28.041	5.007103477	0.28742120309999997	0.044292888169999996	0.30462545830700005	0.0	0.0	0.0	0.0	0.0
-28.008	7.492072221999999	0.4300710196	0.06628812569999999	0.455761569948	0.0	0.0	0.0	0.0	0.0
-27.975	9.012658975999999	0.5174535545000001	0.0797575988	0.5483132809550001	0.0	0.0	0.0	0.0	0.0
-27.941	8.726635565999999	0.5008967731	0.0772621126	0.5307322337779999	0.0	0.0	0.0	0.0	0.0
-27.908	6.838061679000001	0.3920923585	0.06072556056	0.41493706258499996	0.0	0.0	0.0	0.0	0.0
-27.875	4.4854448609999995	0.2555927899	0.04058449174999999	0.268648650232	0.0	0.0	0.0	0.0	0.0
-27.841	2.918549112	0.1616781905	0.028640007800000002	0.164430791773	0.0	0.0	0.0	0.0	0.0
-27.808	2.8542971404	0.149127803	0.0323558659	0.14065822401599998	0.0	0.0	0.0	0.0	0.0
-27.775	4.320156107899999	0.21815915199999994	0.0526007905	0.19598981716699998	0.0	0.0	0.0	0.0	0.0
-27.741	6.650872929999999	0.33314366400000006	0.082237204	0.2958344014099999	0.0	0.0	0.0	0.0	0.0
-27.708	8.621662535999999	0.431301971	0.10688213399999999	0.38217065487999996	0.0	0.0	0.0	0.0	0.0
-27.675	9.054182654	0.452831991	0.11230694399999999	0.40107810565000007	0.0	0.0	0.0	0.0	0.0
-27.641	7.653805750999998	0.382827756	0.094963159	0.3391103832800001	0.0	0.0	0.0	0.0	0.0
-27.608	5.20999049	0.26028784899999996	0.064801123	0.230926199347	0.0	0.0	0.0	0.0	0.0
-27.575	2.88713702	0.1431289909	0.036696181	0.12859623675799997	0.0	0.0	0.0	0.0	0.0
-27.541	1.43676605	0.0665971101	0.021446212800000003	0.066496865746	0.0	0.0	0.0	0.0	0.0
-27.508	1.06388893	0.0358476275	0.025156171700000004	0.0565476758	0.0	0.0	0.0	0.0	0.0
-27.475	1.77785521	0.04288830620000001	0.05375917409999999	0.10373880359999998	0.0	0.0	0.0	0.0	0.0
-27.441	3.55029108	0.0794904416	0.11160245329999999	0.2104815135	0.0	0.0	0.0	0.0	0.0
-27.408	6.0379473	0.13398013860000002	0.190621614	0.3586211763	0.0	0.0	0.0	0.0	0.0
-27.374	8.3073005	0.1841524268	0.26238626499999995	0.49349245360000005	0.0	0.0	0.0	0.0	0.0
-27.341	9.194509	0.2037943184	0.290443978	0.5461953791999999	0.0	0.0	0.0	0.0	0.0
-27.308	8.180107300000001	0.1813234047	0.25838359299999997	0.4860477485	0.0	0.0	0.0	0.0	0.0
-27.274	5.8511366	0.129699879	0.18481014	0.34761151	0.0	0.0	0.0	0.0	0.0
-27.241	3.36486103	0.074579589	0.1062696165	0.19991892009999998	0.0	0.0	0.0	0.0	0.0
-27.208	1.5549552699999998	0.03446762119999999	0.04911647720000001	0.09237559345	0.0	0.0	0.0	0.0	0.0
-27.174	0.57762832	0.01280327975	0.018244757400000002	0.034317146699999995	0.0	0.0	0.0	0.0	0.0
-27.141	0.172450149	0.00382255653	0.005447291830000001	0.010245948526	0.0	0.0	0.0	0.0	0.0
-27.108	0.041371193	0.000917113503	0.0013069519609999996	0.002458197132	0.0	0.0	0.0	0.0	0.0
-27.074	0.0079770845	0.0001768234189	0.000251951885	0.0004739231803000001	0.0	0.0	0.0	0.0	0.0
-27.041	0.00123556753	2.7385848399999996e-05	3.9026957800000006e-05	7.340404562e-05	0.0	0.0	0.0	0.0	0.0
-27.008	0.000153736214	3.4076213100000006e-06	4.8558034100000005e-06	9.132819074e-06	0.0	0.0	0.0	0.0	0.0
-26.974	1.53652512e-05	3.4058784399999997e-07	4.85325119e-07	9.128008269999998e-07	0.0	0.0	0.0	0.0	0.0
-26.941	1.23324113e-06	2.7334360399999998e-08	3.89495812e-08	7.327201253e-08	0.0	0.0	0.0	0.0	0.0
-26.908	7.9480499e-08	1.761832388e-09	2.5106079900000006e-09	4.722775492e-09	0.0	0.0	0.0	0.0	0.0
-26.874	4.11269e-09	9.116613730000002e-11	1.299184153e-10	2.443548762e-10	0.0	0.0	0.0	0.0	0.0
-26.841	1.70874137e-10	3.78731834e-12	5.39641275e-12	1.0150833962e-11	0.0	0.0	0.0	0.0	0.0
-26.808	5.6954769e-12	1.262563268e-13	1.79912502e-13	3.3839429570000003e-13	0.0	0.0	0.0	0.0	0.0
-26.774	1.53351144e-13	3.3990826699999995e-15	4.84316001e-15	9.109428358e-15	0.0	0.0	0.0	0.0	0.0
-26.741	0.0	0.0	0.0	0.0	0.0	0.0	0.0	0.0	0.0
-26.708	0.0	0.0	0.0	0.0	0.0	0.0	0.0	0.0	0.0
-26.674	0.0	0.0	0.0	0.0	0.0	0.0	0.0	0.0	0.0
-26.641	0.0	0.0	0.0	0.0	0.0	0.0	0.0	0.0	0.0
-26.608	2.5374803080000003e-14	9.5372708074e-16	2.2787033574000004e-15	1.4929459740950001e-15	0.0	0.0	0.0	0.0	0.0
-26.574	1.0658368872e-12	4.005525156999999e-14	9.572386843e-14	6.27177258514e-14	0.0	0.0	0.0	0.0	0.0
-26.541	3.527796666e-11	1.32570054933e-12	3.1675891982e-12	2.075908566665e-12	0.0	0.0	0.0	0.0	0.0
-26.508	9.374728992e-10	3.522613248199999e-11	8.419654708199999e-11	5.51474600371e-11	0.0	0.0	0.0	0.0	0.0
-26.474	1.9992346539999997e-08	7.5136705876e-10	1.79582862826e-09	1.1764237565779999e-09	0.0	0.0	0.0	0.0	0.0
-26.441	3.4239401180000004e-07	1.28672158481e-08	3.0746170646000004e-08	2.0146678834690005e-08	0.0	0.0	0.0	0.0	0.0
-26.407	4.7086008809999985e-06	1.7696964597e-07	4.2283469045e-07	2.769970764895e-07	0.0	0.0	0.0	0.0	0.0
-26.374	5.19927991e-05	1.95360244708e-06	4.668930689199999e-06	3.058626463822e-06	0.0	0.0	0.0	0.0	0.0
-26.341	0.0004610826949	1.7327437352700004e-05	4.140654605199999e-05	2.7129029057109994e-05	0.0	0.0	0.0	0.0	0.0
-26.307	0.003285003342999999	0.00012343462445699998	0.00029499085705000005	0.0001932891298805	0.0	0.0	0.0	0.0	0.0
-26.274	0.018796794579999998	0.00070641444811	0.0016882700759499997	0.001106033273752	0.0	0.0	0.0	0.0	0.0
-26.241	0.08644017088000003	0.0032488153165	0.0077635515138	0.005085897659330001	0.0	0.0	0.0	0.0	0.0
-26.207	0.319407505	0.012003753816499999	0.028695614305	0.018792260536350004	0.0	0.0	0.0	0.0	0.0
-26.174	0.9486659245999999	0.03565084634799999	0.08520060496100001	0.05581399472919999	0.0	0.0	0.0	0.0	0.0
-26.141	2.263826925	0.08508885276399998	0.2033845312	0.13322218576780004	0.0	0.0	0.0	0.0	0.0
-26.107	4.343981562	0.16328598330699998	0.39018537074	0.2555736243207	0.0	0.0	0.0	0.0	0.0
-26.074	6.700092572999999	0.25178639460499996	0.6017101376699998	0.394200367666	0.0	0.0	0.0	0.0	0.0
-26.041	8.305939893999998	0.31209469405999996	0.74592771038	0.488657295469	0.0	0.0	0.0	0.0	0.0
-26.007	8.277934430000002	0.31106873361000004	0.74349209036	0.48708771366400005	0.0	0.0	0.0	0.0	0.0
-25.974	6.632048435999999	0.249230346906	0.5956792400700001	0.390237393553	0.0	0.0	0.0	0.0	0.0
-25.941	4.271648815000002	0.160469243841	0.38363379951999993	0.251315429907	0.0	0.0	0.0	0.0	0.0
-25.907	2.211114062	0.08310543731600001	0.19857995346299998	0.1300935835478	0.0	0.0	0.0	0.0	0.0
-25.874	0.9201430176999998	0.034583004297	0.082643614735	0.05414343099379999	0.0	0.0	0.0	0.0	0.0
-25.841	0.3077121543	0.011565499617000003	0.027639643093000002	0.01810637842817	0.0	0.0	0.0	0.0	0.0
-25.807	0.08274995527999998	0.0031087144597	0.007433684128299999	0.004868203868969999	0.0	0.0	0.0	0.0	0.0
-25.774	0.018112335400000006	0.0006779338196499999	0.0016436203333300003	0.0010574036524770001	0.0	0.0	0.0	0.0	0.0
-25.741	0.0049740355379999995	0.00016615066618999997	0.00057453819547	0.00022929906422	0.0	0.0	0.0	0.0	0.0
-25.707	0.011870594600000001	0.00031925845410000006	0.0018465673109869997	0.00031132006800999994	0.0	0.0	0.0	0.0	0.0
-25.674	0.05616065338	0.0014884698855000002	0.008871477243744	0.0014053051429999998	0.0	0.0	0.0	0.0	0.0
-25.641	0.22127565840000005	0.005860314673999999	0.034958833105827	0.005529344642000002	0.0	0.0	0.0	0.0	0.0
-25.607	0.7009051876000001	0.018567613700000003	0.11073507321781499	0.017517272156999997	0.0	0.0	0.0	0.0	0.0
-25.574	1.7848513420000003	0.047281771339999994	0.28197403204533106	0.04460056903000001	0.0	0.0	0.0	0.0	0.0
-25.540	3.6524651809999997	0.09675685809	0.5771307780927599	0.09128694469	0.0	0.0	0.0	0.0	0.0
-25.507	6.008651748	0.1591870152	0.9494497331525901	0.15017860194	0.0	0.0	0.0	0.0	0.0
-25.474	7.946054970000001	0.2105259338	1.25552943720187	0.19861048396	0.0	0.0	0.0	0.0	0.0
-25.440	8.448577950000002	0.22380620019999997	1.33478908521459	0.21109354978999997	0.0	0.0	0.0	0.0	0.0
-25.407	7.219879709999999	0.1912764375	1.1407284851834	0.18043837772000001	0.0	0.0	0.0	0.0	0.0
-25.374	4.960156232	0.1314063855	0.7837004861259601	0.12396936036	0.0	0.0	0.0	0.0	0.0
-25.340	2.739617436	0.07256432912	0.43277180506956997	0.06845940377	0.0	0.0	0.0	0.0	0.0
-25.307	1.215980662	0.032209110269999994	0.19209273263088797	0.030390458864	0.0	0.0	0.0	0.0	0.0
-25.274	0.43391912369999996	0.011494195103999998	0.06855308841101901	0.010843795315999999	0.0	0.0	0.0	0.0	0.0
-25.240	0.12441394210000001	0.0032961888340000004	0.019652680873159602	0.0031086157420000004	0.0	0.0	0.0	0.0	0.0
-25.207	0.02866676726	0.0007594952996	0.004529232110728101	0.0007165488927	0.0	0.0	0.0	0.0	0.0
-25.174	0.005307862251999998	0.00014062793535999998	0.0008386759311348301	0.00013266645618000003	0.0	0.0	0.0	0.0	0.0
-25.140	0.0007896266549999999	2.0918512390000003e-05	0.000124747853620056	1.9728885802000003e-05	0.0	0.0	0.0	0.0	0.0
-25.107	9.43521584e-05	2.4994060479999997e-06	1.49052352223966e-05	2.3586162524e-06	0.0	0.0	0.0	0.0	0.0
-25.074	9.055603110000001e-06	2.398807275e-07	1.4307941642299603e-06	2.2629074272000002e-07	0.0	0.0	0.0	0.0	0.0
-25.040	6.979948785999998e-07	1.8492130050000004e-08	1.1029044641772898e-07	1.7446080999999996e-08	0.0	0.0	0.0	0.0	0.0
-25.007	4.320259351e-08	1.1444944972999998e-09	6.825366441097201e-09	1.0797519679e-09	0.0	0.0	0.0	0.0	0.0
-24.974	2.146790682e-09	5.686703734000001e-11	3.3918847805451995e-10	5.364657613e-11	0.0	0.0	0.0	0.0	0.0
-24.940	8.562928409999996e-11	2.268446361e-12	1.3528734702174799e-11	2.1400220605e-12	0.0	0.0	0.0	0.0	0.0
-24.907	2.742004859e-12	7.263543845e-14	4.3318349206962997e-13	6.851766681e-14	0.0	0.0	0.0	0.0	0.0
-24.874	7.081416509e-14	1.8761391919999997e-15	1.11882129917982e-14	1.76986273e-15	0.0	0.0	0.0	0.0	0.0
-24.840	0.0	0.0	0.0	0.0	0.0	0.0	0.0	0.0	0.0
-24.807	0.0	0.0	0.0	0.0	0.0	0.0	0.0	0.0	0.0
-24.774	0.0	0.0	0.0	0.0	0.0	0.0	0.0	0.0	0.0
-24.740	0.0	0.0	0.0	0.0	0.0	0.0	0.0	0.0	0.0
-24.707	0.0	0.0	0.0	0.0	0.0	0.0	0.0	0.0	0.0
-24.674	0.0	0.0	0.0	0.0	0.0	0.0	0.0	0.0	0.0
-24.640	0.0	0.0	0.0	0.0	0.0	0.0	0.0	0.0	0.0
-24.607	0.0	0.0	0.0	0.0	0.0	0.0	0.0	0.0	0.0
-24.573	0.0	0.0	0.0	0.0	0.0	0.0	0.0	0.0	0.0
-24.540	0.0	0.0	0.0	0.0	0.0	0.0	0.0	0.0	0.0
-24.507	0.0	0.0	0.0	0.0	0.0	0.0	0.0	0.0	0.0
-24.473	0.0	0.0	0.0	0.0	0.0	0.0	0.0	0.0	0.0
-24.440	0.0	0.0	0.0	0.0	0.0	0.0	0.0	0.0	0.0
-24.407	0.0	0.0	0.0	0.0	0.0	0.0	0.0	0.0	0.0
-24.373	0.0	0.0	0.0	0.0	0.0	0.0	0.0	0.0	0.0
-24.340	0.0	0.0	0.0	0.0	0.0	0.0	0.0	0.0	0.0
-24.307	0.0	0.0	0.0	0.0	0.0	0.0	0.0	0.0	0.0
-24.273	0.0	0.0	0.0	0.0	0.0	0.0	0.0	0.0	0.0
-24.240	0.0	0.0	0.0	0.0	0.0	0.0	0.0	0.0	0.0
-24.207	0.0	0.0	0.0	0.0	0.0	0.0	0.0	0.0	0.0
-24.173	0.0	0.0	0.0	0.0	0.0	0.0	0.0	0.0	0.0
-24.140	0.0	0.0	0.0	0.0	0.0	0.0	0.0	0.0	0.0
-24.107	0.0	0.0	0.0	0.0	0.0	0.0	0.0	0.0	0.0
-24.073	0.0	0.0	0.0	0.0	0.0	0.0	0.0	0.0	0.0
-24.040	0.0	0.0	0.0	0.0	0.0	0.0	0.0	0.0	0.0
-24.007	0.0	0.0	0.0	0.0	0.0	0.0	0.0	0.0	0.0
-23.973	0.0	0.0	0.0	0.0	0.0	0.0	0.0	0.0	0.0
-23.940	0.0	0.0	0.0	0.0	0.0	0.0	0.0	0.0	0.0
-23.907	0.0	0.0	0.0	0.0	0.0	0.0	0.0	0.0	0.0
-23.873	0.0	0.0	0.0	0.0	0.0	0.0	0.0	0.0	0.0
-23.840	0.0	0.0	0.0	0.0	0.0	0.0	0.0	0.0	0.0
-23.807	0.0	0.0	0.0	0.0	0.0	0.0	0.0	0.0	0.0
-23.773	0.0	0.0	0.0	0.0	0.0	0.0	0.0	0.0	0.0
-23.740	0.0	0.0	0.0	0.0	0.0	0.0	0.0	0.0	0.0
-23.707	0.0	0.0	0.0	0.0	0.0	0.0	0.0	0.0	0.0
-23.673	0.0	0.0	0.0	0.0	0.0	0.0	0.0	0.0	0.0
-23.640	0.0	0.0	0.0	0.0	0.0	0.0	0.0	0.0	0.0
-23.606	0.0	0.0	0.0	0.0	0.0	0.0	0.0	0.0	0.0
-23.573	0.0	0.0	0.0	0.0	0.0	0.0	0.0	0.0	0.0
-23.540	0.0	0.0	0.0	0.0	0.0	0.0	0.0	0.0	0.0
-23.506	0.0	0.0	0.0	0.0	0.0	0.0	0.0	0.0	0.0
-23.473	0.0	0.0	0.0	0.0	0.0	0.0	0.0	0.0	0.0
-23.440	0.0	0.0	0.0	0.0	0.0	0.0	0.0	0.0	0.0
-23.406	0.0	0.0	0.0	0.0	0.0	0.0	0.0	0.0	0.0
-23.373	0.0	0.0	0.0	0.0	0.0	0.0	0.0	0.0	0.0
-23.340	0.0	0.0	0.0	0.0	0.0	0.0	0.0	0.0	0.0
-23.306	0.0	0.0	0.0	0.0	0.0	0.0	0.0	0.0	0.0
-23.273	0.0	0.0	0.0	0.0	0.0	0.0	0.0	0.0	0.0
-23.240	0.0	0.0	0.0	0.0	0.0	0.0	0.0	0.0	0.0
-23.206	0.0	0.0	0.0	0.0	0.0	0.0	0.0	0.0	0.0
-23.173	0.0	0.0	0.0	0.0	0.0	0.0	0.0	0.0	0.0
-23.140	0.0	0.0	0.0	0.0	0.0	0.0	0.0	0.0	0.0
-23.106	0.0	0.0	0.0	0.0	0.0	0.0	0.0	0.0	0.0
-23.073	0.0	0.0	0.0	0.0	0.0	0.0	0.0	0.0	0.0
-23.040	0.0	0.0	0.0	0.0	0.0	0.0	0.0	0.0	0.0
-23.006	0.0	0.0	0.0	0.0	0.0	0.0	0.0	0.0	0.0
-22.973	0.0	0.0	0.0	0.0	0.0	0.0	0.0	0.0	0.0
-22.940	0.0	0.0	0.0	0.0	0.0	0.0	0.0	0.0	0.0
-22.906	0.0	0.0	0.0	0.0	0.0	0.0	0.0	0.0	0.0
-22.873	0.0	0.0	0.0	0.0	0.0	0.0	0.0	0.0	0.0
-22.840	0.0	0.0	0.0	0.0	0.0	0.0	0.0	0.0	0.0
-22.806	0.0	0.0	0.0	0.0	0.0	0.0	0.0	0.0	0.0
-22.773	0.0	0.0	0.0	0.0	0.0	0.0	0.0	0.0	0.0
-22.739	0.0	0.0	0.0	0.0	0.0	0.0	0.0	0.0	0.0
-22.706	0.0	0.0	0.0	0.0	0.0	0.0	0.0	0.0	0.0
-22.673	0.0	0.0	0.0	0.0	0.0	0.0	0.0	0.0	0.0
-22.639	0.0	0.0	0.0	0.0	0.0	0.0	0.0	0.0	0.0
-22.606	0.0	0.0	0.0	0.0	0.0	0.0	0.0	0.0	0.0
-22.573	0.0	0.0	0.0	0.0	0.0	0.0	0.0	0.0	0.0
-22.539	0.0	0.0	0.0	0.0	0.0	0.0	0.0	0.0	0.0
-22.506	0.0	0.0	0.0	0.0	0.0	0.0	0.0	0.0	0.0
-22.473	0.0	0.0	0.0	0.0	0.0	0.0	0.0	0.0	0.0
-22.439	0.0	0.0	0.0	0.0	0.0	0.0	0.0	0.0	0.0
-22.406	0.0	0.0	0.0	0.0	0.0	0.0	0.0	0.0	0.0
-22.373	0.0	0.0	0.0	0.0	0.0	0.0	0.0	0.0	0.0
-22.339	0.0	0.0	0.0	0.0	0.0	0.0	0.0	0.0	0.0
-22.306	0.0	0.0	0.0	0.0	0.0	0.0	0.0	0.0	0.0
-22.273	0.0	0.0	0.0	0.0	0.0	0.0	0.0	0.0	0.0
-22.239	0.0	0.0	0.0	0.0	0.0	0.0	0.0	0.0	0.0
-22.206	0.0	0.0	0.0	0.0	0.0	0.0	0.0	0.0	0.0
-22.173	0.0	0.0	0.0	0.0	0.0	0.0	0.0	0.0	0.0
-22.139	0.0	0.0	0.0	0.0	0.0	0.0	0.0	0.0	0.0
-22.106	0.0	0.0	0.0	0.0	0.0	0.0	0.0	0.0	0.0
-22.073	0.0	0.0	0.0	0.0	0.0	0.0	0.0	0.0	0.0
-22.039	0.0	0.0	0.0	0.0	0.0	0.0	0.0	0.0	0.0
-22.006	0.0	0.0	0.0	0.0	0.0	0.0	0.0	0.0	0.0
-21.973	0.0	0.0	0.0	0.0	0.0	0.0	0.0	0.0	0.0
-21.939	0.0	0.0	0.0	0.0	0.0	0.0	0.0	0.0	0.0
-21.906	0.0	0.0	0.0	0.0	0.0	0.0	0.0	0.0	0.0
-21.873	0.0	0.0	0.0	0.0	0.0	0.0	0.0	0.0	0.0
-21.839	0.0	0.0	0.0	0.0	0.0	0.0	0.0	0.0	0.0
-21.806	0.0	0.0	0.0	0.0	0.0	0.0	0.0	0.0	0.0
-21.772	0.0	0.0	0.0	0.0	0.0	0.0	0.0	0.0	0.0
-21.739	0.0	0.0	0.0	0.0	0.0	0.0	0.0	0.0	0.0
-21.706	0.0	0.0	0.0	0.0	0.0	0.0	0.0	0.0	0.0
-21.672	0.0	0.0	0.0	0.0	0.0	0.0	0.0	0.0	0.0
-21.639	0.0	0.0	0.0	0.0	0.0	0.0	0.0	0.0	0.0
-21.606	0.0	0.0	0.0	0.0	0.0	0.0	0.0	0.0	0.0
-21.572	0.0	0.0	0.0	0.0	0.0	0.0	0.0	0.0	0.0
-21.539	0.0	0.0	0.0	0.0	0.0	0.0	0.0	0.0	0.0
-21.506	0.0	0.0	0.0	0.0	0.0	0.0	0.0	0.0	0.0
-21.472	0.0	0.0	0.0	0.0	0.0	0.0	0.0	0.0	0.0
-21.439	0.0	0.0	0.0	0.0	0.0	0.0	0.0	0.0	0.0
-21.406	0.0	0.0	0.0	0.0	0.0	0.0	0.0	0.0	0.0
-21.372	0.0	0.0	0.0	0.0	0.0	0.0	0.0	0.0	0.0
-21.339	0.0	0.0	0.0	0.0	0.0	0.0	0.0	0.0	0.0
-21.306	0.0	0.0	0.0	0.0	0.0	0.0	0.0	0.0	0.0
-21.272	0.0	0.0	0.0	0.0	0.0	0.0	0.0	0.0	0.0
-21.239	0.0	0.0	0.0	0.0	0.0	0.0	0.0	0.0	0.0
-21.206	0.0	0.0	0.0	0.0	0.0	0.0	0.0	0.0	0.0
-21.172	0.0	0.0	0.0	0.0	0.0	0.0	0.0	0.0	0.0
-21.139	0.0	0.0	0.0	0.0	0.0	0.0	0.0	0.0	0.0
-21.106	1.960711e-15	8.165292999999998e-17	1.0550997e-16	1.996881e-16	0.0	0.0	0.0	0.0	0.0
-21.072	1.2156166999999998e-13	5.0627450000000006e-15	6.5412279999999996e-15	1.2381985999999999e-14	0.0	0.0	0.0	0.0	0.0
-21.039	4.482595999999999e-12	1.8664669e-13	2.4116614999999997e-13	4.565555400000001e-13	0.0	0.0	0.0	0.0	0.0
-21.006	1.336576e-10	5.565593999999999e-12	7.1919779999999995e-12	1.3613689999999998e-11	0.0	0.0	0.0	0.0	0.0
-20.972	3.1991159999999996e-09	1.331909e-10	1.7211753000000003e-10	3.2577652000000004e-10	0.0	0.0	0.0	0.0	0.0
-20.939	6.145023e-08	2.559028e-09	3.3061773999999994e-09	6.257992499999999e-09	0.0	0.0	0.0	0.0	0.0
-20.905	9.478011000000001e-07	3.946427000000001e-08	5.0994870000000006e-08	9.653172199999999e-08	0.0	0.0	0.0	0.0	0.0
-20.872	1.1738748999999999e-05	4.888373e-07	6.316285999999999e-07	1.1956466999999998e-06	0.0	0.0	0.0	0.0	0.0
-20.839	0.00011676362999999998	4.8619490000000016e-06	6.2831160000000005e-06	1.1893082000000002e-05	0.0	0.0	0.0	0.0	0.0
-20.805	0.0009328481999999999	3.884643999999999e-05	5.0195445e-05	9.5015113e-05	0.0	0.0	0.0	0.0	0.0
-20.772	0.005987176999999999	0.0002493386	0.00032215191000000006	0.00060977397	0.0	0.0	0.0	0.0	0.0
-20.739	0.03087235	0.0012857093	0.0016614197000000002	0.003144812700000001	0.0	0.0	0.0	0.0	0.0
-20.705	0.12792826999999996	0.005326947000000001	0.006883792	0.013030291	0.0	0.0	0.0	0.0	0.0
-20.672	0.42593669999999995	0.017739981999999998	0.022923068000000005	0.043388043999999994	0.0	0.0	0.0	0.0	0.0
-20.639	1.1399659000000002	0.04746824	0.06134416999999999	0.11611491000000003	0.0	0.0	0.0	0.0	0.0
-20.605	2.452111	0.10210866999999998	0.13193909	0.24971779000000002	0.0	0.0	0.0	0.0	0.0
-20.572	4.239887	0.17655378	0.22814579	0.43178347	0.0	0.0	0.0	0.0	0.0
-20.539	5.893346999999999	0.24541377000000003	0.31708389000000003	0.6000992500000001	0.0	0.0	0.0	0.0	0.0
-20.505	6.583586999999999	0.2742021	0.35432522000000005	0.67051708	0.0	0.0	0.0	0.0	0.0
-20.472	5.913091999999999	0.2462648	0.3182168900000001	0.6023387299999999	0.0	0.0	0.0	0.0	0.0
-20.439	4.269697	0.17778459000000002	0.22972698	0.43490897000000006	0.0	0.0	0.0	0.0	0.0
-20.405	2.4780980000000006	0.10319231000000001	0.13335687000000002	0.25236847	0.0	0.0	0.0	0.0	0.0
-20.372	1.1561169000000004	0.0481457	0.06220863	0.11775988000000001	0.0	0.0	0.0	0.0	0.0
-20.339	0.4335074	0.018054360000000002	0.023332362	0.044161263000000006	0.0	0.0	0.0	0.0	0.0
-20.305	0.13066449000000005	0.005441507	0.007030824	0.013309019	0.0	0.0	0.0	0.0	0.0
-20.272	0.03165074999999999	0.0013179206	0.0017029268	0.0032238941000000006	0.0	0.0	0.0	0.0	0.0
-20.239	0.006158673	0.00025651209999999995	0.0003314464800000001	0.0006272230100000001	0.0	0.0	0.0	0.0	0.0
-20.205	0.0009630333999999999	4.0099040000000006e-05	5.181904800000001e-05	9.8083058e-05	0.0	0.0	0.0	0.0	0.0
-20.172	0.00012095642999999999	5.0367850000000004e-06	6.508593e-06	1.2320734000000002e-05	0.0	0.0	0.0	0.0	0.0
-20.139	1.2204472000000002e-05	5.081792e-07	6.566362e-07	1.24304e-06	0.0	0.0	0.0	0.0	0.0
-20.105	9.888034000000002e-07	4.1172769999999994e-08	5.321081999999999e-08	1.0071801600000002e-07	0.0	0.0	0.0	0.0	0.0
-20.072	6.434026000000001e-08	2.6789090000000003e-09	3.4618776e-09	6.552208399999999e-09	0.0	0.0	0.0	0.0	0.0
-20.039	3.360661e-09	1.399668e-10	1.8084531000000002e-10	3.4232286e-10	0.0	0.0	0.0	0.0	0.0
-20.005	1.40936e-10	5.869322e-12	7.584223999999998e-12	1.4354787999999999e-11	0.0	0.0	0.0	0.0	0.0
-19.972	4.740506999999999e-12	1.9743147000000002e-13	2.5510087e-13	4.828010599999999e-13	0.0	0.0	0.0	0.0	0.0
-19.938	1.3332844999999999e-13	5.552392e-15	7.174675999999998e-15	1.3579317e-14	0.0	0.0	0.0	0.0	0.0
-19.905	0.0	0.0	0.0	0.0	0.0	0.0	0.0	0.0	0.0
-19.872	0.0	0.0	0.0	0.0	0.0	0.0	0.0	0.0	0.0
-19.838	0.0	0.0	0.0	0.0	0.0	0.0	0.0	0.0	0.0
-19.805	0.0	0.0	0.0	0.0	0.0	0.0	0.0	0.0	0.0
-19.772	0.0	0.0	0.0	0.0	0.0	0.0	0.0	0.0	0.0
-19.738	0.0	0.0	0.0	0.0	0.0	0.0	0.0	0.0	0.0
-19.705	0.0	0.0	0.0	0.0	0.0	0.0	0.0	0.0	0.0
-19.672	0.0	0.0	0.0	0.0	0.0	0.0	0.0	0.0	0.0
-19.638	0.0	0.0	0.0	0.0	0.0	0.0	0.0	0.0	0.0
-19.605	0.0	0.0	0.0	0.0	0.0	0.0	0.0	0.0	0.0
-19.572	0.0	0.0	0.0	0.0	0.0	0.0	0.0	0.0	0.0
-19.538	0.0	0.0	0.0	0.0	0.0	0.0	0.0	0.0	0.0
-19.505	0.0	0.0	0.0	0.0	0.0	0.0	0.0	0.0	0.0
-19.472	0.0	0.0	0.0	0.0	0.0	0.0	0.0	0.0	0.0
-19.438	0.0	0.0	0.0	0.0	0.0	0.0	0.0	0.0	0.0
-19.405	0.0	0.0	0.0	0.0	0.0	0.0	0.0	0.0	0.0
-19.372	0.0	0.0	0.0	0.0	0.0	0.0	0.0	0.0	0.0
-19.338	0.0	0.0	0.0	0.0	0.0	0.0	0.0	0.0	0.0
-19.305	0.0	0.0	0.0	0.0	0.0	0.0	0.0	0.0	0.0
-19.272	0.0	0.0	0.0	0.0	0.0	0.0	0.0	0.0	0.0
-19.238	0.0	0.0	0.0	0.0	0.0	0.0	0.0	0.0	0.0
-19.205	0.0	0.0	0.0	0.0	0.0	0.0	0.0	0.0	0.0
-19.172	0.0	0.0	0.0	0.0	0.0	0.0	0.0	0.0	0.0
-19.138	0.0	0.0	0.0	0.0	0.0	0.0	0.0	0.0	0.0
-19.105	0.0	0.0	0.0	0.0	0.0	0.0	0.0	0.0	0.0
-19.071	0.0	0.0	0.0	0.0	0.0	0.0	0.0	0.0	0.0
-19.038	0.0	0.0	0.0	0.0	0.0	0.0	0.0	0.0	0.0
-19.005	0.0	0.0	0.0	0.0	0.0	0.0	0.0	0.0	0.0
-18.971	0.0	0.0	0.0	0.0	0.0	0.0	0.0	0.0	0.0
-18.938	0.0	0.0	0.0	0.0	0.0	0.0	0.0	0.0	0.0
-18.905	0.0	0.0	0.0	0.0	0.0	0.0	0.0	0.0	0.0
-18.871	0.0	0.0	0.0	0.0	0.0	0.0	0.0	0.0	0.0
-18.838	0.0	0.0	0.0	0.0	0.0	0.0	0.0	0.0	0.0
-18.805	0.0	0.0	0.0	0.0	0.0	0.0	0.0	0.0	0.0
-18.771	0.0	0.0	0.0	0.0	0.0	0.0	0.0	0.0	0.0
-18.738	0.0	0.0	0.0	0.0	0.0	0.0	0.0	0.0	0.0
-18.705	0.0	0.0	0.0	0.0	0.0	0.0	0.0	0.0	0.0
-18.671	0.0	0.0	0.0	0.0	0.0	0.0	0.0	0.0	0.0
-18.638	0.0	0.0	0.0	0.0	0.0	0.0	0.0	0.0	0.0
-18.605	0.0	0.0	0.0	0.0	0.0	0.0	0.0	0.0	0.0
-18.571	0.0	0.0	0.0	0.0	0.0	0.0	0.0	0.0	0.0
-18.538	0.0	0.0	0.0	0.0	0.0	0.0	0.0	0.0	0.0
-18.505	0.0	0.0	0.0	0.0	0.0	0.0	0.0	0.0	0.0
-18.471	0.0	0.0	0.0	0.0	0.0	0.0	0.0	0.0	0.0
-18.438	0.0	0.0	0.0	0.0	0.0	0.0	0.0	0.0	0.0
-18.405	0.0	0.0	0.0	0.0	0.0	0.0	0.0	0.0	0.0
-18.371	0.0	0.0	0.0	0.0	0.0	0.0	0.0	0.0	0.0
-18.338	0.0	0.0	0.0	0.0	0.0	0.0	0.0	0.0	0.0
-18.305	0.0	0.0	0.0	0.0	0.0	0.0	0.0	0.0	0.0
-18.271	0.0	0.0	0.0	0.0	0.0	0.0	0.0	0.0	0.0
-18.238	0.0	0.0	0.0	0.0	0.0	0.0	0.0	0.0	0.0
-18.205	0.0	0.0	0.0	0.0	0.0	0.0	0.0	0.0	0.0
-18.171	0.0	0.0	0.0	0.0	0.0	0.0	0.0	0.0	0.0
-18.138	3.201166e-14	6.774158e-15	5.1580229000000004e-15	5.7191820000000004e-15	0.0	0.0	0.0	0.0	0.0
-18.104	1.2770590000000002e-12	2.7020178e-13	2.05758344e-13	2.2820873e-13	0.0	0.0	0.0	0.0	0.0
-18.071	4.0745940000000004e-11	8.623598000000001e-12	6.565973400000001e-12	7.2800631e-12	0.0	0.0	0.0	0.0	0.0
-18.038	1.0444909999999999e-09	2.2101311999999999e-10	1.6827957899999996e-10	1.8659723000000002e-10	0.0	0.0	0.0	0.0	0.0
-18.004	2.1488589999999996e-08	4.546521e-09	3.46192982e-09	3.838870600000001e-09	0.0	0.0	0.0	0.0	0.0
-17.971	3.5493149999999995e-07	7.510951e-08	5.7185438e-08	6.341359599999999e-08	0.0	0.0	0.0	0.0	0.0
-17.938	4.708099999999999e-06	9.96262e-07	7.5851719e-07	8.410769599999999e-07	0.0	0.0	0.0	0.0	0.0
-17.904	5.01378e-05	1.061144e-05	8.0790113e-06	8.9591543e-06	0.0	0.0	0.0	0.0	0.0
-17.871	0.0004289979999999998	9.077037e-05	6.911351299999998e-05	7.6641221e-05	0.0	0.0	0.0	0.0	0.0
-17.838	0.00294805	0.0006238644	0.00047502405000000007	0.00052674892	0.0	0.0	0.0	0.0	0.0
-17.804	0.016277209999999997	0.003444493	0.0026220884599999997	0.0029079771	0.0	0.0	0.0	0.0	0.0
-17.771	0.07221650000000002	0.015279979999999999	0.0116340982	0.0129007284	0.0	0.0	0.0	0.0	0.0
-17.738	0.25740889999999994	0.05446647	0.041474166199999996	0.045986211	0.0	0.0	0.0	0.0	0.0
-17.704	0.737485	0.1560596	0.118825239	0.13176752800000002	0.0	0.0	0.0	0.0	0.0
-17.671	1.698332	0.3594197	0.273686108	0.30337725	0.0	0.0	0.0	0.0	0.0
-17.638	3.143626	0.6651853	0.50647298	0.5615918	0.0	0.0	0.0	0.0	0.0
-17.604	4.677139999999999	0.989714	0.75363617	0.83556778	0.0	0.0	0.0	0.0	0.0
-17.571	5.59496	1.1837678999999999	0.9013853799999999	0.99958201	0.0	0.0	0.0	0.0	0.0
-17.538	5.3792599999999995	1.1382111	0.8666290799999998	0.96101422	0.0	0.0	0.0	0.0	0.0
-17.504	4.1581600000000005	0.879758	0.66986334	0.74282727	0.0	0.0	0.0	0.0	0.0
-17.471	2.583502	0.5466661999999999	0.416206896	0.46155835000000006	0.0	0.0	0.0	0.0	0.0
-17.438	1.2902819999999995	0.27306971999999996	0.20788119300000002	0.23048621000000002	0.0	0.0	0.0	0.0	0.0
-17.404	0.517998	0.10961573000000001	0.08345323399999999	0.092548724	0.0	0.0	0.0	0.0	0.0
-17.371	0.1671441	0.035372129999999995	0.0269346208	0.029866975	0.0	0.0	0.0	0.0	0.0
-17.338	0.0433386	0.009171551000000002	0.006983151	0.007743495600000001	0.0	0.0	0.0	0.0	0.0
-17.304	0.009030979999999997	0.0019112361999999998	0.0014550685499999999	0.0016135601800000001	0.0	0.0	0.0	0.0	0.0
-17.271	0.0015139430000000002	0.00032123989999999995	0.00024382845299999998	0.00027112578	0.0	0.0	0.0	0.0	0.0
-17.238	0.0002247741	5.722202e-05	3.5490891999999994e-05	4.714535699999999e-05	0.0	0.0	0.0	0.0	0.0
-17.204	0.0002148442	0.00013241603	2.8059715000000003e-05	0.000101310852	0.0	0.0	0.0	0.0	0.0
-17.171	0.001396961	0.0009246577000000001	0.00017765927000000002	0.00070483324	0.0	0.0	0.0	0.0	0.0
-17.137	0.00810629	0.005370156	0.0010305855999999999	0.00409336178	0.0	0.0	0.0	0.0	0.0
-17.104	0.03784730000000001	0.025073186	0.004811095400000001	0.019111760800000002	0.0	0.0	0.0	0.0	0.0
-17.071	0.14198679999999997	0.09407302	0.018051494	0.071701512	0.0	0.0	0.0	0.0	0.0
-17.037	0.42812000000000006	0.2836321	0.054432890000000005	0.21619681500000001	0.0	0.0	0.0	0.0	0.0
-17.004	1.037551	0.6873334	0.13189688	0.523987503	0.0	0.0	0.0	0.0	0.0
-16.971	2.020899	1.3388973	0.25690096	1.02051397	0.0	0.0	0.0	0.0	0.0
-16.937	3.164273	2.0963796	0.40225157	1.5978306699999998	0.0	0.0	0.0	0.0	0.0
-16.904	3.9828	2.638541	0.5063079	2.01122025	0.0	0.0	0.0	0.0	0.0
-16.871	4.02989	2.669841	0.5122908100000001	2.03512904	0.0	0.0	0.0	0.0	0.0
-16.837	3.2778689999999995	2.1716361	0.41673738	1.65519993	0.0	0.0	0.0	0.0	0.0
-16.804	2.143229	1.4198238	0.27250622	1.0823226	0.0	0.0	0.0	0.0	0.0
-16.771	1.126581	0.7463022	0.14321466	0.56885871	0.0	0.0	0.0	0.0	0.0
-16.737	0.475968	0.3152995	0.060502311	0.240329487	0.0	0.0	0.0	0.0	0.0
-16.704	0.1616142	0.10705962	0.020545414	0.081622837	0.0	0.0	0.0	0.0	0.0
-16.671	0.04410349999999999	0.02921793	0.005606323200000001	0.022270774400000002	0.0	0.0	0.0	0.0	0.0
-16.637	0.00967028	0.006408306	0.0012294623	0.004883949520000001	0.0	0.0	0.0	0.0	0.0
-16.604	0.00170416	0.0011289677	0.00021664706000000002	0.00086046581	0.0	0.0	0.0	0.0	0.0
-16.571	0.000241241	0.00015981012	3.0671767e-05	0.000121817416	0.0	0.0	0.0	0.0	0.0
-16.537	2.742947e-05	1.8172081e-05	3.4874427e-06	1.3851333400000002e-05	0.0	0.0	0.0	0.0	0.0
-16.504	2.5052859999999996e-06	1.6595498e-06	3.1846933999999995e-07	1.2651104400000001e-06	0.0	0.0	0.0	0.0	0.0
-16.471	1.8373930000000003e-07	1.2173108e-07	2.3357401e-08	9.278309300000001e-08	0.0	0.0	0.0	0.0	0.0
-16.437	1.081968e-08	7.168725e-09	1.3755543e-09	5.46321677e-09	0.0	0.0	0.0	0.0	0.0
-16.404	5.12502e-10	3.3930019999999997e-10	6.535621e-11	2.5908281800000006e-10	0.0	0.0	0.0	0.0	0.0
-16.371	5.09945e-11	2.470106e-11	1.2769324e-11	3.4019474e-11	0.0	0.0	0.0	0.0	0.0
-16.337	8.0193708e-10	3.008487e-10	2.6150903000000003e-10	6.147900000000001e-10	0.0	0.0	0.0	0.0	0.0
-16.304	1.6326052100000002e-08	6.120538e-09	5.325213e-09	1.2517564500000002e-08	0.0	0.0	0.0	0.0	0.0
-16.270	2.6702142e-07	1.0009649999999999e-07	8.7096553e-08	2.0472398799999998e-07	0.0	0.0	0.0	0.0	0.0
-16.237	3.5067622000000006e-06	1.314643e-06	1.1439475999999998e-06	2.68902321e-06	0.0	0.0	0.0	0.0	0.0
-16.204	3.6985319999999994e-05	1.3864829999999999e-05	1.2065911e-05	2.8358537000000004e-05	0.0	0.0	0.0	0.0	0.0
-16.170	0.00031331883000000003	0.0001174542	0.000102204334	0.00024025654700000004	0.0	0.0	0.0	0.0	0.0
-16.137	0.0021320772999999993	0.0007993147	0.0006954725600000001	0.0016346624100000001	0.0	0.0	0.0	0.0	0.0
-16.104	0.0116561414	0.00437006	0.0038026067000000003	0.008936442	0.0	0.0	0.0	0.0	0.0
-16.070	0.051205789	0.019195329999999997	0.016703576	0.0392612135	0.0	0.0	0.0	0.0	0.0
-16.037	0.18075128	0.06776129	0.058963692	0.13859213899999998	0.0	0.0	0.0	0.0	0.0
-16.004	0.5128134100000001	0.1922528	0.16727365	0.39314469599999996	0.0	0.0	0.0	0.0	0.0
-15.970	1.1692847599999998	0.4383491	0.38141508999999996	0.8965387700000002	0.0	0.0	0.0	0.0	0.0
-15.937	2.1433011999999994	0.8035468000000001	0.6991619099999999	1.64328174	0.0	0.0	0.0	0.0	0.0
-15.904	3.1576245	1.183778	1.03013081	2.4214726099999995	0.0	0.0	0.0	0.0	0.0
-15.870	3.7401260000000005	1.402105	1.2199259	2.8677373800000003	0.0	0.0	0.0	0.0	0.0
-15.837	3.5609524	1.335035	1.161728	2.7299876700000003	0.0	0.0	0.0	0.0	0.0
-15.804	2.7256796999999997	1.02177	0.8891484800000001	2.08967556	0.0	0.0	0.0	0.0	0.0
-15.770	1.6769965000000002	0.6286471	0.5470569	1.28580491	0.0	0.0	0.0	0.0	0.0
-15.737	0.8293617100000001	0.31094050000000006	0.2705644	0.6359467400000001	0.0	0.0	0.0	0.0	0.0
-15.704	0.32971464	0.12361369999999999	0.10754830000000001	0.252807097	0.0	0.0	0.0	0.0	0.0
-15.670	0.105355295	0.03949425	0.034364682	0.08076543700000001	0.0	0.0	0.0	0.0	0.0
-15.637	0.027050162	0.01014128	0.0088234073	0.020739792	0.0	0.0	0.0	0.0	0.0
-15.604	0.005581493599999999	0.0020922939999999998	0.0018206136	0.004279634520000001	0.0	0.0	0.0	0.0	0.0
-15.570	0.0009251870999999999	0.0003468542	0.00030185533	0.00070939139	0.0	0.0	0.0	0.0	0.0
-15.537	0.000123229351	4.6195050000000004e-05	4.0194606999999995e-05	9.447349e-05	0.0	0.0	0.0	0.0	0.0
-15.504	1.3182252400000003e-05	4.941591000000001e-06	4.299883800000001e-06	1.0106649e-05	0.0	0.0	0.0	0.0	0.0
-15.470	1.1323774600000001e-06	4.245673e-07	3.6946765e-07	8.6836455e-07	0.0	0.0	0.0	0.0	0.0
-15.437	7.812564999999998e-08	2.929376e-08	2.5487448e-08	5.990117900000002e-08	0.0	0.0	0.0	0.0	0.0
-15.404	4.3283505e-09	1.622722e-09	1.4119920999999998e-09	3.3192954400000007e-09	0.0	0.0	0.0	0.0	0.0
-15.370	1.9248567999999999e-10	7.216059e-11	6.2789722e-11	1.47589586e-10	0.0	0.0	0.0	0.0	0.0
-15.337	6.8710139e-12	2.57533e-12	2.2413813000000002e-12	5.267818020000001e-12	0.0	0.0	0.0	0.0	0.0
-15.303	1.9765817e-13	7.409378e-14	6.447156499999999e-14	1.5155333700000002e-13	0.0	0.0	0.0	0.0	0.0
-15.270	4.4920134999999996e-15	1.6841769999999998e-15	1.4654007e-15	3.4446729400000003e-15	0.0	0.0	0.0	0.0	0.0
-15.237	0.0	0.0	0.0	0.0	0.0	0.0	0.0	0.0	0.0
-15.203	0.0	0.0	0.0	0.0	0.0	0.0	0.0	0.0	0.0
-15.170	0.0	0.0	0.0	0.0	0.0	0.0	0.0	0.0	0.0
-15.137	5.4916815203e-15	4.617756863e-15	9.776150140000001e-15	4.856175900000001e-15	0.0	0.0	0.0	0.0	0.0
-15.103	2.3304392432e-13	1.959932376e-13	4.148934994e-13	2.06149703e-13	0.0	0.0	0.0	0.0	0.0
-15.070	7.749250459600002e-12	6.516833744e-12	1.3793900560000001e-11	6.853725720000001e-12	0.0	0.0	0.0	0.0	0.0
-15.037	2.0708686394999999e-10	1.7417394269999998e-10	3.6874831020000003e-10	1.8320797899999998e-10	0.0	0.0	0.0	0.0	0.0
-15.003	4.444433624899999e-09	3.737127987e-09	7.91146303e-09	3.93088473e-09	0.0	0.0	0.0	0.0	0.0
-14.970	7.6550002346e-08	6.437299656e-08	1.362696374e-07	6.77090937e-08	0.0	0.0	0.0	0.0	0.0
-14.937	1.0587056819599997e-06	8.902289880000001e-07	1.8848526250000001e-06	9.3636724e-07	0.0	0.0	0.0	0.0	0.0
-14.903	1.17586426615e-05	9.888354090000001e-06	2.093478322e-05	1.03999936e-05	0.0	0.0	0.0	0.0	0.0
-14.870	0.000104896240744	8.82096497e-05	0.0001867043392	9.2767689e-05	0.0	0.0	0.0	0.0	0.0
-14.837	0.0007516445277300001	0.0006319939362	0.001337720872	0.0006648343179999999	0.0	0.0	0.0	0.0	0.0
-14.803	0.0043267563887	0.003637905486	0.00770290012	0.0038265570699999997	0.0	0.0	0.0	0.0	0.0
-14.770	0.020014453158	0.01682808055	0.035623734170000004	0.017701283199999997	0.0	0.0	0.0	0.0	0.0
-14.737	0.074389241832	0.06255281402	0.1324490003	0.0657942701	0.0	0.0	0.0	0.0	0.0
-14.703	0.22220550973999997	0.1868348964	0.3955701667	0.19653403600000002	0.0	0.0	0.0	0.0	0.0
-14.670	0.5334758122	0.448612012	0.949616075	0.4718508729999999	0.0	0.0	0.0	0.0	0.0
-14.637	1.02940696841	0.8656454570000001	1.8324450159999999	0.9105203799999999	0.0	0.0	0.0	0.0	0.0
-14.603	1.5967802044100003	1.342870826	2.842324534	1.4123721900000001	0.0	0.0	0.0	0.0	0.0
-14.570	1.9912808453000002	1.6744734840000004	3.5445180929999998	1.7610659499999999	0.0	0.0	0.0	0.0	0.0
-14.537	1.9962974655999999	1.6784251609999998	3.553884685	1.7654800700000002	0.0	0.0	0.0	0.0	0.0
-14.503	1.60858643596	1.352592009	2.8636541610000004	1.42261979	0.0	0.0	0.0	0.0	0.0
-14.470	1.04203907154	0.87630034	1.855068366	0.92160777	0.0	0.0	0.0	0.0	0.0
-14.436	0.5426896661	0.45640994199999996	0.965971067	0.480074586	0.0	0.0	0.0	0.0	0.0
-14.403	0.2277744193	0.192146822	0.404732527	0.202066406	0.0	0.0	0.0	0.0	0.0
-14.370	0.080465343	0.071019982	0.13836478600000002	0.074489049	0.0	0.0	0.0	0.0	0.0
-14.336	0.039475189	0.048801424	0.047594613	0.050277117999999996	0.0	0.0	0.0	0.0	0.0
-14.303	0.074550145	0.12076727400000001	0.0482547807	0.12312669799999999	0.0	0.0	0.0	0.0	0.0
-14.270	0.21042760000000005	0.35082093000000003	0.12188521599999999	0.357243513	0.0	0.0	0.0	0.0	0.0
-14.236	0.50491767	0.8434229000000001	0.29018887299999996	0.85844022	0.0	0.0	0.0	0.0	0.0
-14.203	0.9799375199999999	1.63807521	0.5619828649999999	1.6653616900000001	0.0	0.0	0.0	0.0	0.0
-14.170	1.5418204999999996	2.58061886	0.8800124899999999	2.6157525	0.0	0.0	0.0	0.0	0.0
-14.136	1.9918884000000001	3.3464386999999998	1.1232318499999998	3.3652013600000004	0.0	0.0	0.0	0.0	0.0
-14.103	2.1820357	3.6974899	1.19442767	3.6491184	0.0	0.0	0.0	0.0	0.0
-14.070	2.1622415999999998	3.729336	1.11118069	3.5409321999999994	0.0	0.0	0.0	0.0	0.0
-14.036	2.1118832	3.7363465	0.9810720900000001	3.3499311	0.0	0.0	0.0	0.0	0.0
-14.003	2.1081026	3.8177585	0.8809268400000001	3.2415806099999998	0.0	0.0	0.0	0.0	0.0
-13.970	2.0326926	3.7335566000000004	0.791051991	3.06552935	0.0	0.0	0.0	0.0	0.0
-13.936	1.7392332000000004	3.2149807	0.6532566470000001	2.59806966	0.0	0.0	0.0	0.0	0.0
-13.903	1.248829	2.3144070000000005	0.462551807	1.8583263539999997	0.0	0.0	0.0	0.0	0.0
-13.870	0.7354405999999999	1.3621083500000002	0.2722316414	1.09169948	0.0	0.0	0.0	0.0	0.0
-13.836	0.361819	0.65902752	0.1400272618	0.530928879	0.0	0.0	0.0	0.0	0.0
-13.803	0.18806770000000003	0.30000613	0.0968777532	0.25403469	0.0	0.0	0.0	0.0	0.0
-13.770	0.21436820000000004	0.2432239	0.16639185410000001	0.23880665	0.0	0.0	0.0	0.0	0.0
-13.736	0.4494339	0.44232411	0.387112825	0.46589295	0.0	0.0	0.0	0.0	0.0
-13.703	0.8961676	0.8659988900000001	0.7811628373999999	0.9209395999999999	0.0	0.0	0.0	0.0	0.0
-13.670	1.4635513000000002	1.4114593500000001	1.2771154163999998	1.5024978999999998	0.0	0.0	0.0	0.0	0.0
-13.636	1.9247082999999996	1.8554541199999999	1.6797469352000003	1.975573	0.0	0.0	0.0	0.0	0.0
-13.603	2.0350555000000004	1.9622905200000003	1.7759856588700003	2.0889181999999997	0.0	0.0	0.0	0.0	0.0
-13.570	1.7298833	1.6680205800000003	1.5097111107110002	1.7755615	0.0	0.0	0.0	0.0	0.0
-13.536	1.1821812999999999	1.1397950700000001	1.0315371001899998	1.2131929	0.0	0.0	0.0	0.0	0.0
-13.503	0.6493379300000001	0.62605479	0.566679296169	0.6665176	0.0	0.0	0.0	0.0	0.0
-13.469	0.28667007	0.276450754	0.25018851423970007	0.29426338	0.0	0.0	0.0	0.0	0.0
-13.436	0.10172036	0.098096721	0.08879193455579999	0.10443177	0.0	0.0	0.0	0.0	0.0
-13.403	0.029014285	0.027980500800000002	0.025320702254560002	0.029781745	0.0	0.0	0.0	0.0	0.0
-13.369	0.0066496762	0.0064121183	0.0058034163254200005	0.006825544400000001	0.0	0.0	0.0	0.0	0.0
-13.336	0.0012245719000000001	0.0011808856299999999	0.001068789053776	0.0012570333000000002	0.0	0.0	0.0	0.0	0.0
-13.303	0.00018117421	0.000174701375	0.000158120191552	0.0001859839	0.0	0.0	0.0	0.0	0.0
-13.269	2.1532109e-05	2.0767353599999998e-05	1.8792647595270004e-05	2.2104976e-05	0.0	0.0	0.0	0.0	0.0
-13.236	2.0555824e-06	1.98239434e-06	1.7938857659530004e-06	2.1101267000000002e-06	0.0	0.0	0.0	0.0	0.0
-13.203	1.5758786999999997e-07	1.51949479e-07	1.375235752701e-07	1.6174816e-07	0.0	0.0	0.0	0.0	0.0
-13.169	9.700795e-09	9.3543067e-09	8.465926144040002e-09	9.957537999999999e-09	0.0	0.0	0.0	0.0	0.0
-13.136	4.7942863e-10	4.62320549e-10	4.1835179220200005e-10	4.921073200000001e-10	0.0	0.0	0.0	0.0	0.0
-13.103	1.9016828000000004e-11	1.83377135e-11	1.65969012038e-11	1.9521597e-11	0.0	0.0	0.0	0.0	0.0
-13.069	6.063612999999998e-13	5.846308220000001e-13	5.29187650378e-13	6.223961699999999e-13	0.0	0.0	0.0	0.0	0.0
-13.036	1.5860148000000003e-14	1.5293703399999996e-14	1.384180429619e-14	1.6279911e-14	0.0	0.0	0.0	0.0	0.0
-13.003	0.0	0.0	0.0	0.0	0.0	0.0	0.0	0.0	0.0
-12.969	0.0	0.0	0.0	0.0	0.0	0.0	0.0	0.0	0.0
-12.936	0.0	0.0	0.0	0.0	0.0	0.0	0.0	0.0	0.0
-12.903	0.0	0.0	0.0	0.0	0.0	0.0	0.0	0.0	0.0
-12.869	0.0	0.0	0.0	0.0	0.0	0.0	0.0	0.0	0.0
-12.836	0.0	0.0	0.0	0.0	0.0	0.0	0.0	0.0	0.0
-12.803	0.0	0.0	0.0	0.0	0.0	0.0	0.0	0.0	0.0
-12.769	0.0	0.0	0.0	0.0	0.0	0.0	0.0	0.0	0.0
-12.736	0.0	0.0	0.0	0.0	0.0	0.0	0.0	0.0	0.0
-12.703	0.0	0.0	0.0	0.0	0.0	0.0	0.0	0.0	0.0
-12.669	4.9426573e-16	3.133924e-16	7.785832499999999e-16	7.862958000000001e-16	0.0	0.0	0.0	0.0	0.0
-12.636	1.8780421000000003e-14	1.1906477e-14	2.9587467e-14	2.9883658e-14	0.0	0.0	0.0	0.0	0.0
-12.602	7.2450778e-13	4.593539e-13	1.14158333e-12	1.1528212000000002e-12	0.0	0.0	0.0	0.0	0.0
-12.569	2.2211102999999997e-11	1.4081647e-11	3.4993311e-11	3.5332596e-11	0.0	0.0	0.0	0.0	0.0
-12.536	5.464822500000001e-10	3.464797e-10	8.609778200000001e-10	8.694832999999998e-10	0.0	0.0	0.0	0.0	0.0
-12.502	1.0794042e-08	6.844511999999999e-09	1.7004572e-08	1.7174020999999996e-08	0.0	0.0	0.0	0.0	0.0
-12.469	1.7118246000000003e-07	1.0852403e-07	2.696778499999999e-07	2.7236856e-07	0.0	0.0	0.0	0.0	0.0
-12.436	2.1796036999999997e-06	1.3819235e-06	3.4340793999999993e-06	3.4684373e-06	0.0	0.0	0.0	0.0	0.0
-12.402	2.2289301999999996e-05	1.4131114000000001e-05	3.5118208e-05	3.5462492e-05	0.0	0.0	0.0	0.0	0.0
-12.369	0.00018307247999999998	0.00011606264999999998	0.00028841079	0.00029126787	0.0	0.0	0.0	0.0	0.0
-12.336	0.0012079305	0.0007658019	0.0019029808	0.0019218991	0.0	0.0	0.0	0.0	0.0
-12.302	0.006402335999999999	0.0040594889999999995	0.0100876528	0.010188264999999998	0.0	0.0	0.0	0.0	0.0
-12.269	0.027275206999999996	0.017292849	0.042970733000000004	0.04339145	0.0	0.0	0.0	0.0	0.0
-12.236	0.09336613	0.05919908	0.14707826000000002	0.14854306000000003	0.0	0.0	0.0	0.0	0.0
-12.202	0.25683910000000004	0.16283856000000002	0.4045666	0.40868294000000005	0.0	0.0	0.0	0.0	0.0
-12.169	0.56783964	0.36010780000000003	0.8946531500000001	0.9035942	0.0	0.0	0.0	0.0	0.0
-12.136	1.0092974	0.6399429999999999	1.5902001000000001	1.6059473	0.0	0.0	0.0	0.0	0.0
-12.102	1.4420566000000004	0.9144049000000001	2.2719067000000006	2.2945528	0.0	0.0	0.0	0.0	0.0
-12.069	1.6563113999999997	1.0501924999999999	2.6094009	2.6354680000000004	0.0	0.0	0.0	0.0	0.0
-12.036	1.5292434000000001	0.9695176999999999	2.4091247999999994	2.4331129	0.0	0.0	0.0	0.0	0.0
-12.002	1.1350091	0.719641	1.788346	1.8060928	0.0	0.0	0.0	0.0	0.0
-11.969	0.6775451699999999	0.4295594	1.06762505	1.0780924	0.0	0.0	0.0	0.0	0.0
-11.936	0.32708469	0.20733706000000002	0.51651224	0.5202840000000001	0.0	0.0	0.0	0.0	0.0
-11.902	0.13630420000000001	0.08622215	0.22086428000000002	0.21656194	0.0	0.0	0.0	0.0	0.0
-11.869	0.08214226000000001	0.05140503	0.15323622999999997	0.12949275999999998	0.0	0.0	0.0	0.0	0.0
-11.836	0.1463127	0.09103510000000002	0.30474593	0.22889067600000002	0.0	0.0	0.0	0.0	0.0
-11.802	0.3509275	0.21986780000000003	0.7384745	0.547618223	0.0	0.0	0.0	0.0	0.0
-11.769	0.7271745	0.46232169999999995	1.5168028000000002	1.131801376	0.0	0.0	0.0	0.0	0.0
-11.736	1.248324	0.8139160999999999	2.5565872	1.9350441430000003	0.0	0.0	0.0	0.0	0.0
-11.702	1.7989860000000002	1.220293	3.5764613999999995	2.769406068	0.0	0.0	0.0	0.0	0.0
-11.669	2.22581	1.5944550000000002	4.228987999999999	3.3922067599999997	0.0	0.0	0.0	0.0	0.0
-11.635	2.4186199999999993	1.847566	4.331535000000001	3.6395218600000003	0.0	0.0	0.0	0.0	0.0
-11.602	2.3354699999999995	1.8985880000000002	3.9190569999999996	3.4682920599999996	0.0	0.0	0.0	0.0	0.0
-11.569	1.9914299999999996	1.7016656000000001	3.150913	2.92414228	0.0	0.0	0.0	0.0	0.0
-11.535	1.4688700000000006	1.2989794000000001	2.2223907	2.1389013599999998	0.0	0.0	0.0	0.0	0.0
-11.502	0.915217	0.8267897000000001	1.3447801	1.3254644900000003	0.0	0.0	0.0	0.0	0.0
-11.469	0.47264900000000004	0.4324176	0.6821946	0.6825064440000002	0.0	0.0	0.0	0.0	0.0
-11.435	0.2006589	0.18583901000000003	0.28570500000000004	0.28966737800000003	0.0	0.0	0.0	0.0	0.0
-11.402	0.0746038	0.07456422	0.10031478	0.109998536	0.0	0.0	0.0	0.0	0.0
-11.369	0.0454313	0.065814174	0.04016643000000002	0.0762671993	0.0	0.0	0.0	0.0	0.0
-11.335	0.09448783	0.168305167	0.0514082	0.1730061895	0.0	0.0	0.0	0.0	0.0
-11.302	0.24768772	0.45044248400000003	0.125394421	0.457743523	0.0	0.0	0.0	0.0	0.0
-11.269	0.5430418200000001	0.988985248	0.27354273500000004	1.004354849	0.0	0.0	0.0	0.0	0.0
-11.235	0.9595905	1.747680801	0.48312298	1.774790965	0.0	0.0	0.0	0.0	0.0
-11.202	1.3636016	2.4830783490000004	0.686404682	2.5218628659999998	0.0	0.0	0.0	0.0	0.0
-11.169	1.5571423	2.83612049	0.784036408	2.8796826180000004	0.0	0.0	0.0	0.0	0.0
-11.135	1.4296398	2.603762032	0.71986251	2.6446278839999997	0.0	0.0	0.0	0.0	0.0
-11.102	1.0552248	1.921886823	0.531293305	1.9517040030000001	0.0	0.0	0.0	0.0	0.0
-11.069	0.62607821	1.1402433155	0.315208692	1.157998768	0.0	0.0	0.0	0.0	0.0
-11.035	0.2985694399999999	0.5438918936	0.15033512549999997	0.5522483079999999	0.0	0.0	0.0	0.0	0.0
-11.002	0.1144549	0.20845322920000003	0.057631644	0.2116679322	0.0	0.0	0.0	0.0	0.0
-10.969	0.035263103000000004	0.06422614584	0.01775565324	0.06521544036	0.0	0.0	0.0	0.0	0.0
-10.935	0.0087332184	0.01590528544	0.00439952193	0.01615543699	0.0	0.0	0.0	0.0	0.0
-10.902	0.0017707783	0.00321634542	0.00090965719	0.00329064758	0.0	0.0	0.0	0.0	0.0
-10.869	0.0005395494	0.0009140355099999999	0.00041028580999999994	0.00111236323	0.0	0.0	0.0	0.0	0.0
-10.835	0.0016598392999999996	0.0025976206000000003	0.0016953779199999999	0.0037797675500000003	0.0	0.0	0.0	0.0	0.0
-10.802	0.008096617799999999	0.012624141200000001	0.0083590064	0.018511091299999997	0.0	0.0	0.0	0.0	0.0
-10.769	0.032399821999999995	0.0505214281	0.0334586822	0.0740900695	0.0	0.0	0.0	0.0	0.0
-10.735	0.10428755999999999	0.162566327	0.10766273000000001	0.23838542599999998	0.0	0.0	0.0	0.0	0.0
-10.702	0.27003558	0.420752374	0.278458347	0.6166030339999999	0.0	0.0	0.0	0.0	0.0
-10.668	0.56314459	0.8764726300000001	0.5791484100000001	1.2830839200000002	0.0	0.0	0.0	0.0	0.0
-10.635	0.9509264000000002	1.47490004	0.9698276699999999	2.15081841	0.0	0.0	0.0	0.0	0.0
-10.602	1.3180129000000003	2.02337999	1.31164039	2.91767141	0.0	0.0	0.0	0.0	0.0
-10.568	1.5565636000000005	2.32526718	1.447616	3.2468087	0.0	0.0	0.0	0.0	0.0
-10.535	1.7037084000000002	2.3939426999999998	1.3453022	3.079413700000001	0.0	0.0	0.0	0.0	0.0
-10.502	1.9431749999999999	2.4890523	1.15073	2.7300980000000004	0.0	0.0	0.0	0.0	0.0
-10.468	2.40525	2.8676153000000006	1.0793320000000002	2.610042	0.0	0.0	0.0	0.0	0.0
-10.435	2.968981	3.5053104999999993	1.257574	2.872758	0.0	0.0	0.0	0.0	0.0
-10.402	3.327351	4.103456099999999	1.6505150000000002	3.3401500000000004	0.0	0.0	0.0	0.0	0.0
-10.368	3.258889999999999	4.3508031	2.0884150000000004	3.6932460000000003	0.0	0.0	0.0	0.0	0.0
-10.335	2.8135870000000005	4.1566654	2.361312	3.687296	0.0	0.0	0.0	0.0	0.0
-10.302	2.2531060000000003	3.6958830999999996	2.365196	3.2792433	0.0	0.0	0.0	0.0	0.0
-10.268	1.8644749999999997	3.3016091999999997	2.2039530000000003	2.6557079999999997	0.0	0.0	0.0	0.0	0.0
-10.235	1.799939	3.2542942999999998	2.1113386	2.1178415999999998	0.0	0.0	0.0	0.0	0.0
-10.202	2.0016350000000003	3.5399965	2.2393419	1.8794364	0.0	0.0	0.0	0.0	0.0
-10.168	2.2609749999999997	3.8452292000000003	2.555831489999999	1.9589701	0.0	0.0	0.0	0.0	0.0
-10.135	2.388674	3.8499612	2.93794835	2.2467675	0.0	0.0	0.0	0.0	0.0
-10.102	2.3315960000000002	3.4952608999999994	3.2627443100000004	2.5876240999999998	0.0	0.0	0.0	0.0	0.0
-10.068	2.122537	2.9250683000000004	3.3814620699999995	2.7843601000000002	0.0	0.0	0.0	0.0	0.0
-10.035	1.7809029999999997	2.2759382	3.12976266	2.64408686	0.0	0.0	0.0	0.0	0.0
-10.002	1.3289831000000003	1.6100588999999998	2.48046781	2.12651536	0.0	0.0	0.0	0.0	0.0
-9.968	0.8479951	0.995473	1.6352639300000007	1.41232381	0.0	0.0	0.0	0.0	0.0
-9.935	0.44960880000000003	0.5192296000000001	0.88142183	0.7639046300000001	0.0	0.0	0.0	0.0	0.0
-9.902	0.19494586	0.22335886000000002	0.38587318600000003	0.334348523	0.0	0.0	0.0	0.0	0.0
-9.868	0.06892711	0.07936442900000001	0.14116203799999996	0.118214152	0.0	0.0	0.0	0.0	0.0
-9.835	0.02193090999999999	0.028859043	0.06666828600000001	0.034985846	0.0	0.0	0.0	0.0	0.0
-9.801	0.014996130000000003	0.03325342	0.125791732	0.013941819999999999	0.0	0.0	0.0	0.0	0.0
-9.768	0.03629509000000001	0.09572969999999999	0.39392987	0.02274813	0.0	0.0	0.0	0.0	0.0
-9.735	0.09660410999999999	0.25844257	1.06569195	0.059268228000000006	0.0	0.0	0.0	0.0	0.0
-9.701	0.21386979999999997	0.57449059	2.3565352	0.134783656	0.0	0.0	0.0	0.0	0.0
-9.668	0.39005019999999996	1.0538204999999998	4.2840808	0.25752492	0.0	0.0	0.0	0.0	0.0
-9.635	0.59401	1.6194199	6.4893784000000005	0.4199194	0.0	0.0	0.0	0.0	0.0
-9.601	0.7692311000000001	2.1232849999999996	8.339405399999999	0.5945277	0.0	0.0	0.0	0.0	0.0
-9.568	0.8625932999999999	2.4179781	9.2628359	0.73774869	0.0	0.0	0.0	0.0	0.0
-9.535	0.8470153999999999	2.4124228999999997	9.004755200000002	0.7980716899999998	0.0	0.0	0.0	0.0	0.0
-9.501	0.7268473999999998	2.0992857999999996	7.65606497	0.7417144299999999	0.0	0.0	0.0	0.0	0.0
-9.468	0.5385452000000001	1.57006512	5.627300780000001	0.58360969	0.0	0.0	0.0	0.0	0.0
-9.435	0.3431782	0.99872019	3.54624945	0.3937934	0.0	0.0	0.0	0.0	0.0
-9.401	0.20290362	0.5613065000000002	2.0124643399999997	0.26481596	0.0	0.0	0.0	0.0	0.0
-9.368	0.15779535999999997	0.3571646	1.3681762	0.27464527	0.0	0.0	0.0	0.0	0.0
-9.335	0.21949519000000003	0.3956913	1.6577172	0.4663968000000001	0.0	0.0	0.0	0.0	0.0
-9.301	0.36740464	0.6153841200000001	2.6618381999999996	0.8191809299999998	0.0	0.0	0.0	0.0	0.0
-9.268	0.53946654	0.8918871899999999	3.8805917	1.2124198800000001	0.0	0.0	0.0	0.0	0.0
-9.235	0.6458102999999998	1.0655640100000001	4.6406233	1.45325417	0.0	0.0	0.0	0.0	0.0
-9.201	0.6229343999999999	1.02738773	4.4753441	1.4018896300000003	0.0	0.0	0.0	0.0	0.0
-9.168	0.48311024999999996	0.7968579199999999	3.4709476	1.0873131200000001	0.0	0.0	0.0	0.0	0.0
-9.135	0.30119527	0.49682023799999997	2.1637923999999997	0.67797612	0.0	0.0	0.0	0.0	0.0
-9.101	0.15097222999999999	0.24895669699999998	1.08468918	0.339773391	0.0	0.0	0.0	0.0	0.0
-9.068	0.060815589999999996	0.10032799700000002	0.43697570999999996	0.136903377	0.0	0.0	0.0	0.0	0.0
-9.035	0.019706962000000005	0.0327133021	0.14153308799999997	0.04450772799999999	0.0	0.0	0.0	0.0	0.0
-9.001	0.005234253999999998	0.0101100788	0.03717984	0.012837348999999998	0.0	0.0	0.0	0.0	0.0
-8.968	0.0016916910000000002	0.011113448	0.009762458	0.00976538	0.0	0.0	0.0	0.0	0.0
-8.935	0.0029876399999999993	0.042605273	0.010643515000000001	0.0336874467	0.0	0.0	0.0	0.0	0.0
-8.901	0.01023989	0.153935707	0.034194109	0.1211673532	0.0	0.0	0.0	0.0	0.0
-8.868	0.02986677	0.45005591	0.09947732100000001	0.35415124379999996	0.0	0.0	0.0	0.0	0.0
-8.834	0.07018160000000001	1.05754741	0.23372890999999998	0.8321823763	0.0	0.0	0.0	0.0	0.0
-8.801	0.13257080000000002	1.9975746699999999	0.44142525	1.5717223930000002	0.0	0.0	0.0	0.0	0.0
-8.768	0.20127820000000002	3.03249183	0.67024893	2.3860834630000003	0.0	0.0	0.0	0.0	0.0
-8.734	0.24567920000000001	3.7020559000000004	0.81810171	2.912501849	0.0	0.0	0.0	0.0	0.0
-8.701	0.24107250000000002	3.6325041999999996	0.8027182100000001	2.857264881	0.0	0.0	0.0	0.0	0.0
-8.668	0.1901298	2.86553637	0.63316443	2.254267319	0.0	0.0	0.0	0.0	0.0
-8.634	0.1206467	1.8173035999999998	0.40175674	1.429433975	0.0	0.0	0.0	0.0	0.0
-8.601	0.06194499999999999	0.92911663	0.20646791	0.7297810062	0.0	0.0	0.0	0.0	0.0
-8.568	0.02776581	0.39603297	0.09354438	0.304734553	0.0	0.0	0.0	0.0	0.0
-8.534	0.01915273	0.19508801	0.06858333600000001	0.124838833	0.0	0.0	0.0	0.0	0.0
-8.501	0.03882235999999999	0.271542467	0.14713545	0.11619214000000001	0.0	0.0	0.0	0.0	0.0
-8.468	0.09985023	0.662694602	0.3890230800000002	0.25327183	0.0	0.0	0.0	0.0	0.0
-8.434	0.21732761999999997	1.46782111	0.8787216	0.5544372900000001	0.0	0.0	0.0	0.0	0.0
-8.401	0.38346030000000003	2.6934161000000003	1.6492721000000001	1.0141143	0.0	0.0	0.0	0.0	0.0
-8.368	0.5481032	4.1127084	2.6047873999999998	1.5428374999999999	0.0	0.0	0.0	0.0	0.0
-8.334	0.6382030999999999	5.3137514	3.5276517	1.9831260999999998	0.0	0.0	0.0	0.0	0.0
-8.301	0.6108971999999999	5.9189126000000005	4.160481000000001	2.1941074	0.0	0.0	0.0	0.0	0.0
-8.268	0.4871890000000001	5.758147599999999	4.2961469	2.1189171	0.0	0.0	0.0	0.0	0.0
-8.234	0.3296481	4.899909900000001	3.8514510000000004	1.7910963000000002	0.0	0.0	0.0	0.0	0.0
-8.201	0.1927952	3.60471827	2.9492621000000003	1.31541854	0.0	0.0	0.0	0.0	0.0
-8.168	0.09922389999999999	2.2620375900000003	1.9005875999999997	0.8462065799999999	0.0	0.0	0.0	0.0	0.0
-8.134	0.0470827	1.2229074699999998	1.04311703	0.5490028000000001	0.0	0.0	0.0	0.0	0.0
-8.101	0.026713200000000003	0.6670174400000001	0.5669938399999999	0.5745494499999999	0.0	0.0	0.0	0.0	0.0
-8.068	0.029981570000000003	0.59088794	0.488491767	1.0471270100000003	0.0	0.0	0.0	0.0	0.0
-8.034	0.05058617000000001	0.8851564700000001	0.7192527670000001	1.9923130699999998	0.0	0.0	0.0	0.0	0.0
-8.001	0.07949659199999999	1.3593496	1.1004584880000001	3.1890890999999995	0.0	0.0	0.0	0.0	0.0
-7.967	0.10270092700000001	1.7503680999999998	1.4156666349	4.129620699999999	0.0	0.0	0.0	0.0	0.0
-7.934	0.10696815299999997	1.8214837999999995	1.4737069607000002	4.3030895	0.0	0.0	0.0	0.0	0.0
-7.901	0.089608734	1.5260026	1.2344756638	3.604814599999999	0.0	0.0	0.0	0.0	0.0
-7.867	0.060348279	1.0277022800000002	0.8313264756	2.4277231	0.0	0.0	0.0	0.0	0.0
-7.834	0.0326752605	0.55640003	0.4500690244000001	1.3143335	0.0	0.0	0.0	0.0	0.0
-7.801	0.0142309805	0.24242369000000002	0.19613635540000002	0.5719388799999999	0.0	0.0	0.0	0.0	0.0
-7.767	0.005073175	0.08674381299999999	0.0705314035	0.20031359199999998	0.0	0.0	0.0	0.0	0.0
-7.734	0.0019508550000000003	0.035155667999999994	0.0304180411	0.05815647400000001	0.0	0.0	0.0	0.0	0.0
-7.701	0.0027782970000000003	0.05541338889999999	0.05372430599999999	0.022854451000000008	0.0	0.0	0.0	0.0	0.0
-7.667	0.008923734	0.17847048199999999	0.176919345	0.04667425100000001	0.0	0.0	0.0	0.0	0.0
-7.634	0.02588892000000001	0.5078666969999999	0.50780419	0.16094781	0.0	0.0	0.0	0.0	0.0
-7.601	0.06145637000000002	1.1720042740000003	1.1848667800000003	0.48041818	0.0	0.0	0.0	0.0	0.0
-7.567	0.11915689999999998	2.18822057	2.2458473100000003	1.1814185799999994	0.0	0.0	0.0	0.0	0.0
-7.534	0.1895431	3.312287209999999	3.4683417	2.37773974	0.0	0.0	0.0	0.0	0.0
-7.501	0.24843590000000002	4.075505410000001	4.382568	3.90258132	0.0	0.0	0.0	0.0	0.0
-7.467	0.2694975	4.093219239999999	4.5525043	5.20261205	0.0	0.0	0.0	0.0	0.0
-7.434	0.24264419999999998	3.37006124	3.9043365999999993	5.6181470099999995	0.0	0.0	0.0	0.0	0.0
-7.401	0.1815439	2.2846106199999996	2.7753770999999996	4.90434879	0.0	0.0	0.0	0.0	0.0
-7.367	0.11276219999999999	1.28049449	1.6388087	3.4559943300000002	0.0	0.0	0.0	0.0	0.0
-7.334	0.05798507	0.5955915	0.8040179	1.9631213819999997	0.0	0.0	0.0	0.0	0.0
-7.301	0.024577090000000003	0.23015770300000002	0.32708447999999996	0.8977875209999999	0.0	0.0	0.0	0.0	0.0
-7.267	0.008551360000000001	0.07389041399999997	0.10999329	0.33052687529999997	0.0	0.0	0.0	0.0	0.0
-7.234	0.0024613480000000004	0.0198891229	0.030713773999999996	0.09796510580000004	0.0	0.0	0.0	0.0	0.0
-7.201	0.0007862099999999999	0.0060875849999999995	0.00899303	0.023671010900000004	0.0	0.0	0.0	0.0	0.0
-7.167	0.0013280926000000003	0.010482248099999997	0.0127472582	0.006359192500000001	0.0	0.0	0.0	0.0	0.0
-7.134	0.005355901999999999	0.0425053237	0.050315311	0.008956067599999997	0.0	0.0	0.0	0.0	0.0
-7.101	0.01874405	0.148781399	0.175917868	0.029105118000000006	0.0	0.0	0.0	0.0	0.0
-7.067	0.05286746999999999	0.419608252	0.49609502	0.081856835	0.0	0.0	0.0	0.0	0.0
-7.034	0.11983164000000002	0.951177725	1.1245882699999998	0.18555962499999998	0.0	0.0	0.0	0.0	0.0
-7.000	0.21836425999999995	1.7334277200000001	2.04922821	0.33811425000000006	0.0	0.0	0.0	0.0	0.0
-6.967	0.31984807	2.53919223	3.0014847000000002	0.4952506399999999	0.0	0.0	0.0	0.0	0.0
-6.934	0.37659412	2.989388000000001	3.5340371	0.58314967	0.0	0.0	0.0	0.0	0.0
-6.900	0.35646449	2.8298096700000004	3.3453486000000003	0.55196224	0.0	0.0	0.0	0.0	0.0
-6.867	0.27126441000000007	2.1532572400000003	2.5460926099999996	0.42000707000000004	0.0	0.0	0.0	0.0	0.0
-6.834	0.16592709000000003	1.3172093870000001	1.55723809	0.25691980000000003	0.0	0.0	0.0	0.0	0.0
-6.800	0.08159057000000002	0.647707357	0.7655891	0.126321285	0.0	0.0	0.0	0.0	0.0
-6.767	0.032242407	0.25595714700000005	0.30260709	0.049916686	0.0	0.0	0.0	0.0	0.0
-6.734	0.010240442999999998	0.0813047861	0.096118475	0.015857628899999997	0.0	0.0	0.0	0.0	0.0
-6.700	0.0026142876000000005	0.0207528537	0.024538985399999998	0.0040479187	0.0	0.0	0.0	0.0	0.0
-6.667	0.0005362049	0.0042573078099999995	0.005032316899999999	0.00083031492	0.0	0.0	0.0	0.0	0.0
-6.634	8.838454e-05	0.0007014754559999999	0.0008294402600000001	0.000136852928	0.0	0.0	0.0	0.0	0.0
-6.600	1.1700535e-05	9.287856499999999e-05	0.00010981098500000002	1.81178041e-05	0.0	0.0	0.0	0.0	0.0
-6.567	1.2443231000000002e-06	9.877681130000001e-06	1.16774524e-05	1.92677533e-06	0.0	0.0	0.0	0.0	0.0
-6.534	1.0629003e-07	8.437054159999998e-07	9.974212600000002e-07	1.6457329099999997e-07	0.0	0.0	0.0	0.0	0.0
-6.500	7.290184000000001e-09	5.78677297e-08	6.840812499999999e-08	1.1287820799999997e-08	0.0	0.0	0.0	0.0	0.0
-6.467	4.0136932e-10	3.1864133400000008e-09	3.7679206000000006e-09	6.2154879e-10	0.0	0.0	0.0	0.0	0.0
-6.434	1.7748324000000002e-11	1.4088681599999996e-10	1.6656554800000001e-10	2.7479887999999992e-11	0.0	0.0	0.0	0.0	0.0
-6.400	6.296412999999999e-13	4.99753562e-12	5.9085124000000004e-12	9.7495357e-13	0.0	0.0	0.0	0.0	0.0
-6.367	1.8065671000000002e-14	1.4341634899999995e-13	1.69544184e-13	2.7972781e-14	0.0	0.0	0.0	0.0	0.0
-6.334	4.516423e-16	3.5851354e-15	4.2392814999999995e-15	6.993968300000001e-16	0.0	0.0	0.0	0.0	0.0
-6.300	0.0	0.0	0.0	0.0	0.0	0.0	0.0	0.0	0.0
-6.267	0.0	0.0	0.0	0.0	0.0	0.0	0.0	0.0	0.0
-6.234	0.0	0.0	0.0	0.0	0.0	0.0	0.0	0.0	0.0
-6.200	0.0	0.0	0.0	0.0	0.0	0.0	0.0	0.0	0.0
-6.167	0.0	0.0	0.0	0.0	0.0	0.0	0.0	0.0	0.0
-6.133	0.0	0.0	0.0	0.0	0.0	0.0	0.0	0.0	0.0
-6.100	0.0	0.0	0.0	0.0	0.0	0.0	0.0	0.0	0.0
-6.067	0.0	0.0	0.0	0.0	0.0	0.0	0.0	0.0	0.0
-6.033	0.0	0.0	0.0	0.0	0.0	0.0	0.0	0.0	0.0
-6.000	0.0	0.0	0.0	0.0	0.0	0.0	0.0	0.0	0.0
-5.967	0.0	0.0	0.0	0.0	0.0	0.0	0.0	0.0	0.0
-5.933	0.0	0.0	0.0	0.0	0.0	0.0	0.0	0.0	0.0
-5.900	0.0	0.0	0.0	0.0	0.0	0.0	0.0	0.0	0.0
-5.867	0.0	0.0	0.0	0.0	0.0	0.0	0.0	0.0	0.0
-5.833	0.0	0.0	0.0	0.0	0.0	0.0	0.0	0.0	0.0
-5.800	0.0	0.0	0.0	0.0	0.0	0.0	0.0	0.0	0.0
-5.767	0.0	0.0	0.0	0.0	0.0	0.0	0.0	0.0	0.0
-5.733	0.0	0.0	0.0	0.0	0.0	0.0	0.0	0.0	0.0
-5.700	0.0	0.0	0.0	0.0	0.0	0.0	0.0	0.0	0.0
-5.667	0.0	0.0	0.0	0.0	0.0	0.0	0.0	0.0	0.0
-5.633	0.0	0.0	0.0	0.0	0.0	0.0	0.0	0.0	0.0
-5.600	0.0	0.0	0.0	0.0	0.0	0.0	0.0	0.0	0.0
-5.567	0.0	0.0	0.0	0.0	0.0	0.0	0.0	0.0	0.0
-5.533	0.0	0.0	0.0	0.0	0.0	0.0	0.0	0.0	0.0
-5.500	0.0	0.0	0.0	0.0	0.0	0.0	0.0	0.0	0.0
-5.467	0.0	0.0	0.0	0.0	0.0	0.0	0.0	0.0	0.0
-5.433	0.0	0.0	0.0	0.0	0.0	0.0	0.0	0.0	0.0
-5.400	0.0	0.0	0.0	0.0	0.0	0.0	0.0	0.0	0.0
-5.367	0.0	0.0	0.0	0.0	0.0	0.0	0.0	0.0	0.0
-5.333	0.0	0.0	0.0	0.0	0.0	0.0	0.0	0.0	0.0
-5.300	0.0	0.0	0.0	0.0	0.0	0.0	0.0	0.0	0.0
-5.267	0.0	0.0	0.0	0.0	0.0	0.0	0.0	0.0	0.0
-5.233	0.0	0.0	0.0	0.0	0.0	0.0	0.0	0.0	0.0
-5.200	0.0	0.0	0.0	0.0	0.0	0.0	0.0	0.0	0.0
-5.166	0.0	0.0	0.0	0.0	0.0	0.0	0.0	0.0	0.0
-5.133	0.0	0.0	0.0	0.0	0.0	0.0	0.0	0.0	0.0
-5.100	0.0	0.0	0.0	0.0	0.0	0.0	0.0	0.0	0.0
-5.066	0.0	0.0	0.0	0.0	0.0	0.0	0.0	0.0	0.0
-5.033	0.0	0.0	0.0	0.0	0.0	0.0	0.0	0.0	0.0
-5.000	0.0	0.0	0.0	0.0	0.0	0.0	0.0	0.0	0.0
-4.966	0.0	0.0	0.0	0.0	0.0	0.0	0.0	0.0	0.0
-4.933	0.0	0.0	0.0	0.0	0.0	0.0	0.0	0.0	0.0
-4.900	0.0	0.0	0.0	0.0	0.0	0.0	0.0	0.0	0.0
-4.866	0.0	0.0	0.0	0.0	0.0	0.0	0.0	0.0	0.0
-4.833	0.0	0.0	0.0	0.0	0.0	0.0	0.0	0.0	0.0
-4.800	0.0	0.0	0.0	0.0	0.0	0.0	0.0	0.0	0.0
-4.766	0.0	0.0	0.0	0.0	0.0	0.0	0.0	0.0	0.0
-4.733	0.0	0.0	0.0	0.0	0.0	0.0	0.0	0.0	0.0
-4.700	0.0	0.0	0.0	0.0	0.0	0.0	0.0	0.0	0.0
-4.666	0.0	0.0	0.0	0.0	0.0	0.0	0.0	0.0	0.0
-4.633	0.0	0.0	0.0	0.0	0.0	0.0	0.0	0.0	0.0
-4.600	0.0	0.0	0.0	0.0	0.0	0.0	0.0	0.0	0.0
-4.566	0.0	0.0	0.0	0.0	0.0	0.0	0.0	0.0	0.0
-4.533	0.0	0.0	0.0	0.0	0.0	0.0	0.0	0.0	0.0
-4.500	0.0	0.0	0.0	0.0	0.0	0.0	0.0	0.0	0.0
-4.466	0.0	0.0	0.0	0.0	0.0	0.0	0.0	0.0	0.0
-4.433	0.0	0.0	0.0	0.0	0.0	0.0	0.0	0.0	0.0
-4.400	0.0	0.0	0.0	0.0	0.0	0.0	0.0	0.0	0.0
-4.366	0.0	0.0	0.0	0.0	0.0	0.0	0.0	0.0	0.0
-4.333	0.0	0.0	0.0	0.0	0.0	0.0	0.0	0.0	0.0
-4.300	0.0	0.0	0.0	0.0	0.0	0.0	0.0	0.0	0.0
-4.266	0.0	0.0	0.0	0.0	0.0	0.0	0.0	0.0	0.0
-4.233	0.0	0.0	0.0	0.0	0.0	0.0	0.0	0.0	0.0
-4.199	0.0	0.0	0.0	0.0	0.0	0.0	0.0	0.0	0.0
-4.166	0.0	0.0	0.0	0.0	0.0	0.0	0.0	0.0	0.0
-4.133	0.0	0.0	0.0	0.0	0.0	0.0	0.0	0.0	0.0
-4.099	0.0	0.0	0.0	0.0	0.0	0.0	0.0	0.0	0.0
-4.066	0.0	0.0	0.0	0.0	0.0	0.0	0.0	0.0	0.0
-4.033	0.0	0.0	0.0	0.0	0.0	0.0	0.0	0.0	0.0
-3.999	0.0	0.0	0.0	0.0	0.0	0.0	0.0	0.0	0.0
-3.966	0.0	0.0	0.0	0.0	0.0	0.0	0.0	0.0	0.0
-3.933	0.0	0.0	0.0	0.0	0.0	0.0	0.0	0.0	0.0
-3.899	0.0	0.0	0.0	0.0	0.0	0.0	0.0	0.0	0.0
-3.866	0.0	0.0	0.0	0.0	0.0	0.0	0.0	0.0	0.0
-3.833	0.0	0.0	0.0	0.0	0.0	0.0	0.0	0.0	0.0
-3.799	0.0	0.0	0.0	0.0	0.0	0.0	0.0	0.0	0.0
-3.766	0.0	0.0	0.0	0.0	0.0	0.0	0.0	0.0	0.0
-3.733	0.0	0.0	0.0	0.0	0.0	0.0	0.0	0.0	0.0
-3.699	0.0	0.0	0.0	0.0	0.0	0.0	0.0	0.0	0.0
-3.666	0.0	0.0	0.0	0.0	0.0	0.0	0.0	0.0	0.0
-3.633	0.0	0.0	0.0	0.0	0.0	0.0	0.0	0.0	0.0
-3.599	0.0	0.0	0.0	0.0	0.0	0.0	0.0	0.0	0.0
-3.566	0.0	0.0	0.0	0.0	0.0	0.0	0.0	0.0	0.0
-3.533	0.0	0.0	0.0	0.0	0.0	0.0	0.0	0.0	0.0
-3.499	0.0	0.0	0.0	0.0	0.0	0.0	0.0	0.0	0.0
-3.466	0.0	0.0	0.0	0.0	0.0	0.0	0.0	0.0	0.0
-3.433	0.0	0.0	0.0	0.0	0.0	0.0	0.0	0.0	0.0
-3.399	0.0	0.0	0.0	0.0	0.0	0.0	0.0	0.0	0.0
-3.366	0.0	0.0	0.0	0.0	0.0	0.0	0.0	0.0	0.0
-3.332	0.0	0.0	0.0	0.0	0.0	0.0	0.0	0.0	0.0
-3.299	0.0	0.0	0.0	0.0	0.0	0.0	0.0	0.0	0.0
-3.266	0.0	0.0	0.0	0.0	0.0	0.0	0.0	0.0	0.0
-3.232	0.0	0.0	0.0	0.0	0.0	0.0	0.0	0.0	0.0
-3.199	0.0	0.0	0.0	0.0	0.0	0.0	0.0	0.0	0.0
-3.166	0.0	0.0	0.0	0.0	0.0	0.0	0.0	0.0	0.0
-3.132	0.0	0.0	0.0	0.0	0.0	0.0	0.0	0.0	0.0
-3.099	0.0	0.0	0.0	0.0	0.0	0.0	0.0	0.0	0.0
-3.066	0.0	0.0	0.0	0.0	0.0	0.0	0.0	0.0	0.0
-3.032	0.0	0.0	0.0	0.0	0.0	0.0	0.0	0.0	0.0
-2.999	0.0	0.0	0.0	0.0	0.0	0.0	0.0	0.0	0.0
-2.966	0.0	0.0	0.0	0.0	0.0	0.0	0.0	0.0	0.0
-2.932	0.0	0.0	0.0	0.0	0.0	0.0	0.0	0.0	0.0
-2.899	0.0	0.0	0.0	0.0	0.0	0.0	0.0	0.0	0.0
-2.866	0.0	0.0	0.0	0.0	0.0	0.0	0.0	0.0	0.0
-2.832	0.0	0.0	0.0	0.0	0.0	0.0	0.0	0.0	0.0
-2.799	0.0	0.0	0.0	0.0	0.0	0.0	0.0	0.0	0.0
-2.766	0.0	0.0	0.0	0.0	0.0	0.0	0.0	0.0	0.0
-2.732	0.0	0.0	0.0	0.0	0.0	0.0	0.0	0.0	0.0
-2.699	0.0	0.0	0.0	0.0	0.0	0.0	0.0	0.0	0.0
-2.666	0.0	0.0	0.0	0.0	0.0	0.0	0.0	0.0	0.0
-2.632	0.0	0.0	0.0	0.0	0.0	0.0	0.0	0.0	0.0
-2.599	0.0	0.0	0.0	0.0	0.0	0.0	0.0	0.0	0.0
-2.566	0.0	0.0	0.0	0.0	0.0	0.0	0.0	0.0	0.0
-2.532	0.0	0.0	0.0	0.0	0.0	0.0	0.0	0.0	0.0
-2.499	0.0	0.0	0.0	0.0	0.0	0.0	0.0	0.0	0.0
-2.466	0.0	0.0	0.0	0.0	0.0	0.0	0.0	0.0	0.0
-2.432	0.0	0.0	0.0	0.0	0.0	0.0	0.0	0.0	0.0
-2.399	0.0	0.0	0.0	0.0	0.0	0.0	0.0	0.0	0.0
-2.365	0.0	0.0	0.0	0.0	0.0	0.0	0.0	0.0	0.0
-2.332	0.0	0.0	0.0	0.0	0.0	0.0	0.0	0.0	0.0
-2.299	0.0	0.0	0.0	0.0	0.0	0.0	0.0	0.0	0.0
-2.265	0.0	0.0	0.0	0.0	0.0	0.0	0.0	0.0	0.0
-2.232	0.0	0.0	0.0	0.0	0.0	0.0	0.0	0.0	0.0
-2.199	0.0	0.0	0.0	0.0	0.0	0.0	0.0	0.0	0.0
-2.165	0.0	0.0	0.0	0.0	0.0	0.0	0.0	0.0	0.0
-2.132	0.0	0.0	0.0	0.0	0.0	0.0	0.0	0.0	0.0
-2.099	0.0	0.0	0.0	0.0	0.0	0.0	0.0	0.0	0.0
-2.065	0.0	0.0	0.0	0.0	0.0	0.0	0.0	0.0	0.0
-2.032	0.0	0.0	0.0	0.0	0.0	0.0	0.0	0.0	0.0
-1.999	0.0	0.0	0.0	0.0	0.0	0.0	0.0	0.0	0.0
-1.965	0.0	0.0	0.0	0.0	0.0	0.0	0.0	0.0	0.0
-1.932	0.0	0.0	0.0	0.0	0.0	0.0	0.0	0.0	0.0
-1.899	0.0	0.0	0.0	0.0	0.0	0.0	0.0	0.0	0.0
-1.865	0.0	0.0	0.0	0.0	0.0	0.0	0.0	0.0	0.0
-1.832	0.0	0.0	0.0	0.0	0.0	0.0	0.0	0.0	0.0
-1.799	0.0	0.0	0.0	0.0	0.0	0.0	0.0	0.0	0.0
-1.765	0.0	0.0	0.0	0.0	0.0	0.0	0.0	0.0	0.0
-1.732	0.0	0.0	0.0	0.0	0.0	0.0	0.0	0.0	0.0
-1.699	0.0	0.0	0.0	0.0	0.0	0.0	0.0	0.0	0.0
-1.665	0.0	0.0	0.0	0.0	0.0	0.0	0.0	0.0	0.0
-1.632	0.0	0.0	0.0	0.0	0.0	0.0	0.0	0.0	0.0
-1.599	0.0	0.0	0.0	0.0	0.0	0.0	0.0	0.0	0.0
-1.565	0.0	0.0	0.0	0.0	0.0	0.0	0.0	0.0	0.0
-1.532	0.0	0.0	0.0	0.0	0.0	0.0	0.0	0.0	0.0
-1.498	0.0	0.0	0.0	0.0	0.0	0.0	0.0	0.0	0.0
-1.465	0.0	0.0	0.0	0.0	0.0	0.0	0.0	0.0	0.0
-1.432	0.0	0.0	0.0	0.0	0.0	0.0	0.0	0.0	0.0
-1.398	0.0	0.0	0.0	0.0	0.0	0.0	0.0	0.0	0.0
-1.365	0.0	0.0	0.0	0.0	0.0	0.0	0.0	0.0	0.0
-1.332	0.0	0.0	0.0	0.0	0.0	0.0	0.0	0.0	0.0
-1.298	0.0	0.0	0.0	0.0	0.0	0.0	0.0	0.0	0.0
-1.265	0.0	0.0	0.0	0.0	0.0	0.0	0.0	0.0	0.0
-1.232	0.0	0.0	0.0	0.0	0.0	0.0	0.0	0.0	0.0
-1.198	6.914552000000001e-15	2.7816880000000004e-15	1.4104296e-15	1.9123738000000005e-15	0.0	0.0	0.0	0.0	0.0
-1.165	2.7068179e-13	1.089118e-13	5.5222229999999993e-14	7.4865416e-14	0.0	0.0	0.0	0.0	0.0
-1.132	8.624771e-12	3.4696519999999994e-12	1.7593111000000001e-12	2.3853279000000003e-12	0.0	0.0	0.0	0.0	0.0
-1.098	2.2060025000000002e-10	8.874448e-11	4.4999745999999995e-11	6.1015151e-11	0.0	0.0	0.0	0.0	0.0
-1.065	4.5296219999999985e-09	1.8223640000000003e-09	9.240772000000001e-10	1.2528056999999998e-09	0.0	0.0	0.0	0.0	0.0
-1.032	7.466889e-08	3.0039960000000003e-08	1.5231657e-08	2.0650003999999998e-08	0.0	0.0	0.0	0.0	0.0
-0.998	9.882859e-07	3.976129e-07	2.0162544000000004e-07	2.7334705e-07	0.0	0.0	0.0	0.0	0.0
-0.965	1.0506271e-05	4.2266529999999995e-06	2.1429422999999996e-06	2.9055795e-06	0.0	0.0	0.0	0.0	0.0
-0.932	8.969944000000001e-05	3.608621e-05	1.8295779e-05	2.4807383000000003e-05	0.0	0.0	0.0	0.0	0.0
-0.898	0.0006152120999999999	0.0002474861	0.00012549200999999998	0.00017012599999999996	0.0	0.0	0.0	0.0	0.0
-0.865	0.003389724	0.00136382	0.0006915556000000002	0.00093745195	0.0	0.0	0.0	0.0	0.0
-0.832	0.015007063	0.006037171000000002	0.0030613384	0.004149796999999999	0.0	0.0	0.0	0.0	0.0
-0.798	0.05339079	0.021479950000000005	0.010890466000000001	0.014766190000000002	0.0	0.0	0.0	0.0	0.0
-0.765	0.15265025999999998	0.0614131	0.031141587999999998	0.042222931	0.0	0.0	0.0	0.0	0.0
-0.732	0.3508353	0.14114079999999998	0.07156944	0.09702198699999999	0.0	0.0	0.0	0.0	0.0
-0.698	0.6480127999999999	0.2607201	0.13220613000000003	0.17923734	0.0	0.0	0.0	0.0	0.0
-0.665	0.9623538	0.38717340000000006	0.19631305000000002	0.26617871000000004	0.0	0.0	0.0	0.0	0.0
-0.632	1.1489851999999998	0.46235080000000006	0.23436791999999995	0.31786548000000003	0.0	0.0	0.0	0.0	0.0
-0.598	1.1034786	0.44473929999999995	0.22520511	0.30615261	0.0	0.0	0.0	0.0	0.0
-0.565	0.8560823	0.3483186	0.17517644000000002	0.24167733000000002	0.0	0.0	0.0	0.0	0.0
-0.531	0.5498866	0.23648829999999998	0.11427512	0.17120581999999998	0.0	0.0	0.0	0.0	0.0
-0.498	0.3337295	0.18213809999999994	0.07466150000000002	0.15224196	0.0	0.0	0.0	0.0	0.0
-0.465	0.283954	0.23488889999999998	0.07450218	0.22960914999999998	0.0	0.0	0.0	0.0	0.0
-0.431	0.39575000000000005	0.40360310000000005	0.11429049	0.41542341999999993	0.0	0.0	0.0	0.0	0.0
-0.398	0.5978626	0.6384157400000001	0.1766135	0.66345219	0.0	0.0	0.0	0.0	0.0
-0.365	0.7727557	0.8315569299999999	0.22914800000000002	0.865651077	0.0	0.0	0.0	0.0	0.0
-0.331	0.8114468499999999	0.8741488199999999	0.24077379999999998	0.9102237190000001	0.0	0.0	0.0	0.0	0.0
-0.298	0.6860931800000001	0.7391910700000001	0.20357989999999998	0.769745266	0.0	0.0	0.0	0.0	0.0
-0.265	0.46644870000000005	0.50261441	0.1384048	0.5233570049999999	0.0	0.0	0.0	0.0	0.0
-0.231	0.254872143	0.274673393	0.07563474	0.2860237581	0.0	0.0	0.0	0.0	0.0
-0.198	0.11197891300000001	0.12066711900000002	0.033225090000000006	0.12565844870000004	0.0	0.0	0.0	0.0	0.0
-0.165	0.03953522999999999	0.042603078	0.011732451000000001	0.044362036199999996	0.0	0.0	0.0	0.0	0.0
-0.131	0.011220471899999999	0.012090762699999999	0.0033293089999999995	0.01258886127	0.0	0.0	0.0	0.0	0.0
-0.098	0.0025775674	0.002769144	0.0007643218	0.00287654296	0.0	0.0	0.0	0.0	0.0
-0.065	0.0006181527000000001	0.0005999884999999999	0.000179795	0.0005719149800000001	0.0	0.0	0.0	0.0	0.0
-0.031	0.000990145	0.0006643630999999999	0.0002743526	0.00035963099999999996	0.0	0.0	0.0	0.0	0.0
0.002	0.004585364000000001	0.0029641874	0.001279454	0.0014064341000000003	0.0	0.0	0.0	0.0	0.0
0.035	0.01834111	0.011939959	0.00518008	0.005579120999999999	0.0	0.0	0.0	0.0	0.0
0.069	0.05926724	0.038894775	0.016943859999999998	0.017954567999999997	0.0	0.0	0.0	0.0	0.0
0.102	0.15446119999999997	0.10220094999999998	0.04470684999999999	0.04661544	0.0	0.0	0.0	0.0	0.0
0.135	0.3247437	0.21664151999999998	0.09513240000000002	0.09763154	0.0	0.0	0.0	0.0	0.0
0.169	0.5508558	0.37048462	0.1632993	0.16501286	0.0	0.0	0.0	0.0	0.0
0.202	0.7541116999999999	0.5113337	0.22624850000000002	0.22523367999999996	0.0	0.0	0.0	0.0	0.0
0.235	0.8342377999999999	0.570686	0.25337679999999996	0.24890294	0.0	0.0	0.0	0.0	0.0
0.269	0.7486014000000001	0.5179336999999999	0.23067229999999997	0.22468649	0.0	0.0	0.0	0.0	0.0
0.302	0.5527329	0.39016700000000004	0.1742651	0.17058026999999998	0.0	0.0	0.0	0.0	0.0
0.336	0.35187310000000005	0.25999759	0.11670929999999999	0.11849429000000002	0.0	0.0	0.0	0.0	0.0
0.369	0.2205339	0.1786802	0.08200779999999999	0.08878422000000001	0.0	0.0	0.0	0.0	0.0
0.402	0.169138	0.1519077	0.07461098	0.08063024	0.0	0.0	0.0	0.0	0.0
0.436	0.169664	0.1579089	0.08635763	0.08198769000000002	0.0	0.0	0.0	0.0	0.0
0.469	0.19078269999999997	0.1735839	0.10640693000000001	0.08327980000000001	0.0	0.0	0.0	0.0	0.0
0.502	0.21116399999999996	0.183965	0.12485125	0.0822059	0.0	0.0	0.0	0.0	0.0
0.536	0.22008090000000002	0.18169770000000002	0.13462631	0.08182530000000002	0.0	0.0	0.0	0.0	0.0
0.569	0.22019009999999997	0.16958439999999997	0.13582091000000002	0.0883682	0.0	0.0	0.0	0.0	0.0
0.602	0.22569019999999998	0.1616807	0.13549117	0.10900179999999998	0.0	0.0	0.0	0.0	0.0
0.636	0.2481553	0.1725831	0.13913035	0.14580659999999998	0.0	0.0	0.0	0.0	0.0
0.669	0.2823905	0.2023566	0.14373309	0.1895791	0.0	0.0	0.0	0.0	0.0
0.702	0.31038999999999994	0.2338409	0.14221794999999998	0.22193859999999999	0.0	0.0	0.0	0.0	0.0
0.736	0.31914700000000007	0.24673660000000003	0.13305073	0.22725430000000002	0.0	0.0	0.0	0.0	0.0
0.769	0.3114973999999999	0.23424669999999997	0.122303	0.2046083	0.0	0.0	0.0	0.0	0.0
0.802	0.299468	0.2054323	0.116967	0.1678656	0.0	0.0	0.0	0.0	0.0
0.836	0.29111700000000007	0.1740477	0.11861669999999999	0.1342273	0.0	0.0	0.0	0.0	0.0
0.869	0.284592	0.14787199999999998	0.12408730000000001	0.11290800000000001	0.0	0.0	0.0	0.0	0.0
0.902	0.27327799999999997	0.1280134	0.12933319999999998	0.1028117	0.0	0.0	0.0	0.0	0.0
0.936	0.25202939999999996	0.11225310000000001	0.1309087	0.0971089	0.0	0.0	0.0	0.0	0.0
0.969	0.2193521	0.09697399999999999	0.1250545	0.0887094	0.0	0.0	0.0	0.0	0.0
1.002	0.17709279999999997	0.07896139999999999	0.109005	0.0741069	0.0	0.0	0.0	0.0	0.0
1.036	0.13012539999999997	0.05792409999999999	0.08407189999999998	0.05471069999999999	0.0	0.0	0.0	0.0	0.0
1.069	0.08529120000000001	0.0370576	0.056133600000000006	0.0350132	0.0	0.0	0.0	0.0	0.0
1.102	0.0488983	0.0202952	0.032007419999999995	0.01920497	0.0	0.0	0.0	0.0	0.0
1.136	0.024065499999999997	0.00941592	0.015442820000000001	0.00896026	0.0	0.0	0.0	0.0	0.0
1.169	0.01001013	0.0036792	0.00625713	0.003530277	0.0	0.0	0.0	0.0	0.0
1.202	0.003472745999999999	0.0012039	0.0021144949999999997	0.0011663350000000001	0.0	0.0	0.0	0.0	0.0
1.236	0.0009947439999999999	0.000328068	0.000591805	0.00032078059999999994	0.0	0.0	0.0	0.0	0.0
1.269	0.00023348390000000008	7.397779999999999e-05	0.0001363187	7.290039999999998e-05	0.0	0.0	0.0	0.0	0.0
1.303	4.4662070000000005e-05	1.371946e-05	2.569596e-05	1.3607159999999996e-05	0.0	0.0	0.0	0.0	0.0
1.336	6.933415999999999e-06	2.081463e-06	3.9455619999999985e-06	2.074208e-06	0.0	0.0	0.0	0.0	0.0
1.369	8.707615000000001e-07	2.571366e-07	4.916849000000002e-07	2.570979e-07	0.0	0.0	0.0	0.0	0.0
1.403	8.830054e-08	2.5767260000000002e-08	4.957505e-08	2.5825579999999998e-08	0.0	0.0	0.0	0.0	0.0
1.436	7.218486000000001e-09	2.088541e-09	4.036037e-09	2.0968339999999997e-09	0.0	0.0	0.0	0.0	0.0
1.469	4.750329000000001e-10	1.366535e-10	2.648535e-10	1.373335e-10	0.0	0.0	0.0	0.0	0.0
1.503	2.5148670000000003e-11	7.204772e-12	1.399369e-11	7.245465000000001e-12	0.0	0.0	0.0	0.0	0.0
1.536	1.0702079000000003e-12	3.057222e-13	5.946360999999999e-13	3.0756470000000004e-13	0.0	0.0	0.0	0.0	0.0
1.569	3.6587177e-14	1.0441589999999999e-14	2.0319739999999998e-14	1.0505087000000002e-14	0.0	0.0	0.0	0.0	0.0
1.603	1.0122418000000001e-15	2.8729069999999995e-16	5.605995000000001e-16	2.8929129999999993e-16	0.0	0.0	0.0	0.0	0.0
1.636	2.2495970000000003e-17	6.384414e-18	1.2460339999999999e-17	6.428248e-18	0.0	0.0	0.0	0.0	0.0
1.669	0.0	0.0	0.0	0.0	0.0	0.0	0.0	0.0	0.0
1.703	0.0	0.0	0.0	0.0	0.0	0.0	0.0	0.0	0.0
1.736	0.0	0.0	0.0	0.0	0.0	0.0	0.0	0.0	0.0
1.769	0.0	0.0	0.0	0.0	0.0	0.0	0.0	0.0	0.0
1.803	0.0	0.0	0.0	0.0	0.0	0.0	0.0	0.0	0.0
1.836	0.0	0.0	0.0	0.0	0.0	0.0	0.0	0.0	0.0
1.869	0.0	0.0	0.0	0.0	0.0	0.0	0.0	0.0	0.0
1.903	0.0	0.0	0.0	0.0	0.0	0.0	0.0	0.0	0.0
1.936	0.0	0.0	0.0	0.0	0.0	0.0	0.0	0.0	0.0
1.969	0.0	0.0	0.0	0.0	0.0	0.0	0.0	0.0	0.0
2.003	0.0	0.0	0.0	0.0	0.0	0.0	0.0	0.0	0.0
2.036	0.0	0.0	0.0	0.0	0.0	0.0	0.0	0.0	0.0
2.069	0.0	0.0	0.0	0.0	0.0	0.0	0.0	0.0	0.0
2.103	0.0	0.0	0.0	0.0	0.0	0.0	0.0	0.0	0.0
2.136	0.0	0.0	0.0	0.0	0.0	0.0	0.0	0.0	0.0
2.169	0.0	0.0	0.0	0.0	0.0	0.0	0.0	0.0	0.0
2.203	0.0	0.0	0.0	0.0	0.0	0.0	0.0	0.0	0.0
2.236	0.0	0.0	0.0	0.0	0.0	0.0	0.0	0.0	0.0
2.270	0.0	0.0	0.0	0.0	0.0	0.0	0.0	0.0	0.0
2.303	0.0	0.0	0.0	0.0	0.0	0.0	0.0	0.0	0.0
2.336	0.0	0.0	0.0	0.0	0.0	0.0	0.0	0.0	0.0
2.370	0.0	0.0	0.0	0.0	0.0	0.0	0.0	0.0	0.0
2.403	0.0	0.0	0.0	0.0	0.0	0.0	0.0	0.0	0.0
2.436	0.0	0.0	0.0	0.0	0.0	0.0	0.0	0.0	0.0
2.470	0.0	0.0	0.0	0.0	0.0	0.0	0.0	0.0	0.0
2.503	0.0	0.0	0.0	0.0	0.0	0.0	0.0	0.0	0.0
2.536	0.0	0.0	0.0	0.0	0.0	0.0	0.0	0.0	0.0
