Molecule	PC1	PC2	PC3	PC4	PC5	PC6	PC7	PC8	PC9	PC10	PC11	PC12	PC13	PC14
1,1,1,2-Tetrachloroethane	-8.230722361690118	1.7343411962979014	26.458283355602525	16.7325760016374	-6.826533747249756	-4.80317623241904	-4.093922238886591	8.787717193861859	-2.066204744527738	0.28740674262904786	4.356955611355639	1.0369883117300922	-2.0154824199401746	5.505647998219359
1,1,1,3,3,3-Hexafluoro-2-propanol	-2.9313154972174056	-1.6625739553463836	-4.666951178729484	-4.232826819863961	-1.4304226806161124	1.3643662162707666	5.950452220796065	-1.8984785130083308	0.5729273124219566	-1.5888123570230996	-1.2614610254971192	1.5787751410491198	0.23689065198204648	1.6395720164288454
1,1,1-Trichloroethane	-5.897667771770919	1.2508470466347028	17.773811183402575	11.81982754571018	-0.16006052587099026	-7.039031221692826	-3.1312687063511455	8.649889187483465	-5.136871765978414	-4.900211366497514	1.3419635385594837	6.956862006261812	4.1531458613774515	12.24229380310256
1,1,1-Trifluoro-2-propanol	-2.893703075223814	-1.6646273297464118	-4.685632076433241	-4.244908548730137	-1.4054251866912992	1.3567355019400777	5.952631559878751	-1.9291263362675934	0.5467353290355403	-1.6011510161585853	-1.2912906364908874	1.6260780013397793	0.21762098516102013	1.6550949253069944
1,1,2-trichloro-1,2,2-trifluoroethane	-6.905447196560281	0.9097825445510727	22.410682250902234	15.454371226927355	-4.326178950656726	-4.241345251264444	-12.058613692538678	-2.5192059768595474	-1.2811019022319667	3.4095146255839217	-14.247982012038717	3.4869373932420644	-5.43780669725657	8.483802849998435
1,1,2-Trichloroethane	-8.212472100086012	-1.8678989674689745	18.308505050683447	12.34251355176699	-11.323215521438913	0.38448264511957536	-4.461100835112115	2.9407722496271975	0.39345787247311353	5.054829038159814	22.486934828374284	-4.909931095990631	5.086767727839254	-11.790306308850498
1,1,2-Trichlorotrifluoroethane	-7.517600508769852	-0.09790073726952739	21.343462484446437	14.169983755717254	-5.878108910856808	-3.673755410891476	-5.358798594024766	5.147137786868388	-2.776200227400644	-0.3798645852547488	4.48644248450258	3.0351681553362595	-0.39853194609714027	5.7812227799928655
1,1-Difluoroethane	-3.167540370404774	-1.417514258345808	-4.641367835321112	-3.534983940361945	-1.0812782758073791	0.1817279600297075	3.5671919920471775	-1.0373807024435593	0.36688763821283976	-0.7421906002665721	-1.486719168137457	0.36099960167968287	-0.5736061100919327	0.7185960225181272
1,1-Dimethylhydrazine	-2.534469417190567	-0.9543314448295699	-5.243871865201989	-2.470206522944357	0.5647960052152409	-2.5773398555278	-0.9883290283403777	0.21530039918126376	-1.0148635500468066	0.3849984985553003	-1.9349420402095932	-0.6571635735949868	-1.6312266325448392	-0.9091650722885259
1,2-dichlorobenzene	-2.7661142410068384	-0.12890389236106967	-0.351520895800423	0.9945035803053491	2.117941626509598	-5.59428039867842	-1.9026391621736383	4.629810211301226	-3.631651741917563	-2.4038386025265246	-2.24236991276445	2.5460319812891052	-1.8877035549735062	5.276449541229035
1,2-dichloroethene	-2.2971808443602595	-0.960732467475635	-6.006392845240836	-3.3793832647686624	1.2159101441400058	-2.4167450506900807	0.7645173439914629	0.19456568070408703	-1.179221141842798	-0.7474635216007749	-1.185517389015213	0.4647779937269249	0.6177012497598335	0.01647223477108571
1,2-ethanediamine	-3.3855808937312597	-0.7308441931051033	0.9889626671018411	0.9740562677586806	0.25084184775592133	-3.426432277824078	0.7666842562444823	4.33030219443416	-3.106185070906498	-3.3400605234676597	-0.6549965382172805	3.307546369287795	-3.2608108930959467	6.305755574146809
1,3-Butadiene	-1.7346820454804657	-0.8250403220904405	-6.530474286402887	-3.328839132851522	2.1009652901737446	-3.3348138012006094	-0.3465246575400356	0.28910664977434725	-1.8772013455076955	-0.7203229532828974	-1.491376463871643	0.7611156777957695	0.46287580543697665	-0.18334293063801643
1,4-dichlorobenzene	-2.7999653377930462	-1.2952566400422356	-3.8487893716549917	-1.9315782952811518	-1.0870521540172546	-0.8894179145059209	-1.306237781109218	-2.0265309338083783	-0.22774410017604574	1.3727658046242939	-4.184620033334288	-0.7818121873936248	-5.052377281589105	-1.227655916581628
1,4-dioxane	-2.692785703368053	-0.9949378128854611	-5.576118336605359	-3.129935304758083	0.6821901470551986	-2.1599556890480303	0.8349201978668234	0.4827007420133546	-0.8321741503644443	-0.49788426705912764	-0.7968127197100052	-0.08906281017943499	0.6356820706150949	-0.23314504450521115
1-2-3-hexanetriol	-5.458728515262723	-1.620717249834064	6.290873465071995	4.530694446935847	-5.260737461200297	0.22742201621906513	-4.079226836882365	-4.4166941344859705	1.3644332719319854	4.556223386862653	6.27740482365989	-2.2589438115712057	7.563844387663971	-7.6301366265378805
1-2-Benzenediol	-3.375866813205566	-1.4483500694119158	-2.2376805708828957	-0.10028127510342445	7.498844597798006	8.91172710767537	-17.066074892872802	-19.182648291303682	0.9830976641860942	-10.838225364472493	4.7442006291388505	0.36015559958419047	-3.5082134740694633	2.5726861504756084
1-2-butanediol	-4.571747783072775	-1.660607131793525	-1.396517058837447	-1.3891886204886463	-3.7005984418942495	0.5534709153999628	4.081473667104125	2.1613722622715676	0.7369713218399436	-0.04991170871920219	6.451770981630214	-1.811841402009738	1.8438727488958966	-2.174738051350339
1-2-Dimethoxyethane	-4.401069842232224	-1.8036847311164548	-0.6403932186381981	-1.134585557205817	-3.970672417821182	0.8058441048424608	4.701874003871863	2.120158957877053	0.27383058852312897	-0.6297314759890887	7.940111289349837	-1.0402973068802914	0.9871242518769936	-2.139871565065874
1-2-ethanediol	-4.272626213871858	-1.4950650010145676	-1.01041057393081	-0.5153962162532755	-3.0478199070716245	-0.8900461260143719	2.2427983741810538	3.397017158284214	-0.3956818715234986	-0.0011789560941328308	8.449872131466853	-1.9560299227447675	1.4770545741714058	-3.2381537644668996
1-2-heptanediol	-4.800096418859416	-1.7546866889755122	-1.6311143444390799	-1.9397300689537689	-4.05369848738926	1.4508679394390833	5.2175700571253465	1.4121855230482285	1.4186582189503099	-0.17788244478083817	5.04509943900879	-1.673928253828313	1.88009240275859	-1.3712509971701228
1-2-hexanediol	-4.681338920690262	-1.8750716462744181	-1.0770887505776519	-1.7453470517324807	-4.400484926113539	1.6997847665013488	5.719010097475917	1.3689978824319007	1.2085862407187038	-0.4069108294429821	6.295618243439873	-1.2834621241946782	1.5983997840697421	-1.5549701805939502
1-2-octanediol	-4.877789748630033	-1.8774670943344662	-1.4052450392631688	-2.099760804546096	-4.492814380064174	2.1014897533689334	6.071706044925094	0.9524845871539667	1.7035004658709985	-0.324912169582207	4.921633049019107	-1.4292328254642157	1.602838136934664	-1.058149077427999
1-2-pentanediol	-4.534908529200558	-1.7440791732631111	-1.0269064607510392	-1.3043241984663028	-3.9343453507790156	0.7822208175950367	4.503425238352884	2.081218729636406	0.6294498794751237	-0.27472100642376895	7.163722102286548	-1.5049639392345568	1.5393660557668776	-2.1748475217629
1-2-propanediol	-3.8251092107839604	-1.2233115836304533	0.07536924478513542	0.903987919596457	-1.4339126394738115	-2.9806959737696013	-0.14246112586093063	5.442030887512475	-2.7474528227621136	-1.4377380905748893	9.2299931135393	-0.5506889792726934	-1.2355513607467508	-2.08759730444315
1-3-butanediol	-3.840662252391057	-1.5413388960566623	-0.5418991000284131	0.6686841182658875	-3.2870435551061052	0.11802997591636252	-5.718877316714277	-5.173518413678028	0.8334992408824515	4.53743894760156	-5.773515398450741	-2.571412857796909	-6.197597483214871	-4.608360323224152
1-4-Benzenediol	-2.1309629302556528	-0.7664090605759984	-6.14382416672264	-2.8273759818077915	1.8361391321399763	-3.54947370393804	-1.1821014721204852	0.8882891933067031	-1.7021212321750598	-0.2726591139975107	-0.9621020599395405	-0.14216548905880472	0.4184265824515935	-0.7727153006770523
1-4-butanediol	-3.8123747081264665	-1.2272890543525639	-0.24043034314823405	0.7803463189232286	-1.593319419011114	-2.9895694637555814	-0.27340640674011824	5.309889586917729	-2.4923212221812228	-0.905160935645037	9.8379965967004	-1.146463312490392	-0.4680595734503719	-3.083490848705755
1-bromo-1,2,2,2-tetrafluoroethane	-3.7658745520918018	-1.6067228007949206	-1.26425180104836	-1.015031860857407	-2.7612378519108813	-0.43925732399581285	3.176927987590735	2.3939105979159683	-0.6710244689481104	-0.7002446025969876	7.438495738988884	-0.6641170751635946	0.6116518187581359	-2.2534160306357025
1-bromo-1-chloro-2,2,2-trifluoroethane	-6.848797832323324	-2.551984476905293	7.510275723590933	3.9694530541917854	-9.941090462819485	6.181266781335791	-3.449348394970427	-11.525716355510083	5.5186595302547055	7.695933691869935	-5.460612270452854	-3.7754155185118785	-1.998455197294749	-6.689409778132213
1-bromo-2-chloroethane	-6.409764133338331	2.0528519809534846	15.992802874079327	8.040456827783082	-1.7104614739615651	-2.1337706985126093	2.4782162648214427	-2.4287666712774625	2.5163908095532332	0.242167255991554	-5.121328851409881	3.8902478664326647	20.73064556228892	6.414049209217181
1-Bromobutane	-5.118334415748284	-1.9118963944267389	-3.062390842387905	-4.108158166781668	-4.006692381294179	3.580931064144765	8.367196534383034	-1.3673546480255527	2.816837325375914	-1.3446262836617184	0.02614451650442031	-0.22320269845807086	1.0614253691098985	1.821066379955245
1-bromopentane	-4.941955552977667	-1.9493112085201252	-2.8314748998822226	-3.8720252148280805	-4.11224534543862	3.508828804911475	8.261679243529494	-1.2079196795272027	2.630640757583618	-1.2410935197036734	0.6222491873356214	-0.199384818993631	1.1365880058631141	1.4824007946117066
1-bromopropane	-4.265019052638525	-1.43439770089864	-3.0509082921815605	-2.2597775251258874	-2.4116563968055447	0.05515004249940183	3.399068970726762	1.4503737374515357	0.7787555684953205	-0.08878439350267849	2.9451830580857625	-1.5705469285242941	1.8546951443063842	-1.1289376768765997
1-butene	-1.8027851822315388	-0.7683283069640556	-6.548009871830241	-3.199600702661077	2.2018620879014645	-3.602567868520063	-0.7636721805184136	0.5774563832348905	-1.9308755420879031	-0.5956378665920469	-1.354705659379974	0.5063358067901671	0.575243942099907	-0.3835331150547781
1-chloro-2,2,2-trifluoroethane	-4.909624272292423	-2.3188353925424954	-1.552810523177443	-3.499928958067745	-5.560052136617755	4.814677654983301	10.009040881317238	-1.4447275769180172	2.8990955362424478	-1.2789330849178333	2.487925826203938	0.11876906146472498	1.2122579041699149	1.1287036809780362
1-chloro-2,2,2-trifluoroethyl_difluoromethyl_ether	-5.35488718973317	-2.148433632185241	4.5028587450937385	3.40511905474609	-7.2394183759938935	1.7858825768021473	-4.0366128979005715	-2.9798757449371553	1.2666058858121936	4.913953017758783	3.3910203210076904	-3.937680087992027	-5.607856663540796	-7.489386564807906
1-chloropentane	-6.855840868385056	-2.6965030275978097	4.133459462717197	1.761526483164991	-11.088043899276576	6.659309250085224	-0.8772852427672111	-6.117858009319926	5.2921224192879235	6.446345363765548	-7.773570846590819	-5.980003090638881	-17.017878215997698	-3.8327926886416663
1-chloropropane	-5.02142507488424	-1.8833302234616498	-2.4552979781158295	-3.266807458709047	-4.180622339656755	2.9354421244977615	7.331429259833788	-0.31323016288640876	2.4018488603326023	-0.8288177278536623	1.861994570236594	-0.8497074595071912	1.5142940525546285	0.5970657886108474
1-hexene	-1.8354316462930913	-0.7700697941031398	-6.51493592948848	-3.1762386367270414	2.16256720881951	-3.589404676094782	-0.7624333477693986	0.6178269529189657	-1.9062619126591236	-0.575244675878521	-1.3081899389012057	0.4556207377464113	0.6031918193120145	-0.4115647541333117
1-hexyne	-4.208387673763429	-1.6831106162406202	-3.849335128065675	-3.9186829931645697	-2.584094028901895	1.999687442152191	6.403816649935579	-1.0592999754166261	1.6439829018590688	-1.2233282959336216	-0.2782309694371428	0.14534995561126757	0.8814952128839766	1.3396948889602556
1-methylthymine	-3.213384304959149	-0.014307853129298574	2.1379436944693118	2.661828552526574	1.7713765516462217	-6.0857823075101845	-2.266772654575751	6.227126662273054	-4.269145133512246	-3.1162473151632866	-1.9487002638536775	3.235132066690227	-3.1916498400987092	7.227973409676604
1-nitrobutane	-5.423202869644864	-2.2956905388288122	6.877298345879196	4.332873660859526	-6.990824350699711	2.235677344408399	-2.6671215692083705	-3.0745376188767857	0.1996968904698095	2.5382761614449456	3.587189919555216	-0.9262189674148132	-6.050466251718177	-4.320837944662969
1-nitropropane	-5.3309609964710845	-2.0142093060653115	6.508157724262828	4.673361111095528	-6.136221760069125	0.9007746298571587	-4.271231021485237	-1.2980071254699275	-0.6321708387461964	2.2896951200884663	2.1820841640229376	-1.1294340810431542	-8.69426697096055	-3.2162845027526843
1-pentene	-1.729170234827719	-0.6442806578823933	-6.690454640966731	-2.9379800319477427	2.5956925762150282	-4.303010681378188	-1.7687508127560874	1.1000380454469783	-2.239568689284123	-0.365815445314229	-1.1445416377747624	0.17345068248488815	0.7312713990677766	-0.8164994711985669
1-pentyne	-3.9060533814117386	-1.3839460652367386	-4.154255193383685	-3.1998066260293863	-1.5795735775184578	0.18533079580494408	3.8311883469473864	0.2605216336274516	0.7554471955133378	-0.637605535913973	0.4555889562417578	-0.6036315561096675	1.257279351725928	0.1508860661541527
1-propanethiol	-1.9224761670642256	-0.7399432768580007	-6.471714027740491	-3.0659048034596292	2.160442863230677	-3.7233912225064474	-0.9972813887867747	0.841234124697971	-1.9021291593742213	-0.4746264505340279	-1.1442054521904137	0.23675017826128372	0.7080654865455591	-0.5696651079672507
2,2,2-trifluoroethanol	-0.08085681200689045	-0.24156307470422506	-8.236836380241646	-2.6244302169874736	6.176166240385704	-5.61264647226532	-6.878744502725168	0.8048871745281377	-4.456766960885349	-1.7311592978935468	-1.1379335501510968	0.9916054087674923	0.28945965135370055	-1.145026873976346
2,2,3-Trichlorobiphenyl	-5.216530370048188	-1.887498512882671	4.355453650117732	3.124849627873542	-5.896299566347058	0.4698323581764681	-1.0129565749490999	2.469616143572761	-0.5632201707733057	1.1512102674971336	4.989108770451499	-1.9884333686520403	-7.966028657466354	-2.2838123763747142
2,2,4-trimethylpentane	-6.987523854294675	-0.6440386832543039	19.293796477881536	14.2007642748587	-6.101624502287897	-2.841060425011964	-13.0918399650111	-3.7418685272359657	-0.9880935077341176	5.569511654345833	0.8403848783792042	0.1330586871455698	2.6316144060262854	-3.039792095358724
2,2-dichlorobiphenyl	-4.0055260020454435	-0.5344624860306887	4.754857147187052	3.9289847556250743	-1.488124022746514	-4.162092287884245	-1.5659596880708038	5.88292997730577	-3.2863114895477508	-1.6157077246893	3.154714254634157	1.245602888808545	-5.152323146038699	3.1065303983047303
2,2-dichloroethenyl_dimethyl_phosphate	-4.2674026601494575	-1.399383306680735	3.9352776125935907	3.0940931037350383	-3.8777975395266404	0.9339709543089608	-6.5511584689416615	-10.352209195618462	2.4214458425429606	6.214726467433567	-7.4448954148555115	-1.253060783141918	2.015786836946675	-4.981698108863705
2,2-dimethylpropane	-8.5273853001824	-3.1129876657974545	1.3615330979367002	-4.000413154808266	-11.118555447592431	10.831931709425636	15.49373168846881	-3.9150556399722407	7.801672806701181	-0.6841511693112811	-0.3233845203028485	-2.031710920579719	-2.2717938776989604	3.1633748781523705
2,3-dichlorobiphenyl	-3.8866584130154846	0.388079367914986	5.157830588350669	3.732369498098691	-0.5084522241971393	-4.509613663120182	-1.0725989656776755	4.324927279200809	-2.203459822354669	-0.8521862496170753	1.5467985739138812	0.9136264597225627	0.36583600076308886	1.9797937841920532
2,4,5-Trichlorophenol	-3.2634410380916536	-0.8128148376646868	0.0419390237639237	0.43319661749250093	-0.13819654972755543	-1.525864266207727	-2.7725330104796195	-5.969862710385845	0.6336976619358817	2.420662604956032	-3.3552135169956805	0.8181598114461881	8.666394744927768	-2.2272725334728647
2,4,5-Trichlorophenoxyacetic_acid	96.62539552005386	-19.573931418325316	10.988901951040784	-4.860399244049918	-2.1199338320562475	0.9724590584232691	-1.088604283229383	4.657716796039724	25.2517062330537	-1.9255023151374138	1.7679125280696915	17.322732690001335	-2.0878095568821426	-1.9706177305603951
2,4-dichlorophenyl_thiophosphate	19.454332663685577	133.3590278977343	20.690575278503598	-38.11625682598419	-11.842114771533527	5.022343039300822	-0.992517829678085	-3.8420400581091014	-3.766308852829012	1.8112353370340881	2.5066235722576544	6.040276876883218	-1.4268681595258055	-1.0609888988039018
2,4-dimethylpentane	-5.831116251482178	0.10485047734042205	14.452588216142827	10.16449449139399	-3.792684039750695	-3.8459246818154607	-6.466415328428087	4.49521150246189	-3.1458799419653247	-0.3995042092594278	-6.483153480578492	2.4039508168450587	-13.632315950066907	8.046984517782878
2,4-dimethylpyridine	-4.191569159780448	-1.0392164523049625	3.1592545484976884	2.708054494044237	-2.523657511135604	-1.65276715217648	-3.253716441587071	0.48203034840033626	-1.3409806376683553	0.5506013966198879	-5.08057340081337	0.651963913175395	-8.758140753495958	2.9619959066813437
2,5-dimethylpyridine	-3.466670211078577	-1.1785292925199213	-1.9425823445210806	-0.48932931834470594	-1.0279402306827272	-2.6473749524273953	0.1859492866041769	3.719089006197621	-1.8595592170368551	-0.6191075103071563	6.91869521595374	-0.9807577102294295	0.1868237695061109	-2.552296458595566
2,6-dichlorobenzonitrile	-2.9121713511256297	-0.9256069877909364	-2.0765417485044653	0.12274176256140334	0.2871886478043912	-4.319297479880268	-1.8922069873952057	4.724683364583775	-3.188697249624131	-0.8576788482842209	6.99864237257223	-0.5875214499391475	-0.5316681962364895	-2.5705059942895803
2,6-dichlorothiobenzamide	-4.105503035172046	0.7164185124014112	6.35643473453451	3.491958517836113	39.32419262505835	18.582003954386202	-8.32109489364127	-26.832832866057753	5.579247639135345	-0.31960050819570124	13.690144928105477	2.4792226482032604	0.6272250530236472	6.443832050034816
2,6-dimethylpyridine	-3.5917269302321597	-1.275481352757667	-2.2873984130622507	-1.0153892533927302	-1.5128297412117393	-1.8804623338169728	1.13304575500348	2.9402109857057095	-1.103513558697113	-0.30872158064801425	6.301113614689932	-1.2066136128601561	0.8978325531241909	-2.5502997266966947
2-3-4-Trihydroxybenz	-7.412368847259665	-3.2460808686827463	2.963571615408842	-2.2440622395244514	1.2792636018822783	47.85068110150355	-10.779438273535394	25.462315975848988	-4.871729870418962	-22.002269289054937	-2.5647978844235726	0.6743146381267615	5.893855382985771	-1.9213144115485812
2-3-butanediol	-4.040641885321132	-1.3911225183209774	-0.5716017579271796	0.12273381058564636	-2.437894839930678	-1.8606163389585435	1.112777323058043	4.28734541946909	-1.4227443121916659	-0.42283880279737834	9.591928727992599	-1.587303770416302	0.5555985377879319	-3.421259513356119
2-bromopropane	-5.2560440840414095	-2.1644001994154127	-2.7787892674267725	-4.6411094263751504	-4.797843962840225	4.9999750154707945	10.404443525586546	-2.4342451535642513	3.435490808727686	-1.813176457386034	-0.4111247487202748	0.46363538890979716	0.7392848699390396	2.7011463714563515
2-butanone	-2.7258247383710774	-1.0721473530760162	-5.570843001947205	-3.3976708923221848	0.5016329051850656	-1.6926298070947934	1.6418150113063628	0.13260217663985763	-0.6438154631375409	-0.75905458889019	-0.8956470957287129	0.2339300645387197	0.7491605794122362	0.14653680499518618
2-chlorobutane	-5.384158491510043	-2.150133666479196	-2.4036912720101307	-4.184613007019266	-5.031886738650251	4.773227957553564	9.93859749001632	-1.7894307562722458	3.390621184459642	-1.4870844704790678	0.49459546759388046	-0.07257896563357077	1.0809669551569028	2.0692881559524943
2-chloropentane	-5.428551117508596	-2.1891849214930184	-0.32781885985292347	-1.7560361669094762	-6.43226577893639	4.138766930818537	5.499775219333371	-1.7782799744420474	3.172495643028481	1.1513877242413744	-0.12194126664835317	-2.2054335188435163	-4.040361500357166	-0.6830679459609884
2-chloropropane	-5.333883265985255	-1.891253833760051	-2.841448734075568	-3.865046285034611	-4.191473126107958	3.4893474442525863	8.116114075839903	-0.9439355360968775	2.9100386719632634	-1.1417742182316408	0.4917443796003672	-0.6687432275173988	1.2985499402967866	1.4946386717535047
2-Chlorotoluene	-2.619479255024099	-0.1180906885074824	-0.8122906410698613	0.8356446289314776	2.3408775355038367	-5.790799983845502	-2.2631740464959966	4.560779686335341	-3.714791782010519	-2.2365808568305003	-2.1540774236897806	2.3772424315890763	-1.7394168328299235	4.8076349320396785
2-Ethylphenol	-2.937001990331079	-0.49090922361902645	-0.26616897424248714	0.03566254639869085	0.7015316216569545	-2.1060539898123833	-1.4345134951254876	-4.632426102260056	0.18723690814888114	1.316987873618556	-3.4408415150380645	1.6098912870393498	9.227518418282658	-0.6345963968370986
2-ethylpyrazine	-4.364275493457971	-2.1864378521818773	-2.7516287043376604	-2.0380667271094848	9.807401288138532	26.10444475383907	-22.28090195035331	-18.122681595371425	0.800725953753079	-26.76238152728645	6.539563260417566	0.7928465204748048	-7.838443072035187	7.1369091701620775
2-heptanone	-2.7560459003986137	-1.1138405801104105	-5.519640929616538	-3.484589152406693	0.3644808095613674	-1.4549470413041188	1.9821189421220389	-0.04034223198549149	-0.5358943392570252	-0.8350879093041802	-0.9611171734809584	0.3407354991312474	0.6991556661682667	0.29156689732300267
2-hexanone	-2.7851527765538306	-1.1685883017852607	-5.4537228447667525	-3.5906001418713394	0.18931740977571704	-1.15052730384857	2.416498032177358	-0.26141625969298343	-0.4061925692592239	-0.9303942706022353	-1.0474737211402425	0.4822448861769348	0.6358859758851563	0.4716317976301517
2-Hydroxy-1-naphthaldehyde	-5.938208176487604	3.131958488953224	13.840118358983014	4.404116758739214	23.875123524100566	4.3687580118573255	18.952151229591234	-7.606933713114988	8.600143746962505	-0.3188570648173833	-2.436928665625908	-6.327003221304624	4.245826689919953	-12.663097252773307
cyclopentanol	-2.776378781126936	-1.1191181742326965	-5.496976488638177	-3.4808320897806335	0.3296894573347555	-1.4228917396120617	2.0175648542307223	-0.03642020008721281	-0.510867581486879	-0.8312714623446992	-0.9471331296654076	0.3238843601079007	0.7095319397818163	0.2919808871873182
cyclopentanone	-2.8443931640738964	-1.3980924999591162	-5.13742510442361	-3.957799188599564	-0.5298499956291488	0.04366141202166899	4.11911664078922	-1.1078901351919714	0.06227715477155871	-1.283317314751043	-1.2577466372996253	1.0616293607914464	0.4026100766294619	1.1054959715401416
cyclopentene	-1.9236328302851984	-0.726340046184233	-6.484440010874344	-3.0388468213829594	2.197376722886016	-3.794907232140505	-1.1012454636364077	0.9003304135418692	-1.9266044542748544	-0.4490227834189417	-1.1215628763363539	0.19305809046068967	0.7275119945385053	-0.6139153691739332
cyclopropane	-4.6297571457338025	-1.6572393035349622	-3.6129745863212324	-3.740274662390486	-2.8766361243687286	2.03706433331767	6.295913008696013	-0.6323676971446808	1.9341673293772055	-1.0328059770243723	0.08249561597823347	-0.4418700074246487	1.1499495308337233	1.1265189595415828
Cysteamine	-3.0742217949799637	-1.0442935834989868	-0.7092551502186637	0.4408897616507499	0.0647408366052376	-3.569732101417088	-0.47644117037214434	4.687028667660367	-3.472506615227113	-2.363997575633342	5.107172201475077	1.323454199414579	-2.5080858281749063	0.7922643983115577
dibromomethane	-6.803328427680616	0.8055422540469114	12.813037382768933	5.864380979968854	-2.7961635585048996	-1.4593588689437398	6.395559331030535	5.531145015707518	-0.22343526240707792	-4.939496188085043	-4.231918437797179	5.12173959291159	2.132561076441273	13.87585306640973
dichloromethane	-6.098387693762865	0.4407311095257303	14.57778301710744	9.822365706264613	-3.1099885380205343	-2.76329332490166	-7.190115860484747	-6.238408935592461	1.6321266407516641	5.40422950826146	2.749230129182855	0.02891568725651678	20.86846339581336	-5.39218964809286
diethylamine	-2.472909908226925	-1.0278319337801944	-5.822780422648915	-3.447953690592771	0.8718611364960838	-1.9974256807919002	1.307088770359796	0.05302700199901863	-0.9149933281113092	-0.8048256347560144	-1.140569327387353	0.4544720566533668	0.6289813073323862	0.16604360045246416
diethyl_disulfide	-2.809211642465263	-0.6602989564750438	-5.017659826151111	-3.8923800362972343	29.912881588228036	17.861419085603302	2.1621827375908835	4.592432222789693	-1.332522127635076	40.53614118082571	9.889823455578782	8.275325591510141	-3.5749632842594234	15.751673550848254
Diethyl_Ether	-2.851173482254908	-1.432826246898062	-5.092121519446538	-4.0177662012925	-0.6375959533209479	0.22809898962060432	4.383225686393919	-1.2428084385452727	0.13285224062205092	-1.3416727739966638	-1.290163251024224	1.1555854869253217	0.36239573256464697	1.2057269366458192
diethyl_sulfide	-2.0637664455464395	-0.8633074716243011	-6.275554684338123	-3.289080835148751	1.7037515163304346	-3.008396352176661	-0.0013030734454235178	0.3943718813657195	-1.5450565338424278	-0.668488299280488	-1.2723173016984552	0.4704825125990804	0.6019666027372481	-0.183331554536149
difluorodichloromethane	10.170951820999731	-1.8298461982456957	-6.6472128505840615	-1.1716916297878583	5.6105027681166515	-7.831702943960738	-6.556730488613857	2.233711505681802	-5.373926046265081	-0.04267115423633979	-1.6592428323716488	1.3324330905941155	0.1143807694525056	-1.595735161607181
dimethylamine	-2.4526218799831114	-1.0444848036017422	-5.8222847115294885	-3.4933389920820015	0.8454617242033565	-1.9161983211668383	1.4360098260614458	-0.04020111707350058	-0.8962591622554518	-0.8462876854786069	-1.191578878355643	0.5358459936259461	0.5908712160908844	0.2344526430461994
Dimethyl_3-methyl-4-nitrophenol_thiophosphate	-4.450209005389126	12.393665704026658	30.667884767780233	14.152519019739177	41.95345017777156	-8.762870353826827	20.673368915845483	6.821347673308159	2.4879011866549443	-12.98673968388139	-8.536914528328538	-7.304262751582582	-4.885259940672878	-14.582804551562532
dimethyl_disulfide	-2.5712995289213865	0.0559608516532049	-3.2998792055641872	-2.0398354841594553	29.929159032387425	9.03899450076962	3.8513096369973105	-0.8061176889254994	0.21349743625168474	28.31285621920878	9.758012082847518	4.676704218112909	-4.28301980692405	9.886755050782277
dimethyl_ether	-2.888191634657854	-1.4568934587825864	-5.037568707090892	-4.044706686164471	-0.7404439571657931	0.36365418924304305	4.565619428527243	-1.3050924328287155	0.20648017491924409	-1.366161135941729	-1.2843903497240265	1.1773356909968162	0.3569950643223177	1.259922130726545
dimethyl_sulfide	-2.087791025623039	-0.862074705732982	-6.2665017105606005	-3.285986304830689	1.688573605415629	-3.000912126950226	0.0024471590261781256	0.40860485069715385	-1.5260300403200664	-0.6630916651256745	-1.2628730664964356	0.44424441323236774	0.6121304768236695	-0.18523992781538753
dipropylamine	-2.5145751114579333	-1.0682654965444507	-5.762409991786526	-3.5267226339459152	0.7274222968791461	-1.7626613704397578	1.6380613595201916	-0.1036639706587376	-0.8003940106775486	-0.8740132298184895	-1.185253670284732	0.5420045616042809	0.5873344372779092	0.29945338233299457
dipropyl_sulfide	-2.009741188158309	-0.7499544742778056	-6.3968416666188785	-3.0466706471112386	2.051686833019316	-3.64185384333704	-0.9150096606611103	0.8804278331794807	-1.8158972744143367	-0.4548345530998056	-1.06750911029708	0.1514960944985735	0.750906091035118	-0.5820475307288822
ethane	-6.772914525287901	-2.0134013205903014	3.76467373047274	0.3223860052343378	-6.553264559074528	5.188580788400919	3.6160634870506367	-8.44522879138123	5.325848616095975	2.985833275801403	-2.0738920544225268	-1.0394611226601544	8.314691073618611	-1.9047051053684725
ethanethiol	-1.8731594387168649	-0.6766621081612767	-6.544615745783403	-2.928327560177814	2.3685253628063925	-4.090137311985797	-1.5212817585810137	1.1095088518893028	-2.069611768602846	-0.3555659064692841	-1.0298827752120137	0.07309289628982991	0.7870873698699784	-0.7983629908805737
ethene	-1.6245158838657234	-0.6622427577747341	-6.779079151297972	-3.059627403333253	2.6593827010432696	-4.225266014143311	-1.6009390765211449	0.8772914246764304	-2.2724935135253927	-0.47045827552998115	-1.3565453086810966	0.4030788139483816	0.6130608890978331	-0.650801494010529
ethylamine	-2.419390888246799	-0.9950372125687669	-5.897150016125615	-3.4128814964063667	1.015839881252066	-2.1862059574464907	1.0562964337993705	0.1363087454177556	-1.0148488506881448	-0.771573329512889	-1.1491226054357067	0.42812307543619443	0.6355166142835796	0.09339421146677673
ethylbenzene	-2.663822627868883	-1.1077728073120772	-2.722995055683754	-0.9087522515152147	0.06776658524273571	-3.1262925890020616	-0.12035765611611798	3.0449496849089863	-2.5830441830468613	-1.1515308896285217	5.285445392282546	0.24541530547277446	-0.5638089845411998	-1.640719692009735
ethyl_acetate	-3.8818634009880557	-1.5547431048714946	-0.470937071299796	0.647603788253039	-3.2926706875263525	0.20188379406839163	-5.534189952240749	-5.334957804158117	0.9081147104785476	4.485757314436864	-5.58843573131594	-2.468460115524016	-5.54920188244648	-4.608152958707123
ethyl_formate	-3.8383334929614517	-1.3494636406655118	0.2539621367755708	1.409794897555745	-2.304921114903008	-0.7632045740388472	-6.85203700993066	-6.543405435002684	0.8229230996937202	4.90286940913384	-4.391996905800636	-1.9851794304197126	0.5424692540643766	-5.627984805875022
ethyl_peroxide	-2.7965081319907563	-1.0510572843598927	-5.507101636453863	-3.2775366893755886	0.4798823714631026	-1.8044344205096423	1.4339905992108617	0.34616969350396787	-0.6465028794671873	-0.6594797572147435	-0.7029158560498014	0.03242637564956905	0.8516772734674672	-0.02501003166290162
ethyl_phenyl_ether	-3.8688898583611575	2.081229555688823	9.189417234593588	5.870722486951115	2.9863698051075755	-6.363643442452231	-2.6950453182732024	-0.6310805785222783	-1.1650772155004296	-0.6287590969602679	-8.457198443506668	4.6989087315617315	13.536575216733866	7.136307295949563
Ethyl_trifluorovinyl_ether	34.14710367202262	17.816424275862943	-13.763023502697981	13.395183822228361	3.2473494458611927	-3.112217536850383	-4.0473295483584195	0.8978672178104835	-11.136821415287212	1.280162864014055	-1.7568969109491612	-16.333408264183802	1.9036424833978312	0.3915389283997166
ethyne	-3.9150055348911925	-1.4187607775831736	-4.397762836373489	-3.6125890375038696	-1.5390904098099418	0.5582805526425187	4.441153636108007	-0.31357044170328996	0.9414937706614691	-0.9211125738290001	-0.3310701157201379	-0.21336022539344388	0.9999591701548993	0.7508104459011576
Fenuron	-4.254676461920621	-0.12763503064918433	6.588290037714862	5.319512540415359	-2.181875368044475	-1.7082909926323262	-9.13211221893071	-8.6309400976134	1.5854025780623684	6.393001980518544	-9.6067773792241	-0.949221710740798	4.430059301760206	-3.7547655227835457
fluorobenzene	-2.693417835086745	-0.4093918608241549	-0.46653740076438954	0.07089965885698815	1.312578590325111	-3.8552004999435	0.6017292696306401	2.9226219750005678	-2.7949548381375893	-2.729999912382733	-2.929192456490189	3.2682876700570933	-1.7821744537455102	5.797484375142283
fluoromethane	27.998057700639297	-3.9940926637206653	2.273901387477024	-11.508138335822693	3.83167635231914	-7.100137996721822	-8.009473056481152	8.237183508508163	20.987634874458706	-1.2213120429353121	1.1200055106451863	-16.804562709237164	1.494908761048403	11.15910395410454
fluorotrichloromethane	12.004576568166195	-2.063493266393145	-6.089943445860724	-3.682443238633191	5.900880046543574	-8.209125698089803	-7.376510744524296	2.291038320817018	-5.985000801445376	0.3623060117410756	-1.7778173908624135	-2.866667352789566	0.8675166132004427	-0.8241664266155156
hexachloroethane	-8.08094610800641	-1.0972762358132249	18.1054015061325	11.099582465489428	-10.646472703381617	0.7025311744835544	-1.3338171584273777	4.825702942192302	0.22200773335405002	2.2792027849655576	8.842615305203546	-2.281586921760678	-7.388824067859938	-1.0012625970735107
hexafluoroethane	7.242001912760487	7.217466629684818	-5.508194123501168	-7.240554409520044	8.392254021585751	-5.44147086413947	-10.960230790696723	3.8307154361116313	-5.357784438391449	0.2406931648490637	-1.0436130136995565	-6.97447208962853	0.9788263537804313	-0.7759228511755122
hydrazine	29.77760595916643	52.18413032051473	-58.041975636523844	78.92051305983519	-2.5814230021989353	5.169056780754772	1.6774150837515245	6.021562889216872	22.846406229617582	-1.4959830106446022	0.745952398108904	-0.1383174691541339	-0.04433799590084777	2.3942303421599758
hydrogen	-2.519503113168533	-0.9860165090517524	-5.868468192871888	-3.394500268109986	0.9668498908893886	-2.176540461919587	1.0388578901473158	0.21168507298173675	-0.9444177296168932	-0.7416982922381214	-1.1184701409848425	0.30707559444215055	0.6825817722350593	0.075768958749412
hydrogen_peroxide	20.255255874846664	-6.777385272025978	-2.329299066840736	-9.10481191081756	5.548866223784416	-10.30519466699878	-11.549142943727091	8.650318436116802	20.12851375802525	-1.2781392631263522	-0.9919344468775588	35.79159678614085	-3.5822004402141427	-18.822482973577582
hydrogen_sulfide	-1.862144950375592	-0.767423225335002	-6.514000315265152	-3.18209530880653	2.154632083957774	-3.5835822650100027	-0.7580642536952344	0.625114400413352	-1.8838417248778139	-0.5746260681587197	-1.3141609469334175	0.4328947653084825	0.6085292176955275	-0.40262389927264725
isopropanol	-2.8879407710605007	-1.3573587284279955	-5.173376286477576	-3.895521593221068	-0.441199515747308	-0.1353987158073034	3.846690908877455	-0.9410136811374478	0.027917656511838376	-1.2175081422303877	-1.2058560370669926	0.910914235914326	0.4586231178386795	0.999347021510634
isopropyl_ether	-2.880232972224335	-1.2881952163189443	-5.242321060632723	-3.7582301852979425	-0.2500464475788693	-0.4976753232164375	3.2775597737013245	-0.6945791091635488	-0.09910922197029307	-1.0707823584693095	-1.1845809826222697	0.6972715921797434	0.4293367802699865	0.7870174423506865
m-cresol	-2.7299206890501653	-0.5248343846827992	-1.4944040047838034	0.5465540363767777	1.3108965960654455	-3.717964599087697	-5.521665815527263	-3.9389066311259113	-0.6650965754846626	2.7083088676202673	-2.7225518791094205	-0.07862701905708495	7.377124660513088	-3.3220014064969834
m-hydroxybenzaldehyde	-6.47322311305947	-3.1103781199658633	0.05005406658009529	-2.9082596375603886	3.6703663855523816	51.2800854480942	-13.50923099322656	35.01998550806985	-5.319597153306529	12.482746206783851	-16.73500741475353	-2.479961026330402	6.56474174355669	-11.479667802544562
m-Phenylenediamine	-2.765706757246409	1.0309622334730932	1.3277558450950828	0.934452862979824	2.9360672532001195	-5.231505090007459	-0.05783460843212833	1.8269978969868899	-1.9488443834083462	-1.9391673783186776	-5.632911593088878	3.0833459890047497	4.537819231822671	5.342360458437633
m-xylene	-2.622974259617654	-0.8469450733736741	-2.1203769375220216	-0.11521534960663286	1.083448033486102	-4.328079514592385	-1.5128368139208188	4.213635796723677	-3.568400466450606	-1.9292892686064789	3.4535656915604993	1.1469536744224544	-1.9260420220107821	0.5579294679230902
methane	-8.233115844050646	-2.8936554954088214	0.1506844578973608	-4.735469317970854	-9.596255138200334	9.824684177835447	16.18944461390687	-2.7472645536039884	7.087888501413613	-1.8490909398877917	1.5476965441460726	-1.237404519675803	1.6729585014355306	3.531236484112037
methanethiol	-2.0298538352983946	-0.8750491697470759	-6.292251618120504	-3.3305110251996752	1.702937464512945	-2.9550003655218235	0.09243109980293902	0.3071794397276112	-1.548414728420247	-0.7073427448933687	-1.3357542999266354	0.5561154711958982	0.5613000884479763	-0.12170794066829942
Methenamine	-8.746499777952238	-3.6788521391420637	1.1928982365255298	-6.222187149485753	-12.19958905042606	14.201648623238079	22.41225091064062	-5.817404937316151	9.033534582271823	-3.178743229407971	0.5146188001584044	0.6692812294044951	0.8219064821621761	6.0459153731048705
methylamine	-2.2664131784950383	-0.8162232384705164	-6.119606460302746	-3.035011638882255	1.6178740338177073	-3.222490356946096	-0.41701253113914166	0.8730030185282365	-1.5018496783496136	-0.44626198912013604	-0.8524991887103438	-0.00849197560857311	0.8443149476494183	-0.5369377151363369
methylcyclohexane	-6.776362778808939	-0.7244898362255112	10.721597495549887	5.292689664671874	-7.229201354388261	2.0862754855164067	2.211126079676219	0.09386990467855197	2.1375444353193274	1.0046891684371375	-5.564530198211492	-0.07481990440576922	-7.244523671089172	5.1004291539170925
methylhydrazine	-2.5342738679281753	-1.1066731626517492	-5.697707609219745	-3.5791284303124926	0.5952645898996417	-1.5628503776930105	1.91931597531591	-0.22822356151111436	-0.7137757807150708	-0.924020598484831	-1.2033156035764503	0.6202703239087617	0.5597213810930448	0.39433218604355547
methyl_3-methyl-4-thiomethoxyphenyl_thiophosphate	-4.969704940573635	9.212789852785276	29.156051172652546	13.500945167106606	39.97814204710997	-4.9172466311959635	22.65077886866549	4.7518306654224265	3.1414416818295505	-10.318558345839635	-5.894782207632159	-4.4045555316476195	-6.923987228194125	-8.96309811950468
methyl_acetate	-3.7118690005969475	-1.5430636371846431	-1.7467586462474456	-0.525275901313249	-3.2064538576062676	0.3738140995014822	-3.009421044734254	-3.3503953812317766	0.8222872698938095	3.216651145713795	-5.521533981095146	-2.3202987356812628	-8.031651799258936	-2.7039259729356964
methyl_benzoate	-5.0554871546629006	-1.7792063204722504	6.219112018573073	4.265641072687851	-5.632314854732438	-0.27520056925487824	-0.6995667527372363	3.9030331226565593	-1.7798316260132179	-0.31152497054274536	4.950934965383079	-0.23043117347491668	-10.425802727964086	0.6072376451010595
methyl_butanoate	84.69229966901298	-7.997677160420781	15.723303409042014	-18.988239085621714	-0.8072785810520026	-2.074689911553173	-5.685108664307351	5.840192117419181	18.76754664159104	-0.20785038457919133	1.6325939075939409	-16.001315695307845	0.7014735120447005	8.643854970218955
methyl_formate	-4.062699081989923	-1.5021059338983076	1.2673167095610935	1.0487502964227275	-2.745545779922197	0.7091350876830446	-3.892234137853883	-8.48813740380163	1.8023342936583175	4.161270518512314	-4.242860663825305	-0.483910906170353	4.712129679636017	-4.304317933135274
methyl_hexanoate	-3.8945943364978612	-1.765925392317783	-1.1889905497458655	-0.6560933805416309	-4.0172269248953905	1.5644021594018196	-1.9635715940573637	-4.55005167774431	1.3710623573731182	3.1916093110608132	-6.045749660090212	-1.9372911913581097	-8.365792170276224	-2.423898977059622
methyl_isopropyl_ether	-2.7283334132178196	-1.0244949326368125	-5.606750782559258	-3.2901674995083057	0.6268622713148119	-1.9472819789105993	1.2661295975268185	0.35221750018164194	-0.7371968406275199	-0.6631514353295308	-0.789977197116477	0.07252346593531667	0.8230177438639449	-0.026099195753558
methyl_octanoate	-4.265915084484921	-1.9152223551499676	0.5976729538098974	0.6375609735913295	-4.948588684920396	2.1289467813801024	-4.047005377874447	-7.04558775439998	1.9653452419858215	4.761739981886595	-6.899685352159601	-2.3360704927514027	-7.6488387831186895	-4.101152112000712
methyl_pentanoate	-3.777094437636496	-1.6191007528497285	-1.5851441037398997	-0.600695540746842	-3.485385591485227	0.7970979712887482	-2.5999688026272896	-3.7442286052367826	1.0212425042905098	3.1842924034571847	-5.75172366258115	-2.1879223738562743	-8.236426209925611	-2.5538708929882405
methyl_peroxide	-2.899097837860258	-1.1862808625980283	-5.336932746198805	-3.5525307724674033	0.02826925190653432	-1.0314124985985622	2.533101225171783	-0.2023111530291378	-0.2930039960568392	-0.8997873921978234	-0.9134867954097481	0.3649197026272764	0.6976806586251301	0.43625414465287515
methyl_propanoate	-3.521599583483887	-1.5964825341047915	-2.905380975351696	-2.0264574865461205	-2.7796807055111405	0.8991948638795783	0.6847493841088286	-2.617951568805132	0.9474693059975268	1.413033513323674	-4.416549275518268	-1.0971134836313723	-6.224926147071987	-0.66743264659928
morpholine	-2.6643164323999167	-1.2584206084531224	-5.418350245237687	-3.775483562103124	0.03178503161883666	-0.7443514003453454	3.047073298611786	-0.6949075677300516	-0.33728890052941785	-1.1136494624599407	-1.240745460613346	0.8769049522706264	0.46909250526664276	0.759806136551298
N,N-dimethylaniline	-2.3915871016671373	-1.041989971592787	-5.859332064034466	-3.501873471863243	0.9036188758864319	-1.9574386822177507	1.399017543705326	-0.06953887862381639	-0.9513693813411954	-0.8581774309936868	-1.2284960052048046	0.5970859140107941	0.5647405988850992	0.23912692814773379
N,N-dimethylpiperazine	-2.6282872532165897	-1.2420741685209595	-5.469815700129226	-3.770016760186518	0.1194515803694365	-0.839110657426223	2.9242435256183748	-0.6734767268542183	-0.39350115259897867	-1.1077606068481218	-1.2681880501741876	0.8837249602169046	0.4583392996017185	0.7369763255805843
n-butane	-8.961513798983345	-3.348106915527688	2.760936991263664	-3.2037599210888725	-12.634818578330925	11.919464231875937	14.981253214241262	-4.755862947890141	8.419842694677579	0.3017352236589973	-0.955566896699822	-2.7414239557425892	-4.421931520057328	2.380201035605594
N-ethylaniline	-2.1252107498568753	-1.0381909762482027	-6.020028119974781	-3.559582110016216	1.13909064595871	-2.0939796519917584	1.2970758627817978	-0.23348092678220855	-1.176488983261729	-0.9294679563365734	-1.4081043830411974	0.8897747167236689	0.43546268998914	0.28865129054417943
n-heptane	-8.205799297018224	0.5173430128795827	17.963422286848576	8.674183037574544	-6.72769490735857	1.9308605952879934	3.843441655714944	-2.0356214298174473	3.634973159475931	0.1448554490019893	-9.469972130670506	3.1121304491674784	4.208231782560557	10.470438917182317
n-hexane	-6.745582396912855	0.5564989726727168	15.341840195605595	8.928941389795673	-3.5603233327603223	-2.528566205108792	0.7048701691531378	2.718089987183127	0.027488159857070257	-0.8732284087716407	1.100023273933039	3.1983624570890634	10.719226162243636	6.747507137734744
N-methylacetamide	-3.7744299466602307	-1.1427081899929614	0.4379493535969248	0.9368851359786351	-0.8755784206382378	-2.9800802832368087	0.20439765778439586	5.31490793911677	-3.071365864402006	-2.496627231071162	6.0904004217541825	0.9813198193740323	-2.63645716251912	1.060058307458066
N-methylaniline	-1.951652471906106	-0.6951504780805186	-6.448793500321981	-2.904495591967403	2.2328643022894052	-3.9793750705002364	-1.3969616007208958	1.1349282755218009	-1.983493114181244	-0.3391346996178632	-0.9274844066215061	0.0056144419593618135	0.8284394614942524	-0.8125507305860639
N-methylmorpholine	113.33469719557266	-12.626975774991442	6.66596490016507	11.273913648313858	-5.028755078973071	9.683152561410768	11.167443514565901	-9.113836293145399	-26.191532309893567	1.7882042847266246	-0.9400871171553262	-15.18381599806169	2.3389535687136656	2.9046753784801504
N-methylpiperazine	94.31375228653002	-9.91013986666928	3.559556420070325	13.382797454400567	-7.47885979566397	12.151081402945211	17.40627812897174	-13.959161376319978	-29.22784175920873	-0.31409607065397316	-0.5101845387905078	23.598506201693066	-2.480586070079668	-8.085215171961314
N-Methylthiourea	-2.902057335663467	-1.217640186384619	-2.394548570387141	-0.8554895301853149	-0.6555393142517785	-2.624303773888825	0.4430394701579586	2.9904944492097325	-2.1376353992317116	-0.8132204946290416	6.361921481632232	-0.23547233561304218	0.003661614289381965	-2.318398792197229
n-octane	-8.725529342170047	-0.6764594351435322	20.743736567509345	12.056759489923877	-9.547000463639367	2.8299809176500377	-4.046343693996803	-6.488579044082766	3.7525717106725947	4.807328042131347	-6.417087431356808	0.6727145528528203	3.4834406252874293	2.6982926559719114
n-pentane	-6.318128389492262	-1.6661281708890556	11.274306506933925	8.264210373754073	-6.414429414208045	-1.2329261247697816	-5.289288562904058	0.8316072449824669	-0.9554291337116381	3.10192055286325	14.854739829718254	-2.162778340811574	5.402716567689501	-8.288248891268369
n-propane	-4.839566876210291	-1.2480234741832743	6.921547585730865	5.301084338934769	-2.3455307079138894	-3.905927842020078	-0.5106074508166407	10.230261014909276	-5.476806514023798	-4.752516308983012	11.768579677536534	2.579855528898464	-6.618449691111249	3.5830807711257577
naphthalene	-3.0669189593495534	-1.069716879558991	-2.4486212803161944	0.11955816828838454	11.292533220448458	11.57199706930831	-21.552878467483506	-20.268580217923365	0.10326472025113487	-16.408776373779915	7.33788553821353	1.391792676430198	2.2128271997806013	3.889856401484678
nitrobenzene	59.1712157749807	-5.990262946999193	7.377311263566541	-16.212872415622243	3.731345534405675	-9.057350110553234	-14.360273192499456	10.129861610257308	19.231567101351143	0.8243168120842579	0.5786309221269891	-7.696889217657553	1.0311073569351048	0.8998891238078631
nitroethane	-5.2643382043686096	-1.8402632603414664	6.36332069459872	4.920229740589331	-5.573228611723605	0.08775815152047942	-5.2406001646748415	-0.513980207510614	-1.0636958955889468	2.2275385606303346	1.4814026189213352	-1.1840353317079955	-9.384916358845388	-2.709421272261085
nitromethane	9.453523229236263	-0.4293564775933193	-7.020533223369868	-3.143903733614005	6.90527221551587	-8.007059357481596	-8.07680377004816	3.2883121217187528	-5.1047822353677335	1.8998834451889046	-1.9090386459141813	-5.496106676554059	1.3093064675853368	-1.4933468170008761
o-chlorotoluene	-2.6747310450571815	-0.22611308143740572	-0.8299922030691587	0.6956495969976209	2.1017780275339994	-5.43677159518344	-1.867956414923105	4.394346600092799	-3.6080581726387493	-2.3414956885527993	-1.9564278058767388	2.4593370838258344	-1.92407400253837	4.850819172641055
o-cresol	-2.9030184957531464	-0.7386963708063365	-1.0877998970275908	0.03315413858047716	0.5382060172888046	-2.29582751082133	-3.2304315027904464	-4.896250601882482	-0.00268267192302355	2.1375565573494266	-3.1050981432405376	0.6853182515779065	7.463807062505707	-2.245513380429347
o-xylene	-2.6009296949985963	-0.8731254754594021	-2.9223471473479337	-0.3955607387127535	0.7642527627531673	-4.427557283642447	-1.9875655337073044	4.079381648899631	-3.136130348769589	-0.7460933142240793	5.808548469688218	-0.4191217904572744	-0.3048409551933143	-2.4515804477805743
octafluoropropane	16.351638831923452	9.700458951992998	-3.6619717613921647	-6.021193047737237	7.317818133211021	-5.820442561153929	-6.824209511956777	2.5573436787143256	-9.105761340018715	1.7256952882746255	-1.746027961235501	-8.463648633152072	0.6023584068050774	-1.7753436032918797
octanal	-2.7813985028267005	-1.177583039299226	-5.441700616061668	-3.6003222531239683	0.16663364140078057	-1.1118333269857525	2.471335855970045	-0.29100748809196186	-0.39563310548299807	-0.9413856681077258	-1.0514896791560717	0.5063982711118575	0.6273148786678385	0.48893789855551123
p-bromophenol	-2.054296038515904	-0.7473557275513775	-6.307956794065224	-2.947531186644124	1.9871679522820422	-3.6799290408784566	-1.0065963144775827	1.025763000769475	-1.8087763665746424	-0.38014922699411896	-0.8732488766867988	0.018800446222358644	0.830076217322321	-0.7160856149227031
p-bromotoluene	-2.8035943815810525	-0.9828564714877756	-2.4507497533517277	-0.05745456841225703	0.07213722845204931	-2.651848773397638	-5.7449159535820264	-3.8854749067444794	-0.6210971927961143	3.058354842142861	-3.362179931480307	-1.003945548960296	1.2488602560796078	-4.031466877077633
p-cresol	-2.236307930411414	-0.8785535630489751	-5.5477096012756615	-2.4652298919996594	1.0633495050622448	-3.0598266489122814	-1.6200092986757522	0.2013275971947897	-1.385809632620519	0.3968407334914108	-2.212010924574136	-0.47599222128096697	-1.7579642826370752	-0.9944421757736992
p-dibromobenzene	-2.357408734173113	-0.9553245650181518	-5.4773060070998865	-2.685269424788276	0.7946102547422706	-2.57347943540585	-0.8050055283969109	-0.04542807737248361	-1.127881162830232	0.18142881672628952	-2.2123167647364963	-0.28912448124753126	-1.618639778354549	-0.6575679140875326
p-hydroxybenzaldehyde	-2.2462530308372637	-1.2676760339293884	-5.597814802898406	-3.810726503656672	0.3235968786012876	-0.9145893735082035	2.9223421172404027	-0.9124643485456576	-0.6872914264399197	-1.1969539374752154	-1.4079369037395568	1.3055669554571976	0.30222218109420623	0.769753886615545
p-xylene	-2.45988359767465	0.884925133648486	-0.05927718623045949	0.7990212622117828	3.4443582663121415	-6.225066344229509	-1.7250836208669391	2.989367020607596	-2.750185357911314	-1.6901823267533103	-4.759052037232496	2.387894293794279	2.763467414337124	4.448507611678667
pentanal	-2.687601540130576	-1.026942276001992	-5.632366375903041	-3.3104377658469386	0.6574663421039314	-1.9507858370859739	1.2777890077785683	0.3076778782215512	-0.764154141393106	-0.6826229467368273	-0.8335522097006399	0.1314491999338072	0.7959181509770215	-0.0010465671227655768
pentylamine	-2.452170455181521	-1.0595702870683072	-5.8068015364152	-3.522289532508042	0.804525242068323	-1.8379383747825815	1.5488671170057786	-0.10354058050230155	-0.8676652766293982	-0.8733787213974348	-1.2156085752512187	0.5816426930982664	0.5706344010441687	0.2813127199130687
pentyl_acetate	-4.012910057099686	-1.296529975840103	1.0213889767395334	1.3790717293611132	-2.1126918329599027	-0.3468829527412906	-5.263374995741054	-7.650390751926543	1.3946478778805504	4.42872356357375	-3.8982212812125994	-0.9763866885869712	5.1627908507719305	-4.8327551076137025
phosphine	-1.6821816416950617	-0.7656165804208495	-6.642868043759523	-3.2550460504811336	2.3235159074062874	-3.6554514015560313	-0.7864615886407965	0.4688048759489712	-2.025191754882114	-0.647558343273723	-1.4836794524258763	0.6646254375719833	0.4965621019344991	-0.32229171908485665
piperazine	-2.370057241519539	-0.8445722624001141	-6.004035417992507	-3.030925181516819	1.43561020120653	-3.0452841815193112	-0.20345186213114633	0.8651621620966397	-1.3737923379138821	-0.4444636320532048	-0.7609333418528845	-0.06864237011442578	0.8813671826828561	-0.515818053185999
propanal	-2.804446430754606	-1.284801034089072	-5.3093109247670105	-3.790231644379575	-0.15805802228810134	-0.5461619835042696	3.2836931961653626	-0.7126542840218725	-0.1748932250013038	-1.1203233781043018	-1.1826815018299128	0.7982090155528195	0.5030818725679289	0.8097767403325381
propanoic_acid	-2.6609236491908383	-0.9558355054206013	-5.65267369495144	-3.0880670524331375	0.8442260054744162	-2.3818743902090915	0.6341869672260937	0.7035646649901743	-0.950739345792938	-0.5023628353989662	-0.5656612672520533	-0.13750434716499843	0.935235937470663	-0.35159940499361114
propene	-1.6901599351879504	-0.6169447112801524	-6.741810478867736	-2.8947297556960887	2.7057036397137346	-4.463768761660138	-1.9886169343888696	1.189490184631613	-2.3231411270014855	-0.32735225100169413	-1.131431637202305	0.13356633593126307	0.7487707377208586	-0.8947611926820508
