-23.44642913	0.0	0.0	0.0	0.0	0.0	0.0	0.0	0.0	0.0
-23.41542913	0.0	0.0	0.0	0.0	0.0	0.0	0.0	0.0	0.0
-23.38442913	0.0	0.0	0.0	0.0	0.0	0.0	0.0	0.0	0.0
-23.35342913	0.0	0.0	0.0	0.0	0.0	0.0	0.0	0.0	0.0
-23.32242913	0.0	0.0	0.0	0.0	0.0	0.0	0.0	0.0	0.0
-23.29142913	0.0	0.0	0.0	0.0	0.0	0.0	0.0	0.0	0.0
-23.26042913	0.0	0.0	0.0	0.0	0.0	0.0	0.0	0.0	0.0
-23.22942913	0.0	0.0	0.0	0.0	0.0	0.0	0.0	0.0	0.0
-23.19842913	0.0	0.0	0.0	0.0	0.0	0.0	0.0	0.0	0.0
-23.16642913	0.0	0.0	0.0	0.0	0.0	0.0	0.0	0.0	0.0
-23.13542913	0.0	0.0	0.0	0.0	0.0	0.0	0.0	0.0	0.0
-23.10442913	0.0	0.0	0.0	0.0	0.0	0.0	0.0	0.0	0.0
-23.07342913	0.0	0.0	0.0	0.0	0.0	0.0	0.0	0.0	0.0
-23.04242913	0.0	0.0	0.0	0.0	0.0	0.0	0.0	0.0	0.0
-23.01142913	0.0	0.0	0.0	0.0	0.0	0.0	0.0	0.0	0.0
-22.98042913	0.0	0.0	0.0	0.0	0.0	0.0	0.0	0.0	0.0
-22.94942913	0.0	0.0	0.0	0.0	0.0	0.0	0.0	0.0	0.0
-22.91842913	0.0	0.0	0.0	0.0	0.0	0.0	0.0	0.0	0.0
-22.88742913	0.0	0.0	0.0	0.0	0.0	0.0	0.0	0.0	0.0
-22.85642913	0.0	0.0	0.0	0.0	0.0	0.0	0.0	0.0	0.0
-22.82542913	0.0	0.0	0.0	0.0	0.0	0.0	0.0	0.0	0.0
-22.79442913	0.0	0.0	0.0	0.0	0.0	0.0	0.0	0.0	0.0
-22.76342913	0.0	0.0	0.0	0.0	0.0	0.0	0.0	0.0	0.0
-22.73242913	0.0	0.0	0.0	0.0	0.0	0.0	0.0	0.0	0.0
-22.70142913	0.0	0.0	0.0	0.0	0.0	0.0	0.0	0.0	0.0
-22.67042913	0.0	0.0	0.0	0.0	0.0	0.0	0.0	0.0	0.0
-22.63942913	0.0	0.0	0.0	0.0	0.0	0.0	0.0	0.0	0.0
-22.60842913	1.6645815315e-14	2.4287854007e-15	3.7798306865000007e-16	5.402893096100001e-16	0.0	0.0	0.0	0.0	0.0
-22.57742913	5.46571956e-13	7.972824822154999e-14	1.24100343863e-14	1.7738967986400002e-14	0.0	0.0	0.0	0.0	0.0
-22.54642913	1.4830940415e-11	2.1627725017750003e-12	3.3667992616900007e-13	4.8117771521e-13	0.0	0.0	0.0	0.0	0.0
-22.51542913	3.3344464039999997e-10	4.8636974478869995e-11	7.571002221240001e-12	1.0822770840099998e-11	0.0	0.0	0.0	0.0	0.0
-22.48442913	6.1995412339999995e-09	9.043001685142001e-10	1.4074438190800002e-10	2.0118424435e-10	0.0	0.0	0.0	0.0	0.0
-22.45342913	9.527692282e-08	1.3898606130719998e-08	2.16270868607e-09	3.0922448768000004e-09	0.0	0.0	0.0	0.0	0.0
-22.42242913	1.2108784524000002e-06	1.7662603108389998e-07	2.7493317965500003e-08	3.9297531742e-08	0.0	0.0	0.0	0.0	0.0
-22.39142913	1.2723884213999997e-05	1.8561204183020001e-06	2.88906709652e-07	4.129628599e-07	0.0	0.0	0.0	0.0	0.0
-22.36042913	0.00011058278364000001	1.613034541718e-05	2.51097345447e-06	3.5881784147e-06	0.0	0.0	0.0	0.0	0.0
-22.32942913	0.0007948353977000001	0.00011594612937500002	1.8045340747300002e-05	2.5793184909e-05	0.0	0.0	0.0	0.0	0.0
-22.29842913	0.004725777472	0.0006892425460758998	0.0001072923888146	0.00015335256446999998	0.0	0.0	0.0	0.0	0.0
-22.26742913	0.023245155400999997	0.0033893571762269995	0.0005275767733370001	0.0007542295947200001	0.0	0.0	0.0	0.0	0.0
-22.23642913	0.09454606675999999	0.013791984817720003	0.0021462638797200007	0.0030679667725	0.0	0.0	0.0	0.0	0.0
-22.20542913	0.3182889809	0.046423363895820004	0.0072257376228800005	0.010327869818300002	0.0	0.0	0.0	0.0	0.0
-22.17442913	0.8863874697999998	0.12928853884430003	0.0201227660486	0.028764865540999995	0.0	0.0	0.0	0.0	0.0
-22.14342913	2.0427594039000008	0.29791345789480006	0.0463769464575	0.066286162766	0.0	0.0	0.0	0.0	0.0
-22.11242913	3.8941003479999994	0.5681061047439999	0.088419026003	0.12638510675700002	0.0	0.0	0.0	0.0	0.0
-22.08142913	6.145738977000001	0.8963834219169	0.13951118070099996	0.19941813926000004	0.0	0.0	0.0	0.0	0.0
-22.05042913	8.023476066	1.1703345586599998	0.182159159579	0.26036792583	0.0	0.0	0.0	0.0	0.0
-22.01942913	8.670008545000002	1.2646544820869998	0.19682007329200002	0.28140772996	0.0	0.0	0.0	0.0	0.0
-21.98842913	7.752462448999999	1.1307310197830003	0.17599472191899998	0.25158863738000004	0.0	0.0	0.0	0.0	0.0
-21.95742913	5.735698050999999	0.8366768442918999	0.13022365747300002	0.18615642599999999	0.0	0.0	0.0	0.0	0.0
-21.92642913	3.512862494	0.5123617847626001	0.0797476306282	0.113981333794	0.0	0.0	0.0	0.0	0.0
-21.89542913	1.7794778087999998	0.25963314620750005	0.0404078476005	0.057752258802999994	0.0	0.0	0.0	0.0	0.0
-21.86442913	0.7462174558	0.1088391190594	0.0169408908738	0.024207177165	0.0	0.0	0.0	0.0	0.0
-21.83342913	0.25882221168999997	0.03775207018283001	0.005876746430159999	0.0083999622128	0.0	0.0	0.0	0.0	0.0
-21.80242913	0.07430707336999999	0.010837211569298	0.0016869029972299999	0.0024112006788999996	0.0	0.0	0.0	0.0	0.0
-21.77142913	0.017648509717999996	0.002573994518034	0.00040058558663	0.0005725466432600001	0.0	0.0	0.0	0.0	0.0
-21.74042913	0.0034660714820000005	0.0005055593203063999	7.868921241579999e-05	0.00011247915991199999	0.0	0.0	0.0	0.0	0.0
-21.70942913	0.0005632167549	8.215440816177998e-05	1.2787061692299999e-05	1.8277303698599998e-05	0.0	0.0	0.0	0.0	0.0
-21.67842913	7.56977523e-05	1.1041245523889998e-05	1.7185449785000002e-06	2.4566149222999996e-06	0.0	0.0	0.0	0.0	0.0
-21.64742913	8.4152458e-06	1.227495874192e-06	1.91046562668e-07	2.7305318532e-07	0.0	0.0	0.0	0.0	0.0
-21.61642913	7.735221668e-07	1.128395935891e-07	1.7561469780000002e-08	2.5105281344000004e-08	0.0	0.0	0.0	0.0	0.0
-21.58542913	5.880824801e-08	8.577907229712003e-09	1.3350142025299998e-09	1.9082147549999997e-09	0.0	0.0	0.0	0.0	0.0
-21.55442913	3.6956730520000004e-09	5.390675212572999e-10	8.3907883017e-11	1.19944942667e-10	0.0	0.0	0.0	0.0	0.0
-21.52342913	1.9202561433999997e-10	2.801437256384e-11	4.36030830285e-12	6.2320208341e-12	0.0	0.0	0.0	0.0	0.0
-21.49242913	8.251843745999999e-12	1.20363574821e-12	1.87347650189e-13	2.6787264133e-13	0.0	0.0	0.0	0.0	0.0
-21.46142913	2.8856056032e-13	4.209767449383e-14	6.550793446530001e-15	9.364422026099998e-15	0.0	0.0	0.0	0.0	0.0
-21.43042913	1.1098887597e-14	1.6189276644329998e-15	2.51922017966e-16	3.6019321904000006e-16	0.0	0.0	0.0	0.0	0.0
-21.39942913	0.0	0.0	0.0	0.0	0.0	0.0	0.0	0.0	0.0
-21.36842913	0.0	0.0	0.0	0.0	0.0	0.0	0.0	0.0	0.0
-21.33742913	0.0	0.0	0.0	0.0	0.0	0.0	0.0	0.0	0.0
-21.30642913	0.0	0.0	0.0	0.0	0.0	0.0	0.0	0.0	0.0
-21.27542913	0.0	0.0	0.0	0.0	0.0	0.0	0.0	0.0	0.0
-21.24442913	0.0	0.0	0.0	0.0	0.0	0.0	0.0	0.0	0.0
-21.213429129999998	0.0	0.0	0.0	0.0	0.0	0.0	0.0	0.0	0.0
-21.18242913	0.0	0.0	0.0	0.0	0.0	0.0	0.0	0.0	0.0
-21.15142913	0.0	0.0	0.0	0.0	0.0	0.0	0.0	0.0	0.0
-21.120429129999998	0.0	0.0	0.0	0.0	0.0	0.0	0.0	0.0	0.0
-21.08942913	0.0	0.0	0.0	0.0	0.0	0.0	0.0	0.0	0.0
-21.05842913	0.0	0.0	0.0	0.0	0.0	0.0	0.0	0.0	0.0
-21.027429129999998	0.0	0.0	0.0	0.0	0.0	0.0	0.0	0.0	0.0
-20.99642913	0.0	0.0	0.0	0.0	0.0	0.0	0.0	0.0	0.0
-20.96542913	0.0	0.0	0.0	0.0	0.0	0.0	0.0	0.0	0.0
-20.934429129999998	0.0	0.0	0.0	0.0	0.0	0.0	0.0	0.0	0.0
-20.90342913	0.0	0.0	0.0	0.0	0.0	0.0	0.0	0.0	0.0
-20.87242913	0.0	0.0	0.0	0.0	0.0	0.0	0.0	0.0	0.0
-20.84042913	0.0	0.0	0.0	0.0	0.0	0.0	0.0	0.0	0.0
-20.809429129999998	0.0	0.0	0.0	0.0	0.0	0.0	0.0	0.0	0.0
-20.77842913	0.0	0.0	0.0	0.0	0.0	0.0	0.0	0.0	0.0
-20.74742913	0.0	0.0	0.0	0.0	0.0	0.0	0.0	0.0	0.0
-20.716429129999998	0.0	0.0	0.0	0.0	0.0	0.0	0.0	0.0	0.0
-20.68542913	0.0	0.0	0.0	0.0	0.0	0.0	0.0	0.0	0.0
-20.65442913	0.0	0.0	0.0	0.0	0.0	0.0	0.0	0.0	0.0
-20.623429129999998	0.0	0.0	0.0	0.0	0.0	0.0	0.0	0.0	0.0
-20.59242913	0.0	0.0	0.0	0.0	0.0	0.0	0.0	0.0	0.0
-20.56142913	0.0	0.0	0.0	0.0	0.0	0.0	0.0	0.0	0.0
-20.530429129999998	0.0	0.0	0.0	0.0	0.0	0.0	0.0	0.0	0.0
-20.49942913	0.0	0.0	0.0	0.0	0.0	0.0	0.0	0.0	0.0
-20.46842913	0.0	0.0	0.0	0.0	0.0	0.0	0.0	0.0	0.0
-20.437429129999998	0.0	0.0	0.0	0.0	0.0	0.0	0.0	0.0	0.0
-20.40642913	0.0	0.0	0.0	0.0	0.0	0.0	0.0	0.0	0.0
-20.37542913	0.0	0.0	0.0	0.0	0.0	0.0	0.0	0.0	0.0
-20.344429129999998	0.0	0.0	0.0	0.0	0.0	0.0	0.0	0.0	0.0
-20.31342913	0.0	0.0	0.0	0.0	0.0	0.0	0.0	0.0	0.0
-20.28242913	0.0	0.0	0.0	0.0	0.0	0.0	0.0	0.0	0.0
-20.25142913	0.0	0.0	0.0	0.0	0.0	0.0	0.0	0.0	0.0
-20.22042913	0.0	0.0	0.0	0.0	0.0	0.0	0.0	0.0	0.0
-20.18942913	0.0	0.0	0.0	0.0	0.0	0.0	0.0	0.0	0.0
-20.15842913	0.0	0.0	0.0	0.0	0.0	0.0	0.0	0.0	0.0
-20.12742913	0.0	0.0	0.0	0.0	0.0	0.0	0.0	0.0	0.0
-20.09642913	0.0	0.0	0.0	0.0	0.0	0.0	0.0	0.0	0.0
-20.06542913	0.0	0.0	0.0	0.0	0.0	0.0	0.0	0.0	0.0
-20.03442913	0.0	0.0	0.0	0.0	0.0	0.0	0.0	0.0	0.0
-20.00342913	0.0	0.0	0.0	0.0	0.0	0.0	0.0	0.0	0.0
-19.97242913	0.0	0.0	0.0	0.0	0.0	0.0	0.0	0.0	0.0
-19.94142913	0.0	0.0	0.0	0.0	0.0	0.0	0.0	0.0	0.0
-19.91042913	0.0	0.0	0.0	0.0	0.0	0.0	0.0	0.0	0.0
-19.87942913	0.0	0.0	0.0	0.0	0.0	0.0	0.0	0.0	0.0
-19.84842913	0.0	0.0	0.0	0.0	0.0	0.0	0.0	0.0	0.0
-19.81742913	0.0	0.0	0.0	0.0	0.0	0.0	0.0	0.0	0.0
-19.78642913	0.0	0.0	0.0	0.0	0.0	0.0	0.0	0.0	0.0
-19.75542913	0.0	0.0	0.0	0.0	0.0	0.0	0.0	0.0	0.0
-19.72442913	0.0	0.0	0.0	0.0	0.0	0.0	0.0	0.0	0.0
-19.69342913	0.0	0.0	0.0	0.0	0.0	0.0	0.0	0.0	0.0
-19.66242913	0.0	0.0	0.0	0.0	0.0	0.0	0.0	0.0	0.0
-19.63142913	0.0	0.0	0.0	0.0	0.0	0.0	0.0	0.0	0.0
-19.60042913	0.0	0.0	0.0	0.0	0.0	0.0	0.0	0.0	0.0
-19.56942913	0.0	0.0	0.0	0.0	0.0	0.0	0.0	0.0	0.0
-19.53842913	0.0	0.0	0.0	0.0	0.0	0.0	0.0	0.0	0.0
-19.50742913	0.0	0.0	0.0	0.0	0.0	0.0	0.0	0.0	0.0
-19.47642913	0.0	0.0	0.0	0.0	0.0	0.0	0.0	0.0	0.0
-19.44542913	0.0	0.0	0.0	0.0	0.0	0.0	0.0	0.0	0.0
-19.41442913	0.0	0.0	0.0	0.0	0.0	0.0	0.0	0.0	0.0
-19.38342913	0.0	0.0	0.0	0.0	0.0	0.0	0.0	0.0	0.0
-19.35242913	0.0	0.0	0.0	0.0	0.0	0.0	0.0	0.0	0.0
-19.32142913	0.0	0.0	0.0	0.0	0.0	0.0	0.0	0.0	0.0
-19.29042913	0.0	0.0	0.0	0.0	0.0	0.0	0.0	0.0	0.0
-19.25942913	0.0	0.0	0.0	0.0	0.0	0.0	0.0	0.0	0.0
-19.22842913	0.0	0.0	0.0	0.0	0.0	0.0	0.0	0.0	0.0
-19.19742913	0.0	0.0	0.0	0.0	0.0	0.0	0.0	0.0	0.0
-19.16642913	0.0	0.0	0.0	0.0	0.0	0.0	0.0	0.0	0.0
-19.13542913	0.0	0.0	0.0	0.0	0.0	0.0	0.0	0.0	0.0
-19.10442913	0.0	0.0	0.0	0.0	0.0	0.0	0.0	0.0	0.0
-19.07342913	0.0	0.0	0.0	0.0	0.0	0.0	0.0	0.0	0.0
-19.04242913	0.0	0.0	0.0	0.0	0.0	0.0	0.0	0.0	0.0
-19.01142913	0.0	0.0	0.0	0.0	0.0	0.0	0.0	0.0	0.0
-18.98042913	0.0	0.0	0.0	0.0	0.0	0.0	0.0	0.0	0.0
-18.94942913	0.0	0.0	0.0	0.0	0.0	0.0	0.0	0.0	0.0
-18.91842913	0.0	0.0	0.0	0.0	0.0	0.0	0.0	0.0	0.0
-18.88742913	0.0	0.0	0.0	0.0	0.0	0.0	0.0	0.0	0.0
-18.85642913	0.0	0.0	0.0	0.0	0.0	0.0	0.0	0.0	0.0
-18.82542913	0.0	0.0	0.0	0.0	0.0	0.0	0.0	0.0	0.0
-18.79442913	0.0	0.0	0.0	0.0	0.0	0.0	0.0	0.0	0.0
-18.76342913	0.0	0.0	0.0	0.0	0.0	0.0	0.0	0.0	0.0
-18.73242913	0.0	0.0	0.0	0.0	0.0	0.0	0.0	0.0	0.0
-18.70142913	0.0	0.0	0.0	0.0	0.0	0.0	0.0	0.0	0.0
-18.67042913	0.0	0.0	0.0	0.0	0.0	0.0	0.0	0.0	0.0
-18.63942913	0.0	0.0	0.0	0.0	0.0	0.0	0.0	0.0	0.0
-18.60842913	0.0	0.0	0.0	0.0	0.0	0.0	0.0	0.0	0.0
-18.57742913	0.0	0.0	0.0	0.0	0.0	0.0	0.0	0.0	0.0
-18.54642913	0.0	0.0	0.0	0.0	0.0	0.0	0.0	0.0	0.0
-18.51442913	0.0	0.0	0.0	0.0	0.0	0.0	0.0	0.0	0.0
-18.48342913	0.0	0.0	0.0	0.0	0.0	0.0	0.0	0.0	0.0
-18.45242913	0.0	0.0	0.0	0.0	0.0	0.0	0.0	0.0	0.0
-18.42142913	0.0	0.0	0.0	0.0	0.0	0.0	0.0	0.0	0.0
-18.39042913	0.0	0.0	0.0	0.0	0.0	0.0	0.0	0.0	0.0
-18.35942913	0.0	0.0	0.0	0.0	0.0	0.0	0.0	0.0	0.0
-18.32842913	0.0	0.0	0.0	0.0	0.0	0.0	0.0	0.0	0.0
-18.29742913	0.0	0.0	0.0	0.0	0.0	0.0	0.0	0.0	0.0
-18.26642913	0.0	0.0	0.0	0.0	0.0	0.0	0.0	0.0	0.0
-18.23542913	0.0	0.0	0.0	0.0	0.0	0.0	0.0	0.0	0.0
-18.20442913	0.0	0.0	0.0	0.0	0.0	0.0	0.0	0.0	0.0
-18.17342913	0.0	0.0	0.0	0.0	0.0	0.0	0.0	0.0	0.0
-18.14242913	0.0	0.0	0.0	0.0	0.0	0.0	0.0	0.0	0.0
-18.11142913	0.0	0.0	0.0	0.0	0.0	0.0	0.0	0.0	0.0
-18.08042913	0.0	0.0	0.0	0.0	0.0	0.0	0.0	0.0	0.0
-18.04942913	0.0	0.0	0.0	0.0	0.0	0.0	0.0	0.0	0.0
-18.01842913	0.0	0.0	0.0	0.0	0.0	0.0	0.0	0.0	0.0
-17.98742913	0.0	0.0	0.0	0.0	0.0	0.0	0.0	0.0	0.0
-17.95642913	0.0	0.0	0.0	0.0	0.0	0.0	0.0	0.0	0.0
-17.92542913	0.0	0.0	0.0	0.0	0.0	0.0	0.0	0.0	0.0
-17.89442913	0.0	0.0	0.0	0.0	0.0	0.0	0.0	0.0	0.0
-17.86342913	0.0	0.0	0.0	0.0	0.0	0.0	0.0	0.0	0.0
-17.83242913	0.0	0.0	0.0	0.0	0.0	0.0	0.0	0.0	0.0
-17.80142913	0.0	0.0	0.0	0.0	0.0	0.0	0.0	0.0	0.0
-17.77042913	0.0	0.0	0.0	0.0	0.0	0.0	0.0	0.0	0.0
-17.73942913	0.0	0.0	0.0	0.0	0.0	0.0	0.0	0.0	0.0
-17.70842913	0.0	0.0	0.0	0.0	0.0	0.0	0.0	0.0	0.0
-17.67742913	0.0	0.0	0.0	0.0	0.0	0.0	0.0	0.0	0.0
-17.64642913	0.0	0.0	0.0	0.0	0.0	0.0	0.0	0.0	0.0
-17.61542913	0.0	0.0	0.0	0.0	0.0	0.0	0.0	0.0	0.0
-17.58442913	0.0	0.0	0.0	0.0	0.0	0.0	0.0	0.0	0.0
-17.55342913	0.0	0.0	0.0	0.0	0.0	0.0	0.0	0.0	0.0
-17.52242913	0.0	0.0	0.0	0.0	0.0	0.0	0.0	0.0	0.0
-17.49142913	0.0	0.0	0.0	0.0	0.0	0.0	0.0	0.0	0.0
-17.46042913	0.0	0.0	0.0	0.0	0.0	0.0	0.0	0.0	0.0
-17.42942913	0.0	0.0	0.0	0.0	0.0	0.0	0.0	0.0	0.0
-17.39842913	0.0	0.0	0.0	0.0	0.0	0.0	0.0	0.0	0.0
-17.36742913	0.0	0.0	0.0	0.0	0.0	0.0	0.0	0.0	0.0
-17.33642913	0.0	0.0	0.0	0.0	0.0	0.0	0.0	0.0	0.0
-17.30542913	0.0	0.0	0.0	0.0	0.0	0.0	0.0	0.0	0.0
-17.27442913	0.0	0.0	0.0	0.0	0.0	0.0	0.0	0.0	0.0
-17.24342913	0.0	0.0	0.0	0.0	0.0	0.0	0.0	0.0	0.0
-17.21242913	0.0	0.0	0.0	0.0	0.0	0.0	0.0	0.0	0.0
-17.18142913	0.0	0.0	0.0	0.0	0.0	0.0	0.0	0.0	0.0
-17.15042913	0.0	0.0	0.0	0.0	0.0	0.0	0.0	0.0	0.0
-17.11942913	0.0	0.0	0.0	0.0	0.0	0.0	0.0	0.0	0.0
-17.088429129999998	0.0	0.0	0.0	0.0	0.0	0.0	0.0	0.0	0.0
-17.05742913	0.0	0.0	0.0	0.0	0.0	0.0	0.0	0.0	0.0
-17.02642913	0.0	0.0	0.0	0.0	0.0	0.0	0.0	0.0	0.0
-16.995429129999998	0.0	0.0	0.0	0.0	0.0	0.0	0.0	0.0	0.0
-16.96442913	0.0	0.0	0.0	0.0	0.0	0.0	0.0	0.0	0.0
-16.93342913	0.0	0.0	0.0	0.0	0.0	0.0	0.0	0.0	0.0
-16.902429129999998	0.0	0.0	0.0	0.0	0.0	0.0	0.0	0.0	0.0
-16.87142913	0.0	0.0	0.0	0.0	0.0	0.0	0.0	0.0	0.0
-16.84042913	0.0	0.0	0.0	0.0	0.0	0.0	0.0	0.0	0.0
-16.809429129999998	0.0	0.0	0.0	0.0	0.0	0.0	0.0	0.0	0.0
-16.77842913	0.0	0.0	0.0	0.0	0.0	0.0	0.0	0.0	0.0
-16.74742913	0.0	0.0	0.0	0.0	0.0	0.0	0.0	0.0	0.0
-16.716429129999998	0.0	0.0	0.0	0.0	0.0	0.0	0.0	0.0	0.0
-16.68542913	0.0	0.0	0.0	0.0	0.0	0.0	0.0	0.0	0.0
-16.65442913	0.0	0.0	0.0	0.0	0.0	0.0	0.0	0.0	0.0
-16.623429129999998	0.0	0.0	0.0	0.0	0.0	0.0	0.0	0.0	0.0
-16.59242913	0.0	0.0	0.0	0.0	0.0	0.0	0.0	0.0	0.0
-16.56142913	0.0	0.0	0.0	0.0	0.0	0.0	0.0	0.0	0.0
-16.530429129999998	6.61817e-15	3.0795117599999996e-16	1.214048e-16	1.4697699999999997e-16	0.0	0.0	0.0	0.0	0.0
-16.49942913	2.25052e-13	1.0468917800000001e-14	4.127695e-15	4.997253600000001e-15	0.0	0.0	0.0	0.0	0.0
-16.46842913	6.34413e-12	2.9504653099999996e-13	1.163524e-13	1.4085830999999998e-13	0.0	0.0	0.0	0.0	0.0
-16.437429129999998	1.4796870000000003e-10	6.8837264000000005e-12	2.714053e-12	3.2852986e-12	0.0	0.0	0.0	0.0	0.0
-16.40642913	2.8531709999999995e-09	1.3273613299999998e-10	5.233184e-11	6.3354089e-11	0.0	0.0	0.0	0.0	0.0
-16.37542913	4.54841e-08	2.11623738e-09	8.34233e-10	1.01004819e-09	0.0	0.0	0.0	0.0	0.0
-16.344429129999998	5.99498e-07	2.7892632200000002e-08	1.099669e-08	1.3312837e-08	0.0	0.0	0.0	0.0	0.0
-16.31342913	6.53426e-06	3.03995101e-07	1.198488e-07	1.4511236e-07	0.0	0.0	0.0	0.0	0.0
-16.28242913	5.88917e-05	2.7394172900000002e-06	1.0802759999999998e-06	1.3079126000000002e-06	0.0	0.0	0.0	0.0	0.0
-16.25142913	0.000439086	2.04257198e-05	8.05384e-06	9.750288899999999e-06	0.0	0.0	0.0	0.0	0.0
-16.22042913	0.002707412	0.000125944104	4.965758e-05	6.0121491000000006e-05	0.0	0.0	0.0	0.0	0.0
-16.18942913	0.013809769999999999	0.00064234336	0.0002532866	0.00030665529	0.0	0.0	0.0	0.0	0.0
-16.15742913	0.0582655	0.00271025373	0.001068799	0.0012937721000000001	0.0	0.0	0.0	0.0	0.0
-16.12642913	0.2034045	0.009461989600000002	0.003730597	0.0045163098999999995	0.0	0.0	0.0	0.0	0.0
-16.09542913	0.587403	0.027327001499999996	0.010774780000000001	0.013044645	0.0	0.0	0.0	0.0	0.0
-16.06442913	1.4037970000000002	0.065301906	0.025749240000000003	0.031177684	0.0	0.0	0.0	0.0	0.0
-16.03342913	2.7761620000000002	0.12914036499999998	0.05091557	0.06165369300000001	0.0	0.0	0.0	0.0	0.0
-16.00242913	4.54256	0.21126633299999997	0.08332330000000002	0.100871618	0.0	0.0	0.0	0.0	0.0
-15.97142913	6.15039	0.28618216100000005	0.1128283	0.13659083	0.0	0.0	0.0	0.0	0.0
-15.940429129999998	6.89275	0.32062961900000003	0.1264231	0.15305743	0.0	0.0	0.0	0.0	0.0
-15.90942913	6.391679999999999	0.29728137400000004	0.1172293	0.14192684	0.0	0.0	0.0	0.0	0.0
-15.87842913	4.904380000000001	0.228148854	0.0899661	0.10891347099999998	0.0	0.0	0.0	0.0	0.0
-15.847429129999998	3.114369	0.14487946499999999	0.05712396000000001	0.06916887199999999	0.0	0.0	0.0	0.0	0.0
-15.81642913	1.636547	0.076132333	0.03001581	0.036346408	0.0	0.0	0.0	0.0	0.0
-15.78542913	0.711562	0.0331050928	0.013052029999999997	0.015801021	0.0	0.0	0.0	0.0	0.0
-15.754429129999998	0.2560194	0.011908868099999997	0.004695829	0.0056852258	0.0	0.0	0.0	0.0	0.0
-15.72342913	0.07629140000000002	0.0035472224	0.001399675	0.0016953550999999998	0.0	0.0	0.0	0.0	0.0
-15.69242913	0.019464090000000003	0.0008876211999999999	0.0003577819999999999	0.00043882320000000004	0.0	0.0	0.0	0.0	0.0
-15.661429129999998	0.00793286	0.00026383229999999997	0.0001501388	0.00021508981999999996	0.0	0.0	0.0	0.0	0.0
-15.63042913	0.02070973	0.00044968129999999995	0.0004025012999999999	0.00064988948	0.0	0.0	0.0	0.0	0.0
-15.59942913	0.08114956	0.0016997519999999997	0.00157995	0.00256911199	0.0	0.0	0.0	0.0	0.0
-15.568429129999998	0.2708903	0.005667106	0.005274256	0.0085804425	0.0	0.0	0.0	0.0	0.0
-15.53742913	0.7490538	0.015669862	0.01458131	0.023722025600000005	0.0	0.0	0.0	0.0	0.0
-15.50642913	1.713639	0.03584814600000001	0.03336831	0.054285828	0.0	0.0	0.0	0.0	0.0
-15.475429129999998	3.244314	0.0678746	0.06316715	0.102765319	0.0	0.0	0.0	0.0	0.0
-15.44442913	5.082558000000001	0.10632841999999999	0.09896600000000001	0.160990775	0.0	0.0	0.0	0.0	0.0
-15.41342913	6.588892	0.13783185000000003	0.12828240000000002	0.208736478	0.0	0.0	0.0	0.0	0.0
-15.382429129999998	7.068916999999999	0.14787633999999997	0.1376307	0.223952447	0.0	0.0	0.0	0.0	0.0
-15.35142913	6.275596	0.13128165999999997	0.12219309999999997	0.19878784300000002	0.0	0.0	0.0	0.0	0.0
-15.32042913	4.611019	0.09645238000000002	0.08976775999999997	0.146048921	0.0	0.0	0.0	0.0	0.0
-15.289429129999998	2.8031209999999995	0.05864222	0.054576419999999994	0.088787373	0.0	0.0	0.0	0.0	0.0
-15.25842913	1.4101963	0.02949950799999999	0.027455880000000002	0.04467156889999999	0.0	0.0	0.0	0.0	0.0
-15.22742913	0.5870415999999999	0.012279677000000001	0.011428899999999999	0.018594028500000002	0.0	0.0	0.0	0.0	0.0
-15.196429129999999	0.2021996	0.004229680999999999	0.003936846	0.006404683900000001	0.0	0.0	0.0	0.0	0.0
-15.16542913	0.057616310000000004	0.0012053049	0.0011218800000000002	0.0018251791100000001	0.0	0.0	0.0	0.0	0.0
-15.134429130000001	0.013584856000000001	0.0002841943000000001	0.0002645053	0.000430318835	0.0	0.0	0.0	0.0	0.0
-15.103429129999999	0.0026496799999999997	5.5429e-05	5.159093e-05	8.392518600000001e-05	0.0	0.0	0.0	0.0	0.0
-15.07242913	0.0004274625	8.942476e-06	8.32383e-06	1.3540561099999999e-05	0.0	0.0	0.0	0.0	0.0
-15.041429130000001	5.704127e-05	1.1934017999999998e-06	1.110831e-06	1.80695871e-06	0.0	0.0	0.0	0.0	0.0
-15.010429129999999	6.295858e-06	1.3170657e-07	1.2259489999999998e-07	1.9942055700000003e-07	0.0	0.0	0.0	0.0	0.0
-14.97942913	5.746902e-07	1.202102e-08	1.118809e-08	1.8202294999999998e-08	0.0	0.0	0.0	0.0	0.0
-14.948429130000001	4.3371759999999996e-08	9.072280000000001e-10	8.443791999999999e-10	1.37363344e-09	0.0	0.0	0.0	0.0	0.0
-14.917429129999999	2.7062860000000006e-09	5.6612599999999994e-11	5.268933e-11	8.572247200000001e-11	0.0	0.0	0.0	0.0	0.0
-14.88642913	1.396177e-10	2.9208133000000006e-12	2.71862e-12	4.42307113e-12	0.0	0.0	0.0	0.0	0.0
-14.855429130000001	5.950702999999999e-12	1.2446459999999996e-13	1.15859e-13	1.8847170000000003e-13	0.0	0.0	0.0	0.0	0.0
-14.824429129999999	2.0830339999999997e-13	4.357134000000001e-15	4.0557379999999995e-15	6.5984772e-15	0.0	0.0	0.0	0.0	0.0
-14.79342913	9.056977e-15	1.8946376000000001e-16	1.7634069999999997e-16	2.868766499999999e-16	0.0	0.0	0.0	0.0	0.0
-14.762429130000001	0.0	0.0	0.0	0.0	0.0	0.0	0.0	0.0	0.0
-14.731429129999999	0.0	0.0	0.0	0.0	0.0	0.0	0.0	0.0	0.0
-14.70042913	0.0	0.0	0.0	0.0	0.0	0.0	0.0	0.0	0.0
-14.669429130000001	0.0	0.0	0.0	0.0	0.0	0.0	0.0	0.0	0.0
-14.638429129999999	0.0	0.0	0.0	0.0	0.0	0.0	0.0	0.0	0.0
-14.60742913	0.0	0.0	0.0	0.0	0.0	0.0	0.0	0.0	0.0
-14.576429130000001	0.0	0.0	0.0	0.0	0.0	0.0	0.0	0.0	0.0
-14.545429129999999	0.0	0.0	0.0	0.0	0.0	0.0	0.0	0.0	0.0
-14.51442913	0.0	0.0	0.0	0.0	0.0	0.0	0.0	0.0	0.0
-14.483429130000001	0.0	0.0	0.0	0.0	0.0	0.0	0.0	0.0	0.0
-14.452429129999999	0.0	0.0	0.0	0.0	0.0	0.0	0.0	0.0	0.0
-14.42142913	0.0	0.0	0.0	0.0	0.0	0.0	0.0	0.0	0.0
-14.390429130000001	0.0	0.0	0.0	0.0	0.0	0.0	0.0	0.0	0.0
-14.359429129999999	0.0	0.0	0.0	0.0	0.0	0.0	0.0	0.0	0.0
-14.32842913	0.0	0.0	0.0	0.0	0.0	0.0	0.0	0.0	0.0
-14.297429130000001	0.0	0.0	0.0	0.0	0.0	0.0	0.0	0.0	0.0
-14.266429129999999	0.0	0.0	0.0	0.0	0.0	0.0	0.0	0.0	0.0
-14.23542913	0.0	0.0	0.0	0.0	0.0	0.0	0.0	0.0	0.0
-14.204429130000001	2.19655e-15	1.8611699e-16	5.192719e-17	8.336841300000001e-17	0.0	0.0	0.0	0.0	0.0
-14.173429129999999	7.468259999999999e-14	6.3285674e-15	1.7653682999999998e-15	2.8341847699999998e-15	0.0	0.0	0.0	0.0	0.0
-14.14242913	2.23829e-12	1.8966203000000002e-13	5.2912929999999995e-14	8.4938538e-14	0.0	0.0	0.0	0.0	0.0
-14.111429130000001	5.5456899999999996e-11	4.698496200000001e-12	1.3109954000000001e-12	2.10456728e-12	0.0	0.0	0.0	0.0	0.0
-14.080429129999999	1.135711e-09	9.623296800000001e-11	2.685024e-11	4.3105118000000006e-11	0.0	0.0	0.0	0.0	0.0
-14.04942913	1.92294e-08	1.6293208000000002e-09	4.546259e-10	7.297815e-10	0.0	0.0	0.0	0.0	0.0
-14.018429130000001	2.6918699999999996e-07	2.2806327999999998e-08	6.363824e-09	1.02163194e-08	0.0	0.0	0.0	0.0	0.0
-13.987429129999999	3.1162e-06	2.6402593e-07	7.367420000000001e-08	1.1825724200000002e-07	0.0	0.0	0.0	0.0	0.0
-13.95642913	2.9830199999999998e-05	2.5276893999999996e-06	7.052128e-07	1.1320466500000002e-06	0.0	0.0	0.0	0.0	0.0
-13.925429130000001	0.00023615899999999997	2.0009161999999997e-05	5.583312e-06	8.9619546e-06	0.0	0.0	0.0	0.0	0.0
-13.894429129999999	0.0015463690000000001	0.00013101657800000002	3.655652e-05	5.867981700000001e-05	0.0	0.0	0.0	0.0	0.0
-13.86342913	0.00837444	0.00070961106	0.00019799620000000002	0.000317895228	0.0	0.0	0.0	0.0	0.0
-13.83142913	0.0375287	0.0031799076999999994	0.0008872174	0.00142428315	0.0	0.0	0.0	0.0	0.0
-13.800429130000001	0.1391115	0.0117859194	0.0032887430000000002	0.0052792746	0.0	0.0	0.0	0.0	0.0
-13.769429129999999	0.426619	0.036145273	0.010085677999999999	0.0161907014	0.0	0.0	0.0	0.0	0.0
-13.73842913	1.082546	0.09172782600000001	0.02559357	0.0410854919	0.0	0.0	0.0	0.0	0.0
-13.707429130000001	2.27296	0.19259714	0.05373907	0.086264266	0.0	0.0	0.0	0.0	0.0
-13.676429129999999	3.94939	0.33458513	0.09336502999999999	0.14988349099999998	0.0	0.0	0.0	0.0	0.0
-13.64542913	5.678030000000001	0.48109398999999997	0.13424406	0.21550689699999998	0.0	0.0	0.0	0.0	0.0
-13.614429130000001	6.755560000000002	0.5723765599999999	0.15970895999999998	0.25640198	0.0	0.0	0.0	0.0	0.0
-13.583429129999999	6.65177	0.5636147300000001	0.1572631	0.252448187	0.0	0.0	0.0	0.0	0.0
-13.55242913	5.419969999999999	0.45923689	0.12813921	0.205685816	0.0	0.0	0.0	0.0	0.0
-13.521429130000001	3.65432	0.30960268999999996	0.08639134000000001	0.138684177	0.0	0.0	0.0	0.0	0.0
-13.490429129999999	2.0388800000000002	0.17275850999999998	0.04820238	0.07738471	0.0	0.0	0.0	0.0	0.0
-13.45942913	0.941424	0.079760277	0.022255229999999997	0.035726143700000004	0.0	0.0	0.0	0.0	0.0
-13.428429130000001	0.35962900000000003	0.030470672000000004	0.008501464	0.0136474125	0.0	0.0	0.0	0.0	0.0
-13.397429129999999	0.1136767	0.0096314564	0.0026873999999999995	0.004314003899999999	0.0	0.0	0.0	0.0	0.0
-13.36642913	0.029727199999999995	0.0025192074000000004	0.0007028154999999999	0.0011281647500000001	0.0	0.0	0.0	0.0	0.0
-13.335429130000001	0.00643198	0.00054497938	0.00015203942	0.00024407167	0.0	0.0	0.0	0.0	0.0
-13.304429129999999	0.001151108	9.752501000000001e-05	2.72117e-05	4.3683624e-05	0.0	0.0	0.0	0.0	0.0
-13.27342913	0.0001704049	1.4438765700000002e-05	4.028443e-06	6.4674651999999995e-06	0.0	0.0	0.0	0.0	0.0
-13.242429130000001	2.0873899999999997e-05	1.7683756e-06	4.935706e-07	7.926270499999999e-07	0.0	0.0	0.0	0.0	0.0
-13.211429129999999	2.2716e-06	1.8712408999999998e-07	5.4952630000000004e-08	9.2287261e-08	0.0	0.0	0.0	0.0	0.0
-13.18042913	2.090609e-06	1.125956e-07	6.443939000000001e-08	1.526057044e-07	0.0	0.0	0.0	0.0	0.0
-13.149429130000001	1.9061977999999998e-05	9.727533999999998e-07	6.0015386e-07	1.4528251560000003e-06	0.0	0.0	0.0	0.0	0.0
-13.118429129999999	0.00015682875	7.999464e-06	4.9387597e-06	1.195528016e-05	0.0	0.0	0.0	0.0	0.0
-13.08742913	0.0010680388000000002	5.4476970000000005e-05	3.3630014e-05	8.14180245e-05	0.0	0.0	0.0	0.0	0.0
-13.056429130000001	0.006014720799999999	0.00030680689999999994	0.00018939296000000002	0.000458550204	0.0	0.0	0.0	0.0	0.0
-13.02542913	0.028025363000000005	0.0014295907000000001	0.0008824286700000001	0.002136433456	0.0	0.0	0.0	0.0	0.0
-12.99442913	0.10800525000000001	0.005510498	0.0034012611	0.0082349612	0.0	0.0	0.0	0.0	0.0
-12.963429129999998	0.34447089999999997	0.017571865	0.0108465742	0.02625952253	0.0	0.0	0.0	0.0	0.0
-12.93242913	0.9089534	0.04636847000000001	0.028622287	0.06930130649999999	0.0	0.0	0.0	0.0	0.0
-12.90142913	1.98446	0.10122584999999999	0.062485005999999996	0.1512769855	0.0	0.0	0.0	0.0	0.0
-12.870429129999998	3.5849994000000005	0.18286315	0.11289084600000002	0.2733430636	0.0	0.0	0.0	0.0	0.0
-12.83942913	5.3597945000000005	0.27342310000000003	0.16875898	0.40857903200000006	0.0	0.0	0.0	0.0	0.0
-12.80842913	6.630248300000001	0.3382632	0.20877672	0.505494428	0.0	0.0	0.0	0.0	0.0
-12.777429129999998	6.7879222	0.3462842	0.21374927	0.5174143000000001	0.0	0.0	0.0	0.0	0.0
-12.74642913	5.7512704	0.293353	0.18108107000000004	0.438429041	0.0	0.0	0.0	0.0	0.0
-12.71542913	4.0320054	0.20566116000000004	0.12695717999999998	0.3074049638	0.0	0.0	0.0	0.0	0.0
-12.684429129999998	2.3391366	0.11930888000000002	0.07365470499999999	0.1783192321	0.0	0.0	0.0	0.0	0.0
-12.65342913	1.1230636999999999	0.05727787	0.035354959000000005	0.0856071016	0.0	0.0	0.0	0.0	0.0
-12.62242913	0.44607277	0.02275394	0.014045326999999998	0.034002868029999994	0.0	0.0	0.0	0.0	0.0
-12.591429129999998	0.14660684000000002	0.007478416	0.0046163223000000005	0.01117731499	0.0	0.0	0.0	0.0	0.0
-12.56042913	0.039869237999999994	0.0020335705	0.0012553743	0.003039265547	0.0	0.0	0.0	0.0	0.0
-12.52942913	0.008969231000000001	0.00045754389999999996	0.00028242552	0.0006837612200000001	0.0	0.0	0.0	0.0	0.0
-12.498429129999998	0.0016692662999999999	8.513687e-05	5.2559868e-05	0.0001272581849	0.0	0.0	0.0	0.0	0.0
-12.46742913	0.00025696739000000005	1.3107127e-05	8.0918293e-06	1.958968286e-05	0.0	0.0	0.0	0.0	0.0
-12.43642913	3.2718198e-05	1.6689757000000002e-06	1.03021874e-06	2.494716604e-06	0.0	0.0	0.0	0.0	0.0
-12.405429129999998	3.4454721000000003e-06	1.7574419000000002e-07	1.0848514400000001e-07	2.626215554e-07	0.0	0.0	0.0	0.0	0.0
-12.37442913	3.0004377e-07	1.5304326e-08	9.447478e-09	2.2872653560000002e-08	0.0	0.0	0.0	0.0	0.0
-12.34342913	2.1605186999999997e-08	1.1020249999999998e-09	6.8024182e-10	1.64699686e-09	0.0	0.0	0.0	0.0	0.0
-12.312429129999998	1.2861714999999998e-09	6.560677e-11	4.0498570000000004e-11	9.80622676e-11	0.0	0.0	0.0	0.0	0.0
-12.28142913	6.3301516e-11	3.228864e-12	1.9933086e-12	4.82625958e-12	0.0	0.0	0.0	0.0	0.0
-12.25042913	2.5785259e-12	1.3152722e-13	8.118133599999999e-14	1.9656047040000001e-13	0.0	0.0	0.0	0.0	0.0
-12.219429129999998	8.800707000000002e-14	4.489556e-15	2.7709328e-15	6.70824016e-15	0.0	0.0	0.0	0.0	0.0
-12.18842913	0.0	0.0	0.0	0.0	0.0	0.0	0.0	0.0	0.0
-12.15742913	0.0	0.0	0.0	0.0	0.0	0.0	0.0	0.0	0.0
-12.126429129999998	0.0	0.0	0.0	0.0	0.0	0.0	0.0	0.0	0.0
-12.09542913	0.0	0.0	0.0	0.0	0.0	0.0	0.0	0.0	0.0
-12.06442913	0.0	0.0	0.0	0.0	0.0	0.0	0.0	0.0	0.0
-12.033429129999998	0.0	0.0	0.0	0.0	0.0	0.0	0.0	0.0	0.0
-12.00242913	0.0	0.0	0.0	0.0	0.0	0.0	0.0	0.0	0.0
-11.97142913	0.0	0.0	0.0	0.0	0.0	0.0	0.0	0.0	0.0
-11.940429129999998	0.0	0.0	0.0	0.0	0.0	0.0	0.0	0.0	0.0
-11.90942913	0.0	0.0	0.0	0.0	0.0	0.0	0.0	0.0	0.0
-11.87842913	0.0	0.0	0.0	0.0	0.0	0.0	0.0	0.0	0.0
-11.847429129999998	0.0	0.0	0.0	0.0	0.0	0.0	0.0	0.0	0.0
-11.81642913	0.0	0.0	0.0	0.0	0.0	0.0	0.0	0.0	0.0
-11.78542913	0.0	0.0	0.0	0.0	0.0	0.0	0.0	0.0	0.0
-11.754429129999998	0.0	0.0	0.0	0.0	0.0	0.0	0.0	0.0	0.0
-11.72342913	0.0	0.0	0.0	0.0	0.0	0.0	0.0	0.0	0.0
-11.69242913	0.0	0.0	0.0	0.0	0.0	0.0	0.0	0.0	0.0
-11.661429129999998	0.0	0.0	0.0	0.0	0.0	0.0	0.0	0.0	0.0
-11.63042913	0.0	0.0	0.0	0.0	0.0	0.0	0.0	0.0	0.0
-11.59942913	0.0	0.0	0.0	0.0	0.0	0.0	0.0	0.0	0.0
-11.568429129999998	0.0	0.0	0.0	0.0	0.0	0.0	0.0	0.0	0.0
-11.53742913	0.0	0.0	0.0	0.0	0.0	0.0	0.0	0.0	0.0
-11.50642913	0.0	0.0	0.0	0.0	0.0	0.0	0.0	0.0	0.0
-11.47442913	0.0	0.0	0.0	0.0	0.0	0.0	0.0	0.0	0.0
-11.443429129999998	0.0	0.0	0.0	0.0	0.0	0.0	0.0	0.0	0.0
-11.41242913	0.0	0.0	0.0	0.0	0.0	0.0	0.0	0.0	0.0
-11.38142913	0.0	0.0	0.0	0.0	0.0	0.0	0.0	0.0	0.0
-11.350429129999998	0.0	0.0	0.0	0.0	0.0	0.0	0.0	0.0	0.0
-11.31942913	0.0	0.0	0.0	0.0	0.0	0.0	0.0	0.0	0.0
-11.28842913	8.24664035e-15	8.149024279999999e-16	6.1175886e-16	6.517912e-16	0.0	0.0	0.0	0.0	0.0
-11.257429129999998	2.7829632470000004e-13	2.75058224e-14	2.0646847e-14	2.19990612e-14	0.0	0.0	0.0	0.0	0.0
-11.22642913	7.716041269999999e-12	7.62660278e-13	5.7240172e-13	6.0992568e-13	0.0	0.0	0.0	0.0	0.0
-11.19542913	1.7721941179999999e-10	1.75135113e-11	1.3146902e-11	1.4007429300000001e-11	0.0	0.0	0.0	0.0	0.0
-11.164429129999998	3.3645720209999993e-09	3.3250308100000006e-10	2.4963371e-10	2.6597281099999996e-10	0.0	0.0	0.0	0.0	0.0
-11.13342913	5.281168669e-08	5.2190493400000005e-09	3.9179109e-09	4.1742793e-09	0.0	0.0	0.0	0.0	0.0
-11.10242913	6.85424771e-07	6.77353515e-08	5.0844821e-08	5.417356499999999e-08	0.0	0.0	0.0	0.0	0.0
-11.071429129999999	7.35605743e-06	7.268955810000001e-07	5.4566981e-07	5.8143616e-07	0.0	0.0	0.0	0.0	0.0
-11.04042913	6.528738357000001e-05	6.45139531e-06	4.8434497e-06	5.160206799999999e-06	0.0	0.0	0.0	0.0	0.0
-11.009429130000001	0.00047920301239999996	4.7359769200000005e-05	3.5551522999999996e-05	3.7875427999999996e-05	0.0	0.0	0.0	0.0	0.0
-10.978429129999999	0.002909437929	0.00028753653300000006	0.00021584918999999997	0.00022997013000000002	0.0	0.0	0.0	0.0	0.0
-10.94742913	0.014613399539999999	0.0014439179199999999	0.0010839957100000001	0.0011550329699999999	0.0	0.0	0.0	0.0	0.0
-10.91642913	0.06071281241	0.005999619180000001	0.0045036522	0.0047985342	0.0	0.0	0.0	0.0	0.0
-10.88542913	0.20868021269999998	0.020622614599999995	0.0154810151	0.016493596300000003	0.0	0.0	0.0	0.0	0.0
-10.85442913	0.5934447414000001	0.0586555674	0.04402956	0.046917435	0.0	0.0	0.0	0.0	0.0
-10.82342913	1.396646686	0.138011918	0.10359983099999999	0.11038740999999999	0.0	0.0	0.0	0.0	0.0
-10.79242913	2.719461389	0.26874814199999997	0.20173856	0.214944342	0.0	0.0	0.0	0.0	0.0
-10.76142913	4.38173763	0.43303431100000006	0.32508748	0.346323178	0.0	0.0	0.0	0.0	0.0
-10.73042913	5.842557182999999	0.577392762	0.43341983	0.46174841	0.0	0.0	0.0	0.0	0.0
-10.69942913	6.446169263	0.6370537620000001	0.47826441000000003	0.5095845999999999	0.0	0.0	0.0	0.0	0.0
-10.66842913	5.886000770000002	0.581722305	0.43665567000000005	0.46529146	0.0	0.0	0.0	0.0	0.0
-10.63742913	4.447663520000001	0.43952750999999995	0.33000113999999997	0.351595003	0.0	0.0	0.0	0.0	0.0
-10.60642913	2.7812412139999996	0.27485622699999995	0.20632084	0.219831747	0.0	0.0	0.0	0.0	0.0
-10.57542913	1.4390281639999998	0.14221396	0.106752649	0.113742324	0.0	0.0	0.0	0.0	0.0
-10.54442913	0.6161620954	0.0608848533	0.045702396000000006	0.04870147	0.0	0.0	0.0	0.0	0.0
-10.51342913	0.21830203450000002	0.021571752300000004	0.016192925900000002	0.0172545917	0.0	0.0	0.0	0.0	0.0
-10.48242913	0.064086299	0.0063314148999999995	0.004753872200000001	0.005069762100000001	0.0	0.0	0.0	0.0	0.0
-10.45142913	0.016269387	0.00159820766	0.0012052684000000001	0.0013194295799999999	0.0	0.0	0.0	0.0	0.0
-10.42042913	0.0074769599999999995	0.0006830162	0.00054516264	0.0007850190399999998	0.0	0.0	0.0	0.0	0.0
-10.38942913	0.021419299999999995	0.0018490440000000002	0.0015434063669999998	0.0026215822000000004	0.0	0.0	0.0	0.0	0.0
-10.35842913	0.08287119999999999	0.0071297294	0.00596647409	0.0102277836	0.0	0.0	0.0	0.0	0.0
-10.32742913	0.2713705	0.023341498999999998	0.019540236160000002	0.03350449	0.0	0.0	0.0	0.0	0.0
-10.29642913	0.7357294999999999	0.06328761499999999	0.0529783472	0.090847587	0.0	0.0	0.0	0.0	0.0
-10.26542913	1.650799	0.142005051	0.11886509709999998	0.2038287	0.0	0.0	0.0	0.0	0.0
-10.23442913	3.0650720000000002	0.26363899	0.22068597909999998	0.37844439	0.0	0.0	0.0	0.0	0.0
-10.20342913	4.7085170000000005	0.40498398799999996	0.33902347000000005	0.5813667800000001	0.0	0.0	0.0	0.0	0.0
-10.17242913	5.98588	0.51492903	0.43102332800000004	0.73907225	0.0	0.0	0.0	0.0	0.0
-10.14142913	6.297509000000001	0.54171692	0.45348491	0.77750595	0.0	0.0	0.0	0.0	0.0
-10.11042913	5.483656	0.47157567000000006	0.3947992719999999	0.6770141399999999	0.0	0.0	0.0	0.0	0.0
-10.07942913	3.950556	0.33977299	0.2844555821	0.48781423	0.0	0.0	0.0	0.0	0.0
-10.04842913	2.355202	0.202591586	0.169583536	0.29079757	0.0	0.0	0.0	0.0	0.0
-10.01742913	1.161984	0.09995097800000001	0.0836606536	0.14347588000000003	0.0	0.0	0.0	0.0	0.0
-9.98642913	0.47433470000000005	0.0408045954	0.0341549701	0.058569799000000006	0.0	0.0	0.0	0.0	0.0
-9.955429129999999	0.1602176	0.013780117799999998	0.01153612526	0.019781447	0.0	0.0	0.0	0.0	0.0
-9.92442913	0.04477447	0.00385178166	0.003223912598	0.0055276901	0.0	0.0	0.0	0.0	0.0
-9.89342913	0.010351491	0.0008904820600000003	0.000745374387	0.00127818736	0.0	0.0	0.0	0.0	0.0
-9.862429129999999	0.0019798829999999996	0.000170303049	0.0001425598951	0.00024446835000000003	0.0	0.0	0.0	0.0	0.0
-9.83142913	0.00031325239999999995	2.6945010900000002e-05	2.255489407e-05	3.8672953e-05	0.0	0.0	0.0	0.0	0.0
-9.80042913	4.099102e-05	3.52550954e-06	2.951404171e-06	5.0611475000000005e-06	0.0	0.0	0.0	0.0	0.0
-9.769429129999999	4.4361210000000006e-06	3.8159920799999996e-07	3.194190229e-07	5.4769044e-07	0.0	0.0	0.0	0.0	0.0
-9.73842913	3.9703280000000005e-07	3.41576658e-08	2.8586450040000006e-08	4.9019789e-08	0.0	0.0	0.0	0.0	0.0
-9.70742913	2.938355e-08	2.5274983900000003e-09	2.1155466479999997e-09	3.6280053999999995e-09	0.0	0.0	0.0	0.0	0.0
-9.676429129999999	1.7978510000000003e-09	1.54666242e-10	1.294506298e-10	2.2199885e-10	0.0	0.0	0.0	0.0	0.0
-9.64542913	9.095355e-11	7.823829599999999e-12	6.54850648e-12	1.1230385700000001e-11	0.0	0.0	0.0	0.0	0.0
-9.61442913	3.801808e-12	3.269734269999999e-13	2.7373764699999995e-13	4.6939081e-13	0.0	0.0	0.0	0.0	0.0
-9.583429129999999	1.3360850000000002e-13	1.1492345e-14	9.62061115e-15	1.6495738e-14	0.0	0.0	0.0	0.0	0.0
-9.55242913	4.048745e-15	3.4828237799999994e-16	2.915165713e-16	4.999518899999999e-16	0.0	0.0	0.0	0.0	0.0
-9.52142913	0.0	0.0	0.0	0.0	0.0	0.0	0.0	0.0	0.0
-9.490429129999999	0.0	0.0	0.0	0.0	0.0	0.0	0.0	0.0	0.0
-9.45942913	0.0	0.0	0.0	0.0	0.0	0.0	0.0	0.0	0.0
-9.42842913	0.0	0.0	0.0	0.0	0.0	0.0	0.0	0.0	0.0
-9.397429129999999	0.0	0.0	0.0	0.0	0.0	0.0	0.0	0.0	0.0
-9.36642913	0.0	0.0	0.0	0.0	0.0	0.0	0.0	0.0	0.0
-9.33542913	0.0	0.0	0.0	0.0	0.0	0.0	0.0	0.0	0.0
-9.304429129999999	0.0	0.0	0.0	0.0	0.0	0.0	0.0	0.0	0.0
-9.27342913	0.0	0.0	0.0	0.0	0.0	0.0	0.0	0.0	0.0
-9.24242913	0.0	0.0	0.0	0.0	0.0	0.0	0.0	0.0	0.0
-9.211429129999999	0.0	0.0	0.0	0.0	0.0	0.0	0.0	0.0	0.0
-9.18042913	0.0	0.0	0.0	0.0	0.0	0.0	0.0	0.0	0.0
-9.14842913	0.0	0.0	0.0	0.0	0.0	0.0	0.0	0.0	0.0
-9.11742913	0.0	0.0	0.0	0.0	0.0	0.0	0.0	0.0	0.0
-9.086429129999999	0.0	0.0	0.0	0.0	0.0	0.0	0.0	0.0	0.0
-9.05542913	0.0	0.0	0.0	0.0	0.0	0.0	0.0	0.0	0.0
-9.02442913	0.0	0.0	0.0	0.0	0.0	0.0	0.0	0.0	0.0
-8.993429129999999	0.0	0.0	0.0	0.0	0.0	0.0	0.0	0.0	0.0
-8.96242913	4.163722989999999e-15	9.913295e-16	1.0905017930000001e-15	9.491884240000001e-16	0.0	0.0	0.0	0.0	0.0
-8.93142913	1.5408595300000002e-13	3.6687147e-14	4.03482269e-14	3.51218099e-14	0.0	0.0	0.0	0.0	0.0
-8.90042913	4.31150862e-12	1.0263579e-12	1.12892925e-12	9.82844038e-13	0.0	0.0	0.0	0.0	0.0
-8.86942913	1.00105703e-10	2.3829379e-11	2.62090975e-11	2.2819588100000003e-11	0.0	0.0	0.0	0.0	0.0
-8.83842913	1.92141412e-09	4.5740878000000007e-10	5.030729030000001e-10	4.38053585e-10	0.0	0.0	0.0	0.0	0.0
-8.80742913	3.049197599999999e-08	7.2587368e-09	7.985206029999999e-09	6.951079199999999e-09	0.0	0.0	0.0	0.0	0.0
-8.77642913	4.0007509099999995e-07	9.524249e-08	1.047776844e-07	9.1204528e-08	0.0	0.0	0.0	0.0	0.0
-8.74542913	4.3419091899999995e-06	1.0334928999999998e-06	1.1368442700000001e-06	9.89674318e-07	0.0	0.0	0.0	0.0	0.0
-8.71442913	3.895547620000001e-05	9.273608000000002e-06	1.0199972879999999e-05	8.879030149999999e-06	0.0	0.0	0.0	0.0	0.0
-8.68342913	0.000289104222	6.8815437e-05	7.57074365e-05	6.589354e-05	0.0	0.0	0.0	0.0	0.0
-8.65242913	0.0017746080899999999	0.00042239671	0.00046467296199999996	0.00040444417100000003	0.0	0.0	0.0	0.0	0.0
-8.62142913	0.009010003599999997	0.0021449733	0.00235940083	0.002053796612	0.0	0.0	0.0	0.0	0.0
-8.59042913	0.0378458661	0.009010699	0.009910331009999999	0.00862780827	0.0	0.0	0.0	0.0	0.0
-8.55942913	0.13151950099999998	0.031304273	0.0344399535	0.029983859400000003	0.0	0.0	0.0	0.0	0.0
-8.52842913	0.37814191399999997	0.09002685000000003	0.09902680240000002	0.08620248620000001	0.0	0.0	0.0	0.0	0.0
-8.49742913	0.89967255	0.21415862000000002	0.23554662000000004	0.20507338370000003	0.0	0.0	0.0	0.0	0.0
-8.46642913	1.7710798200000002	0.4215957000000001	0.46367218400000004	0.403687253	0.0	0.0	0.0	0.0	0.0
-8.43542913	2.88493938	0.68679171	0.7554775210000001	0.6575892910000001	0.0	0.0	0.0	0.0	0.0
-8.40442913	3.8890125700000002	0.9257539	1.0183601230000001	0.886591662	0.0	0.0	0.0	0.0	0.0
-8.37342913	4.338441619999999	1.0327792	1.1358861	0.9889091400000001	0.0	0.0	0.0	0.0	0.0
-8.34242913	4.004020379999999	0.9532404999999999	1.0486450219999999	0.9128014760000001	0.0	0.0	0.0	0.0	0.0
-8.31142913	3.0591901200000002	0.7282641699999999	0.801053046	0.6973643289999999	0.0	0.0	0.0	0.0	0.0
-8.28042913	1.9337292000000004	0.46037901	0.506400202	0.440790036	0.0	0.0	0.0	0.0	0.0
-8.24942913	1.0116716699999997	0.24082177	0.26485122	0.23060406800000002	0.0	0.0	0.0	0.0	0.0
-8.21842913	0.4378399940000001	0.10423985999999999	0.114656698	0.09982202340000002	0.0	0.0	0.0	0.0	0.0
-8.18742913	0.15683483299999998	0.037336501999999994	0.0410621753	0.0357583318	0.0	0.0	0.0	0.0	0.0
-8.15642913	0.04647275199999999	0.011063637000000001	0.012170843	0.0105939461	0.0	0.0	0.0	0.0	0.0
-8.12542913	0.0113931609	0.0027124278	0.00298397027	0.0025972735699999997	0.0	0.0	0.0	0.0	0.0
-8.09442913	0.0023109441200000005	0.0005502010500000001	0.000605139428	0.00052675007	0.0	0.0	0.0	0.0	0.0
-8.06342913	0.00038774188	9.229293e-05	0.0001015146136	8.838806959999999e-05	0.0	0.0	0.0	0.0	0.0
-8.03242913	5.3801308e-05	1.2808037e-05	1.4088847e-05	1.2265527019999998e-05	0.0	0.0	0.0	0.0	0.0
-8.00142913	6.1753219e-06	1.4699884000000002e-06	1.6169761400000002e-06	1.407490203e-06	0.0	0.0	0.0	0.0	0.0
-7.970429129999999	5.860965699999999e-07	1.3952332e-07	1.5347594100000001e-07	1.3361252400000001e-07	0.0	0.0	0.0	0.0	0.0
-7.939429130000001	4.6000129e-08	1.0950703000000001e-08	1.2046673899999999e-08	1.04867242e-08	0.0	0.0	0.0	0.0	0.0
-7.90842913	2.98549686e-09	7.1078003e-10	7.817960649999999e-10	6.805370209999999e-10	0.0	0.0	0.0	0.0	0.0
-7.8774291299999994	1.6018664099999998e-10	3.8142546999999994e-11	4.1952020099999994e-11	3.6510697999999994e-11	0.0	0.0	0.0	0.0	0.0
-7.846429129999999	7.1042827e-12	1.6912435e-12	1.8603163e-12	1.6194679849999997e-12	0.0	0.0	0.0	0.0	0.0
-7.81542913	2.60942006e-13	6.213226199999999e-14	6.833401619999999e-14	5.94951761e-14	0.0	0.0	0.0	0.0	0.0
-7.7844291299999995	8.328584900000002e-15	1.9826534999999997e-15	2.1808082499999996e-15	1.8985871610000004e-15	0.0	0.0	0.0	0.0	0.0
-7.753429129999999	0.0	0.0	0.0	0.0	0.0	0.0	0.0	0.0	0.0
-7.72242913	0.0	0.0	0.0	0.0	0.0	0.0	0.0	0.0	0.0
-7.6914291299999995	0.0	0.0	0.0	0.0	0.0	0.0	0.0	0.0	0.0
-7.660429129999999	0.0	0.0	0.0	0.0	0.0	0.0	0.0	0.0	0.0
-7.62942913	0.0	0.0	0.0	0.0	0.0	0.0	0.0	0.0	0.0
-7.5984291299999995	0.0	0.0	0.0	0.0	0.0	0.0	0.0	0.0	0.0
-7.567429129999999	1.37661986e-15	9.9057162e-16	9.346233103102e-16	1.23141592e-15	0.0	0.0	0.0	0.0	0.0
-7.53642913	4.3365428e-14	3.1202647e-14	2.944051090977e-14	3.87848504e-14	0.0	0.0	0.0	0.0	0.0
-7.50542913	1.2576314699999998e-12	9.0487062e-13	8.537245702833e-13	1.1248897699999999e-12	0.0	0.0	0.0	0.0	0.0
-7.474429129999999	3.0125025100000004e-11	2.1676047900000003e-11	2.0449596206786995e-11	2.69461998e-11	0.0	0.0	0.0	0.0	0.0
-7.44342913	5.964415370000001e-10	4.2911505000000004e-10	4.049640021344e-10	5.3352643e-10	0.0	0.0	0.0	0.0	0.0
-7.41242913	9.763946400000003e-09	7.0252790000000005e-09	6.628798002199999e-09	8.732315759999999e-09	0.0	0.0	0.0	0.0	0.0
-7.381429129999999	1.3214684600000002e-07	9.5073509e-08	8.970549205941e-08	1.1818358699999999e-07	0.0	0.0	0.0	0.0	0.0
-7.35042913	1.4789005600000003e-06	1.06401788e-06	1.003869731214e-06	1.32266335e-06	0.0	0.0	0.0	0.0	0.0
-7.31942913	1.3686499699999999e-05	9.8484982e-06	9.29099972701e-06	1.22422749e-05	0.0	0.0	0.0	0.0	0.0
-7.288429129999999	0.00010476751099999999	7.5384306e-05	7.111533055990001e-05	9.37032728e-05	0.0	0.0	0.0	0.0	0.0
-7.25742913	0.0006633545629999999	0.0004772648	0.00045023452408999995	0.0005932265470000001	0.0	0.0	0.0	0.0	0.0
-7.22642913	0.0034733655500000004	0.00249911958	0.0023581592230000003	0.0031069038099999996	0.0	0.0	0.0	0.0	0.0
-7.195429129999999	0.015047096199999999	0.0108269046	0.010215350832	0.0134597092	0.0	0.0	0.0	0.0	0.0
-7.16442913	0.053938590700000004	0.038809988	0.03661200321000001	0.04824128	0.0	0.0	0.0	0.0	0.0
-7.13342913	0.159981141	0.11511397200000001	0.108595623	0.143043084	0.0	0.0	0.0	0.0	0.0
-7.102429129999999	0.39267447	0.28257326000000005	0.266483221	0.35109254999999995	0.0	0.0	0.0	0.0	0.0
-7.07142913	0.7982460699999999	0.57473961	0.5414060559999999	0.71300932	0.0	0.0	0.0	0.0	0.0
-7.04042913	1.34626229	0.9704140800000001	0.9111031599999999	1.19934989	0.0	0.0	0.0	0.0	0.0
-7.009429129999999	1.89225012	1.3689524499999999	1.2732311500000002	1.6734568	0.0	0.0	0.0	0.0	0.0
-6.97842913	2.2467846	1.6415267699999998	1.4870401299999998	1.9456372000000002	0.0	0.0	0.0	0.0	0.0
-6.94742913	2.332830000000001	1.74771557	1.4772878399999998	1.9088726999999999	0.0	0.0	0.0	0.0	0.0
-6.916429129999999	2.282919000000001	1.80141069	1.30521285	1.6335723	0.0	0.0	0.0	0.0	0.0
-6.88542913	2.3338489999999994	1.98096657	1.11950618	1.3113890000000001	0.0	0.0	0.0	0.0	0.0
-6.85442913	2.588584	2.33719957	1.026606085	1.095196	0.0	0.0	0.0	0.0	0.0
-6.823429129999999	2.8859580999999994	2.69423679	1.008061197	0.99331888	0.0	0.0	0.0	0.0	0.0
-6.791429129999999	2.9295249999999995	2.7731961299999996	0.9645709690000001	0.91016607	0.0	0.0	0.0	0.0	0.0
-6.76042913	2.5563725000000006	2.432285521	0.8227232620000001	0.7624799	0.0	0.0	0.0	0.0	0.0
-6.72942913	1.8716921799999997	1.784037459	0.5973577378999999	0.549905182	0.0	0.0	0.0	0.0	0.0
-6.698429129999999	1.1394848499999999	1.0867126926	0.3626304047000001	0.333062545	0.0	0.0	0.0	0.0	0.0
-6.66742913	0.5749333010000001	0.5484826330900001	0.18279781920000002	0.1677568798	0.0	0.0	0.0	0.0	0.0
-6.63642913	0.240230096	0.22915338884000003	0.0763619782	0.0700894135	0.0	0.0	0.0	0.0	0.0
-6.605429129999999	0.08336374	0.07932343659999999	0.026560626	0.024561366199999997	0.0	0.0	0.0	0.0	0.0
-6.57442913	0.025686320000000002	0.023226554	0.008525574	0.008908512	0.0	0.0	0.0	0.0	0.0
-6.54342913	0.014737290000000002	0.0080201168	0.0063935889	0.010990919	0.0	0.0	0.0	0.0	0.0
-6.512429129999999	0.036662934	0.011414121199999998	0.018328429599999994	0.036811788	0.0	0.0	0.0	0.0	0.0
-6.48142913	0.11496346299999999	0.033618306199999996	0.058095101889999994	0.11783506999999999	0.0	0.0	0.0	0.0	0.0
-6.45042913	0.30662008600000007	0.0893641803	0.15500081510000002	0.31456616000000004	0.0	0.0	0.0	0.0	0.0
-6.419429129999999	0.6774143200000001	0.19745367299999997	0.3425274915	0.6950715000000001	0.0	0.0	0.0	0.0	0.0
-6.3884291300000005	1.2388281099999998	0.36101507900000007	0.6262355141	1.2711117000000003	0.0	0.0	0.0	0.0	0.0
-6.35742913	1.8746020200000002	0.5462469390000001	0.9477102019999999	1.9233771	0.0	0.0	0.0	0.0	0.0
-6.326429129999999	2.34740798	0.6840482299999999	1.186711136	2.4082775	0.0	0.0	0.0	0.0	0.0
-6.2954291300000005	2.4325213299999993	0.7089297729999999	1.2296964270000001	2.4956404	0.0	0.0	0.0	0.0	0.0
-6.26442913	2.0860118500000002	0.6080670890000001	1.0546714519999998	2.1402887	0.0	0.0	0.0	0.0	0.0
-6.233429129999999	1.4818463500000003	0.432286356	0.7494466819999999	1.5191607999999999	0.0	0.0	0.0	0.0	0.0
-6.2024291300000005	0.8776510099999998	0.25785132	0.44509695000000005	0.8944865000000001	0.0	0.0	0.0	0.0	0.0
-6.17142913	0.4562695799999999	0.14136915	0.23632350999999996	0.44390129999999994	0.0	0.0	0.0	0.0	0.0
-6.140429129999999	0.28252800000000006	0.1102925	0.16165934	0.20958596999999998	0.0	0.0	0.0	0.0	0.0
-6.1094291300000005	0.36639550000000004	0.18366829	0.23704646000000001	0.15520209999999998	0.0	0.0	0.0	0.0	0.0
-6.07842913	0.7207015999999999	0.38495322	0.48224918499999997	0.23721683	0.0	0.0	0.0	0.0	0.0
-6.047429129999999	1.3310207999999997	0.71718057	0.8947448935	0.42011279599999996	0.0	0.0	0.0	0.0	0.0
-6.016429130000001	2.0684268000000006	1.1158164899999998	1.3914994776	0.6494575899999999	0.0	0.0	0.0	0.0	0.0
-5.98542913	2.6658021	1.43822547	1.7935215867	0.8364962410000001	0.0	0.0	0.0	0.0	0.0
-5.954429129999999	2.8437857000000006	1.53437308	1.9133611573000002	0.8923063049999999	0.0	0.0	0.0	0.0	0.0
-5.923429130000001	2.5106939000000006	1.35466407	1.6890535580000001	0.7877507400999998	0.0	0.0	0.0	0.0	0.0
-5.89242913	1.8346325	0.98999864	1.2343410359999998	0.5756904758	0.0	0.0	0.0	0.0	0.0
-5.861429129999999	1.1117245999999998	0.6001312099999999	0.748559171	0.34900337179999996	0.0	0.0	0.0	0.0	0.0
-5.830429129999999	0.5681320999999998	0.30804367	0.38466159799999994	0.17902325340000003	0.0	0.0	0.0	0.0	0.0
-5.79942913	0.27953492	0.15652073	0.19713220700000003	0.09062210500000001	0.0	0.0	0.0	0.0	0.0
-5.7684291299999995	0.23264010000000002	0.14313561	0.18454049	0.0819860406	0.0	0.0	0.0	0.0	0.0
-5.737429129999999	0.41547793	0.26914201	0.35104175	0.15330946699999998	0.0	0.0	0.0	0.0	0.0
-5.70642913	0.8358259200000001	0.54600738	0.7134303200000001	0.310768505	0.0	0.0	0.0	0.0	0.0
-5.6754291299999995	1.45301121	0.9500148799999998	1.24169798	0.540700167	0.0	0.0	0.0	0.0	0.0
-5.644429129999999	2.10072554	1.37370204	1.7954634500000002	0.781768764	0.0	0.0	0.0	0.0	0.0
-5.61342913	2.5148817799999996	1.6446672100000002	2.149522294	0.935968982	0.0	0.0	0.0	0.0	0.0
-5.5824291299999995	2.4935388300000008	1.6310975799999998	2.131329348	0.9288943700000001	0.0	0.0	0.0	0.0	0.0
-5.551429129999999	2.05345174	1.34511476	1.75545973	0.76848908	0.0	0.0	0.0	0.0	0.0
-5.52042913	1.42782754	0.9426864000000001	1.22177531	0.54732121	0.0	0.0	0.0	0.0	0.0
-5.4894291299999995	0.90890496	0.6220119	0.78113196	0.3877615	0.0	0.0	0.0	0.0	0.0
-5.458429129999999	0.6961536100000001	0.5258447	0.6058534999999999	0.38541264999999997	0.0	0.0	0.0	0.0	0.0
-5.42742913	0.8461196299999998	0.70264846	0.7462356	0.5817932600000001	0.0	0.0	0.0	0.0	0.0
-5.39642913	1.28030046	1.0981924100000002	1.1345523	0.94289794	0.0	0.0	0.0	0.0	0.0
-5.365429129999999	1.7993895799999997	1.55422423	1.5961923599999999	1.3443174	0.0	0.0	0.0	0.0	0.0
-5.33442913	2.1421842879999997	1.85279778	1.9006300600000003	1.6047117	0.0	0.0	0.0	0.0	0.0
-5.30342913	2.119691373	1.8336621499999999	1.88065291	1.5886693000000003	0.0	0.0	0.0	0.0	0.0
-5.272429129999999	1.737067243	1.5027475600000002	1.5412573700000003	1.3018839	0.0	0.0	0.0	0.0	0.0
-5.24142913	1.1781506000000002	1.01918328	1.04534117	0.8830263700000002	0.0	0.0	0.0	0.0	0.0
-5.21042913	0.6613035969	0.57201104	0.586763886	0.49565106000000003	0.0	0.0	0.0	0.0	0.0
-5.179429129999999	0.30712520480000005	0.265651956	0.27248545399999996	0.23020010000000005	0.0	0.0	0.0	0.0	0.0
-5.14842913	0.1181132548	0.102203972	0.104763409	0.08857194099999999	0.0	0.0	0.0	0.0	0.0
-5.11742913	0.03816400539999999	0.033185105	0.033693097000000005	0.028823045	0.0	0.0	0.0	0.0	0.0
-5.086429129999999	0.013460967	0.012600225	0.0109918229	0.011275678999999999	0.0	0.0	0.0	0.0	0.0
-5.05542913	0.01886516	0.020798277	0.0123244116	0.019448076	0.0	0.0	0.0	0.0	0.0
-5.02442913	0.0648168	0.07344157	0.0405858271	0.068218461	0.0	0.0	0.0	0.0	0.0
-4.993429129999999	0.20562138000000005	0.23363974999999998	0.1287064171	0.21408830499999998	0.0	0.0	0.0	0.0	0.0
-4.96242913	0.5427900000000001	0.6177515	0.3405288002000001	0.55823067	0.0	0.0	0.0	0.0	0.0
-4.93142913	1.1865880999999996	1.3523917000000003	0.7459283	1.20505618	0.0	0.0	0.0	0.0	0.0
-4.900429129999999	2.146942	2.4507799	1.352638979	2.1531589399999995	0.0	0.0	0.0	0.0	0.0
-4.86942913	3.2162619999999995	3.676823	2.0306892009999995	3.1838928	0.0	0.0	0.0	0.0	0.0
-4.83842913	3.9885930000000003	4.566980999999999	2.523947756	3.8977740999999995	0.0	0.0	0.0	0.0	0.0
-4.807429129999999	4.094932	4.6950199999999995	2.5968626560000003	3.9503391000000003	0.0	0.0	0.0	0.0	0.0
-4.77642913	3.480416999999999	3.9968399999999997	2.2118770480000003	3.3131987	0.0	0.0	0.0	0.0	0.0
-4.74542913	2.4489088999999997	2.8162353	1.5595237329999998	2.3004936000000002	0.0	0.0	0.0	0.0	0.0
-4.714429129999999	1.4265236999999997	1.6428711000000005	0.910414879	1.3222061899999997	0.0	0.0	0.0	0.0	0.0
-4.68342913	0.6878481999999998	0.7932586	0.43988931000000003	0.6290660399999999	0.0	0.0	0.0	0.0	0.0
-4.65242913	0.2745738	0.31710939999999993	0.17594875029999998	0.2477459	0.0	0.0	0.0	0.0	0.0
-4.621429129999999	0.09071696000000003	0.10491052000000001	0.058250687599999997	0.080741181	0.0	0.0	0.0	0.0	0.0
-4.59042913	0.024805747000000006	0.028728268000000005	0.015960917209999998	0.021782258000000002	0.0	0.0	0.0	0.0	0.0
-4.55942913	0.005616254999999999	0.006511095000000001	0.0036214902800000004	0.004863156	0.0	0.0	0.0	0.0	0.0
-4.528429129999999	0.0010698084000000004	0.0012251826	0.00070025864	0.0009068038000000001	0.0	0.0	0.0	0.0	0.0
-4.49742913	0.0003027255	0.00022108040000000002	0.0002659398077	0.00020198524	0.0	0.0	0.0	0.0	0.0
-4.46542913	0.0008994636000000001	0.00022276508000000002	0.00102228548535	0.00042381015000000005	0.0	0.0	0.0	0.0	0.0
-4.43442913	0.004570332000000001	0.00103449473	0.00524468836585	0.002115008062	0.0	0.0	0.0	0.0	0.0
-4.403429129999999	0.01964608	0.004438149200000001	0.022557346663499997	0.009088985749999999	0.0	0.0	0.0	0.0	0.0
-4.37242913	0.06991841800000002	0.015793193	0.0802614609362	0.03233741558	0.0	0.0	0.0	0.0	0.0
-4.34142913	0.205840195	0.046500897000000006	0.236322164756	0.0952189432	0.0	0.0	0.0	0.0	0.0
-4.310429129999999	0.501438014	0.11327690899999998	0.575781536715	0.23197234120000002	0.0	0.0	0.0	0.0	0.0
-4.2794291300000005	1.0107371600000001	0.228322996	1.1603916035400001	0.4675541936	0.0	0.0	0.0	0.0	0.0
-4.24842913	1.68603283	0.38080839	1.9356627625800003	0.7800305860000001	0.0	0.0	0.0	0.0	0.0
-4.217429129999999	2.3271351100000004	0.52570278	2.67187897116	1.0766479284	0.0	0.0	0.0	0.0	0.0
-4.1864291300000005	2.658172130000001	0.60048064	3.05176656559	1.2296537863000003	0.0	0.0	0.0	0.0	0.0
-4.15542913	2.51259336	0.5675781299999999	2.8846752136500005	1.1622392276	0.0	0.0	0.0	0.0	0.0
-4.124429129999999	1.96528097	0.44398613	2.25646188632	0.9091651032	0.0	0.0	0.0	0.0	0.0
-4.0934291300000005	1.2722267100000002	0.287355404	1.4605330470699998	0.5884674761000002	0.0	0.0	0.0	0.0	0.0
-4.06242913	0.6815209400000001	0.15392119	0.7823443895960001	0.31522116370000003	0.0	0.0	0.0	0.0	0.0
-4.031429129999999	0.30205637700000004	0.068228894	0.346771257786	0.13973188249000001	0.0	0.0	0.0	0.0	0.0
-4.0004291300000006	0.11082809300000002	0.0250558735	0.12718534894	0.0512934337	0.0	0.0	0.0	0.0	0.0
-3.96942913	0.03402786	0.007837948800000001	0.038676751100000004	0.015877593899999997	0.0	0.0	0.0	0.0	0.0
-3.9384291299999994	0.010804926000000001	0.0033039068999999996	0.010182058	0.005776534	0.0	0.0	0.0	0.0	0.0
-3.9074291300000006	0.012917729999999999	0.0070114049000000005	0.004345319	0.0096340773	0.0	0.0	0.0	0.0	0.0
-3.87642913	0.043942677999999985	0.0260787449	0.009469158	0.0345567447	0.0	0.0	0.0	0.0	0.0
-3.8454291299999994	0.14158270399999998	0.0851998145	0.029656889999999995	0.111194253	0.0	0.0	0.0	0.0	0.0
-3.8144291300000006	0.38167936999999996	0.23358948699999998	0.07993687000000001	0.2977222369999999	0.0	0.0	0.0	0.0	0.0
-3.78342913	0.8586576899999998	0.540213318	0.18014783	0.6620639669999999	0.0	0.0	0.0	0.0	0.0
-3.7524291299999994	1.6208413999999998	1.06569533	0.34107899999999997	1.22528082	0.0	0.0	0.0	0.0	0.0
-3.721429129999999	2.5894014999999997	1.8198929209999999	0.5477500000000001	1.8955313300000003	0.0	0.0	0.0	0.0	0.0
-3.69042913	3.546894	2.7337469409999997	0.7565227	2.46771833	0.0	0.0	0.0	0.0	0.0
-3.6594291299999995	4.236884000000001	3.657843379999999	0.9167975999999999	2.732669	0.0	0.0	0.0	0.0	0.0
-3.628429129999999	4.503547999999999	4.376741119999999	1.0020757999999998	2.6186024999999997	0.0	0.0	0.0	0.0	0.0
-3.59742913	4.363841000000002	4.651306709999999	1.0313924	2.2315908	0.0	0.0	0.0	0.0	0.0
-3.5664291299999995	3.9931030000000005	4.34721771	1.0724580000000001	1.7755098	0.0	0.0	0.0	0.0	0.0
-3.535429129999999	3.659941999999999	3.548314436	1.218174	1.4349527	0.0	0.0	0.0	0.0	0.0
-3.50442913	3.5911259999999996	2.5538887430000003	1.5216530000000001	1.2981572	0.0	0.0	0.0	0.0	0.0
-3.4734291299999995	3.7877239000000005	1.683512486	1.9154465999999999	1.3275737	0.0	0.0	0.0	0.0	0.0
-3.442429129999999	3.9785432000000003	1.087584898	2.2089859	1.3861826000000004	0.0	0.0	0.0	0.0	0.0
-3.41142913	3.8340463900000006	0.7325987669999999	2.2183471999999997	1.3324291000000001	0.0	0.0	0.0	0.0	0.0
-3.3804291299999996	3.288965980000001	0.5247839320000001	1.9346118	1.1291059	0.0	0.0	0.0	0.0	0.0
-3.349429129999999	2.6397814500000005	0.418490288	1.5616579	0.8684527999999999	0.0	0.0	0.0	0.0	0.0
-3.31842913	2.3249488199999995	0.42442713	1.3748503999999997	0.696403	0.0	0.0	0.0	0.0	0.0
-3.2874291299999996	2.5885918500000002	0.55544331	1.5252637	0.7078452	0.0	0.0	0.0	0.0	0.0
-3.256429129999999	3.3083774	0.7812134000000001	1.9423075000000003	0.9096162999999999	0.0	0.0	0.0	0.0	0.0
-3.22542913	4.1095252	1.0409212	2.4130051999999997	1.2634169000000002	0.0	0.0	0.0	0.0	0.0
-3.1944291299999996	4.672679799999999	1.2978157	2.7820282	1.7560734999999998	0.0	0.0	0.0	0.0	0.0
-3.163429129999999	4.962746000000001	1.5720416	3.1003113	2.3982319999999997	0.0	0.0	0.0	0.0	0.0
-3.1324291300000002	5.1466199999999995	1.8910469999999997	3.5480172999999993	3.126114	0.0	0.0	0.0	0.0	0.0
-3.1014291299999996	5.290649999999999	2.2004420000000002	4.1737245	3.7165860000000004	0.0	0.0	0.0	0.0	0.0
-3.070429129999999	5.213163999999999	2.351483	4.7218355	3.873793	0.0	0.0	0.0	0.0	0.0
-3.0394291300000003	4.673616000000001	2.2105620000000004	4.7887865	3.4536480000000003	0.0	0.0	0.0	0.0	0.0
-3.0084291299999997	3.663876000000001	1.782374	4.1739849	2.6019178	0.0	0.0	0.0	0.0	0.0
-2.977429129999999	2.456095999999999	1.2173479999999999	3.0649224	1.6475499999999998	0.0	0.0	0.0	0.0	0.0
-2.9464291299999994	1.3924965999999994	0.7000810999999999	1.8801614	0.87527711	0.0	0.0	0.0	0.0	0.0
-2.9154291299999997	0.6642951999999999	0.3377922	0.9602188000000001	0.38999111699999994	0.0	0.0	0.0	0.0	0.0
-2.88442913	0.26578934000000004	0.13650978	0.40723141	0.14579357299999998	0.0	0.0	0.0	0.0	0.0
-2.8534291299999994	0.08903355000000002	0.04612205	0.14330265	0.0457268108	0.0	0.0	0.0	0.0	0.0
-2.8224291299999997	0.024926266000000002	0.013010200000000001	0.041821591000000005	0.01203801454	0.0	0.0	0.0	0.0	0.0
-2.79142913	0.005824022499999999	0.00305922	0.0101139878	0.0026581294600000003	0.0	0.0	0.0	0.0	0.0
-2.7604291299999995	0.0011343183999999995	0.0005989608000000001	0.0020256935500000003	0.000492104407	0.0	0.0	0.0	0.0	0.0
-2.7294291299999998	0.00018388240999999997	9.753958e-05	0.00033616404	7.62985404e-05	0.0	0.0	0.0	0.0	0.0
-2.69842913	2.4784218e-05	1.3194454999999999e-05	4.6160391e-05	9.89618003e-06	0.0	0.0	0.0	0.0	0.0
-2.6674291299999995	2.774880399999999e-06	1.4816399e-06	5.246926699999999e-06	1.0723096620000002e-06	0.0	0.0	0.0	0.0	0.0
-2.63642913	2.5781828e-07	1.3800679e-07	4.93473715e-07	9.69401943e-08	0.0	0.0	0.0	0.0	0.0
-2.60542913	1.9866202999999993e-08	1.0654243999999999e-08	3.83941012e-08	7.30147363e-09	0.0	0.0	0.0	0.0	0.0
-2.5744291299999995	1.26855541e-09	6.814144e-10	2.47122163e-09	4.57633285e-10	0.0	0.0	0.0	0.0	0.0
-2.54342913	6.7091713e-11	3.6088821e-11	1.31512606e-10	2.383864907e-11	0.0	0.0	0.0	0.0	0.0
-2.51242913	2.9382346e-12	1.5817509e-12	5.785726030000001e-12	1.0319454550000001e-12	0.0	0.0	0.0	0.0	0.0
-2.4814291299999995	1.0707322700000001e-13	5.769384999999999e-14	2.11719214e-13	3.721581974e-14	0.0	0.0	0.0	0.0	0.0
-2.45042913	2.53695197e-15	1.3709492e-15	5.088380852400001e-15	8.482776600000001e-16	0.0	0.0	0.0	0.0	0.0
-2.41942913	0.0	0.0	0.0	0.0	0.0	0.0	0.0	0.0	0.0
-2.3884291299999996	0.0	0.0	0.0	0.0	0.0	0.0	0.0	0.0	0.0
-2.35742913	0.0	0.0	0.0	0.0	0.0	0.0	0.0	0.0	0.0
-2.3264291299999993	0.0	0.0	0.0	0.0	0.0	0.0	0.0	0.0	0.0
-2.2954291299999996	0.0	0.0	0.0	0.0	0.0	0.0	0.0	0.0	0.0
-2.26442913	0.0	0.0	0.0	0.0	0.0	0.0	0.0	0.0	0.0
-2.2334291299999993	0.0	0.0	0.0	0.0	0.0	0.0	0.0	0.0	0.0
-2.2024291299999996	0.0	0.0	0.0	0.0	0.0	0.0	0.0	0.0	0.0
-2.17142913	0.0	0.0	0.0	0.0	0.0	0.0	0.0	0.0	0.0
-2.1404291299999993	0.0	0.0	0.0	0.0	0.0	0.0	0.0	0.0	0.0
-2.1084291299999993	0.0	0.0	0.0	0.0	0.0	0.0	0.0	0.0	0.0
-2.0774291299999996	0.0	0.0	0.0	0.0	0.0	0.0	0.0	0.0	0.0
-2.04642913	0.0	0.0	0.0	0.0	0.0	0.0	0.0	0.0	0.0
-2.0154291299999993	0.0	0.0	0.0	0.0	0.0	0.0	0.0	0.0	0.0
-1.9844291299999997	0.0	0.0	0.0	0.0	0.0	0.0	0.0	0.0	0.0
-1.95342913	0.0	0.0	0.0	0.0	0.0	0.0	0.0	0.0	0.0
-1.9224291299999994	0.0	0.0	0.0	0.0	0.0	0.0	0.0	0.0	0.0
-1.8914291299999997	0.0	0.0	0.0	0.0	0.0	0.0	0.0	0.0	0.0
-1.86042913	0.0	0.0	0.0	0.0	0.0	0.0	0.0	0.0	0.0
-1.8294291299999994	0.0	0.0	0.0	0.0	0.0	0.0	0.0	0.0	0.0
-1.7984291299999997	0.0	0.0	0.0	0.0	0.0	0.0	0.0	0.0	0.0
-1.76742913	0.0	0.0	0.0	0.0	0.0	0.0	0.0	0.0	0.0
-1.7364291299999994	0.0	0.0	0.0	0.0	0.0	0.0	0.0	0.0	0.0
-1.7054291299999997	0.0	0.0	0.0	0.0	0.0	0.0	0.0	0.0	0.0
-1.67442913	0.0	0.0	0.0	0.0	0.0	0.0	0.0	0.0	0.0
-1.6434291299999995	0.0	0.0	0.0	0.0	0.0	0.0	0.0	0.0	0.0
-1.6124291299999998	0.0	0.0	0.0	0.0	0.0	0.0	0.0	0.0	0.0
-1.58142913	0.0	0.0	0.0	0.0	0.0	0.0	0.0	0.0	0.0
-1.5504291299999995	0.0	0.0	0.0	0.0	0.0	0.0	0.0	0.0	0.0
-1.5194291299999998	0.0	0.0	0.0	0.0	0.0	0.0	0.0	0.0	0.0
-1.48842913	0.0	0.0	0.0	0.0	0.0	0.0	0.0	0.0	0.0
-1.4574291299999995	0.0	0.0	0.0	0.0	0.0	0.0	0.0	0.0	0.0
-1.4264291299999998	0.0	0.0	0.0	0.0	0.0	0.0	0.0	0.0	0.0
-1.3954291300000001	0.0	0.0	0.0	0.0	0.0	0.0	0.0	0.0	0.0
-1.3644291299999995	0.0	0.0	0.0	0.0	0.0	0.0	0.0	0.0	0.0
-1.3334291299999999	0.0	0.0	0.0	0.0	0.0	0.0	0.0	0.0	0.0
-1.3024291300000002	0.0	0.0	0.0	0.0	0.0	0.0	0.0	0.0	0.0
-1.2714291299999996	0.0	0.0	0.0	0.0	0.0	0.0	0.0	0.0	0.0
-1.2404291299999999	0.0	0.0	0.0	0.0	0.0	0.0	0.0	0.0	0.0
-1.2094291299999993	0.0	0.0	0.0	0.0	0.0	0.0	0.0	0.0	0.0
-1.1784291299999996	0.0	0.0	0.0	0.0	0.0	0.0	0.0	0.0	0.0
-1.14742913	0.0	0.0	0.0	0.0	0.0	0.0	0.0	0.0	0.0
-1.1164291299999993	0.0	0.0	0.0	0.0	0.0	0.0	0.0	0.0	0.0
-1.0854291299999996	0.0	0.0	0.0	0.0	0.0	0.0	0.0	0.0	0.0
-1.05442913	1.9056474000000002e-16	6.932027452999999e-16	2.56741481e-16	1.4086706836900002e-15	0.0	0.0	0.0	0.0	0.0
-1.0234291299999994	6.8607891e-15	2.4951784850000002e-14	9.243824800000001e-15	5.0715135597e-14	0.0	0.0	0.0	0.0	0.0
-0.9924291299999997	2.0374084000000005e-13	7.410277631e-13	2.7451474699999997e-13	1.50625059461e-12	0.0	0.0	0.0	0.0	0.0
-0.96142913	5.0341798999999986e-12	1.831269912e-11	6.7817016000000006e-12	3.7214676271500004e-11	0.0	0.0	0.0	0.0	0.0
-0.9304291299999994	1.0281333500000001e-10	3.7397221839999996e-10	1.3852565e-10	7.599801449400002e-10	0.0	0.0	0.0	0.0	0.0
-0.8994291299999997	1.7359253000000002e-09	6.314745539e-09	2.3386960700000003e-09	1.2832914192299998e-08	0.0	0.0	0.0	0.0	0.0
-0.86842913	2.4235815e-08	8.815354320999999e-08	3.265293340000001e-08	1.79161890222e-07	0.0	0.0	0.0	0.0	0.0
-0.8374291299999994	2.7976801e-07	1.0176273065000001e-06	3.769404309999999e-07	2.0680084476500006e-06	0.0	0.0	0.0	0.0	0.0
-0.8064291299999997	2.670717800000001e-06	9.714365349999998e-06	3.59821027e-06	1.97414689681e-05	0.0	0.0	0.0	0.0	0.0
-0.77542913	2.1086725999999997e-05	7.669314726999999e-05	2.8403075200000004e-05	0.000155844363364	0.0	0.0	0.0	0.0	0.0
-0.7444291299999994	0.000137682394	0.0005008877371	0.000185474693	0.00101770437801	0.0	0.0	0.0	0.0	0.0
-0.7134291299999997	0.0007437951399999999	0.0027053451710000002	0.0010019206099999998	0.0054976345481	0.0	0.0	0.0	0.0	0.0
-0.68242913	0.0033231071999999997	0.01208761582	0.004476911239999999	0.024562606782900002	0.0	0.0	0.0	0.0	0.0
-0.6514291299999995	0.0122833396	0.04468125741	0.0165531086	0.09079735258500002	0.0	0.0	0.0	0.0	0.0
-0.6204291299999998	0.037570138	0.1366562372	0.05061355870000001	0.27769667866000003	0.0	0.0	0.0	0.0	0.0
-0.5894291300000001	0.09507170399999999	0.34579414599999997	0.12809061800000002	0.7027539818200002	0.0	0.0	0.0	0.0	0.0
-0.5584291299999995	0.19906295999999996	0.724078982	0.2682317289999999	1.47126881693	0.0	0.0	0.0	0.0	0.0
-0.5274291299999998	0.34492379999999995	1.254650703	0.464676757	2.55000911312	0.0	0.0	0.0	0.0	0.0
-0.4964291300000001	0.49458059	1.7986159910000001	0.66629276	3.6562661478700003	0.0	0.0	0.0	0.0	0.0
-0.4654291299999995	0.5868284299999998	2.1347524580000004	0.79065744	4.337921749280001	0.0	0.0	0.0	0.0	0.0
-0.43442912999999983	0.57616231	2.0957250579999998	0.7763627100000001	4.259572210730001	0.0	0.0	0.0	0.0	0.0
-0.40342913000000014	0.46818864	1.702675582	0.6307724219999999	3.46090141604	0.0	0.0	0.0	0.0	0.0
-0.37242912999999955	0.31480718999999996	1.1450969636000001	0.42414186	2.32722942975	0.0	0.0	0.0	0.0	0.0
-0.34142912999999986	0.17517586999999998	0.6371917186000001	0.23600528099999998	1.29472564645	0.0	0.0	0.0	0.0	0.0
-0.31042913000000016	0.08065463199999999	0.29335577529999995	0.10865954600000001	0.59616679572	0.0	0.0	0.0	0.0	0.0
-0.2794291299999996	0.030725772	0.11175809237	0.04139829429999999	0.227124963165	0.0	0.0	0.0	0.0	0.0
-0.2484291299999999	0.009685510900000001	0.03522706553999999	0.0130488514	0.071591397007	0.0	0.0	0.0	0.0	0.0
-0.2174291299999993	0.0025259784000000005	0.009187725050999998	0.00340306305	0.018672899947100002	0.0	0.0	0.0	0.0	0.0
-0.1864291299999996	0.0005449990099999999	0.0019823767329999998	0.0007342536499999998	0.00402793936619	0.0	0.0	0.0	0.0	0.0
-0.15542912999999992	9.7263023e-05	0.0003537849686	0.00013103890900000001	0.00071891581013	0.0	0.0	0.0	0.0	0.0
-0.12442912999999933	1.43602437e-05	5.222547509999999e-05	1.9347574600000003e-05	0.000106141659387	0.0	0.0	0.0	0.0	0.0
-0.09342912999999964	1.7533489999999999e-06	6.377364060999999e-06	2.36263381e-06	1.2960419684800001e-05	0.0	0.0	0.0	0.0	0.0
-0.062429129999999944	1.7704514999999997e-07	6.439974582999999e-07	2.3854703300000007e-07	1.30840371673e-06	0.0	0.0	0.0	0.0	0.0
-0.03142912999999936	1.4784268799999998e-08	5.3779177090000005e-08	1.9922162899999995e-08	1.09291268348e-07	0.0	0.0	0.0	0.0	0.0
-0.0004291299999996667	1.0209514e-09	3.713705812e-09	1.3757693600000001e-09	7.546409608299998e-09	0.0	0.0	0.0	0.0	0.0
0.030570870000000028	5.8281121e-11	2.1193803529999998e-10	7.851774100000001e-11	4.30797506569e-10	0.0	0.0	0.0	0.0	0.0
0.06157087000000061	2.7504393e-12	1.0004749422e-11	3.705443429999999e-12	2.03285455397e-11	0.0	0.0	0.0	0.0	0.0
0.0925708700000003	1.0710724200000001e-13	3.896107854e-13	1.44279457e-13	7.917020795599999e-13	0.0	0.0	0.0	0.0	0.0
0.12357087	3.8116366999999996e-15	1.3864265390000001e-14	5.134916109999999e-15	2.81729986839e-14	0.0	0.0	0.0	0.0	0.0
0.15457087000000058	0.0	0.0	0.0	0.0	0.0	0.0	0.0	0.0	0.0
0.18557087000000028	0.0	0.0	0.0	0.0	0.0	0.0	0.0	0.0	0.0
0.2175708700000003	0.0	0.0	0.0	0.0	0.0	0.0	0.0	0.0	0.0
0.24857087	0.0	0.0	0.0	0.0	0.0	0.0	0.0	0.0	0.0
0.2795708700000006	0.0	0.0	0.0	0.0	0.0	0.0	0.0	0.0	0.0
0.3105708700000003	0.0	0.0	0.0	0.0	0.0	0.0	0.0	0.0	0.0
0.34157086999999997	0.0	0.0	0.0	0.0	0.0	0.0	0.0	0.0	0.0
0.37257087000000055	0.0	0.0	0.0	0.0	0.0	0.0	0.0	0.0	0.0
0.40357087000000025	0.0	0.0	0.0	0.0	0.0	0.0	0.0	0.0	0.0
0.43457086999999994	0.0	0.0	0.0	0.0	0.0	0.0	0.0	0.0	0.0
0.4655708700000005	0.0	0.0	0.0	0.0	0.0	0.0	0.0	0.0	0.0
0.4965708700000002	0.0	0.0	0.0	0.0	0.0	0.0	0.0	0.0	0.0
0.5275708699999999	0.0	0.0	0.0	0.0	0.0	0.0	0.0	0.0	0.0
0.5585708700000005	0.0	0.0	0.0	0.0	0.0	0.0	0.0	0.0	0.0
0.5895708700000002	0.0	0.0	0.0	0.0	0.0	0.0	0.0	0.0	0.0
0.6205708699999999	0.0	0.0	0.0	0.0	0.0	0.0	0.0	0.0	0.0
0.6515708700000005	0.0	0.0	0.0	0.0	0.0	0.0	0.0	0.0	0.0
0.6825708700000002	0.0	0.0	0.0	0.0	0.0	0.0	0.0	0.0	0.0
0.7135708699999999	0.0	0.0	0.0	0.0	0.0	0.0	0.0	0.0	0.0
0.7445708700000004	0.0	0.0	0.0	0.0	0.0	0.0	0.0	0.0	0.0
0.7755708700000001	0.0	0.0	0.0	0.0	0.0	0.0	0.0	0.0	0.0
0.8065708699999998	0.0	0.0	0.0	0.0	0.0	0.0	0.0	0.0	0.0
0.8375708700000004	0.0	0.0	0.0	0.0	0.0	0.0	0.0	0.0	0.0
0.8685708700000001	0.0	0.0	0.0	0.0	0.0	0.0	0.0	0.0	0.0
0.8995708700000007	0.0	0.0	0.0	0.0	0.0	0.0	0.0	0.0	0.0
0.9305708700000004	0.0	0.0	0.0	0.0	0.0	0.0	0.0	0.0	0.0
0.9615708700000001	0.0	0.0	0.0	0.0	0.0	0.0	0.0	0.0	0.0
0.9925708700000007	0.0	0.0	0.0	0.0	0.0	0.0	0.0	0.0	0.0
1.0235708700000004	0.0	0.0	0.0	0.0	0.0	0.0	0.0	0.0	0.0
1.05457087	0.0	0.0	0.0	0.0	0.0	0.0	0.0	0.0	0.0
1.0855708700000002	0.0	0.0	0.0	0.0	0.0	0.0	0.0	0.0	0.0
1.1165708700000003	0.0	0.0	0.0	0.0	0.0	0.0	0.0	0.0	0.0
1.1475708700000005	0.0	0.0	0.0	0.0	0.0	0.0	0.0	0.0	0.0
1.1785708700000002	0.0	0.0	0.0	0.0	0.0	0.0	0.0	0.0	0.0
1.2095708700000003	0.0	0.0	0.0	0.0	0.0	0.0	0.0	0.0	0.0
1.2405708700000004	0.0	0.0	0.0	0.0	0.0	0.0	0.0	0.0	0.0
1.2715708700000001	0.0	0.0	0.0	0.0	0.0	0.0	0.0	0.0	0.0
1.3025708700000003	0.0	0.0	0.0	0.0	0.0	0.0	0.0	0.0	0.0
1.3335708700000004	0.0	0.0	0.0	0.0	0.0	0.0	0.0	0.0	0.0
1.36457087	0.0	0.0	0.0	0.0	0.0	0.0	0.0	0.0	0.0
1.3955708700000002	0.0	0.0	0.0	0.0	0.0	0.0	0.0	0.0	0.0
1.4265708700000004	0.0	0.0	0.0	0.0	0.0	0.0	0.0	0.0	0.0
1.45757087	0.0	0.0	0.0	0.0	0.0	0.0	0.0	0.0	0.0
1.4885708700000002	0.0	0.0	0.0	0.0	0.0	0.0	0.0	0.0	0.0
1.5195708700000004	0.0	0.0	0.0	0.0	0.0	0.0	0.0	0.0	0.0
1.5505708700000005	0.0	0.0	0.0	0.0	0.0	0.0	0.0	0.0	0.0
1.5815708700000002	0.0	0.0	0.0	0.0	0.0	0.0	0.0	0.0	0.0
1.6125708700000003	0.0	0.0	0.0	0.0	0.0	0.0	0.0	0.0	0.0
1.6435708700000005	0.0	0.0	0.0	0.0	0.0	0.0	0.0	0.0	0.0
1.6745708700000002	0.0	0.0	0.0	0.0	0.0	0.0	0.0	0.0	0.0
1.7055708700000003	0.0	0.0	0.0	0.0	0.0	0.0	0.0	0.0	0.0
1.7365708700000004	0.0	0.0	0.0	0.0	0.0	0.0	0.0	0.0	0.0
1.7675708700000001	0.0	0.0	0.0	0.0	0.0	0.0	0.0	0.0	0.0
1.7985708700000003	0.0	0.0	0.0	0.0	0.0	0.0	0.0	0.0	0.0
1.8295708700000004	0.0	0.0	0.0	0.0	0.0	0.0	0.0	0.0	0.0
1.86057087	0.0	0.0	0.0	0.0	0.0	0.0	0.0	0.0	0.0
1.8915708700000002	0.0	0.0	0.0	0.0	0.0	0.0	0.0	0.0	0.0
1.9225708700000004	0.0	0.0	0.0	0.0	0.0	0.0	0.0	0.0	0.0
1.95357087	0.0	0.0	0.0	0.0	0.0	0.0	0.0	0.0	0.0
1.9845708700000002	0.0	0.0	0.0	0.0	0.0	0.0	0.0	0.0	0.0
2.0155708700000003	0.0	0.0	0.0	0.0	0.0	0.0	0.0	0.0	0.0
2.0465708700000005	0.0	0.0	0.0	0.0	0.0	0.0	0.0	0.0	0.0
2.07757087	0.0	0.0	0.0	0.0	0.0	0.0	0.0	0.0	0.0
2.1085708700000003	0.0	0.0	0.0	0.0	0.0	0.0	0.0	0.0	0.0
2.1395708700000005	0.0	0.0	0.0	0.0	0.0	0.0	0.0	0.0	0.0
2.17057087	0.0	0.0	0.0	0.0	0.0	0.0	0.0	0.0	0.0
2.2015708700000003	0.0	0.0	0.0	0.0	0.0	0.0	0.0	0.0	0.0
2.2325708700000004	0.0	0.0	0.0	0.0	0.0	0.0	0.0	0.0	0.0
2.26357087	0.0	0.0	0.0	0.0	0.0	0.0	0.0	0.0	0.0
2.2945708700000003	0.0	0.0	0.0	0.0	0.0	0.0	0.0	0.0	0.0
2.3255708700000004	0.0	0.0	0.0	0.0	0.0	0.0	0.0	0.0	0.0
2.35657087	0.0	0.0	0.0	0.0	0.0	0.0	0.0	0.0	0.0
2.3875708700000002	0.0	0.0	0.0	0.0	0.0	0.0	0.0	0.0	0.0
2.4185708700000004	0.0	0.0	0.0	0.0	0.0	0.0	0.0	0.0	0.0
2.44957087	0.0	0.0	0.0	0.0	0.0	0.0	0.0	0.0	0.0
2.48057087	0.0	0.0	0.0	0.0	0.0	0.0	0.0	0.0	0.0
2.5115708700000003	0.0	0.0	0.0	0.0	0.0	0.0	0.0	0.0	0.0
2.5435708700000004	0.0	0.0	0.0	0.0	0.0	0.0	0.0	0.0	0.0
2.57457087	0.0	0.0	0.0	0.0	0.0	0.0	0.0	0.0	0.0
2.60557087	0.0	0.0	0.0	0.0	0.0	0.0	0.0	0.0	0.0
2.6365708700000003	0.0	0.0	0.0	0.0	0.0	0.0	0.0	0.0	0.0
2.6675708700000005	0.0	0.0	0.0	0.0	0.0	0.0	0.0	0.0	0.0
2.69857087	0.0	0.0	0.0	0.0	0.0	0.0	0.0	0.0	0.0
2.7295708700000003	0.0	0.0	0.0	0.0	0.0	0.0	0.0	0.0	0.0
2.7605708700000005	0.0	0.0	0.0	0.0	0.0	0.0	0.0	0.0	0.0
2.79157087	0.0	0.0	0.0	0.0	0.0	0.0	0.0	0.0	0.0
2.8225708700000003	0.0	0.0	0.0	0.0	0.0	0.0	0.0	0.0	0.0
2.8535708700000004	0.0	0.0	0.0	0.0	0.0	0.0	0.0	0.0	0.0
2.88457087	0.0	0.0	0.0	0.0	0.0	0.0	0.0	0.0	0.0
2.9155708700000003	0.0	0.0	0.0	0.0	0.0	0.0	0.0	0.0	0.0
2.9465708700000004	0.0	0.0	0.0	0.0	0.0	0.0	0.0	0.0	0.0
2.97757087	0.0	0.0	0.0	0.0	0.0	0.0	0.0	0.0	0.0
3.0085708700000002	0.0	0.0	0.0	0.0	0.0	0.0	0.0	0.0	0.0
3.0395708700000004	0.0	0.0	0.0	0.0	0.0	0.0	0.0	0.0	0.0
3.07057087	0.0	0.0	0.0	0.0	0.0	0.0	0.0	0.0	0.0
3.10157087	0.0	0.0	0.0	0.0	0.0	0.0	0.0	0.0	0.0
3.1325708700000003	1.84306136e-16	7.40388234e-17	1.27033861725e-15	3.8735502499999996e-16	0.0	0.0	0.0	0.0	0.0
3.16357087	8.1098246e-15	3.2576749900000002e-15	5.5896045677200004e-14	1.704507924e-14	0.0	0.0	0.0	0.0	0.0
3.19457087	2.4015743000000003e-13	9.64630204e-14	1.6552614360900001e-12	5.047371499999999e-13	0.0	0.0	0.0	0.0	0.0
3.2255708700000003	5.863877000000001e-12	2.35553614e-12	4.04188361926e-11	1.232426568e-11	0.0	0.0	0.0	0.0	0.0
3.25657087	1.1840255100000003e-10	4.75636304e-11	8.1615890027e-10	2.48901765e-10	0.0	0.0	0.0	0.0	0.0
3.2875708700000006	1.97660471e-09	7.9404187e-10	1.36232506765e-08	4.15447984e-09	0.0	0.0	0.0	0.0	0.0
3.3185708700000003	2.7281327999999997e-08	1.0961094030000001e-08	1.8807036385e-07	5.73489786e-08	0.0	0.0	0.0	0.0	0.0
3.34957087	3.1137218499999995e-07	1.250803197e-07	2.14611128453e-06	6.543947079999999e-07	0.0	0.0	0.0	0.0	0.0
3.3805708700000006	2.9386779600000004e-06	1.180471456e-06	2.0255514677e-05	6.175788319999999e-06	0.0	0.0	0.0	0.0	0.0
3.4115708700000003	2.29395757e-05	9.214679080000001e-06	0.00015811139049600002	4.8207894999999996e-05	0.0	0.0	0.0	0.0	0.0
3.44257087	0.000148103599	5.948849139999999e-05	0.00102081665747	0.000311332099	0.0	0.0	0.0	0.0	0.0
3.4735708700000005	0.0007909991000000002	0.00031773880299999996	0.00545231541662	0.001662235419	0.0	0.0	0.0	0.0	0.0
3.5045708700000002	0.00349411169	0.0014036043379999999	0.024091282375	0.00734381764	0.0	0.0	0.0	0.0	0.0
3.5355708700000004	0.0127702742	0.00512996657	0.08802853072399999	0.0268394862	0.0	0.0	0.0	0.0	0.0
3.5665708700000005	0.0386167665	0.01551220751	0.26611477953400003	0.0811639286	0.0	0.0	0.0	0.0	0.0
3.59757087	0.09662081700000001	0.0388112845	0.6659985024899999	0.203074895	0.0	0.0	0.0	0.0	0.0
3.6285708700000003	0.200028439	0.08035433550000001	1.3788118589	0.42043459099999997	0.0	0.0	0.0	0.0	0.0
3.6595708700000005	0.34268164300000004	0.1376567704	2.3620260518	0.7202192889999998	0.0	0.0	0.0	0.0	0.0
3.69057087	0.4858525000000001	0.19514589300000001	3.34842973575	1.0210159920000001	0.0	0.0	0.0	0.0	0.0
3.7215708700000003	0.56992327	0.22894092600000002	3.9281928455400004	1.197869504	0.0	0.0	0.0	0.0	0.0
3.7525708700000004	0.5533212300000001	0.222260898	3.8134655298	1.162865988	0.0	0.0	0.0	0.0	0.0
3.78357087	0.44455291899999994	0.178571839	3.06367571844	0.9343278790000001	0.0	0.0	0.0	0.0	0.0
3.8145708700000003	0.295526692	0.11871044330000001	2.0368207508699996	0.6210908100000001	0.0	0.0	0.0	0.0	0.0
3.8455708700000004	0.16257221599999996	0.0653103676	1.12058124298	0.341702381	0.0	0.0	0.0	0.0	0.0
3.87657087	0.07401446199999999	0.0297254036	0.510200961532	0.155553033	0.0	0.0	0.0	0.0	0.0
3.9075708700000003	0.0278782749	0.011199523199999999	0.192168883412	0.0585961673	0.0	0.0	0.0	0.0	0.0
3.9385708700000004	0.0086885668	0.00348988851	0.059880666227700004	0.01826077233	0.0	0.0	0.0	0.0	0.0
3.96957087	0.00224031982	0.000900037465	0.015441296554000004	0.0047085701	0.0	0.0	0.0	0.0	0.0
4.000570870000001	0.00047784061000000005	0.00019198682499999998	0.00329314607892	0.0010044699129999998	0.0	0.0	0.0	0.0	0.0
4.03157087	8.4331708e-05	3.38713043e-05	0.00058118876511	0.00017723622759999999	0.0	0.0	0.0	0.0	0.0
4.06257087	1.2308873400000001e-05	4.9441976100000005e-06	8.4842935156e-05	2.5866047100000003e-05	0.0	0.0	0.0	0.0	0.0
4.093570870000001	1.4859899000000003e-06	5.96954656e-07	1.0242967565200001e-05	3.12350787e-06	0.0	0.0	0.0	0.0	0.0
4.12457087	1.48347666e-07	5.9598599000000004e-08	1.0225563675e-06	3.11791719e-07	0.0	0.0	0.0	0.0	0.0
4.15557087	1.22492986e-08	4.9209374699999994e-09	8.44232325e-08	2.5741271499999998e-08	0.0	0.0	0.0	0.0	0.0
4.186570870000001	8.361662300000001e-10	3.3586141600000006e-10	5.7637213073499986e-09	1.757392626e-09	0.0	0.0	0.0	0.0	0.0
4.21757087	4.7188653e-11	1.8959039199999996e-11	3.2521613832999995e-10	9.919058770000001e-11	0.0	0.0	0.0	0.0	0.0
4.24857087	2.2020727200000006e-12	8.84686967e-13	1.5178071259999996e-11	4.628146670000001e-12	0.0	0.0	0.0	0.0	0.0
4.279570870000001	8.477950699999999e-14	3.40533103e-14	5.843631504570001e-13	1.781921457e-13	0.0	0.0	0.0	0.0	0.0
4.31057087	2.94905858e-15	1.184566349e-15	2.03281770481e-14	6.1982822300000006e-15	0.0	0.0	0.0	0.0	0.0
4.34157087	0.0	0.0	0.0	0.0	0.0	0.0	0.0	0.0	0.0
4.3725708700000006	0.0	0.0	0.0	0.0	0.0	0.0	0.0	0.0	0.0
4.40357087	0.0	0.0	0.0	0.0	0.0	0.0	0.0	0.0	0.0
4.43457087	0.0	0.0	0.0	0.0	0.0	0.0	0.0	0.0	0.0
4.4655708700000005	6.4245136e-16	2.609078e-16	1.0196241799999998e-15	4.7903443e-16	0.0	0.0	0.0	0.0	0.0
4.49657087	1.9010951e-14	7.720275e-15	3.0167003e-14	1.4173253e-14	0.0	0.0	0.0	0.0	0.0
4.52757087	4.9078485e-13	1.9930200000000006e-13	7.7883138e-13	3.6590803999999995e-13	0.0	0.0	0.0	0.0	0.0
4.5585708700000005	1.0465389000000001e-11	4.250014000000001e-12	1.6608879499999997e-11	7.802531399999999e-12	0.0	0.0	0.0	0.0	0.0
4.58957087	1.8448883e-10	7.492659e-11	2.9278691999999996e-10	1.3754601999999998e-10	0.0	0.0	0.0	0.0	0.0
4.62057087	2.6891082e-09	1.0920940000000001e-09	4.2669269e-09	2.0049003e-09	0.0	0.0	0.0	0.0	0.0
4.6515708700000005	3.2408827000000004e-08	1.3160549999999998e-08	5.142433399999999e-08	2.4162616e-08	0.0	0.0	0.0	0.0	0.0
4.68257087	3.2297136e-07	1.311603e-07	5.125768800000001e-07	2.4075346e-07	0.0	0.0	0.0	0.0	0.0
4.71357087	2.6621294000000002e-06	1.081121e-06	4.2248534e-06	1.984698e-06	0.0	0.0	0.0	0.0	0.0
4.74457087	1.8146271000000003e-05	7.370121000000002e-06	2.8798775e-05	1.3530365000000001e-05	0.0	0.0	0.0	0.0	0.0
4.77557087	0.00010232222	4.155271999999999e-05	0.00016239406599999998	7.6287264e-05	0.0	0.0	0.0	0.0	0.0
4.80657087	0.00047726344	0.00019382240000000002	0.00075747943	0.00035588268	0.0	0.0	0.0	0.0	0.0
4.83757087	0.0018418529000000002	0.0007478984999999999	0.00292278	0.0013732356	0.0	0.0	0.0	0.0	0.0
4.86857087	0.0058800658000000006	0.002387998	0.009331168600000002	0.0043844826	0.0	0.0	0.0	0.0	0.0
4.90057087	0.015532639	0.006307482	0.0246492401	0.011580505999999999	0.0	0.0	0.0	0.0	0.0
4.93157087	0.033950588	0.013786589999999998	0.0538777	0.025315538	0.0	0.0	0.0	0.0	0.0
4.96257087	0.061402018999999995	0.024935660000000005	0.09743828	0.045777599	0.0	0.0	0.0	0.0	0.0
4.99357087	0.091908758	0.037321280000000005	0.14583611000000002	0.068520522	0.0	0.0	0.0	0.0	0.0
5.024570870000001	0.11383427	0.04622742	0.18064901	0.08486507299999999	0.0	0.0	0.0	0.0	0.0
5.05557087	0.11673407	0.04740021	0.18521490799999998	0.08701677999999999	0.0	0.0	0.0	0.0	0.0
5.08657087	0.09925447000000001	0.04029362	0.157353015	0.07394856100000002	0.0	0.0	0.0	0.0	0.0
5.117570870000001	0.07071554400000002	0.02865513	0.111482987	0.052488644	0.0	0.0	0.0	0.0	0.0
5.14857087	0.044530712	0.01788721	0.068141034	0.03245608	0.0	0.0	0.0	0.0	0.0
5.17957087	0.03086522	0.01204377	0.04175104	0.021121049000000003	0.0	0.0	0.0	0.0	0.0
5.210570870000001	0.03382523	0.01271976	0.03650984000000001	0.021242633999999996	0.0	0.0	0.0	0.0	0.0
5.24157087	0.051904679999999995	0.01935607	0.048491599999999996	0.03183469	0.0	0.0	0.0	0.0	0.0
5.27257087	0.07827259	0.029416649999999996	0.06865199	0.04863593	0.0	0.0	0.0	0.0	0.0
5.303570870000001	0.10169185	0.03868075000000001	0.0855542	0.06449061	0.0	0.0	0.0	0.0	0.0
5.33457087	0.11127264999999999	0.04303362	0.0903035	0.07197951999999999	0.0	0.0	0.0	0.0	0.0
5.36557087	0.10425304	0.04163838	0.08263279999999999	0.06820267	0.0	0.0	0.0	0.0	0.0
5.396570870000001	0.09038638	0.03909533	0.0732182	0.057977320000000006	0.0	0.0	0.0	0.0	0.0
5.42757087	0.08827819	0.04453521999999999	0.07947169999999998	0.051963630000000004	0.0	0.0	0.0	0.0	0.0
5.45857087	0.11549892	0.06729209	0.1164588	0.06076389000000001	0.0	0.0	0.0	0.0	0.0
5.4895708700000005	0.1771895	0.11056871999999998	0.1864496	0.08853032999999999	0.0	0.0	0.0	0.0	0.0
5.52057087	0.2587548	0.16602503	0.2721635	0.12904368000000002	0.0	0.0	0.0	0.0	0.0
5.55157087	0.32924889999999996	0.21445261999999998	0.3409396	0.16719693	0.0	0.0	0.0	0.0	0.0
5.5825708700000005	0.35768370000000005	0.23553545999999997	0.36235739999999994	0.18645542	0.0	0.0	0.0	0.0	0.0
5.61357087	0.3328749	0.22064699999999998	0.32785860000000006	0.17879235000000002	0.0	0.0	0.0	0.0	0.0
5.64457087	0.2702362	0.1784187	0.25501820000000003	0.14941791	0.0	0.0	0.0	0.0	0.0
5.6755708700000005	0.2002596	0.128132	0.17412930000000001	0.11268239999999999	0.0	0.0	0.0	0.0	0.0
5.70657087	0.1491645	0.08714718	0.10959589999999998	0.08294472000000001	0.0	0.0	0.0	0.0	0.0
5.737570870000001	0.12691940000000002	0.06270516	0.0705074	0.06726147	0.0	0.0	0.0	0.0	0.0
5.7685708700000005	0.12919559	0.05241335	0.05333615	0.06489591	0.0	0.0	0.0	0.0	0.0
5.79957087	0.14766980000000002	0.050474500000000005	0.050393440000000005	0.07174311000000001	0.0	0.0	0.0	0.0	0.0
5.830570870000001	0.17717293	0.053230999999999994	0.056202999999999996	0.08414858000000001	0.0	0.0	0.0	0.0	0.0
5.86157087	0.2130599	0.059936500000000004	0.06838469999999999	0.0985747	0.0	0.0	0.0	0.0	0.0
5.89257087	0.2448154	0.069887	0.0851346	0.10982960000000001	0.0	0.0	0.0	0.0	0.0
5.923570870000001	0.2575148	0.0804396	0.1038694	0.11245459999999997	0.0	0.0	0.0	0.0	0.0
5.95457087	0.24210399999999996	0.0883487	0.12232409999999999	0.1048966	0.0	0.0	0.0	0.0	0.0
5.98557087	0.2032695	0.09246249999999998	0.1403689	0.09095399999999998	0.0	0.0	0.0	0.0	0.0
6.016570870000001	0.15654800000000002	0.0949401	0.1602217	0.07687820000000001	0.0	0.0	0.0	0.0	0.0
6.04757087	0.11752399999999998	0.099233	0.18435639999999998	0.067072	0.0	0.0	0.0	0.0	0.0
6.07857087	0.0931182	0.1063549	0.21104589999999998	0.0620902	0.0	0.0	0.0	0.0	0.0
6.109570870000001	0.080266	0.11231529999999999	0.2307825	0.059242699999999995	0.0	0.0	0.0	0.0	0.0
6.14057087	0.0708875	0.10998789999999999	0.22950800000000002	0.0545463	0.0	0.0	0.0	0.0	0.0
6.17157087	0.0585793	0.0950863	0.1995822	0.04553703	0.0	0.0	0.0	0.0	0.0
6.202570870000001	0.042549079999999996	0.0703566	0.1479958	0.03307061	0.0	0.0	0.0	0.0	0.0
6.23357087	0.0262988	0.04381962	0.09225409	0.02039613	0.0	0.0	0.0	0.0	0.0
6.26457087	0.013627449999999998	0.022779490000000003	0.04796987	0.01054955	0.0	0.0	0.0	0.0	0.0
6.295570870000001	0.00587888	0.009842239999999999	0.02073161	0.004545567	0.0	0.0	0.0	0.0	0.0
6.32657087	0.002104687	0.0035259379999999997	0.007428698999999999	0.0016265370000000002	0.0	0.0	0.0	0.0	0.0
6.35757087	0.0006242750000000001	0.0010463059999999999	0.0022042850000000003	0.0004822976	0.0	0.0	0.0	0.0	0.0
6.388570870000001	0.0001533465	0.0002570133	0.0005414414000000001	0.00011844279999999999	0.0	0.0	0.0	0.0	0.0
6.41957087	3.116742e-05	5.225213e-05	0.00011005981999999997	2.407205e-05	0.0	0.0	0.0	0.0	0.0
6.45057087	5.241282e-06	8.78673e-06	1.851031e-05	4.048146e-06	0.0	0.0	0.0	0.0	0.0
6.4815708700000005	7.29107e-07	1.222313e-06	2.5752990000000003e-06	5.630592000000001e-07	0.0	0.0	0.0	0.0	0.0
6.51257087	8.389770000000001e-08	1.4064599999999997e-07	2.9631440000000006e-07	6.479006999999999e-08	0.0	0.0	0.0	0.0	0.0
6.54357087	7.98402e-09	1.338365e-08	2.8195640000000004e-08	6.166082e-09	0.0	0.0	0.0	0.0	0.0
6.5745708700000005	6.28177e-10	1.053084e-09	2.2187569999999998e-09	4.851331e-10	0.0	0.0	0.0	0.0	0.0
6.60557087	4.0875420000000004e-11	6.85198e-11	1.4436179999999999e-10	3.156631e-11	0.0	0.0	0.0	0.0	0.0
6.63657087	2.1984849999999998e-12	3.685731e-12	7.764579000000001e-12	1.6979949999999998e-12	0.0	0.0	0.0	0.0	0.0
6.6675708700000005	9.776889999999998e-14	1.639032e-13	3.452767e-13	7.549759e-14	0.0	0.0	0.0	0.0	0.0
6.69857087	3.622336e-15	6.072144000000001e-15	1.2793920000000003e-14	2.797316e-15	0.0	0.0	0.0	0.0	0.0
6.72957087	1.097707e-16	1.8402119999999999e-16	3.87661e-16	8.477595e-17	0.0	0.0	0.0	0.0	0.0
6.7605708700000005	0.0	0.0	0.0	0.0	0.0	0.0	0.0	0.0	0.0
6.79157087	0.0	0.0	0.0	0.0	0.0	0.0	0.0	0.0	0.0
6.82257087	0.0	0.0	0.0	0.0	0.0	0.0	0.0	0.0	0.0
6.85357087	0.0	0.0	0.0	0.0	0.0	0.0	0.0	0.0	0.0
6.88457087	0.0	0.0	0.0	0.0	0.0	0.0	0.0	0.0	0.0
6.91557087	0.0	0.0	0.0	0.0	0.0	0.0	0.0	0.0	0.0
6.94657087	0.0	0.0	0.0	0.0	0.0	0.0	0.0	0.0	0.0
6.97757087	0.0	0.0	0.0	0.0	0.0	0.0	0.0	0.0	0.0
7.00857087	0.0	0.0	0.0	0.0	0.0	0.0	0.0	0.0	0.0
7.03957087	0.0	0.0	0.0	0.0	0.0	0.0	0.0	0.0	0.0
7.07057087	0.0	0.0	0.0	0.0	0.0	0.0	0.0	0.0	0.0
7.10157087	0.0	0.0	0.0	0.0	0.0	0.0	0.0	0.0	0.0
7.13257087	0.0	0.0	0.0	0.0	0.0	0.0	0.0	0.0	0.0
7.163570870000001	0.0	0.0	0.0	0.0	0.0	0.0	0.0	0.0	0.0
7.19457087	0.0	0.0	0.0	0.0	0.0	0.0	0.0	0.0	0.0
7.22657087	0.0	0.0	0.0	0.0	0.0	0.0	0.0	0.0	0.0
7.25757087	0.0	0.0	0.0	0.0	0.0	0.0	0.0	0.0	0.0
7.288570870000001	0.0	0.0	0.0	0.0	0.0	0.0	0.0	0.0	0.0
7.31957087	0.0	0.0	0.0	0.0	0.0	0.0	0.0	0.0	0.0
7.35057087	0.0	0.0	0.0	0.0	0.0	0.0	0.0	0.0	0.0
7.381570870000001	0.0	0.0	0.0	0.0	0.0	0.0	0.0	0.0	0.0
7.41257087	0.0	0.0	0.0	0.0	0.0	0.0	0.0	0.0	0.0
7.44357087	0.0	0.0	0.0	0.0	0.0	0.0	0.0	0.0	0.0
7.474570870000001	0.0	0.0	0.0	0.0	0.0	0.0	0.0	0.0	0.0
7.50557087	0.0	0.0	0.0	0.0	0.0	0.0	0.0	0.0	0.0
7.53657087	0.0	0.0	0.0	0.0	0.0	0.0	0.0	0.0	0.0
