-36.28255213	0.0	0.0	0.0	0.0	0.0	0.0	0.0	0.0	0.0
-36.24155213	0.0	0.0	0.0	0.0	0.0	0.0	0.0	0.0	0.0
-36.201552129999996	0.0	0.0	0.0	0.0	0.0	0.0	0.0	0.0	0.0
-36.16055213	0.0	0.0	0.0	0.0	0.0	0.0	0.0	0.0	0.0
-36.11955213	0.0	0.0	0.0	0.0	0.0	0.0	0.0	0.0	0.0
-36.079552129999996	0.0	0.0	0.0	0.0	0.0	0.0	0.0	0.0	0.0
-36.03855213	0.0	0.0	0.0	0.0	0.0	0.0	0.0	0.0	0.0
-35.99855213	0.0	0.0	0.0	0.0	0.0	0.0	0.0	0.0	0.0
-35.957552129999996	0.0	0.0	0.0	0.0	0.0	0.0	0.0	0.0	0.0
-35.91655213	0.0	0.0	0.0	0.0	0.0	0.0	0.0	0.0	0.0
-35.87655213	0.0	0.0	0.0	0.0	0.0	0.0	0.0	0.0	0.0
-35.835552129999996	0.0	0.0	0.0	0.0	0.0	0.0	0.0	0.0	0.0
-35.79555213	0.0	0.0	0.0	0.0	0.0	0.0	0.0	0.0	0.0
-35.75455213	0.0	0.0	0.0	0.0	0.0	0.0	0.0	0.0	0.0
-35.71455213	0.0	0.0	0.0	0.0	0.0	0.0	0.0	0.0	0.0
-35.67355213	0.0	0.0	0.0	0.0	0.0	0.0	0.0	0.0	0.0
-35.63255213	0.0	0.0	0.0	0.0	0.0	0.0	0.0	0.0	0.0
-35.59255213	0.0	0.0	0.0	0.0	0.0	0.0	0.0	0.0	0.0
-35.55155213	0.0	0.0	0.0	0.0	0.0	0.0	0.0	0.0	0.0
-35.51155213	0.0	0.0	0.0	0.0	0.0	0.0	0.0	0.0	0.0
-35.47055213	0.0	0.0	0.0	0.0	0.0	0.0	0.0	0.0	0.0
-35.42955213	0.0	0.0	0.0	0.0	0.0	0.0	0.0	0.0	0.0
-35.38955213	0.0	0.0	0.0	0.0	0.0	0.0	0.0	0.0	0.0
-35.34855213	0.0	0.0	0.0	0.0	0.0	0.0	0.0	0.0	0.0
-35.30855213	0.0	0.0	0.0	0.0	0.0	0.0	0.0	0.0	0.0
-35.26755213	0.0	0.0	0.0	0.0	0.0	0.0	0.0	0.0	0.0
-35.22755213	0.0	0.0	0.0	0.0	0.0	0.0	0.0	0.0	0.0
-35.186552129999995	0.0	0.0	0.0	0.0	0.0	0.0	0.0	0.0	0.0
-35.14555213	0.0	0.0	0.0	0.0	0.0	0.0	0.0	0.0	0.0
-35.10555213	0.0	0.0	0.0	0.0	0.0	0.0	0.0	0.0	0.0
-35.064552129999996	0.0	0.0	0.0	0.0	0.0	0.0	0.0	0.0	0.0
-35.02455213	2.352131e-15	6.184416e-17	3.4907589999999997e-19	4.3274720999999994e-17	0.0	0.0	0.0	0.0	0.0
-34.98355213	2.9398759999999997e-13	7.729765e-15	4.363694e-17	5.4085901000000006e-15	0.0	0.0	0.0	0.0	0.0
-34.942552129999996	2.22163e-11	5.840447000000001e-13	3.297218e-15	4.0867902999999997e-13	0.0	0.0	0.0	0.0	0.0
-34.90255213	1.2110519999999997e-09	3.184509000000001e-11	1.797633e-13	2.2287618999999997e-11	0.0	0.0	0.0	0.0	0.0
-34.86155213	4.773163e-08	1.2550399999999998e-09	7.085383e-12	8.7823857e-10	0.0	0.0	0.0	0.0	0.0
-34.82155213	1.360342e-06	3.576897e-08	2.019374e-10	2.5027367999999998e-08	0.0	0.0	0.0	0.0	0.0
-34.78055213	2.8052239999999998e-05	7.373699e-07	4.1630280000000004e-09	5.1608076e-07	0.0	0.0	0.0	0.0	0.0
-34.74055213	0.0004185429	1.1005056999999998e-05	6.211457e-08	7.7002677e-06	0.0	0.0	0.0	0.0	0.0
-34.69955213	0.004522608999999999	0.00011891716	6.712575e-07	8.321214e-05	0.0	0.0	0.0	0.0	0.0
-34.65855213	0.03540244000000001	0.0009308399999999998	5.253979e-06	0.00065139602	0.0	0.0	0.0	0.0	0.0
-34.61855213	0.2008664	0.005281610999999999	2.9804529999999998e-05	0.0036963949000000003	0.0	0.0	0.0	0.0	0.0
-34.57755213	0.8263273999999999	0.021722599999999998	0.00012263028	0.015202267	0.0	0.0	0.0	0.0	0.0
-34.53755213	2.4649069999999997	0.06481989	0.00036588340000000003	0.04535811	0.0	0.0	0.0	0.0	0.0
-34.49655213	5.336933	0.14031153000000002	0.0007920698999999999	0.098179896	0.0	0.0	0.0	0.0	0.0
-34.45555213	8.383288	0.22042350000000002	0.0012442217	0.15423747000000002	0.0	0.0	0.0	0.0	0.0
-34.41555213	9.557853999999999	0.2512704	0.0014185096	0.17580943	0.0	0.0	0.0	0.0	0.0
-34.37455213	7.908349	0.20797572	0.0011737388	0.14550998	0.0	0.0	0.0	0.0	0.0
-34.33455213	4.749200000000001	0.12487860999999999	0.0007049709	0.087388917	0.0	0.0	0.0	0.0	0.0
-34.29355213	2.0702450000000003	0.054419999999999996	0.000307111	0.038076650000000004	0.0	0.0	0.0	0.0	0.0
-34.253552129999996	0.6543785999999999	0.017207566999999997	9.712391000000001e-05	0.012039870999999999	0.0	0.0	0.0	0.0	0.0
-34.21255213	0.15002469999999996	0.0039450710000000005	2.2272749999999998e-05	0.0027609200999999996	0.0	0.0	0.0	0.0	0.0
-34.17155213	0.02494143	0.0006558649	3.7016179999999995e-06	0.00045894058	0.0	0.0	0.0	0.0	0.0
-34.131552129999996	0.0030056460000000003	7.901248999999999e-05	4.460464e-07	5.528941e-05	0.0	0.0	0.0	0.0	0.0
-34.09055213	0.00026225479999999996	6.895558e-06	3.893102e-08	4.8260572e-06	0.0	0.0	0.0	0.0	0.0
-34.05055213	1.656857e-05	4.357638e-07	2.4599300000000002e-09	3.0491563000000004e-07	0.0	0.0	0.0	0.0	0.0
-34.009552129999996	7.579488000000002e-07	1.9930143e-08	1.1248423000000001e-10	1.3944193000000001e-08	0.0	0.0	0.0	0.0	0.0
-33.96855213	2.5076760000000003e-08	6.591936e-10	3.720969e-12	4.6126679999999996e-10	0.0	0.0	0.0	0.0	0.0
-33.92855213	5.997758000000001e-10	1.5768223999999997e-11	8.900521000000001e-14	1.1033609700000001e-11	0.0	0.0	0.0	0.0	0.0
-33.887552129999996	1.0367969000000001e-11	2.725548e-13	1.5388009999999999e-15	1.9078708e-13	0.0	0.0	0.0	0.0	0.0
-33.84755213	1.317518e-13	3.462916e-15	1.955304e-17	2.4232495999999998e-15	0.0	0.0	0.0	0.0	0.0
-33.80655213	0.0	0.0	0.0	0.0	0.0	0.0	0.0	0.0	0.0
-33.76655213	0.0	0.0	0.0	0.0	0.0	0.0	0.0	0.0	0.0
-33.72555213	0.0	0.0	0.0	0.0	0.0	0.0	0.0	0.0	0.0
-33.68455213	0.0	0.0	0.0	0.0	0.0	0.0	0.0	0.0	0.0
-33.64455213	0.0	0.0	0.0	0.0	0.0	0.0	0.0	0.0	0.0
-33.60355213	0.0	0.0	0.0	0.0	0.0	0.0	0.0	0.0	0.0
-33.56355213	0.0	0.0	0.0	0.0	0.0	0.0	0.0	0.0	0.0
-33.52255213	0.0	0.0	0.0	0.0	0.0	0.0	0.0	0.0	0.0
-33.48155213	0.0	0.0	0.0	0.0	0.0	0.0	0.0	0.0	0.0
-33.44155213	0.0	0.0	0.0	0.0	0.0	0.0	0.0	0.0	0.0
-33.40055213	0.0	0.0	0.0	0.0	0.0	0.0	0.0	0.0	0.0
-33.36055213	0.0	0.0	0.0	0.0	0.0	0.0	0.0	0.0	0.0
-33.31955213	0.0	0.0	0.0	0.0	0.0	0.0	0.0	0.0	0.0
-33.27955213	0.0	0.0	0.0	0.0	0.0	0.0	0.0	0.0	0.0
-33.23855213	0.0	0.0	0.0	0.0	0.0	0.0	0.0	0.0	0.0
-33.19755213	0.0	0.0	0.0	0.0	0.0	0.0	0.0	0.0	0.0
-33.15755213	0.0	0.0	0.0	0.0	0.0	0.0	0.0	0.0	0.0
-33.11655213	0.0	0.0	0.0	0.0	0.0	0.0	0.0	0.0	0.0
-33.076552129999996	0.0	0.0	0.0	0.0	0.0	0.0	0.0	0.0	0.0
-33.03555213	0.0	0.0	0.0	0.0	0.0	0.0	0.0	0.0	0.0
-32.99455213	0.0	0.0	0.0	0.0	0.0	0.0	0.0	0.0	0.0
-32.954552129999996	0.0	0.0	0.0	0.0	0.0	0.0	0.0	0.0	0.0
-32.91355213	0.0	0.0	0.0	0.0	0.0	0.0	0.0	0.0	0.0
-32.87355213	0.0	0.0	0.0	0.0	0.0	0.0	0.0	0.0	0.0
-32.832552129999996	0.0	0.0	0.0	0.0	0.0	0.0	0.0	0.0	0.0
-32.79155213	0.0	0.0	0.0	0.0	0.0	0.0	0.0	0.0	0.0
-32.75155213	0.0	0.0	0.0	0.0	0.0	0.0	0.0	0.0	0.0
-32.710552129999996	0.0	0.0	0.0	0.0	0.0	0.0	0.0	0.0	0.0
-32.67055213	0.0	0.0	0.0	0.0	0.0	0.0	0.0	0.0	0.0
-32.62955213	0.0	0.0	0.0	0.0	0.0	0.0	0.0	0.0	0.0
-32.58955213	0.0	0.0	0.0	0.0	0.0	0.0	0.0	0.0	0.0
-32.54855213	0.0	0.0	0.0	0.0	0.0	0.0	0.0	0.0	0.0
-32.50755213	0.0	0.0	0.0	0.0	0.0	0.0	0.0	0.0	0.0
-32.46755213	0.0	0.0	0.0	0.0	0.0	0.0	0.0	0.0	0.0
-32.42655213	0.0	0.0	0.0	0.0	0.0	0.0	0.0	0.0	0.0
-32.38655213	0.0	0.0	0.0	0.0	0.0	0.0	0.0	0.0	0.0
-32.34555213	0.0	0.0	0.0	0.0	0.0	0.0	0.0	0.0	0.0
-32.30455213	0.0	0.0	0.0	0.0	0.0	0.0	0.0	0.0	0.0
-32.26455213	0.0	0.0	0.0	0.0	0.0	0.0	0.0	0.0	0.0
-32.22355213	0.0	0.0	0.0	0.0	0.0	0.0	0.0	0.0	0.0
-32.18355213	0.0	0.0	0.0	0.0	0.0	0.0	0.0	0.0	0.0
-32.14255213	0.0	0.0	0.0	0.0	0.0	0.0	0.0	0.0	0.0
-32.10255213	0.0	0.0	0.0	0.0	0.0	0.0	0.0	0.0	0.0
-32.061552129999995	0.0	0.0	0.0	0.0	0.0	0.0	0.0	0.0	0.0
-32.02055213	0.0	0.0	0.0	0.0	0.0	0.0	0.0	0.0	0.0
-31.98055213	0.0	0.0	0.0	0.0	0.0	0.0	0.0	0.0	0.0
-31.939552129999996	0.0	0.0	0.0	0.0	0.0	0.0	0.0	0.0	0.0
-31.899552129999996	0.0	0.0	0.0	0.0	0.0	0.0	0.0	0.0	0.0
-31.85855213	0.0	0.0	0.0	0.0	0.0	0.0	0.0	0.0	0.0
-31.817552129999996	0.0	0.0	0.0	0.0	0.0	0.0	0.0	0.0	0.0
-31.777552129999997	0.0	0.0	0.0	0.0	0.0	0.0	0.0	0.0	0.0
-31.73655213	0.0	0.0	0.0	0.0	0.0	0.0	0.0	0.0	0.0
-31.69655213	0.0	0.0	0.0	0.0	0.0	0.0	0.0	0.0	0.0
-31.655552129999997	0.0	0.0	0.0	0.0	0.0	0.0	0.0	0.0	0.0
-31.615552129999998	0.0	0.0	0.0	0.0	0.0	0.0	0.0	0.0	0.0
-31.57455213	0.0	0.0	0.0	0.0	0.0	0.0	0.0	0.0	0.0
-31.533552129999997	0.0	0.0	0.0	0.0	0.0	0.0	0.0	0.0	0.0
-31.493552129999998	0.0	0.0	0.0	0.0	0.0	0.0	0.0	0.0	0.0
-31.45255213	0.0	0.0	0.0	0.0	0.0	0.0	0.0	0.0	0.0
-31.41255213	0.0	0.0	0.0	0.0	0.0	0.0	0.0	0.0	0.0
-31.371552129999998	0.0	0.0	0.0	0.0	0.0	0.0	0.0	0.0	0.0
-31.33055213	0.0	0.0	0.0	0.0	0.0	0.0	0.0	0.0	0.0
-31.290552130000002	0.0	0.0	0.0	0.0	0.0	0.0	0.0	0.0	0.0
-31.249552129999998	0.0	0.0	0.0	0.0	0.0	0.0	0.0	0.0	0.0
-31.20955213	0.0	0.0	0.0	0.0	0.0	0.0	0.0	0.0	0.0
-31.168552130000002	0.0	0.0	0.0	0.0	0.0	0.0	0.0	0.0	0.0
-31.128552129999996	0.0	0.0	0.0	0.0	0.0	0.0	0.0	0.0	0.0
-31.08755213	0.0	0.0	0.0	0.0	0.0	0.0	0.0	0.0	0.0
-31.046552130000002	0.0	0.0	0.0	0.0	0.0	0.0	0.0	0.0	0.0
-31.006552129999996	0.0	0.0	0.0	0.0	0.0	0.0	0.0	0.0	0.0
-30.96555213	0.0	0.0	0.0	0.0	0.0	0.0	0.0	0.0	0.0
-30.92555213	0.0	0.0	0.0	0.0	0.0	0.0	0.0	0.0	0.0
-30.884552129999996	0.0	0.0	0.0	0.0	0.0	0.0	0.0	0.0	0.0
-30.84355213	0.0	0.0	0.0	0.0	0.0	0.0	0.0	0.0	0.0
-30.80355213	0.0	0.0	0.0	0.0	0.0	0.0	0.0	0.0	0.0
-30.762552129999996	0.0	0.0	0.0	0.0	0.0	0.0	0.0	0.0	0.0
-30.722552129999997	0.0	0.0	0.0	0.0	0.0	0.0	0.0	0.0	0.0
-30.68155213	0.0	0.0	0.0	0.0	0.0	0.0	0.0	0.0	0.0
-30.64155213	0.0	0.0	0.0	0.0	0.0	0.0	0.0	0.0	0.0
-30.600552129999997	0.0	0.0	0.0	0.0	0.0	0.0	0.0	0.0	0.0
-30.55955213	0.0	0.0	0.0	0.0	0.0	0.0	0.0	0.0	0.0
-30.51955213	0.0	0.0	0.0	0.0	0.0	0.0	0.0	0.0	0.0
-30.478552129999997	0.0	0.0	0.0	0.0	0.0	0.0	0.0	0.0	0.0
-30.438552129999998	0.0	0.0	0.0	0.0	0.0	0.0	0.0	0.0	0.0
-30.39755213	0.0	0.0	0.0	0.0	0.0	0.0	0.0	0.0	0.0
-30.356552129999997	0.0	0.0	0.0	0.0	0.0	0.0	0.0	0.0	0.0
-30.316552129999998	0.0	0.0	0.0	0.0	0.0	0.0	0.0	0.0	0.0
-30.27555213	0.0	0.0	0.0	0.0	0.0	0.0	0.0	0.0	0.0
-30.235552130000002	0.0	0.0	0.0	0.0	0.0	0.0	0.0	0.0	0.0
-30.194552129999998	0.0	0.0	0.0	0.0	0.0	0.0	0.0	0.0	0.0
-30.15455213	0.0	0.0	0.0	0.0	0.0	0.0	0.0	0.0	0.0
-30.113552130000002	0.0	0.0	0.0	0.0	0.0	0.0	0.0	0.0	0.0
-30.07255213	0.0	0.0	0.0	0.0	0.0	0.0	0.0	0.0	0.0
-30.03255213	0.0	0.0	0.0	0.0	0.0	0.0	0.0	0.0	0.0
-29.99155213	0.0	0.0	0.0	0.0	0.0	0.0	0.0	0.0	0.0
-29.95155213	0.0	0.0	0.0	0.0	0.0	0.0	0.0	0.0	0.0
-29.91055213	0.0	0.0	0.0	0.0	0.0	0.0	0.0	0.0	0.0
-29.86955213	0.0	0.0	0.0	0.0	0.0	0.0	0.0	0.0	0.0
-29.82955213	0.0	0.0	0.0	0.0	0.0	0.0	0.0	0.0	0.0
-29.78855213	0.0	0.0	0.0	0.0	0.0	0.0	0.0	0.0	0.0
-29.74855213	0.0	0.0	0.0	0.0	0.0	0.0	0.0	0.0	0.0
-29.70755213	0.0	0.0	0.0	0.0	0.0	0.0	0.0	0.0	0.0
-29.66755213	0.0	0.0	0.0	0.0	0.0	0.0	0.0	0.0	0.0
-29.62655213	0.0	0.0	0.0	0.0	0.0	0.0	0.0	0.0	0.0
-29.58555213	0.0	0.0	0.0	0.0	0.0	0.0	0.0	0.0	0.0
-29.545552129999997	0.0	0.0	0.0	0.0	0.0	0.0	0.0	0.0	0.0
-29.50455213	0.0	0.0	0.0	0.0	0.0	0.0	0.0	0.0	0.0
-29.464552129999998	0.0	0.0	0.0	0.0	0.0	0.0	0.0	0.0	0.0
-29.423552129999997	0.0	0.0	0.0	0.0	0.0	0.0	0.0	0.0	0.0
-29.38255213	0.0	0.0	0.0	0.0	0.0	0.0	0.0	0.0	0.0
-29.342552129999998	0.0	0.0	0.0	0.0	0.0	0.0	0.0	0.0	0.0
-29.301552129999997	0.0	0.0	0.0	0.0	0.0	0.0	0.0	0.0	0.0
-29.26155213	0.0	0.0	0.0	0.0	0.0	0.0	0.0	0.0	0.0
-29.220552129999998	0.0	0.0	0.0	0.0	0.0	0.0	0.0	0.0	0.0
-29.18055213	0.0	0.0	0.0	0.0	0.0	0.0	0.0	0.0	0.0
-29.13955213	0.0	0.0	0.0	0.0	0.0	0.0	0.0	0.0	0.0
-29.098552129999998	0.0	0.0	0.0	0.0	0.0	0.0	0.0	0.0	0.0
-29.05855213	0.0	0.0	0.0	0.0	0.0	0.0	0.0	0.0	0.0
-29.01755213	0.0	0.0	0.0	0.0	0.0	0.0	0.0	0.0	0.0
-28.97755213	0.0	0.0	0.0	0.0	0.0	0.0	0.0	0.0	0.0
-28.93655213	0.0	0.0	0.0	0.0	0.0	0.0	0.0	0.0	0.0
-28.89555213	0.0	0.0	0.0	0.0	0.0	0.0	0.0	0.0	0.0
-28.85555213	0.0	0.0	0.0	0.0	0.0	0.0	0.0	0.0	0.0
-28.81455213	0.0	0.0	0.0	0.0	0.0	0.0	0.0	0.0	0.0
-28.77455213	0.0	0.0	0.0	0.0	0.0	0.0	0.0	0.0	0.0
-28.73355213	0.0	0.0	0.0	0.0	0.0	0.0	0.0	0.0	0.0
-28.69355213	0.0	0.0	0.0	0.0	0.0	0.0	0.0	0.0	0.0
-28.65255213	0.0	0.0	0.0	0.0	0.0	0.0	0.0	0.0	0.0
-28.61155213	0.0	0.0	0.0	0.0	0.0	0.0	0.0	0.0	0.0
-28.57155213	0.0	0.0	0.0	0.0	0.0	0.0	0.0	0.0	0.0
-28.53055213	0.0	0.0	0.0	0.0	0.0	0.0	0.0	0.0	0.0
-28.490552129999998	0.0	0.0	0.0	0.0	0.0	0.0	0.0	0.0	0.0
-28.44955213	0.0	0.0	0.0	0.0	0.0	0.0	0.0	0.0	0.0
-28.40855213	0.0	0.0	0.0	0.0	0.0	0.0	0.0	0.0	0.0
-28.368552129999998	0.0	0.0	0.0	0.0	0.0	0.0	0.0	0.0	0.0
-28.327552129999997	0.0	0.0	0.0	0.0	0.0	0.0	0.0	0.0	0.0
-28.287552129999998	0.0	0.0	0.0	0.0	0.0	0.0	0.0	0.0	0.0
-28.246552129999998	0.0	0.0	0.0	0.0	0.0	0.0	0.0	0.0	0.0
-28.205552129999997	0.0	0.0	0.0	0.0	0.0	0.0	0.0	0.0	0.0
-28.16555213	0.0	0.0	0.0	0.0	0.0	0.0	0.0	0.0	0.0
-28.124552129999998	0.0	0.0	0.0	0.0	0.0	0.0	0.0	0.0	0.0
-28.08455213	0.0	0.0	0.0	0.0	0.0	0.0	0.0	0.0	0.0
-28.04355213	0.0	0.0	0.0	0.0	0.0	0.0	0.0	0.0	0.0
-28.00355213	0.0	0.0	0.0	0.0	0.0	0.0	0.0	0.0	0.0
-27.96255213	0.0	0.0	0.0	0.0	0.0	0.0	0.0	0.0	0.0
-27.92155213	0.0	0.0	0.0	0.0	0.0	0.0	0.0	0.0	0.0
-27.88155213	0.0	0.0	0.0	0.0	0.0	0.0	0.0	0.0	0.0
-27.84055213	0.0	0.0	0.0	0.0	0.0	0.0	0.0	0.0	0.0
-27.80055213	0.0	0.0	0.0	0.0	0.0	0.0	0.0	0.0	0.0
-27.75955213	0.0	0.0	0.0	0.0	0.0	0.0	0.0	0.0	0.0
-27.71855213	0.0	0.0	0.0	0.0	0.0	0.0	0.0	0.0	0.0
-27.67855213	0.0	0.0	0.0	0.0	0.0	0.0	0.0	0.0	0.0
-27.63755213	0.0	0.0	0.0	0.0	0.0	0.0	0.0	0.0	0.0
-27.59755213	0.0	0.0	0.0	0.0	0.0	0.0	0.0	0.0	0.0
-27.55655213	0.0	0.0	0.0	0.0	0.0	0.0	0.0	0.0	0.0
-27.516552129999997	0.0	0.0	0.0	0.0	0.0	0.0	0.0	0.0	0.0
-27.47555213	0.0	0.0	0.0	0.0	0.0	0.0	0.0	0.0	0.0
-27.43455213	0.0	0.0	0.0	0.0	0.0	0.0	0.0	0.0	0.0
-27.394552129999997	0.0	0.0	0.0	0.0	0.0	0.0	0.0	0.0	0.0
-27.35355213	0.0	0.0	0.0	0.0	0.0	0.0	0.0	0.0	0.0
-27.313552129999998	0.0	0.0	0.0	0.0	0.0	0.0	0.0	0.0	0.0
-27.272552129999998	0.0	0.0	0.0	0.0	0.0	0.0	0.0	0.0	0.0
-27.23155213	0.0	0.0	0.0	0.0	0.0	0.0	0.0	0.0	0.0
-27.191552129999998	0.0	0.0	0.0	0.0	0.0	0.0	0.0	0.0	0.0
-27.150552129999998	0.0	0.0	0.0	0.0	0.0	0.0	0.0	0.0	0.0
-27.11055213	0.0	0.0	0.0	0.0	0.0	0.0	0.0	0.0	0.0
-27.069552129999998	0.0	0.0	0.0	0.0	0.0	0.0	0.0	0.0	0.0
-27.02955213	0.0	0.0	0.0	0.0	0.0	0.0	0.0	0.0	0.0
-26.98855213	0.0	0.0	0.0	0.0	0.0	0.0	0.0	0.0	0.0
-26.94755213	0.0	0.0	0.0	0.0	0.0	0.0	0.0	0.0	0.0
-26.90755213	0.0	0.0	0.0	0.0	0.0	0.0	0.0	0.0	0.0
-26.86655213	0.0	0.0	0.0	0.0	0.0	0.0	0.0	0.0	0.0
-26.82655213	0.0	0.0	0.0	0.0	0.0	0.0	0.0	0.0	0.0
-26.78555213	0.0	0.0	0.0	0.0	0.0	0.0	0.0	0.0	0.0
-26.74455213	0.0	0.0	0.0	0.0	0.0	0.0	0.0	0.0	0.0
-26.70455213	0.0	0.0	0.0	0.0	0.0	0.0	0.0	0.0	0.0
-26.66355213	0.0	0.0	0.0	0.0	0.0	0.0	0.0	0.0	0.0
-26.62355213	0.0	0.0	0.0	0.0	0.0	0.0	0.0	0.0	0.0
-26.58255213	0.0	0.0	0.0	0.0	0.0	0.0	0.0	0.0	0.0
-26.54255213	0.0	0.0	0.0	0.0	0.0	0.0	0.0	0.0	0.0
-26.50155213	0.0	0.0	0.0	0.0	0.0	0.0	0.0	0.0	0.0
-26.46055213	0.0	0.0	0.0	0.0	0.0	0.0	0.0	0.0	0.0
-26.420552129999997	0.0	0.0	0.0	0.0	0.0	0.0	0.0	0.0	0.0
-26.37955213	0.0	0.0	0.0	0.0	0.0	0.0	0.0	0.0	0.0
-26.339552129999998	0.0	0.0	0.0	0.0	0.0	0.0	0.0	0.0	0.0
-26.298552129999997	0.0	0.0	0.0	0.0	0.0	0.0	0.0	0.0	0.0
-26.25755213	0.0	0.0	0.0	0.0	0.0	0.0	0.0	0.0	0.0
-26.217552129999998	0.0	0.0	0.0	0.0	0.0	0.0	0.0	0.0	0.0
-26.176552129999997	0.0	0.0	0.0	0.0	0.0	0.0	0.0	0.0	0.0
-26.13655213	0.0	0.0	0.0	0.0	0.0	0.0	0.0	0.0	0.0
-26.095552129999998	0.0	0.0	0.0	0.0	0.0	0.0	0.0	0.0	0.0
-26.05555213	0.0	0.0	0.0	0.0	0.0	0.0	0.0	0.0	0.0
-26.01455213	0.0	0.0	0.0	0.0	0.0	0.0	0.0	0.0	0.0
-25.973552129999998	0.0	0.0	0.0	0.0	0.0	0.0	0.0	0.0	0.0
-25.93355213	0.0	0.0	0.0	0.0	0.0	0.0	0.0	0.0	0.0
-25.89255213	0.0	0.0	0.0	0.0	0.0	0.0	0.0	0.0	0.0
-25.85255213	0.0	0.0	0.0	0.0	0.0	0.0	0.0	0.0	0.0
-25.81155213	0.0	0.0	0.0	0.0	0.0	0.0	0.0	0.0	0.0
-25.77055213	0.0	0.0	0.0	0.0	0.0	0.0	0.0	0.0	0.0
-25.73055213	0.0	0.0	0.0	0.0	0.0	0.0	0.0	0.0	0.0
-25.68955213	0.0	0.0	0.0	0.0	0.0	0.0	0.0	0.0	0.0
-25.64955213	0.0	0.0	0.0	0.0	0.0	0.0	0.0	0.0	0.0
-25.60855213	0.0	0.0	0.0	0.0	0.0	0.0	0.0	0.0	0.0
-25.56855213	0.0	0.0	0.0	0.0	0.0	0.0	0.0	0.0	0.0
-25.52755213	0.0	0.0	0.0	0.0	0.0	0.0	0.0	0.0	0.0
-25.48655213	0.0	0.0	0.0	0.0	0.0	0.0	0.0	0.0	0.0
-25.44655213	0.0	0.0	0.0	0.0	0.0	0.0	0.0	0.0	0.0
-25.40555213	0.0	0.0	0.0	0.0	0.0	0.0	0.0	0.0	0.0
-25.365552129999998	0.0	0.0	0.0	0.0	0.0	0.0	0.0	0.0	0.0
-25.32455213	0.0	0.0	0.0	0.0	0.0	0.0	0.0	0.0	0.0
-25.28355213	0.0	0.0	0.0	0.0	0.0	0.0	0.0	0.0	0.0
-25.243552129999998	0.0	0.0	0.0	0.0	0.0	0.0	0.0	0.0	0.0
-25.202552129999997	0.0	0.0	0.0	0.0	0.0	0.0	0.0	0.0	0.0
-25.162552129999998	0.0	0.0	0.0	0.0	0.0	0.0	0.0	0.0	0.0
-25.121552129999998	0.0	0.0	0.0	0.0	0.0	0.0	0.0	0.0	0.0
-25.08155213	0.0	0.0	0.0	0.0	0.0	0.0	0.0	0.0	0.0
-25.04055213	0.0	0.0	0.0	0.0	0.0	0.0	0.0	0.0	0.0
-24.999552129999998	0.0	0.0	0.0	0.0	0.0	0.0	0.0	0.0	0.0
-24.95955213	0.0	0.0	0.0	0.0	0.0	0.0	0.0	0.0	0.0
-24.91855213	0.0	0.0	0.0	0.0	0.0	0.0	0.0	0.0	0.0
-24.87855213	0.0	0.0	0.0	0.0	0.0	0.0	0.0	0.0	0.0
-24.83755213	0.0	0.0	0.0	0.0	0.0	0.0	0.0	0.0	0.0
-24.79655213	0.0	0.0	0.0	0.0	0.0	0.0	0.0	0.0	0.0
-24.75655213	0.0	0.0	0.0	0.0	0.0	0.0	0.0	0.0	0.0
-24.71555213	0.0	0.0	0.0	0.0	0.0	0.0	0.0	0.0	0.0
-24.67555213	0.0	0.0	0.0	0.0	0.0	0.0	0.0	0.0	0.0
-24.63455213	0.0	0.0	0.0	0.0	0.0	0.0	0.0	0.0	0.0
-24.59455213	0.0	0.0	0.0	0.0	0.0	0.0	0.0	0.0	0.0
-24.55355213	0.0	0.0	0.0	0.0	0.0	0.0	0.0	0.0	0.0
-24.51255213	0.0	0.0	0.0	0.0	0.0	0.0	0.0	0.0	0.0
-24.47255213	0.0	0.0	0.0	0.0	0.0	0.0	0.0	0.0	0.0
-24.43155213	0.0	0.0	0.0	0.0	0.0	0.0	0.0	0.0	0.0
-24.391552129999997	0.0	0.0	0.0	0.0	0.0	0.0	0.0	0.0	0.0
-24.35055213	0.0	0.0	0.0	0.0	0.0	0.0	0.0	0.0	0.0
-24.30955213	0.0	0.0	0.0	0.0	0.0	0.0	0.0	0.0	0.0
-24.269552129999997	0.0	0.0	0.0	0.0	0.0	0.0	0.0	0.0	0.0
-24.22855213	0.0	0.0	0.0	0.0	0.0	0.0	0.0	0.0	0.0
-24.188552129999998	0.0	0.0	0.0	0.0	0.0	0.0	0.0	0.0	0.0
-24.147552129999998	0.0	0.0	0.0	0.0	0.0	0.0	0.0	0.0	0.0
-24.10655213	0.0	0.0	0.0	0.0	0.0	0.0	0.0	0.0	0.0
-24.066552129999998	0.0	0.0	0.0	0.0	0.0	0.0	0.0	0.0	0.0
-24.025552129999998	0.0	0.0	0.0	0.0	0.0	0.0	0.0	0.0	0.0
-23.98555213	0.0	0.0	0.0	0.0	0.0	0.0	0.0	0.0	0.0
-23.944552129999998	0.0	0.0	0.0	0.0	0.0	0.0	0.0	0.0	0.0
-23.90455213	0.0	0.0	0.0	0.0	0.0	0.0	0.0	0.0	0.0
-23.86355213	0.0	0.0	0.0	0.0	0.0	0.0	0.0	0.0	0.0
-23.82255213	0.0	0.0	0.0	0.0	0.0	0.0	0.0	0.0	0.0
-23.78255213	0.0	0.0	0.0	0.0	0.0	0.0	0.0	0.0	0.0
-23.74155213	0.0	0.0	0.0	0.0	0.0	0.0	0.0	0.0	0.0
-23.70155213	0.0	0.0	0.0	0.0	0.0	0.0	0.0	0.0	0.0
-23.66055213	0.0	0.0	0.0	0.0	0.0	0.0	0.0	0.0	0.0
-23.61955213	0.0	0.0	0.0	0.0	0.0	0.0	0.0	0.0	0.0
-23.57955213	0.0	0.0	0.0	0.0	0.0	0.0	0.0	0.0	0.0
-23.53855213	0.0	0.0	0.0	0.0	0.0	0.0	0.0	0.0	0.0
-23.49855213	0.0	0.0	0.0	0.0	0.0	0.0	0.0	0.0	0.0
-23.45755213	0.0	0.0	0.0	0.0	0.0	0.0	0.0	0.0	0.0
-23.41755213	0.0	0.0	0.0	0.0	0.0	0.0	0.0	0.0	0.0
-23.37655213	0.0	0.0	0.0	0.0	0.0	0.0	0.0	0.0	0.0
-23.33555213	0.0	0.0	0.0	0.0	0.0	0.0	0.0	0.0	0.0
-23.295552129999997	0.0	0.0	0.0	0.0	0.0	0.0	0.0	0.0	0.0
-23.25455213	0.0	0.0	0.0	0.0	0.0	0.0	0.0	0.0	0.0
-23.214552129999998	0.0	0.0	0.0	0.0	0.0	0.0	0.0	0.0	0.0
-23.173552129999997	0.0	0.0	0.0	0.0	0.0	0.0	0.0	0.0	0.0
-23.13255213	0.0	0.0	0.0	0.0	0.0	0.0	0.0	0.0	0.0
-23.092552129999998	0.0	0.0	0.0	0.0	0.0	0.0	0.0	0.0	0.0
-23.051552129999997	0.0	0.0	0.0	0.0	0.0	0.0	0.0	0.0	0.0
-23.01155213	0.0	0.0	0.0	0.0	0.0	0.0	0.0	0.0	0.0
-22.970552129999998	0.0	0.0	0.0	0.0	0.0	0.0	0.0	0.0	0.0
-22.93055213	0.0	0.0	0.0	0.0	0.0	0.0	0.0	0.0	0.0
-22.88955213	0.0	0.0	0.0	0.0	0.0	0.0	0.0	0.0	0.0
-22.848552129999998	0.0	0.0	0.0	0.0	0.0	0.0	0.0	0.0	0.0
-22.80855213	0.0	0.0	0.0	0.0	0.0	0.0	0.0	0.0	0.0
-22.76755213	0.0	0.0	0.0	0.0	0.0	0.0	0.0	0.0	0.0
-22.72755213	0.0	0.0	0.0	0.0	0.0	0.0	0.0	0.0	0.0
-22.68655213	0.0	0.0	0.0	0.0	0.0	0.0	0.0	0.0	0.0
-22.64555213	0.0	0.0	0.0	0.0	0.0	0.0	0.0	0.0	0.0
-22.60555213	0.0	0.0	0.0	0.0	0.0	0.0	0.0	0.0	0.0
-22.56455213	0.0	0.0	0.0	0.0	0.0	0.0	0.0	0.0	0.0
-22.52455213	0.0	0.0	0.0	0.0	0.0	0.0	0.0	0.0	0.0
-22.48355213	0.0	0.0	0.0	0.0	0.0	0.0	0.0	0.0	0.0
-22.44355213	0.0	0.0	0.0	0.0	0.0	0.0	0.0	0.0	0.0
-22.40255213	0.0	0.0	0.0	0.0	0.0	0.0	0.0	0.0	0.0
-22.36155213	0.0	0.0	0.0	0.0	0.0	0.0	0.0	0.0	0.0
-22.32155213	0.0	0.0	0.0	0.0	0.0	0.0	0.0	0.0	0.0
-22.28055213	0.0	0.0	0.0	0.0	0.0	0.0	0.0	0.0	0.0
-22.240552129999998	0.0	0.0	0.0	0.0	0.0	0.0	0.0	0.0	0.0
-22.19955213	0.0	0.0	0.0	0.0	0.0	0.0	0.0	0.0	0.0
-22.15855213	0.0	0.0	0.0	0.0	0.0	0.0	0.0	0.0	0.0
-22.118552129999998	0.0	0.0	0.0	0.0	0.0	0.0	0.0	0.0	0.0
-22.077552129999997	0.0	0.0	0.0	0.0	0.0	0.0	0.0	0.0	0.0
-22.037552129999998	0.0	0.0	0.0	0.0	0.0	0.0	0.0	0.0	0.0
-21.996552129999998	0.0	0.0	0.0	0.0	0.0	0.0	0.0	0.0	0.0
-21.95655213	0.0	0.0	0.0	0.0	0.0	0.0	0.0	0.0	0.0
-21.91555213	0.0	0.0	0.0	0.0	0.0	0.0	0.0	0.0	0.0
-21.874552129999998	0.0	0.0	0.0	0.0	0.0	0.0	0.0	0.0	0.0
-21.83455213	0.0	0.0	0.0	0.0	0.0	0.0	0.0	0.0	0.0
-21.79355213	0.0	0.0	0.0	0.0	0.0	0.0	0.0	0.0	0.0
-21.75355213	0.0	0.0	0.0	0.0	0.0	0.0	0.0	0.0	0.0
-21.71255213	0.0	0.0	0.0	0.0	0.0	0.0	0.0	0.0	0.0
-21.67155213	0.0	0.0	0.0	0.0	0.0	0.0	0.0	0.0	0.0
-21.63155213	0.0	0.0	0.0	0.0	0.0	0.0	0.0	0.0	0.0
-21.59055213	0.0	0.0	0.0	0.0	0.0	0.0	0.0	0.0	0.0
-21.55055213	0.0	0.0	0.0	0.0	0.0	0.0	0.0	0.0	0.0
-21.50955213	0.0	0.0	0.0	0.0	0.0	0.0	0.0	0.0	0.0
-21.46955213	0.0	0.0	0.0	0.0	0.0	0.0	0.0	0.0	0.0
-21.42855213	0.0	0.0	0.0	0.0	0.0	0.0	0.0	0.0	0.0
-21.38755213	0.0	0.0	0.0	0.0	0.0	0.0	0.0	0.0	0.0
-21.34755213	0.0	0.0	0.0	0.0	0.0	0.0	0.0	0.0	0.0
-21.30655213	0.0	0.0	0.0	0.0	0.0	0.0	0.0	0.0	0.0
-21.266552129999997	0.0	0.0	0.0	0.0	0.0	0.0	0.0	0.0	0.0
-21.22555213	0.0	0.0	0.0	0.0	0.0	0.0	0.0	0.0	0.0
-21.18455213	0.0	0.0	0.0	0.0	0.0	0.0	0.0	0.0	0.0
-21.144552129999997	0.0	0.0	0.0	0.0	0.0	0.0	0.0	0.0	0.0
-21.10355213	0.0	0.0	0.0	0.0	0.0	0.0	0.0	0.0	0.0
-21.063552129999998	0.0	0.0	0.0	0.0	0.0	0.0	0.0	0.0	0.0
-21.022552129999998	0.0	0.0	0.0	0.0	0.0	0.0	0.0	0.0	0.0
-20.98255213	0.0	0.0	0.0	0.0	0.0	0.0	0.0	0.0	0.0
-20.941552129999998	0.0	0.0	0.0	0.0	0.0	0.0	0.0	0.0	0.0
-20.900552129999998	0.0	0.0	0.0	0.0	0.0	0.0	0.0	0.0	0.0
-20.86055213	5.1777e-15	6.810810493299999e-16	8.406240999999999e-17	5.11933e-16	0.0	0.0	0.0	0.0	0.0
-20.819552129999998	4.3324999999999995e-13	5.6985404127e-14	7.0336220000000005e-15	4.2838000000000004e-14	0.0	0.0	0.0	0.0	0.0
-20.77955213	3.112e-11	4.093361296400001e-12	5.052103e-13	3.0769299999999995e-12	0.0	0.0	0.0	0.0	0.0
-20.73855213	1.6125000000000002e-09	2.1207541536000002e-10	2.619173e-11	1.5943500000000003e-10	0.0	0.0	0.0	0.0	0.0
-20.69755213	6.0407e-08	7.9467605755e-09	9.809384e-10	5.97285e-09	0.0	0.0	0.0	0.0	0.0
-20.65755213	1.6367e-06	2.1531471559000002e-07	2.6570679999999997e-08	1.61827e-07	0.0	0.0	0.0	0.0	0.0
-20.61655213	3.2075999999999996e-05	4.2198353056e-06	5.208712e-07	3.1716399999999997e-06	0.0	0.0	0.0	0.0	0.0
-20.57655213	0.00045513	5.9871104336e-05	7.3897979999999995e-06	4.5004200000000005e-05	0.0	0.0	0.0	0.0	0.0
-20.53555213	0.004677	0.00061514404455	7.593488e-05	0.00046234900000000003	0.0	0.0	0.0	0.0	0.0
-20.49555213	0.034811999999999996	0.0045786803316	0.0005651886000000001	0.0034417099999999997	0.0	0.0	0.0	0.0	0.0
-20.45455213	0.18783	0.024708831788999998	0.0030500759999999997	0.0185655	0.0	0.0	0.0	0.0	0.0
-20.41355213	0.73478	0.096653307	0.01192915	0.0726416	0.0	0.0	0.0	0.0	0.0
-20.37355213	2.085	0.27422431985999995	0.03384804	0.206158	0.0	0.0	0.0	0.0	0.0
-20.33255213	4.292000000000001	0.5646590408900001	0.06969215	0.42440300000000003	0.0	0.0	0.0	0.0	0.0
-20.29255213	6.413200000000001	0.8436420611	0.104123	0.634086	0.0	0.0	0.0	0.0	0.0
-20.25155213	6.9543	0.9147730662500001	0.1129046	0.687543	0.0	0.0	0.0	0.0	0.0
-20.21055213	5.4731	0.7199920521400001	0.08886186	0.5412089999999999	0.0	0.0	0.0	0.0	0.0
-20.170552129999997	3.1266999999999996	0.41128062978	0.050766549999999994	0.309073	0.0	0.0	0.0	0.0	0.0
-20.12955213	1.2956999999999999	0.17045981235	0.02104347	0.128098	0.0	0.0	0.0	0.0	0.0
-20.089552129999998	0.38964	0.05125640371199999	0.006326384	0.03852049999999999	0.0	0.0	0.0	0.0	0.0
-20.048552129999997	0.084965	0.011176490809400001	0.001379501	0.00840024	0.0	0.0	0.0	0.0	0.0
-20.00755213	0.013431	0.001767273128	0.00021809150000000002	0.0013277100000000002	0.0	0.0	0.0	0.0	0.0
-19.967552129999998	0.0015386999999999998	0.00020244491465999998	2.4984170000000002e-05	0.00015214	0.0	0.0	0.0	0.0	0.0
-19.926552129999997	0.00012769000000000002	1.6796911216000003e-05	2.07345e-06	1.2626799999999999e-05	0.0	0.0	0.0	0.0	0.0
-19.88655213	7.670100000000001e-06	1.0090170730800001e-06	1.245424e-07	7.58423e-07	0.0	0.0	0.0	0.0	0.0
-19.845552129999998	3.335e-07	4.3862903176999994e-08	5.414435e-09	3.29698e-08	0.0	0.0	0.0	0.0	0.0
-19.80555213	1.04862e-08	1.37924509991e-09	1.702631e-10	1.03683e-09	0.0	0.0	0.0	0.0	0.0
-19.76455213	2.3839000000000004e-10	3.136725227199999e-11	3.8709660000000005e-12	2.3578099999999996e-11	0.0	0.0	0.0	0.0	0.0
-19.723552129999998	3.9143e-12	5.1494403729e-13	6.35606e-14	3.87027e-13	0.0	0.0	0.0	0.0	0.0
-19.68355213	4.833e-14	6.3567904604e-15	7.846362999999999e-16	4.77842e-15	0.0	0.0	0.0	0.0	0.0
-19.64255213	0.0	0.0	0.0	0.0	0.0	0.0	0.0	0.0	0.0
-19.60255213	0.0	0.0	0.0	0.0	0.0	0.0	0.0	0.0	0.0
-19.56155213	0.0	0.0	0.0	0.0	0.0	0.0	0.0	0.0	0.0
-19.52055213	0.0	0.0	0.0	0.0	0.0	0.0	0.0	0.0	0.0
-19.48055213	0.0	0.0	0.0	0.0	0.0	0.0	0.0	0.0	0.0
-19.43955213	0.0	0.0	0.0	0.0	0.0	0.0	0.0	0.0	0.0
-19.39955213	0.0	0.0	0.0	0.0	0.0	0.0	0.0	0.0	0.0
-19.35855213	0.0	0.0	0.0	0.0	0.0	0.0	0.0	0.0	0.0
-19.31855213	0.0	0.0	0.0	0.0	0.0	0.0	0.0	0.0	0.0
-19.27755213	0.0	0.0	0.0	0.0	0.0	0.0	0.0	0.0	0.0
-19.23655213	0.0	0.0	0.0	0.0	0.0	0.0	0.0	0.0	0.0
-19.19655213	0.0	0.0	0.0	0.0	0.0	0.0	0.0	0.0	0.0
-19.15555213	0.0	0.0	0.0	0.0	0.0	0.0	0.0	0.0	0.0
-19.115552129999998	0.0	0.0	0.0	0.0	0.0	0.0	0.0	0.0	0.0
-19.07455213	0.0	0.0	0.0	0.0	0.0	0.0	0.0	0.0	0.0
-19.03355213	0.0	0.0	0.0	0.0	0.0	0.0	0.0	0.0	0.0
-18.993552129999998	0.0	0.0	0.0	0.0	0.0	0.0	0.0	0.0	0.0
-18.952552129999997	0.0	0.0	0.0	0.0	0.0	0.0	0.0	0.0	0.0
-18.912552129999998	0.0	0.0	0.0	0.0	0.0	0.0	0.0	0.0	0.0
-18.871552129999998	0.0	0.0	0.0	0.0	0.0	0.0	0.0	0.0	0.0
-18.83155213	0.0	0.0	0.0	0.0	0.0	0.0	0.0	0.0	0.0
-18.79055213	0.0	0.0	0.0	0.0	0.0	0.0	0.0	0.0	0.0
-18.749552129999998	0.0	0.0	0.0	0.0	0.0	0.0	0.0	0.0	0.0
-18.70955213	0.0	0.0	0.0	0.0	0.0	0.0	0.0	0.0	0.0
-18.66855213	0.0	0.0	0.0	0.0	0.0	0.0	0.0	0.0	0.0
-18.62855213	0.0	0.0	0.0	0.0	0.0	0.0	0.0	0.0	0.0
-18.58755213	0.0	0.0	0.0	0.0	0.0	0.0	0.0	0.0	0.0
-18.54655213	0.0	0.0	0.0	0.0	0.0	0.0	0.0	0.0	0.0
-18.50655213	0.0	0.0	0.0	0.0	0.0	0.0	0.0	0.0	0.0
-18.46555213	0.0	0.0	0.0	0.0	0.0	0.0	0.0	0.0	0.0
-18.42555213	0.0	0.0	0.0	0.0	0.0	0.0	0.0	0.0	0.0
-18.38455213	0.0	0.0	0.0	0.0	0.0	0.0	0.0	0.0	0.0
-18.34455213	0.0	0.0	0.0	0.0	0.0	0.0	0.0	0.0	0.0
-18.30355213	0.0	0.0	0.0	0.0	0.0	0.0	0.0	0.0	0.0
-18.26255213	0.0	0.0	0.0	0.0	0.0	0.0	0.0	0.0	0.0
-18.22255213	0.0	0.0	0.0	0.0	0.0	0.0	0.0	0.0	0.0
-18.18155213	0.0	0.0	0.0	0.0	0.0	0.0	0.0	0.0	0.0
-18.141552129999997	0.0	0.0	0.0	0.0	0.0	0.0	0.0	0.0	0.0
-18.10055213	0.0	0.0	0.0	0.0	0.0	0.0	0.0	0.0	0.0
-18.05955213	0.0	0.0	0.0	0.0	0.0	0.0	0.0	0.0	0.0
-18.019552129999997	0.0	0.0	0.0	0.0	0.0	0.0	0.0	0.0	0.0
-17.97855213	0.0	0.0	0.0	0.0	0.0	0.0	0.0	0.0	0.0
-17.938552129999998	0.0	0.0	0.0	0.0	0.0	0.0	0.0	0.0	0.0
-17.897552129999998	0.0	0.0	0.0	0.0	0.0	0.0	0.0	0.0	0.0
-17.85755213	0.0	0.0	0.0	0.0	0.0	0.0	0.0	0.0	0.0
-17.816552129999998	0.0	0.0	0.0	0.0	0.0	0.0	0.0	0.0	0.0
-17.775552129999998	0.0	0.0	0.0	0.0	0.0	0.0	0.0	0.0	0.0
-17.73555213	0.0	0.0	0.0	0.0	0.0	0.0	0.0	0.0	0.0
-17.694552129999998	0.0	0.0	0.0	0.0	0.0	0.0	0.0	0.0	0.0
-17.65455213	0.0	0.0	0.0	0.0	0.0	0.0	0.0	0.0	0.0
-17.61355213	0.0	0.0	0.0	0.0	0.0	0.0	0.0	0.0	0.0
-17.57255213	0.0	0.0	0.0	0.0	0.0	0.0	0.0	0.0	0.0
-17.53255213	0.0	0.0	0.0	0.0	0.0	0.0	0.0	0.0	0.0
-17.49155213	0.0	0.0	0.0	0.0	0.0	0.0	0.0	0.0	0.0
-17.45155213	0.0	0.0	0.0	0.0	0.0	0.0	0.0	0.0	0.0
-17.41055213	0.0	0.0	0.0	0.0	0.0	0.0	0.0	0.0	0.0
-17.37055213	0.0	0.0	0.0	0.0	0.0	0.0	0.0	0.0	0.0
-17.32955213	0.0	0.0	0.0	0.0	0.0	0.0	0.0	0.0	0.0
-17.28855213	0.0	0.0	0.0	0.0	0.0	0.0	0.0	0.0	0.0
-17.24855213	0.0	0.0	0.0	0.0	0.0	0.0	0.0	0.0	0.0
-17.20755213	0.0	0.0	0.0	0.0	0.0	0.0	0.0	0.0	0.0
-17.16755213	0.0	0.0	0.0	0.0	0.0	0.0	0.0	0.0	0.0
-17.12655213	0.0	0.0	0.0	0.0	0.0	0.0	0.0	0.0	0.0
-17.08555213	0.0	0.0	0.0	0.0	0.0	0.0	0.0	0.0	0.0
-17.045552129999997	0.0	0.0	0.0	0.0	0.0	0.0	0.0	0.0	0.0
-17.00455213	0.0	0.0	0.0	0.0	0.0	0.0	0.0	0.0	0.0
-16.964552129999998	0.0	0.0	0.0	0.0	0.0	0.0	0.0	0.0	0.0
-16.923552129999997	0.0	0.0	0.0	0.0	0.0	0.0	0.0	0.0	0.0
-16.883552129999998	0.0	0.0	0.0	0.0	0.0	0.0	0.0	0.0	0.0
-16.842552129999998	0.0	0.0	0.0	0.0	0.0	0.0	0.0	0.0	0.0
-16.801552129999997	0.0	0.0	0.0	0.0	0.0	0.0	0.0	0.0	0.0
-16.76155213	0.0	0.0	0.0	0.0	0.0	0.0	0.0	0.0	0.0
-16.720552129999998	0.0	0.0	0.0	0.0	0.0	0.0	0.0	0.0	0.0
-16.68055213	0.0	0.0	0.0	0.0	0.0	0.0	0.0	0.0	0.0
-16.63955213	0.0	0.0	0.0	0.0	0.0	0.0	0.0	0.0	0.0
-16.598552129999998	0.0	0.0	0.0	0.0	0.0	0.0	0.0	0.0	0.0
-16.55855213	0.0	0.0	0.0	0.0	0.0	0.0	0.0	0.0	0.0
-16.51755213	0.0	0.0	0.0	0.0	0.0	0.0	0.0	0.0	0.0
-16.47755213	0.0	0.0	0.0	0.0	0.0	0.0	0.0	0.0	0.0
-16.43655213	0.0	0.0	0.0	0.0	0.0	0.0	0.0	0.0	0.0
-16.39655213	0.0	0.0	0.0	0.0	0.0	0.0	0.0	0.0	0.0
-16.35555213	0.0	0.0	0.0	0.0	0.0	0.0	0.0	0.0	0.0
-16.31455213	0.0	0.0	0.0	0.0	0.0	0.0	0.0	0.0	0.0
-16.27455213	0.0	0.0	0.0	0.0	0.0	0.0	0.0	0.0	0.0
-16.23355213	0.0	0.0	0.0	0.0	0.0	0.0	0.0	0.0	0.0
-16.19355213	0.0	0.0	0.0	0.0	0.0	0.0	0.0	0.0	0.0
-16.15255213	0.0	0.0	0.0	0.0	0.0	0.0	0.0	0.0	0.0
-16.11155213	0.0	0.0	0.0	0.0	0.0	0.0	0.0	0.0	0.0
-16.07155213	0.0	0.0	0.0	0.0	0.0	0.0	0.0	0.0	0.0
-16.03055213	0.0	0.0	0.0	0.0	0.0	0.0	0.0	0.0	0.0
-15.990552129999998	0.0	0.0	0.0	0.0	0.0	0.0	0.0	0.0	0.0
-15.94955213	0.0	0.0	0.0	0.0	0.0	0.0	0.0	0.0	0.0
-15.909552129999998	0.0	0.0	0.0	0.0	0.0	0.0	0.0	0.0	0.0
-15.868552129999998	0.0	0.0	0.0	0.0	0.0	0.0	0.0	0.0	0.0
-15.827552129999997	0.0	0.0	0.0	0.0	0.0	0.0	0.0	0.0	0.0
-15.787552129999998	0.0	0.0	0.0	0.0	0.0	0.0	0.0	0.0	0.0
-15.746552129999998	0.0	0.0	0.0	0.0	0.0	0.0	0.0	0.0	0.0
-15.706552129999999	0.0	0.0	0.0	0.0	0.0	0.0	0.0	0.0	0.0
-15.665552129999998	0.0	0.0	0.0	0.0	0.0	0.0	0.0	0.0	0.0
-15.624552129999998	0.0	0.0	0.0	0.0	0.0	0.0	0.0	0.0	0.0
-15.584552129999999	0.0	0.0	0.0	0.0	0.0	0.0	0.0	0.0	0.0
-15.543552129999998	0.0	0.0	0.0	0.0	0.0	0.0	0.0	0.0	0.0
-15.50355213	0.0	0.0	0.0	0.0	0.0	0.0	0.0	0.0	0.0
-15.462552129999999	3.1094999999999995e-16	1.146095e-15	2.167455e-17	7.722514400000001e-16	0.0	0.0	0.0	0.0	0.0
-15.421552129999998	1.897e-14	6.990916e-14	1.322076e-15	4.71089929e-14	0.0	0.0	0.0	0.0	0.0
-15.38155213	1.5158e-12	5.586296e-12	1.0564970000000001e-13	3.76427239e-12	0.0	0.0	0.0	0.0	0.0
-15.340552129999999	8.7004e-11	3.2061940000000004e-10	6.06278e-12	2.16057002e-10	0.0	0.0	0.0	0.0	0.0
-15.30055213	3.6086e-09	1.3299620000000001e-08	2.515275e-10	8.96212474e-09	0.0	0.0	0.0	0.0	0.0
-15.25955213	1.08255e-07	3.9898810000000004e-07	7.54412e-09	2.68823142e-07	0.0	0.0	0.0	0.0	0.0
-15.21955213	2.3491e-06	8.656753e-06	1.6371999999999999e-07	5.834308649999999e-06	0.0	0.0	0.0	0.0	0.0
-15.17855213	3.6894e-05	0.00013598	2.5710380000000002e-06	9.1611464e-05	0.0	0.0	0.0	0.0	0.0
-15.13755213	0.00041948	0.001545478	2.9235709999999996e-05	0.001041790687	0.0	0.0	0.0	0.0	0.0
-15.09755213	0.0034554	0.01273394	0.00024079600000000002	0.008581241560000001	0.0	0.0	0.0	0.0	0.0
-15.05655213	0.020623999999999997	0.07600786999999999	0.001437414	0.0512208271	0.0	0.0	0.0	0.0	0.0
-15.016552129999997	0.08925999999999999	0.32893859999999997	0.006221239999999999	0.221654049	0.0	0.0	0.0	0.0	0.0
-14.97555213	0.28018	1.0325609999999998	0.01952725	0.6957738019999999	0.0	0.0	0.0	0.0	0.0
-14.93455213	0.6380800000000001	2.3511699999999998	0.0444664	1.5842142100000003	0.0	0.0	0.0	0.0	0.0
-14.894552129999997	1.0543	3.885991	0.07348539999999999	2.61832284	0.0	0.0	0.0	0.0	0.0
-14.85355213	1.2644	4.660932	0.0881384	3.1403222499999996	0.0	0.0	0.0	0.0	0.0
-14.813552129999998	1.1007099999999999	4.056197	0.0768856	2.7329927300000003	0.0	0.0	0.0	0.0	0.0
-14.772552129999998	0.69626	2.563981	0.050234299999999996	1.72788319	0.0	0.0	0.0	0.0	0.0
-14.732552129999998	0.32510000000000006	1.181565	0.035629600000000004	0.8031745400000001	0.0	0.0	0.0	0.0	0.0
-14.691552129999998	0.140569	0.4273754	0.08083150000000001	0.326271	0.0	0.0	0.0	0.0	0.0
-14.650552129999998	0.162771	0.2394577	0.2936085	0.31361520000000004	0.0	0.0	0.0	0.0	0.0
-14.610552129999999	0.40073010000000003	0.4357349	0.844093	0.7325422	0.0	0.0	0.0	0.0	0.0
-14.569552129999998	0.8366366	0.8862492000000002	1.7873620000000001	1.5190890000000001	0.0	0.0	0.0	0.0	0.0
-14.529552129999999	1.3084273	1.381407	2.8303580000000004	2.351987	0.0	0.0	0.0	0.0	0.0
-14.488552129999999	1.5833241000000002	1.6638629999999996	3.536099	2.767348	0.0	0.0	0.0	0.0	0.0
-14.447552129999998	1.6292472	1.6936790000000002	3.89381	2.6664300000000005	0.0	0.0	0.0	0.0	0.0
-14.40755213	1.6153478000000001	1.652256	4.2258759999999995	2.3850350000000002	0.0	0.0	0.0	0.0	0.0
-14.366552129999999	1.5752658	1.5902960000000002	4.404485	2.1241480000000004	0.0	0.0	0.0	0.0	0.0
-14.32655213	1.3485268000000001	1.3534329999999999	3.88932	1.7347190000000001	0.0	0.0	0.0	0.0	0.0
-14.28555213	0.9087481399999999	0.909647	2.6507660000000004	1.1477399999999998	0.0	0.0	0.0	0.0	0.0
-14.24555213	0.4573112899999999	0.4574747	1.3389195999999999	0.574028	0.0	0.0	0.0	0.0	0.0
-14.20455213	0.16859414	0.1685728	0.4940943	0.21115830000000002	0.0	0.0	0.0	0.0	0.0
-14.16355213	0.045187905	0.04519421999999999	0.13253446999999996	0.056577999999999996	0.0	0.0	0.0	0.0	0.0
-14.12355213	0.0087957802	0.00879503	0.025793089999999998	0.011010830000000001	0.0	0.0	0.0	0.0	0.0
-14.08255213	0.00124119891	0.001241066	0.0036406870000000005	0.0015534049999999999	0.0	0.0	0.0	0.0	0.0
-14.04255213	0.000126919126	0.0001269058	0.0003722798	0.00015884430000000002	0.0	0.0	0.0	0.0	0.0
-14.00155213	9.398863000000001e-06	9.3974e-06	2.7570939999999997e-05	1.17635e-05	0.0	0.0	0.0	0.0	0.0
-13.96055213	5.0389445e-07	5.038041e-07	1.4779182e-06	6.305830000000001e-07	0.0	0.0	0.0	0.0	0.0
-13.92055213	1.9541727e-08	1.954455e-08	5.732682e-08	2.445651e-08	0.0	0.0	0.0	0.0	0.0
-13.87955213	5.4825409e-10	5.48115e-10	1.6080241999999999e-09	6.86145e-10	0.0	0.0	0.0	0.0	0.0
-13.839552130000001	1.1117345999999999e-11	1.111523e-11	3.260209e-11	1.391487e-11	0.0	0.0	0.0	0.0	0.0
-13.798552130000001	1.6366366e-13	1.636489e-13	4.799175e-13	2.0481729999999999e-13	0.0	0.0	0.0	0.0	0.0
-13.758552129999998	1.3195217999999999e-15	1.3188709999999999e-15	3.869722e-15	1.6513229999999998e-15	0.0	0.0	0.0	0.0	0.0
-13.717552130000001	0.0	0.0	0.0	0.0	0.0	0.0	0.0	0.0	0.0
-13.676552130000001	0.0	0.0	0.0	0.0	0.0	0.0	0.0	0.0	0.0
-13.636552129999998	0.0	0.0	0.0	0.0	0.0	0.0	0.0	0.0	0.0
-13.595552130000002	0.0	0.0	0.0	0.0	0.0	0.0	0.0	0.0	0.0
-13.555552129999999	0.0	0.0	0.0	0.0	0.0	0.0	0.0	0.0	0.0
-13.514552129999998	0.0	0.0	0.0	0.0	0.0	0.0	0.0	0.0	0.0
-13.473552130000002	0.0	0.0	0.0	0.0	0.0	0.0	0.0	0.0	0.0
-13.433552129999999	0.0	0.0	0.0	0.0	0.0	0.0	0.0	0.0	0.0
-13.392552129999999	0.0	0.0	0.0	0.0	0.0	0.0	0.0	0.0	0.0
-13.35255213	0.0	0.0	0.0	0.0	0.0	0.0	0.0	0.0	0.0
-13.311552129999999	0.0	0.0	0.0	0.0	0.0	0.0	0.0	0.0	0.0
-13.27155213	0.0	0.0	0.0	0.0	0.0	0.0	0.0	0.0	0.0
-13.23055213	0.0	0.0	0.0	0.0	0.0	0.0	0.0	0.0	0.0
-13.18955213	0.0	0.0	0.0	0.0	0.0	0.0	0.0	0.0	0.0
-13.14955213	0.0	0.0	0.0	0.0	0.0	0.0	0.0	0.0	0.0
-13.10855213	0.0	0.0	0.0	0.0	0.0	0.0	0.0	0.0	0.0
-13.06855213	0.0	0.0	0.0	0.0	0.0	0.0	0.0	0.0	0.0
-13.02755213	0.0	0.0	0.0	0.0	0.0	0.0	0.0	0.0	0.0
-12.98655213	0.0	0.0	0.0	0.0	0.0	0.0	0.0	0.0	0.0
-12.94655213	0.0	0.0	0.0	0.0	0.0	0.0	0.0	0.0	0.0
-12.90555213	0.0	0.0	0.0	0.0	0.0	0.0	0.0	0.0	0.0
-12.865552130000001	0.0	0.0	0.0	0.0	0.0	0.0	0.0	0.0	0.0
-12.82455213	0.0	0.0	0.0	0.0	0.0	0.0	0.0	0.0	0.0
-12.784552130000002	0.0	0.0	0.0	0.0	0.0	0.0	0.0	0.0	0.0
-12.743552130000001	0.0	0.0	0.0	0.0	0.0	0.0	0.0	0.0	0.0
-12.70255213	0.0	0.0	0.0	0.0	0.0	0.0	0.0	0.0	0.0
-12.662552129999998	0.0	0.0	0.0	0.0	0.0	0.0	0.0	0.0	0.0
-12.621552130000001	0.0	0.0	0.0	0.0	0.0	0.0	0.0	0.0	0.0
-12.581552129999999	0.0	0.0	0.0	0.0	0.0	0.0	0.0	0.0	0.0
-12.540552129999998	0.0	0.0	0.0	0.0	0.0	0.0	0.0	0.0	0.0
-12.499552130000001	0.0	0.0	0.0	0.0	0.0	0.0	0.0	0.0	0.0
-12.459552129999999	0.0	0.0	0.0	0.0	0.0	0.0	0.0	0.0	0.0
-12.418552129999998	0.0	0.0	0.0	0.0	0.0	0.0	0.0	0.0	0.0
-12.37855213	0.0	0.0	0.0	0.0	0.0	0.0	0.0	0.0	0.0
-12.337552129999999	0.0	0.0	0.0	0.0	0.0	0.0	0.0	0.0	0.0
-12.29755213	0.0	0.0	0.0	0.0	0.0	0.0	0.0	0.0	0.0
-12.25655213	0.0	0.0	0.0	0.0	0.0	0.0	0.0	0.0	0.0
-12.215552129999999	0.0	0.0	0.0	0.0	0.0	0.0	0.0	0.0	0.0
-12.17555213	0.0	0.0	0.0	0.0	0.0	0.0	0.0	0.0	0.0
-12.13455213	0.0	0.0	0.0	0.0	0.0	0.0	0.0	0.0	0.0
-12.09455213	0.0	0.0	0.0	0.0	0.0	0.0	0.0	0.0	0.0
-12.05355213	0.0	0.0	0.0	0.0	0.0	0.0	0.0	0.0	0.0
-12.01255213	0.0	0.0	0.0	0.0	0.0	0.0	0.0	0.0	0.0
-11.97255213	0.0	0.0	0.0	0.0	0.0	0.0	0.0	0.0	0.0
-11.93155213	0.0	0.0	0.0	0.0	0.0	0.0	0.0	0.0	0.0
-11.89155213	0.0	0.0	0.0	0.0	0.0	0.0	0.0	0.0	0.0
-11.85055213	0.0	0.0	0.0	0.0	0.0	0.0	0.0	0.0	0.0
-11.810552130000001	0.0	0.0	0.0	0.0	0.0	0.0	0.0	0.0	0.0
-11.769552130000001	0.0	0.0	0.0	0.0	0.0	0.0	0.0	0.0	0.0
-11.72855213	0.0	0.0	0.0	0.0	0.0	0.0	0.0	0.0	0.0
-11.688552130000001	0.0	0.0	0.0	0.0	0.0	0.0	0.0	0.0	0.0
-11.647552130000001	0.0	0.0	0.0	0.0	0.0	0.0	0.0	0.0	0.0
-11.607552129999998	0.0	0.0	0.0	0.0	0.0	0.0	0.0	0.0	0.0
-11.566552130000002	1.0848397156e-14	5.38381e-15	1.288009e-14	7.513729999999998e-15	0.0	0.0	0.0	0.0	0.0
-11.525552130000001	9.12417502e-13	4.529074e-13	1.083511e-12	6.32061e-13	0.0	0.0	0.0	0.0	0.0
-11.485552129999999	5.7517408950000004e-11	2.8546349999999997e-11	6.829079999999999e-11	3.984610000000001e-11	0.0	0.0	0.0	0.0	0.0
-11.444552129999998	2.619837428e-09	1.300278e-09	3.110559e-09	1.814425e-09	0.0	0.0	0.0	0.0	0.0
-11.404552129999999	8.627110691e-08	4.281308e-08	1.024306e-07	5.975890000000001e-08	0.0	0.0	0.0	0.0	0.0
-11.363552129999999	2.0546646550000002e-06	1.0197830000000001e-06	2.4399170000000004e-06	1.4233370000000002e-06	0.0	0.0	0.0	0.0	0.0
-11.322552129999998	3.541456136e-05	1.757226e-05	4.2054e-05	2.4527500000000002e-05	0.0	0.0	0.0	0.0	0.0
-11.28255213	0.0004419569115	0.00021933819999999998	0.0005246289999999999	0.00030604899999999997	0.0	0.0	0.0	0.0	0.0
-11.241552129999999	0.003993514334	0.0019815659999999997	0.0047422	0.00276585	0.0	0.0	0.0	0.0	0.0
-11.20155213	0.026152368250000002	0.01298007	0.031056429999999996	0.018113389999999997	0.0	0.0	0.0	0.0	0.0
-11.16055213	0.12415599189999998	0.06162290000000001	0.14741890000000002	0.086002	0.0	0.0	0.0	0.0	0.0
-11.12055213	0.427355052	0.21217329999999998	0.5074529999999999	0.29613599999999995	0.0	0.0	0.0	0.0	0.0
-11.07955213	1.0675375042	0.529821	1.267554	0.739472	0.0	0.0	0.0	0.0	0.0
-11.03855213	1.934649176	0.960212	2.2970819999999996	1.340145	0.0	0.0	0.0	0.0	0.0
-10.99855213	2.544427779	1.262811	3.0208950000000003	1.7626	0.0	0.0	0.0	0.0	0.0
-10.95755213	2.428812802	1.2055099999999999	2.883976	1.682283	0.0	0.0	0.0	0.0	0.0
-10.91755213	1.68271671	0.835292	1.9978150000000001	1.1656380000000002	0.0	0.0	0.0	0.0	0.0
-10.87655213	0.8460089581000001	0.4199719	1.004577	0.5860989999999999	0.0	0.0	0.0	0.0	0.0
-10.83555213	0.3085697536	0.1532341	0.36655400000000005	0.21379899999999996	0.0	0.0	0.0	0.0	0.0
-10.79555213	0.08167052388	0.040541339999999995	0.0969807	0.056578699999999996	0.0	0.0	0.0	0.0	0.0
-10.75455213	0.01567201834	0.007778910000000001	0.018607949999999998	0.0108561	0.0	0.0	0.0	0.0	0.0
-10.714552130000001	0.0021796807380000003	0.001081827	0.0025876769999999996	0.001509827	0.0	0.0	0.0	0.0	0.0
-10.673552130000001	0.0002196482949	0.00010901860000000001	0.00026085140000000007	0.00015212159999999998	0.0	0.0	0.0	0.0	0.0
-10.633552129999998	1.602906457e-05	7.95555e-06	1.903326e-05	1.110337e-05	0.0	0.0	0.0	0.0	0.0
-10.592552130000001	8.467090585999999e-07	4.202837e-07	1.0054949999999998e-06	5.86511e-07	0.0	0.0	0.0	0.0	0.0
-10.551552130000001	3.236616835e-08	1.605982e-08	3.84345e-08	2.2415099999999998e-08	0.0	0.0	0.0	0.0	0.0
-10.511552129999998	8.945151902000001e-10	4.440262e-10	1.0622470000000002e-09	6.19648e-10	0.0	0.0	0.0	0.0	0.0
-10.470552130000002	1.787630279e-11	8.87328e-12	2.122448e-11	1.238268e-11	0.0	0.0	0.0	0.0	0.0
-10.430552129999999	2.577932001e-13	1.2795300000000002e-13	3.0605680000000003e-13	1.785587e-13	0.0	0.0	0.0	0.0	0.0
-10.389552129999998	2.552328784e-15	1.2668290000000001e-15	3.031102e-15	1.7685479999999999e-15	0.0	0.0	0.0	0.0	0.0
-10.348552130000002	0.0	0.0	0.0	0.0	0.0	0.0	0.0	0.0	0.0
-10.308552129999999	0.0	0.0	0.0	0.0	0.0	0.0	0.0	0.0	0.0
-10.267552129999999	0.0	0.0	0.0	0.0	0.0	0.0	0.0	0.0	0.0
-10.22755213	0.0	0.0	0.0	0.0	0.0	0.0	0.0	0.0	0.0
-10.186552129999999	0.0	0.0	0.0	0.0	0.0	0.0	0.0	0.0	0.0
-10.14655213	0.0	0.0	0.0	0.0	0.0	0.0	0.0	0.0	0.0
-10.10555213	0.0	0.0	0.0	0.0	0.0	0.0	0.0	0.0	0.0
-10.06455213	0.0	0.0	0.0	0.0	0.0	0.0	0.0	0.0	0.0
-10.02455213	0.0	0.0	0.0	0.0	0.0	0.0	0.0	0.0	0.0
-9.98355213	0.0	0.0	0.0	0.0	0.0	0.0	0.0	0.0	0.0
-9.94355213	0.0	0.0	0.0	0.0	0.0	0.0	0.0	0.0	0.0
-9.90255213	0.0	0.0	0.0	0.0	0.0	0.0	0.0	0.0	0.0
-9.86155213	0.0	0.0	0.0	0.0	0.0	0.0	0.0	0.0	0.0
-9.82155213	0.0	0.0	0.0	0.0	0.0	0.0	0.0	0.0	0.0
-9.78055213	0.0	0.0	0.0	0.0	0.0	0.0	0.0	0.0	0.0
-9.740552130000001	0.0	0.0	0.0	0.0	0.0	0.0	0.0	0.0	0.0
-9.69955213	0.0	0.0	0.0	0.0	0.0	0.0	0.0	0.0	0.0
-9.659552130000002	0.0	0.0	0.0	0.0	0.0	0.0	0.0	0.0	0.0
-9.618552130000001	0.0	0.0	0.0	0.0	0.0	0.0	0.0	0.0	0.0
-9.57755213	0.0	0.0	0.0	0.0	0.0	0.0	0.0	0.0	0.0
-9.537552129999998	0.0	0.0	0.0	0.0	0.0	0.0	0.0	0.0	0.0
-9.496552130000001	0.0	0.0	0.0	0.0	0.0	0.0	0.0	0.0	0.0
-9.456552129999999	0.0	0.0	0.0	0.0	0.0	0.0	0.0	0.0	0.0
-9.415552129999998	0.0	0.0	0.0	0.0	0.0	0.0	0.0	0.0	0.0
-9.374552130000001	0.0	0.0	0.0	0.0	0.0	0.0	0.0	0.0	0.0
-9.334552129999999	0.0	0.0	0.0	0.0	0.0	0.0	0.0	0.0	0.0
-9.293552129999998	0.0	0.0	0.0	0.0	0.0	0.0	0.0	0.0	0.0
-9.25355213	0.0	0.0	0.0	0.0	0.0	0.0	0.0	0.0	0.0
-9.212552129999999	0.0	0.0	0.0	0.0	0.0	0.0	0.0	0.0	0.0
-9.17255213	0.0	0.0	0.0	0.0	0.0	0.0	0.0	0.0	0.0
-9.13155213	0.0	0.0	0.0	0.0	0.0	0.0	0.0	0.0	0.0
-9.090552129999999	0.0	0.0	0.0	0.0	0.0	0.0	0.0	0.0	0.0
-9.05055213	0.0	0.0	0.0	0.0	0.0	0.0	0.0	0.0	0.0
-9.00955213	0.0	0.0	0.0	0.0	0.0	0.0	0.0	0.0	0.0
-8.96955213	0.0	0.0	0.0	0.0	0.0	0.0	0.0	0.0	0.0
-8.92855213	0.0	0.0	0.0	0.0	0.0	0.0	0.0	0.0	0.0
-8.88755213	0.0	0.0	0.0	0.0	0.0	0.0	0.0	0.0	0.0
-8.84755213	0.0	0.0	0.0	0.0	0.0	0.0	0.0	0.0	0.0
-8.80655213	0.0	0.0	0.0	0.0	0.0	0.0	0.0	0.0	0.0
-8.76655213	0.0	0.0	0.0	0.0	0.0	0.0	0.0	0.0	0.0
-8.72555213	0.0	0.0	0.0	0.0	0.0	0.0	0.0	0.0	0.0
-8.685552130000001	0.0	0.0	0.0	0.0	0.0	0.0	0.0	0.0	0.0
-8.644552130000001	0.0	0.0	0.0	0.0	0.0	0.0	0.0	0.0	0.0
-8.60355213	0.0	0.0	0.0	0.0	0.0	0.0	0.0	0.0	0.0
-8.563552130000001	0.0	0.0	0.0	0.0	0.0	0.0	0.0	0.0	0.0
-8.522552130000001	0.0	0.0	0.0	0.0	0.0	0.0	0.0	0.0	0.0
-8.482552129999998	0.0	0.0	0.0	0.0	0.0	0.0	0.0	0.0	0.0
-8.441552130000002	0.0	0.0	0.0	0.0	0.0	0.0	0.0	0.0	0.0
-8.400552130000001	0.0	0.0	0.0	0.0	0.0	0.0	0.0	0.0	0.0
-8.360552129999999	0.0	0.0	0.0	0.0	0.0	0.0	0.0	0.0	0.0
-8.319552129999998	0.0	0.0	0.0	0.0	0.0	0.0	0.0	0.0	0.0
-8.279552129999999	0.0	0.0	0.0	0.0	0.0	0.0	0.0	0.0	0.0
-8.238552129999999	0.0	0.0	0.0	0.0	0.0	0.0	0.0	0.0	0.0
-8.19855213	0.0	0.0	0.0	0.0	0.0	0.0	0.0	0.0	0.0
-8.15755213	0.0	0.0	0.0	0.0	0.0	0.0	0.0	0.0	0.0
-8.116552129999999	0.0	0.0	0.0	0.0	0.0	0.0	0.0	0.0	0.0
-8.07655213	0.0	0.0	0.0	0.0	0.0	0.0	0.0	0.0	0.0
-8.03555213	0.0	0.0	0.0	0.0	0.0	0.0	0.0	0.0	0.0
-7.995552129999999	0.0	0.0	0.0	0.0	0.0	0.0	0.0	0.0	0.0
-7.954552130000001	0.0	0.0	0.0	0.0	0.0	0.0	0.0	0.0	0.0
-7.91355213	0.0	0.0	0.0	0.0	0.0	0.0	0.0	0.0	0.0
-7.873552129999999	0.0	0.0	0.0	0.0	0.0	0.0	0.0	0.0	0.0
-7.832552130000001	0.0	0.0	0.0	0.0	0.0	0.0	0.0	0.0	0.0
-7.79255213	0.0	0.0	0.0	0.0	0.0	0.0	0.0	0.0	0.0
-7.751552129999999	0.0	0.0	0.0	0.0	0.0	0.0	0.0	0.0	0.0
-7.71155213	0.0	0.0	0.0	0.0	0.0	0.0	0.0	0.0	0.0
-7.67055213	0.0	0.0	0.0	0.0	0.0	0.0	0.0	0.0	0.0
-7.6295521299999995	0.0	0.0	0.0	0.0	0.0	0.0	0.0	0.0	0.0
-7.58955213	0.0	0.0	0.0	0.0	0.0	0.0	0.0	0.0	0.0
-7.54855213	0.0	0.0	0.0	0.0	0.0	0.0	0.0	0.0	0.0
-7.508552129999999	0.0	0.0	0.0	0.0	0.0	0.0	0.0	0.0	0.0
-7.4675521300000005	0.0	0.0	0.0	0.0	0.0	0.0	0.0	0.0	0.0
-7.42655213	0.0	0.0	0.0	0.0	0.0	0.0	0.0	0.0	0.0
-7.386552129999999	0.0	0.0	0.0	0.0	0.0	0.0	0.0	0.0	0.0
-7.345552130000001	0.0	0.0	0.0	0.0	0.0	0.0	0.0	0.0	0.0
-7.30555213	0.0	0.0	0.0	0.0	0.0	0.0	0.0	0.0	0.0
-7.264552129999999	0.0	0.0	0.0	0.0	0.0	0.0	0.0	0.0	0.0
-7.22455213	0.0	0.0	0.0	0.0	0.0	0.0	0.0	0.0	0.0
-7.18355213	0.0	0.0	0.0	0.0	0.0	0.0	0.0	0.0	0.0
-7.142552129999999	0.0	0.0	0.0	0.0	0.0	0.0	0.0	0.0	0.0
-7.10255213	0.0	0.0	0.0	0.0	0.0	0.0	0.0	0.0	0.0
-7.06155213	0.0	0.0	0.0	0.0	0.0	0.0	0.0	0.0	0.0
-7.021552130000001	0.0	0.0	0.0	0.0	0.0	0.0	0.0	0.0	0.0
-6.98055213	0.0	0.0	0.0	0.0	0.0	0.0	0.0	0.0	0.0
-6.93955213	0.0	0.0	0.0	0.0	0.0	0.0	0.0	0.0	0.0
-6.899552129999999	0.0	0.0	0.0	0.0	0.0	0.0	0.0	0.0	0.0
-6.8585521300000005	0.0	0.0	0.0	0.0	0.0	0.0	0.0	0.0	0.0
-6.81855213	0.0	0.0	0.0	0.0	0.0	0.0	0.0	0.0	0.0
-6.777552129999999	0.0	0.0	0.0	0.0	0.0	0.0	0.0	0.0	0.0
-6.736552130000001	0.0	0.0	0.0	0.0	0.0	0.0	0.0	0.0	0.0
-6.69655213	0.0	0.0	0.0	0.0	0.0	0.0	0.0	0.0	0.0
-6.655552129999999	0.0	0.0	0.0	0.0	0.0	0.0	0.0	0.0	0.0
-6.61555213	0.0	0.0	0.0	0.0	0.0	0.0	0.0	0.0	0.0
-6.57455213	0.0	0.0	0.0	0.0	0.0	0.0	0.0	0.0	0.0
-6.534552130000001	0.0	0.0	0.0	0.0	0.0	0.0	0.0	0.0	0.0
-6.49355213	0.0	0.0	0.0	0.0	0.0	0.0	0.0	0.0	0.0
-6.45255213	0.0	0.0	0.0	0.0	0.0	0.0	0.0	0.0	0.0
-6.412552129999999	0.0	0.0	0.0	0.0	0.0	0.0	0.0	0.0	0.0
-6.37155213	0.0	0.0	0.0	0.0	0.0	0.0	0.0	0.0	0.0
-6.3315521299999995	0.0	0.0	0.0	0.0	0.0	0.0	0.0	0.0	0.0
-6.290552129999999	0.0	0.0	0.0	0.0	0.0	0.0	0.0	0.0	0.0
-6.2495521300000005	0.0	0.0	0.0	0.0	0.0	0.0	0.0	0.0	0.0
-6.20955213	0.0	0.0	0.0	0.0	0.0	0.0	0.0	0.0	0.0
-6.168552129999999	0.0	0.0	0.0	0.0	0.0	0.0	0.0	0.0	0.0
-6.12855213	0.0	0.0	0.0	0.0	0.0	0.0	0.0	0.0	0.0
-6.08755213	0.0	0.0	0.0	0.0	0.0	0.0	0.0	0.0	0.0
-6.047552130000001	0.0	0.0	0.0	0.0	0.0	0.0	0.0	0.0	0.0
-6.00655213	0.0	0.0	0.0	0.0	0.0	0.0	0.0	0.0	0.0
-5.96555213	0.0	0.0	0.0	0.0	0.0	0.0	0.0	0.0	0.0
-5.92555213	0.0	0.0	0.0	0.0	0.0	0.0	0.0	0.0	0.0
-5.88455213	0.0	0.0	0.0	0.0	0.0	0.0	0.0	0.0	0.0
-5.84455213	0.0	0.0	0.0	0.0	0.0	0.0	0.0	0.0	0.0
-5.80355213	0.0	0.0	0.0	0.0	0.0	0.0	0.0	0.0	0.0
-5.7625521299999996	0.0	0.0	0.0	0.0	0.0	0.0	0.0	0.0	0.0
-5.7225521299999995	0.0	0.0	0.0	0.0	0.0	0.0	0.0	0.0	0.0
-5.68155213	0.0	0.0	0.0	0.0	0.0	0.0	0.0	0.0	0.0
-5.64155213	0.0	0.0	0.0	0.0	0.0	0.0	0.0	0.0	0.0
-5.60055213	0.0	0.0	0.0	0.0	0.0	0.0	0.0	0.0	0.0
-5.56055213	0.0	0.0	0.0	0.0	0.0	0.0	0.0	0.0	0.0
-5.51955213	0.0	0.0	0.0	0.0	0.0	0.0	0.0	0.0	0.0
-5.47855213	0.0	0.0	0.0	0.0	0.0	0.0	0.0	0.0	0.0
-5.43855213	0.0	0.0	0.0	0.0	0.0	0.0	0.0	0.0	0.0
-5.39755213	0.0	0.0	0.0	0.0	0.0	0.0	0.0	0.0	0.0
-5.35755213	0.0	0.0	0.0	0.0	0.0	0.0	0.0	0.0	0.0
-5.31655213	0.0	0.0	0.0	0.0	0.0	0.0	0.0	0.0	0.0
-5.27555213	0.0	0.0	0.0	0.0	0.0	0.0	0.0	0.0	0.0
-5.23555213	0.0	0.0	0.0	0.0	0.0	0.0	0.0	0.0	0.0
-5.19455213	0.0	0.0	0.0	0.0	0.0	0.0	0.0	0.0	0.0
-5.15455213	0.0	0.0	0.0	0.0	0.0	0.0	0.0	0.0	0.0
-5.1135521299999995	0.0	0.0	0.0	0.0	0.0	0.0	0.0	0.0	0.0
-5.0735521299999995	0.0	0.0	0.0	0.0	0.0	0.0	0.0	0.0	0.0
-5.03255213	0.0	0.0	0.0	0.0	0.0	0.0	0.0	0.0	0.0
-4.99155213	0.0	0.0	0.0	0.0	0.0	0.0	0.0	0.0	0.0
-4.95155213	0.0	0.0	0.0	0.0	0.0	0.0	0.0	0.0	0.0
-4.91055213	0.0	0.0	0.0	0.0	0.0	0.0	0.0	0.0	0.0
-4.87055213	0.0	0.0	0.0	0.0	0.0	0.0	0.0	0.0	0.0
-4.82955213	0.0	0.0	0.0	0.0	0.0	0.0	0.0	0.0	0.0
-4.78855213	0.0	0.0	0.0	0.0	0.0	0.0	0.0	0.0	0.0
-4.74855213	0.0	0.0	0.0	0.0	0.0	0.0	0.0	0.0	0.0
-4.70755213	0.0	0.0	0.0	0.0	0.0	0.0	0.0	0.0	0.0
-4.66755213	0.0	0.0	0.0	0.0	0.0	0.0	0.0	0.0	0.0
-4.62655213	0.0	0.0	0.0	0.0	0.0	0.0	0.0	0.0	0.0
-4.58655213	0.0	0.0	0.0	0.0	0.0	0.0	0.0	0.0	0.0
-4.54555213	0.0	0.0	0.0	0.0	0.0	0.0	0.0	0.0	0.0
-4.5045521299999995	0.0	0.0	0.0	0.0	0.0	0.0	0.0	0.0	0.0
-4.4645521299999995	0.0	0.0	0.0	0.0	0.0	0.0	0.0	0.0	0.0
-4.42355213	0.0	0.0	0.0	0.0	0.0	0.0	0.0	0.0	0.0
-4.38355213	0.0	0.0	0.0	0.0	0.0	0.0	0.0	0.0	0.0
-4.34255213	0.0	0.0	0.0	0.0	0.0	0.0	0.0	0.0	0.0
-4.30155213	0.0	0.0	0.0	0.0	0.0	0.0	0.0	0.0	0.0
-4.26155213	0.0	0.0	0.0	0.0	0.0	0.0	0.0	0.0	0.0
-4.22055213	0.0	0.0	0.0	0.0	0.0	0.0	0.0	0.0	0.0
-4.18055213	0.0	0.0	0.0	0.0	0.0	0.0	0.0	0.0	0.0
-4.13955213	0.0	0.0	0.0	0.0	0.0	0.0	0.0	0.0	0.0
-4.09955213	0.0	0.0	0.0	0.0	0.0	0.0	0.0	0.0	0.0
-4.05855213	0.0	0.0	0.0	0.0	0.0	0.0	0.0	0.0	0.0
-4.01755213	0.0	0.0	0.0	0.0	0.0	0.0	0.0	0.0	0.0
-3.9775521300000003	0.0	0.0	0.0	0.0	0.0	0.0	0.0	0.0	0.0
-3.93655213	0.0	0.0	0.0	0.0	0.0	0.0	0.0	0.0	0.0
-3.89655213	0.0	0.0	0.0	0.0	0.0	0.0	0.0	0.0	0.0
-3.8555521299999995	0.0	0.0	0.0	0.0	0.0	0.0	0.0	0.0	0.0
-3.81455213	0.0	0.0	0.0	0.0	0.0	0.0	0.0	0.0	0.0
-3.77455213	0.0	0.0	0.0	0.0	0.0	0.0	0.0	0.0	0.0
-3.7335521299999996	0.0	0.0	0.0	0.0	0.0	0.0	0.0	0.0	0.0
-3.6935521299999996	0.0	0.0	0.0	0.0	0.0	0.0	0.0	0.0	0.0
-3.65255213	0.0	0.0	0.0	0.0	0.0	0.0	0.0	0.0	0.0
-3.61255213	0.0	0.0	0.0	0.0	0.0	0.0	0.0	0.0	0.0
-3.5715521299999997	0.0	0.0	0.0	0.0	0.0	0.0	0.0	0.0	0.0
-3.5305521300000002	0.0	0.0	0.0	0.0	0.0	0.0	0.0	0.0	0.0
-3.49055213	0.0	0.0	0.0	0.0	0.0	0.0	0.0	0.0	0.0
-3.44955213	0.0	0.0	0.0	0.0	0.0	0.0	0.0	0.0	0.0
-3.40955213	0.0	0.0	0.0	0.0	0.0	0.0	0.0	0.0	0.0
-3.3685521300000003	0.0	0.0	0.0	0.0	0.0	0.0	0.0	0.0	0.0
-3.32755213	0.0	0.0	0.0	0.0	0.0	0.0	0.0	0.0	0.0
-3.28755213	0.0	0.0	0.0	0.0	0.0	0.0	0.0	0.0	0.0
-3.2465521299999995	0.0	0.0	0.0	0.0	0.0	0.0	0.0	0.0	0.0
-3.2065521299999995	0.0	0.0	0.0	0.0	0.0	0.0	0.0	0.0	0.0
-3.16555213	0.0	0.0	0.0	0.0	0.0	0.0	0.0	0.0	0.0
-3.12555213	0.0	0.0	0.0	0.0	0.0	0.0	0.0	0.0	0.0
-3.0845521299999996	0.0	0.0	0.0	0.0	0.0	0.0	0.0	0.0	0.0
-3.04355213	0.0	0.0	0.0	0.0	0.0	0.0	0.0	0.0	0.0
-3.00355213	0.0	0.0	0.0	0.0	0.0	0.0	0.0	0.0	0.0
-2.9625521299999997	0.0	0.0	0.0	0.0	0.0	0.0	0.0	0.0	0.0
-2.9225521299999997	0.0	0.0	0.0	0.0	0.0	0.0	0.0	0.0	0.0
-2.88155213	0.0	0.0	0.0	0.0	0.0	0.0	0.0	0.0	0.0
-2.84055213	0.0	0.0	0.0	0.0	0.0	0.0	0.0	0.0	0.0
-2.80055213	0.0	0.0	0.0	0.0	0.0	0.0	0.0	0.0	0.0
-2.7595521300000003	0.0	0.0	0.0	0.0	0.0	0.0	0.0	0.0	0.0
-2.7195521300000003	0.0	0.0	0.0	0.0	0.0	0.0	0.0	0.0	0.0
-2.67855213	0.0	0.0	0.0	0.0	0.0	0.0	0.0	0.0	0.0
-2.6375521299999996	0.0	0.0	0.0	0.0	0.0	0.0	0.0	0.0	0.0
-2.5975521299999995	0.0	0.0	0.0	0.0	0.0	0.0	0.0	0.0	0.0
-2.55655213	0.0	0.0	0.0	0.0	0.0	0.0	0.0	0.0	0.0
-2.51655213	0.0	0.0	0.0	0.0	0.0	0.0	0.0	0.0	0.0
-2.4755521299999996	0.0	0.0	0.0	0.0	0.0	0.0	0.0	0.0	0.0
-2.4355521299999996	0.0	0.0	0.0	0.0	0.0	0.0	0.0	0.0	0.0
-2.39455213	0.0	0.0	0.0	0.0	0.0	0.0	0.0	0.0	0.0
-2.3535521299999997	0.0	0.0	0.0	0.0	0.0	0.0	0.0	0.0	0.0
-2.3135521299999997	0.0	0.0	0.0	0.0	0.0	0.0	0.0	0.0	0.0
-2.2725521300000002	0.0	0.0	0.0	0.0	0.0	0.0	0.0	0.0	0.0
-2.23255213	0.0	0.0	0.0	0.0	0.0	0.0	0.0	0.0	0.0
-2.19155213	0.0	0.0	0.0	0.0	0.0	0.0	0.0	0.0	0.0
-2.1505521300000003	0.0	0.0	0.0	0.0	0.0	0.0	0.0	0.0	0.0
-2.1105521300000003	0.0	0.0	0.0	0.0	0.0	0.0	0.0	0.0	0.0
-2.06955213	0.0	0.0	0.0	0.0	0.0	0.0	0.0	0.0	0.0
-2.02955213	0.0	0.0	0.0	0.0	0.0	0.0	0.0	0.0	0.0
-1.98855213	0.0	0.0	0.0	0.0	0.0	0.0	0.0	0.0	0.0
-1.94855213	0.0	0.0	0.0	0.0	0.0	0.0	0.0	0.0	0.0
-1.90755213	0.0	0.0	0.0	0.0	0.0	0.0	0.0	0.0	0.0
-1.86655213	0.0	0.0	0.0	0.0	0.0	0.0	0.0	0.0	0.0
-1.82655213	0.0	0.0	0.0	0.0	0.0	0.0	0.0	0.0	0.0
-1.7855521299999997	0.0	0.0	0.0	0.0	0.0	0.0	0.0	0.0	0.0
-1.74555213	0.0	0.0	0.0	0.0	0.0	0.0	0.0	0.0	0.0
-1.7045521299999997	0.0	0.0	0.0	0.0	0.0	0.0	0.0	0.0	0.0
-1.6635521299999998	0.0	0.0	0.0	0.0	0.0	0.0	0.0	0.0	0.0
-1.6235521299999998	0.0	0.0	0.0	0.0	0.0	0.0	0.0	0.0	0.0
-1.5825521299999998	0.0	0.0	0.0	0.0	0.0	0.0	0.0	0.0	0.0
-1.5425521299999998	0.0	0.0	0.0	0.0	0.0	0.0	0.0	0.0	0.0
-1.5015521299999999	0.0	0.0	0.0	0.0	0.0	0.0	0.0	0.0	0.0
-1.4615521299999998	0.0	0.0	0.0	0.0	0.0	0.0	0.0	0.0	0.0
-1.42055213	0.0	0.0	0.0	0.0	0.0	0.0	0.0	0.0	0.0
-1.37955213	0.0	0.0	0.0	0.0	0.0	0.0	0.0	0.0	0.0
-1.33955213	0.0	0.0	0.0	0.0	0.0	0.0	0.0	0.0	0.0
-1.29855213	0.0	0.0	0.0	0.0	0.0	0.0	0.0	0.0	0.0
-1.25855213	0.0	0.0	0.0	0.0	0.0	0.0	0.0	0.0	0.0
-1.21755213	0.0	0.0	0.0	0.0	0.0	0.0	0.0	0.0	0.0
-1.1765521299999997	0.0	0.0	0.0	0.0	0.0	0.0	0.0	0.0	0.0
-1.13655213	0.0	0.0	0.0	0.0	0.0	0.0	0.0	0.0	0.0
-1.0955521299999997	0.0	0.0	0.0	0.0	0.0	0.0	0.0	0.0	0.0
-1.0555521299999997	1.6406420000000002e-15	5.875490000000001e-15	9.4419834e-17	4.19143e-15	0.0	0.0	0.0	0.0	0.0
-1.0145521299999998	1.4814420000000001e-13	5.30489e-13	8.526254599999998e-15	3.78552e-13	0.0	0.0	0.0	0.0	0.0
-0.9745521299999997	9.47588e-12	3.3937e-11	5.454799899999999e-13	2.42145e-11	0.0	0.0	0.0	0.0	0.0
-0.9335521299999998	4.38094e-10	1.5689000000000002e-09	2.5215872e-11	1.1194899999999998e-09	0.0	0.0	0.0	0.0	0.0
-0.8925521299999999	1.4644959999999999e-08	5.24426e-08	8.426646e-10	3.74226e-08	0.0	0.0	0.0	0.0	0.0
-0.8525521299999999	3.53919e-07	1.26749e-06	2.0372955000000002e-08	9.0441e-07	0.0	0.0	0.0	0.0	0.0
-0.8115521299999999	6.190700000000001e-06	2.21715e-05	3.563357e-07	1.58207e-05	0.0	0.0	0.0	0.0	0.0
-0.7715521299999999	7.838919999999998e-05	0.00028078500000000003	4.5126388e-06	0.00020038100000000002	0.0	0.0	0.0	0.0	0.0
-0.73055213	0.0007189840000000001	0.0025755399999999994	4.1386265999999994e-05	0.0018375200000000003	0.0	0.0	0.0	0.0	0.0
-0.68955213	0.004778560000000001	0.017118300000000003	0.0002750277	0.0122123	0.0	0.0	0.0	0.0	0.0
-0.64955213	0.0230248	0.0824536	0.0013251261999999999	0.0588436	0.0	0.0	0.0	0.0	0.0
-0.6085521300000001	0.0804302	0.288057	0.004629518900000001	0.20559000000000002	0.0	0.0	0.0	0.0	0.0
-0.56855213	0.20383700000000002	0.7300729999999999	0.011733901	0.520984	0.0	0.0	0.0	0.0	0.0
-0.5275521300000001	0.37490199999999996	1.34271	0.021582359000000002	0.9581500000000002	0.0	0.0	0.0	0.0	0.0
-0.4875521300000001	0.500379	1.79153	0.028803581	1.2786400000000002	0.0	0.0	0.0	0.0	0.0
-0.4465521299999997	0.48466299999999995	1.73575	0.027899104	1.23861	0.0	0.0	0.0	0.0	0.0
-0.4055521299999998	0.34072399999999997	1.22052	0.01960969	0.8707899999999998	0.0	0.0	0.0	0.0	0.0
-0.36555212999999975	0.17390299999999997	0.622738	0.0100070922	0.44434699999999994	0.0	0.0	0.0	0.0	0.0
-0.3245521299999998	0.06436650000000001	0.230484	0.0037046392	0.16449699999999998	0.0	0.0	0.0	0.0	0.0
-0.2845521299999998	0.017287100000000007	0.0619011	0.00099481471	0.044169200000000006	0.0	0.0	0.0	0.0	0.0
-0.24355212999999987	0.0033657000000000005	0.0120547	0.00019369869	0.00860162	0.0	0.0	0.0	0.0	0.0
-0.20255212999999994	0.00047502000000000004	0.0017017299999999998	2.7340156e-05	0.0012140599999999999	0.0	0.0	0.0	0.0	0.0
-0.1625521299999999	4.85887e-05	0.000174042	2.7960109e-06	0.000124159	0.0	0.0	0.0	0.0	0.0
-0.12155212999999998	3.5986800000000002e-06	1.2887200000000001e-05	2.0708484e-07	9.1956e-06	0.0	0.0	0.0	0.0	0.0
-0.08155212999999994	1.9294599999999999e-07	6.909240000000001e-07	1.11037767e-08	4.93009e-07	0.0	0.0	0.0	0.0	0.0
-0.04055213000000002	7.48582e-09	2.6801100000000002e-08	4.3093721000000004e-10	1.913e-08	0.0	0.0	0.0	0.0	0.0
-0.000552129999999984	3.1623600000000005e-10	7.7536e-10	2.2864921999999997e-11	5.566400000000001e-10	0.0	0.0	0.0	0.0	0.0
0.04044787000000016	4.17265e-09	9.331432e-10	4.230791e-10	7.972800000000001e-10	0.0	0.0	0.0	0.0	0.0
0.08144787000000009	1.18164e-07	2.6023544000000002e-08	1.1988631e-08	2.2297490000000002e-08	0.0	0.0	0.0	0.0	0.0
0.12144787000000012	2.42416e-06	5.3388608e-07	2.4591529999999997e-07	4.5740469999999996e-07	0.0	0.0	0.0	0.0	0.0
0.16244787000000005	3.599490000000001e-05	7.925692599999999e-06	3.6510879999999997e-06	6.791078000000001e-06	0.0	0.0	0.0	0.0	0.0
0.20244787000000009	0.000386921	8.520695199999999e-05	3.9256819999999995e-05	7.300984e-05	0.0	0.0	0.0	0.0	0.0
0.24344787	0.00301392	0.00066373372	0.0003057159	0.0005686215	0.0	0.0	0.0	0.0	0.0
0.28444787000000016	0.0170111	0.0037464235	0.0017257792	0.003210228	0.0	0.0	0.0	0.0	0.0
0.3244478700000002	0.0696287	0.015330390999999999	0.007063178999999999	0.013137288999999998	0.0	0.0	0.0	0.0	0.0
0.3654478700000001	0.206732	0.045512681	0.02096282	0.038994419999999995	0.0	0.0	0.0	0.0	0.0
0.40544787000000015	0.44516200000000006	0.0980295	0.045155719999999996	0.08398744	0.0	0.0	0.0	0.0	0.0
0.4464478700000001	0.69576	0.15317240000000001	0.07058096999999999	0.13127683	0.0	0.0	0.0	0.0	0.0
0.4864478700000001	0.789265	0.17384946	0.08006011	0.14892042	0.0	0.0	0.0	0.0	0.0
0.52744787	0.649798	0.14309603	0.06591288	0.12260862	0.0	0.0	0.0	0.0	0.0
0.5684478700000002	0.38828199999999996	0.085500882	0.03938909	0.07325599	0.0	0.0	0.0	0.0	0.0
0.60844787	0.16832799999999998	0.037068994	0.017077724000000002	0.03176707	0.0	0.0	0.0	0.0	0.0
0.6494478700000001	0.0529537	0.011660985	0.005371891	0.0099921	0.0	0.0	0.0	0.0	0.0
0.6894478700000002	0.012078899999999998	0.0026604095	0.0012256112	0.002279069	0.0	0.0	0.0	0.0	0.0
0.7304478700000001	0.0019981	0.00044002323	0.00020266158000000002	0.0003770364	0.0	0.0	0.0	0.0	0.0
0.77144787	0.000239579	5.2750041e-05	2.4296549999999997e-05	4.5188140000000005e-05	0.0	0.0	0.0	0.0	0.0
0.8114478700000001	2.07993e-05	4.5796511e-06	2.110199e-06	3.923956e-06	0.0	0.0	0.0	0.0	0.0
0.85244787	1.30757e-06	2.8794525e-07	1.3263916e-07	2.467181e-07	0.0	0.0	0.0	0.0	0.0
0.89244787	5.94913e-08	1.3100346000000001e-08	6.034976e-09	1.1224340000000001e-08	0.0	0.0	0.0	0.0	0.0
0.9334478700000002	1.9582e-09	4.3110329e-10	1.9860357e-10	3.6945179999999995e-10	0.0	0.0	0.0	0.0	0.0
0.9734478700000001	4.6594100000000006e-11	1.0261108000000002e-11	4.7270949999999995e-12	8.791979000000001e-12	0.0	0.0	0.0	0.0	0.0
1.0144478700000001	8.01441e-13	1.7682439e-13	8.149249999999999e-14	1.5166399999999997e-13	0.0	0.0	0.0	0.0	0.0
1.05544787	1.047514e-14	3.6033869999999996e-14	1.859646e-14	4.12993e-14	0.0	0.0	0.0	0.0	0.0
1.09544787	2.4652329999999998e-14	2.253975e-12	1.171304e-12	2.6263e-12	0.0	0.0	0.0	0.0	0.0
1.13644787	1.1858989999999999e-12	1.08425e-10	5.6348999999999996e-11	1.26347e-10	0.0	0.0	0.0	0.0	0.0
1.17644787	4.12513e-11	3.7714160000000006e-09	1.9597799999999996e-09	4.3945300000000005e-09	0.0	0.0	0.0	0.0	0.0
1.21744787	1.037724e-09	9.48709e-08	4.931460000000001e-08	1.1055e-07	0.0	0.0	0.0	0.0	0.0
1.2584478700000001	1.888877e-08	1.726567e-06	8.97544e-07	2.01212e-06	0.0	0.0	0.0	0.0	0.0
1.29844787	2.489194e-07	2.275853e-05	1.1826550000000001e-05	2.6512299999999997e-05	0.0	0.0	0.0	0.0	0.0
1.33944787	2.375407e-06	0.00021718599999999996	0.00011286790000000001	0.000253037	0.0	0.0	0.0	0.0	0.0
1.3794478700000001	1.642354e-05	0.001501872	0.000780574	0.00175003	0.0	0.0	0.0	0.0	0.0
1.42044787	8.23222e-05	0.0075271700000000006	0.00391188	0.0087709	0.0	0.0	0.0	0.0	0.0
1.4614478700000002	0.0002992367	0.027355149999999998	0.014220620000000002	0.0318754	0.0	0.0	0.0	0.0	0.0
1.5014478700000002	0.0007889049999999999	0.07213739999999999	0.0374863	0.084051	0.0	0.0	0.0	0.0	0.0
1.5424478700000002	0.0015094169999999999	0.1379967	0.0717319	0.160789	0.0	0.0	0.0	0.0	0.0
1.5824478700000002	0.0020954990000000002	0.19163329999999998	0.09957850000000001	0.223229	0.0	0.0	0.0	0.0	0.0
1.6234478700000001	0.00211174	0.1930586	0.1003345	0.22491999999999998	0.0	0.0	0.0	0.0	0.0
1.6634478700000002	0.0015452080000000002	0.1412018	0.0733897	0.164517	0.0	0.0	0.0	0.0	0.0
1.70444787	0.000830138	0.0749562	0.03895509999999999	0.08732700000000002	0.0	0.0	0.0	0.0	0.0
1.74544787	0.000408045	0.02887376	0.01502385	0.033645	0.0	0.0	0.0	0.0	0.0
1.78544787	0.00068097	0.008108689999999998	0.00430359	0.009499700000000002	0.0	0.0	0.0	0.0	0.0
1.8264478700000002	0.002774011	0.001841158	0.00137317	0.00238477	0.0	0.0	0.0	0.0	0.0
1.86644787	0.009294750000000001	0.00093812	0.0018915479999999998	0.0019014	0.0	0.0	0.0	0.0	0.0
1.9074478700000002	0.02273484	0.001733869	0.0043354199999999996	0.0039970000000000006	0.0	0.0	0.0	0.0	0.0
1.94844787	0.0403626	0.00304051	0.00767749	0.007051599999999999	0.0	0.0	0.0	0.0	0.0
1.9884478700000001	0.05216899999999999	0.00396458	0.00992843	0.0091454	0.0	0.0	0.0	0.0	0.0
2.0294478700000003	0.0497786	0.0039942300000000005	0.00951879	0.008914400000000001	0.0	0.0	0.0	0.0	0.0
2.0694478700000003	0.037957500000000005	0.00390893	0.00743686	0.0075653	0.0	0.0	0.0	0.0	0.0
2.1104478700000002	0.03130555	0.0055438	0.00661376	0.008303300000000001	0.0	0.0	0.0	0.0	0.0
2.1504478700000003	0.0387928	0.009923800000000002	0.00882471	0.013008999999999998	0.0	0.0	0.0	0.0	0.0
2.19144787	0.053939499999999994	0.015375599999999998	0.0125549	0.019519	0.0	0.0	0.0	0.0	0.0
2.23244787	0.060913199999999994	0.0187787	0.0142359	0.023503	0.0	0.0	0.0	0.0	0.0
2.27244787	0.0515843	0.0207589	0.0120428	0.025089999999999998	0.0	0.0	0.0	0.0	0.0
2.31344787	0.0338956	0.0286027	0.0078477	0.032497500000000006	0.0	0.0	0.0	0.0	0.0
2.35344787	0.020872	0.049322300000000006	0.0046944	0.053929099999999994	0.0	0.0	0.0	0.0	0.0
2.39444787	0.016563699999999997	0.07691209999999998	0.0035594900000000002	0.08320009999999999	0.0	0.0	0.0	0.0	0.0
2.43544787	0.0157973	0.0917326	0.00331356	0.0990156	0.0	0.0	0.0	0.0	0.0
2.47544787	0.013145099999999998	0.0802688	0.0027400700000000003	0.08659319999999998	0.0	0.0	0.0	0.0	0.0
2.5164478700000004	0.008281199999999999	0.051069399999999994	0.00172405	0.055092	0.0	0.0	0.0	0.0	0.0
2.55644787	0.0038182	0.02359635	0.00079475	0.025443129999999994	0.0	0.0	0.0	0.0	0.0
2.59744787	0.00127928	0.007906380000000001	0.000266218	0.008529150000000001	0.0	0.0	0.0	0.0	0.0
2.63744787	0.00031095	0.00192208	6.4718e-05	0.0020729960000000006	0.0	0.0	0.0	0.0	0.0
2.6784478700000003	5.4800000000000004e-05	0.0003388131	1.1406200000000001e-05	0.0003654315	0.0	0.0	0.0	0.0	0.0
2.71944787	7.0019e-06	4.3275900000000004e-05	1.45699e-06	4.6681669999999995e-05	0.0	0.0	0.0	0.0	0.0
2.7594478700000002	6.479e-07	4.005049999999999e-06	1.3483899999999998e-07	4.320035e-06	0.0	0.0	0.0	0.0	0.0
2.80044787	4.3415e-08	2.6843190000000004e-07	9.0357e-09	2.894953e-07	0.0	0.0	0.0	0.0	0.0
2.84044787	2.1058400000000002e-09	1.301735e-08	4.38235e-10	1.404113e-08	0.0	0.0	0.0	0.0	0.0
2.88144787	7.3894e-11	4.56743e-10	1.5378e-11	4.927722e-10	0.0	0.0	0.0	0.0	0.0
2.92244787	1.87489e-12	1.1588869999999998e-11	3.90154e-13	1.250102e-11	0.0	0.0	0.0	0.0	0.0
2.96244787	3.4393e-14	2.125893e-13	7.1579e-15	2.293064e-13	0.0	0.0	0.0	0.0	0.0
3.00344787	4.587499999999999e-16	2.8351709999999997e-15	9.547900000000001e-17	3.0588400000000002e-15	0.0	0.0	0.0	0.0	0.0
3.04344787	0.0	0.0	0.0	0.0	0.0	0.0	0.0	0.0	0.0
3.08444787	0.0	0.0	0.0	0.0	0.0	0.0	0.0	0.0	0.0
3.12444787	0.0	0.0	0.0	0.0	0.0	0.0	0.0	0.0	0.0
3.1654478700000004	0.0	0.0	0.0	0.0	0.0	0.0	0.0	0.0	0.0
3.20644787	0.0	0.0	0.0	0.0	0.0	0.0	0.0	0.0	0.0
3.24644787	0.0	0.0	0.0	0.0	0.0	0.0	0.0	0.0	0.0
3.2874478700000003	0.0	0.0	0.0	0.0	0.0	0.0	0.0	0.0	0.0
3.3274478700000003	0.0	0.0	0.0	0.0	0.0	0.0	0.0	0.0	0.0
3.36844787	0.0	0.0	0.0	0.0	0.0	0.0	0.0	0.0	0.0
3.40944787	0.0	0.0	0.0	0.0	0.0	0.0	0.0	0.0	0.0
3.44944787	0.0	0.0	0.0	0.0	0.0	0.0	0.0	0.0	0.0
3.49044787	0.0	0.0	0.0	0.0	0.0	0.0	0.0	0.0	0.0
3.53044787	0.0	0.0	0.0	0.0	0.0	0.0	0.0	0.0	0.0
3.57144787	0.0	0.0	0.0	0.0	0.0	0.0	0.0	0.0	0.0
3.61144787	0.0	0.0	0.0	0.0	0.0	0.0	0.0	0.0	0.0
3.65244787	0.0	0.0	0.0	0.0	0.0	0.0	0.0	0.0	0.0
3.69344787	0.0	0.0	0.0	0.0	0.0	0.0	0.0	0.0	0.0
3.73344787	0.0	0.0	0.0	0.0	0.0	0.0	0.0	0.0	0.0
3.7744478700000004	0.0	0.0	0.0	0.0	0.0	0.0	0.0	0.0	0.0
3.8144478700000004	0.0	0.0	0.0	0.0	0.0	0.0	0.0	0.0	0.0
3.85544787	0.0	0.0	0.0	0.0	0.0	0.0	0.0	0.0	0.0
3.8964478700000003	0.0	0.0	0.0	0.0	0.0	0.0	0.0	0.0	0.0
3.9364478700000003	0.0	0.0	0.0	0.0	0.0	0.0	0.0	0.0	0.0
3.97744787	0.0	0.0	0.0	0.0	0.0	0.0	0.0	0.0	0.0
4.01744787	0.0	0.0	0.0	0.0	0.0	0.0	0.0	0.0	0.0
4.05844787	0.0	0.0	0.0	0.0	0.0	0.0	0.0	0.0	0.0
4.09844787	0.0	0.0	0.0	0.0	0.0	0.0	0.0	0.0	0.0
4.13944787	0.0	0.0	0.0	0.0	0.0	0.0	0.0	0.0	0.0
4.18044787	0.0	0.0	0.0	0.0	0.0	0.0	0.0	0.0	0.0
4.22044787	0.0	0.0	0.0	0.0	0.0	0.0	0.0	0.0	0.0
4.26144787	0.0	0.0	0.0	0.0	0.0	0.0	0.0	0.0	0.0
