-22.727	0.0	0.0	0.0	0.0	0.0	0.0	0.0	0.0	0.0
-22.703	0.0	0.0	0.0	0.0	0.0	0.0	0.0	0.0	0.0
-22.678	0.0	0.0	0.0	0.0	0.0	0.0	0.0	0.0	0.0
-22.653	0.0	0.0	0.0	0.0	0.0	0.0	0.0	0.0	0.0
-22.628	0.0	0.0	0.0	0.0	0.0	0.0	0.0	0.0	0.0
-22.603	0.0	0.0	0.0	0.0	0.0	0.0	0.0	0.0	0.0
-22.578	0.0	0.0	0.0	0.0	0.0	0.0	0.0	0.0	0.0
-22.553	0.0	0.0	0.0	0.0	0.0	0.0	0.0	0.0	0.0
-22.528	0.0	0.0	0.0	0.0	0.0	0.0	0.0	0.0	0.0
-22.503	0.0	0.0	0.0	0.0	0.0	0.0	0.0	0.0	0.0
-22.479	0.0	0.0	0.0	0.0	0.0	0.0	0.0	0.0	0.0
-22.454	0.0	0.0	0.0	0.0	0.0	0.0	0.0	0.0	0.0
-22.429	0.0	0.0	0.0	0.0	0.0	0.0	0.0	0.0	0.0
-22.404	0.0	0.0	0.0	0.0	0.0	0.0	0.0	0.0	0.0
-22.379	0.0	0.0	0.0	0.0	0.0	0.0	0.0	0.0	0.0
-22.354	0.0	0.0	0.0	0.0	0.0	0.0	0.0	0.0	0.0
-22.329	0.0	0.0	0.0	0.0	0.0	0.0	0.0	0.0	0.0
-22.304	0.0	0.0	0.0	0.0	0.0	0.0	0.0	0.0	0.0
-22.279	0.0	0.0	0.0	0.0	0.0	0.0	0.0	0.0	0.0
-22.254	0.0	0.0	0.0	0.0	0.0	0.0	0.0	0.0	0.0
-22.230	0.0	0.0	0.0	0.0	0.0	0.0	0.0	0.0	0.0
-22.205	0.0	0.0	0.0	0.0	0.0	0.0	0.0	0.0	0.0
-22.180	5.46276e-15	1.0732386399999999e-16	7.9408871e-17	1.0196038247999999e-16	0.0	0.0	0.0	0.0	0.0
-22.155	6.82889e-14	1.34156255e-15	9.925949000000001e-16	1.2743217563e-15	0.0	0.0	0.0	0.0	0.0
-22.130	1.092607e-12	2.14644718e-14	1.5881586e-14	2.0389556500000003e-14	0.0	0.0	0.0	0.0	0.0
-22.105	1.516674e-11	2.9793575e-13	2.2042908999999998e-13	2.8303244989999996e-13	0.0	0.0	0.0	0.0	0.0
-22.080	1.860621e-10	3.6551070000000005e-12	2.704375999999999e-12	3.4724212369999998e-12	0.0	0.0	0.0	0.0	0.0
-22.055	2.0182960000000003e-09	3.9651593e-11	2.9338323e-11	3.7667642509999997e-11	0.0	0.0	0.0	0.0	0.0
-22.030	1.936123e-08	3.8035428999999997e-10	2.8143711e-10	3.6132739299999997e-10	0.0	0.0	0.0	0.0	0.0
-22.005	1.642461e-07	3.2262442e-09	2.3870751000000005e-09	3.064837287e-09	0.0	0.0	0.0	0.0	0.0
-21.981	1.2318759999999998e-06	2.42005598e-08	1.7905043e-08	2.299047091e-08	0.0	0.0	0.0	0.0	0.0
-21.956	8.17178e-06	1.6054169099999997e-07	1.1878551000000001e-07	1.5250384780999998e-07	0.0	0.0	0.0	0.0	0.0
-21.931	4.79361e-05	9.417155799999999e-07	6.9677349e-07	8.947347646999999e-07	0.0	0.0	0.0	0.0	0.0
-21.906	0.0002486747	4.8848904e-06	3.6146424e-06	4.641229172e-06	0.0	0.0	0.0	0.0	0.0
-21.881	0.0011409929999999999	2.24143368e-05	1.6583867999999998e-05	2.1292198379999997e-05	0.0	0.0	0.0	0.0	0.0
-21.856	0.00462948	9.0947956e-05	6.7289996e-05	8.639590004999999e-05	0.0	0.0	0.0	0.0	0.0
-21.831	0.01661305	0.00032635909999999995	0.00024148271000000004	0.0003100439062	0.0	0.0	0.0	0.0	0.0
-21.806	0.0527307	0.00103584484	0.00076646446	0.0009839800506	0.0	0.0	0.0	0.0	0.0
-21.781	0.1480244	0.0029078389999999997	0.0021515461	0.0027622438569999998	0.0	0.0	0.0	0.0	0.0
-21.756	0.36749300000000007	0.0072191547	0.005341429700000001	0.0068580048909999995	0.0	0.0	0.0	0.0	0.0
-21.732	0.8070649999999999	0.0158529911	0.011728759000000002	0.015060247391999999	0.0	0.0	0.0	0.0	0.0
-21.707	1.5673650000000001	0.030790996999999997	0.022782341	0.02925245096	0.0	0.0	0.0	0.0	0.0
-21.682	2.6926530000000004	0.052894058	0.039139062999999995	0.05025077073	0.0	0.0	0.0	0.0	0.0
-21.657	4.0915	0.080380811	0.059473724	0.07635824916999999	0.0	0.0	0.0	0.0	0.0
-21.632	5.49871	0.108026399	0.079933248	0.10262158390000001	0.0	0.0	0.0	0.0	0.0
-21.607	6.537009999999999	0.128417286	0.09501825999999998	0.12198943422	0.0	0.0	0.0	0.0	0.0
-21.582	6.87408	0.135034356	0.09991585000000001	0.12828332735	0.0	0.0	0.0	0.0	0.0
-21.557	6.3926	0.125585018	0.09291893	0.11930451864	0.0	0.0	0.0	0.0	0.0
-21.532	5.25887	0.103312285	0.07644054400000001	0.0981406245	0.0	0.0	0.0	0.0	0.0
-21.507	3.8264299999999998	0.075172587	0.05561927	0.07141768288	0.0	0.0	0.0	0.0	0.0
-21.483	2.462769	0.048378982	0.03579583500000001	0.045961355790000005	0.0	0.0	0.0	0.0	0.0
-21.458	1.4019890000000002	0.0275402437	0.020376955999999998	0.02616378853	0.0	0.0	0.0	0.0	0.0
-21.433	0.7058139999999999	0.0138664102	0.010259767	0.013172757451	0.0	0.0	0.0	0.0	0.0
-21.408	0.31435399999999997	0.0061750153	0.0045689765	0.005866267027000001	0.0	0.0	0.0	0.0	0.0
-21.383	0.123822	0.0024323742	0.0017996772999999998	0.002310678516	0.0	0.0	0.0	0.0	0.0
-21.358	0.0431333	0.00084739628	0.0006269463899999999	0.0008048983776000001	0.0	0.0	0.0	0.0	0.0
-21.333	0.01328967	0.00026109863	0.00019317659	0.00024802437699999997	0.0	0.0	0.0	0.0	0.0
-21.308	0.00362164	7.115466000000001e-05	5.264143100000001e-05	6.759477986000001e-05	0.0	0.0	0.0	0.0	0.0
-21.283	0.000872836	1.7147614e-05	1.2687246000000002e-05	1.628928695e-05	0.0	0.0	0.0	0.0	0.0
-21.258	0.0001860588	3.6548759e-06	2.7042349999999998e-06	3.4720072359999995e-06	0.0	0.0	0.0	0.0	0.0
-21.234	3.507e-05	6.889592999999999e-07	5.097444799999999e-07	6.54486624e-07	0.0	0.0	0.0	0.0	0.0
-21.209	5.846129999999999e-06	1.1485083500000001e-07	8.497597500000001e-08	1.0910573736e-07	0.0	0.0	0.0	0.0	0.0
-21.184	8.618879999999999e-07	1.69314995e-08	1.2526326999999999e-08	1.608457552e-08	0.0	0.0	0.0	0.0	0.0
-21.159	1.123548e-07	2.2072930899999996e-09	1.6331744999999998e-09	2.0969430700000002e-09	0.0	0.0	0.0	0.0	0.0
-21.134	1.29536e-08	2.5448656e-10	1.8827845e-10	2.417414838e-10	0.0	0.0	0.0	0.0	0.0
-21.109	1.320527e-09	2.5939006199999998e-11	1.9194395e-11	2.4643889360000002e-11	0.0	0.0	0.0	0.0	0.0
-21.084	1.1904469999999998e-10	2.33836105e-12	1.7299519999999999e-12	2.2214086299999998e-12	0.0	0.0	0.0	0.0	0.0
-21.059	9.48981e-12	1.8642834899999998e-13	1.3793273999999999e-13	1.7708755909999997e-13	0.0	0.0	0.0	0.0	0.0
-21.034	6.664649999999999e-13	1.30936043e-14	9.687943999999999e-15	1.2437465921e-14	0.0	0.0	0.0	0.0	0.0
-21.009	4.3705200000000003e-14	8.5867507e-16	6.3526171e-16	8.156184003e-16	0.0	0.0	0.0	0.0	0.0
-20.985	0.0	0.0	0.0	0.0	0.0	0.0	0.0	0.0	0.0
-20.960	0.0	0.0	0.0	0.0	0.0	0.0	0.0	0.0	0.0
-20.935	0.0	0.0	0.0	0.0	0.0	0.0	0.0	0.0	0.0
-20.910	0.0	0.0	0.0	0.0	0.0	0.0	0.0	0.0	0.0
-20.885	0.0	0.0	0.0	0.0	0.0	0.0	0.0	0.0	0.0
-20.860	0.0	0.0	0.0	0.0	0.0	0.0	0.0	0.0	0.0
-20.835	0.0	0.0	0.0	0.0	0.0	0.0	0.0	0.0	0.0
-20.810	0.0	0.0	0.0	0.0	0.0	0.0	0.0	0.0	0.0
-20.785	0.0	0.0	0.0	0.0	0.0	0.0	0.0	0.0	0.0
-20.760	0.0	0.0	0.0	0.0	0.0	0.0	0.0	0.0	0.0
-20.736	0.0	0.0	0.0	0.0	0.0	0.0	0.0	0.0	0.0
-20.711	0.0	0.0	0.0	0.0	0.0	0.0	0.0	0.0	0.0
-20.686	0.0	0.0	0.0	0.0	0.0	0.0	0.0	0.0	0.0
-20.661	0.0	0.0	0.0	0.0	0.0	0.0	0.0	0.0	0.0
-20.636	0.0	0.0	0.0	0.0	0.0	0.0	0.0	0.0	0.0
-20.611	0.0	0.0	0.0	0.0	0.0	0.0	0.0	0.0	0.0
-20.586	0.0	0.0	0.0	0.0	0.0	0.0	0.0	0.0	0.0
-20.561	0.0	0.0	0.0	0.0	0.0	0.0	0.0	0.0	0.0
-20.536	0.0	0.0	0.0	0.0	0.0	0.0	0.0	0.0	0.0
-20.511	0.0	0.0	0.0	0.0	0.0	0.0	0.0	0.0	0.0
-20.487	0.0	0.0	0.0	0.0	0.0	0.0	0.0	0.0	0.0
-20.462	0.0	0.0	0.0	0.0	0.0	0.0	0.0	0.0	0.0
-20.437	0.0	0.0	0.0	0.0	0.0	0.0	0.0	0.0	0.0
-20.412	0.0	0.0	0.0	0.0	0.0	0.0	0.0	0.0	0.0
-20.387	0.0	0.0	0.0	0.0	0.0	0.0	0.0	0.0	0.0
-20.362	0.0	0.0	0.0	0.0	0.0	0.0	0.0	0.0	0.0
-20.337	0.0	0.0	0.0	0.0	0.0	0.0	0.0	0.0	0.0
-20.312	0.0	0.0	0.0	0.0	0.0	0.0	0.0	0.0	0.0
-20.287	0.0	0.0	0.0	0.0	0.0	0.0	0.0	0.0	0.0
-20.262	5.524461e-15	1.6290249000000001e-16	7.907236199999999e-17	2.677948456e-16	0.0	0.0	0.0	0.0	0.0
-20.238	9.944600000000001e-14	2.9327925999999996e-15	1.4232552999999998e-15	4.820431820999999e-15	0.0	0.0	0.0	0.0	0.0
-20.213	1.5301960000000002e-12	4.512381e-14	2.19028995e-14	7.41726511e-14	0.0	0.0	0.0	0.0	0.0
-20.188	2.092564e-11	6.1705202e-13	2.9951313999999997e-13	1.014437867e-12	0.0	0.0	0.0	0.0	0.0
-20.163	2.5293430000000005e-10	7.459092499999999e-12	3.6202150200000006e-12	1.2260934979999999e-11	0.0	0.0	0.0	0.0	0.0
-20.138	2.7032019999999997e-09	7.971056300000001e-11	3.8690186899999986e-11	1.3104050699999998e-10	0.0	0.0	0.0	0.0	0.0
-20.113	2.5546959999999998e-08	7.5333533e-10	3.65640601e-10	1.238227423e-09	0.0	0.0	0.0	0.0	0.0
-20.088	2.134857e-07	6.2953323e-09	3.055623150000001e-09	1.0348718089999999e-08	0.0	0.0	0.0	0.0	0.0
-20.063	1.5776490000000002e-06	4.6528857e-08	2.2580041699999993e-08	7.64767858e-08	0.0	0.0	0.0	0.0	0.0
-20.038	1.03097e-05	3.0404031999999996e-07	1.4755460599999997e-07	4.99753418e-07	0.0	0.0	0.0	0.0	0.0
-20.013	5.9584659999999996e-05	1.7571079999999999e-06	8.52767728e-07	2.887758885e-06	0.0	0.0	0.0	0.0	0.0
-19.989	0.0003045267	8.9796923e-06	4.358638160000001e-06	1.476169308e-05	0.0	0.0	0.0	0.0	0.0
-19.964	0.001376471	4.0588673e-05	1.97028188e-05	6.6721886e-05	0.0	0.0	0.0	0.0	0.0
-19.939	0.005502784	0.00016227108999999998	7.875728670000001e-05	0.00026673714350000004	0.0	0.0	0.0	0.0	0.0
-19.914	0.01945541	0.00057371366	0.00027845759300000004	0.000943078022	0.0	0.0	0.0	0.0	0.0
-19.889	0.0608375	0.0017939080999999997	0.00087067262	0.0029484120079999996	0.0	0.0	0.0	0.0	0.0
-19.864	0.16824699999999998	0.004961366199999999	0.0024081050900000003	0.00815513762	0.0	0.0	0.0	0.0	0.0
-19.839	0.41152940000000005	0.012134863999999999	0.005889706620000001	0.01994654065	0.0	0.0	0.0	0.0	0.0
-19.814	0.8903260000000001	0.026252677	0.012743234000000003	0.04315589794	0.0	0.0	0.0	0.0	0.0
-19.789	1.7037520000000002	0.05023812700000001	0.0243843441	0.0825829683	0.0	0.0	0.0	0.0	0.0
-19.764	2.88353	0.08502999200000001	0.04127192369999999	0.13977428479999998	0.0	0.0	0.0	0.0	0.0
-19.740	4.316904	0.12728967000000002	0.061777527199999994	0.20924512639999995	0.0	0.0	0.0	0.0	0.0
-19.715	5.71611	0.16855815	0.08181366649999998	0.2770672645	0.0	0.0	0.0	0.0	0.0
-19.690	6.69369	0.19740545	0.09581396599999999	0.32454626119999996	0.0	0.0	0.0	0.0	0.0
-19.665	6.93551	0.20451436999999997	0.09925985899999999	0.336190785	0.0	0.0	0.0	0.0	0.0
-19.640	6.3548350000000005	0.18738893999999998	0.09095829479999999	0.30804712759999997	0.0	0.0	0.0	0.0	0.0
-19.615	5.149821	0.15187516	0.07372261549999999	0.2496414087	0.0	0.0	0.0	0.0	0.0
-19.590	3.6921300000000006	0.10887676	0.05284528209999998	0.17896910470000002	0.0	0.0	0.0	0.0	0.0
-19.565	2.341255	0.06903022199999999	0.033508620200000006	0.11346543120000001	0.0	0.0	0.0	0.0	0.0
-19.540	1.3129550000000003	0.038714966999999996	0.018792799	0.06364481970000001	0.0	0.0	0.0	0.0	0.0
-19.515	0.6513266	0.019205788	0.0093223236	0.031572104329999996	0.0	0.0	0.0	0.0	0.0
-19.491	0.2857652	0.008425993199999999	0.0040898982700000005	0.01385053822	0.0	0.0	0.0	0.0	0.0
-19.466	0.11090169999999999	0.0032701307000000002	0.00158701648	0.005375541949999999	0.0	0.0	0.0	0.0	0.0
-19.441	0.038061040000000004	0.0011223396	0.000544747081	0.0018449157709999999	0.0	0.0	0.0	0.0	0.0
-19.416	0.01155666	0.00034085739	0.00016541613099999998	0.000560081728	0.0	0.0	0.0	0.0	0.0
-19.391	0.0031170970000000005	9.222647e-05	4.4629678000000004e-05	0.00015086075	0.0	0.0	0.0	0.0	0.0
-19.366	0.0008221270000000001	2.5962103e-05	1.1859677e-05	3.8576101e-05	0.0	0.0	0.0	0.0	0.0
-19.341	0.0005811789999999999	2.5703400000000002e-05	8.780430999999998e-06	2.1820633e-05	0.0	0.0	0.0	0.0	0.0
-19.316	0.0019078801999999999	9.399088300000001e-05	2.933635799999999e-05	6.4505409e-05	0.0	0.0	0.0	0.0	0.0
-19.291	0.0073258516	0.000362928365	0.00011277277	0.00024612356000000004	0.0	0.0	0.0	0.0	0.0
-19.266	0.02522703615	0.00125044461	0.00038836314199999994	0.0008473799800000001	0.0	0.0	0.0	0.0	0.0
-19.242	0.076875617037	0.003810705	0.00118354488	0.0025822803000000003	0.0	0.0	0.0	0.0	0.0
-19.217	0.207242479265	0.0102722968	0.00319013807	0.0069608505	0.0	0.0	0.0	0.0	0.0
-19.192	0.494061332186	0.024488751300000004	0.007605489300000002	0.0165929896	0.0	0.0	0.0	0.0	0.0
-19.167	1.041789114665	0.05163635899999999	0.0160370384	0.034990572000000005	0.0	0.0	0.0	0.0	0.0
-19.142	1.9429351462960003	0.09629839700000001	0.029909206499999997	0.06525877499999999	0.0	0.0	0.0	0.0	0.0
-19.117	3.2051917908900003	0.15886253899999997	0.049338788300000005	0.10765438000000001	0.0	0.0	0.0	0.0	0.0
-19.092	4.67663245847	0.231815655	0.071987612	0.157072526	0.0	0.0	0.0	0.0	0.0
-19.067	6.036148660639999	0.299188456	0.09290431499999997	0.20270873	0.0	0.0	0.0	0.0	0.0
-19.042	6.88931106407	0.341524928	0.10605080299999999	0.2314028	0.0	0.0	0.0	0.0	0.0
-19.017	6.9553311043	0.34476311800000004	0.1070795	0.23363625999999996	0.0	0.0	0.0	0.0	0.0
-18.993	6.213502964640001	0.307968089	0.09563291699999998	0.2086578	0.0	0.0	0.0	0.0	0.0
-18.968	4.90750319513	0.24325444799999998	0.07554112900000001	0.16482867699999998	0.0	0.0	0.0	0.0	0.0
-18.943	3.4287302224000005	0.169952727	0.0527842146	0.115165177	0.0	0.0	0.0	0.0	0.0
-18.918	2.119049050087	0.10503262299999999	0.0326201908	0.071174218	0.0	0.0	0.0	0.0	0.0
-18.893	1.15824478336	0.0574178485	0.017830497	0.03890384899999999	0.0	0.0	0.0	0.0	0.0
-18.868	0.5600515404090001	0.027759670900000005	0.0086219363	0.0188096718	0.0	0.0	0.0	0.0	0.0
-18.843	0.23947635128	0.011869818	0.0036862677199999993	0.0080429448	0.0	0.0	0.0	0.0	0.0
-18.818	0.09057074343259999	0.00448989497	0.0013943455400000002	0.0030420456000000004	0.0	0.0	0.0	0.0	0.0
-18.793	0.030298180874299998	0.00150187127	0.00046640420500000006	0.00101763248	0.0	0.0	0.0	0.0	0.0
-18.768	0.00896444528893	0.000444365817	0.000137994065	0.00030106664999999996	0.0	0.0	0.0	0.0	0.0
-18.744	0.002345498383742	0.000116265693	3.6108398499999994e-05	7.8781491e-05	0.0	0.0	0.0	0.0	0.0
-18.719	0.0005428162702400001	2.69044519e-05	8.3556389e-06	1.82319352e-05	0.0	0.0	0.0	0.0	0.0
-18.694	0.00011108602553680001	5.50614419e-06	1.7101647300000001e-06	3.7311747e-06	0.0	0.0	0.0	0.0	0.0
-18.669	2.01071588626e-05	9.9663561e-07	3.0953170700000004e-07	6.753519599999999e-07	0.0	0.0	0.0	0.0	0.0
-18.644	3.21849589878e-06	1.59530159e-07	4.95466302e-08	1.08096223e-07	0.0	0.0	0.0	0.0	0.0
-18.619	4.55599548768e-07	2.25809344e-08	7.01351597e-09	1.53010981e-08	0.0	0.0	0.0	0.0	0.0
-18.594	5.7040467646e-08	2.8263542600000002e-09	8.7798135e-10	1.9152916e-09	0.0	0.0	0.0	0.0	0.0
-18.569	6.31353352459e-09	3.12891574e-10	9.718032700000002e-11	2.120293e-10	0.0	0.0	0.0	0.0	0.0
-18.544	6.17839254501e-10	3.06301884e-11	9.511704300000001e-12	2.0751105999999998e-11	0.0	0.0	0.0	0.0	0.0
-18.519	5.34703795507e-11	2.65053309e-12	8.232079000000002e-13	1.7959848900000003e-12	0.0	0.0	0.0	0.0	0.0
-18.495	4.10060601931e-12	2.0324484199999997e-13	6.311430940000001e-14	1.37723632e-13	0.0	0.0	0.0	0.0	0.0
-18.470	2.73739851494e-13	1.35679957e-14	4.21400984e-15	9.1936568e-15	0.0	0.0	0.0	0.0	0.0
-18.445	1.675963288673e-14	8.307524000000001e-16	2.5799602000000003e-16	5.628903999999999e-16	0.0	0.0	0.0	0.0	0.0
-18.420	0.0	0.0	0.0	0.0	0.0	0.0	0.0	0.0	0.0
-18.395	0.0	0.0	0.0	0.0	0.0	0.0	0.0	0.0	0.0
-18.370	0.0	0.0	0.0	0.0	0.0	0.0	0.0	0.0	0.0
-18.345	0.0	0.0	0.0	0.0	0.0	0.0	0.0	0.0	0.0
-18.320	0.0	0.0	0.0	0.0	0.0	0.0	0.0	0.0	0.0
-18.295	0.0	0.0	0.0	0.0	0.0	0.0	0.0	0.0	0.0
-18.270	0.0	0.0	0.0	0.0	0.0	0.0	0.0	0.0	0.0
-18.246	0.0	0.0	0.0	0.0	0.0	0.0	0.0	0.0	0.0
-18.221	0.0	0.0	0.0	0.0	0.0	0.0	0.0	0.0	0.0
-18.196	0.0	0.0	0.0	0.0	0.0	0.0	0.0	0.0	0.0
-18.171	0.0	0.0	0.0	0.0	0.0	0.0	0.0	0.0	0.0
-18.146	0.0	0.0	0.0	0.0	0.0	0.0	0.0	0.0	0.0
-18.121	0.0	0.0	0.0	0.0	0.0	0.0	0.0	0.0	0.0
-18.096	0.0	0.0	0.0	0.0	0.0	0.0	0.0	0.0	0.0
-18.071	0.0	0.0	0.0	0.0	0.0	0.0	0.0	0.0	0.0
-18.046	0.0	0.0	0.0	0.0	0.0	0.0	0.0	0.0	0.0
-18.022	0.0	0.0	0.0	0.0	0.0	0.0	0.0	0.0	0.0
-17.997	0.0	0.0	0.0	0.0	0.0	0.0	0.0	0.0	0.0
-17.972	0.0	0.0	0.0	0.0	0.0	0.0	0.0	0.0	0.0
-17.947	0.0	0.0	0.0	0.0	0.0	0.0	0.0	0.0	0.0
-17.922	0.0	0.0	0.0	0.0	0.0	0.0	0.0	0.0	0.0
-17.897	0.0	0.0	0.0	0.0	0.0	0.0	0.0	0.0	0.0
-17.872	0.0	0.0	0.0	0.0	0.0	0.0	0.0	0.0	0.0
-17.847	0.0	0.0	0.0	0.0	0.0	0.0	0.0	0.0	0.0
-17.822	5.592219499999999e-15	2.29177051e-16	8.106071600000001e-17	4.7072313e-16	0.0	0.0	0.0	0.0	0.0
-17.797	1.0066388999999999e-13	4.12436568e-15	1.45899969e-15	8.471908950000001e-15	0.0	0.0	0.0	0.0	0.0
-17.773	1.5490503700000001e-12	6.347365319999999e-14	2.24518933e-14	1.3038536599999998e-13	0.0	0.0	0.0	0.0	0.0
-17.748	2.1173570000000002e-11	8.677613699999999e-13	3.069467e-13	1.7822464400000003e-12	0.0	0.0	0.0	0.0	0.0
-17.723	2.5592909000000005e-10	1.04886441e-11	3.7100453e-12	2.1541565000000003e-11	0.0	0.0	0.0	0.0	0.0
-17.698	2.7353590000000005e-09	1.1208877300000001e-10	3.96445e-11	2.3022271299999996e-10	0.0	0.0	0.0	0.0	0.0
-17.673	2.5850129e-08	1.05928956e-09	3.7468046e-10	2.17580401e-09	0.0	0.0	0.0	0.0	0.0
-17.648	2.1602984e-07	8.8531771e-09	3.1314966999999996e-09	1.8183661599999997e-08	0.0	0.0	0.0	0.0	0.0
-17.623	1.59640618e-06	6.54304116e-08	2.31400209e-08	1.34374451e-07	0.0	0.0	0.0	0.0	0.0
-17.598	1.04339884e-05	4.2755373999999995e-07	1.5123048400000002e-07	8.781754299999999e-07	0.0	0.0	0.0	0.0	0.0
-17.573	6.0298123e-05	2.4707548300000004e-06	8.740707200000001e-07	5.07548726e-06	0.0	0.0	0.0	0.0	0.0
-17.548	0.00030816987000000006	1.2630149e-05	4.466949700000001e-06	2.5942528199999994e-05	0.0	0.0	0.0	0.0	0.0
-17.524	0.00139308586	5.708860040000001e-05	2.01917299e-05	0.00011724195600000001	0.0	0.0	0.0	0.0	0.0
-17.499	0.0055684917999999995	0.000228231138	8.0718537e-05	0.000468766298	0.0	0.0	0.0	0.0	0.0
-17.474	0.019688193	0.00080695605	0.000285366749	0.00165730829	0.0	0.0	0.0	0.0	0.0
-17.449	0.061568312	0.00252346636	0.00089241835	0.005182219090000001	0.0	0.0	0.0	0.0	0.0
-17.424	0.17027154000000003	0.006978533079999999	0.00246821637	0.0143322649	0.0	0.0	0.0	0.0	0.0
-17.399	0.4164689700000001	0.017069642	0.0060376995	0.0350580505	0.0	0.0	0.0	0.0	0.0
-17.374	0.90119495	0.0369289731	0.013061964799999997	0.0758535161	0.0	0.0	0.0	0.0	0.0
-17.349	1.7243874000000003	0.0706648832	0.024995379399999997	0.14514589099999997	0.0	0.0	0.0	0.0	0.0
-17.324	2.918285099999999	0.11961195599999999	0.042308517000000004	0.24567843300000003	0.0	0.0	0.0	0.0	0.0
-17.299	4.3694181	0.179064367	0.063326449	0.36773472300000004	0.0	0.0	0.0	0.0	0.0
-17.275	5.785384400000001	0.237107683	0.08386251600000003	0.4869805689999999	0.0	0.0	0.0	0.0	0.0
-17.250	6.776543399999999	0.277680453	0.09821321400000001	0.570330051	0.0	0.0	0.0	0.0	0.0
-17.225	7.019570300000001	0.28769975400000003	0.101755249	0.590889217	0.0	0.0	0.0	0.0	0.0
-17.200	6.4328037999999985	0.263642255	0.093232681	0.541433827	0.0	0.0	0.0	0.0	0.0
-17.175	5.2131389	0.213656623	0.075572028	0.438817103	0.0	0.0	0.0	0.0	0.0
-17.150	3.7376384000000002	0.15316400700000002	0.054177473	0.314618886	0.0	0.0	0.0	0.0	0.0
-17.125	2.3699408	0.09710917	0.03435063799999999	0.19947451800000002	0.0	0.0	0.0	0.0	0.0
-17.100	1.3291155000000001	0.054470754600000004	0.019266141100000002	0.11187213300000001	0.0	0.0	0.0	0.0	0.0
-17.075	0.65933409	0.0270238358	0.0095569669	0.05549160530000001	0.0	0.0	0.0	0.0	0.0
-17.050	0.28926531	0.011855953100000002	0.0041930993	0.024350367199999997	0.0	0.0	0.0	0.0	0.0
-17.026	0.11226286100000002	0.00460028436	0.0016273744799999998	0.0094492113	0.0	0.0	0.0	0.0	0.0
-17.001	0.038532851	0.0015791381299999998	0.00055845543	0.00324294505	0.0	0.0	0.0	0.0	0.0
-16.976	0.0116958147	0.00047934050700000006	0.00016953418399999996	0.00098449661	0.0	0.0	0.0	0.0	0.0
-16.951	0.003140281	0.00012869656099999998	4.5511953e-05	0.000264303129	0.0	0.0	0.0	0.0	0.0
-16.926	0.00074565098	3.0558356500000006e-05	1.0808596199999997e-05	6.27592131e-05	0.0	0.0	0.0	0.0	0.0
-16.901	0.000156593766	6.417218289999999e-06	2.2697057700000004e-06	1.3180033399999998e-05	0.0	0.0	0.0	0.0	0.0
-16.876	2.9084419999999997e-05	1.1917241499999999e-06	4.215409199999999e-07	2.44794126e-06	0.0	0.0	0.0	0.0	0.0
-16.851	4.7758762e-06	1.95721201e-07	6.921785300000001e-08	4.02020018e-07	0.0	0.0	0.0	0.0	0.0
-16.826	6.9371014e-07	2.8426675600000003e-08	1.0054829199999998e-08	5.83912576e-08	0.0	0.0	0.0	0.0	0.0
-16.801	8.9096224e-08	3.6510819199999996e-09	1.2914013800000003e-09	7.49966512e-09	0.0	0.0	0.0	0.0	0.0
-16.777	1.01194683e-08	4.14665919e-10	1.4667555899999998e-10	8.516887569999999e-10	0.0	0.0	0.0	0.0	0.0
-16.752	1.01626976e-09	4.1658635399999996e-11	1.4730523600000002e-11	8.5539707e-11	0.0	0.0	0.0	0.0	0.0
-16.727	9.026419300000002e-11	3.69863519e-12	1.3082590800000002e-12	7.59727695e-12	0.0	0.0	0.0	0.0	0.0
-16.702	7.084543899999999e-12	2.9036490099999996e-13	1.0270057300000001e-13	5.963189900000001e-13	0.0	0.0	0.0	0.0	0.0
-16.677	4.921401300000001e-13	2.0166254399999997e-14	7.132965e-15	4.1416816900000004e-14	0.0	0.0	0.0	0.0	0.0
-16.652	3.3550108e-14	1.37502156e-15	4.863708900000001e-16	2.8239177999999996e-15	0.0	0.0	0.0	0.0	0.0
-16.627	0.0	0.0	0.0	0.0	0.0	0.0	0.0	0.0	0.0
-16.602	0.0	0.0	0.0	0.0	0.0	0.0	0.0	0.0	0.0
-16.577	0.0	0.0	0.0	0.0	0.0	0.0	0.0	0.0	0.0
-16.552	0.0	0.0	0.0	0.0	0.0	0.0	0.0	0.0	0.0
-16.528	0.0	0.0	0.0	0.0	0.0	0.0	0.0	0.0	0.0
-16.503	0.0	0.0	0.0	0.0	0.0	0.0	0.0	0.0	0.0
-16.478	0.0	0.0	0.0	0.0	0.0	0.0	0.0	0.0	0.0
-16.453	0.0	0.0	0.0	0.0	0.0	0.0	0.0	0.0	0.0
-16.428	0.0	0.0	0.0	0.0	0.0	0.0	0.0	0.0	0.0
-16.403	0.0	0.0	0.0	0.0	0.0	0.0	0.0	0.0	0.0
-16.378	0.0	0.0	0.0	0.0	0.0	0.0	0.0	0.0	0.0
-16.353	0.0	0.0	0.0	0.0	0.0	0.0	0.0	0.0	0.0
-16.328	0.0	0.0	0.0	0.0	0.0	0.0	0.0	0.0	0.0
-16.303	0.0	0.0	0.0	0.0	0.0	0.0	0.0	0.0	0.0
-16.279	0.0	0.0	0.0	0.0	0.0	0.0	0.0	0.0	0.0
-16.254	0.0	0.0	0.0	0.0	0.0	0.0	0.0	0.0	0.0
-16.229	0.0	0.0	0.0	0.0	0.0	0.0	0.0	0.0	0.0
-16.204	0.0	0.0	0.0	0.0	0.0	0.0	0.0	0.0	0.0
-16.179	0.0	0.0	0.0	0.0	0.0	0.0	0.0	0.0	0.0
-16.154	0.0	0.0	0.0	0.0	0.0	0.0	0.0	0.0	0.0
-16.129	0.0	0.0	0.0	0.0	0.0	0.0	0.0	0.0	0.0
-16.104	0.0	0.0	0.0	0.0	0.0	0.0	0.0	0.0	0.0
-16.079	0.0	0.0	0.0	0.0	0.0	0.0	0.0	0.0	0.0
-16.054	4.9241455676000005e-15	6.5651918e-16	1.56272126e-16	5.8348995000000005e-16	0.0	0.0	0.0	0.0	0.0
-16.030	9.109570650000002e-14	1.2145953e-14	2.8911333e-15	1.0792863000000001e-14	0.0	0.0	0.0	0.0	0.0
-16.005	1.3861446640000002e-12	1.84806673e-13	4.3989441000000003e-14	1.642502e-13	0.0	0.0	0.0	0.0	0.0
-15.980	1.8950133763e-11	2.52669433e-12	6.0139362e-13	2.2453971e-12	0.0	0.0	0.0	0.0	0.0
-15.955	2.2887386997e-10	3.05128186e-11	7.2629642e-12	2.7117711999999997e-11	0.0	0.0	0.0	0.0	0.0
-15.930	2.4442232229e-09	3.25868181e-10	7.756249400000001e-11	2.8960907e-10	0.0	0.0	0.0	0.0	0.0
-15.905	2.3079627654e-08	3.0774814699999997e-09	7.324461799999999e-10	2.7347835e-09	0.0	0.0	0.0	0.0	0.0
-15.880	1.9272554839e-07	2.5695735499999997e-08	6.115898300000001e-09	2.2837361e-08	0.0	0.0	0.0	0.0	0.0
-15.855	1.4230557880000003e-06	1.8974714100000002e-07	4.5163913e-08	1.686209e-07	0.0	0.0	0.0	0.0	0.0
-15.830	9.293061268e-06	1.2390051899999999e-06	2.9493561000000003e-07	1.1012175e-06	0.0	0.0	0.0	0.0	0.0
-15.805	5.3667380568e-05	7.156295899999999e-06	1.7031249999999999e-06	6.3592690000000005e-06	0.0	0.0	0.0	0.0	0.0
-15.781	0.00027409892220000003	3.65437926e-05	8.6981602e-06	3.2476213e-05	0.0	0.0	0.0	0.0	0.0
-15.756	0.0012379981653	0.00016505210099999998	3.928836200000001e-05	0.00014668025000000003	0.0	0.0	0.0	0.0	0.0
-15.731	0.0049450246377000006	0.00065930744	0.000156916066	0.0005858710099999999	0.0	0.0	0.0	0.0	0.0
-15.706	0.017469358774	0.00232919262	0.00055439574	0.0020700991	0.0	0.0	0.0	0.0	0.0
-15.681	0.054584883657	0.0072782948	0.0017322583	0.0064685386000000004	0.0	0.0	0.0	0.0	0.0
-15.656	0.15084230761	0.0201122042	0.0047871824	0.01787321	0.0	0.0	0.0	0.0	0.0
-15.631	0.36871114051	0.049156554000000005	0.011701621099999998	0.043686756	0.0	0.0	0.0	0.0	0.0
-15.606	0.7971006819000002	0.10628061800000001	0.02529418	0.09444835000000001	0.0	0.0	0.0	0.0	0.0
-15.581	1.5240731282	0.203204632	0.048366712000000006	0.18059517	0.0	0.0	0.0	0.0	0.0
-15.556	2.5775646724000003	0.343685906	0.081801245	0.30543205	0.0	0.0	0.0	0.0	0.0
-15.532	3.8558559717	0.51414088	0.122363038	0.45687684	0.0	0.0	0.0	0.0	0.0
-15.507	5.1016241652	0.68025924	0.16191359000000002	0.6044964800000001	0.0	0.0	0.0	0.0	0.0
-15.482	5.9703500881	0.7960923099999999	0.18947621000000003	0.7074497	0.0	0.0	0.0	0.0	0.0
-15.457	6.1802507949	0.8240641799999999	0.19613871000000002	0.7323414	0.0	0.0	0.0	0.0	0.0
-15.432	5.65884904	0.75438892	0.17959055999999998	0.67046548	0.0	0.0	0.0	0.0	0.0
-15.407	4.5829394180000005	0.61101439	0.145432885	0.54296283	0.0	0.0	0.0	0.0	0.0
-15.382	3.2827640451999995	0.43764855	0.10417808099999999	0.38899267000000004	0.0	0.0	0.0	0.0	0.0
-15.357	2.0799399987999996	0.277306052	0.06600860000000001	0.2464666	0.0	0.0	0.0	0.0	0.0
-15.332	1.1655909219	0.155403561	0.036993500000000006	0.13810321	0.0	0.0	0.0	0.0	0.0
-15.307	0.5777719441	0.07703169900000001	0.018335486999999998	0.068460761	0.0	0.0	0.0	0.0	0.0
-15.283	0.25328945257	0.0337758564	0.008038840200000001	0.030014889	0.0	0.0	0.0	0.0	0.0
-15.258	0.09821783382999998	0.0130968367	0.003117043800000001	0.011638790999999999	0.0	0.0	0.0	0.0	0.0
-15.233	0.033687963637	0.0044921653	0.0010690640500000002	0.0039917653	0.0	0.0	0.0	0.0	0.0
-15.208	0.010218977010000001	0.00136246152	0.00032428075	0.0012108754999999999	0.0	0.0	0.0	0.0	0.0
-15.183	0.00274417804	0.00036579755	8.711862000000002e-05	0.00032514527	0.0	0.0	0.0	0.0	0.0
-15.158	0.0006675803999999999	8.897027e-05	2.1424849999999995e-05	7.916572e-05	0.0	0.0	0.0	0.0	0.0
-15.133	0.00023151200000000002	3.066309e-05	8.678250000000001e-06	2.780379e-05	0.0	0.0	0.0	0.0	0.0
-15.108	0.0004906979999999999	6.442258e-05	2.2089839999999996e-05	5.9955824e-05	0.0	0.0	0.0	0.0	0.0
-15.083	0.002019419	0.00026491768000000003	9.23062e-05	0.000247149463	0.0	0.0	0.0	0.0	0.0
-15.058	0.007718269999999998	0.0010125206	0.0003530297999999999	0.0009447128929999999	0.0	0.0	0.0	0.0	0.0
-15.034	0.026142899999999997	0.0034299990999999996	0.001195704	0.0031996883400000004	0.0	0.0	0.0	0.0	0.0
-15.009	0.07831769999999999	0.01027321	0.003582104000000001	0.00958511935	0.0	0.0	0.0	0.0	0.0
-14.984	0.20751060000000002	0.027217728	0.00949064	0.0253955905	0.0	0.0	0.0	0.0	0.0
-14.959	0.48629999999999995	0.063784653	0.02224065	0.05950783700000001	0.0	0.0	0.0	0.0	0.0
-14.934	1.007923	0.13221405000000003	0.04609955	0.1233536439	0.0	0.0	0.0	0.0	0.0
-14.909	1.8478490000000003	0.24237174	0.08451639999999999	0.226151404	0.0	0.0	0.0	0.0	0.0
-14.884	2.996513	0.39301886999999996	0.1370429	0.3667329569999999	0.0	0.0	0.0	0.0	0.0
-14.859	4.2974700000000015	0.56372216	0.1965622	0.5259638640000001	0.0	0.0	0.0	0.0	0.0
-14.834	5.4517	0.7151554	0.2493415	0.6672284850000001	0.0	0.0	0.0	0.0	0.0
-14.809	6.1175999999999995	0.8024224	0.2798101	0.748625011	0.0	0.0	0.0	0.0	0.0
-14.785	6.071290000000001	0.7964054	0.2777095	0.743024805	0.0	0.0	0.0	0.0	0.0
-14.760	5.33012	0.6991807000000001	0.2437957	0.652404479	0.0	0.0	0.0	0.0	0.0
-14.735	4.1388	0.54293126	0.1893004	0.5065306079999999	0.0	0.0	0.0	0.0	0.0
-14.710	2.842684	0.37282588	0.1300114	0.347888678	0.0	0.0	0.0	0.0	0.0
-14.685	1.726822	0.22651374000000002	0.0789773	0.211344891	0.0	0.0	0.0	0.0	0.0
-14.660	0.927812	0.12171217	0.04243862	0.1135604917	0.0	0.0	0.0	0.0	0.0
-14.635	0.44097000000000003	0.057843346	0.02016797	0.05395854619999999	0.0	0.0	0.0	0.0	0.0
-14.610	0.18535859999999998	0.024310389999999998	0.008477450000000001	0.0226842406	0.0	0.0	0.0	0.0	0.0
-14.585	0.068912	0.009039876	0.0031517909999999997	0.00843356672	0.0	0.0	0.0	0.0	0.0
-14.560	0.02265936	0.0029719906	0.001036434	0.00277326417	0.0	0.0	0.0	0.0	0.0
-14.536	0.006589829999999999	0.0008644103	0.000301408	0.000806541574	0.0	0.0	0.0	0.0	0.0
-14.511	0.001694985	0.00022233675	7.752180000000001e-05	0.000207446357	0.0	0.0	0.0	0.0	0.0
-14.486	0.000385561	5.0578895e-05	1.7634719999999997e-05	4.7185240500000004e-05	0.0	0.0	0.0	0.0	0.0
-14.461	7.756830000000001e-05	1.0174767999999999e-05	3.5477909999999997e-06	9.49290645e-06	0.0	0.0	0.0	0.0	0.0
-14.436	1.379978e-05	1.8102030000000001e-06	6.312044e-07	1.68892921e-06	0.0	0.0	0.0	0.0	0.0
-14.411	2.1711900000000002e-06	2.8478715000000004e-07	9.93079e-08	2.65770734e-07	0.0	0.0	0.0	0.0	0.0
-14.386	3.021125e-07	3.9628211e-08	1.3818740000000001e-08	3.6979374199999993e-08	0.0	0.0	0.0	0.0	0.0
-14.361	3.7187300000000004e-08	4.8765402999999995e-09	1.7074040000000004e-09	4.54950745e-09	0.0	0.0	0.0	0.0	0.0
-14.336	4.255470000000001e-09	5.366854100000001e-10	2.720832e-10	4.984468e-10	0.0	0.0	0.0	0.0	0.0
-14.311	2.62975e-09	1.1621804000000002e-10	9.428173e-10	8.465583e-11	0.0	0.0	0.0	0.0	0.0
-14.287	2.1074349999999996e-08	6.16243e-10	8.687252999999998e-09	3.5161698600000003e-10	0.0	0.0	0.0	0.0	0.0
-14.262	1.747081e-07	5.0817299999999996e-09	7.211857e-08	2.886869865e-09	0.0	0.0	0.0	0.0	0.0
-14.237	1.2828459999999998e-06	3.731475e-08	5.295723000000001e-07	2.1194631193e-08	0.0	0.0	0.0	0.0	0.0
-14.212	8.330912999999999e-06	2.4229206999999997e-07	3.4389060000000004e-06	1.3763764275e-07	0.0	0.0	0.0	0.0	0.0
-14.187	4.7840099999999996e-05	1.3914168999999998e-06	1.9747003e-05	7.904043087999999e-07	0.0	0.0	0.0	0.0	0.0
-14.162	0.00024295810000000008	7.065772999999999e-06	0.00010028855999999998	4.013901942e-06	0.0	0.0	0.0	0.0	0.0
-14.137	0.0010912002	3.174059e-05	0.0004504482	1.8027442057e-05	0.0	0.0	0.0	0.0	0.0
-14.112	0.0043342369999999995	0.00012606834	0.0017893302999999999	7.160915261e-05	0.0	0.0	0.0	0.0	0.0
-14.087	0.0152273	0.00044282130000000003	0.006286445999999999	0.000251560479	0.0	0.0	0.0	0.0	0.0
-14.062	0.04730954	0.0013759416	0.019529695	0.0007816417450000001	0.0	0.0	0.0	0.0	0.0
-14.038	0.1300067	0.003781291	0.053668579999999994	0.002147955438	0.0	0.0	0.0	0.0	0.0
-14.013	0.3159843	0.009190496000000001	0.13043734	0.005220921904	0.0	0.0	0.0	0.0	0.0
-13.988	0.6792966000000001	0.019756354999999996	0.2804236	0.011221861553	0.0	0.0	0.0	0.0	0.0
-13.963	1.291678	0.0375645	0.5331507	0.021338958717999998	0.0	0.0	0.0	0.0	0.0
-13.938	2.172262	0.06317368000000001	0.8967229	0.03588558584	0.0	0.0	0.0	0.0	0.0
-13.913	3.2313680000000002	0.09396667	1.33387	0.05338502655999999	0.0	0.0	0.0	0.0	0.0
-13.888	4.251262	0.12365967	1.7550113	0.07023757600000001	0.0	0.0	0.0	0.0	0.0
-13.863	4.947677	0.14389276	2.042464	0.08173283708000001	0.0	0.0	0.0	0.0	0.0
-13.838	5.092814000000001	0.14812487	2.102494	0.08414512114	0.0	0.0	0.0	0.0	0.0
-13.813	4.637071000000001	0.13486489999999998	1.9142723000000001	0.07659969081000001	0.0	0.0	0.0	0.0	0.0
-13.789	3.734269	0.10861120999999999	1.5415670000000001	0.06169512423	0.0	0.0	0.0	0.0	0.0
-13.764	2.660107	0.07736565999999999	1.0979869	0.043948325399999995	0.0	0.0	0.0	0.0	0.0
-13.739	1.6758840000000002	0.04874647	0.6918281	0.027688072220000002	0.0	0.0	0.0	0.0	0.0
-13.714	0.9339687999999998	0.027167082000000002	0.38556480000000004	0.01543045161	0.0	0.0	0.0	0.0	0.0
-13.689	0.4603597	0.013389172	0.19004143999999998	0.007605018957000002	0.0	0.0	0.0	0.0	0.0
-13.664	0.2006943	0.0058371659999999995	0.08285583999999999	0.0033153882329999998	0.0	0.0	0.0	0.0	0.0
-13.639	0.07738858	0.0022506683	0.03194666	0.0012785201943	0.0	0.0	0.0	0.0	0.0
-13.614	0.026393430000000002	0.0007676161	0.010894953999999998	0.0004360899794	0.0	0.0	0.0	0.0	0.0
-13.589	0.007961079999999999	0.00023153036999999999	0.0032863579999999996	0.00013152468504999999	0.0	0.0	0.0	0.0	0.0
-13.564	0.0021238730000000005	6.176244000000001e-05	0.0008766427	3.5088955389999996e-05	0.0	0.0	0.0	0.0	0.0
-13.540	0.0005010349	1.4572715e-05	0.000206848	8.277748653999998e-06	0.0	0.0	0.0	0.0	0.0
-13.515	0.00010454505999999999	3.0405260000000002e-06	4.315746e-05	1.7272080123e-06	0.0	0.0	0.0	0.0	0.0
-13.490	1.929123e-05	5.610545e-07	7.964408e-06	3.187150837e-07	0.0	0.0	0.0	0.0	0.0
-13.465	3.148303e-06	9.15576e-08	1.2996601e-06	5.200359996e-08	0.0	0.0	0.0	0.0	0.0
-13.440	4.5434580000000005e-07	1.3213596999999999e-08	1.8755981000000002e-07	7.505743913000001e-09	0.0	0.0	0.0	0.0	0.0
-13.415	5.798154000000001e-08	1.6863452000000002e-09	2.3936649999999996e-08	9.579128128000001e-10	0.0	0.0	0.0	0.0	0.0
-13.390	6.543738999999999e-09	1.9031487e-10	2.701249e-09	1.0811739572e-10	0.0	0.0	0.0	0.0	0.0
-13.365	6.529926999999999e-10	1.8991673e-11	2.6958120000000003e-10	1.0787933062e-11	0.0	0.0	0.0	0.0	0.0
-13.340	5.762385000000001e-11	1.6758513000000001e-12	2.378921e-11	9.519728202e-13	0.0	0.0	0.0	0.0	0.0
-13.316	4.4937670000000004e-12	1.3069947999999998e-13	1.8550569e-12	7.423430577e-14	0.0	0.0	0.0	0.0	0.0
-13.291	3.128611e-13	9.099274e-15	1.2914491e-13	5.1687994809999995e-15	0.0	0.0	0.0	0.0	0.0
-13.266	2.0316430000000004e-14	5.909132e-16	8.385926999999999e-15	3.3566056209999996e-16	0.0	0.0	0.0	0.0	0.0
-13.241	0.0	0.0	0.0	0.0	0.0	0.0	0.0	0.0	0.0
-13.216	0.0	0.0	0.0	0.0	0.0	0.0	0.0	0.0	0.0
-13.191	0.0	0.0	0.0	0.0	0.0	0.0	0.0	0.0	0.0
-13.166	0.0	0.0	0.0	0.0	0.0	0.0	0.0	0.0	0.0
-13.141	0.0	0.0	0.0	0.0	0.0	0.0	0.0	0.0	0.0
-13.116	0.0	0.0	0.0	0.0	0.0	0.0	0.0	0.0	0.0
-13.091	0.0	0.0	0.0	0.0	0.0	0.0	0.0	0.0	0.0
-13.067	0.0	0.0	0.0	0.0	0.0	0.0	0.0	0.0	0.0
-13.042	0.0	0.0	0.0	0.0	0.0	0.0	0.0	0.0	0.0
-13.017	0.0	0.0	0.0	0.0	0.0	0.0	0.0	0.0	0.0
-12.992	0.0	0.0	0.0	0.0	0.0	0.0	0.0	0.0	0.0
-12.967	0.0	0.0	0.0	0.0	0.0	0.0	0.0	0.0	0.0
-12.942	0.0	0.0	0.0	0.0	0.0	0.0	0.0	0.0	0.0
-12.917	0.0	0.0	0.0	0.0	0.0	0.0	0.0	0.0	0.0
-12.892	0.0	0.0	0.0	0.0	0.0	0.0	0.0	0.0	0.0
-12.867	0.0	0.0	0.0	0.0	0.0	0.0	0.0	0.0	0.0
-12.842	0.0	0.0	0.0	0.0	0.0	0.0	0.0	0.0	0.0
-12.818	0.0	0.0	0.0	0.0	0.0	0.0	0.0	0.0	0.0
-12.793	0.0	0.0	0.0	0.0	0.0	0.0	0.0	0.0	0.0
-12.768	0.0	0.0	0.0	0.0	0.0	0.0	0.0	0.0	0.0
-12.743	0.0	0.0	0.0	0.0	0.0	0.0	0.0	0.0	0.0
-12.718	0.0	0.0	0.0	0.0	0.0	0.0	0.0	0.0	0.0
-12.693	0.0	0.0	0.0	0.0	0.0	0.0	0.0	0.0	0.0
-12.668	0.0	0.0	0.0	0.0	0.0	0.0	0.0	0.0	0.0
-12.643	0.0	0.0	0.0	0.0	0.0	0.0	0.0	0.0	0.0
-12.618	0.0	0.0	0.0	0.0	0.0	0.0	0.0	0.0	0.0
-12.593	0.0	0.0	0.0	0.0	0.0	0.0	0.0	0.0	0.0
-12.569	0.0	0.0	0.0	0.0	0.0	0.0	0.0	0.0	0.0
-12.544	0.0	0.0	0.0	0.0	0.0	0.0	0.0	0.0	0.0
-12.519	0.0	0.0	0.0	0.0	0.0	0.0	0.0	0.0	0.0
-12.494	0.0	0.0	0.0	0.0	0.0	0.0	0.0	0.0	0.0
-12.469	0.0	0.0	0.0	0.0	0.0	0.0	0.0	0.0	0.0
-12.444	0.0	0.0	0.0	0.0	0.0	0.0	0.0	0.0	0.0
-12.419	1.9511287999999996e-15	1.61987858e-15	3.3894248309999995e-16	1.49913499e-15	0.0	0.0	0.0	0.0	0.0
-12.394	2.4388861999999997e-14	2.0249663000000003e-14	4.236397163999999e-15	1.8739681019999998e-14	0.0	0.0	0.0	0.0	0.0
-12.369	3.9217952999999997e-13	3.2564729e-13	6.813271975000001e-14	3.0137534229999996e-13	0.0	0.0	0.0	0.0	0.0
-12.344	5.442487800000002e-12	4.5182318000000005e-12	9.453823212e-13	4.1814205730000006e-12	0.0	0.0	0.0	0.0	0.0
-12.320	6.674761000000002e-11	5.5408970000000006e-11	1.1595503153e-11	5.1289300839999994e-11	0.0	0.0	0.0	0.0	0.0
-12.295	7.240143800000001e-10	6.010521000000001e-10	1.2577286938e-10	5.56216579e-10	0.0	0.0	0.0	0.0	0.0
-12.270	6.9428001000000005e-09	5.7635921e-09	1.2060526636e-09	5.334198006e-09	0.0	0.0	0.0	0.0	0.0
-12.245	5.8878085e-08	4.8877334e-08	1.0227894216e-08	4.524687921e-08	0.0	0.0	0.0	0.0	0.0
-12.220	4.4153770999999997e-07	3.6657982999999996e-07	7.670905812e-08	3.392915358e-07	0.0	0.0	0.0	0.0	0.0
-12.195	2.9282395e-06	2.4311711000000003e-06	5.086881398000001e-07	2.24997425e-06	0.0	0.0	0.0	0.0	0.0
-12.170	1.7173765e-05	1.42586422e-05	2.983552472e-06	1.3195292310000002e-05	0.0	0.0	0.0	0.0	0.0
-12.145	8.907109900000001e-05	7.39522e-05	1.5474753076000002e-05	6.84457832e-05	0.0	0.0	0.0	0.0	0.0
-12.120	0.00040856394999999997	0.00033919324	7.097512487e-05	0.0003139189026	0.0	0.0	0.0	0.0	0.0
-12.095	0.0016575606000000002	0.00137603924	0.00028790530310000004	0.0012735288839999998	0.0	0.0	0.0	0.0	0.0
-12.071	0.0059471770000000005	0.004937134500000001	0.0010329859656999997	0.004569232992999999	0.0	0.0	0.0	0.0	0.0
-12.046	0.018869313000000006	0.01566543	0.003277809687	0.01449878756	0.0	0.0	0.0	0.0	0.0
-12.021	0.05296479300000001	0.043965219	0.009199324213	0.0406928847	0.0	0.0	0.0	0.0	0.0
-11.996	0.13145361300000002	0.10913490199999999	0.022836941967	0.10099800119999999	0.0	0.0	0.0	0.0	0.0
-11.971	0.28859482	0.23960965	0.05013671269000001	0.22174813589999998	0.0	0.0	0.0	0.0	0.0
-11.946	0.56040359	0.46520392	0.09735341522999999	0.4305982848	0.0	0.0	0.0	0.0	0.0
-11.921	0.9625060299999999	0.7990882700000002	0.16720349566	0.739526705	0.0	0.0	0.0	0.0	0.0
-11.896	1.4622496999999999	1.21402418	0.25400040975	1.1234502319999997	0.0	0.0	0.0	0.0	0.0
-11.871	1.9648618999999998	1.63120291	0.34130300399999997	1.5096866710000003	0.0	0.0	0.0	0.0	0.0
-11.846	2.3351669999999998	1.938825	0.4056798193000001	1.794232938	0.0	0.0	0.0	0.0	0.0
-11.822	2.4548817000000005	2.038063	0.4264959375	1.8862103019999998	0.0	0.0	0.0	0.0	0.0
-11.797	2.2825775000000004	1.8950946999999998	0.39656676570000005	1.753844908	0.0	0.0	0.0	0.0	0.0
-11.772	1.8773666	1.55861635	0.3261263881	1.44250104	0.0	0.0	0.0	0.0	0.0
-11.747	1.3657037299999997	1.1338286	0.23725324316	1.049420166	0.0	0.0	0.0	0.0	0.0
-11.722	0.87868087	0.72958944	0.15266299995	0.6752531780000001	0.0	0.0	0.0	0.0	0.0
-11.697	0.5000945999999998	0.41513519000000004	0.08688647011999999	0.3842673011	0.0	0.0	0.0	0.0	0.0
-11.672	0.25176694	0.20901598000000002	0.043729164169999994	0.1934504641	0.0	0.0	0.0	0.0	0.0
-11.647	0.112096314	0.09306278400000001	0.019473033646999996	0.0861258177	0.0	0.0	0.0	0.0	0.0
-11.622	0.04414222600000001	0.036652567	0.007668393710999999	0.033925661460000006	0.0	0.0	0.0	0.0	0.0
-11.597	0.015373447	0.012763969699999999	0.0026710869489999997	0.01181256269	0.0	0.0	0.0	0.0	0.0
-11.573	0.004735614199999999	0.0039320200000000005	0.0008227926952000001	0.003638993444	0.0	0.0	0.0	0.0	0.0
-11.548	0.00129029078	0.0010711954	0.00022418240710000002	0.000991413825	0.0	0.0	0.0	0.0	0.0
-11.523	0.00031104510000000017	0.00025813751	5.4190729300000004e-05	0.00023895846190000002	0.0	0.0	0.0	0.0	0.0
-11.498	6.731523999999998e-05	5.5162547e-05	1.2738159999999998e-05	5.13496033e-05	0.0	0.0	0.0	0.0	0.0
-11.473	1.9114500000000005e-05	1.1325606e-05	9.894836e-06	1.2381749000000001e-05	0.0	0.0	0.0	0.0	0.0
-11.448	3.893748000000001e-05	7.0604400000000005e-06	4.3313783e-05	1.7101552e-05	0.0	0.0	0.0	0.0	0.0
-11.423	0.00018156835199999996	2.6475985e-05	0.0002113119067	7.64819254e-05	0.0	0.0	0.0	0.0	0.0
-11.398	0.00078838765	0.00011408704000000001	0.0009187566990000001	0.0003316052569	0.0	0.0	0.0	0.0	0.0
-11.373	0.0030321172	0.00043874214	0.003534208461	0.0012753030959999998	0.0	0.0	0.0	0.0	0.0
-11.348	0.010315083100000002	0.0014924792999999998	0.01202307399	0.004339002499	0.0	0.0	0.0	0.0	0.0
-11.324	0.031035515000000003	0.0044901019	0.0361719776	0.01305512959	0.0	0.0	0.0	0.0	0.0
-11.299	0.08259051900000002	0.011948806999999999	0.0962665793	0.034738096149999995	0.0	0.0	0.0	0.0	0.0
-11.274	0.19438755100000002	0.028126111000000002	0.22656009990000003	0.08176870979999999	0.0	0.0	0.0	0.0	0.0
-11.249	0.40464848000000003	0.05854535200000001	0.4716471958	0.17021287760000003	0.0	0.0	0.0	0.0	0.0
-11.224	0.74505617	0.10781461	0.8683574168	0.3133890141	0.0	0.0	0.0	0.0	0.0
-11.199	1.21365239	0.17563124	1.4143995610000002	0.510449555	0.0	0.0	0.0	0.0	0.0
-11.174	1.7488303300000003	0.25326046	2.038067487	0.7353778069999999	0.0	0.0	0.0	0.0	0.0
-11.149	2.230466669999999	0.32344457	2.5989948499999995	0.9373801449999999	0.0	0.0	0.0	0.0	0.0
-11.124	2.5216616	0.36732167000000004	2.9369330070000004	1.05786631	0.0	0.0	0.0	0.0	0.0
-11.099	2.5381600999999994	0.37461321000000003	2.95110859	1.0588609	0.0	0.0	0.0	0.0	0.0
-11.075	2.3037784	0.3531105	2.66450529	0.9456659599999999	0.0	0.0	0.0	0.0	0.0
-11.050	1.9543689000000004	0.32994833999999995	2.2258670400000002	0.7667564	0.0	0.0	0.0	0.0	0.0
-11.025	1.68591	0.34402452	1.84478633	0.5922838999999999	0.0	0.0	0.0	0.0	0.0
-11.000	1.675994	0.43218340000000005	1.70170036	0.4852485	0.0	0.0	0.0	0.0	0.0
-10.975	2.0218089999999993	0.6150278	1.87202604	0.4813504	0.0	0.0	0.0	0.0	0.0
-10.950	2.7110779000000007	0.8860385000000001	2.30240922	0.5838341699999999	0.0	0.0	0.0	0.0	0.0
-10.925	3.6277997	1.2097090000000001	2.8361410499999997	0.7692024900000001	0.0	0.0	0.0	0.0	0.0
-10.900	4.585839000000001	1.5288699000000001	3.2775084999999997	0.9958752000000002	0.0	0.0	0.0	0.0	0.0
-10.875	5.374466999999998	1.7787484999999998	3.4694513000000002	1.21139998	0.0	0.0	0.0	0.0	0.0
-10.850	5.805957	1.9035428	3.3490280200000004	1.36146509	0.0	0.0	0.0	0.0	0.0
-10.826	5.762989699999999	1.8715431	2.95429559	1.4014753899999999	0.0	0.0	0.0	0.0	0.0
-10.801	5.234481699999999	1.6855434999999999	2.38953712	1.3133081100000001	0.0	0.0	0.0	0.0	0.0
-10.776	4.327633200000001	1.3836050999999998	1.77576972	1.113133758	0.0	0.0	0.0	0.0	0.0
-10.751	3.2381785	1.0296173	1.21181759	0.848884819	0.0	0.0	0.0	0.0	0.0
-10.726	2.18115111	0.6906198	0.757041172	0.579891621	0.0	0.0	0.0	0.0	0.0
-10.701	1.31651165	0.4155707	0.43100122	0.35355575	0.0	0.0	0.0	0.0	0.0
-10.676	0.7093873399999999	0.22344529999999999	0.22231520500000002	0.19190321700000001	0.0	0.0	0.0	0.0	0.0
-10.651	0.3403821900000001	0.10704048000000001	0.10331798889999999	0.0925315067	0.0	0.0	0.0	0.0	0.0
-10.626	0.145116111	0.04558044	0.043059884599999994	0.0395882955	0.0	0.0	0.0	0.0	0.0
-10.601	0.054897104	0.017230566	0.0160299681	0.015009982179999999	0.0	0.0	0.0	0.0	0.0
-10.577	0.018408018900000003	0.005775469	0.00531545707	0.005041651540000001	0.0	0.0	0.0	0.0	0.0
-10.552	0.005472388199999999	0.0017216078	0.0015681011299999998	0.00150424462	0.0	0.0	0.0	0.0	0.0
-10.527	0.0014723192200000004	0.0004899319	0.000417061612	0.00042480427	0.0	0.0	0.0	0.0	0.0
-10.502	0.0005059629000000001	0.0002969588	0.00013054387999999998	0.00024031269999999998	0.0	0.0	0.0	0.0	0.0
-10.477	0.0008099892800000002	0.00085148202	0.00017291292999999997	0.0006604275	0.0	0.0	0.0	0.0	0.0
-10.452	0.0028437840079999998	0.003175360963	0.00058971358	0.0024549731	0.0	0.0	0.0	0.0	0.0
-10.427	0.009570917091999998	0.01071610399	0.0019814846	0.008285194	0.0	0.0	0.0	0.0	0.0
-10.402	0.028608062341	0.0320283542009	0.0059215684000000005	0.024761726	0.0	0.0	0.0	0.0	0.0
-10.377	0.075608733359	0.0846701903048	0.015650856999999997	0.0654543	0.0	0.0	0.0	0.0	0.0
-10.352	0.17678551345469998	0.197956046069	0.036591163	0.15305143999999998	0.0	0.0	0.0	0.0	0.0
-10.328	0.3655964428559	0.40941875027400004	0.07568355200000002	0.31650674	0.0	0.0	0.0	0.0	0.0
-10.303	0.6687035205531001	0.748817804817	0.138425989	0.57891599	0.0	0.0	0.0	0.0	0.0
-10.278	1.0818483388529998	1.2113510556499998	0.22392992	0.9365631999999999	0.0	0.0	0.0	0.0	0.0
-10.253	1.5480575657359996	1.7334815081	0.32041146	1.3401459999999998	0.0	0.0	0.0	0.0	0.0
-10.228	1.9594874773459998	2.1939274528999997	0.40560377	1.6963788000000002	0.0	0.0	0.0	0.0	0.0
-10.203	2.193522694674	2.45605188564	0.45410640999999996	1.8990958	0.0	0.0	0.0	0.0	0.0
-10.178	2.172221210853	2.43286375539	0.44964491999999995	1.88045	0.0	0.0	0.0	0.0	0.0
-10.153	1.9025371543910001	2.13065702224	0.39384957000000004	1.6471841999999999	0.0	0.0	0.0	0.0	0.0
-10.128	1.4739379753239998	1.65044278623	0.30507174000000004	1.2760416	0.0	0.0	0.0	0.0	0.0
-10.103	1.0100699573325003	1.13096214681	0.20905248999999998	0.8744229	0.0	0.0	0.0	0.0	0.0
-10.079	0.6121262986955001	0.6855224831560001	0.126713726	0.52993496	0.0	0.0	0.0	0.0	0.0
-10.054	0.3281404459802	0.367453776836	0.0679331	0.2841095	0.0	0.0	0.0	0.0	0.0
-10.029	0.1556151896674	0.174250145419	0.032212282	0.13471212	0.0	0.0	0.0	0.0	0.0
-10.004	0.06525939565548002	0.0730803713628	0.013508150899999998	0.056490994	0.0	0.0	0.0	0.0	0.0
-9.979	0.02420764084435	0.027109775683000003	0.0050109642	0.02095598	0.0	0.0	0.0	0.0	0.0
-9.954	0.007940845117325	0.00889224518283	0.0016439096	0.0068744109999999995	0.0	0.0	0.0	0.0	0.0
-9.929	0.0023043118286419995	0.0025798412069300003	0.00047700413	0.001994859	0.0	0.0	0.0	0.0	0.0
-9.904	0.0005913021271071001	0.0006621215649130001	0.00012239834	0.0005118918200000001	0.0	0.0	0.0	0.0	0.0
-9.879	0.00013420086914780002	0.00015027558387600002	2.7779461999999997e-05	0.00011617452	0.0	0.0	0.0	0.0	0.0
-9.854	2.69339902617e-05	3.0162799990600003e-05	5.5776586e-06	2.3319184e-05	0.0	0.0	0.0	0.0	0.0
-9.830	4.799155161200001e-06	5.3565837435e-06	1.00914049e-06	4.142687e-06	0.0	0.0	0.0	0.0	0.0
-9.805	8.935060229999999e-07	8.62804491e-07	3.1299651e-07	6.784314e-07	0.0	0.0	0.0	0.0	0.0
-9.780	1.13357891e-06	2.7668928e-07	1.15711064e-06	2.9650139e-07	0.0	0.0	0.0	0.0	0.0
-9.755	6.5709102e-06	1.0335897e-06	7.2363231200000005e-06	1.32527741e-06	0.0	0.0	0.0	0.0	0.0
-9.730	3.6943619299999997e-05	5.7432454e-06	4.07448088e-05	7.4043576e-06	0.0	0.0	0.0	0.0	0.0
-9.705	0.00018403491400000003	2.8602775e-05	0.0002030055487	3.6878579e-05	0.0	0.0	0.0	0.0	0.0
-9.680	0.000810829085	0.00012602108	0.0008943779590000001	0.000162502767	0.0	0.0	0.0	0.0	0.0
-9.655	0.003159212711	0.00049105746	0.00348522284	0.00063324805	0.0	0.0	0.0	0.0	0.0
-9.630	0.010888567259999997	0.0016922405	0.01201005624	0.0021816043299999997	0.0	0.0	0.0	0.0	0.0
-9.605	0.03318955396	0.0051591424	0.0366047174	0.006650462700000001	0.0	0.0	0.0	0.0	0.0
-9.581	0.08946541849999998	0.013904867999999999	0.09866950409999999	0.0179300149	0.0	0.0	0.0	0.0	0.0
-9.556	0.21335730519999996	0.033157694	0.235260609	0.042747536	0.0	0.0	0.0	0.0	0.0
-9.531	0.4498009479999999	0.06994120399999999	0.496138189	0.090176426	0.0	0.0	0.0	0.0	0.0
-9.506	0.8390952589999999	0.13054913	0.925472392	0.16824683099999999	0.0	0.0	0.0	0.0	0.0
-9.481	1.384840808	0.21581037	1.5269302050000002	0.27774835	0.0	0.0	0.0	0.0	0.0
-9.456	2.0222607850000007	0.31656309000000005	2.2281227500000003	0.40628726	0.0	0.0	0.0	0.0	0.0
-9.431	2.6144868750000003	0.41435238	2.87610144	0.5275976899999999	0.0	0.0	0.0	0.0	0.0
-9.406	3.00050889	0.49069653999999996	3.28411919	0.6125573	0.0	0.0	0.0	0.0	0.0
-9.381	3.07263971	0.54429135	3.3186934299999997	0.6463031499999999	0.0	0.0	0.0	0.0	0.0
-9.356	2.8468767799999997	0.6041918	2.9684638800000003	0.64437939	0.0	0.0	0.0	0.0	0.0
-9.332	2.46902887	0.7306845999999999	2.3552910500000004	0.65339931	0.0	0.0	0.0	0.0	0.0
-9.307	2.14233275	0.9909942999999999	1.6657129800000001	0.73013134	0.0	0.0	0.0	0.0	0.0
-9.282	2.0237654800000007	1.4184938999999999	1.0623989600000001	0.9103755019999998	0.0	0.0	0.0	0.0	0.0
-9.257	2.144879123	1.9716604	0.629818829	1.17880278	0.0	0.0	0.0	0.0	0.0
-9.232	2.400253103000001	2.5234541999999998	0.368719041	1.46422997	0.0	0.0	0.0	0.0	0.0
-9.207	2.6094361239999997	2.90207974	0.23224534500000005	1.664686481	0.0	0.0	0.0	0.0	0.0
-9.182	2.6136314720000002	2.97101764	0.16454771699999998	1.697416997	0.0	0.0	0.0	0.0	0.0
-9.157	2.3559167100000002	2.69751708	0.125192967	1.5421492099999998	0.0	0.0	0.0	0.0	0.0
-9.132	1.8995931700000002	2.17537677	0.09490872300000001	1.2535803499999998	0.0	0.0	0.0	0.0	0.0
-9.107	1.3867444500000001	1.5715835500000002	0.070235857	0.93545063	0.0	0.0	0.0	0.0	0.0
-9.083	0.9675364999999998	1.05264337	0.055504704	0.700569133	0.0	0.0	0.0	0.0	0.0
-9.058	0.7510801	0.7288159	0.056857479999999995	0.638808697	0.0	0.0	0.0	0.0	0.0
-9.033	0.7867677000000001	0.6394934	0.07899587	0.801719257	0.0	0.0	0.0	0.0	0.0
-9.008	1.0645680000000002	0.7646231	0.12272152	1.1928995629999999	0.0	0.0	0.0	0.0	0.0
-8.983	1.5156500000000004	1.0391812	0.18249224	1.751429965	0.0	0.0	0.0	0.0	0.0
-8.958	2.0133300000000003	1.3622009000000002	0.2452588	2.346066247	0.0	0.0	0.0	0.0	0.0
-8.933	2.399537	1.6180761	0.29320440000000003	2.802100529	0.0	0.0	0.0	0.0	0.0
-8.908	2.538917	1.7106628999999998	0.3104676	2.966466006	0.0	0.0	0.0	0.0	0.0
-8.883	2.378244	1.6020871	0.2908942	2.779317929	0.0	0.0	0.0	0.0	0.0
-8.859	1.971102	1.3276332	0.24109760000000002	2.303404763	0.0	0.0	0.0	0.0	0.0
-8.834	1.4450880000000004	0.9732754000000001	0.17675534	1.688737105	0.0	0.0	0.0	0.0	0.0
-8.809	0.937184	0.63135438	0.11465312	1.095295417	0.0	0.0	0.0	0.0	0.0
-8.784	0.5383240000000002	0.36323644	0.06594225000000001	0.629381353	0.0	0.0	0.0	0.0	0.0
-8.759	0.2760568	0.18833282	0.034111489999999994	0.32392068	0.0	0.0	0.0	0.0	0.0
-8.734	0.13360650000000002	0.09780374	0.01747429	0.16037489	0.0	0.0	0.0	0.0	0.0
-8.709	0.08102648999999998	0.0770476	0.013165340000000001	0.10689848999999998	0.0	0.0	0.0	0.0	0.0
-8.684	0.09969744999999998	0.124296121	0.020475194000000002	0.14758125000000002	0.0	0.0	0.0	0.0	0.0
-8.659	0.19127867599999998	0.257419321	0.042029828	0.29344739999999997	0.0	0.0	0.0	0.0	0.0
-8.634	0.37165329900000005	0.506197583	0.082533015	0.573455684	0.0	0.0	0.0	0.0	0.0
-8.610	0.6519040950000001	0.8894435	0.14501334	1.006732663	0.0	0.0	0.0	0.0	0.0
-8.585	1.0145043617	1.3845732499999999	0.22575269	1.566962474	0.0	0.0	0.0	0.0	0.0
-8.560	1.3970809001999998	1.9068442400000003	0.31081102	2.1578009560000004	0.0	0.0	0.0	0.0	0.0
-8.535	1.7017587055499996	2.32248421	0.37867482	2.6283180600000002	0.0	0.0	0.0	0.0	0.0
-8.510	1.8338197173399997	2.50242763	0.40839912	2.83160557	0.0	0.0	0.0	0.0	0.0
-8.485	1.7491810661000002	2.38491376	0.39064348	2.69856714	0.0	0.0	0.0	0.0	0.0
-8.460	1.4801174355699998	2.01120149	0.3345271	2.2749718	0.0	0.0	0.0	0.0	0.0
-8.435	1.1220286802200004	1.5022325500000002	0.26655704	1.69690619	0.0	0.0	0.0	0.0	0.0
-8.410	0.7925223012	0.99846345	0.22460975	1.1213841	0.0	0.0	0.0	0.0	0.0
-8.385	0.5950886516799999	0.6022713100000001	0.25428926	0.6602302	0.0	0.0	0.0	0.0	0.0
-8.361	0.6034826212399999	0.3550226	0.40646224000000003	0.3540639	0.0	0.0	0.0	0.0	0.0
-8.336	0.8609627219599999	0.24946610000000002	0.7291133000000001	0.1882677	0.0	0.0	0.0	0.0	0.0
-8.311	1.3702817433200005	0.25348514	1.2438375600000002	0.12258694	0.0	0.0	0.0	0.0	0.0
-8.286	2.06952644391	0.32660662	1.9111847800000001	0.11577709	0.0	0.0	0.0	0.0	0.0
-8.261	2.81324947516	0.42581990000000003	2.6084783200000006	0.13497114	0.0	0.0	0.0	0.0	0.0
-8.236	3.3968488220999995	0.50890547	3.1523980699999994	0.156677152	0.0	0.0	0.0	0.0	0.0
-8.211	3.6321551789999997	0.54295718	3.3715061900000003	0.16602133800000002	0.0	0.0	0.0	0.0	0.0
-8.186	3.440223654	0.5139126599999999	3.19318557	0.15705782100000001	0.0	0.0	0.0	0.0	0.0
-8.161	2.8955146890000005	0.43214274999999996	2.6871741900000004	0.132628087	0.0	0.0	0.0	0.0	0.0
-8.136	2.19362364	0.32645841999999997	2.0340659999999997	0.10186445899999999	0.0	0.0	0.0	0.0	0.0
-8.112	1.5649197699999997	0.23057664	1.4471331	0.076133246	0.0	0.0	0.0	0.0	0.0
-8.087	1.1950461000000006	0.1713688	1.096873	0.0652297521	0.0	0.0	0.0	0.0	0.0
-8.062	1.1831679	0.16261599999999998	1.0735843999999999	0.0751847965	0.0	0.0	0.0	0.0	0.0
-8.037	1.5337794999999996	0.2044593	1.3804878	0.1070767854	0.0	0.0	0.0	0.0	0.0
-8.012	2.1565762999999993	0.2840649	1.9349944999999997	0.1557251026	0.0	0.0	0.0	0.0	0.0
-7.987	2.872011300000001	0.37699913	2.574579	0.2094098613	0.0	0.0	0.0	0.0	0.0
-7.962	3.4485999999999994	0.45215027	3.0906333999999998	0.25209276960000004	0.0	0.0	0.0	0.0	0.0
-7.937	3.6810569999999996	0.48255621	3.2989716999999996	0.2692580878	0.0	0.0	0.0	0.0	0.0
-7.912	3.480182	0.45625946200000006	3.1187761000000003	0.2546148257	0.0	0.0	0.0	0.0	0.0
-7.887	2.9111712999999995	0.3816963589	2.6089374000000003	0.21299746479999998	0.0	0.0	0.0	0.0	0.0
-7.863	2.1541505	0.28243005715999997	1.9304714	0.15760701454	0.0	0.0	0.0	0.0	0.0
-7.838	1.4099670000000002	0.18482162851	1.2635725	0.10316497664999999	0.0	0.0	0.0	0.0	0.0
-7.813	0.8163612	0.10700735901	0.7315624	0.05973065048	0.0	0.0	0.0	0.0	0.0
-7.788	0.41851000000000005	0.054794152299999996	0.37495267	0.030601869989999995	0.0	0.0	0.0	0.0	0.0
-7.763	0.19137867000000006	0.024849587	0.17121603000000002	0.013931998470000002	0.0	0.0	0.0	0.0	0.0
-7.738	0.08348135000000001	0.010072093	0.07372809999999999	0.005848291457999999	0.0	0.0	0.0	0.0	0.0
-7.713	0.0517487	0.0039499719999999995	0.04284165	0.002943268799	0.0	0.0	0.0	0.0	0.0
-7.688	0.0800005	0.0023337839999999998	0.061529589999999995	0.0034277509060000005	0.0	0.0	0.0	0.0	0.0
-7.663	0.18441440000000006	0.0034360050000000007	0.13942477	0.0073233111099999994	0.0	0.0	0.0	0.0	0.0
-7.638	0.4102585	0.007118090999999999	0.30949989000000006	0.01613531676	0.0	0.0	0.0	0.0	0.0
-7.614	0.8154528999999999	0.014031943999999996	0.6150574040000001	0.03203703225	0.0	0.0	0.0	0.0	0.0
-7.589	1.4351124	0.024670979000000003	1.0824111680000001	0.056371454	0.0	0.0	0.0	0.0	0.0
-7.564	2.2343100000000002	0.03840601999999999	1.6852267120000002	0.08776127250000001	0.0	0.0	0.0	0.0	0.0
-7.539	3.0768899999999997	0.05288680999999999	2.32076684	0.12087104120000002	0.0	0.0	0.0	0.0	0.0
-7.514	3.7478099999999994	0.06441619999999999	2.8265806299999996	0.147221407	0.0	0.0	0.0	0.0	0.0
-7.489	4.037654	0.06939308999999999	3.04556091	0.1586171621	0.0	0.0	0.0	0.0	0.0
-7.464	3.8478529999999993	0.06613659000000001	2.9020036100000004	0.15114640120000003	0.0	0.0	0.0	0.0	0.0
-7.439	3.2432300000000005	0.05575833999999999	2.44615071	0.12743082260000002	0.0	0.0	0.0	0.0	0.0
-7.414	2.4179630000000008	0.041622019999999996	1.823751856	0.09514518720000001	0.0	0.0	0.0	0.0	0.0
-7.389	1.5948065	0.027651270000000002	1.202552057	0.06334328400000001	0.0	0.0	0.0	0.0	0.0
-7.365	0.9311053999999999	0.016975039	0.7014960570000001	0.039428571	0.0	0.0	0.0	0.0	0.0
-7.340	0.4839155	0.011811936000000002	0.36201133	0.02928371	0.0	0.0	0.0	0.0	0.0
-7.315	0.2319982	0.01515266	0.1656092	0.04182724	0.0	0.0	0.0	0.0	0.0
-7.290	0.12531919999999996	0.033795889999999995	0.06803033	0.09704103000000001	0.0	0.0	0.0	0.0	0.0
-7.265	0.12405969999999998	0.08180346999999999	0.027286800000000003	0.23447907	0.0	0.0	0.0	0.0	0.0
-7.240	0.21557890000000002	0.1824018	0.01532451	0.51496948	0.0	0.0	0.0	0.0	0.0
-7.215	0.409374	0.36558989999999997	0.017670564	1.00575134	0.0	0.0	0.0	0.0	0.0
-7.190	0.7187062999999999	0.6599516	0.028353930000000006	1.74244821	0.0	0.0	0.0	0.0	0.0
-7.165	1.1386676000000002	1.0819173	0.045074843999999996	2.6804791	0.0	0.0	0.0	0.0	0.0
-7.140	1.6332945999999997	1.6278810000000001	0.06628261	3.6703650999999997	0.0	0.0	0.0	0.0	0.0
-7.116	2.1412298	2.273857	0.09011494	4.4893219	0.0	0.0	0.0	0.0	0.0
-7.091	2.5959153999999995	2.976945	0.11437076000000002	4.9326612999999995	0.0	0.0	0.0	0.0	0.0
-7.066	2.9408999000000002	3.666808	0.13642822	4.907132000000001	0.0	0.0	0.0	0.0	0.0
-7.041	3.1329616000000002	4.235404000000001	0.1529917	4.465561999999999	0.0	0.0	0.0	0.0	0.0
-7.016	3.1359406	4.5460910000000005	0.1602727	3.7610530000000004	0.0	0.0	0.0	0.0	0.0
-6.991	2.9278565000000008	4.481696	0.15514293	2.9621010000000005	0.0	0.0	0.0	0.0	0.0
-6.966	2.5214238499999992	4.0143609	0.13721927	2.194008	0.0	0.0	0.0	0.0	0.0
-6.941	1.98056833	3.2381341	0.10976072	1.5265868	0.0	0.0	0.0	0.0	0.0
-6.916	1.40501231	2.3373524	0.07879915	0.9898989999999999	0.0	0.0	0.0	0.0	0.0
-6.891	0.8938083050000002	1.5033987	0.050509934000000006	0.5915081999999999	0.0	0.0	0.0	0.0	0.0
-6.867	0.50729518	0.85915991	0.028807536	0.32213686999999996	0.0	0.0	0.0	0.0	0.0
-6.842	0.2560883981	0.43555687200000004	0.014584696	0.15833607	0.0	0.0	0.0	0.0	0.0
-6.817	0.11471586119999999	0.19562442300000002	0.006545800200000001	0.06975651000000001	0.0	0.0	0.0	0.0	0.0
-6.792	0.04554716509	0.0777882093	0.0026015922	0.027411216999999998	0.0	0.0	0.0	0.0	0.0
-6.767	0.016015219759999998	0.0273805708	0.00091541787	0.0095769462	0.0	0.0	0.0	0.0	0.0
-6.742	0.0049834547899999995	0.00852733372	0.00028498630000000003	0.0029688097	0.0	0.0	0.0	0.0	0.0
-6.717	0.0013724388375999997	0.0023487081730000003	7.8496017e-05	0.0008157110000000001	0.0	0.0	0.0	0.0	0.0
-6.692	0.00033437814667	0.0005723959009999999	1.9126543399999998e-05	0.00019840977000000002	0.0	0.0	0.0	0.0	0.0
-6.667	7.206506083999998e-05	0.00012335383119999998	4.1221273e-06	4.2714084e-05	0.0	0.0	0.0	0.0	0.0
-6.642	1.3734526170999999e-05	2.35119322e-05	7.855889500000001e-07	8.137725e-06	0.0	0.0	0.0	0.0	0.0
-6.618	2.3150947904000003e-06	3.96349771e-06	1.32450565e-07	1.3714243e-06	0.0	0.0	0.0	0.0	0.0
-6.593	3.4510518777999993e-07	5.90903441e-07	1.97458349e-08	2.0438432e-07	0.0	0.0	0.0	0.0	0.0
-6.568	4.549950885999999e-08	7.790033700000001e-08	2.6031513999999997e-09	2.6941929999999998e-08	0.0	0.0	0.0	0.0	0.0
-6.543	5.3054896349000015e-09	9.082613369999999e-09	3.0349767000000005e-10	3.1407665e-09	0.0	0.0	0.0	0.0	0.0
-6.518	5.468354897999999e-10	9.363224340000002e-10	3.1288858e-11	3.2379165e-10	0.0	0.0	0.0	0.0	0.0
-6.493	4.985646207000001e-11	8.53676708e-11	2.8522e-12	2.9515141e-11	0.0	0.0	0.0	0.0	0.0
-6.468	4.0182270142e-12	6.87950016e-12	2.2988635e-13	2.3790372999999996e-12	0.0	0.0	0.0	0.0	0.0
-6.443	2.8687704838000004e-13	4.912397136e-13	1.64146762e-14	1.6985212999999999e-13	0.0	0.0	0.0	0.0	0.0
-6.418	1.8272652712e-14	3.128729079e-14	1.0455542199999998e-15	1.0818989099999999e-14	0.0	0.0	0.0	0.0	0.0
-6.393	0.0	0.0	0.0	0.0	0.0	0.0	0.0	0.0	0.0
-6.369	0.0	0.0	0.0	0.0	0.0	0.0	0.0	0.0	0.0
-6.344	0.0	0.0	0.0	0.0	0.0	0.0	0.0	0.0	0.0
-6.319	0.0	0.0	0.0	0.0	0.0	0.0	0.0	0.0	0.0
-6.294	0.0	0.0	0.0	0.0	0.0	0.0	0.0	0.0	0.0
-6.269	0.0	0.0	0.0	0.0	0.0	0.0	0.0	0.0	0.0
-6.244	0.0	0.0	0.0	0.0	0.0	0.0	0.0	0.0	0.0
-6.219	0.0	0.0	0.0	0.0	0.0	0.0	0.0	0.0	0.0
-6.194	0.0	0.0	0.0	0.0	0.0	0.0	0.0	0.0	0.0
-6.169	0.0	0.0	0.0	0.0	0.0	0.0	0.0	0.0	0.0
-6.144	0.0	0.0	0.0	0.0	0.0	0.0	0.0	0.0	0.0
-6.120	0.0	0.0	0.0	0.0	0.0	0.0	0.0	0.0	0.0
-6.095	0.0	0.0	0.0	0.0	0.0	0.0	0.0	0.0	0.0
-6.070	0.0	0.0	0.0	0.0	0.0	0.0	0.0	0.0	0.0
-6.045	0.0	0.0	0.0	0.0	0.0	0.0	0.0	0.0	0.0
-6.020	0.0	0.0	0.0	0.0	0.0	0.0	0.0	0.0	0.0
-5.995	0.0	0.0	0.0	0.0	0.0	0.0	0.0	0.0	0.0
-5.970	0.0	0.0	0.0	0.0	0.0	0.0	0.0	0.0	0.0
-5.945	0.0	0.0	0.0	0.0	0.0	0.0	0.0	0.0	0.0
-5.920	0.0	0.0	0.0	0.0	0.0	0.0	0.0	0.0	0.0
-5.895	0.0	0.0	0.0	0.0	0.0	0.0	0.0	0.0	0.0
-5.871	0.0	0.0	0.0	0.0	0.0	0.0	0.0	0.0	0.0
-5.846	0.0	0.0	0.0	0.0	0.0	0.0	0.0	0.0	0.0
-5.821	0.0	0.0	0.0	0.0	0.0	0.0	0.0	0.0	0.0
-5.796	0.0	0.0	0.0	0.0	0.0	0.0	0.0	0.0	0.0
-5.771	0.0	0.0	0.0	0.0	0.0	0.0	0.0	0.0	0.0
-5.746	0.0	0.0	0.0	0.0	0.0	0.0	0.0	0.0	0.0
-5.721	0.0	0.0	0.0	0.0	0.0	0.0	0.0	0.0	0.0
-5.696	0.0	0.0	0.0	0.0	0.0	0.0	0.0	0.0	0.0
-5.671	0.0	0.0	0.0	0.0	0.0	0.0	0.0	0.0	0.0
-5.646	0.0	0.0	0.0	0.0	0.0	0.0	0.0	0.0	0.0
-5.622	0.0	0.0	0.0	0.0	0.0	0.0	0.0	0.0	0.0
-5.597	0.0	0.0	0.0	0.0	0.0	0.0	0.0	0.0	0.0
-5.572	0.0	0.0	0.0	0.0	0.0	0.0	0.0	0.0	0.0
-5.547	0.0	0.0	0.0	0.0	0.0	0.0	0.0	0.0	0.0
-5.522	0.0	0.0	0.0	0.0	0.0	0.0	0.0	0.0	0.0
-5.497	0.0	0.0	0.0	0.0	0.0	0.0	0.0	0.0	0.0
-5.472	0.0	0.0	0.0	0.0	0.0	0.0	0.0	0.0	0.0
-5.447	0.0	0.0	0.0	0.0	0.0	0.0	0.0	0.0	0.0
-5.422	0.0	0.0	0.0	0.0	0.0	0.0	0.0	0.0	0.0
-5.397	0.0	0.0	0.0	0.0	0.0	0.0	0.0	0.0	0.0
-5.373	0.0	0.0	0.0	0.0	0.0	0.0	0.0	0.0	0.0
-5.348	0.0	0.0	0.0	0.0	0.0	0.0	0.0	0.0	0.0
-5.323	0.0	0.0	0.0	0.0	0.0	0.0	0.0	0.0	0.0
-5.298	0.0	0.0	0.0	0.0	0.0	0.0	0.0	0.0	0.0
-5.273	0.0	0.0	0.0	0.0	0.0	0.0	0.0	0.0	0.0
-5.248	0.0	0.0	0.0	0.0	0.0	0.0	0.0	0.0	0.0
-5.223	0.0	0.0	0.0	0.0	0.0	0.0	0.0	0.0	0.0
-5.198	0.0	0.0	0.0	0.0	0.0	0.0	0.0	0.0	0.0
-5.173	0.0	0.0	0.0	0.0	0.0	0.0	0.0	0.0	0.0
-5.148	0.0	0.0	0.0	0.0	0.0	0.0	0.0	0.0	0.0
-5.124	0.0	0.0	0.0	0.0	0.0	0.0	0.0	0.0	0.0
-5.099	0.0	0.0	0.0	0.0	0.0	0.0	0.0	0.0	0.0
-5.074	0.0	0.0	0.0	0.0	0.0	0.0	0.0	0.0	0.0
-5.049	0.0	0.0	0.0	0.0	0.0	0.0	0.0	0.0	0.0
-5.024	0.0	0.0	0.0	0.0	0.0	0.0	0.0	0.0	0.0
-4.999	0.0	0.0	0.0	0.0	0.0	0.0	0.0	0.0	0.0
-4.974	0.0	0.0	0.0	0.0	0.0	0.0	0.0	0.0	0.0
-4.949	0.0	0.0	0.0	0.0	0.0	0.0	0.0	0.0	0.0
-4.924	0.0	0.0	0.0	0.0	0.0	0.0	0.0	0.0	0.0
-4.899	0.0	0.0	0.0	0.0	0.0	0.0	0.0	0.0	0.0
-4.875	0.0	0.0	0.0	0.0	0.0	0.0	0.0	0.0	0.0
-4.850	0.0	0.0	0.0	0.0	0.0	0.0	0.0	0.0	0.0
-4.825	0.0	0.0	0.0	0.0	0.0	0.0	0.0	0.0	0.0
-4.800	0.0	0.0	0.0	0.0	0.0	0.0	0.0	0.0	0.0
-4.775	0.0	0.0	0.0	0.0	0.0	0.0	0.0	0.0	0.0
-4.750	0.0	0.0	0.0	0.0	0.0	0.0	0.0	0.0	0.0
-4.725	0.0	0.0	0.0	0.0	0.0	0.0	0.0	0.0	0.0
-4.700	0.0	0.0	0.0	0.0	0.0	0.0	0.0	0.0	0.0
-4.675	0.0	0.0	0.0	0.0	0.0	0.0	0.0	0.0	0.0
-4.650	0.0	0.0	0.0	0.0	0.0	0.0	0.0	0.0	0.0
-4.626	0.0	0.0	0.0	0.0	0.0	0.0	0.0	0.0	0.0
-4.601	0.0	0.0	0.0	0.0	0.0	0.0	0.0	0.0	0.0
-4.576	0.0	0.0	0.0	0.0	0.0	0.0	0.0	0.0	0.0
-4.551	0.0	0.0	0.0	0.0	0.0	0.0	0.0	0.0	0.0
-4.526	0.0	0.0	0.0	0.0	0.0	0.0	0.0	0.0	0.0
-4.501	0.0	0.0	0.0	0.0	0.0	0.0	0.0	0.0	0.0
-4.476	0.0	0.0	0.0	0.0	0.0	0.0	0.0	0.0	0.0
-4.451	0.0	0.0	0.0	0.0	0.0	0.0	0.0	0.0	0.0
-4.426	0.0	0.0	0.0	0.0	0.0	0.0	0.0	0.0	0.0
-4.402	0.0	0.0	0.0	0.0	0.0	0.0	0.0	0.0	0.0
-4.377	0.0	0.0	0.0	0.0	0.0	0.0	0.0	0.0	0.0
-4.352	0.0	0.0	0.0	0.0	0.0	0.0	0.0	0.0	0.0
-4.327	0.0	0.0	0.0	0.0	0.0	0.0	0.0	0.0	0.0
-4.302	0.0	0.0	0.0	0.0	0.0	0.0	0.0	0.0	0.0
-4.277	0.0	0.0	0.0	0.0	0.0	0.0	0.0	0.0	0.0
-4.252	0.0	0.0	0.0	0.0	0.0	0.0	0.0	0.0	0.0
-4.227	0.0	0.0	0.0	0.0	0.0	0.0	0.0	0.0	0.0
-4.202	0.0	0.0	0.0	0.0	0.0	0.0	0.0	0.0	0.0
-4.177	0.0	0.0	0.0	0.0	0.0	0.0	0.0	0.0	0.0
-4.153	0.0	0.0	0.0	0.0	0.0	0.0	0.0	0.0	0.0
-4.128	0.0	0.0	0.0	0.0	0.0	0.0	0.0	0.0	0.0
-4.103	0.0	0.0	0.0	0.0	0.0	0.0	0.0	0.0	0.0
-4.078	0.0	0.0	0.0	0.0	0.0	0.0	0.0	0.0	0.0
-4.053	0.0	0.0	0.0	0.0	0.0	0.0	0.0	0.0	0.0
-4.028	0.0	0.0	0.0	0.0	0.0	0.0	0.0	0.0	0.0
-4.003	0.0	0.0	0.0	0.0	0.0	0.0	0.0	0.0	0.0
-3.978	0.0	0.0	0.0	0.0	0.0	0.0	0.0	0.0	0.0
-3.953	0.0	0.0	0.0	0.0	0.0	0.0	0.0	0.0	0.0
-3.928	0.0	0.0	0.0	0.0	0.0	0.0	0.0	0.0	0.0
-3.904	0.0	0.0	0.0	0.0	0.0	0.0	0.0	0.0	0.0
-3.879	0.0	0.0	0.0	0.0	0.0	0.0	0.0	0.0	0.0
-3.854	0.0	0.0	0.0	0.0	0.0	0.0	0.0	0.0	0.0
-3.829	0.0	0.0	0.0	0.0	0.0	0.0	0.0	0.0	0.0
-3.804	0.0	0.0	0.0	0.0	0.0	0.0	0.0	0.0	0.0
-3.779	0.0	0.0	0.0	0.0	0.0	0.0	0.0	0.0	0.0
-3.754	0.0	0.0	0.0	0.0	0.0	0.0	0.0	0.0	0.0
-3.729	0.0	0.0	0.0	0.0	0.0	0.0	0.0	0.0	0.0
-3.704	0.0	0.0	0.0	0.0	0.0	0.0	0.0	0.0	0.0
-3.679	0.0	0.0	0.0	0.0	0.0	0.0	0.0	0.0	0.0
-3.655	0.0	0.0	0.0	0.0	0.0	0.0	0.0	0.0	0.0
-3.630	0.0	0.0	0.0	0.0	0.0	0.0	0.0	0.0	0.0
-3.605	0.0	0.0	0.0	0.0	0.0	0.0	0.0	0.0	0.0
-3.580	0.0	0.0	0.0	0.0	0.0	0.0	0.0	0.0	0.0
-3.555	0.0	0.0	0.0	0.0	0.0	0.0	0.0	0.0	0.0
-3.530	0.0	0.0	0.0	0.0	0.0	0.0	0.0	0.0	0.0
-3.505	0.0	0.0	0.0	0.0	0.0	0.0	0.0	0.0	0.0
-3.480	0.0	0.0	0.0	0.0	0.0	0.0	0.0	0.0	0.0
-3.455	0.0	0.0	0.0	0.0	0.0	0.0	0.0	0.0	0.0
-3.430	0.0	0.0	0.0	0.0	0.0	0.0	0.0	0.0	0.0
-3.406	0.0	0.0	0.0	0.0	0.0	0.0	0.0	0.0	0.0
-3.381	0.0	0.0	0.0	0.0	0.0	0.0	0.0	0.0	0.0
-3.356	0.0	0.0	0.0	0.0	0.0	0.0	0.0	0.0	0.0
-3.331	0.0	0.0	0.0	0.0	0.0	0.0	0.0	0.0	0.0
-3.306	0.0	0.0	0.0	0.0	0.0	0.0	0.0	0.0	0.0
-3.281	0.0	0.0	0.0	0.0	0.0	0.0	0.0	0.0	0.0
-3.256	0.0	0.0	0.0	0.0	0.0	0.0	0.0	0.0	0.0
-3.231	0.0	0.0	0.0	0.0	0.0	0.0	0.0	0.0	0.0
-3.206	0.0	0.0	0.0	0.0	0.0	0.0	0.0	0.0	0.0
-3.181	0.0	0.0	0.0	0.0	0.0	0.0	0.0	0.0	0.0
-3.157	0.0	0.0	0.0	0.0	0.0	0.0	0.0	0.0	0.0
-3.132	0.0	0.0	0.0	0.0	0.0	0.0	0.0	0.0	0.0
-3.107	0.0	0.0	0.0	0.0	0.0	0.0	0.0	0.0	0.0
-3.082	0.0	0.0	0.0	0.0	0.0	0.0	0.0	0.0	0.0
-3.057	0.0	0.0	0.0	0.0	0.0	0.0	0.0	0.0	0.0
-3.032	0.0	0.0	0.0	0.0	0.0	0.0	0.0	0.0	0.0
-3.007	0.0	0.0	0.0	0.0	0.0	0.0	0.0	0.0	0.0
-2.982	0.0	0.0	0.0	0.0	0.0	0.0	0.0	0.0	0.0
-2.957	0.0	0.0	0.0	0.0	0.0	0.0	0.0	0.0	0.0
-2.932	0.0	0.0	0.0	0.0	0.0	0.0	0.0	0.0	0.0
-2.908	0.0	0.0	0.0	0.0	0.0	0.0	0.0	0.0	0.0
-2.883	0.0	0.0	0.0	0.0	0.0	0.0	0.0	0.0	0.0
-2.858	0.0	0.0	0.0	0.0	0.0	0.0	0.0	0.0	0.0
-2.833	0.0	0.0	0.0	0.0	0.0	0.0	0.0	0.0	0.0
-2.808	0.0	0.0	0.0	0.0	0.0	0.0	0.0	0.0	0.0
-2.783	0.0	0.0	0.0	0.0	0.0	0.0	0.0	0.0	0.0
-2.758	0.0	0.0	0.0	0.0	0.0	0.0	0.0	0.0	0.0
-2.733	0.0	0.0	0.0	0.0	0.0	0.0	0.0	0.0	0.0
-2.708	0.0	0.0	0.0	0.0	0.0	0.0	0.0	0.0	0.0
-2.683	0.0	0.0	0.0	0.0	0.0	0.0	0.0	0.0	0.0
-2.659	0.0	0.0	0.0	0.0	0.0	0.0	0.0	0.0	0.0
-2.634	0.0	0.0	0.0	0.0	0.0	0.0	0.0	0.0	0.0
-2.609	0.0	0.0	0.0	0.0	0.0	0.0	0.0	0.0	0.0
-2.584	0.0	0.0	0.0	0.0	0.0	0.0	0.0	0.0	0.0
-2.559	0.0	0.0	0.0	0.0	0.0	0.0	0.0	0.0	0.0
-2.534	0.0	0.0	0.0	0.0	0.0	0.0	0.0	0.0	0.0
-2.509	0.0	0.0	0.0	0.0	0.0	0.0	0.0	0.0	0.0
-2.484	0.0	0.0	0.0	0.0	0.0	0.0	0.0	0.0	0.0
-2.459	0.0	0.0	0.0	0.0	0.0	0.0	0.0	0.0	0.0
-2.434	0.0	0.0	0.0	0.0	0.0	0.0	0.0	0.0	0.0
-2.410	0.0	0.0	0.0	0.0	0.0	0.0	0.0	0.0	0.0
-2.385	0.0	0.0	0.0	0.0	0.0	0.0	0.0	0.0	0.0
-2.360	0.0	0.0	0.0	0.0	0.0	0.0	0.0	0.0	0.0
-2.335	0.0	0.0	0.0	0.0	0.0	0.0	0.0	0.0	0.0
-2.310	0.0	0.0	0.0	0.0	0.0	0.0	0.0	0.0	0.0
-2.285	0.0	0.0	0.0	0.0	0.0	0.0	0.0	0.0	0.0
-2.260	0.0	0.0	0.0	0.0	0.0	0.0	0.0	0.0	0.0
-2.235	0.0	0.0	0.0	0.0	0.0	0.0	0.0	0.0	0.0
-2.210	0.0	0.0	0.0	0.0	0.0	0.0	0.0	0.0	0.0
-2.185	0.0	0.0	0.0	0.0	0.0	0.0	0.0	0.0	0.0
-2.161	0.0	0.0	0.0	0.0	0.0	0.0	0.0	0.0	0.0
-2.136	0.0	0.0	0.0	0.0	0.0	0.0	0.0	0.0	0.0
-2.111	0.0	0.0	0.0	0.0	0.0	0.0	0.0	0.0	0.0
-2.086	0.0	0.0	0.0	0.0	0.0	0.0	0.0	0.0	0.0
-2.061	0.0	0.0	0.0	0.0	0.0	0.0	0.0	0.0	0.0
-2.036	0.0	0.0	0.0	0.0	0.0	0.0	0.0	0.0	0.0
-2.011	0.0	0.0	0.0	0.0	0.0	0.0	0.0	0.0	0.0
-1.986	0.0	0.0	0.0	0.0	0.0	0.0	0.0	0.0	0.0
-1.961	0.0	0.0	0.0	0.0	0.0	0.0	0.0	0.0	0.0
-1.936	0.0	0.0	0.0	0.0	0.0	0.0	0.0	0.0	0.0
-1.912	0.0	0.0	0.0	0.0	0.0	0.0	0.0	0.0	0.0
-1.887	0.0	0.0	0.0	0.0	0.0	0.0	0.0	0.0	0.0
-1.862	0.0	0.0	0.0	0.0	0.0	0.0	0.0	0.0	0.0
-1.837	0.0	0.0	0.0	0.0	0.0	0.0	0.0	0.0	0.0
-1.812	0.0	0.0	0.0	0.0	0.0	0.0	0.0	0.0	0.0
-1.787	0.0	0.0	0.0	0.0	0.0	0.0	0.0	0.0	0.0
-1.762	0.0	0.0	0.0	0.0	0.0	0.0	0.0	0.0	0.0
-1.737	0.0	0.0	0.0	0.0	0.0	0.0	0.0	0.0	0.0
-1.712	0.0	0.0	0.0	0.0	0.0	0.0	0.0	0.0	0.0
-1.687	0.0	0.0	0.0	0.0	0.0	0.0	0.0	0.0	0.0
-1.663	0.0	0.0	0.0	0.0	0.0	0.0	0.0	0.0	0.0
-1.638	0.0	0.0	0.0	0.0	0.0	0.0	0.0	0.0	0.0
-1.613	0.0	0.0	0.0	0.0	0.0	0.0	0.0	0.0	0.0
-1.588	0.0	0.0	0.0	0.0	0.0	0.0	0.0	0.0	0.0
-1.563	0.0	0.0	0.0	0.0	0.0	0.0	0.0	0.0	0.0
-1.538	0.0	0.0	0.0	0.0	0.0	0.0	0.0	0.0	0.0
-1.513	0.0	0.0	0.0	0.0	0.0	0.0	0.0	0.0	0.0
-1.488	0.0	0.0	0.0	0.0	0.0	0.0	0.0	0.0	0.0
-1.463	0.0	0.0	0.0	0.0	0.0	0.0	0.0	0.0	0.0
-1.438	0.0	0.0	0.0	0.0	0.0	0.0	0.0	0.0	0.0
-1.414	0.0	0.0	0.0	0.0	0.0	0.0	0.0	0.0	0.0
-1.389	0.0	0.0	0.0	0.0	0.0	0.0	0.0	0.0	0.0
-1.364	0.0	0.0	0.0	0.0	0.0	0.0	0.0	0.0	0.0
-1.339	0.0	0.0	0.0	0.0	0.0	0.0	0.0	0.0	0.0
-1.314	0.0	0.0	0.0	0.0	0.0	0.0	0.0	0.0	0.0
-1.289	0.0	0.0	0.0	0.0	0.0	0.0	0.0	0.0	0.0
-1.264	0.0	0.0	0.0	0.0	0.0	0.0	0.0	0.0	0.0
-1.239	0.0	0.0	0.0	0.0	0.0	0.0	0.0	0.0	0.0
-1.214	0.0	0.0	0.0	0.0	0.0	0.0	0.0	0.0	0.0
-1.189	0.0	0.0	0.0	0.0	0.0	0.0	0.0	0.0	0.0
-1.165	0.0	0.0	0.0	0.0	0.0	0.0	0.0	0.0	0.0
-1.140	0.0	0.0	0.0	0.0	0.0	0.0	0.0	0.0	0.0
-1.115	0.0	0.0	0.0	0.0	0.0	0.0	0.0	0.0	0.0
-1.090	0.0	0.0	0.0	0.0	0.0	0.0	0.0	0.0	0.0
-1.065	0.0	0.0	0.0	0.0	0.0	0.0	0.0	0.0	0.0
-1.040	0.0	0.0	0.0	0.0	0.0	0.0	0.0	0.0	0.0
-1.015	0.0	0.0	0.0	0.0	0.0	0.0	0.0	0.0	0.0
-0.990	0.0	0.0	0.0	0.0	0.0	0.0	0.0	0.0	0.0
-0.965	0.0	0.0	0.0	0.0	0.0	0.0	0.0	0.0	0.0
-0.940	0.0	0.0	0.0	0.0	0.0	0.0	0.0	0.0	0.0
-0.916	0.0	0.0	0.0	0.0	0.0	0.0	0.0	0.0	0.0
-0.891	0.0	0.0	0.0	0.0	0.0	0.0	0.0	0.0	0.0
-0.866	0.0	0.0	0.0	0.0	0.0	0.0	0.0	0.0	0.0
-0.841	0.0	0.0	0.0	0.0	0.0	0.0	0.0	0.0	0.0
-0.816	0.0	0.0	0.0	0.0	0.0	0.0	0.0	0.0	0.0
-0.791	0.0	0.0	0.0	0.0	0.0	0.0	0.0	0.0	0.0
-0.766	0.0	0.0	0.0	0.0	0.0	0.0	0.0	0.0	0.0
-0.741	0.0	0.0	0.0	0.0	0.0	0.0	0.0	0.0	0.0
-0.716	0.0	0.0	0.0	0.0	0.0	0.0	0.0	0.0	0.0
-0.691	0.0	0.0	0.0	0.0	0.0	0.0	0.0	0.0	0.0
-0.667	0.0	0.0	0.0	0.0	0.0	0.0	0.0	0.0	0.0
-0.642	0.0	0.0	0.0	0.0	0.0	0.0	0.0	0.0	0.0
-0.617	0.0	0.0	0.0	0.0	0.0	0.0	0.0	0.0	0.0
-0.592	1.2705643e-16	6.246788700000001e-17	1.008912e-16	7.418705609999999e-17	0.0	0.0	0.0	0.0	0.0
-0.567	1.7786452000000003e-15	8.744768400000001e-16	1.412573e-15	1.038546412e-15	0.0	0.0	0.0	0.0	0.0
-0.542	2.7781788e-14	1.3659244999999999e-14	2.206297e-14	1.62211065e-14	0.0	0.0	0.0	0.0	0.0
-0.517	3.7681163999999994e-13	1.8527207e-13	2.9925e-13	2.20028887e-13	0.0	0.0	0.0	0.0	0.0
-0.492	4.5190796999999996e-12	2.2220283e-12	3.5890100000000003e-12	2.63849634e-12	0.0	0.0	0.0	0.0	0.0
-0.467	4.792453e-11	2.3563075e-11	3.80587e-11	2.7980901300000003e-11	0.0	0.0	0.0	0.0	0.0
-0.442	4.4940056999999997e-10	2.2094829e-10	3.5689699999999995e-10	2.62407003e-10	0.0	0.0	0.0	0.0	0.0
-0.418	3.7266740999999996e-09	1.8322671e-09	2.95906e-09	2.17590789e-09	0.0	0.0	0.0	0.0	0.0
-0.393	2.73257e-08	1.3435023000000002e-08	2.1699569999999998e-08	1.59552751e-08	0.0	0.0	0.0	0.0	0.0
-0.368	1.7720335999999998e-07	8.7129257e-08	1.4072550000000002e-07	1.034700436e-07	0.0	0.0	0.0	0.0	0.0
-0.343	1.0161827e-06	4.9962976e-07	8.06915e-07	5.933207700000001e-07	0.0	0.0	0.0	0.0	0.0
-0.318	5.1535700000000005e-06	2.5335914000000003e-06	4.092619999999999e-06	3.00906793e-06	0.0	0.0	0.0	0.0	0.0
-0.293	2.3115695000000003e-05	1.1364985e-05	1.835687e-05	1.3496871459999999e-05	0.0	0.0	0.0	0.0	0.0
-0.268	9.169706000000002e-05	4.5081688999999996e-05	7.281690000000002e-05	5.35332111e-05	0.0	0.0	0.0	0.0	0.0
-0.243	0.00032168397	0.00015815725	0.000255438	0.00018781908000000002	0.0	0.0	0.0	0.0	0.0
-0.218	0.0009980709	0.00049063436	0.0007925419999999998	0.0005827757110000001	0.0	0.0	0.0	0.0	0.0
-0.193	0.0027390215	0.0013467372	0.00217519	0.0015991392199999998	0.0	0.0	0.0	0.0	0.0
-0.169	0.006648472000000002	0.0032686126	0.00527947	0.0038818176699999996	0.0	0.0	0.0	0.0	0.0
-0.144	0.014273157	0.0070170419	0.011333689999999997	0.00833435638	0.0	0.0	0.0	0.0	0.0
-0.119	0.027100807999999997	0.013324934000000002	0.021519879999999998	0.0158231752	0.0	0.0	0.0	0.0	0.0
-0.094	0.045514354	0.022377548	0.03614440000000001	0.026574729	0.0	0.0	0.0	0.0	0.0
-0.069	0.06761959999999999	0.033245540999999997	0.053697499999999995	0.039479920099999996	0.0	0.0	0.0	0.0	0.0
-0.044	0.0888769	0.043693425999999994	0.0705726	0.051897022099999995	0.0	0.0	0.0	0.0	0.0
-0.019	0.10340651999999999	0.05082215699999999	0.08207969999999999	0.060358687300000005	0.0	0.0	0.0	0.0	0.0
0.006	0.10665659	0.052408618000000004	0.0846221	0.062232256	0.0	0.0	0.0	0.0	0.0
0.031	0.09811576	0.048138658	0.07764340000000002	0.05714270600000001	0.0	0.0	0.0	0.0	0.0
0.056	0.08186507999999999	0.03997985100000001	0.0643196	0.047415395	0.0	0.0	0.0	0.0	0.0
0.080	0.06515995	0.031410811000000004	0.050126	0.037162555	0.0	0.0	0.0	0.0	0.0
0.105	0.05531847999999999	0.025906370999999997	0.040586300000000006	0.030494046	0.0	0.0	0.0	0.0	0.0
0.130	0.05698922000000001	0.025656776	0.0391326	0.030004270000000003	0.0	0.0	0.0	0.0	0.0
0.155	0.0704637	0.0308245	0.046033899999999996	0.035905179999999995	0.0	0.0	0.0	0.0	0.0
0.180	0.09140401999999999	0.039477809999999995	0.058368300000000005	0.045950200000000004	0.0	0.0	0.0	0.0	0.0
0.205	0.112119	0.04821821	0.07104959999999999	0.05617327999999999	0.0	0.0	0.0	0.0	0.0
0.230	0.12441011000000002	0.05344041	0.0787507	0.06234767	0.0	0.0	0.0	0.0	0.0
0.255	0.12309722	0.05284499000000001	0.0782827	0.061720189999999994	0.0	0.0	0.0	0.0	0.0
0.280	0.10824452	0.04645251	0.07029099999999999	0.054232999999999996	0.0	0.0	0.0	0.0	0.0
0.304	0.08511807	0.03647796	0.0594954	0.042312749999999996	0.0	0.0	0.0	0.0	0.0
0.329	0.06139529	0.026207119999999997	0.05353920000000001	0.029573830000000002	0.0	0.0	0.0	0.0	0.0
0.354	0.04415257	0.018715799999999998	0.061224600000000004	0.01920935	0.0	0.0	0.0	0.0	0.0
0.379	0.037937549999999993	0.016138410000000002	0.09038545	0.013195775999999998	0.0	0.0	0.0	0.0	0.0
0.404	0.044549790000000006	0.01970539	0.14520819999999998	0.012448426	0.0	0.0	0.0	0.0	0.0
0.429	0.06360892000000001	0.030081979999999998	0.22283955	0.01748226	0.0	0.0	0.0	0.0	0.0
0.454	0.09311950000000001	0.0474593	0.31128649	0.028832200000000002	0.0	0.0	0.0	0.0	0.0
0.479	0.12984269999999998	0.07113979999999999	0.39160380000000006	0.04675242	0.0	0.0	0.0	0.0	0.0
0.504	0.16940399999999997	0.09890310000000001	0.4442676	0.07027823	0.0	0.0	0.0	0.0	0.0
0.529	0.20652330000000002	0.1265818	0.45762769999999997	0.09640779	0.0	0.0	0.0	0.0	0.0
0.553	0.2353655	0.14864129999999998	0.4320966	0.1201477	0.0	0.0	0.0	0.0	0.0
0.578	0.2506417	0.1600201	0.37795650000000003	0.1361063	0.0	0.0	0.0	0.0	0.0
0.603	0.24967129999999998	0.15851330000000002	0.30931830000000005	0.140948	0.0	0.0	0.0	0.0	0.0
0.628	0.2341643	0.146023	0.2388558	0.1350735	0.0	0.0	0.0	0.0	0.0
0.653	0.210682	0.12789720000000002	0.1756072	0.12241479999999999	0.0	0.0	0.0	0.0	0.0
0.678	0.1882834	0.11054419999999998	0.12546590000000002	0.10830740000000001	0.0	0.0	0.0	0.0	0.0
0.703	0.1751636	0.09878229999999999	0.09154789999999999	0.09704589999999999	0.0	0.0	0.0	0.0	0.0
0.728	0.1756696	0.0946726	0.07439029999999999	0.09076189999999999	0.0	0.0	0.0	0.0	0.0
0.753	0.1890126	0.09763619999999999	0.0720366	0.08940200000000001	0.0	0.0	0.0	0.0	0.0
0.778	0.20994399999999996	0.10537040000000002	0.08063319999999999	0.09150710000000001	0.0	0.0	0.0	0.0	0.0
0.802	0.2307509	0.11483109999999999	0.0955363	0.0951009	0.0	0.0	0.0	0.0	0.0
0.827	0.24423	0.12303080000000002	0.1124133	0.0981693	0.0	0.0	0.0	0.0	0.0
0.852	0.24595269999999997	0.12764	0.1279602	0.09914219999999999	0.0	0.0	0.0	0.0	0.0
0.877	0.2354037	0.12725029999999998	0.14038599999999998	0.09718389999999999	0.0	0.0	0.0	0.0	0.0
0.902	0.215184	0.12143970000000001	0.149317	0.09222670000000002	0.0	0.0	0.0	0.0	0.0
0.927	0.1893777	0.1106959	0.15551090000000004	0.08487280000000001	0.0	0.0	0.0	0.0	0.0
0.952	0.16216250000000001	0.09646890000000001	0.15990449999999998	0.0760642	0.0	0.0	0.0	0.0	0.0
0.977	0.1365446	0.0807183	0.16219719999999999	0.0667972	0.0	0.0	0.0	0.0	0.0
1.002	0.11364199999999999	0.06522789999999999	0.16013589999999997	0.057564	0.0	0.0	0.0	0.0	0.0
1.027	0.0930097	0.0510755	0.1505865	0.048344099999999994	0.0	0.0	0.0	0.0	0.0
1.051	0.0736073	0.03855020000000001	0.1318918	0.038917169999999994	0.0	0.0	0.0	0.0	0.0
1.076	0.055094500000000005	0.0276894	0.105607	0.0294189	0.0	0.0	0.0	0.0	0.0
1.101	0.038156220000000005	0.018588410000000003	0.07633142	0.020491640000000002	0.0	0.0	0.0	0.0	0.0
1.126	0.02406327	0.01147158	0.04939120999999999	0.012959599999999998	0.0	0.0	0.0	0.0	0.0
1.151	0.013658560000000002	0.00642117	0.02847073	0.0073674790000000006	0.0	0.0	0.0	0.0	0.0
1.176	0.006928996	0.0032287919999999994	0.014573647999999998	0.003740699	0.0	0.0	0.0	0.0	0.0
1.201	0.003128361999999999	0.001449726	0.006614896	0.001689339	0.0	0.0	0.0	0.0	0.0
1.226	0.0012535470999999999	0.000578996	0.0026590757	0.0006770992999999999	0.0	0.0	0.0	0.0	0.0
1.251	0.00044524110000000006	0.00020525929999999997	0.0009461738000000001	0.00024050560000000003	0.0	0.0	0.0	0.0	0.0
1.276	0.0001400504	6.44795e-05	0.00029793097	7.564918e-05	0.0	0.0	0.0	0.0	0.0
1.300	3.898191e-05	1.7937500000000002e-05	8.299438999999999e-05	2.105843e-05	0.0	0.0	0.0	0.0	0.0
1.325	9.602604000000001e-06	4.416093e-06	2.0447536999999998e-05	5.186683e-06	0.0	0.0	0.0	0.0	0.0
1.350	2.092156e-06	9.618870000000001e-07	4.455719e-06	1.130201e-06	0.0	0.0	0.0	0.0	0.0
1.375	4.0322109999999995e-07	1.853568e-07	8.589014e-07	2.1780120000000002e-07	0.0	0.0	0.0	0.0	0.0
1.400	6.872868e-08	3.159059999999999e-08	1.4641544e-07	3.712292e-08	0.0	0.0	0.0	0.0	0.0
1.425	1.0361488e-08	4.761765e-09	2.2071328e-08	5.596579e-09	0.0	0.0	0.0	0.0	0.0
1.450	1.3811231000000002e-09	6.34712e-10	2.9425372e-09	7.460636999999999e-10	0.0	0.0	0.0	0.0	0.0
1.475	1.6281260000000003e-10	7.483129999999999e-11	3.4691137e-10	8.79485e-11	0.0	0.0	0.0	0.0	0.0
1.500	1.6972809999999997e-11	7.800970000000001e-12	3.6155777e-11	9.168470000000001e-12	0.0	0.0	0.0	0.0	0.0
1.525	1.5646130000000003e-12	7.19111e-13	3.3335945999999996e-12	8.451647999999999e-13	0.0	0.0	0.0	0.0	0.0
1.549	1.2753152000000002e-13	5.860709e-14	2.7168873e-13	6.889029000000001e-14	0.0	0.0	0.0	0.0	0.0
1.574	9.187856999999999e-15	4.2223249999999994e-15	1.9574007999999997e-14	4.96329e-15	0.0	0.0	0.0	0.0	0.0
1.599	5.972129000000001e-16	2.7446220000000002e-16	1.2723438e-15	3.2256730000000003e-16	0.0	0.0	0.0	0.0	0.0
1.624	4.594246e-17	2.1111529999999998e-17	9.787688999999999e-17	2.481458e-17	0.0	0.0	0.0	0.0	0.0
1.649	0.0	0.0	0.0	0.0	0.0	0.0	0.0	0.0	0.0
1.674	0.0	0.0	0.0	0.0	0.0	0.0	0.0	0.0	0.0
1.699	0.0	0.0	0.0	0.0	0.0	0.0	0.0	0.0	0.0
1.724	0.0	0.0	0.0	0.0	0.0	0.0	0.0	0.0	0.0
1.749	0.0	0.0	0.0	0.0	0.0	0.0	0.0	0.0	0.0
1.774	0.0	0.0	0.0	0.0	0.0	0.0	0.0	0.0	0.0
1.798	0.0	0.0	0.0	0.0	0.0	0.0	0.0	0.0	0.0
1.823	0.0	0.0	0.0	0.0	0.0	0.0	0.0	0.0	0.0
1.848	0.0	0.0	0.0	0.0	0.0	0.0	0.0	0.0	0.0
1.873	0.0	0.0	0.0	0.0	0.0	0.0	0.0	0.0	0.0
1.898	0.0	0.0	0.0	0.0	0.0	0.0	0.0	0.0	0.0
1.923	0.0	0.0	0.0	0.0	0.0	0.0	0.0	0.0	0.0
1.948	0.0	0.0	0.0	0.0	0.0	0.0	0.0	0.0	0.0
1.973	0.0	0.0	0.0	0.0	0.0	0.0	0.0	0.0	0.0
1.998	0.0	0.0	0.0	0.0	0.0	0.0	0.0	0.0	0.0
2.023	0.0	0.0	0.0	0.0	0.0	0.0	0.0	0.0	0.0
2.047	0.0	0.0	0.0	0.0	0.0	0.0	0.0	0.0	0.0
2.072	0.0	0.0	0.0	0.0	0.0	0.0	0.0	0.0	0.0
2.097	0.0	0.0	0.0	0.0	0.0	0.0	0.0	0.0	0.0
2.122	0.0	0.0	0.0	0.0	0.0	0.0	0.0	0.0	0.0
2.147	0.0	0.0	0.0	0.0	0.0	0.0	0.0	0.0	0.0
