-29.307	0.0	0.0	0.0	0.0	0.0	0.0	0.0	0.0	0.0
-29.275	0.0	0.0	0.0	0.0	0.0	0.0	0.0	0.0	0.0
-29.243	0.0	0.0	0.0	0.0	0.0	0.0	0.0	0.0	0.0
-29.211	0.0	0.0	0.0	0.0	0.0	0.0	0.0	0.0	0.0
-29.179	0.0	0.0	0.0	0.0	0.0	0.0	0.0	0.0	0.0
-29.147	0.0	0.0	0.0	0.0	0.0	0.0	0.0	0.0	0.0
-29.115	0.0	0.0	0.0	0.0	0.0	0.0	0.0	0.0	0.0
-29.083	0.0	0.0	0.0	0.0	0.0	0.0	0.0	0.0	0.0
-29.051	0.0	0.0	0.0	0.0	0.0	0.0	0.0	0.0	0.0
-29.019	0.0	0.0	0.0	0.0	0.0	0.0	0.0	0.0	0.0
-28.987	0.0	0.0	0.0	0.0	0.0	0.0	0.0	0.0	0.0
-28.955	0.0	0.0	0.0	0.0	0.0	0.0	0.0	0.0	0.0
-28.923	0.0	0.0	0.0	0.0	0.0	0.0	0.0	0.0	0.0
-28.891	0.0	0.0	0.0	0.0	0.0	0.0	0.0	0.0	0.0
-28.860	0.0	0.0	0.0	0.0	0.0	0.0	0.0	0.0	0.0
-28.828	0.0	0.0	0.0	0.0	0.0	0.0	0.0	0.0	0.0
-28.796	0.0	0.0	0.0	0.0	0.0	0.0	0.0	0.0	0.0
-28.764	0.0	0.0	0.0	0.0	0.0	0.0	0.0	0.0	0.0
-28.732	0.0	0.0	0.0	0.0	0.0	0.0	0.0	0.0	0.0
-28.700	0.0	0.0	0.0	0.0	0.0	0.0	0.0	0.0	0.0
-28.668	0.0	0.0	0.0	0.0	0.0	0.0	0.0	0.0	0.0
-28.636	0.0	0.0	0.0	0.0	0.0	0.0	0.0	0.0	0.0
-28.604	0.0	0.0	0.0	0.0	0.0	0.0	0.0	0.0	0.0
-28.572	0.0	0.0	0.0	0.0	0.0	0.0	0.0	0.0	0.0
-28.540	0.0	0.0	0.0	0.0	0.0	0.0	0.0	0.0	0.0
-28.508	0.0	0.0	0.0	0.0	0.0	0.0	0.0	0.0	0.0
-28.476	0.0	0.0	0.0	0.0	0.0	0.0	0.0	0.0	0.0
-28.444	2.858886993e-15	1.3740130056e-16	4.623018074699999e-18	1.5728483042200001e-16	0.0	0.0	0.0	0.0	0.0
-28.412	9.150301323e-14	4.396371352900001e-15	1.4793913473499998e-16	5.0328905156899996e-15	0.0	0.0	0.0	0.0	0.0
-28.380	3.0648736580000003e-12	1.4728375886e-13	4.956458813700001e-15	1.6861301413099998e-13	0.0	0.0	0.0	0.0	0.0
-28.348	8.322920251e-11	3.999962066e-12	1.3456565882200002e-13	4.57872125829e-12	0.0	0.0	0.0	0.0	0.0
-28.316	1.8468180474e-09	8.872247103000001e-11	2.9857262526e-12	1.0157239548250001e-10	0.0	0.0	0.0	0.0	0.0
-28.284	3.347304113e-08	1.6089981913000003e-09	5.4126263695e-11	1.84184414081e-09	0.0	0.0	0.0	0.0	0.0
-28.253	4.960669437e-07	2.3832887207999997e-08	8.020352837600001e-10	2.7290215264e-08	0.0	0.0	0.0	0.0	0.0
-28.221	6.008882836999998e-06	2.8872367316e-07	9.7148876087e-09	3.30564932197e-07	0.0	0.0	0.0	0.0	0.0
-28.189	5.95001805e-05	2.8589951943999997e-06	9.6210314679e-08	3.27283619266e-06	0.0	0.0	0.0	0.0	0.0
-28.157	0.0004817381859000001	2.3146236479000002e-05	7.7880408351e-07	2.6502168166300002e-05	0.0	0.0	0.0	0.0	0.0
-28.125	0.0031890796159999998	0.00015318468644	5.1558563537e-06	0.000175388352497	0.0	0.0	0.0	0.0	0.0
-28.093	0.017263588699	0.0008295425006499999	2.7910423649000004e-05	0.0009496377021859999	0.0	0.0	0.0	0.0	0.0
-28.061	0.07643562761999999	0.0036730532702	0.00012356674344699998	0.00420418993267	0.0	0.0	0.0	0.0	0.0
-28.029	0.27673160560000004	0.013299726860000001	0.00044758398132999994	0.0152255047273	0.0	0.0	0.0	0.0	0.0
-27.997	0.8198613344	0.039398591683	0.00132550718262	0.04509657475629999	0.0	0.0	0.0	0.0	0.0
-27.965	1.9862702835000001	0.09545743667999998	0.003212082148700001	0.109276881157	0.0	0.0	0.0	0.0	0.0
-27.933	3.937394549	0.18923742244000002	0.0063665211146999995	0.216652009595	0.0	0.0	0.0	0.0	0.0
-27.901	6.3857280240000005	0.30690888860999993	0.010325501646900001	0.351351597598	0.0	0.0	0.0	0.0	0.0
-27.869	8.473565299999999	0.40710368162000005	0.013700457277199998	0.4661033727090001	0.0	0.0	0.0	0.0	0.0
-27.837	9.198163855000002	0.44200047165000006	0.014872648791300002	0.505970382795	0.0	0.0	0.0	0.0	0.0
-27.805	8.169841966	0.39248699617	0.013209158265899997	0.4494047191470001	0.0	0.0	0.0	0.0	0.0
-27.773	5.936284038	0.28528626647000005	0.0095986784029	0.326620136959	0.0	0.0	0.0	0.0	0.0
-27.741	3.529355039	0.16957374541999998	0.0057068103459	0.19413203397800002	0.0	0.0	0.0	0.0	0.0
-27.709	1.7163663674	0.08249251312300002	0.0027753951024	0.0944266222135	0.0	0.0	0.0	0.0	0.0
-27.677	0.6831218033	0.032824175361999997	0.0011044778738500001	0.0375785424235	0.0	0.0	0.0	0.0	0.0
-27.646	0.22234530522	0.010684213926999999	0.00035945902438999996	0.0122309421283	0.0	0.0	0.0	0.0	0.0
-27.614	0.059198240299999996	0.0028440827638000006	9.570993576500001e-05	0.0032567032114999995	0.0	0.0	0.0	0.0	0.0
-27.582	0.012893386445999999	0.0006193484819599999	2.0839737396e-05	0.0007091270093590001	0.0	0.0	0.0	0.0	0.0
-27.550	0.0022952504946	0.00011031268032999999	3.7117887993e-06	0.00012627418682199999	0.0	0.0	0.0	0.0	0.0
-27.518	0.0003343360055	1.6062607312e-05	5.405161907900001e-07	1.8389696197900002e-05	0.0	0.0	0.0	0.0	0.0
-27.486	3.981211059e-05	1.9131980114e-06	6.4367433001e-08	2.1900656101799996e-06	0.0	0.0	0.0	0.0	0.0
-27.454	3.875796047e-06	1.8625180503e-07	6.2662628417e-09	2.1319330846200004e-07	0.0	0.0	0.0	0.0	0.0
-27.422	3.084764737999999e-07	1.4820720656e-08	4.986433419600001e-10	1.69696123041e-08	0.0	0.0	0.0	0.0	0.0
-27.390	2.0063634359000005e-08	9.641336837999998e-10	3.243876196900001e-11	1.10382001968e-09	0.0	0.0	0.0	0.0	0.0
-27.358	1.0668951796000002e-09	5.126751965200001e-11	1.72533915662e-12	5.86918682077e-11	0.0	0.0	0.0	0.0	0.0
-27.326	4.6354409579999994e-11	2.2279044971e-12	7.495053448600002e-14	2.54965192467e-12	0.0	0.0	0.0	0.0	0.0
-27.294	1.6471936831e-12	7.914125398500001e-14	2.6624454959999997e-15	9.060613117639999e-14	0.0	0.0	0.0	0.0	0.0
-27.262	4.575045237e-14	2.1983016865e-15	7.397003896700001e-17	2.51650535934e-15	0.0	0.0	0.0	0.0	0.0
-27.230	0.0	0.0	0.0	0.0	0.0	0.0	0.0	0.0	0.0
-27.198	0.0	0.0	0.0	0.0	0.0	0.0	0.0	0.0	0.0
-27.166	0.0	0.0	0.0	0.0	0.0	0.0	0.0	0.0	0.0
-27.134	0.0	0.0	0.0	0.0	0.0	0.0	0.0	0.0	0.0
-27.102	0.0	0.0	0.0	0.0	0.0	0.0	0.0	0.0	0.0
-27.070	0.0	0.0	0.0	0.0	0.0	0.0	0.0	0.0	0.0
-27.039	0.0	0.0	0.0	0.0	0.0	0.0	0.0	0.0	0.0
-27.007	0.0	0.0	0.0	0.0	0.0	0.0	0.0	0.0	0.0
-26.975	0.0	0.0	0.0	0.0	0.0	0.0	0.0	0.0	0.0
-26.943	0.0	0.0	0.0	0.0	0.0	0.0	0.0	0.0	0.0
-26.911	0.0	0.0	0.0	0.0	0.0	0.0	0.0	0.0	0.0
-26.879	0.0	0.0	0.0	0.0	0.0	0.0	0.0	0.0	0.0
-26.847	0.0	0.0	0.0	0.0	0.0	0.0	0.0	0.0	0.0
-26.815	0.0	0.0	0.0	0.0	0.0	0.0	0.0	0.0	0.0
-26.783	0.0	0.0	0.0	0.0	0.0	0.0	0.0	0.0	0.0
-26.751	0.0	0.0	0.0	0.0	0.0	0.0	0.0	0.0	0.0
-26.719	0.0	0.0	0.0	0.0	0.0	0.0	0.0	0.0	0.0
-26.687	0.0	0.0	0.0	0.0	0.0	0.0	0.0	0.0	0.0
-26.655	0.0	0.0	0.0	0.0	0.0	0.0	0.0	0.0	0.0
-26.623	0.0	0.0	0.0	0.0	0.0	0.0	0.0	0.0	0.0
-26.591	0.0	0.0	0.0	0.0	0.0	0.0	0.0	0.0	0.0
-26.559	0.0	0.0	0.0	0.0	0.0	0.0	0.0	0.0	0.0
-26.527	0.0	0.0	0.0	0.0	0.0	0.0	0.0	0.0	0.0
-26.495	0.0	0.0	0.0	0.0	0.0	0.0	0.0	0.0	0.0
-26.463	0.0	0.0	0.0	0.0	0.0	0.0	0.0	0.0	0.0
-26.432	0.0	0.0	0.0	0.0	0.0	0.0	0.0	0.0	0.0
-26.400	0.0	0.0	0.0	0.0	0.0	0.0	0.0	0.0	0.0
-26.368	0.0	0.0	0.0	0.0	0.0	0.0	0.0	0.0	0.0
-26.336	0.0	0.0	0.0	0.0	0.0	0.0	0.0	0.0	0.0
-26.304	0.0	0.0	0.0	0.0	0.0	0.0	0.0	0.0	0.0
-26.272	0.0	0.0	0.0	0.0	0.0	0.0	0.0	0.0	0.0
-26.240	0.0	0.0	0.0	0.0	0.0	0.0	0.0	0.0	0.0
-26.208	0.0	0.0	0.0	0.0	0.0	0.0	0.0	0.0	0.0
-26.176	0.0	0.0	0.0	0.0	0.0	0.0	0.0	0.0	0.0
-26.144	0.0	0.0	0.0	0.0	0.0	0.0	0.0	0.0	0.0
-26.112	0.0	0.0	0.0	0.0	0.0	0.0	0.0	0.0	0.0
-26.080	0.0	0.0	0.0	0.0	0.0	0.0	0.0	0.0	0.0
-26.048	0.0	0.0	0.0	0.0	0.0	0.0	0.0	0.0	0.0
-26.016	0.0	0.0	0.0	0.0	0.0	0.0	0.0	0.0	0.0
-25.984	0.0	0.0	0.0	0.0	0.0	0.0	0.0	0.0	0.0
-25.952	0.0	0.0	0.0	0.0	0.0	0.0	0.0	0.0	0.0
-25.920	0.0	0.0	0.0	0.0	0.0	0.0	0.0	0.0	0.0
-25.888	0.0	0.0	0.0	0.0	0.0	0.0	0.0	0.0	0.0
-25.856	0.0	0.0	0.0	0.0	0.0	0.0	0.0	0.0	0.0
-25.824	0.0	0.0	0.0	0.0	0.0	0.0	0.0	0.0	0.0
-25.793	0.0	0.0	0.0	0.0	0.0	0.0	0.0	0.0	0.0
-25.761	0.0	0.0	0.0	0.0	0.0	0.0	0.0	0.0	0.0
-25.729	0.0	0.0	0.0	0.0	0.0	0.0	0.0	0.0	0.0
-25.697	0.0	0.0	0.0	0.0	0.0	0.0	0.0	0.0	0.0
-25.665	0.0	0.0	0.0	0.0	0.0	0.0	0.0	0.0	0.0
-25.633	0.0	0.0	0.0	0.0	0.0	0.0	0.0	0.0	0.0
-25.601	0.0	0.0	0.0	0.0	0.0	0.0	0.0	0.0	0.0
-25.569	0.0	0.0	0.0	0.0	0.0	0.0	0.0	0.0	0.0
-25.537	0.0	0.0	0.0	0.0	0.0	0.0	0.0	0.0	0.0
-25.505	0.0	0.0	0.0	0.0	0.0	0.0	0.0	0.0	0.0
-25.473	0.0	0.0	0.0	0.0	0.0	0.0	0.0	0.0	0.0
-25.441	0.0	0.0	0.0	0.0	0.0	0.0	0.0	0.0	0.0
-25.409	0.0	0.0	0.0	0.0	0.0	0.0	0.0	0.0	0.0
-25.377	0.0	0.0	0.0	0.0	0.0	0.0	0.0	0.0	0.0
-25.345	0.0	0.0	0.0	0.0	0.0	0.0	0.0	0.0	0.0
-25.313	0.0	0.0	0.0	0.0	0.0	0.0	0.0	0.0	0.0
-25.281	0.0	0.0	0.0	0.0	0.0	0.0	0.0	0.0	0.0
-25.249	0.0	0.0	0.0	0.0	0.0	0.0	0.0	0.0	0.0
-25.217	0.0	0.0	0.0	0.0	0.0	0.0	0.0	0.0	0.0
-25.186	0.0	0.0	0.0	0.0	0.0	0.0	0.0	0.0	0.0
-25.154	0.0	0.0	0.0	0.0	0.0	0.0	0.0	0.0	0.0
-25.122	0.0	0.0	0.0	0.0	0.0	0.0	0.0	0.0	0.0
-25.090	0.0	0.0	0.0	0.0	0.0	0.0	0.0	0.0	0.0
-25.058	0.0	0.0	0.0	0.0	0.0	0.0	0.0	0.0	0.0
-25.026	0.0	0.0	0.0	0.0	0.0	0.0	0.0	0.0	0.0
-24.994	0.0	0.0	0.0	0.0	0.0	0.0	0.0	0.0	0.0
-24.962	0.0	0.0	0.0	0.0	0.0	0.0	0.0	0.0	0.0
-24.930	0.0	0.0	0.0	0.0	0.0	0.0	0.0	0.0	0.0
-24.898	0.0	0.0	0.0	0.0	0.0	0.0	0.0	0.0	0.0
-24.866	0.0	0.0	0.0	0.0	0.0	0.0	0.0	0.0	0.0
-24.834	0.0	0.0	0.0	0.0	0.0	0.0	0.0	0.0	0.0
-24.802	0.0	0.0	0.0	0.0	0.0	0.0	0.0	0.0	0.0
-24.770	0.0	0.0	0.0	0.0	0.0	0.0	0.0	0.0	0.0
-24.738	0.0	0.0	0.0	0.0	0.0	0.0	0.0	0.0	0.0
-24.706	0.0	0.0	0.0	0.0	0.0	0.0	0.0	0.0	0.0
-24.674	0.0	0.0	0.0	0.0	0.0	0.0	0.0	0.0	0.0
-24.642	0.0	0.0	0.0	0.0	0.0	0.0	0.0	0.0	0.0
-24.610	0.0	0.0	0.0	0.0	0.0	0.0	0.0	0.0	0.0
-24.579	0.0	0.0	0.0	0.0	0.0	0.0	0.0	0.0	0.0
-24.547	0.0	0.0	0.0	0.0	0.0	0.0	0.0	0.0	0.0
-24.515	0.0	0.0	0.0	0.0	0.0	0.0	0.0	0.0	0.0
-24.483	0.0	0.0	0.0	0.0	0.0	0.0	0.0	0.0	0.0
-24.451	0.0	0.0	0.0	0.0	0.0	0.0	0.0	0.0	0.0
-24.419	0.0	0.0	0.0	0.0	0.0	0.0	0.0	0.0	0.0
-24.387	0.0	0.0	0.0	0.0	0.0	0.0	0.0	0.0	0.0
-24.355	0.0	0.0	0.0	0.0	0.0	0.0	0.0	0.0	0.0
-24.323	0.0	0.0	0.0	0.0	0.0	0.0	0.0	0.0	0.0
-24.291	0.0	0.0	0.0	0.0	0.0	0.0	0.0	0.0	0.0
-24.259	0.0	0.0	0.0	0.0	0.0	0.0	0.0	0.0	0.0
-24.227	0.0	0.0	0.0	0.0	0.0	0.0	0.0	0.0	0.0
-24.195	0.0	0.0	0.0	0.0	0.0	0.0	0.0	0.0	0.0
-24.163	0.0	0.0	0.0	0.0	0.0	0.0	0.0	0.0	0.0
-24.131	0.0	0.0	0.0	0.0	0.0	0.0	0.0	0.0	0.0
-24.099	0.0	0.0	0.0	0.0	0.0	0.0	0.0	0.0	0.0
-24.067	0.0	0.0	0.0	0.0	0.0	0.0	0.0	0.0	0.0
-24.035	0.0	0.0	0.0	0.0	0.0	0.0	0.0	0.0	0.0
-24.003	0.0	0.0	0.0	0.0	0.0	0.0	0.0	0.0	0.0
-23.972	0.0	0.0	0.0	0.0	0.0	0.0	0.0	0.0	0.0
-23.940	0.0	0.0	0.0	0.0	0.0	0.0	0.0	0.0	0.0
-23.908	0.0	0.0	0.0	0.0	0.0	0.0	0.0	0.0	0.0
-23.876	0.0	0.0	0.0	0.0	0.0	0.0	0.0	0.0	0.0
-23.844	0.0	0.0	0.0	0.0	0.0	0.0	0.0	0.0	0.0
-23.812	0.0	0.0	0.0	0.0	0.0	0.0	0.0	0.0	0.0
-23.780	0.0	0.0	0.0	0.0	0.0	0.0	0.0	0.0	0.0
-23.748	0.0	0.0	0.0	0.0	0.0	0.0	0.0	0.0	0.0
-23.716	0.0	0.0	0.0	0.0	0.0	0.0	0.0	0.0	0.0
-23.684	0.0	0.0	0.0	0.0	0.0	0.0	0.0	0.0	0.0
-23.652	0.0	0.0	0.0	0.0	0.0	0.0	0.0	0.0	0.0
-23.620	0.0	0.0	0.0	0.0	0.0	0.0	0.0	0.0	0.0
-23.588	0.0	0.0	0.0	0.0	0.0	0.0	0.0	0.0	0.0
-23.556	0.0	0.0	0.0	0.0	0.0	0.0	0.0	0.0	0.0
-23.524	0.0	0.0	0.0	0.0	0.0	0.0	0.0	0.0	0.0
-23.492	0.0	0.0	0.0	0.0	0.0	0.0	0.0	0.0	0.0
-23.460	0.0	0.0	0.0	0.0	0.0	0.0	0.0	0.0	0.0
-23.428	0.0	0.0	0.0	0.0	0.0	0.0	0.0	0.0	0.0
-23.396	0.0	0.0	0.0	0.0	0.0	0.0	0.0	0.0	0.0
-23.365	0.0	0.0	0.0	0.0	0.0	0.0	0.0	0.0	0.0
-23.333	0.0	0.0	0.0	0.0	0.0	0.0	0.0	0.0	0.0
-23.301	0.0	0.0	0.0	0.0	0.0	0.0	0.0	0.0	0.0
-23.269	0.0	0.0	0.0	0.0	0.0	0.0	0.0	0.0	0.0
-23.237	0.0	0.0	0.0	0.0	0.0	0.0	0.0	0.0	0.0
-23.205	0.0	0.0	0.0	0.0	0.0	0.0	0.0	0.0	0.0
-23.173	0.0	0.0	0.0	0.0	0.0	0.0	0.0	0.0	0.0
-23.141	0.0	0.0	0.0	0.0	0.0	0.0	0.0	0.0	0.0
-23.109	0.0	0.0	0.0	0.0	0.0	0.0	0.0	0.0	0.0
-23.077	0.0	0.0	0.0	0.0	0.0	0.0	0.0	0.0	0.0
-23.045	0.0	0.0	0.0	0.0	0.0	0.0	0.0	0.0	0.0
-23.013	0.0	0.0	0.0	0.0	0.0	0.0	0.0	0.0	0.0
-22.981	0.0	0.0	0.0	0.0	0.0	0.0	0.0	0.0	0.0
-22.949	0.0	0.0	0.0	0.0	0.0	0.0	0.0	0.0	0.0
-22.917	0.0	0.0	0.0	0.0	0.0	0.0	0.0	0.0	0.0
-22.885	0.0	0.0	0.0	0.0	0.0	0.0	0.0	0.0	0.0
-22.853	0.0	0.0	0.0	0.0	0.0	0.0	0.0	0.0	0.0
-22.821	0.0	0.0	0.0	0.0	0.0	0.0	0.0	0.0	0.0
-22.789	4.353885000000001e-15	1.6753947500000003e-16	1.1450022006075e-17	3.0427096e-16	0.0	0.0	0.0	0.0	0.0
-22.757	1.5892422e-13	6.116041100000001e-15	4.1796460022169994e-16	1.1108084999999999e-14	0.0	0.0	0.0	0.0	0.0
-22.726	5.065881e-12	1.9493167199999999e-13	1.3323866007067998e-14	3.5412668e-13	0.0	0.0	0.0	0.0	0.0
-22.694	1.3130923999999998e-10	5.0528886e-12	3.453590001832e-13	9.178791000000001e-12	0.0	0.0	0.0	0.0	0.0
-22.662	2.781382e-09	1.0703492599999999e-10	7.315238003881e-12	1.9440799400000002e-10	0.0	0.0	0.0	0.0	0.0
-22.630	4.814792e-08	1.85269788e-09	1.2663121006718e-10	3.3654999999999996e-09	0.0	0.0	0.0	0.0	0.0
-22.598	6.812039999999999e-07	2.6212962000000002e-08	1.7915821009505e-09	4.761031200000001e-08	0.0	0.0	0.0	0.0	0.0
-22.566	7.878998e-06	3.0317784e-07	2.072278201099e-08	5.506395400000001e-07	0.0	0.0	0.0	0.0	0.0
-22.534	7.449676e-05	2.8667409e-06	1.959195201039e-07	5.2064721e-06	0.0	0.0	0.0	0.0	0.0
-22.502	0.0005759515	2.2159908100000005e-05	1.5146378008035e-06	4.0249444e-05	0.0	0.0	0.0	0.0	0.0
-22.470	0.003640385	0.000140094935	9.576336005079e-06	0.00025449669999999997	0.0	0.0	0.0	0.0	0.0
-22.438	0.018819679	0.00072415535	4.949767002626e-05	0.0013154812199999998	0.0	0.0	0.0	0.0	0.0
-22.406	0.07957153	0.0030618636000000004	0.000209260700111	0.0055616009	0.0	0.0	0.0	0.0	0.0
-22.374	0.2751572	0.010588509900000001	0.0007237215003839001	0.019232068100000003	0.0	0.0	0.0	0.0	0.0
-22.342	0.778199	0.029950542000000004	0.0020470122010860002	0.054402914999999996	0.0	0.0	0.0	0.0	0.0
-22.310	1.801095	0.06930147499999999	0.004737071002513	0.12589319	0.0	0.0	0.0	0.0	0.0
-22.278	3.4094569999999993	0.131209172	0.008967360004757001	0.23833571999999997	0.0	0.0	0.0	0.0	0.0
-22.246	5.280868	0.20321031000000003	0.013888097007367999	0.36912564999999997	0.0	0.0	0.0	0.0	0.0
-22.214	6.690918	0.25750236	0.017599440009336	0.46765863999999996	0.0	0.0	0.0	0.0	0.0
-22.182	6.936808000000002	0.2669609	0.018244398009679003	0.48490891	0.0	0.0	0.0	0.0	0.0
-22.150	5.884295000000001	0.22643342700000002	0.01547635500821	0.41131433	0.0	0.0	0.0	0.0	0.0
-22.119	4.083751999999999	0.15713987100000001	0.010740212005698002	0.28545282000000005	0.0	0.0	0.0	0.0	0.0
-22.087	2.3184889000000006	0.08922007499999998	0.006097113003235	0.162069342	0.0	0.0	0.0	0.0	0.0
-22.055	1.0769019	0.041442679	0.0028325140015030004	0.075274795	0.0	0.0	0.0	0.0	0.0
-22.023	0.4092316	0.0157487964	0.0010763043005709999	0.028600735	0.0	0.0	0.0	0.0	0.0
-21.991	0.12720845	0.0048946022000000014	0.0003345604001775	0.008890359199999998	0.0	0.0	0.0	0.0	0.0
-21.959	0.03233976	0.00124444267	8.507185004512e-05	0.0022605436999999996	0.0	0.0	0.0	0.0	0.0
-21.927	0.006725406999999999	0.00025878785000000003	1.7688522009383e-05	0.00047002595	0.0	0.0	0.0	0.0	0.0
-21.895	0.0011437077000000001	4.4009222e-05	3.008107001596e-06	7.993030300000001e-05	0.0	0.0	0.0	0.0	0.0
-21.863	0.00015904887	6.1204757e-06	4.1829620022190004e-07	1.1117674399999999e-05	0.0	0.0	0.0	0.0	0.0
-21.831	1.808422e-05	6.9588655e-07	4.756238002523e-08	1.26402193e-06	0.0	0.0	0.0	0.0	0.0
-21.799	1.6810727e-06	6.468688100000001e-08	4.421145002346e-09	1.1750287599999999e-07	0.0	0.0	0.0	0.0	0.0
-21.767	1.277446e-07	4.9153680999999996e-09	3.359684001782e-10	8.9276779e-09	0.0	0.0	0.0	0.0	0.0
-21.735	7.933975e-09	3.0533464e-10	2.0869492011070002e-11	5.5458412e-10	0.0	0.0	0.0	0.0	0.0
-21.703	4.027973e-10	1.55006003e-11	1.059313200562e-12	2.8152125e-11	0.0	0.0	0.0	0.0	0.0
-21.671	1.6709175e-11	6.430638600000001e-13	4.395017002331999e-14	1.16790045e-12	0.0	0.0	0.0	0.0	0.0
-21.639	5.659922e-13	2.1780540499999997e-14	1.4887663007897003e-15	3.9563703e-14	0.0	0.0	0.0	0.0	0.0
-21.607	1.7414970000000003e-14	6.701420099999999e-16	4.5804950024299993e-17	1.2173077500000003e-15	0.0	0.0	0.0	0.0	0.0
-21.575	0.0	0.0	0.0	0.0	0.0	0.0	0.0	0.0	0.0
-21.543	0.0	0.0	0.0	0.0	0.0	0.0	0.0	0.0	0.0
-21.512	0.0	0.0	0.0	0.0	0.0	0.0	0.0	0.0	0.0
-21.480	0.0	0.0	0.0	0.0	0.0	0.0	0.0	0.0	0.0
-21.448	0.0	0.0	0.0	0.0	0.0	0.0	0.0	0.0	0.0
-21.416	0.0	0.0	0.0	0.0	0.0	0.0	0.0	0.0	0.0
-21.384	0.0	0.0	0.0	0.0	0.0	0.0	0.0	0.0	0.0
-21.352	0.0	0.0	0.0	0.0	0.0	0.0	0.0	0.0	0.0
-21.320	0.0	0.0	0.0	0.0	0.0	0.0	0.0	0.0	0.0
-21.288	0.0	0.0	0.0	0.0	0.0	0.0	0.0	0.0	0.0
-21.256	0.0	0.0	0.0	0.0	0.0	0.0	0.0	0.0	0.0
-21.224	0.0	0.0	0.0	0.0	0.0	0.0	0.0	0.0	0.0
-21.192	0.0	0.0	0.0	0.0	0.0	0.0	0.0	0.0	0.0
-21.160	0.0	0.0	0.0	0.0	0.0	0.0	0.0	0.0	0.0
-21.128	0.0	0.0	0.0	0.0	0.0	0.0	0.0	0.0	0.0
-21.096	0.0	0.0	0.0	0.0	0.0	0.0	0.0	0.0	0.0
-21.064	0.0	0.0	0.0	0.0	0.0	0.0	0.0	0.0	0.0
-21.032	0.0	0.0	0.0	0.0	0.0	0.0	0.0	0.0	0.0
-21.000	0.0	0.0	0.0	0.0	0.0	0.0	0.0	0.0	0.0
-20.968	2.1475502e-15	1.53098091e-16	2.9281706001e-17	6.21158e-17	0.0	0.0	0.0	0.0	0.0
-20.936	1.0524352e-13	7.500912000000001e-15	1.43498034886e-15	3.04367e-15	0.0	0.0	0.0	0.0	0.0
-20.905	3.3717403999999998e-12	2.40359836e-13	4.5979670686e-14	9.752250000000001e-14	0.0	0.0	0.0	0.0	0.0
-20.873	8.948949000000001e-11	6.379843599999999e-12	1.22027338005e-12	2.5884719999999997e-12	0.0	0.0	0.0	0.0	0.0
-20.841	1.9407201999999995e-09	1.38349413e-10	2.6463544486e-11	5.6132600000000006e-11	0.0	0.0	0.0	0.0	0.0
-20.809	3.4396185e-08	2.45211017e-09	4.690104892400001e-10	9.949200000000001e-10	0.0	0.0	0.0	0.0	0.0
-20.777	4.9824571e-07	3.55185725e-08	6.7948174786999995e-09	1.4412529999999999e-08	0.0	0.0	0.0	0.0	0.0
-20.745	5.90012e-06	4.20604453e-07	8.045781530000002e-08	1.7066280000000001e-07	0.0	0.0	0.0	0.0	0.0
-20.713	5.711163e-05	4.071461870000001e-06	7.788743319500001e-07	1.6520139999999998e-06	0.0	0.0	0.0	0.0	0.0
-20.681	0.00045210067000000007	3.2229945099999996e-05	6.1639685528e-06	1.3075340000000001e-05	0.0	0.0	0.0	0.0	0.0
-20.649	0.0029254955000000003	0.00020855781199999998	3.9898557436000005e-05	8.461999999999999e-05	0.0	0.0	0.0	0.0	0.0
-20.617	0.015483750000000001	0.00110369283	0.00021113594966	0.000447884	0.0	0.0	0.0	0.0	0.0
-20.585	0.06702528	0.00477723052	0.0009138568774799999	0.00193836	0.0	0.0	0.0	0.0	0.0
-20.553	0.23725406000000002	0.016913924	0.0032351427127	0.006862180000000001	0.0	0.0	0.0	0.0	0.0
-20.521	0.6870545	0.0489815755	0.0093695879843	0.0198723	0.0	0.0	0.0	0.0	0.0
-20.489	1.6276793999999999	0.116033718	0.022193535110400002	0.047080199999999996	0.0	0.0	0.0	0.0	0.0
-20.457	3.1544084999999997	0.22487354599999998	0.043009729464	0.0912454	0.0	0.0	0.0	0.0	0.0
-20.425	5.0009187	0.35651982699999996	0.06820401279699999	0.1446621	0.0	0.0	0.0	0.0	0.0
-20.393	6.4876890000000005	0.462489656	0.088460651629	0.1876506	0.0	0.0	0.0	0.0	0.0
-20.361	6.885002	0.490855982	0.093888854851	0.1991627	0.0	0.0	0.0	0.0	0.0
-20.329	5.979585999999999	0.42623975699999994	0.081531245344	0.1729449	0.0	0.0	0.0	0.0	0.0
-20.297	4.2480719	0.302777895	0.05792542937600001	0.1228625	0.0	0.0	0.0	0.0	0.0
-20.266	2.4689938000000002	0.176009396	0.033663934581	0.0714148	0.0	0.0	0.0	0.0	0.0
-20.234	1.1741192	0.08370241800000001	0.0160096019567	0.03395864999999999	0.0	0.0	0.0	0.0	0.0
-20.202	0.4566852700000001	0.0325631297	0.0062272443555	0.013209839999999999	0.0	0.0	0.0	0.0	0.0
-20.170	0.14532374000000003	0.010359870000000002	0.00198198908129	0.004203780000000001	0.0	0.0	0.0	0.0	0.0
-20.138	0.037825029	0.0026962767800000004	0.00051582367016	0.0010940740000000002	0.0	0.0	0.0	0.0	0.0
-20.106	0.008052738	0.00057409643	0.00010981354950399999	0.0002329358	0.0	0.0	0.0	0.0	0.0
-20.074	0.0014021479	9.9951828e-05	1.91189557842e-05	4.055510000000001e-05	0.0	0.0	0.0	0.0	0.0
-20.042	0.00019961957000000003	1.4230797999999999e-05	2.7220484617e-06	5.773160000000001e-06	0.0	0.0	0.0	0.0	0.0
-20.010	2.3237771e-05	1.6566489199999997e-06	3.16838977e-07	6.721909999999999e-07	0.0	0.0	0.0	0.0	0.0
-19.978	2.2116905999999997e-06	1.5765767700000001e-07	3.0152424237e-08	6.397479999999999e-08	0.0	0.0	0.0	0.0	0.0
-19.946	1.7206421e-07	1.2265699999999999e-08	2.34648796624e-09	4.9768000000000004e-09	0.0	0.0	0.0	0.0	0.0
-19.914	1.0943314999999999e-08	7.8010652e-10	1.4920939012e-10	3.1650669999999996e-10	0.0	0.0	0.0	0.0	0.0
-19.882	5.687881000000001e-10	4.05389968e-11	7.755222918100002e-12	1.6450510000000002e-11	0.0	0.0	0.0	0.0	0.0
-19.850	2.4155193e-11	1.7221221200000001e-12	3.2936770051000004e-13	6.98779e-13	0.0	0.0	0.0	0.0	0.0
-19.818	8.376067e-13	5.9703998e-14	1.14218355685e-14	2.4225989999999997e-14	0.0	0.0	0.0	0.0	0.0
-19.786	2.5771473999999997e-14	1.8370820500000003e-15	3.5139184041e-16	7.454030000000001e-16	0.0	0.0	0.0	0.0	0.0
-19.754	0.0	0.0	0.0	0.0	0.0	0.0	0.0	0.0	0.0
-19.722	0.0	0.0	0.0	0.0	0.0	0.0	0.0	0.0	0.0
-19.690	0.0	0.0	0.0	0.0	0.0	0.0	0.0	0.0	0.0
-19.659	4.369139e-15	2.4553287492e-16	1.2521196370000002e-17	5.183840699999999e-16	0.0	0.0	0.0	0.0	0.0
-19.627	1.6384978800000002e-13	9.2086903218e-15	4.69508976e-16	1.94363956e-14	0.0	0.0	0.0	0.0	0.0
-19.595	5.212631299999999e-12	2.9292306515000005e-13	1.4934507970000003e-14	6.1829769e-13	0.0	0.0	0.0	0.0	0.0
-19.563	1.3490509e-10	7.580073354899998e-12	3.8655031499999995e-13	1.6002105999999997e-11	0.0	0.0	0.0	0.0	0.0
-19.531	2.8531750399999997e-09	1.6033542506399997e-10	8.174700709999998e-12	3.3839511e-10	0.0	0.0	0.0	0.0	0.0
-19.499	4.931296600000001e-08	2.771269614e-09	1.413116343e-10	5.8493341e-09	0.0	0.0	0.0	0.0	0.0
-19.467	6.9675578e-07	3.9153073601000005e-08	1.996192277e-09	8.264194199999998e-08	0.0	0.0	0.0	0.0	0.0
-19.435	8.0463716e-06	4.5213142494999996e-07	2.3053862490000002e-08	9.5443827e-07	0.0	0.0	0.0	0.0	0.0
-19.403	7.597041e-05	4.268268136e-06	2.1766578440000003e-07	9.011305500000001e-06	0.0	0.0	0.0	0.0	0.0
-19.371	0.00058632911	3.295106188e-05	1.680070883e-06	6.9553618e-05	0.0	0.0	0.0	0.0	0.0
-19.339	0.0037010246	0.00020798287841000007	1.0604659349999997e-05	0.00043900939999999994	0.0	0.0	0.0	0.0	0.0
-19.307	0.0191046574	0.00107339189234	5.474369209999999e-05	0.0022661069000000002	0.0	0.0	0.0	0.0	0.0
-19.275	0.08065286199999999	0.0045324927881	0.0002310808266	0.009566205799999998	0.0	0.0	0.0	0.0	0.0
-19.243	0.278486614	0.0156499232559	0.000797896809	0.033031809	0.0	0.0	0.0	0.0	0.0
-19.211	0.78657103	0.044197185821	0.002253773087	0.09330260399999998	0.0	0.0	0.0	0.0	0.0
-19.179	1.8174378199999999	0.102120108855	0.005207519379999999	0.2155848	0.0	0.0	0.0	0.0	0.0
-19.147	3.4353932999999994	0.19304768611	0.009843208949999998	0.40751878	0.0	0.0	0.0	0.0	0.0
-19.115	5.3133614	0.29855638095000003	0.01522170887	0.6301653100000001	0.0	0.0	0.0	0.0	0.0
-19.083	6.7219148	0.37775382047999995	0.019260090569999996	0.7973574400000001	0.0	0.0	0.0	0.0	0.0
-19.052	6.9579795	0.39101452909000006	0.019938912699999995	0.8253972900000001	0.0	0.0	0.0	0.0	0.0
-19.020	5.8936329	0.33120022189000003	0.01688705411	0.6990606699999999	0.0	0.0	0.0	0.0	0.0
-18.988	4.0839297	0.22950272226	0.01170274591	0.48445633000000005	0.0	0.0	0.0	0.0	0.0
-18.956	2.3152890500000005	0.130120392351	0.0066350620699999995	0.27465214000000004	0.0	0.0	0.0	0.0	0.0
-18.924	1.0739800000000002	0.060355413435000005	0.0030788085000000003	0.127389139	0.0	0.0	0.0	0.0	0.0
-18.892	0.40841771	0.022997422939000003	0.0011807895399999998	0.04840281999999999	0.0	0.0	0.0	0.0	0.0
-18.860	0.1323263	0.007708112891400001	0.00044181710000000004	0.015403479	0.0	0.0	0.0	0.0	0.0
-18.828	0.06069399999999999	0.004739094394	0.00047973720000000006	0.0057738660999999995	0.0	0.0	0.0	0.0	0.0
-18.796	0.12076229999999999	0.012085056984999999	0.0015665072	0.0086348282	0.0	0.0	0.0	0.0	0.0
-18.764	0.37353299999999995	0.03829320953	0.0050537093	0.025737844	0.0	0.0	0.0	0.0	0.0
-18.732	0.9944890000000002	0.10207976284	0.0134855784	0.068386947	0.0	0.0	0.0	0.0	0.0
-18.700	2.171713	0.22292843369999998	0.029448087	0.14930525	0.0	0.0	0.0	0.0	0.0
-18.668	3.8804700000000003	0.3983229589	0.052628045	0.26682872	0.0	0.0	0.0	0.0	0.0
-18.636	5.6735	0.5824360354999999	0.076939975	0.39000798000000003	0.0	0.0	0.0	0.0	0.0
-18.604	6.785949999999999	0.6965120926	0.092031425	0.46649121000000004	0.0	0.0	0.0	0.0	0.0
-18.572	6.64085	0.6816317699000001	0.09005752600000001	0.4565082700000001	0.0	0.0	0.0	0.0	0.0
-18.540	5.31605	0.5457254242999999	0.07209559	0.36553611999999996	0.0	0.0	0.0	0.0	0.0
-18.508	3.4824480000000007	0.3574793742	0.047227967999999995	0.23943242	0.0	0.0	0.0	0.0	0.0
-18.476	1.866314	0.19158321099999998	0.0253111024	0.12831728	0.0	0.0	0.0	0.0	0.0
-18.445	0.8183020000000001	0.08399210047	0.011097011199999998	0.05625606799999999	0.0	0.0	0.0	0.0	0.0
-18.413	0.29348499999999994	0.030125989629999995	0.0039807835000000005	0.020176566	0.0	0.0	0.0	0.0	0.0
-18.381	0.0861044	0.00883812262	0.00116765833	0.0059195435	0.0	0.0	0.0	0.0	0.0
-18.349	0.020660649999999996	0.002120841405	0.00028022346	0.0014205303999999998	0.0	0.0	0.0	0.0	0.0
-18.317	0.0040549900000000005	0.00041625766419999997	5.4999287000000005e-05	0.00027883763	0.0	0.0	0.0	0.0	0.0
-18.285	0.000650871	6.681365884e-05	8.8260778e-06	4.475121100000001e-05	0.0	0.0	0.0	0.0	0.0
-18.253	8.54112e-05	8.76921016e-06	1.1584533000000002e-06	5.8723206e-06	0.0	0.0	0.0	0.0	0.0
-18.221	9.16611e-06	9.408639905000002e-07	1.2430424800000003e-07	6.3012806e-07	0.0	0.0	0.0	0.0	0.0
-18.189	8.03958e-07	8.253142821999999e-08	1.0904294900000003e-08	5.5281376e-08	0.0	0.0	0.0	0.0	0.0
-18.157	5.765620000000001e-08	5.918313736e-09	7.819095399999998e-10	3.9644442e-09	0.0	0.0	0.0	0.0	0.0
-18.125	3.3794750000000005e-09	3.469044352e-10	4.5831952e-11	2.3234612999999998e-10	0.0	0.0	0.0	0.0	0.0
-18.093	1.6187510000000003e-10	1.661700864e-11	2.1954391599999998e-12	1.11301414e-11	0.0	0.0	0.0	0.0	0.0
-18.061	6.3398099999999994e-12	6.506528637000001e-13	8.597768599999999e-14	4.3581362999999995e-13	0.0	0.0	0.0	0.0	0.0
-18.029	1.9689520000000003e-13	2.0212604599999995e-14	2.6705404999999997e-15	1.3536888e-14	0.0	0.0	0.0	0.0	0.0
-17.997	8.5606e-15	8.787918877000002e-16	1.1610376000000002e-16	5.885442699999999e-16	0.0	0.0	0.0	0.0	0.0
-17.965	0.0	0.0	0.0	0.0	0.0	0.0	0.0	0.0	0.0
-17.933	0.0	0.0	0.0	0.0	0.0	0.0	0.0	0.0	0.0
-17.901	0.0	0.0	0.0	0.0	0.0	0.0	0.0	0.0	0.0
-17.869	0.0	0.0	0.0	0.0	0.0	0.0	0.0	0.0	0.0
-17.838	0.0	0.0	0.0	0.0	0.0	0.0	0.0	0.0	0.0
-17.806	0.0	0.0	0.0	0.0	0.0	0.0	0.0	0.0	0.0
-17.774	0.0	0.0	0.0	0.0	0.0	0.0	0.0	0.0	0.0
-17.742	0.0	0.0	0.0	0.0	0.0	0.0	0.0	0.0	0.0
-17.710	0.0	0.0	0.0	0.0	0.0	0.0	0.0	0.0	0.0
-17.678	0.0	0.0	0.0	0.0	0.0	0.0	0.0	0.0	0.0
-17.646	0.0	0.0	0.0	0.0	0.0	0.0	0.0	0.0	0.0
-17.614	0.0	0.0	0.0	0.0	0.0	0.0	0.0	0.0	0.0
-17.582	0.0	0.0	0.0	0.0	0.0	0.0	0.0	0.0	0.0
-17.550	0.0	0.0	0.0	0.0	0.0	0.0	0.0	0.0	0.0
-17.518	0.0	0.0	0.0	0.0	0.0	0.0	0.0	0.0	0.0
-17.486	0.0	0.0	0.0	0.0	0.0	0.0	0.0	0.0	0.0
-17.454	0.0	0.0	0.0	0.0	0.0	0.0	0.0	0.0	0.0
-17.422	0.0	0.0	0.0	0.0	0.0	0.0	0.0	0.0	0.0
-17.390	0.0	0.0	0.0	0.0	0.0	0.0	0.0	0.0	0.0
-17.358	0.0	0.0	0.0	0.0	0.0	0.0	0.0	0.0	0.0
-17.326	0.0	0.0	0.0	0.0	0.0	0.0	0.0	0.0	0.0
-17.294	0.0	0.0	0.0	0.0	0.0	0.0	0.0	0.0	0.0
-17.262	0.0	0.0	0.0	0.0	0.0	0.0	0.0	0.0	0.0
-17.230	0.0	0.0	0.0	0.0	0.0	0.0	0.0	0.0	0.0
-17.199	0.0	0.0	0.0	0.0	0.0	0.0	0.0	0.0	0.0
-17.167	0.0	0.0	0.0	0.0	0.0	0.0	0.0	0.0	0.0
-17.135	0.0	0.0	0.0	0.0	0.0	0.0	0.0	0.0	0.0
-17.103	0.0	0.0	0.0	0.0	0.0	0.0	0.0	0.0	0.0
-17.071	0.0	0.0	0.0	0.0	0.0	0.0	0.0	0.0	0.0
-17.039	0.0	0.0	0.0	0.0	0.0	0.0	0.0	0.0	0.0
-17.007	0.0	0.0	0.0	0.0	0.0	0.0	0.0	0.0	0.0
-16.975	0.0	0.0	0.0	0.0	0.0	0.0	0.0	0.0	0.0
-16.943	0.0	0.0	0.0	0.0	0.0	0.0	0.0	0.0	0.0
-16.911	0.0	0.0	0.0	0.0	0.0	0.0	0.0	0.0	0.0
-16.879	0.0	0.0	0.0	0.0	0.0	0.0	0.0	0.0	0.0
-16.847	0.0	0.0	0.0	0.0	0.0	0.0	0.0	0.0	0.0
-16.815	0.0	0.0	0.0	0.0	0.0	0.0	0.0	0.0	0.0
-16.783	1.8137357e-15	4.458224500000001e-16	8.569771500000001e-17	1.6756667999999999e-16	0.0	0.0	0.0	0.0	0.0
-16.751	5.260218e-14	1.2929073e-14	2.4851462e-15	4.8596891e-15	0.0	0.0	0.0	0.0	0.0
-16.719	1.7810347e-12	4.3769386e-13	8.4147613e-14	1.6454291000000002e-13	0.0	0.0	0.0	0.0	0.0
-16.687	4.8598009999999994e-11	1.1945162000000002e-11	2.29620521e-12	4.4903393e-12	0.0	0.0	0.0	0.0	0.0
-16.655	1.0838364999999998e-09	2.6639156e-10	5.1199296999999996e-11	1.0012169e-10	0.0	0.0	0.0	0.0	0.0
-16.623	1.9753230000000002e-08	4.854581200000001e-09	9.3332244e-10	1.8249239e-09	0.0	0.0	0.0	0.0	0.0
-16.592	2.9421470000000004e-07	7.231649999999998e-08	1.3903397700000002e-08	2.7182087999999996e-08	0.0	0.0	0.0	0.0	0.0
-16.560	3.5826630000000005e-06	8.805077e-07	1.6927200399999997e-07	3.3100517e-07	0.0	0.0	0.0	0.0	0.0
-16.528	3.565843999999999e-05	8.764282999999999e-06	1.68496892e-06	3.2939022000000003e-06	0.0	0.0	0.0	0.0	0.0
-16.496	0.00029021310000000003	7.133602000000001e-05	1.3711795e-05	2.6810811e-05	0.0	0.0	0.0	0.0	0.0
-16.464	0.001931317	0.00047469869	9.124265e-05	0.00017842111	0.0	0.0	0.0	0.0	0.0
-16.432	0.010510423	0.0025830776000000002	0.00049655004	0.0009709353000000001	0.0	0.0	0.0	0.0	0.0
-16.400	0.04677108000000001	0.011496203	0.00220993641	0.004321035700000001	0.0	0.0	0.0	0.0	0.0
-16.368	0.17024588	0.041848256	0.0080438002	0.015728303	0.0	0.0	0.0	0.0	0.0
-16.336	0.5069266999999998	0.12459833	0.023950494700000005	0.046840506000000004	0.0	0.0	0.0	0.0	0.0
-16.304	1.2347791	0.30348621	0.05833738100000001	0.11407438000000002	0.0	0.0	0.0	0.0	0.0
-16.272	2.460552	0.60470276	0.11624503200000001	0.22734602000000004	0.0	0.0	0.0	0.0	0.0
-16.240	4.011457	0.9859662	0.189508927	0.37084518	0.0	0.0	0.0	0.0	0.0
-16.208	5.352713	1.3160099000000003	0.25289899	0.49639725	0.0	0.0	0.0	0.0	0.0
-16.176	5.8565	1.4403032000000002	0.27638756	0.5499970000000001	0.0	0.0	0.0	0.0	0.0
-16.144	5.288633	1.3032672	0.24844445	0.524367	0.0	0.0	0.0	0.0	0.0
-16.112	4.057040000000001	1.0085795	0.18716467999999997	0.49140849999999997	0.0	0.0	0.0	0.0	0.0
-16.080	2.94238	0.7534596	0.12698159	0.5826274	0.0	0.0	0.0	0.0	0.0
-16.048	2.56724	0.6968137999999999	0.09504167	0.9148081000000001	0.0	0.0	0.0	0.0	0.0
-16.016	3.0398300000000003	0.86450383	0.09680453300000001	1.4891385000000001	0.0	0.0	0.0	0.0	0.0
-15.985	3.9318090000000003	1.1376187899999999	0.117457008	2.1260792000000004	0.0	0.0	0.0	0.0	0.0
-15.953	4.558827	1.3249805700000001	0.133850035	2.5254276	0.0	0.0	0.0	0.0	0.0
-15.921	4.4230847	1.286843541	0.12932708399999998	2.4644677	0.0	0.0	0.0	0.0	0.0
-15.889	3.529218	1.02695581	0.10310338660000001	1.9683643999999998	0.0	0.0	0.0	0.0	0.0
-15.857	2.3064402999999998	0.6712651919999999	0.0673723037	1.2870616800000003	0.0	0.0	0.0	0.0	0.0
-15.825	1.23364027	0.359009455	0.0360286597	0.6883693500000001	0.0	0.0	0.0	0.0	0.0
-15.793	0.5398046599999999	0.1570965655	0.015764955719999998	0.3012437600000001	0.0	0.0	0.0	0.0	0.0
-15.761	0.19323970000000001	0.0562297321	0.005643382159999999	0.10782303800000001	0.0	0.0	0.0	0.0	0.0
-15.729	0.05657960200000001	0.01646567145	0.001652323066	0.031577557	0.0	0.0	0.0	0.0	0.0
-15.697	0.013550958200000001	0.00394397379	0.00039576743300000005	0.0075616577	0.0	0.0	0.0	0.0	0.0
-15.665	0.0026542606099999996	0.0007725207620000001	7.75214091e-05	0.0014811478600000002	0.0	0.0	0.0	0.0	0.0
-15.633	0.00042518806000000004	0.0001237432533	1.241857412e-05	0.000237269338	0.0	0.0	0.0	0.0	0.0
-15.601	5.5694636999999995e-05	1.6208521099999998e-05	1.62649282e-06	3.108421599999999e-05	0.0	0.0	0.0	0.0	0.0
-15.569	5.9647917e-06	1.73586447e-06	1.741900346e-07	3.3282092000000005e-06	0.0	0.0	0.0	0.0	0.0
-15.537	5.2222892e-07	1.5196756010000001e-07	1.525087969e-08	2.9142567999999996e-07	0.0	0.0	0.0	0.0	0.0
-15.505	3.7374942e-08	1.087761704e-08	1.0914630290000002e-09	2.08556333e-08	0.0	0.0	0.0	0.0	0.0
-15.473	2.1865105700000004e-09	6.36256382e-10	6.38497047e-11	1.2200735300000001e-09	0.0	0.0	0.0	0.0	0.0
-15.441	1.0452718999999999e-10	3.042048809e-11	3.05283508e-12	5.833734400000001e-11	0.0	0.0	0.0	0.0	0.0
-15.409	4.0828887e-12	1.188210092e-12	1.192415053e-13	2.27833394e-12	0.0	0.0	0.0	0.0	0.0
-15.378	1.3105186599999999e-13	3.81426952e-14	3.8280971e-15	7.3139111e-14	0.0	0.0	0.0	0.0	0.0
-15.346	2.8491914599999998e-15	8.291762339999999e-16	8.321183140000001e-17	1.59000141e-15	0.0	0.0	0.0	0.0	0.0
-15.314	0.0	0.0	0.0	0.0	0.0	0.0	0.0	0.0	0.0
-15.282	0.0	0.0	0.0	0.0	0.0	0.0	0.0	0.0	0.0
-15.250	6.0468749999999995e-15	1.19714845e-15	4.0550409e-16	2.663462999e-15	0.0	0.0	0.0	0.0	0.0
-15.218	2.388441e-13	4.7283744999999996e-14	1.6015895999999998e-14	1.0519363110000001e-13	0.0	0.0	0.0	0.0	0.0
-15.186	7.257606000000001e-12	1.43676318e-12	4.8667351e-13	3.196676217e-12	0.0	0.0	0.0	0.0	0.0
-15.154	1.8002269999999997e-10	3.5638750999999996e-11	1.2072348e-11	7.930371139999999e-11	0.0	0.0	0.0	0.0	0.0
-15.122	3.6499039999999996e-09	7.225297600000001e-10	2.4473249999999996e-10	1.6074727060000001e-09	0.0	0.0	0.0	0.0	0.0
-15.090	6.047086000000001e-08	1.19718145e-08	4.055151899999999e-09	2.6634651e-08	0.0	0.0	0.0	0.0	0.0
-15.058	8.189450000000001e-07	1.6212302999999998e-07	5.4920199000000005e-08	3.6069751310000005e-07	0.0	0.0	0.0	0.0	0.0
-15.026	9.06556e-06	1.7948045400000001e-06	6.079114e-07	3.993405711e-06	0.0	0.0	0.0	0.0	0.0
-14.994	8.204650000000001e-05	1.6243607399999997e-05	5.502075e-06	3.6139693850000005e-05	0.0	0.0	0.0	0.0	0.0
-14.962	0.0006071825999999999	0.00012021002699999998	4.0724145e-05	0.000267431104	0.0	0.0	0.0	0.0	0.0
-14.930	0.003674164	0.00072738552	0.00024635806	0.0016183166459999999	0.0	0.0	0.0	0.0	0.0
-14.898	0.018181589999999997	0.0035991437000000006	0.0012191642	0.00800874386	0.0	0.0	0.0	0.0	0.0
-14.866	0.07357951000000001	0.014568323799999998	0.0049338278	0.03241119191	0.0	0.0	0.0	0.0	0.0
-14.834	0.243606	0.04823109300000001	0.016336403	0.10728763629999999	0.0	0.0	0.0	0.0	0.0
-14.802	0.6597203	0.130595667	0.044236792999999996	0.29055457270000007	0.0	0.0	0.0	0.0	0.0
-14.770	1.4613190000000003	0.28933435	0.097992838	0.6436961369999998	0.0	0.0	0.0	0.0	0.0
-14.739	2.6485410000000003	0.52429755	0.17760649	1.166474621	0.0	0.0	0.0	0.0	0.0
-14.707	3.9268450000000006	0.7774004000000001	0.26329142999999994	1.729633786	0.0	0.0	0.0	0.0	0.0
-14.675	4.763706	0.9432244799999998	0.31950598	2.098177192	0.0	0.0	0.0	0.0	0.0
-14.643	4.727882	0.93608536	0.31714664	2.082491343	0.0	0.0	0.0	0.0	0.0
-14.611	3.8391870000000003	0.7601166699999999	0.25746135	1.691091843	0.0	0.0	0.0	0.0	0.0
-14.579	2.550741	0.50496451	0.17105184999999998	1.123527277	0.0	0.0	0.0	0.0	0.0
-14.547	1.386527	0.27444200999999996	0.092978152	0.610800074	0.0	0.0	0.0	0.0	0.0
-14.515	0.6165171	0.12206092099999999	0.041345086999999996	0.2715539448	0.0	0.0	0.0	0.0	0.0
-14.483	0.22428420000000002	0.044399491	0.015039542999999999	0.0987834702	0.0	0.0	0.0	0.0	0.0
-14.451	0.06673137000000001	0.0132121106	0.0044747324	0.029393647610000004	0.0	0.0	0.0	0.0	0.0
-14.419	0.016241999999999996	0.0032153733	0.0010892388	0.00715404514	0.0	0.0	0.0	0.0	0.0
-14.387	0.003233201	0.00064016678	0.00021682974	0.0014241236889999999	0.0	0.0	0.0	0.0	0.0
-14.355	0.0005263271000000001	0.00010420180499999998	3.5302099e-05	0.0002318233818	0.0	0.0	0.0	0.0	0.0
-14.323	7.005887e-05	1.3871094300000004e-05	4.6980285e-06	3.0859021779999994e-05	0.0	0.0	0.0	0.0	0.0
-14.291	7.624689e-06	1.50961666e-06	5.1136965e-07	3.3585733729999998e-06	0.0	0.0	0.0	0.0	0.0
-14.259	6.784764999999999e-07	1.34322845e-07	4.5491808000000006e-08	2.988435645e-07	0.0	0.0	0.0	0.0	0.0
-14.227	4.9353299999999995e-08	9.7713182e-09	3.3103682e-09	2.173935964e-08	0.0	0.0	0.0	0.0	0.0
-14.195	2.959308e-09	6.010095699999999e-10	1.9780469999999998e-10	1.31945273e-09	0.0	0.0	0.0	0.0	0.0
-14.163	7.055430000000001e-10	4.760636589999999e-10	3.2962500000000004e-11	6.6890232e-10	0.0	0.0	0.0	0.0	0.0
-14.132	1.0250368e-08	8.150807562e-09	4.2631225999999993e-10	1.103388481e-08	0.0	0.0	0.0	0.0	0.0
-14.100	1.5241616000000003e-07	1.212308981e-07	6.336340599999999e-09	1.6409104500000001e-07	0.0	0.0	0.0	0.0	0.0
-14.068	1.8530309999999999e-06	1.4741501043e-06	7.7036042e-08	1.9950552200000004e-06	0.0	0.0	0.0	0.0	0.0
-14.036	1.8420311999999997e-05	1.4652599529e-05	7.657543999999999e-07	1.98314211e-05	0.0	0.0	0.0	0.0	0.0
-14.004	0.00014971263	0.00011908868074	6.223689099999999e-06	0.00016118158	0.0	0.0	0.0	0.0	0.0
-13.972	0.0009947765	0.0007913083601999999	4.135454399999999e-05	0.0010711060729999998	0.0	0.0	0.0	0.0	0.0
-13.940	0.00540659	0.0043004439528	0.00022473595	0.00582056156	0.0	0.0	0.0	0.0	0.0
-13.908	0.02402636	0.019110684468	0.00099881895	0.025864221700000002	0.0	0.0	0.0	0.0	0.0
-13.876	0.08733815	0.06946925072000001	0.0036305220999999993	0.0940274777	0.0	0.0	0.0	0.0	0.0
-13.844	0.25967769999999996	0.20655975924000003	0.010795718800000001	0.27957793200000003	0.0	0.0	0.0	0.0	0.0
-13.812	0.6316209999999999	0.50237596128	0.026256673999999997	0.680074497	0.0	0.0	0.0	0.0	0.0
-13.780	1.2568366	0.9997428027000002	0.052242945	1.3531610400000003	0.0	0.0	0.0	0.0	0.0
-13.748	2.0460529999999997	1.6275669097999999	0.08506381299999999	2.20278905	0.0	0.0	0.0	0.0	0.0
-13.716	2.725063	2.1677320193	0.11328338800000001	2.9340669799999994	0.0	0.0	0.0	0.0	0.0
-13.684	2.969605	2.3621373215	0.12344720299999999	3.19743648	0.0	0.0	0.0	0.0	0.0
-13.652	2.647633	2.1058448491	0.110063131	2.84993158	0.0	0.0	0.0	0.0	0.0
-13.620	1.9311440000000002	1.5361225946000001	0.08027261999999999	2.07936412	0.0	0.0	0.0	0.0	0.0
-13.588	1.1525216	0.9168471429999999	0.047908203999999996	1.2408856	0.0	0.0	0.0	0.0	0.0
-13.556	0.5627487	0.44756127618999997	0.023391085000000002	0.605787175	0.0	0.0	0.0	0.0	0.0
-13.525	0.22475869999999998	0.17878189562999997	0.009343261099999998	0.241928637	0.0	0.0	0.0	0.0	0.0
-13.493	0.07343122	0.058405986882	0.0030527832000000004	0.0790615824	0.0	0.0	0.0	0.0	0.0
-13.461	0.01962471	0.015610633488	0.0008158149399999999	0.021131313000000002	0.0	0.0	0.0	0.0	0.0
-13.429	0.004289872	0.0034123463956	0.00017834272700000003	0.00461849889	0.0	0.0	0.0	0.0	0.0
-13.397	0.0007669262999999999	0.0006099805010999999	3.1882356000000005e-05	0.0008256587170000001	0.0	0.0	0.0	0.0	0.0
-13.365	0.00011211030999999998	8.918678998e-05	4.6603940000000006e-06	0.000120711301	0.0	0.0	0.0	0.0	0.0
-13.333	1.3400534999999999e-05	1.0659905467e-05	5.5711864e-07	1.44277169e-05	0.0	0.0	0.0	0.0	0.0
-13.301	1.3097125000000002e-06	1.0417473526999998e-06	5.4443772e-08	1.4100599100000001e-06	0.0	0.0	0.0	0.0	0.0
-13.269	1.0462196000000001e-07	8.322494790000001e-08	4.3501079e-09	1.1265071379999999e-07	0.0	0.0	0.0	0.0	0.0
-13.237	6.8328620000000006e-09	5.4347631209000004e-09	2.8403981999999996e-10	7.356881630000001e-09	0.0	0.0	0.0	0.0	0.0
-13.205	3.646693e-10	2.9008607908e-10	1.5160894400000002e-11	3.9257244899999993e-10	0.0	0.0	0.0	0.0	0.0
-13.173	1.5906537000000004e-11	1.2653760797e-11	6.6133461e-13	1.7127507500000002e-11	0.0	0.0	0.0	0.0	0.0
-13.141	5.665287000000001e-13	4.5074780671e-13	2.3553145000000003e-14	6.099927110000001e-13	0.0	0.0	0.0	0.0	0.0
-13.109	1.6609187000000003e-14	1.3212066789999998e-14	6.9055723e-16	1.78866218e-14	0.0	0.0	0.0	0.0	0.0
-13.077	0.0	0.0	0.0	0.0	0.0	0.0	0.0	0.0	0.0
-13.045	0.0	0.0	0.0	0.0	0.0	0.0	0.0	0.0	0.0
-13.013	0.0	0.0	0.0	0.0	0.0	0.0	0.0	0.0	0.0
-12.981	0.0	0.0	0.0	0.0	0.0	0.0	0.0	0.0	0.0
-12.949	0.0	0.0	0.0	0.0	0.0	0.0	0.0	0.0	0.0
-12.918	2.321597e-15	2.2766569230000005e-15	2.522715552e-16	2.3412774900000005e-15	0.0	0.0	0.0	0.0	0.0
-12.886	7.81566e-14	7.664635409999999e-14	8.4931273e-15	7.882742300000001e-14	0.0	0.0	0.0	0.0	0.0
-12.854	2.4352199999999998e-12	2.3880065170000003e-12	2.646359104e-13	2.4559175499999997e-12	0.0	0.0	0.0	0.0	0.0
-12.822	6.19852e-11	6.079016453e-11	6.735839359999999e-12	6.250765630000001e-11	0.0	0.0	0.0	0.0	0.0
-12.790	1.2892369999999999e-09	1.2642373847e-09	1.4009393679999998e-10	1.3001474099999997e-09	0.0	0.0	0.0	0.0	0.0
-12.758	2.191499e-08	2.148988379e-08	2.381504914e-09	2.2100501e-08	0.0	0.0	0.0	0.0	0.0
-12.726	3.044759e-07	2.985948051e-07	3.30871571e-08	3.0707003199999997e-07	0.0	0.0	0.0	0.0	0.0
-12.694	3.458097e-06	3.3910802690000003e-06	3.75821141e-07	3.4873295e-06	0.0	0.0	0.0	0.0	0.0
-12.662	3.2108519999999994e-05	3.148689699000001e-05	3.4890019000000005e-06	3.2379065e-05	0.0	0.0	0.0	0.0	0.0
-12.630	0.0002437505	0.00023903396379999997	2.648894872e-05	0.000245820858	0.0	0.0	0.0	0.0	0.0
-12.598	0.0015132839999999997	0.0014838342397	0.0001644406782	0.00152595408	0.0	0.0	0.0	0.0	0.0
-12.566	0.007681909999999999	0.007532882933999999	0.0008347685150000002	0.007746976499999999	0.0	0.0	0.0	0.0	0.0
-12.534	0.03189463	0.03127616015	0.00346506827	0.03216300109999999	0.0	0.0	0.0	0.0	0.0
-12.502	0.10831067000000001	0.10621701803	0.01177085405	0.109227118	0.0	0.0	0.0	0.0	0.0
-12.470	0.30088940000000003	0.2950569938	0.0326958644	0.30345074299999997	0.0	0.0	0.0	0.0	0.0
-12.438	0.6837778	0.6706066847000001	0.0743100251	0.6895918910000001	0.0	0.0	0.0	0.0	0.0
-12.406	1.2712385	1.246534423	0.1381383837	1.28194556	0.0	0.0	0.0	0.0	0.0
-12.374	1.933556	1.896094122	0.21012497959999996	1.9498741600000002	0.0	0.0	0.0	0.0	0.0
-12.342	2.4060790000000005	2.359498658	0.2614727356	2.4264637500000004	0.0	0.0	0.0	0.0	0.0
-12.311	2.449694	2.4022049460000003	0.2661954504	2.47047505	0.0	0.0	0.0	0.0	0.0
-12.279	2.0406719999999994	2.001095655	0.2217456122	2.05797455	0.0	0.0	0.0	0.0	0.0
-12.247	1.3910090000000002	1.3639874998000003	0.1511555973	1.40283158	0.0	0.0	0.0	0.0	0.0
-12.215	0.7767923000000001	0.7616544953999999	0.0843874138	0.7838239899999999	0.0	0.0	0.0	0.0	0.0
-12.183	0.36075	0.35318080499999993	0.039029915	0.36603025999999994	0.0	0.0	0.0	0.0	0.0
-12.151	0.16130289999999997	0.15573374399999998	0.0167798803	0.17220298	0.0	0.0	0.0	0.0	0.0
-12.119	0.1403564	0.12932161	0.012696750000000001	0.17411124000000006	0.0	0.0	0.0	0.0	0.0
-12.087	0.28962692999999995	0.26076582000000004	0.024331731	0.38309548999999987	0.0	0.0	0.0	0.0	0.0
-12.055	0.6409509999999999	0.57543815	0.05333626	0.8543061499999999	0.0	0.0	0.0	0.0	0.0
-12.023	1.1951542999999998	1.0725699	0.09934607	1.59411576	0.0	0.0	0.0	0.0	0.0
-11.991	1.8276414000000003	1.6403753000000003	0.15192036	2.43805679	0.0	0.0	0.0	0.0	0.0
-11.959	2.2873102000000007	2.0529097	0.19012035	3.0512518	0.0	0.0	0.0	0.0	0.0
-11.927	2.3421454999999995	2.1021143999999996	0.19469482	3.1245051000000004	0.0	0.0	0.0	0.0	0.0
-11.895	1.9621007999999998	1.7611582000000001	0.16310482	2.6176530000000002	0.0	0.0	0.0	0.0	0.0
-11.863	1.3450080999999998	1.2072011999999999	0.11180190999999999	1.7941817899999999	0.0	0.0	0.0	0.0	0.0
-11.831	0.7543705000000002	0.6769684	0.06269565	1.00623155	0.0	0.0	0.0	0.0	0.0
-11.799	0.34605438000000005	0.3105672	0.028764474999999998	0.46161688	0.0	0.0	0.0	0.0	0.0
-11.767	0.12987733999999998	0.11654990999999999	0.010796045999999998	0.173249715	0.0	0.0	0.0	0.0	0.0
-11.735	0.039873032999999995	0.035780963	0.0033143863	0.053186115	0.0	0.0	0.0	0.0	0.0
-11.703	0.010012251999999996	0.008986001	0.0008322958999999999	0.0133571467	0.0	0.0	0.0	0.0	0.0
-11.672	0.0020564364999999998	0.0018456633	0.00017093632	0.0027431568000000003	0.0	0.0	0.0	0.0	0.0
-11.640	0.00034539425999999994	0.00030998012	2.8711162000000003e-05	0.00046073450000000003	0.0	0.0	0.0	0.0	0.0
-11.608	4.7436963000000006e-05	4.2574025000000004e-05	3.94292e-06	6.3288079e-05	0.0	0.0	0.0	0.0	0.0
-11.576	5.326956999999999e-06	4.7809438e-06	4.4282329999999994e-07	7.1071748e-06	0.0	0.0	0.0	0.0	0.0
-11.544	4.8911341e-07	4.389364199999999e-07	4.0657817999999994e-08	6.5240138e-07	0.0	0.0	0.0	0.0	0.0
-11.512	3.6712338e-08	3.294942e-08	3.0522695999999997e-09	4.8974938000000013e-08	0.0	0.0	0.0	0.0	0.0
-11.480	2.3487203000000002e-09	2.1090911e-09	2.1604779e-10	3.0521108e-09	0.0	0.0	0.0	0.0	0.0
-11.448	2.083155e-09	1.8954184000000004e-09	5.970268470000001e-10	1.1309613999999998e-09	0.0	0.0	0.0	0.0	0.0
-11.416	3.2783679999999995e-08	2.9856350999999996e-08	9.778961099999999e-09	1.6317814999999998e-08	0.0	0.0	0.0	0.0	0.0
-11.384	4.4583930000000003e-07	4.059511600000001e-07	1.3296955699999999e-07	2.2184038000000004e-07	0.0	0.0	0.0	0.0	0.0
-11.352	4.956117e-06	4.512909200000001e-06	1.47835419e-06	2.4663494000000005e-06	0.0	0.0	0.0	0.0	0.0
-11.320	4.504742e-05	4.1017561000000005e-05	1.34358492e-05	2.2413677000000006e-05	0.0	0.0	0.0	0.0	0.0
-11.288	0.0003347297000000001	0.00030479110000000004	9.984181100000002e-05	0.00016655204000000002	0.0	0.0	0.0	0.0	0.0
-11.256	0.002033938	0.0018521493	0.000606758929	0.00101208632	0.0	0.0	0.0	0.0	0.0
-11.224	0.01010843	0.0092045959	0.0030153053899999996	0.0050298064000000005	0.0	0.0	0.0	0.0	0.0
-11.192	0.04108373000000001	0.037408593	0.012253383299999997	0.020443853000000005	0.0	0.0	0.0	0.0	0.0
-11.160	0.13657185	0.12438025500000001	0.040737902900000005	0.06795702299999999	0.0	0.0	0.0	0.0	0.0
-11.128	0.3713527000000001	0.33822559	0.11077929800000001	0.18480686	0.0	0.0	0.0	0.0	0.0
-11.096	0.8261734	0.7523668200000001	0.24649087100000003	0.41110725	0.0	0.0	0.0	0.0	0.0
-11.065	1.5036708999999997	1.3691524000000002	0.44845402599999995	0.7482487400000001	0.0	0.0	0.0	0.0	0.0
-11.033	2.2387479999999997	2.0387071999999997	0.667776435	1.1140299200000001	0.0	0.0	0.0	0.0	0.0
-11.001	2.7273609999999997	2.4835718999999994	0.8134914500000001	1.3571238000000003	0.0	0.0	0.0	0.0	0.0
-10.969	2.7183240000000004	2.4754357	0.8108860379999999	1.3528255	0.0	0.0	0.0	0.0	0.0
-10.937	2.217841	2.0192132999999997	0.661671741	1.1037944	0.0	0.0	0.0	0.0	0.0
-10.905	1.4854234999999998	1.3509836	0.4437961100000001	0.7400289999999999	0.0	0.0	0.0	0.0	0.0
-10.873	0.8350885	0.75374038	0.25207636	0.41981914	0.0	0.0	0.0	0.0	0.0
-10.841	0.45881950000000005	0.3942108200000001	0.14728018999999998	0.2434551	0.0	0.0	0.0	0.0	0.0
-10.809	0.4154518	0.31019673000000003	0.15389105	0.25099265	0.0	0.0	0.0	0.0	0.0
-10.777	0.7108479	0.48491132000000003	0.28214387999999996	0.4609613699999999	0.0	0.0	0.0	0.0	0.0
-10.745	1.3162490000000002	0.87666293	0.52538784	0.8744409	0.0	0.0	0.0	0.0	0.0
-10.713	2.1060389999999996	1.3789284	0.8291282999999999	1.4412243	0.0	0.0	0.0	0.0	0.0
-10.681	2.8445349999999996	1.8011247	1.08186059	2.0637008999999997	0.0	0.0	0.0	0.0	0.0
-10.649	3.318072	1.9590851800000002	1.17271701	2.6799382	0.0	0.0	0.0	0.0	0.0
-10.617	3.4967280000000005	1.8074563	1.07404862	3.3182471000000002	0.0	0.0	0.0	0.0	0.0
-10.585	3.504044	1.46597814	0.85889149	3.9889298	0.0	0.0	0.0	0.0	0.0
-10.553	3.4105559000000008	1.10041478	0.6305567599999999	4.5099603	0.0	0.0	0.0	0.0	0.0
-10.521	3.1319391	0.7980226100000001	0.44583905	4.5506641000000005	0.0	0.0	0.0	0.0	0.0
-10.489	2.5759404	0.5594103300000001	0.30883784999999997	3.9301678000000004	0.0	0.0	0.0	0.0	0.0
-10.458	1.8214615500000002	0.36882216	0.21630994999999997	2.8388452	0.0	0.0	0.0	0.0	0.0
-10.426	1.0929887800000002	0.2400032	0.19703584999999998	1.6983355999999998	0.0	0.0	0.0	0.0	0.0
-10.394	0.5896133000000002	0.2126431	0.32782038999999996	0.8492474	0.0	0.0	0.0	0.0	0.0
-10.362	0.3800900599999999	0.33255239999999997	0.7224636600000001	0.38494579999999995	0.0	0.0	0.0	0.0	0.0
-10.330	0.42351040000000006	0.6235583	1.4652826799999998	0.2178538	0.0	0.0	0.0	0.0	0.0
-10.298	0.62155492	1.0420478	2.4811870000000003	0.21382568000000002	0.0	0.0	0.0	0.0	0.0
-10.266	0.84267549	1.4451845000000003	3.4484875600000002	0.26292064	0.0	0.0	0.0	0.0	0.0
-10.234	0.9549952100000001	1.6435301000000002	3.92347588	0.29295838199999996	0.0	0.0	0.0	0.0	0.0
-10.202	0.8884809080000001	1.5298711999999999	3.651679194	0.271807126	0.0	0.0	0.0	0.0	0.0
-10.170	0.6765478639999999	1.1651611999999998	2.7811582969999997	0.206906809	0.0	0.0	0.0	0.0	0.0
-10.138	0.42166918299999995	0.7261957	1.7332025359999998	0.128926807	0.0	0.0	0.0	0.0	0.0
-10.106	0.21503165999999999	0.3704202	0.883652206	0.065778829	0.0	0.0	0.0	0.0	0.0
-10.074	0.090309383	0.15591880000000005	0.36874023040000004	0.027775931000000004	0.0	0.0	0.0	0.0	0.0
-10.042	0.03427260000000001	0.06107745999999999	0.1266851231	0.011339635	0.0	0.0	0.0	0.0	0.0
-10.010	0.024902119999999996	0.052046919999999997	0.0393430189	0.011436889	0.0	0.0	0.0	0.0	0.0
-9.978	0.06136765000000001	0.13895112800000003	0.0234711541	0.03264770299999999	0.0	0.0	0.0	0.0	0.0
-9.946	0.17681105000000005	0.40325328699999996	0.047413567399999995	0.0952804	0.0	0.0	0.0	0.0	0.0
-9.914	0.4286810000000001	0.9783007450000001	0.11178804099999998	0.23123591000000004	0.0	0.0	0.0	0.0	0.0
-9.882	0.8519497999999999	1.943829708	0.221721114	0.45953917999999994	0.0	0.0	0.0	0.0	0.0
-9.851	1.3849739	3.1604652000000004	0.360434177	0.7471271	0.0	0.0	0.0	0.0	0.0
-9.819	1.8421907999999998	4.204547928999999	0.479449124	0.99382755	0.0	0.0	0.0	0.0	0.0
-9.787	2.0050241	4.575683761	0.521747163	1.08158289	0.0	0.0	0.0	0.0	0.0
-9.755	1.78535	4.074309222000001	0.46454280700000006	0.9630152299999998	0.0	0.0	0.0	0.0	0.0
-9.723	1.3005737999999998	2.968095109	0.33852421299999996	0.70165755	0.0	0.0	0.0	0.0	0.0
-9.691	0.7751396999999999	1.768982719	0.201742897	0.41814896999999995	0.0	0.0	0.0	0.0	0.0
-9.659	0.3779999	0.8625881550000002	0.098379178	0.20390355000000002	0.0	0.0	0.0	0.0	0.0
-9.627	0.15078149	0.34410314419999993	0.039246614	0.081348288	0.0	0.0	0.0	0.0	0.0
-9.595	0.049219679999999995	0.11231896459999999	0.012840197399999998	0.026553999999999998	0.0	0.0	0.0	0.0	0.0
-9.563	0.013239106999999998	0.030241767000000006	0.0036844186900000003	0.007177024	0.0	0.0	0.0	0.0	0.0
-9.531	0.003521795	0.008210778699999999	0.00240630356	0.0021233266	0.0	0.0	0.0	0.0	0.0
-9.499	0.0038464100000000006	0.009668592000000002	0.00859072152	0.00321386233	0.0	0.0	0.0	0.0	0.0
-9.467	0.013968841000000001	0.035582127	0.03525907448	0.01228056844	0.0	0.0	0.0	0.0	0.0
-9.435	0.04736434	0.12071784	0.12010386383999999	0.041722056630000004	0.0	0.0	0.0	0.0	0.0
-9.403	0.13201697	0.33652342999999996	0.3347917639	0.11630236599	0.0	0.0	0.0	0.0	0.0
-9.371	0.30102880000000004	0.7674198	0.7636295036	0.2652183887	0.0	0.0	0.0	0.0	0.0
-9.339	0.5616947000000002	1.4316644000000003	1.424687305	0.49486972800000006	0.0	0.0	0.0	0.0	0.0
-9.307	0.8574359	2.18541	2.174584097	0.7552375732	0.0	0.0	0.0	0.0	0.0
-9.275	1.0708875999999998	2.7291822	2.715663985	0.9432660721000002	0.0	0.0	0.0	0.0	0.0
-9.243	1.0948744000000001	2.7891285999999997	2.775549265	0.9642889641999999	0.0	0.0	0.0	0.0	0.0
-9.212	0.9200726000000002	2.3340839	2.3247669490000002	0.8088360818	0.0	0.0	0.0	0.0	0.0
-9.180	0.6496655000000001	1.6077086	1.6091496649999997	0.564978509	0.0	0.0	0.0	0.0	0.0
-9.148	0.4358043	0.9396251999999999	0.9686253436000001	0.35809373800000005	0.0	0.0	0.0	0.0	0.0
-9.116	0.40956759999999987	0.54644832	0.6413430709999999	0.28576445	0.0	0.0	0.0	0.0	0.0
-9.084	0.6530695000000001	0.48124283000000007	0.7108108891	0.39679883000000005	0.0	0.0	0.0	0.0	0.0
-9.052	1.1726610000000002	0.68570628	1.1332296254	0.6863365699999999	0.0	0.0	0.0	0.0	0.0
-9.020	1.8456546999999996	1.03006627	1.74119827	1.0759928299999997	0.0	0.0	0.0	0.0	0.0
-8.988	2.4174248	1.3360109999999998	2.256592977	1.42097458	0.0	0.0	0.0	0.0	0.0
-8.956	2.6435641	1.4489521	2.4107431640000003	1.6003285000000003	0.0	0.0	0.0	0.0	0.0
-8.924	2.5055943000000003	1.3437599000000002	2.12830377	1.6478365999999998	0.0	0.0	0.0	0.0	0.0
-8.892	2.2644537999999996	1.150566	1.58209258	1.7747756000000003	0.0	0.0	0.0	0.0	0.0
-8.860	2.2471626000000002	1.0443	1.04845865	2.1979703999999995	0.0	0.0	0.0	0.0	0.0
-8.828	2.5407721999999997	1.0898070999999998	0.69945948	2.8920319999999995	0.0	0.0	0.0	0.0	0.0
-8.796	2.8966727000000003	1.1924591999999998	0.5314912	3.5195989999999995	0.0	0.0	0.0	0.0	0.0
-8.764	2.9461402999999997	1.1949348	0.4438532	3.6608439	0.0	0.0	0.0	0.0	0.0
-8.732	2.5246198599999996	1.0189632999999998	0.35397847999999993	3.1592033	0.0	0.0	0.0	0.0	0.0
-8.700	1.7861373999999999	0.7199178	0.24473561	2.23997692	0.0	0.0	0.0	0.0	0.0
-8.668	1.0367008600000003	0.41766339999999996	0.14106501	1.30093532	0.0	0.0	0.0	0.0	0.0
-8.636	0.49284518000000005	0.19847351000000002	0.06698442	0.61845441	0.0	0.0	0.0	0.0	0.0
-8.605	0.19170887999999997	0.07722825999999999	0.026652609	0.240596173	0.0	0.0	0.0	0.0	0.0
-8.573	0.06139438000000002	0.024836424000000003	0.012180139	0.076954712	0.0	0.0	0.0	0.0	0.0
-8.541	0.017958569999999997	0.007766892	0.021288798999999997	0.022046199000000002	0.0	0.0	0.0	0.0	0.0
-8.509	0.011745562999999997	0.006868318	0.07704524800000001	0.012763527000000002	0.0	0.0	0.0	0.0	0.0
-8.477	0.027980611000000002	0.0182694627	0.25079979900000005	0.028644219999999998	0.0	0.0	0.0	0.0	0.0
-8.445	0.07345345999999998	0.048325959	0.6714147370000001	0.07484223000000001	0.0	0.0	0.0	0.0	0.0
-8.413	0.16071849	0.1057823611	1.47082163	0.16371929	0.0	0.0	0.0	0.0	0.0
-8.381	0.288118911	0.18960037089999998	2.63579509	0.2934654	0.0	0.0	0.0	0.0	0.0
-8.349	0.42282943000000006	0.278063367	3.8652602799999998	0.4306417	0.0	0.0	0.0	0.0	0.0
-8.317	0.50987638	0.334060511	4.63710701	0.5187283	0.0	0.0	0.0	0.0	0.0
-8.285	0.5129285	0.33010421000000006	4.554728910000001	0.519566	0.0	0.0	0.0	0.0	0.0
-8.253	0.4612796699999999	0.2740958	3.668853800000001	0.45847459999999995	0.0	0.0	0.0	0.0	0.0
-8.221	0.46242981	0.20916716999999999	2.4481653	0.43433160000000004	0.0	0.0	0.0	0.0	0.0
-8.189	0.6695458999999999	0.18965937000000002	1.4157161	0.5849234999999999	0.0	0.0	0.0	0.0	0.0
-8.157	1.2045212999999995	0.25294591	0.838383	1.0167426000000002	0.0	0.0	0.0	0.0	0.0
-8.125	2.0464681000000002	0.40393201	0.68386142	1.7093053000000002	0.0	0.0	0.0	0.0	0.0
-8.093	2.9543326	0.6241898499999999	0.7570567999999999	2.4520824	0.0	0.0	0.0	0.0	0.0
-8.061	3.5582820699999993	0.92034333	0.8505980399999999	2.9177178	0.0	0.0	0.0	0.0	0.0
-8.029	3.6306664000000004	1.38504409	0.84304143	2.887849	0.0	0.0	0.0	0.0	0.0
-7.998	3.2844570999999996	2.17426938	0.73362398	2.4271635	0.0	0.0	0.0	0.0	0.0
-7.966	2.8580736999999994	3.3274145500000003	0.5958051699999999	1.8239546	0.0	0.0	0.0	0.0	0.0
-7.934	2.5789986000000007	4.55877931	0.4918861200000001	1.3335669	0.0	0.0	0.0	0.0	0.0
-7.902	2.3869131000000006	5.30826283	0.42322856000000003	1.0155827	0.0	0.0	0.0	0.0	0.0
-7.870	2.0836908	5.13186249	0.35486883999999996	0.7866858999999999	0.0	0.0	0.0	0.0	0.0
-7.838	1.5916290999999996	4.08137601	0.26633447	0.5686313999999999	0.0	0.0	0.0	0.0	0.0
-7.806	1.0221035	2.6609684319999998	0.16986851200000003	0.35715509999999995	0.0	0.0	0.0	0.0	0.0
-7.774	0.542592751	1.420410359	0.08994566640000001	0.18798870000000004	0.0	0.0	0.0	0.0	0.0
-7.742	0.236527211	0.620451955	0.0391643964	0.08170230999999999	0.0	0.0	0.0	0.0	0.0
-7.710	0.08446041060000002	0.2217240875	0.013983757550000002	0.0291363	0.0	0.0	0.0	0.0	0.0
-7.678	0.024686182669999997	0.06481447309999999	0.004085689390000001	0.008512685000000002	0.0	0.0	0.0	0.0	0.0
-7.646	0.005902402159999999	0.01549790427	0.0009768686489999999	0.002034902	0.0	0.0	0.0	0.0	0.0
-7.614	0.001154125251	0.0030310250080000005	0.0001910030694	0.00039788380000000003	0.0	0.0	0.0	0.0	0.0
-7.582	0.0001845867944	0.00048474161540000007	3.054739846e-05	6.364077000000001e-05	0.0	0.0	0.0	0.0	0.0
-7.550	2.413668103e-05	6.33849246e-05	3.99465145e-06	8.322355e-06	0.0	0.0	0.0	0.0	0.0
-7.518	2.580741853e-06	6.777235329999999e-06	4.27126215e-07	8.897634999999999e-07	0.0	0.0	0.0	0.0	0.0
-7.486	2.255899533e-07	5.924137434e-07	3.7337581399999995e-08	7.777987999999999e-08	0.0	0.0	0.0	0.0	0.0
-7.454	1.6119619240000002e-08	4.233249579e-08	2.66776532e-09	5.557486e-09	0.0	0.0	0.0	0.0	0.0
-7.422	9.413563409999997e-10	2.4724055190000003e-09	1.5581964600000003e-10	3.2458289999999997e-10	0.0	0.0	0.0	0.0	0.0
-7.391	4.493565609999999e-11	1.180139027e-10	7.43673738e-12	1.5490948e-11	0.0	0.0	0.0	0.0	0.0
-7.359	1.7512619139999998e-12	4.598913106000001e-12	2.898367115e-13	6.037439e-13	0.0	0.0	0.0	0.0	0.0
-7.327	5.6529138600000004e-14	1.484613852e-13	9.35629867e-15	1.9489449e-14	0.0	0.0	0.0	0.0	0.0
-7.295	1.2563359250000002e-15	3.29909503e-15	2.0789582479999997e-16	4.3308999999999995e-16	0.0	0.0	0.0	0.0	0.0
-7.263	0.0	0.0	0.0	0.0	0.0	0.0	0.0	0.0	0.0
-7.231	0.0	0.0	0.0	0.0	0.0	0.0	0.0	0.0	0.0
-7.199	0.0	0.0	0.0	0.0	0.0	0.0	0.0	0.0	0.0
-7.167	0.0	0.0	0.0	0.0	0.0	0.0	0.0	0.0	0.0
-7.135	0.0	0.0	0.0	0.0	0.0	0.0	0.0	0.0	0.0
-7.103	0.0	0.0	0.0	0.0	0.0	0.0	0.0	0.0	0.0
-7.071	0.0	0.0	0.0	0.0	0.0	0.0	0.0	0.0	0.0
-7.039	0.0	0.0	0.0	0.0	0.0	0.0	0.0	0.0	0.0
-7.007	0.0	0.0	0.0	0.0	0.0	0.0	0.0	0.0	0.0
-6.975	0.0	0.0	0.0	0.0	0.0	0.0	0.0	0.0	0.0
-6.943	0.0	0.0	0.0	0.0	0.0	0.0	0.0	0.0	0.0
-6.911	0.0	0.0	0.0	0.0	0.0	0.0	0.0	0.0	0.0
-6.879	0.0	0.0	0.0	0.0	0.0	0.0	0.0	0.0	0.0
-6.847	0.0	0.0	0.0	0.0	0.0	0.0	0.0	0.0	0.0
-6.815	0.0	0.0	0.0	0.0	0.0	0.0	0.0	0.0	0.0
-6.784	0.0	0.0	0.0	0.0	0.0	0.0	0.0	0.0	0.0
-6.752	0.0	0.0	0.0	0.0	0.0	0.0	0.0	0.0	0.0
-6.720	8.461395822999997e-17	1.6799372000000001e-16	3.1089669444e-15	1.0060423949999999e-17	0.0	0.0	0.0	0.0	0.0
-6.688	2.622738178e-15	5.2077263e-15	9.638109577999999e-14	3.118960633e-16	0.0	0.0	0.0	0.0	0.0
-6.656	8.49868391e-14	1.6875624999999999e-13	3.1228347464e-12	1.0106256440000001e-14	0.0	0.0	0.0	0.0	0.0
-6.624	2.2223676940000004e-12	4.4133345e-12	8.167191067e-11	2.642837576e-13	0.0	0.0	0.0	0.0	0.0
-6.592	4.748502645e-11	9.4296029e-11	1.7450771493999998e-09	5.64729448e-12	0.0	0.0	0.0	0.0	0.0
-6.560	8.293893689999999e-10	1.6469423e-09	3.0476248356e-08	9.862702439999999e-11	0.0	0.0	0.0	0.0	0.0
-6.528	1.1838390429999998e-08	2.3509176e-08	4.3508955218e-07	1.4077475170000001e-09	0.0	0.0	0.0	0.0	0.0
-6.496	1.3813819770000003e-07	2.7430585e-07	5.0757325255e-06	1.642459054e-08	0.0	0.0	0.0	0.0	0.0
-6.464	1.3175744199999998e-06	2.6165247e-06	4.842158492e-05	1.566773807e-07	0.0	0.0	0.0	0.0	0.0
-6.432	1.0276659957e-05	2.0405694000000004e-05	0.00037759722397	1.222049392e-06	0.0	0.0	0.0	0.0	0.0
-6.400	6.553205429000001e-05	0.000130126529	0.0024081389442	7.79329754e-06	0.0	0.0	0.0	0.0	0.0
-6.368	0.00034174932629999996	0.0006786285	0.012558660495	4.0644173619999995e-05	0.0	0.0	0.0	0.0	0.0
-6.336	0.0014578203269999999	0.0028947418	0.053572367656000014	0.0001733732992	0.0	0.0	0.0	0.0	0.0
-6.304	0.005085425416	0.010098822899999998	0.18688254271	0.000604783079	0.0	0.0	0.0	0.0	0.0
-6.272	0.01451308275	0.028818008	0.53330601622	0.0017253876960000001	0.0	0.0	0.0	0.0	0.0
-6.240	0.033881993699999995	0.067288877	1.2449385479	0.004028397119	0.0	0.0	0.0	0.0	0.0
-6.208	0.06470504112	0.128481843	2.3775889298	0.007694497290000001	0.0	0.0	0.0	0.0	0.0
-6.176	0.10109056833999998	0.20075733	3.715047631	0.012022284409999999	0.0	0.0	0.0	0.0	0.0
-6.145	0.12923321439999996	0.25662368999999996	4.7489108787	0.015364159349999998	0.0	0.0	0.0	0.0	0.0
-6.113	0.13515982279999997	0.26839765	4.966689709900001	0.016074492109999998	0.0	0.0	0.0	0.0	0.0
-6.081	0.11565376289	0.22966209	4.2506101074	0.013753303100000001	0.0	0.0	0.0	0.0	0.0
-6.049	0.08097352513999999	0.16079063	2.9752943252999997	0.009628909549999998	0.0	0.0	0.0	0.0	0.0
-6.017	0.04638466488999999	0.09209977899999999	1.7042484636	0.005515124220000001	0.0	0.0	0.0	0.0	0.0
-5.985	0.021732405700000002	0.043158457	0.7985061541	0.0025845855450000003	0.0	0.0	0.0	0.0	0.0
-5.953	0.008331177575000001	0.016543613999999998	0.30612700376	0.000990622203	0.0	0.0	0.0	0.0	0.0
-5.921	0.002612387006	0.0051869587	0.09599038372	0.0003106274678	0.0	0.0	0.0	0.0	0.0
-5.889	0.0006701109356999999	0.0013306416	0.024621572919	7.96772272e-05	0.0	0.0	0.0	0.0	0.0
-5.857	0.00014056899190000003	0.00027912151	0.0051644962383	1.671379626e-05	0.0	0.0	0.0	0.0	0.0
-5.825	2.4119421480000004e-05	4.7894087e-05	0.0008862515473999999	2.867966133e-06	0.0	0.0	0.0	0.0	0.0
-5.793	3.4149593550000012e-06	6.8225997e-06	0.00012649659692	4.03921258e-07	0.0	0.0	0.0	0.0	0.0
-5.761	7.216863499999998e-07	1.8475563e-06	3.6692058109999994e-05	6.285946599999999e-08	0.0	0.0	0.0	0.0	0.0
-5.729	2.863238483e-06	9.200156299999998e-06	0.0001914214812	1.4592922999999997e-07	0.0	0.0	0.0	0.0	0.0
-5.697	1.9589482629999996e-05	6.32425775e-05	0.0013171832310000001	9.8158866e-07	0.0	0.0	0.0	0.0	0.0
-5.665	0.00011099311716000002	0.00035832333	0.00746319907	5.5592175999999995e-06	0.0	0.0	0.0	0.0	0.0
-5.633	0.0005142626919999999	0.00166040486	0.034584332599999996	2.57617735e-05	0.0	0.0	0.0	0.0	0.0
-5.601	0.0019492460121	0.006292822920000001	0.13107966140000002	9.7636723e-05	0.0	0.0	0.0	0.0	0.0
-5.569	0.006042434086	0.0195096233	0.40639954399999995	0.0003026631	0.0	0.0	0.0	0.0	0.0
-5.538	0.015326175536000002	0.04948196619999999	1.030407799	0.00076760107	0.0	0.0	0.0	0.0	0.0
-5.506	0.031794408860000005	0.10265280600000003	2.1379578730000004	0.0015926390700000002	0.0	0.0	0.0	0.0	0.0
-5.474	0.05396676873000001	0.174227106	3.6292391399999997	0.00270315878	0.0	0.0	0.0	0.0	0.0
-5.442	0.07493458847	0.24193259500000003	5.03865929	0.0037538790000000003	0.0	0.0	0.0	0.0	0.0
-5.410	0.08513320476	0.274863924	5.72510157	0.004264668399999999	0.0	0.0	0.0	0.0	0.0
-5.378	0.07914509664	0.255496025	5.32141023	0.0039646518999999995	0.0	0.0	0.0	0.0	0.0
-5.346	0.06018189524999999	0.19431235200000002	4.04719105	0.0030149544	0.0	0.0	0.0	0.0	0.0
-5.314	0.037448037489999995	0.12090282	2.5180323200000005	0.00187563454	0.0	0.0	0.0	0.0	0.0
-5.282	0.01906231719	0.0615467525	1.281883812	0.0009548839	0.0	0.0	0.0	0.0	0.0
-5.250	0.007938753913999999	0.025629050700000003	0.533870562	0.00039763048	0.0	0.0	0.0	0.0	0.0
-5.218	0.0027043486399999997	0.0087296956	0.18184770919999999	0.00013546837500000002	0.0	0.0	0.0	0.0	0.0
-5.186	0.0007535864944000001	0.00243293179	0.0506806678	3.7751758000000005e-05	0.0	0.0	0.0	0.0	0.0
-5.154	0.00017176066875	0.000554551114	0.011548951949999999	8.6038396e-06	0.0	0.0	0.0	0.0	0.0
-5.122	3.201455675e-05	0.000103364134	0.0021528914360000005	1.6037281500000003e-06	0.0	0.0	0.0	0.0	0.0
-5.090	4.8797812470000005e-06	1.57552364e-05	0.000328167027	2.44458376e-07	0.0	0.0	0.0	0.0	0.0
-5.058	6.083810971999999e-07	1.96375593e-06	4.0899391000000006e-05	3.0472222e-08	0.0	0.0	0.0	0.0	0.0
-5.026	6.198935921e-08	2.00136729e-07	4.168341870000001e-06	3.1054291000000002e-09	0.0	0.0	0.0	0.0	0.0
-4.994	5.164626066e-09	1.66718233e-08	3.4726426099999995e-07	2.58688621e-10	0.0	0.0	0.0	0.0	0.0
-4.962	3.516898632e-10	1.13542272e-09	2.36491344e-08	1.7615699400000002e-11	0.0	0.0	0.0	0.0	0.0
-4.931	1.9574252005000005e-11	6.31929153e-11	1.3161464069999997e-09	9.803975700000001e-13	0.0	0.0	0.0	0.0	0.0
-4.899	8.903081720999998e-13	2.87439296e-12	5.985917060000001e-11	4.4601615e-14	0.0	0.0	0.0	0.0	0.0
-4.867	3.3062709829999993e-14	1.0674132599999998e-13	2.2232161640000005e-12	1.6561343400000002e-15	0.0	0.0	0.0	0.0	0.0
-4.835	1.0596452814e-15	3.4211925400000002e-15	7.125666770000001e-14	5.3086292e-17	0.0	0.0	0.0	0.0	0.0
-4.803	0.0	0.0	0.0	0.0	0.0	0.0	0.0	0.0	0.0
-4.771	0.0	0.0	0.0	0.0	0.0	0.0	0.0	0.0	0.0
-4.739	0.0	0.0	0.0	0.0	0.0	0.0	0.0	0.0	0.0
-4.707	0.0	0.0	0.0	0.0	0.0	0.0	0.0	0.0	0.0
-4.675	0.0	0.0	0.0	0.0	0.0	0.0	0.0	0.0	0.0
-4.643	0.0	0.0	0.0	0.0	0.0	0.0	0.0	0.0	0.0
-4.611	0.0	0.0	0.0	0.0	0.0	0.0	0.0	0.0	0.0
-4.579	0.0	0.0	0.0	0.0	0.0	0.0	0.0	0.0	0.0
-4.547	0.0	0.0	0.0	0.0	0.0	0.0	0.0	0.0	0.0
-4.515	0.0	0.0	0.0	0.0	0.0	0.0	0.0	0.0	0.0
-4.483	0.0	0.0	0.0	0.0	0.0	0.0	0.0	0.0	0.0
-4.451	0.0	0.0	0.0	0.0	0.0	0.0	0.0	0.0	0.0
-4.419	0.0	0.0	0.0	0.0	0.0	0.0	0.0	0.0	0.0
-4.387	0.0	0.0	0.0	0.0	0.0	0.0	0.0	0.0	0.0
-4.355	0.0	0.0	0.0	0.0	0.0	0.0	0.0	0.0	0.0
-4.324	0.0	0.0	0.0	0.0	0.0	0.0	0.0	0.0	0.0
-4.292	0.0	0.0	0.0	0.0	0.0	0.0	0.0	0.0	0.0
-4.260	0.0	0.0	0.0	0.0	0.0	0.0	0.0	0.0	0.0
-4.228	0.0	0.0	0.0	0.0	0.0	0.0	0.0	0.0	0.0
-4.196	0.0	0.0	0.0	0.0	0.0	0.0	0.0	0.0	0.0
-4.164	0.0	0.0	0.0	0.0	0.0	0.0	0.0	0.0	0.0
-4.132	0.0	0.0	0.0	0.0	0.0	0.0	0.0	0.0	0.0
-4.100	0.0	0.0	0.0	0.0	0.0	0.0	0.0	0.0	0.0
-4.068	0.0	0.0	0.0	0.0	0.0	0.0	0.0	0.0	0.0
-4.036	0.0	0.0	0.0	0.0	0.0	0.0	0.0	0.0	0.0
-4.004	0.0	0.0	0.0	0.0	0.0	0.0	0.0	0.0	0.0
-3.972	0.0	0.0	0.0	0.0	0.0	0.0	0.0	0.0	0.0
-3.940	0.0	0.0	0.0	0.0	0.0	0.0	0.0	0.0	0.0
-3.908	0.0	0.0	0.0	0.0	0.0	0.0	0.0	0.0	0.0
-3.876	0.0	0.0	0.0	0.0	0.0	0.0	0.0	0.0	0.0
-3.844	0.0	0.0	0.0	0.0	0.0	0.0	0.0	0.0	0.0
-3.812	0.0	0.0	0.0	0.0	0.0	0.0	0.0	0.0	0.0
-3.780	0.0	0.0	0.0	0.0	0.0	0.0	0.0	0.0	0.0
-3.748	0.0	0.0	0.0	0.0	0.0	0.0	0.0	0.0	0.0
-3.716	0.0	0.0	0.0	0.0	0.0	0.0	0.0	0.0	0.0
-3.685	0.0	0.0	0.0	0.0	0.0	0.0	0.0	0.0	0.0
-3.653	0.0	0.0	0.0	0.0	0.0	0.0	0.0	0.0	0.0
-3.621	0.0	0.0	0.0	0.0	0.0	0.0	0.0	0.0	0.0
-3.589	0.0	0.0	0.0	0.0	0.0	0.0	0.0	0.0	0.0
-3.557	0.0	0.0	0.0	0.0	0.0	0.0	0.0	0.0	0.0
-3.525	0.0	0.0	0.0	0.0	0.0	0.0	0.0	0.0	0.0
-3.493	0.0	0.0	0.0	0.0	0.0	0.0	0.0	0.0	0.0
-3.461	0.0	0.0	0.0	0.0	0.0	0.0	0.0	0.0	0.0
-3.429	0.0	0.0	0.0	0.0	0.0	0.0	0.0	0.0	0.0
-3.397	0.0	0.0	0.0	0.0	0.0	0.0	0.0	0.0	0.0
-3.365	0.0	0.0	0.0	0.0	0.0	0.0	0.0	0.0	0.0
-3.333	0.0	0.0	0.0	0.0	0.0	0.0	0.0	0.0	0.0
-3.301	0.0	0.0	0.0	0.0	0.0	0.0	0.0	0.0	0.0
-3.269	0.0	0.0	0.0	0.0	0.0	0.0	0.0	0.0	0.0
-3.237	0.0	0.0	0.0	0.0	0.0	0.0	0.0	0.0	0.0
-3.205	0.0	0.0	0.0	0.0	0.0	0.0	0.0	0.0	0.0
-3.173	0.0	0.0	0.0	0.0	0.0	0.0	0.0	0.0	0.0
-3.141	0.0	0.0	0.0	0.0	0.0	0.0	0.0	0.0	0.0
-3.109	0.0	0.0	0.0	0.0	0.0	0.0	0.0	0.0	0.0
-3.078	0.0	0.0	0.0	0.0	0.0	0.0	0.0	0.0	0.0
-3.046	0.0	0.0	0.0	0.0	0.0	0.0	0.0	0.0	0.0
-3.014	0.0	0.0	0.0	0.0	0.0	0.0	0.0	0.0	0.0
-2.982	0.0	0.0	0.0	0.0	0.0	0.0	0.0	0.0	0.0
-2.950	0.0	0.0	0.0	0.0	0.0	0.0	0.0	0.0	0.0
-2.918	0.0	0.0	0.0	0.0	0.0	0.0	0.0	0.0	0.0
-2.886	0.0	0.0	0.0	0.0	0.0	0.0	0.0	0.0	0.0
-2.854	0.0	0.0	0.0	0.0	0.0	0.0	0.0	0.0	0.0
-2.822	0.0	0.0	0.0	0.0	0.0	0.0	0.0	0.0	0.0
-2.790	0.0	0.0	0.0	0.0	0.0	0.0	0.0	0.0	0.0
-2.758	0.0	0.0	0.0	0.0	0.0	0.0	0.0	0.0	0.0
-2.726	0.0	0.0	0.0	0.0	0.0	0.0	0.0	0.0	0.0
-2.694	0.0	0.0	0.0	0.0	0.0	0.0	0.0	0.0	0.0
-2.662	0.0	0.0	0.0	0.0	0.0	0.0	0.0	0.0	0.0
-2.630	0.0	0.0	0.0	0.0	0.0	0.0	0.0	0.0	0.0
-2.598	0.0	0.0	0.0	0.0	0.0	0.0	0.0	0.0	0.0
-2.566	0.0	0.0	0.0	0.0	0.0	0.0	0.0	0.0	0.0
-2.534	0.0	0.0	0.0	0.0	0.0	0.0	0.0	0.0	0.0
-2.502	0.0	0.0	0.0	0.0	0.0	0.0	0.0	0.0	0.0
-2.471	0.0	0.0	0.0	0.0	0.0	0.0	0.0	0.0	0.0
-2.439	0.0	0.0	0.0	0.0	0.0	0.0	0.0	0.0	0.0
-2.407	0.0	0.0	0.0	0.0	0.0	0.0	0.0	0.0	0.0
-2.375	0.0	0.0	0.0	0.0	0.0	0.0	0.0	0.0	0.0
-2.343	0.0	0.0	0.0	0.0	0.0	0.0	0.0	0.0	0.0
-2.311	0.0	0.0	0.0	0.0	0.0	0.0	0.0	0.0	0.0
-2.279	0.0	0.0	0.0	0.0	0.0	0.0	0.0	0.0	0.0
-2.247	0.0	0.0	0.0	0.0	0.0	0.0	0.0	0.0	0.0
-2.215	0.0	0.0	0.0	0.0	0.0	0.0	0.0	0.0	0.0
-2.183	0.0	0.0	0.0	0.0	0.0	0.0	0.0	0.0	0.0
-2.151	0.0	0.0	0.0	0.0	0.0	0.0	0.0	0.0	0.0
-2.119	0.0	0.0	0.0	0.0	0.0	0.0	0.0	0.0	0.0
-2.087	0.0	0.0	0.0	0.0	0.0	0.0	0.0	0.0	0.0
-2.055	0.0	0.0	0.0	0.0	0.0	0.0	0.0	0.0	0.0
-2.023	0.0	0.0	0.0	0.0	0.0	0.0	0.0	0.0	0.0
-1.991	0.0	0.0	0.0	0.0	0.0	0.0	0.0	0.0	0.0
-1.959	0.0	0.0	0.0	0.0	0.0	0.0	0.0	0.0	0.0
-1.927	0.0	0.0	0.0	0.0	0.0	0.0	0.0	0.0	0.0
-1.895	0.0	0.0	0.0	0.0	0.0	0.0	0.0	0.0	0.0
-1.864	0.0	0.0	0.0	0.0	0.0	0.0	0.0	0.0	0.0
-1.832	0.0	0.0	0.0	0.0	0.0	0.0	0.0	0.0	0.0
-1.800	0.0	0.0	0.0	0.0	0.0	0.0	0.0	0.0	0.0
-1.768	0.0	0.0	0.0	0.0	0.0	0.0	0.0	0.0	0.0
-1.736	0.0	0.0	0.0	0.0	0.0	0.0	0.0	0.0	0.0
-1.704	0.0	0.0	0.0	0.0	0.0	0.0	0.0	0.0	0.0
-1.672	0.0	0.0	0.0	0.0	0.0	0.0	0.0	0.0	0.0
-1.640	0.0	0.0	0.0	0.0	0.0	0.0	0.0	0.0	0.0
-1.608	0.0	0.0	0.0	0.0	0.0	0.0	0.0	0.0	0.0
-1.576	0.0	0.0	0.0	0.0	0.0	0.0	0.0	0.0	0.0
-1.544	0.0	0.0	0.0	0.0	0.0	0.0	0.0	0.0	0.0
-1.512	0.0	0.0	0.0	0.0	0.0	0.0	0.0	0.0	0.0
-1.480	0.0	0.0	0.0	0.0	0.0	0.0	0.0	0.0	0.0
-1.448	0.0	0.0	0.0	0.0	0.0	0.0	0.0	0.0	0.0
-1.416	0.0	0.0	0.0	0.0	0.0	0.0	0.0	0.0	0.0
-1.384	4.0247628804999995e-16	8.3045552e-16	1.87088574e-14	3.288304629999999e-17	0.0	0.0	0.0	0.0	0.0
-1.352	1.3282439292000001e-14	2.7404531000000003e-14	6.1737841e-13	1.0850188e-15	0.0	0.0	0.0	0.0	0.0
-1.320	3.8122576998999994e-13	7.866616699999999e-13	1.77199406e-11	3.114328629999999e-14	0.0	0.0	0.0	0.0	0.0
-1.288	8.924831421e-12	1.84147208e-11	4.14829142e-10	7.2899067e-13	0.0	0.0	0.0	0.0	0.0
-1.257	1.7076553458e-10	3.5231107e-10	7.9356716e-09	1.3949505700000002e-11	0.0	0.0	0.0	0.0	0.0
-1.225	2.669788363e-09	5.5096975e-09	1.24104708e-07	2.1813326700000003e-10	0.0	0.0	0.0	0.0	0.0
-1.193	3.4128573883e-08	7.041982200000001e-08	1.58619148e-06	2.78791555e-09	0.0	0.0	0.0	0.0	0.0
-1.161	3.5659440612999996e-07	7.357120899999999e-07	1.6573019900000002e-05	2.9132193700000003e-08	0.0	0.0	0.0	0.0	0.0
-1.129	3.0460210335e-06	6.284702799999999e-06	0.000141576564	2.4880185599999996e-07	0.0	0.0	0.0	0.0	0.0
-1.097	2.1277239561000004e-05	4.3897022000000004e-05	0.00098881585	1.7381530100000002e-06	0.0	0.0	0.0	0.0	0.0
-1.065	0.00012152240483000001	0.00025073702	0.0056499645	9.9277324e-06	0.0	0.0	0.0	0.0	0.0
-1.033	0.0005676267926	0.0011712221500000002	0.0263846836	4.636968200000001e-05	0.0	0.0	0.0	0.0	0.0
-1.001	0.0021689013594	0.0044744702	0.10080821599999999	0.000177174954	0.0	0.0	0.0	0.0	0.0
-0.969	0.00677733539	0.0139842017	0.31502607800000004	0.00055374307	0.0	0.0	0.0	0.0	0.0
-0.937	0.017327124903	0.035749471	0.8052953300000001	0.0014154542300000002	0.0	0.0	0.0	0.0	0.0
-0.905	0.036231234635	0.074763625	1.68422859	0.00295996188	0.0	0.0	0.0	0.0	0.0
-0.873	0.06198686958999999	0.127912189	2.8813764699999993	0.00506403391	0.0	0.0	0.0	0.0	0.0
-0.841	0.08677294878999998	0.17902686900000003	4.03286752	0.0070882106	0.0	0.0	0.0	0.0	0.0
-0.809	0.09937162028	0.205037985	4.619330799999999	0.0081178558	0.0	0.0	0.0	0.0	0.0
-0.777	0.0931239951	0.192117081	4.327835100000001	0.007606484399999999	0.0	0.0	0.0	0.0	0.0
-0.745	0.07137886233	0.147272885	3.31775542	0.005831770699999999	0.0	0.0	0.0	0.0	0.0
-0.713	0.044777500864	0.09237014799999999	2.08100767	0.0036578598600000003	0.0	0.0	0.0	0.0	0.0
-0.681	0.022973075880999998	0.047401376	1.06779098	0.00187675882	0.0	0.0	0.0	0.0	0.0
-0.649	0.009643242703	0.0198978701	0.4482126	0.00078775162	0.0	0.0	0.0	0.0	0.0
-0.618	0.0033120730074	0.0068334764	0.153925857	0.00027055618	0.0	0.0	0.0	0.0	0.0
-0.586	0.0009302915294999999	0.0019192637200000002	0.043236419000000005	7.599421600000001e-05	0.0	0.0	0.0	0.0	0.0
-0.554	0.00021371962677	0.00044092290999999995	0.0099331338	1.74589724e-05	0.0	0.0	0.0	0.0	0.0
-0.522	4.0156521670000003e-05	8.2849933e-05	0.0018664814300000001	3.2807553100000003e-06	0.0	0.0	0.0	0.0	0.0
-0.490	6.1833765e-06	1.27417392e-05	0.00028679789	5.133901700000001e-07	0.0	0.0	0.0	0.0	0.0
-0.458	9.236673699999997e-07	1.7283824e-06	3.6208906e-05	1.77256197e-07	0.0	0.0	0.0	0.0	0.0
-0.426	1.55299324e-06	1.4443099999999997e-06	5.4329398e-06	1.1379715905999998e-06	0.0	0.0	0.0	0.0	0.0
-0.394	1.19693769e-05	1.0406182100000001e-05	1.4368416e-05	9.1869405098e-06	0.0	0.0	0.0	0.0	0.0
-0.362	7.9418806e-05	6.8991233e-05	9.3347953e-05	6.098832309e-05	0.0	0.0	0.0	0.0	0.0
-0.330	0.000431229597	0.0003746140499999999	0.0005067581	0.00033112321675999993	0.0	0.0	0.0	0.0	0.0
-0.298	0.0019145371300000001	0.0016631648999999998	0.0022498534	0.0014702030744499998	0.0	0.0	0.0	0.0	0.0
-0.266	0.006953801200000001	0.006039842900000001	0.0081702788	0.0053388692708	0.0	0.0	0.0	0.0	0.0
-0.234	0.0206545514	0.017942684	0.024272092	0.0158607708115	0.0	0.0	0.0	0.0	0.0
-0.202	0.0501945069	0.043597358	0.058980099999999994	0.038542152058999996	0.0	0.0	0.0	0.0	0.0
-0.170	0.099774264	0.08668605000000001	0.11724984999999999	0.07661231498400001	0.0	0.0	0.0	0.0	0.0
-0.138	0.16228627699999998	0.14096384999999997	0.19070122	0.12460971556	0.0	0.0	0.0	0.0	0.0
-0.106	0.21595486400000002	0.18760307000000004	0.25379795	0.16584357174	0.0	0.0	0.0	0.0	0.0
-0.074	0.235210029	0.20433757	0.27651877999999996	0.1806221643	0.0	0.0	0.0	0.0	0.0
-0.042	0.21001473999999998	0.18244007	0.24717118999999999	0.16121853899999997	0.0	0.0	0.0	0.0	0.0
-0.011	0.1549247	0.13456256	0.18345814	0.11876831100000002	0.0	0.0	0.0	0.0	0.0
0.021	0.09815679999999999	0.08518258800000003	0.11962378000000001	0.07477517	0.0	0.0	0.0	0.0	0.0
0.053	0.06254513	0.05408949	0.08420455000000002	0.04652202	0.0	0.0	0.0	0.0	0.0
0.085	0.05559462000000001	0.04776513	0.08734185000000001	0.03968445	0.0	0.0	0.0	0.0	0.0
0.117	0.07128859	0.060924660000000005	0.12090492999999998	0.04988478	0.0	0.0	0.0	0.0	0.0
0.149	0.09624149	0.08196537999999999	0.16457338999999999	0.0676617	0.0	0.0	0.0	0.0	0.0
0.181	0.1162158	0.09859056000000002	0.19545204	0.08310964000000001	0.0	0.0	0.0	0.0	0.0
0.213	0.12224259999999999	0.10320651000000002	0.19957597	0.08959003	0.0	0.0	0.0	0.0	0.0
0.245	0.113791	0.095622883	0.17856260999999998	0.08582267	0.0	0.0	0.0	0.0	0.0
0.277	0.09775099999999999	0.08209804199999998	0.14727097	0.07548917000000001	0.0	0.0	0.0	0.0	0.0
0.309	0.08559860000000001	0.07257680000000001	0.128239	0.0656914	0.0	0.0	0.0	0.0	0.0
0.341	0.09021889999999999	0.07748077	0.14824009999999999	0.0648872	0.0	0.0	0.0	0.0	0.0
0.373	0.12042549999999999	0.10256592999999997	0.2322787	0.07844599999999999	0.0	0.0	0.0	0.0	0.0
0.405	0.1731129	0.14279161	0.3871920000000001	0.10346370000000003	0.0	0.0	0.0	0.0	0.0
0.437	0.22957529999999998	0.18106102999999998	0.5800593	0.1278521	0.0	0.0	0.0	0.0	0.0
0.469	0.262942	0.1971567	0.7373799999999999	0.13741310000000004	0.0	0.0	0.0	0.0	0.0
0.501	0.25587069999999995	0.18181149	0.782413	0.12639019999999998	0.0	0.0	0.0	0.0	0.0
0.533	0.21327939999999998	0.14363494	0.6902005000000001	0.10249920000000001	0.0	0.0	0.0	0.0	0.0
0.565	0.1601621	0.10320702999999999	0.5096051999999999	0.0818298	0.0	0.0	0.0	0.0	0.0
0.596	0.124658	0.08003882999999998	0.32399780000000006	0.07875799999999998	0.0	0.0	0.0	0.0	0.0
0.628	0.1221352	0.0830189	0.19402760000000005	0.09775249999999998	0.0	0.0	0.0	0.0	0.0
0.660	0.1489406	0.10792500000000002	0.13116419999999998	0.1310059	0.0	0.0	0.0	0.0	0.0
0.692	0.1867471	0.14029460000000002	0.11257189999999999	0.16225469999999997	0.0	0.0	0.0	0.0	0.0
0.724	0.21269640000000004	0.16238619999999998	0.1088884	0.175282	0.0	0.0	0.0	0.0	0.0
0.756	0.21128959999999994	0.16263450000000002	0.10144669999999999	0.1635501	0.0	0.0	0.0	0.0	0.0
0.788	0.18297029999999997	0.1425658	0.0858622	0.1338839	0.0	0.0	0.0	0.0	0.0
0.820	0.14240390000000006	0.11449799999999999	0.06755080000000001	0.10108740000000001	0.0	0.0	0.0	0.0	0.0
0.852	0.1068969	0.0911046	0.053955399999999994	0.0771829	0.0	0.0	0.0	0.0	0.0
0.884	0.0843255	0.07655520000000002	0.047995199999999995	0.0645399	0.0	0.0	0.0	0.0	0.0
0.916	0.07131343999999999	0.0666221	0.0464966	0.0576725	0.0	0.0	0.0	0.0	0.0
0.948	0.06038182	0.055590600000000004	0.043862899999999996	0.0500928	0.0	0.0	0.0	0.0	0.0
0.980	0.04800904999999999	0.0420281	0.037046829999999996	0.0397566	0.0	0.0	0.0	0.0	0.0
1.012	0.037021750000000006	0.02894237	0.027604809999999997	0.0296388	0.0	0.0	0.0	0.0	0.0
1.044	0.03342735	0.020596329999999996	0.01970625	0.02469796	0.0	0.0	0.0	0.0	0.0
1.076	0.041406120000000005	0.01926433	0.016599379999999997	0.028092710000000003	0.0	0.0	0.0	0.0	0.0
1.108	0.05915485	0.023796730000000002	0.018386139999999995	0.03858884	0.0	0.0	0.0	0.0	0.0
1.140	0.07804129	0.03006046	0.02216419	0.05034479	0.0	0.0	0.0	0.0	0.0
1.172	0.08697966000000001	0.03314675	0.024105719999999997	0.055958940000000006	0.0	0.0	0.0	0.0	0.0
1.203	0.07993674999999999	0.0303847	0.02201669	0.05139104	0.0	0.0	0.0	0.0	0.0
1.235	0.06020566000000001	0.02287428	0.01656096	0.03870414	0.0	0.0	0.0	0.0	0.0
1.267	0.037119999	0.014100520000000002	0.010207039999999999	0.023860430000000002	0.0	0.0	0.0	0.0	0.0
1.299	0.018723748000000002	0.00711237	0.005148188	0.012036810000000002	0.0	0.0	0.0	0.0	0.0
1.331	0.007727724000000001	0.002935338	0.002124707	0.0049672299999999996	0.0	0.0	0.0	0.0	0.0
1.363	0.0026084282	0.00099094	0.000717168	0.0016770280000000001	0.0	0.0	0.0	0.0	0.0
1.395	0.0007203879	0.0002736486	0.0001980707	0.00046313310000000005	0.0	0.0	0.0	0.0	0.0
1.427	0.00016273213	6.18145e-05	4.473504000000001e-05	0.0001046038	0.0	0.0	0.0	0.0	0.0
1.459	3.0054217e-05	1.141764e-05	8.26373e-06	1.932117e-05	0.0	0.0	0.0	0.0	0.0
1.491	4.5406232000000005e-06	1.7246809999999999e-06	1.248275e-06	2.918889e-06	0.0	0.0	0.0	0.0	0.0
1.523	5.608475e-07	2.130434e-07	1.541942e-07	3.6053570000000004e-07	0.0	0.0	0.0	0.0	0.0
1.555	5.663942999999999e-08	2.151298e-08	1.557222e-08	3.640881e-08	0.0	0.0	0.0	0.0	0.0
1.587	4.6756254000000005e-09	1.776097e-09	1.2855e-09	3.0056829999999996e-09	0.0	0.0	0.0	0.0	0.0
1.619	3.1550708e-10	1.198567e-10	8.674580000000002e-11	2.0283729999999999e-10	0.0	0.0	0.0	0.0	0.0
1.651	1.7405213999999998e-11	6.610930000000001e-12	4.784815999999999e-12	1.1186929999999999e-11	0.0	0.0	0.0	0.0	0.0
1.683	7.845581000000002e-13	2.97992e-13	2.156823e-13	5.043486e-13	0.0	0.0	0.0	0.0	0.0
1.715	2.889577e-14	1.097493e-14	7.94338e-15	1.8571980000000003e-14	0.0	0.0	0.0	0.0	0.0
1.747	8.624199000000001e-16	3.275947e-16	2.3711399999999994e-16	5.544160000000001e-16	0.0	0.0	0.0	0.0	0.0
1.779	0.0	0.0	0.0	0.0	0.0	0.0	0.0	0.0	0.0
1.811	0.0	0.0	0.0	0.0	0.0	0.0	0.0	0.0	0.0
1.842	0.0	0.0	0.0	0.0	0.0	0.0	0.0	0.0	0.0
1.874	0.0	0.0	0.0	0.0	0.0	0.0	0.0	0.0	0.0
1.906	0.0	0.0	0.0	0.0	0.0	0.0	0.0	0.0	0.0
1.938	0.0	0.0	0.0	0.0	0.0	0.0	0.0	0.0	0.0
1.970	0.0	0.0	0.0	0.0	0.0	0.0	0.0	0.0	0.0
2.002	0.0	0.0	0.0	0.0	0.0	0.0	0.0	0.0	0.0
2.034	0.0	0.0	0.0	0.0	0.0	0.0	0.0	0.0	0.0
2.066	0.0	0.0	0.0	0.0	0.0	0.0	0.0	0.0	0.0
2.098	0.0	0.0	0.0	0.0	0.0	0.0	0.0	0.0	0.0
2.130	0.0	0.0	0.0	0.0	0.0	0.0	0.0	0.0	0.0
2.162	0.0	0.0	0.0	0.0	0.0	0.0	0.0	0.0	0.0
2.194	0.0	0.0	0.0	0.0	0.0	0.0	0.0	0.0	0.0
2.226	0.0	0.0	0.0	0.0	0.0	0.0	0.0	0.0	0.0
2.258	0.0	0.0	0.0	0.0	0.0	0.0	0.0	0.0	0.0
2.290	0.0	0.0	0.0	0.0	0.0	0.0	0.0	0.0	0.0
2.322	0.0	0.0	0.0	0.0	0.0	0.0	0.0	0.0	0.0
2.354	0.0	0.0	0.0	0.0	0.0	0.0	0.0	0.0	0.0
2.386	0.0	0.0	0.0	0.0	0.0	0.0	0.0	0.0	0.0
2.418	0.0	0.0	0.0	0.0	0.0	0.0	0.0	0.0	0.0
2.449	0.0	0.0	0.0	0.0	0.0	0.0	0.0	0.0	0.0
2.481	0.0	0.0	0.0	0.0	0.0	0.0	0.0	0.0	0.0
2.513	0.0	0.0	0.0	0.0	0.0	0.0	0.0	0.0	0.0
2.545	0.0	0.0	0.0	0.0	0.0	0.0	0.0	0.0	0.0
2.577	0.0	0.0	0.0	0.0	0.0	0.0	0.0	0.0	0.0
2.609	0.0	0.0	0.0	0.0	0.0	0.0	0.0	0.0	0.0
