-9.663685849999998	0.0	0.0	0.0	0.0	0.0	0.0	0.0	0.0	0.0
-9.642685850000001	0.0	0.0	0.0	0.0	0.0	0.0	0.0	0.0	0.0
-9.622685849999998	0.0	0.0	0.0	0.0	0.0	0.0	0.0	0.0	0.0
-9.60168585	0.0	0.0	0.0	0.0	0.0	0.0	0.0	0.0	0.0
-9.58068585	0.0	0.0	0.0	0.0	0.0	0.0	0.0	0.0	0.0
-9.55968585	0.0	0.0	0.0	0.0	0.0	0.0	0.0	0.0	0.0
-9.538685849999998	0.0	0.0	0.0	0.0	0.0	0.0	0.0	0.0	0.0
-9.517685850000001	0.0	0.0	0.0	0.0	0.0	0.0	0.0	0.0	0.0
-9.49668585	0.0	0.0	0.0	0.0	0.0	0.0	0.0	0.0	0.0
-9.47668585	0.0	0.0	0.0	0.0	0.0	0.0	0.0	0.0	0.0
-9.45568585	0.0	0.0	0.0	0.0	0.0	0.0	0.0	0.0	0.0
-9.43468585	0.0	0.0	0.0	0.0	0.0	0.0	0.0	0.0	0.0
-9.413685849999998	0.0	0.0	0.0	0.0	0.0	0.0	0.0	0.0	0.0
-9.392685850000001	0.0	0.0	0.0	0.0	0.0	0.0	0.0	0.0	0.0
-9.37168585	0.0	0.0	0.0	0.0	0.0	0.0	0.0	0.0	0.0
-9.35068585	0.0	0.0	0.0	0.0	0.0	0.0	0.0	0.0	0.0
-9.329685849999999	0.0	0.0	0.0	0.0	0.0	0.0	0.0	0.0	0.0
-9.30968585	0.0	0.0	0.0	0.0	0.0	0.0	0.0	0.0	0.0
-9.288685849999998	0.0	0.0	0.0	0.0	0.0	0.0	0.0	0.0	0.0
-9.267685850000001	0.0	0.0	0.0	0.0	0.0	0.0	0.0	0.0	0.0
-9.24668585	7.4947e-15	9.7180004257e-17	9.7182001159e-17	9.7132003452e-17	0.0	0.0	0.0	0.0	0.0
-9.22568585	5.9953e-14	7.7740003406e-16	7.77350009274e-16	7.7704002761e-16	0.0	0.0	0.0	0.0	0.0
-9.204685849999999	6.2207e-13	8.0650003534e-15	8.065800096210001e-15	8.0611002865e-15	0.0	0.0	0.0	0.0	0.0
-9.183685849999998	5.8569e-12	7.5940003327e-14	7.594400090590001e-14	7.5901002698e-14	0.0	0.0	0.0	0.0	0.0
-9.16268585	5.0576e-11	6.558000287299999e-13	6.55830007824e-13	6.555300233e-13	0.0	0.0	0.0	0.0	0.0
-9.142685850000001	4.0059000000000006e-10	5.1937002275e-12	5.19370006195e-12	5.191500184499999e-12	0.0	0.0	0.0	0.0	0.0
-9.12168585	2.9085e-09	3.7719001652000004e-11	3.77089004499e-11	3.769800134e-11	0.0	0.0	0.0	0.0	0.0
-9.10068585	1.9365000000000002e-08	2.51150011e-10	2.5119500299600003e-10	2.51003008921e-10	0.0	0.0	0.0	0.0	0.0
-9.079685849999999	1.1829000000000001e-07	1.5338000672e-09	1.5337200183000002e-09	1.53298005448e-09	0.0	0.0	0.0	0.0	0.0
-9.058685849999998	6.624500000000001e-07	8.5890003763e-09	8.5888001025e-09	8.5845003051e-09	0.0	0.0	0.0	0.0	0.0
-9.03768585	3.4016e-06	4.4117001932999996e-08	4.41140005262e-08	4.4091001567e-08	0.0	0.0	0.0	0.0	0.0
-9.01668585	1.6021999999999997e-05	2.07760009103e-07	2.07729002478e-07	2.0766000738000002e-07	0.0	0.0	0.0	0.0	0.0
-8.99568585	6.9212e-05	8.9730003932e-07	8.9744001071e-07	8.9691003188e-07	0.0	0.0	0.0	0.0	0.0
-8.97568585	0.00027418	3.5543001556999997e-06	3.5544100423999995e-06	3.5535001263e-06	0.0	0.0	0.0	0.0	0.0
-8.954685849999999	0.00099586	1.29130005657e-05	1.2912400154e-05	1.2906200458699998e-05	0.0	0.0	0.0	0.0	0.0
-8.933685849999998	0.0033175	4.3019001885e-05	4.30260005132e-05	4.2999001527999996e-05	0.0	0.0	0.0	0.0	0.0
-8.91268585	0.010136600000000003	0.00013144000575900002	0.000131441001568	0.00013137800466900002	0.0	0.0	0.0	0.0	0.0
-8.89168585	0.028406999999999998	0.00036830001613999993	0.000368195004393	0.00036814001308	0.0	0.0	0.0	0.0	0.0
-8.87068585	0.072988	0.00094640004146	0.00094644001129	0.00094597003362	0.0	0.0	0.0	0.0	0.0
-8.849685849999998	0.17203000000000002	0.00223050009772	0.0022308500266099997	0.00222903007923	0.0	0.0	0.0	0.0	0.0
-8.828685850000001	0.37179	0.0048211002112	0.0048202000575099995	0.0048179001712	0.0	0.0	0.0	0.0	0.0
-8.808685849999998	0.73696	0.0095570004187	0.009556700114	0.009551500339499999	0.0	0.0	0.0	0.0	0.0
-8.78768585	1.3397	0.017373000761200002	0.0173729002072	0.0173645006171	0.0	0.0	0.0	0.0	0.0
-8.76668585	2.2343	0.028966001268999998	0.0289628003455	0.028957001029	0.0	0.0	0.0	0.0	0.0
-8.74568585	3.4160999999999997	0.044290001940999996	0.04429000052840001	0.044266001573	0.0	0.0	0.0	0.0	0.0
-8.724685849999998	4.7905	0.06211000272099999	0.062111000741	0.062088002207000004	0.0	0.0	0.0	0.0	0.0
-8.703685850000001	6.161499999999999	0.0799000035	0.07990000095309999	0.079857002838	0.0	0.0	0.0	0.0	0.0
-8.68268585	7.2687	0.09424000412900001	0.09423900112399998	0.09419300334800002	0.0	0.0	0.0	0.0	0.0
-8.66168585	7.8636	0.101970004467	0.10196200121599999	0.101907003622	0.0	0.0	0.0	0.0	0.0
-8.64168585	7.8016000000000005	0.10116000443199999	0.101171001207	0.101110003594	0.0	0.0	0.0	0.0	0.0
-8.62068585	7.099399999999999	0.092060004033	0.09205200109799999	0.09200800327	0.0	0.0	0.0	0.0	0.0
-8.599685849999998	5.9257	0.076830003366	0.0768340009165	0.07678700272899999	0.0	0.0	0.0	0.0	0.0
-8.578685850000001	4.5352	0.058800002576	0.0588040007015	0.058778002089	0.0	0.0	0.0	0.0	0.0
-8.55768585	3.1838000000000006	0.041273001809	0.0412890004924	0.041261001466	0.0	0.0	0.0	0.0	0.0
-8.53668585	2.0499	0.026577001163999997	0.026568500316999998	0.0265643009441	0.0	0.0	0.0	0.0	0.0
-8.515685849999999	1.2103000000000002	0.0156940006875	0.015693500187199998	0.015684900557400003	0.0	0.0	0.0	0.0	0.0
-8.494685849999998	0.6553899999999999	0.0084980003723	0.0084986001014	0.0084948003019	0.0	0.0	0.0	0.0	0.0
-8.474685849999998	0.32548	0.0042201001849	0.0042202000503500006	0.0042179001499000005	0.0	0.0	0.0	0.0	0.0
-8.453685850000001	0.14823999999999998	0.00192230008422	0.00192227002293	0.00192144006828	0.0	0.0	0.0	0.0	0.0
-8.43268585	0.06192899999999999	0.00080310003518	0.0008030600095789999	0.00080261002852	0.0	0.0	0.0	0.0	0.0
-8.41168585	0.023728	0.00030763001348000003	0.0003076420036700001	0.00030749001093	0.0	0.0	0.0	0.0	0.0
-8.390685849999999	0.0083354	0.00010808000473500001	0.000108082001289	0.00010802700383899999	0.0	0.0	0.0	0.0	0.0
-8.369685849999998	0.002686	3.4826001526e-05	3.48299004154e-05	3.4804001237000005e-05	0.0	0.0	0.0	0.0	0.0
-8.34868585	0.0007936600000000001	1.0292000450900001e-05	1.0290700122799999e-05	1.02858003656e-05	0.0	0.0	0.0	0.0	0.0
-8.328685850000001	0.00021507	2.7889001222e-06	2.7895600332700003e-06	2.78750009907e-06	0.0	0.0	0.0	0.0	0.0
-8.30768585	5.345799999999999e-05	6.931000303700001e-07	6.93180008269e-07	6.927900246199999e-07	0.0	0.0	0.0	0.0	0.0
-8.28668585	1.2183999999999999e-05	1.57980006922e-07	1.57982001885e-07	1.57899005612e-07	0.0	0.0	0.0	0.0	0.0
-8.265685849999999	2.5464000000000003e-06	3.3025001447e-08	3.30273003939e-08	3.3000001173e-08	0.0	0.0	0.0	0.0	0.0
-8.244685849999998	4.8814e-07	6.3300002773000005e-09	6.3298000755100005e-09	6.3268002248e-09	0.0	0.0	0.0	0.0	0.0
-8.22368585	8.581e-08	1.11270004875e-09	1.11268001327e-09	1.11218003953e-09	0.0	0.0	0.0	0.0	0.0
-8.20268585	1.3834e-08	1.79370007859e-10	1.7938200214000002e-10	1.79284006372e-10	0.0	0.0	0.0	0.0	0.0
-8.18168585	2.0451e-09	2.6517001162e-11	2.65130003163e-11	2.6499200942e-11	0.0	0.0	0.0	0.0	0.0
-8.16168585	2.7722e-10	3.5944001575e-12	3.59503004288e-12	3.5929001277e-12	0.0	0.0	0.0	0.0	0.0
-8.140685849999999	3.4461e-11	4.4692001958e-13	4.4696000533100007e-13	4.4661001588e-13	0.0	0.0	0.0	0.0	0.0
-8.119685849999998	3.934899999999999e-12	5.1010002235e-14	5.10140006086e-14	5.0997001812e-14	0.0	0.0	0.0	0.0	0.0
-8.09868585	4.0472e-13	5.2475002299e-15	5.2476000626e-15	5.2450001864e-15	0.0	0.0	0.0	0.0	0.0
-8.07768585	4.4969999999999997e-14	5.830000255399999e-16	5.829900069550001e-16	5.8285002071000005e-16	0.0	0.0	0.0	0.0	0.0
-8.05668585	0.0	0.0	0.0	0.0	0.0	0.0	0.0	0.0	0.0
-8.035685849999998	0.0	0.0	0.0	0.0	0.0	0.0	0.0	0.0	0.0
-8.014685850000001	0.0	0.0	0.0	0.0	0.0	0.0	0.0	0.0	0.0
-7.994685849999998	0.0	0.0	0.0	0.0	0.0	0.0	0.0	0.0	0.0
-7.973685850000001	0.0	0.0	0.0	0.0	0.0	0.0	0.0	0.0	0.0
-7.95268585	0.0	0.0	0.0	0.0	0.0	0.0	0.0	0.0	0.0
-7.931685849999999	0.0	0.0	0.0	0.0	0.0	0.0	0.0	0.0	0.0
-7.910685849999998	0.0	0.0	0.0	0.0	0.0	0.0	0.0	0.0	0.0
-7.889685850000001	0.0	0.0	0.0	0.0	0.0	0.0	0.0	0.0	0.0
-7.86868585	0.0	0.0	0.0	0.0	0.0	0.0	0.0	0.0	0.0
-7.8476858499999995	0.0	0.0	0.0	0.0	0.0	0.0	0.0	0.0	0.0
-7.82768585	0.0	0.0	0.0	0.0	0.0	0.0	0.0	0.0	0.0
-7.806685849999999	0.0	0.0	0.0	0.0	0.0	0.0	0.0	0.0	0.0
-7.785685849999998	0.0	0.0	0.0	0.0	0.0	0.0	0.0	0.0	0.0
-7.764685850000001	0.0	0.0	0.0	0.0	0.0	0.0	0.0	0.0	0.0
-7.74368585	0.0	0.0	0.0	0.0	0.0	0.0	0.0	0.0	0.0
-7.7226858499999995	0.0	0.0	0.0	0.0	0.0	0.0	0.0	0.0	0.0
-7.701685849999999	0.0	0.0	0.0	0.0	0.0	0.0	0.0	0.0	0.0
-7.680685849999998	0.0	0.0	0.0	0.0	0.0	0.0	0.0	0.0	0.0
-7.660685849999998	0.0	0.0	0.0	0.0	0.0	0.0	0.0	0.0	0.0
-7.639685850000001	0.0	0.0	0.0	0.0	0.0	0.0	0.0	0.0	0.0
-7.61868585	0.0	0.0	0.0	0.0	0.0	0.0	0.0	0.0	0.0
-7.5976858499999995	0.0	0.0	0.0	0.0	0.0	0.0	0.0	0.0	0.0
-7.576685849999999	0.0	0.0	0.0	0.0	0.0	0.0	0.0	0.0	0.0
-7.555685849999998	0.0	0.0	0.0	0.0	0.0	0.0	0.0	0.0	0.0
-7.534685850000001	0.0	0.0	0.0	0.0	0.0	0.0	0.0	0.0	0.0
-7.51368585	0.0	0.0	0.0	0.0	0.0	0.0	0.0	0.0	0.0
-7.49368585	0.0	0.0	0.0	0.0	0.0	0.0	0.0	0.0	0.0
-7.4726858499999995	0.0	0.0	0.0	0.0	0.0	0.0	0.0	0.0	0.0
-7.451685849999999	0.0	0.0	0.0	0.0	0.0	0.0	0.0	0.0	0.0
-7.430685849999998	0.0	0.0	0.0	0.0	0.0	0.0	0.0	0.0	0.0
-7.409685850000001	0.0	0.0	0.0	0.0	0.0	0.0	0.0	0.0	0.0
-7.38868585	0.0	0.0	0.0	0.0	0.0	0.0	0.0	0.0	0.0
-7.367685849999999	0.0	0.0	0.0	0.0	0.0	0.0	0.0	0.0	0.0
-7.346685849999998	0.0	0.0	0.0	0.0	0.0	0.0	0.0	0.0	0.0
-7.326685849999999	0.0	0.0	0.0	0.0	0.0	0.0	0.0	0.0	0.0
-7.305685849999998	0.0	0.0	0.0	0.0	0.0	0.0	0.0	0.0	0.0
-7.284685850000001	0.0	0.0	0.0	0.0	0.0	0.0	0.0	0.0	0.0
-7.26368585	0.0	0.0	0.0	0.0	0.0	0.0	0.0	0.0	0.0
-7.242685849999999	0.0	0.0	0.0	0.0	0.0	0.0	0.0	0.0	0.0
-7.221685849999998	0.0	0.0	0.0	0.0	0.0	0.0	0.0	0.0	0.0
-7.200685850000001	0.0	0.0	0.0	0.0	0.0	0.0	0.0	0.0	0.0
-7.180685849999998	0.0	0.0	0.0	0.0	0.0	0.0	0.0	0.0	0.0
-7.159685850000001	0.0	0.0	0.0	0.0	0.0	0.0	0.0	0.0	0.0
-7.13868585	0.0	0.0	0.0	0.0	0.0	0.0	0.0	0.0	0.0
-7.117685849999999	0.0	0.0	0.0	0.0	0.0	0.0	0.0	0.0	0.0
-7.096685849999998	0.0	0.0	0.0	0.0	0.0	0.0	0.0	0.0	0.0
-7.075685850000001	0.0	0.0	0.0	0.0	0.0	0.0	0.0	0.0	0.0
-7.05468585	0.0	0.0	0.0	0.0	0.0	0.0	0.0	0.0	0.0
-7.0336858499999995	0.0	0.0	0.0	0.0	0.0	0.0	0.0	0.0	0.0
-7.01368585	0.0	0.0	0.0	0.0	0.0	0.0	0.0	0.0	0.0
-6.992685849999999	0.0	0.0	0.0	0.0	0.0	0.0	0.0	0.0	0.0
-6.971685849999998	0.0	0.0	0.0	0.0	0.0	0.0	0.0	0.0	0.0
-6.950685850000001	0.0	0.0	0.0	0.0	0.0	0.0	0.0	0.0	0.0
-6.92968585	0.0	0.0	0.0	0.0	0.0	0.0	0.0	0.0	0.0
-6.9086858499999995	0.0	0.0	0.0	0.0	0.0	0.0	0.0	0.0	0.0
-6.887685849999999	0.0	0.0	0.0	0.0	0.0	0.0	0.0	0.0	0.0
-6.866685849999998	0.0	0.0	0.0	0.0	0.0	0.0	0.0	0.0	0.0
-6.846685849999998	0.0	0.0	0.0	0.0	0.0	0.0	0.0	0.0	0.0
-6.825685850000001	0.0	0.0	0.0	0.0	0.0	0.0	0.0	0.0	0.0
-6.80468585	0.0	0.0	0.0	0.0	0.0	0.0	0.0	0.0	0.0
-6.7836858499999995	0.0	0.0	0.0	0.0	0.0	0.0	0.0	0.0	0.0
-6.762685849999999	0.0	0.0	0.0	0.0	0.0	0.0	0.0	0.0	0.0
-6.741685849999998	0.0	0.0	0.0	0.0	0.0	0.0	0.0	0.0	0.0
-6.720685849999999	0.0	0.0	0.0	0.0	0.0	0.0	0.0	0.0	0.0
-6.69968585	0.0	0.0	0.0	0.0	0.0	0.0	0.0	0.0	0.0
-6.67968585	0.0	0.0	0.0	0.0	0.0	0.0	0.0	0.0	0.0
-6.6586858499999995	0.0	0.0	0.0	0.0	0.0	0.0	0.0	0.0	0.0
-6.63768585	0.0	0.0	0.0	0.0	0.0	0.0	0.0	0.0	0.0
-6.61668585	0.0	0.0	0.0	0.0	0.0	0.0	0.0	0.0	0.0
-6.595685849999999	0.0	0.0	0.0	0.0	0.0	0.0	0.0	0.0	0.0
-6.57468585	0.0	0.0	0.0	0.0	0.0	0.0	0.0	0.0	0.0
-6.553685849999999	0.0	0.0	0.0	0.0	0.0	0.0	0.0	0.0	0.0
-6.53268585	0.0	0.0	0.0	0.0	0.0	0.0	0.0	0.0	0.0
-6.51268585	0.0	0.0	0.0	0.0	0.0	0.0	0.0	0.0	0.0
-6.49168585	0.0	0.0	0.0	0.0	0.0	0.0	0.0	0.0	0.0
-6.470685849999999	0.0	0.0	0.0	0.0	0.0	0.0	0.0	0.0	0.0
-6.44968585	0.0	0.0	0.0	0.0	0.0	0.0	0.0	0.0	0.0
-6.428685849999999	0.0	0.0	0.0	0.0	0.0	0.0	0.0	0.0	0.0
-6.40768585	0.0	0.0	0.0	0.0	0.0	0.0	0.0	0.0	0.0
-6.386685849999999	0.0	0.0	0.0	0.0	0.0	0.0	0.0	0.0	0.0
-6.36568585	0.0	0.0	0.0	0.0	0.0	0.0	0.0	0.0	0.0
-6.345685849999999	0.0	0.0	0.0	0.0	0.0	0.0	0.0	0.0	0.0
-6.32468585	0.0	0.0	0.0	0.0	0.0	0.0	0.0	0.0	0.0
-6.303685849999999	0.0	0.0	0.0	0.0	0.0	0.0	0.0	0.0	0.0
-6.28268585	0.0	0.0	0.0	0.0	0.0	0.0	0.0	0.0	0.0
-6.261685849999999	0.0	0.0	0.0	0.0	0.0	0.0	0.0	0.0	0.0
-6.24068585	0.0	0.0	0.0	0.0	0.0	0.0	0.0	0.0	0.0
-6.219685849999999	0.0	0.0	0.0	0.0	0.0	0.0	0.0	0.0	0.0
-6.19868585	0.0	0.0	0.0	0.0	0.0	0.0	0.0	0.0	0.0
-6.178685849999999	0.0	0.0	0.0	0.0	0.0	0.0	0.0	0.0	0.0
-6.15768585	0.0	0.0	0.0	0.0	0.0	0.0	0.0	0.0	0.0
-6.136685849999999	0.0	0.0	0.0	0.0	0.0	0.0	0.0	0.0	0.0
-6.11568585	0.0	0.0	0.0	0.0	0.0	0.0	0.0	0.0	0.0
-6.094685849999999	0.0	0.0	0.0	0.0	0.0	0.0	0.0	0.0	0.0
-6.07368585	0.0	0.0	0.0	0.0	0.0	0.0	0.0	0.0	0.0
-6.05268585	0.0	0.0	0.0	0.0	0.0	0.0	0.0	0.0	0.0
-6.03268585	0.0	0.0	0.0	0.0	0.0	0.0	0.0	0.0	0.0
-6.011685849999999	0.0	0.0	0.0	0.0	0.0	0.0	0.0	0.0	0.0
-5.99068585	0.0	0.0	0.0	0.0	0.0	0.0	0.0	0.0	0.0
-5.969685849999999	0.0	0.0	0.0	0.0	0.0	0.0	0.0	0.0	0.0
-5.94868585	0.0	0.0	0.0	0.0	0.0	0.0	0.0	0.0	0.0
-5.92768585	0.0	0.0	0.0	0.0	0.0	0.0	0.0	0.0	0.0
-5.906685849999999	0.0	0.0	0.0	0.0	0.0	0.0	0.0	0.0	0.0
-5.88568585	0.0	0.0	0.0	0.0	0.0	0.0	0.0	0.0	0.0
-5.86568585	0.0	0.0	0.0	0.0	0.0	0.0	0.0	0.0	0.0
-5.844685849999999	0.0	0.0	0.0	0.0	0.0	0.0	0.0	0.0	0.0
-5.82368585	0.0	0.0	0.0	0.0	0.0	0.0	0.0	0.0	0.0
-5.80268585	0.0	0.0	0.0	0.0	0.0	0.0	0.0	0.0	0.0
-5.781685849999999	0.0	0.0	0.0	0.0	0.0	0.0	0.0	0.0	0.0
-5.76068585	0.0	0.0	0.0	0.0	0.0	0.0	0.0	0.0	0.0
-5.739685849999999	0.0	0.0	0.0	0.0	0.0	0.0	0.0	0.0	0.0
-5.71868585	0.0	0.0	0.0	0.0	0.0	0.0	0.0	0.0	0.0
-5.69868585	0.0	0.0	0.0	0.0	0.0	0.0	0.0	0.0	0.0
-5.67768585	0.0	0.0	0.0	0.0	0.0	0.0	0.0	0.0	0.0
-5.656685849999999	0.0	0.0	0.0	0.0	0.0	0.0	0.0	0.0	0.0
-5.63568585	0.0	0.0	0.0	0.0	0.0	0.0	0.0	0.0	0.0
-5.614685849999999	0.0	0.0	0.0	0.0	0.0	0.0	0.0	0.0	0.0
-5.59368585	0.0	0.0	0.0	0.0	0.0	0.0	0.0	0.0	0.0
-5.572685849999999	0.0	0.0	0.0	0.0	0.0	0.0	0.0	0.0	0.0
-5.55168585	0.0	0.0	0.0	0.0	0.0	0.0	0.0	0.0	0.0
-5.531685849999999	0.0	0.0	0.0	0.0	0.0	0.0	0.0	0.0	0.0
-5.51068585	0.0	0.0	0.0	0.0	0.0	0.0	0.0	0.0	0.0
-5.489685849999999	0.0	0.0	0.0	0.0	0.0	0.0	0.0	0.0	0.0
-5.46868585	0.0	0.0	0.0	0.0	0.0	0.0	0.0	0.0	0.0
-5.447685849999999	0.0	0.0	0.0	0.0	0.0	0.0	0.0	0.0	0.0
-5.42668585	0.0	0.0	0.0	0.0	0.0	0.0	0.0	0.0	0.0
-5.405685849999999	0.0	0.0	0.0	0.0	0.0	0.0	0.0	0.0	0.0
-5.38468585	0.0	0.0	0.0	0.0	0.0	0.0	0.0	0.0	0.0
-5.364685849999999	0.0	0.0	0.0	0.0	0.0	0.0	0.0	0.0	0.0
-5.34368585	0.0	0.0	0.0	0.0	0.0	0.0	0.0	0.0	0.0
-5.322685849999999	0.0	0.0	0.0	0.0	0.0	0.0	0.0	0.0	0.0
-5.30168585	0.0	0.0	0.0	0.0	0.0	0.0	0.0	0.0	0.0
-5.280685849999999	0.0	0.0	0.0	0.0	0.0	0.0	0.0	0.0	0.0
-5.25968585	0.0	0.0	0.0	0.0	0.0	0.0	0.0	0.0	0.0
-5.2386858499999995	0.0	0.0	0.0	0.0	0.0	0.0	0.0	0.0	0.0
-5.2176858500000005	0.0	0.0	0.0	0.0	0.0	0.0	0.0	0.0	0.0
-5.197685849999999	0.0	0.0	0.0	0.0	0.0	0.0	0.0	0.0	0.0
-5.17668585	0.0	0.0	0.0	0.0	0.0	0.0	0.0	0.0	0.0
-5.155685849999999	0.0	0.0	0.0	0.0	0.0	0.0	0.0	0.0	0.0
-5.13468585	0.0	0.0	0.0	0.0	0.0	0.0	0.0	0.0	0.0
-5.1136858499999995	0.0	0.0	0.0	0.0	0.0	0.0	0.0	0.0	0.0
-5.0926858500000005	0.0	0.0	0.0	0.0	0.0	0.0	0.0	0.0	0.0
-5.07168585	0.0	0.0	0.0	0.0	0.0	0.0	0.0	0.0	0.0
-5.050685849999999	0.0	0.0	0.0	0.0	0.0	0.0	0.0	0.0	0.0
-5.030685849999999	0.0	0.0	0.0	0.0	0.0	0.0	0.0	0.0	0.0
-5.00968585	0.0	0.0	0.0	0.0	0.0	0.0	0.0	0.0	0.0
-4.9886858499999995	0.0	0.0	0.0	0.0	0.0	0.0	0.0	0.0	0.0
-4.9676858500000005	0.0	0.0	0.0	0.0	0.0	0.0	0.0	0.0	0.0
-4.94668585	0.0	0.0	0.0	0.0	0.0	0.0	0.0	0.0	0.0
-4.925685849999999	0.0	0.0	0.0	0.0	0.0	0.0	0.0	0.0	0.0
-4.90468585	0.0	0.0	0.0	0.0	0.0	0.0	0.0	0.0	0.0
-4.88468585	0.0	0.0	0.0	0.0	0.0	0.0	0.0	0.0	0.0
-4.8636858499999995	0.0	0.0	0.0	0.0	0.0	0.0	0.0	0.0	0.0
-4.8426858500000005	0.0	0.0	0.0	0.0	0.0	0.0	0.0	0.0	0.0
-4.82168585	0.0	0.0	0.0	0.0	0.0	0.0	0.0	0.0	0.0
-4.800685849999999	0.0	0.0	0.0	0.0	0.0	0.0	0.0	0.0	0.0
-4.77968585	0.0	0.0	0.0	0.0	0.0	0.0	0.0	0.0	0.0
-4.758685849999999	0.0	0.0	0.0	0.0	0.0	0.0	0.0	0.0	0.0
-4.73768585	0.0	0.0	0.0	0.0	0.0	0.0	0.0	0.0	0.0
-4.7176858500000005	0.0	0.0	0.0	0.0	0.0	0.0	0.0	0.0	0.0
-4.69668585	0.0	0.0	0.0	0.0	0.0	0.0	0.0	0.0	0.0
-4.675685849999999	0.0	0.0	0.0	0.0	0.0	0.0	0.0	0.0	0.0
-4.65468585	0.0	0.0	0.0	0.0	0.0	0.0	0.0	0.0	0.0
-4.633685849999999	0.0	0.0	0.0	0.0	0.0	0.0	0.0	0.0	0.0
-4.61268585	0.0	0.0	0.0	0.0	0.0	0.0	0.0	0.0	0.0
-4.591685849999999	0.0	0.0	0.0	0.0	0.0	0.0	0.0	0.0	0.0
-4.57068585	0.0	0.0	0.0	0.0	0.0	0.0	0.0	0.0	0.0
-4.550685849999999	0.0	0.0	0.0	0.0	0.0	0.0	0.0	0.0	0.0
-4.52968585	0.0	0.0	0.0	0.0	0.0	0.0	0.0	0.0	0.0
-4.508685849999999	0.0	0.0	0.0	0.0	0.0	0.0	0.0	0.0	0.0
-4.48768585	0.0	0.0	0.0	0.0	0.0	0.0	0.0	0.0	0.0
-4.466685849999999	0.0	0.0	0.0	0.0	0.0	0.0	0.0	0.0	0.0
-4.44568585	0.0	0.0	0.0	0.0	0.0	0.0	0.0	0.0	0.0
-4.4246858499999995	0.0	0.0	0.0	0.0	0.0	0.0	0.0	0.0	0.0
-4.4036858500000005	0.0	0.0	0.0	0.0	0.0	0.0	0.0	0.0	0.0
-4.383685849999999	0.0	0.0	0.0	0.0	0.0	0.0	0.0	0.0	0.0
-4.36268585	0.0	0.0	0.0	0.0	0.0	0.0	0.0	0.0	0.0
-4.341685849999999	0.0	0.0	0.0	0.0	0.0	0.0	0.0	0.0	0.0
-4.32068585	0.0	0.0	0.0	0.0	0.0	0.0	0.0	0.0	0.0
-4.2996858499999995	0.0	0.0	0.0	0.0	0.0	0.0	0.0	0.0	0.0
-4.2786858500000005	0.0	0.0	0.0	0.0	0.0	0.0	0.0	0.0	0.0
-4.25768585	0.0	0.0	0.0	0.0	0.0	0.0	0.0	0.0	0.0
-4.236685849999999	0.0	0.0	0.0	0.0	0.0	0.0	0.0	0.0	0.0
-4.216685849999999	0.0	0.0	0.0	0.0	0.0	0.0	0.0	0.0	0.0
-4.19568585	0.0	0.0	0.0	0.0	0.0	0.0	0.0	0.0	0.0
-4.1746858499999995	0.0	0.0	0.0	0.0	0.0	0.0	0.0	0.0	0.0
-4.1536858500000005	0.0	0.0	0.0	0.0	0.0	0.0	0.0	0.0	0.0
-4.13268585	0.0	0.0	0.0	0.0	0.0	0.0	0.0	0.0	0.0
-4.111685849999999	0.0	0.0	0.0	0.0	0.0	0.0	0.0	0.0	0.0
-4.09068585	0.0	0.0	0.0	0.0	0.0	0.0	0.0	0.0	0.0
-4.069685849999999	0.0	0.0	0.0	0.0	0.0	0.0	0.0	0.0	0.0
-4.0496858499999995	0.0	0.0	0.0	0.0	0.0	0.0	0.0	0.0	0.0
-4.0286858500000005	0.0	0.0	0.0	0.0	0.0	0.0	0.0	0.0	0.0
-4.00768585	0.0	0.0	0.0	0.0	0.0	0.0	0.0	0.0	0.0
-3.986685849999999	0.0	0.0	0.0	0.0	0.0	0.0	0.0	0.0	0.0
-3.96568585	0.0	0.0	0.0	0.0	0.0	0.0	0.0	0.0	0.0
-3.944685849999999	0.0	0.0	0.0	0.0	0.0	0.0	0.0	0.0	0.0
-3.92368585	0.0	0.0	0.0	0.0	0.0	0.0	0.0	0.0	0.0
-3.9036858500000005	0.0	0.0	0.0	0.0	0.0	0.0	0.0	0.0	0.0
-3.8826858499999997	0.0	0.0	0.0	0.0	0.0	0.0	0.0	0.0	0.0
-3.861685849999999	0.0	0.0	0.0	0.0	0.0	0.0	0.0	0.0	0.0
-3.84068585	0.0	0.0	0.0	0.0	0.0	0.0	0.0	0.0	0.0
-3.819685849999999	0.0	0.0	0.0	0.0	0.0	0.0	0.0	0.0	0.0
-3.79868585	0.0	0.0	0.0	0.0	0.0	0.0	0.0	0.0	0.0
-3.7776858499999992	0.0	0.0	0.0	0.0	0.0	0.0	0.0	0.0	0.0
-3.75668585	0.0	0.0	0.0	0.0	0.0	0.0	0.0	0.0	0.0
-3.736685849999999	0.0	0.0	0.0	0.0	0.0	0.0	0.0	0.0	0.0
-3.71568585	0.0	0.0	0.0	0.0	0.0	0.0	0.0	0.0	0.0
-3.694685849999999	0.0	0.0	0.0	0.0	0.0	0.0	0.0	0.0	0.0
-3.67368585	0.0	0.0	0.0	0.0	0.0	0.0	0.0	0.0	0.0
-3.6526858499999992	0.0	0.0	0.0	0.0	0.0	0.0	0.0	0.0	0.0
-3.63168585	0.0	0.0	0.0	0.0	0.0	0.0	0.0	0.0	0.0
-3.6106858499999994	0.0	0.0	0.0	0.0	0.0	0.0	0.0	0.0	0.0
-3.5896858500000004	0.0	0.0	0.0	0.0	0.0	0.0	0.0	0.0	0.0
-3.569685849999999	0.0	0.0	0.0	0.0	0.0	0.0	0.0	0.0	0.0
-3.54868585	0.0	0.0	0.0	0.0	0.0	0.0	0.0	0.0	0.0
-3.5276858499999992	0.0	0.0	0.0	0.0	0.0	0.0	0.0	0.0	0.0
-3.50668585	0.0	0.0	0.0	0.0	0.0	0.0	0.0	0.0	0.0
-3.4856858499999994	0.0	0.0	0.0	0.0	0.0	0.0	0.0	0.0	0.0
-3.4646858500000004	0.0	0.0	0.0	0.0	0.0	0.0	0.0	0.0	0.0
-3.4436858499999996	0.0	0.0	0.0	0.0	0.0	0.0	0.0	0.0	0.0
-3.422685849999999	0.0	0.0	0.0	0.0	0.0	0.0	0.0	0.0	0.0
-3.4026858499999992	0.0	0.0	0.0	0.0	0.0	0.0	0.0	0.0	0.0
-3.38168585	0.0	0.0	0.0	0.0	0.0	0.0	0.0	0.0	0.0
-3.3606858499999994	0.0	0.0	0.0	0.0	0.0	0.0	0.0	0.0	0.0
-3.3396858500000004	0.0	0.0	0.0	0.0	0.0	0.0	0.0	0.0	0.0
-3.3186858499999996	0.0	0.0	0.0	0.0	0.0	0.0	0.0	0.0	0.0
-3.297685849999999	0.0	0.0	0.0	0.0	0.0	0.0	0.0	0.0	0.0
-3.27668585	0.0	0.0	0.0	0.0	0.0	0.0	0.0	0.0	0.0
-3.255685849999999	0.0	0.0	0.0	0.0	0.0	0.0	0.0	0.0	0.0
-3.2356858499999994	0.0	0.0	0.0	0.0	0.0	0.0	0.0	0.0	0.0
-3.2146858500000004	0.0	0.0	0.0	0.0	0.0	0.0	0.0	0.0	0.0
-3.1936858499999996	0.0	0.0	0.0	0.0	0.0	0.0	0.0	0.0	0.0
-3.172685849999999	0.0	0.0	0.0	0.0	0.0	0.0	0.0	0.0	0.0
-3.15168585	0.0	0.0	0.0	0.0	0.0	0.0	0.0	0.0	0.0
-3.130685849999999	0.0	0.0	0.0	0.0	0.0	0.0	0.0	0.0	0.0
-3.10968585	0.0	0.0	0.0	0.0	0.0	0.0	0.0	0.0	0.0
-3.088685849999999	0.0	0.0	0.0	0.0	0.0	0.0	0.0	0.0	0.0
-3.0686858499999996	0.0	0.0	0.0	0.0	0.0	0.0	0.0	0.0	0.0
-3.047685849999999	0.0	0.0	0.0	0.0	0.0	0.0	0.0	0.0	0.0
-3.02668585	0.0	0.0	0.0	0.0	0.0	0.0	0.0	0.0	0.0
-3.005685849999999	0.0	0.0	0.0	0.0	0.0	0.0	0.0	0.0	0.0
-2.98468585	0.0	0.0	0.0	0.0	0.0	0.0	0.0	0.0	0.0
-2.963685849999999	0.0	0.0	0.0	0.0	0.0	0.0	0.0	0.0	0.0
-2.94268585	0.0	0.0	0.0	0.0	0.0	0.0	0.0	0.0	0.0
-2.9216858499999994	0.0	0.0	0.0	0.0	0.0	0.0	0.0	0.0	0.0
-2.90168585	0.0	0.0	0.0	0.0	0.0	0.0	0.0	0.0	0.0
-2.880685849999999	0.0	0.0	0.0	0.0	0.0	0.0	0.0	0.0	0.0
-2.85968585	0.0	0.0	0.0	0.0	0.0	0.0	0.0	0.0	0.0
-2.838685849999999	0.0	0.0	0.0	0.0	0.0	0.0	0.0	0.0	0.0
-2.81768585	0.0	0.0	0.0	0.0	0.0	0.0	0.0	0.0	0.0
-2.7966858499999994	0.0	0.0	0.0	0.0	0.0	0.0	0.0	0.0	0.0
-2.7756858500000003	0.0	0.0	0.0	0.0	0.0	0.0	0.0	0.0	0.0
-2.755685849999999	0.0	0.0	0.0	0.0	0.0	0.0	0.0	0.0	0.0
-2.73468585	0.0	0.0	0.0	0.0	0.0	0.0	0.0	0.0	0.0
-2.713685849999999	0.0	0.0	0.0	0.0	0.0	0.0	0.0	0.0	0.0
-2.69268585	0.0	0.0	0.0	0.0	0.0	0.0	0.0	0.0	0.0
-2.6716858499999994	0.0	0.0	0.0	0.0	0.0	0.0	0.0	0.0	0.0
-2.6506858500000003	0.0	0.0	0.0	0.0	0.0	0.0	0.0	0.0	0.0
-2.6296858499999995	0.0	0.0	0.0	0.0	0.0	0.0	0.0	0.0	0.0
-2.6086858499999988	0.0	0.0	0.0	0.0	0.0	0.0	0.0	0.0	0.0
-2.588685849999999	0.0	0.0	0.0	0.0	0.0	0.0	0.0	0.0	0.0
-2.56768585	0.0	0.0	0.0	0.0	0.0	0.0	0.0	0.0	0.0
-2.5466858499999994	0.0	0.0	0.0	0.0	0.0	0.0	0.0	0.0	0.0
-2.5256858500000003	0.0	0.0	0.0	0.0	0.0	0.0	0.0	0.0	0.0
-2.5046858499999995	0.0	0.0	0.0	0.0	0.0	0.0	0.0	0.0	0.0
-2.4836858499999988	0.0	0.0	0.0	0.0	0.0	0.0	0.0	0.0	0.0
-2.4626858499999997	0.0	0.0	0.0	0.0	0.0	0.0	0.0	0.0	0.0
-2.441685849999999	0.0	0.0	0.0	0.0	0.0	0.0	0.0	0.0	0.0
-2.4216858499999994	0.0	0.0	0.0	0.0	0.0	0.0	0.0	0.0	0.0
-2.4006858500000003	0.0	0.0	0.0	0.0	0.0	0.0	0.0	0.0	0.0
-2.3796858499999995	0.0	0.0	0.0	0.0	0.0	0.0	0.0	0.0	0.0
-2.3586858499999988	0.0	0.0	0.0	0.0	0.0	0.0	0.0	0.0	0.0
-2.3376858499999997	0.0	0.0	0.0	0.0	0.0	0.0	0.0	0.0	0.0
-2.316685849999999	0.0	0.0	0.0	0.0	0.0	0.0	0.0	0.0	0.0
-2.29568585	0.0	0.0	0.0	0.0	0.0	0.0	0.0	0.0	0.0
-2.274685849999999	0.0	0.0	0.0	0.0	0.0	0.0	0.0	0.0	0.0
-2.2546858499999995	0.0	0.0	0.0	0.0	0.0	0.0	0.0	0.0	0.0
-2.2336858499999988	0.0	0.0	0.0	0.0	0.0	0.0	0.0	0.0	0.0
-2.2126858499999997	0.0	0.0	0.0	0.0	0.0	0.0	0.0	0.0	0.0
-2.191685849999999	0.0	0.0	0.0	0.0	0.0	0.0	0.0	0.0	0.0
-2.17068585	0.0	0.0	0.0	0.0	0.0	0.0	0.0	0.0	0.0
-2.149685849999999	0.0	0.0	0.0	0.0	0.0	0.0	0.0	0.0	0.0
-2.12868585	0.0	0.0	0.0	0.0	0.0	0.0	0.0	0.0	0.0
-2.1076858499999993	0.0	0.0	0.0	0.0	0.0	0.0	0.0	0.0	0.0
-2.0876858499999997	0.0	0.0	0.0	0.0	0.0	0.0	0.0	0.0	0.0
-2.066685849999999	0.0	0.0	0.0	0.0	0.0	0.0	0.0	0.0	0.0
-2.04568585	0.0	0.0	0.0	0.0	0.0	0.0	0.0	0.0	0.0
-2.024685849999999	0.0	0.0	0.0	0.0	0.0	0.0	0.0	0.0	0.0
-2.00368585	0.0	0.0	0.0	0.0	0.0	0.0	0.0	0.0	0.0
-1.9826858499999993	0.0	0.0	0.0	0.0	0.0	0.0	0.0	0.0	0.0
-1.9616858500000003	0.0	0.0	0.0	0.0	0.0	0.0	0.0	0.0	0.0
-1.9406858499999995	0.0	0.0	0.0	0.0	0.0	0.0	0.0	0.0	0.0
-1.92068585	0.0	0.0	0.0	0.0	0.0	0.0	0.0	0.0	0.0
-1.8996858499999991	0.0	0.0	0.0	0.0	0.0	0.0	0.0	0.0	0.0
-1.87868585	0.0	0.0	0.0	0.0	0.0	0.0	0.0	0.0	0.0
-1.8576858499999993	0.0	0.0	0.0	0.0	0.0	0.0	0.0	0.0	0.0
-1.8366858500000003	0.0	0.0	0.0	0.0	0.0	0.0	0.0	0.0	0.0
-1.8156858499999995	0.0	0.0	0.0	0.0	0.0	0.0	0.0	0.0	0.0
-1.7946858500000005	0.0	0.0	0.0	0.0	0.0	0.0	0.0	0.0	0.0
-1.7736858499999997	0.0	0.0	0.0	0.0	0.0	0.0	0.0	0.0	0.0
-1.75368585	0.0	0.0	0.0	0.0	0.0	0.0	0.0	0.0	0.0
-1.7326858499999993	0.0	0.0	0.0	0.0	0.0	0.0	0.0	0.0	0.0
-1.7116858500000003	0.0	0.0	0.0	0.0	0.0	0.0	0.0	0.0	0.0
-1.6906858499999995	0.0	0.0	0.0	0.0	0.0	0.0	0.0	0.0	0.0
-1.6696858500000005	0.0	0.0	0.0	0.0	0.0	0.0	0.0	0.0	0.0
-1.6486858499999997	0.0	0.0	0.0	0.0	0.0	0.0	0.0	0.0	0.0
-1.6276858499999989	0.0	0.0	0.0	0.0	0.0	0.0	0.0	0.0	0.0
-1.6076858499999993	0.0	0.0	0.0	0.0	0.0	0.0	0.0	0.0	0.0
-1.5866858500000003	0.0	0.0	0.0	0.0	0.0	0.0	0.0	0.0	0.0
-1.5656858499999995	0.0	0.0	0.0	0.0	0.0	0.0	0.0	0.0	0.0
-1.5446858500000005	0.0	0.0	0.0	0.0	0.0	0.0	0.0	0.0	0.0
-1.5236858499999997	0.0	0.0	0.0	0.0	0.0	0.0	0.0	0.0	0.0
-1.5026858499999989	0.0	0.0	0.0	0.0	0.0	0.0	0.0	0.0	0.0
-1.4816858499999999	0.0	0.0	0.0	0.0	0.0	0.0	0.0	0.0	0.0
-1.460685849999999	0.0	0.0	0.0	0.0	0.0	0.0	0.0	0.0	0.0
-1.4406858499999995	0.0	0.0	0.0	0.0	0.0	0.0	0.0	0.0	0.0
-1.4196858500000005	0.0	0.0	0.0	0.0	0.0	0.0	0.0	0.0	0.0
-1.3986858499999997	0.0	0.0	0.0	0.0	0.0	0.0	0.0	0.0	0.0
-1.3776858499999989	0.0	0.0	0.0	0.0	0.0	0.0	0.0	0.0	0.0
-1.3566858499999999	0.0	0.0	0.0	0.0	0.0	0.0	0.0	0.0	0.0
-1.335685849999999	0.0	0.0	0.0	0.0	0.0	0.0	0.0	0.0	0.0
-1.31468585	0.0	0.0	0.0	0.0	0.0	0.0	0.0	0.0	0.0
-1.2936858499999992	0.0	0.0	0.0	0.0	0.0	0.0	0.0	0.0	0.0
-1.2736858499999997	0.0	0.0	0.0	0.0	0.0	0.0	0.0	0.0	0.0
-1.2526858499999989	0.0	0.0	0.0	0.0	0.0	0.0	0.0	0.0	0.0
-1.2316858499999999	0.0	0.0	0.0	0.0	0.0	0.0	0.0	0.0	0.0
-1.210685849999999	0.0	0.0	0.0	0.0	0.0	0.0	0.0	0.0	0.0
-1.18968585	0.0	0.0	0.0	0.0	0.0	0.0	0.0	0.0	0.0
-1.1686858499999992	0.0	0.0	0.0	0.0	0.0	0.0	0.0	0.0	0.0
-1.1476858500000002	0.0	0.0	0.0	0.0	0.0	0.0	0.0	0.0	0.0
-1.1266858499999994	0.0	0.0	0.0	0.0	0.0	0.0	0.0	0.0	0.0
-1.1066858499999999	0.0	0.0	0.0	0.0	0.0	0.0	0.0	0.0	0.0
-1.085685849999999	0.0	0.0	0.0	0.0	0.0	0.0	0.0	0.0	0.0
-1.06468585	5.420000006062e-15	1.7194799999999999e-15	1.71946e-15	1.7194600000000001e-15	0.0	0.0	0.0	0.0	0.0
-1.0436858499999992	7.405000008443e-14	2.3445e-14	2.5081599999999995e-14	2.1986500000000002e-14	0.0	0.0	0.0	0.0	0.0
-1.0226858500000002	7.352000008379e-13	2.34343e-13	2.46543e-13	2.18902e-13	0.0	0.0	0.0	0.0	0.0
-1.0016858499999994	7.002000007970999e-12	2.2300900000000002e-12	2.3425400000000002e-12	2.0920299999999995e-12	0.0	0.0	0.0	0.0	0.0
-0.9806858500000004	6.09100000693e-11	1.9398099999999997e-11	2.03455e-11	1.8245699999999998e-11	0.0	0.0	0.0	0.0	0.0
-0.9596858499999996	4.858000005524e-10	1.54676e-10	1.61961e-10	1.4585099999999998e-10	0.0	0.0	0.0	0.0	0.0
-0.93968585	3.5543000040389997e-09	1.1311700000000001e-09	1.18217e-09	1.06969e-09	0.0	0.0	0.0	0.0	0.0
-0.9186858499999992	2.384500002708e-08	7.591200000000001e-09	7.916049999999997e-09	7.192669999999999e-09	0.0	0.0	0.0	0.0	0.0
-0.8976858500000002	1.467000001665e-07	4.6692000000000005e-08	4.86072e-08	4.4356900000000006e-08	0.0	0.0	0.0	0.0	0.0
-0.8766858499999994	8.276000009384999e-07	2.634e-07	2.73706e-07	2.5084099999999996e-07	0.0	0.0	0.0	0.0	0.0
-0.8556858500000004	4.281700004853e-06	1.3625300000000003e-06	1.41354e-06	1.30129e-06	0.0	0.0	0.0	0.0	0.0
-0.8346858499999996	2.0320000023009998e-05	6.465609999999999e-06	6.69159e-06	6.187529999999999e-06	0.0	0.0	0.0	0.0	0.0
-0.8136858499999988	8.84300001001e-05	2.81293e-05	2.9056199999999998e-05	2.69878e-05	0.0	0.0	0.0	0.0	0.0
-0.7926858499999998	0.0003528600003991	0.000112259	0.000115697	0.00010800399999999999	0.0	0.0	0.0	0.0	0.0
-0.7726858500000002	0.0012915000014599998	0.00041079900000000005	0.00042266900000000003	0.000396067	0.0	0.0	0.0	0.0	0.0
-0.7516858499999994	0.004335000004896001	0.00137862	0.0014161000000000002	0.0013329599999999998	0.0	0.0	0.0	0.0	0.0
-0.7306858500000004	0.01334400001506	0.004243019999999999	0.00434927	0.004111290000000001	0.0	0.0	0.0	0.0	0.0
-0.7096858499999996	0.03767000004248	0.011976100000000002	0.012247200000000001	0.0116337	0.0	0.0	0.0	0.0	0.0
-0.6886858499999988	0.0975300001099	0.0310012	0.031657199999999996	0.030192100000000003	0.0	0.0	0.0	0.0	0.0
-0.6676858499999998	0.2315900002608	0.07360399999999999	0.07500979999999999	0.07186140000000002	0.0	0.0	0.0	0.0	0.0
-0.646685849999999	0.5043000005675999	0.160257	0.162967	0.156835	0.0	0.0	0.0	0.0	0.0
-0.62568585	1.007300001133	0.320085	0.324875	0.31406799999999996	0.0	0.0	0.0	0.0	0.0
-0.6056858500000004	1.845100002074	0.586186	0.593787	0.5765459999999999	0.0	0.0	0.0	0.0	0.0
-0.5846858499999996	3.099500003481	0.9845900000000001	0.9954240000000001	0.970894	0.0	0.0	0.0	0.0	0.0
-0.5636858499999988	4.77500000536	1.5169	1.53044	1.4992800000000002	0.0	0.0	0.0	0.0	0.0
-0.5426858499999998	6.748000007568001	2.14257	2.15817	2.1238900000000003	0.0	0.0	0.0	0.0	0.0
-0.521685849999999	8.746000009800998	2.77676	2.7903	2.7591300000000003	0.0	0.0	0.0	0.0	0.0
-0.50068585	10.394000011640001	3.2996	3.30996	3.2871300000000003	0.0	0.0	0.0	0.0	0.0
-0.4796858499999992	11.33100001268	3.5963800000000004	3.60048	3.5911899999999997	0.0	0.0	0.0	0.0	0.0
-0.4596858499999996	11.32900001267	3.5953299999999997	3.5911399999999993	3.5994499999999996	0.0	0.0	0.0	0.0	0.0
-0.4386858499999988	10.389000011610001	3.2954500000000007	3.28599	3.30786	0.0	0.0	0.0	0.0	0.0
-0.4176858499999998	8.737000009755	2.77154	2.7569299999999997	2.78813	0.0	0.0	0.0	0.0	0.0
-0.396685849999999	6.738000007519	2.1373300000000004	2.12169	2.15597	0.0	0.0	0.0	0.0	0.0
-0.37568585	4.766000005315	1.5116900000000002	1.4980900000000001	1.5282600000000002	0.0	0.0	0.0	0.0	0.0
-0.3546858499999992	3.092300003445	0.98031	0.969552	0.9939720000000001	0.0	0.0	0.0	0.0	0.0
-0.3336858500000002	1.8399000020490002	0.5831599999999999	0.5756380000000001	0.5927899999999999	0.0	0.0	0.0	0.0	0.0
-0.3126858499999994	1.0040000011169998	0.318208	0.313402	0.324214	0.0	0.0	0.0	0.0	0.0
-0.2926858499999998	0.5025000005587	0.159212	0.156498	0.162631	0.0	0.0	0.0	0.0	0.0
-0.271685849999999	0.23064000025620002	0.073062	0.0716721	0.0748323	0.0	0.0	0.0	0.0	0.0
-0.25068585	0.09710000010780001	0.030750599999999996	0.0301031	0.0315788	0.0	0.0	0.0	0.0	0.0
-0.2296858499999992	0.03748400004158	0.0118717	0.0116	0.0122236	0.0	0.0	0.0	0.0	0.0
-0.20868585000000017	0.01327100001471	0.004202310000000001	0.00409684	0.004336930000000001	0.0	0.0	0.0	0.0	0.0
-0.18768584999999938	0.004310000004774	0.00136402	0.00132744	0.00141164	0.0	0.0	0.0	0.0	0.0
-0.16668585000000036	0.001283500001421	0.000406206	0.0003943059999999999	0.00042131699999999994	0.0	0.0	0.0	0.0	0.0
-0.14568584999999956	0.00035052000038770007	0.00011090399999999998	0.00010745600000000001	0.000115354	0.0	0.0	0.0	0.0	0.0
-0.12568585	8.780000009702999e-05	2.77741e-05	2.6854900000000003e-05	2.8954299999999998e-05	0.0	0.0	0.0	0.0	0.0
-0.10468584999999919	2.016700002227e-05	6.37793e-06	6.153360000000001e-06	6.667649999999999e-06	0.0	0.0	0.0	0.0	0.0
-0.08368585000000017	4.248000004687999e-06	1.3437300000000001e-06	1.2935799999999999e-06	1.4079000000000001e-06	0.0	0.0	0.0	0.0	0.0
-0.06268584999999938	8.20700000905e-07	2.5943399999999994e-07	2.4929799999999993e-07	2.7257699999999994e-07	0.0	0.0	0.0	0.0	0.0
-0.04168585000000036	1.454100001602e-07	4.596079999999999e-08	4.4059699999999996e-08	4.8413500000000005e-08	0.0	0.0	0.0	0.0	0.0
-0.02068584999999956	2.3626000026010002e-08	7.464899999999999e-09	7.1421599999999984e-09	7.88402e-09	0.0	0.0	0.0	0.0	0.0
0.0003141500000012343	3.520100003873e-09	1.1123400000000001e-09	1.06169e-09	1.17753e-09	0.0	0.0	0.0	0.0	0.0
0.021314150000000254	4.811000005287001e-10	1.51958e-10	1.4475e-10	1.61271e-10	0.0	0.0	0.0	0.0	0.0
0.04131414999999983	6.02700000662e-11	1.9032700000000002e-11	1.80925e-11	2.02537e-11	0.0	0.0	0.0	0.0	0.0
0.06231415000000062	6.9210000075970005e-12	2.18426e-12	2.0744100000000002e-12	2.33096e-12	0.0	0.0	0.0	0.0	0.0
0.08331414999999964	7.334000008040001e-13	2.3186599999999996e-13	2.18337e-13	2.4796799999999996e-13	0.0	0.0	0.0	0.0	0.0
0.10431415000000044	7.587000008308e-14	2.4444200000000002e-14	2.1899399999999998e-14	2.58839e-14	0.0	0.0	0.0	0.0	0.0
0.12531415000000123	0.0	0.0	0.0	0.0	0.0	0.0	0.0	0.0	0.0
0.14631415000000025	0.0	0.0	0.0	0.0	0.0	0.0	0.0	0.0	0.0
0.16731415000000105	0.0	0.0	0.0	0.0	0.0	0.0	0.0	0.0	0.0
0.18831415000000007	0.0	0.0	0.0	0.0	0.0	0.0	0.0	0.0	0.0
0.20831414999999964	0.0	0.0	0.0	0.0	0.0	0.0	0.0	0.0	0.0
0.22931415000000044	0.0	0.0	0.0	0.0	0.0	0.0	0.0	0.0	0.0
0.25031415000000123	0.0	0.0	0.0	0.0	0.0	0.0	0.0	0.0	0.0
0.27131415000000025	0.0	0.0	0.0	0.0	0.0	0.0	0.0	0.0	0.0
0.29231415000000105	0.0	0.0	0.0	0.0	0.0	0.0	0.0	0.0	0.0
0.31331415000000007	0.0	0.0	0.0	0.0	0.0	0.0	0.0	0.0	0.0
0.33431415000000086	0.0	0.0	0.0	0.0	0.0	0.0	0.0	0.0	0.0
0.3553141499999999	0.0	0.0	0.0	0.0	0.0	0.0	0.0	0.0	0.0
0.37531415000000123	0.0	0.0	0.0	0.0	0.0	0.0	0.0	0.0	0.0
0.39631415000000025	0.0	0.0	0.0	0.0	0.0	0.0	0.0	0.0	0.0
0.41731415000000105	0.0	0.0	0.0	0.0	0.0	0.0	0.0	0.0	0.0
0.43831415000000007	0.0	0.0	0.0	0.0	0.0	0.0	0.0	0.0	0.0
0.45931415000000086	0.0	0.0	0.0	0.0	0.0	0.0	0.0	0.0	0.0
0.4803141499999999	0.0	0.0	0.0	0.0	0.0	0.0	0.0	0.0	0.0
0.5013141500000007	0.0	0.0	0.0	0.0	0.0	0.0	0.0	0.0	0.0
0.5223141499999997	0.0	0.0	0.0	0.0	0.0	0.0	0.0	0.0	0.0
0.542314150000001	0.0	0.0	0.0	0.0	0.0	0.0	0.0	0.0	0.0
0.5633141500000001	0.0	0.0	0.0	0.0	0.0	0.0	0.0	0.0	0.0
0.5843141500000009	0.0	0.0	0.0	0.0	0.0	0.0	0.0	0.0	0.0
0.6053141499999999	0.0	0.0	0.0	0.0	0.0	0.0	0.0	0.0	0.0
0.6263141500000007	0.0	0.0	0.0	0.0	0.0	0.0	0.0	0.0	0.0
0.6473141499999997	0.0	0.0	0.0	0.0	0.0	0.0	0.0	0.0	0.0
0.6683141500000005	0.0	0.0	0.0	0.0	0.0	0.0	0.0	0.0	0.0
0.6883141500000001	0.0	0.0	0.0	0.0	0.0	0.0	0.0	0.0	0.0
0.7093141500000009	0.0	0.0	0.0	0.0	0.0	0.0	0.0	0.0	0.0
0.7303141499999999	0.0	0.0	0.0	0.0	0.0	0.0	0.0	0.0	0.0
0.7513141500000007	0.0	0.0	0.0	0.0	0.0	0.0	0.0	0.0	0.0
0.7723141499999997	0.0	0.0	0.0	0.0	0.0	0.0	0.0	0.0	0.0
0.7933141500000005	0.0	0.0	0.0	0.0	0.0	0.0	0.0	0.0	0.0
0.8143141499999995	0.0	0.0	0.0	0.0	0.0	0.0	0.0	0.0	0.0
0.8353141500000003	0.0	0.0	0.0	0.0	0.0	0.0	0.0	0.0	0.0
0.8553141499999999	0.0	0.0	0.0	0.0	0.0	0.0	0.0	0.0	0.0
0.8763141500000007	0.0	0.0	0.0	0.0	0.0	0.0	0.0	0.0	0.0
0.8973141499999997	0.0	0.0	0.0	0.0	0.0	0.0	0.0	0.0	0.0
0.9183141500000005	0.0	0.0	0.0	0.0	0.0	0.0	0.0	0.0	0.0
0.9393141499999995	0.0	0.0	0.0	0.0	0.0	0.0	0.0	0.0	0.0
0.9603141500000003	0.0	0.0	0.0	0.0	0.0	0.0	0.0	0.0	0.0
0.9813141500000011	0.0	0.0	0.0	0.0	0.0	0.0	0.0	0.0	0.0
1.0023141500000001	0.0	0.0	0.0	0.0	0.0	0.0	0.0	0.0	0.0
1.0223141499999997	0.0	0.0	0.0	0.0	0.0	0.0	0.0	0.0	0.0
1.0433141500000005	0.0	0.0	0.0	0.0	0.0	0.0	0.0	0.0	0.0
1.0643141499999995	0.0	0.0	0.0	0.0	0.0	0.0	0.0	0.0	0.0
1.0853141500000003	0.0	0.0	0.0	0.0	0.0	0.0	0.0	0.0	0.0
1.106314150000001	0.0	0.0	0.0	0.0	0.0	0.0	0.0	0.0	0.0
1.1273141500000001	0.0	0.0	0.0	0.0	0.0	0.0	0.0	0.0	0.0
1.148314150000001	0.0	0.0	0.0	0.0	0.0	0.0	0.0	0.0	0.0
1.16931415	0.0	0.0	0.0	0.0	0.0	0.0	0.0	0.0	0.0
1.1893141499999995	0.0	0.0	0.0	0.0	0.0	0.0	0.0	0.0	0.0
1.2103141500000003	0.0	0.0	0.0	0.0	0.0	0.0	0.0	0.0	0.0
1.231314150000001	0.0	0.0	0.0	0.0	0.0	0.0	0.0	0.0	0.0
1.2523141500000001	0.0	0.0	0.0	0.0	0.0	0.0	0.0	0.0	0.0
1.273314150000001	0.0	0.0	0.0	0.0	0.0	0.0	0.0	0.0	0.0
1.29431415	0.0	0.0	0.0	0.0	0.0	0.0	0.0	0.0	0.0
1.3153141500000007	0.0	0.0	0.0	0.0	0.0	0.0	0.0	0.0	0.0
1.3363141500000006	0.0	0.0	0.0	0.0	0.0	0.0	0.0	0.0	0.0
1.3563141500000002	0.0	0.0	0.0	0.0	0.0	0.0	0.0	0.0	0.0
1.3773141500000001	0.0	0.0	0.0	0.0	0.0	0.0	0.0	0.0	0.0
1.39831415	0.0	0.0	0.0	0.0	0.0	0.0	0.0	0.0	0.0
1.41931415	0.0	0.0	0.0	0.0	0.0	0.0	0.0	0.0	0.0
1.4403141500000007	0.0	0.0	0.0	0.0	0.0	0.0	0.0	0.0	0.0
1.4613141500000006	0.0	0.0	0.0	0.0	0.0	0.0	0.0	0.0	0.0
1.4823141500000006	0.0	0.0	0.0	0.0	0.0	0.0	0.0	0.0	0.0
1.5033141500000005	0.0	0.0	0.0	0.0	0.0	0.0	0.0	0.0	0.0
1.52331415	0.0	0.0	0.0	0.0	0.0	0.0	0.0	0.0	0.0
1.54431415	0.0	0.0	0.0	0.0	0.0	0.0	0.0	0.0	0.0
1.5653141500000007	0.0	0.0	0.0	0.0	0.0	0.0	0.0	0.0	0.0
1.5863141500000006	0.0	0.0	0.0	0.0	0.0	0.0	0.0	0.0	0.0
1.6073141500000006	0.0	0.0	0.0	0.0	0.0	0.0	0.0	0.0	0.0
1.6283141500000005	0.0	0.0	0.0	0.0	0.0	0.0	0.0	0.0	0.0
1.6493141500000004	0.0	0.0	0.0	0.0	0.0	0.0	0.0	0.0	0.0
1.66931415	0.0	0.0	0.0	0.0	0.0	0.0	0.0	0.0	0.0
1.6903141500000007	0.0	0.0	0.0	0.0	0.0	0.0	0.0	0.0	0.0
1.7113141500000006	0.0	0.0	0.0	0.0	0.0	0.0	0.0	0.0	0.0
1.7323141500000006	0.0	0.0	0.0	0.0	0.0	0.0	0.0	0.0	0.0
1.7533141500000005	0.0	0.0	0.0	0.0	0.0	0.0	0.0	0.0	0.0
1.7743141500000004	0.0	0.0	0.0	0.0	0.0	0.0	0.0	0.0	0.0
1.7953141500000003	0.0	0.0	0.0	0.0	0.0	0.0	0.0	0.0	0.0
1.8163141500000002	0.0	0.0	0.0	0.0	0.0	0.0	0.0	0.0	0.0
1.8363141500000006	0.0	0.0	0.0	0.0	0.0	0.0	0.0	0.0	0.0
1.8573141500000006	0.0	0.0	0.0	0.0	0.0	0.0	0.0	0.0	0.0
1.8783141500000005	0.0	0.0	0.0	0.0	0.0	0.0	0.0	0.0	0.0
1.8993141500000004	0.0	0.0	0.0	0.0	0.0	0.0	0.0	0.0	0.0
1.9203141500000003	0.0	0.0	0.0	0.0	0.0	0.0	0.0	0.0	0.0
1.9413141500000002	0.0	0.0	0.0	0.0	0.0	0.0	0.0	0.0	0.0
1.96231415	0.0	0.0	0.0	0.0	0.0	0.0	0.0	0.0	0.0
1.98331415	0.0	0.0	0.0	0.0	0.0	0.0	0.0	0.0	0.0
2.0033141500000005	0.0	0.0	0.0	0.0	0.0	0.0	0.0	0.0	0.0
2.0243141500000004	0.0	0.0	0.0	0.0	0.0	0.0	0.0	0.0	0.0
2.0453141500000003	0.0	0.0	0.0	0.0	0.0	0.0	0.0	0.0	0.0
2.06631415	0.0	0.0	0.0	0.0	0.0	0.0	0.0	0.0	0.0
2.08731415	0.0	0.0	0.0	0.0	0.0	0.0	0.0	0.0	0.0
2.10831415	0.0	0.0	0.0	0.0	0.0	0.0	0.0	0.0	0.0
2.129314150000001	0.0	0.0	0.0	0.0	0.0	0.0	0.0	0.0	0.0
2.1503141500000007	0.0	0.0	0.0	0.0	0.0	0.0	0.0	0.0	0.0
2.1703141500000003	0.0	0.0	0.0	0.0	0.0	0.0	0.0	0.0	0.0
2.19131415	0.0	0.0	0.0	0.0	0.0	0.0	0.0	0.0	0.0
2.21231415	0.0	0.0	0.0	0.0	0.0	0.0	0.0	0.0	0.0
2.23331415	0.0	0.0	0.0	0.0	0.0	0.0	0.0	0.0	0.0
2.254314150000001	0.0	0.0	0.0	0.0	0.0	0.0	0.0	0.0	0.0
2.2753141500000007	0.0	0.0	0.0	0.0	0.0	0.0	0.0	0.0	0.0
2.2963141500000006	0.0	0.0	0.0	0.0	0.0	0.0	0.0	0.0	0.0
2.3173141500000005	0.0	0.0	0.0	0.0	0.0	0.0	0.0	0.0	0.0
2.33731415	0.0	0.0	0.0	0.0	0.0	0.0	0.0	0.0	0.0
2.35831415	0.0	0.0	0.0	0.0	0.0	0.0	0.0	0.0	0.0
2.379314150000001	0.0	0.0	0.0	0.0	0.0	0.0	0.0	0.0	0.0
2.4003141500000007	0.0	0.0	0.0	0.0	0.0	0.0	0.0	0.0	0.0
2.4213141500000006	0.0	0.0	0.0	0.0	0.0	0.0	0.0	0.0	0.0
2.4423141500000005	0.0	0.0	0.0	0.0	0.0	0.0	0.0	0.0	0.0
2.4633141500000004	0.0	0.0	0.0	0.0	0.0	0.0	0.0	0.0	0.0
2.4843141500000003	0.0	0.0	0.0	0.0	0.0	0.0	0.0	0.0	0.0
2.504314150000001	0.0	0.0	0.0	0.0	0.0	0.0	0.0	0.0	0.0
2.5253141500000007	0.0	0.0	0.0	0.0	0.0	0.0	0.0	0.0	0.0
2.5463141500000006	0.0	0.0	0.0	0.0	0.0	0.0	0.0	0.0	0.0
2.5673141500000005	0.0	0.0	0.0	0.0	0.0	0.0	0.0	0.0	0.0
2.5883141500000004	0.0	0.0	0.0	0.0	0.0	0.0	0.0	0.0	0.0
2.6093141500000003	0.0	0.0	0.0	0.0	0.0	0.0	0.0	0.0	0.0
2.6303141500000002	0.0	0.0	0.0	0.0	0.0	0.0	0.0	0.0	0.0
2.65131415	0.0	0.0	0.0	0.0	0.0	0.0	0.0	0.0	0.0
2.6713141500000006	0.0	0.0	0.0	0.0	0.0	0.0	0.0	0.0	0.0
2.6923141500000005	0.0	0.0	0.0	0.0	0.0	0.0	0.0	0.0	0.0
2.7133141500000004	0.0	0.0	0.0	0.0	0.0	0.0	0.0	0.0	0.0
2.7343141500000003	0.0	0.0	0.0	0.0	0.0	0.0	0.0	0.0	0.0
2.7553141500000002	0.0	0.0	0.0	0.0	0.0	0.0	0.0	0.0	0.0
2.77631415	0.0	0.0	0.0	0.0	0.0	0.0	0.0	0.0	0.0
2.79731415	0.0	0.0	0.0	0.0	0.0	0.0	0.0	0.0	0.0
2.8173141500000005	0.0	0.0	0.0	0.0	0.0	0.0	0.0	0.0	0.0
2.8383141500000004	0.0	0.0	0.0	0.0	0.0	0.0	0.0	0.0	0.0
2.8593141500000003	0.0	0.0	0.0	0.0	0.0	0.0	0.0	0.0	0.0
2.8803141500000002	0.0	0.0	0.0	0.0	0.0	0.0	0.0	0.0	0.0
2.90131415	0.0	0.0	0.0	0.0	0.0	0.0	0.0	0.0	0.0
2.92231415	0.0	0.0	0.0	0.0	0.0	0.0	0.0	0.0	0.0
2.94331415	0.0	0.0	0.0	0.0	0.0	0.0	0.0	0.0	0.0
2.9643141500000008	0.0	0.0	0.0	0.0	0.0	0.0	0.0	0.0	0.0
2.9843141500000003	0.0	0.0	0.0	0.0	0.0	0.0	0.0	0.0	0.0
3.0053141500000002	0.0	0.0	0.0	0.0	0.0	0.0	0.0	0.0	0.0
3.02631415	0.0	0.0	0.0	0.0	0.0	0.0	0.0	0.0	0.0
3.04731415	0.0	0.0	0.0	0.0	0.0	0.0	0.0	0.0	0.0
3.06831415	0.0	0.0	0.0	0.0	0.0	0.0	0.0	0.0	0.0
3.0893141500000008	0.0	0.0	0.0	0.0	0.0	0.0	0.0	0.0	0.0
3.1103141500000007	0.0	0.0	0.0	0.0	0.0	0.0	0.0	0.0	0.0
3.1313141500000006	0.0	0.0	0.0	0.0	0.0	0.0	0.0	0.0	0.0
3.15131415	0.0	0.0	0.0	0.0	0.0	0.0	0.0	0.0	0.0
3.17231415	0.0	0.0	0.0	0.0	0.0	0.0	0.0	0.0	0.0
3.19331415	0.0	0.0	0.0	0.0	0.0	0.0	0.0	0.0	0.0
3.2143141500000008	0.0	0.0	0.0	0.0	0.0	0.0	0.0	0.0	0.0
3.2353141500000007	0.0	0.0	0.0	0.0	0.0	0.0	0.0	0.0	0.0
3.2563141500000006	0.0	0.0	0.0	0.0	0.0	0.0	0.0	0.0	0.0
3.2773141500000005	0.0	0.0	0.0	0.0	0.0	0.0	0.0	0.0	0.0
3.2983141500000004	0.0	0.0	0.0	0.0	0.0	0.0	0.0	0.0	0.0
3.31831415	0.0	0.0	0.0	0.0	0.0	0.0	0.0	0.0	0.0
3.3393141500000008	0.0	0.0	0.0	0.0	0.0	0.0	0.0	0.0	0.0
3.3603141500000007	0.0	0.0	0.0	0.0	0.0	0.0	0.0	0.0	0.0
3.3813141500000006	0.0	0.0	0.0	0.0	0.0	0.0	0.0	0.0	0.0
3.4023141500000005	0.0	0.0	0.0	0.0	0.0	0.0	0.0	0.0	0.0
3.4233141500000004	0.0	0.0	0.0	0.0	0.0	0.0	0.0	0.0	0.0
3.4443141500000003	0.0	0.0	0.0	0.0	0.0	0.0	0.0	0.0	0.0
3.46531415	0.0	0.0	0.0	0.0	0.0	0.0	0.0	0.0	0.0
3.4853141500000007	0.0	0.0	0.0	0.0	0.0	0.0	0.0	0.0	0.0
3.5063141500000006	0.0	0.0	0.0	0.0	0.0	0.0	0.0	0.0	0.0
3.5273141500000005	0.0	0.0	0.0	0.0	0.0	0.0	0.0	0.0	0.0
3.5483141500000004	0.0	0.0	0.0	0.0	0.0	0.0	0.0	0.0	0.0
3.5693141500000003	0.0	0.0	0.0	0.0	0.0	0.0	0.0	0.0	0.0
3.59031415	0.0	0.0	0.0	0.0	0.0	0.0	0.0	0.0	0.0
3.61131415	0.0	0.0	0.0	0.0	0.0	0.0	0.0	0.0	0.0
3.63231415	0.0	0.0	0.0	0.0	0.0	0.0	0.0	0.0	0.0
3.6523141500000005	0.0	0.0	0.0	0.0	0.0	0.0	0.0	0.0	0.0
3.6733141500000004	0.0	0.0	0.0	0.0	0.0	0.0	0.0	0.0	0.0
3.6943141500000003	0.0	0.0	0.0	0.0	0.0	0.0	0.0	0.0	0.0
3.71531415	0.0	0.0	0.0	0.0	0.0	0.0	0.0	0.0	0.0
3.73631415	0.0	0.0	0.0	0.0	0.0	0.0	0.0	0.0	0.0
3.75731415	0.0	0.0	0.0	0.0	0.0	0.0	0.0	0.0	0.0
3.77831415	0.0	0.0	0.0	0.0	0.0	0.0	0.0	0.0	0.0
3.7993141500000007	0.0	0.0	0.0	0.0	0.0	0.0	0.0	0.0	0.0
3.8193141500000003	0.0	0.0	0.0	0.0	0.0	0.0	0.0	0.0	0.0
3.84031415	0.0	0.0	0.0	0.0	0.0	0.0	0.0	0.0	0.0
3.86131415	0.0	0.0	0.0	0.0	0.0	0.0	0.0	0.0	0.0
3.88231415	0.0	0.0	0.0	0.0	0.0	0.0	0.0	0.0	0.0
3.90331415	0.0	0.0	0.0	0.0	0.0	0.0	0.0	0.0	0.0
3.9243141500000007	0.0	0.0	0.0	0.0	0.0	0.0	0.0	0.0	0.0
3.9453141500000006	0.0	0.0	0.0	0.0	0.0	0.0	0.0	0.0	0.0
3.96531415	0.0	0.0	0.0	0.0	0.0	0.0	0.0	0.0	0.0
3.98631415	0.0	0.0	0.0	0.0	0.0	0.0	0.0	0.0	0.0
4.00731415	0.0	0.0	0.0	0.0	0.0	0.0	0.0	0.0	0.0
4.02831415	0.0	0.0	0.0	0.0	0.0	0.0	0.0	0.0	0.0
4.049314150000001	0.0	0.0	0.0	0.0	0.0	0.0	0.0	0.0	0.0
4.070314150000001	0.0	0.0	0.0	0.0	0.0	0.0	0.0	0.0	0.0
4.0913141500000005	0.0	0.0	0.0	0.0	0.0	0.0	0.0	0.0	0.0
4.1123141500000004	0.0	0.0	0.0	0.0	0.0	0.0	0.0	0.0	0.0
4.13231415	0.0	0.0	0.0	0.0	0.0	0.0	0.0	0.0	0.0
4.15331415	0.0	0.0	0.0	0.0	0.0	0.0	0.0	0.0	0.0
4.174314150000001	0.0	0.0	0.0	0.0	0.0	0.0	0.0	0.0	0.0
4.195314150000001	0.0	0.0	0.0	0.0	0.0	0.0	0.0	0.0	0.0
4.2163141500000005	0.0	0.0	0.0	0.0	0.0	0.0	0.0	0.0	0.0
4.2373141500000004	0.0	0.0	0.0	0.0	0.0	0.0	0.0	0.0	0.0
4.25831415	0.0	0.0	0.0	0.0	0.0	0.0	0.0	0.0	0.0
4.27931415	0.0	0.0	0.0	0.0	0.0	0.0	0.0	0.0	0.0
4.299314150000001	0.0	0.0	0.0	0.0	0.0	0.0	0.0	0.0	0.0
4.320314150000001	0.0	0.0	0.0	0.0	0.0	0.0	0.0	0.0	0.0
4.3413141500000005	0.0	0.0	0.0	0.0	0.0	0.0	0.0	0.0	0.0
4.3623141500000004	0.0	0.0	0.0	0.0	0.0	0.0	0.0	0.0	0.0
4.38331415	0.0	0.0	0.0	0.0	0.0	0.0	0.0	0.0	0.0
4.40431415	0.0	0.0	0.0	0.0	0.0	0.0	0.0	0.0	0.0
4.42531415	0.0	0.0	0.0	0.0	0.0	0.0	0.0	0.0	0.0
4.44631415	0.0	0.0	0.0	0.0	0.0	0.0	0.0	0.0	0.0
4.4663141500000005	0.0	0.0	0.0	0.0	0.0	0.0	0.0	0.0	0.0
4.4873141500000004	0.0	0.0	0.0	0.0	0.0	0.0	0.0	0.0	0.0
4.50831415	0.0	0.0	0.0	0.0	0.0	0.0	0.0	0.0	0.0
4.52931415	0.0	0.0	0.0	0.0	0.0	0.0	0.0	0.0	0.0
4.55031415	0.0	0.0	0.0	0.0	0.0	0.0	0.0	0.0	0.0
4.57131415	0.0	0.0	0.0	0.0	0.0	0.0	0.0	0.0	0.0
4.59231415	0.0	0.0	0.0	0.0	0.0	0.0	0.0	0.0	0.0
4.613314150000001	0.0	0.0	0.0	0.0	0.0	0.0	0.0	0.0	0.0
4.63331415	0.0	0.0	0.0	0.0	0.0	0.0	0.0	0.0	0.0
4.65431415	0.0	0.0	0.0	0.0	0.0	0.0	0.0	0.0	0.0
4.67531415	0.0	0.0	0.0	0.0	0.0	0.0	0.0	0.0	0.0
4.69631415	0.0	0.0	0.0	0.0	0.0	0.0	0.0	0.0	0.0
4.71731415	0.0	0.0	0.0	0.0	0.0	0.0	0.0	0.0	0.0
4.738314150000001	0.0	0.0	0.0	0.0	0.0	0.0	0.0	0.0	0.0
4.759314150000001	0.0	0.0	0.0	0.0	0.0	0.0	0.0	0.0	0.0
4.780314150000001	0.0	0.0	0.0	0.0	0.0	0.0	0.0	0.0	0.0
4.80031415	0.0	0.0	0.0	0.0	0.0	0.0	0.0	0.0	0.0
4.82131415	0.0	0.0	0.0	0.0	0.0	0.0	0.0	0.0	0.0
4.84231415	0.0	0.0	0.0	0.0	0.0	0.0	0.0	0.0	0.0
4.863314150000001	0.0	0.0	0.0	0.0	0.0	0.0	0.0	0.0	0.0
4.884314150000001	0.0	0.0	0.0	0.0	0.0	0.0	0.0	0.0	0.0
4.905314150000001	0.0	0.0	0.0	0.0	0.0	0.0	0.0	0.0	0.0
4.9263141500000005	0.0	0.0	0.0	0.0	0.0	0.0	0.0	0.0	0.0
4.94731415	0.0	0.0	0.0	0.0	0.0	0.0	0.0	0.0	0.0
4.96731415	0.0	0.0	0.0	0.0	0.0	0.0	0.0	0.0	0.0
4.988314150000001	0.0	0.0	0.0	0.0	0.0	0.0	0.0	0.0	0.0
5.009314150000001	0.0	0.0	0.0	0.0	0.0	0.0	0.0	0.0	0.0
5.030314150000001	0.0	0.0	0.0	0.0	0.0	0.0	0.0	0.0	0.0
5.0513141500000005	0.0	0.0	0.0	0.0	0.0	0.0	0.0	0.0	0.0
5.07231415	0.0	0.0	0.0	0.0	0.0	0.0	0.0	0.0	0.0
5.09331415	0.0	0.0	0.0	0.0	0.0	0.0	0.0	0.0	0.0
5.113314150000001	0.0	0.0	0.0	0.0	0.0	0.0	0.0	0.0	0.0
5.134314150000001	0.0	0.0	0.0	0.0	0.0	0.0	0.0	0.0	0.0
5.155314150000001	0.0	0.0	0.0	0.0	0.0	0.0	0.0	0.0	0.0
5.1763141500000005	0.0	0.0	0.0	0.0	0.0	0.0	0.0	0.0	0.0
5.19731415	0.0	0.0	0.0	0.0	0.0	0.0	0.0	0.0	0.0
5.21831415	0.0	0.0	0.0	0.0	0.0	0.0	0.0	0.0	0.0
5.23931415	0.0	0.0	0.0	0.0	0.0	0.0	0.0	0.0	0.0
5.26031415	0.0	0.0	0.0	0.0	0.0	0.0	0.0	0.0	0.0
5.280314150000001	0.0	0.0	0.0	0.0	0.0	0.0	0.0	0.0	0.0
5.3013141500000005	0.0	0.0	0.0	0.0	0.0	0.0	0.0	0.0	0.0
5.32231415	0.0	0.0	0.0	0.0	0.0	0.0	0.0	0.0	0.0
5.34331415	0.0	0.0	0.0	0.0	0.0	0.0	0.0	0.0	0.0
5.36431415	0.0	0.0	0.0	0.0	0.0	0.0	0.0	0.0	0.0
5.385314150000001	0.0	0.0	0.0	0.0	0.0	0.0	0.0	0.0	0.0
5.40631415	0.0	0.0	0.0	0.0	0.0	0.0	0.0	0.0	0.0
5.427314150000001	0.0	0.0	0.0	0.0	0.0	0.0	0.0	0.0	0.0
5.44731415	0.0	0.0	0.0	0.0	0.0	0.0	0.0	0.0	0.0
5.46831415	0.0	0.0	0.0	0.0	0.0	0.0	0.0	0.0	0.0
5.48931415	0.0	0.0	0.0	0.0	0.0	0.0	0.0	0.0	0.0
5.510314150000001	0.0	0.0	0.0	0.0	0.0	0.0	0.0	0.0	0.0
5.53131415	0.0	0.0	0.0	0.0	0.0	0.0	0.0	0.0	0.0
5.552314150000001	0.0	0.0	0.0	0.0	0.0	0.0	0.0	0.0	0.0
5.57331415	0.0	0.0	0.0	0.0	0.0	0.0	0.0	0.0	0.0
5.594314150000001	0.0	0.0	0.0	0.0	0.0	0.0	0.0	0.0	0.0
5.61431415	0.0	0.0	0.0	0.0	0.0	0.0	0.0	0.0	0.0
5.635314150000001	0.0	0.0	0.0	0.0	0.0	0.0	0.0	0.0	0.0
5.65631415	0.0	0.0	0.0	0.0	0.0	0.0	0.0	0.0	0.0
5.677314150000001	0.0	0.0	0.0	0.0	0.0	0.0	0.0	0.0	0.0
5.69831415	0.0	0.0	0.0	0.0	0.0	0.0	0.0	0.0	0.0
5.719314150000001	0.0	0.0	0.0	0.0	0.0	0.0	0.0	0.0	0.0
5.740314150000001	0.0	0.0	0.0	0.0	0.0	0.0	0.0	0.0	0.0
5.7613141500000005	0.0	0.0	0.0	0.0	0.0	0.0	0.0	0.0	0.0
5.78131415	0.0	0.0	0.0	0.0	0.0	0.0	0.0	0.0	0.0
5.802314150000001	0.0	0.0	0.0	0.0	0.0	0.0	0.0	0.0	0.0
5.82331415	0.0	0.0	0.0	0.0	0.0	0.0	0.0	0.0	0.0
5.844314150000001	0.0	0.0	0.0	0.0	0.0	0.0	0.0	0.0	0.0
5.865314150000001	0.0	0.0	0.0	0.0	0.0	0.0	0.0	0.0	0.0
5.8863141500000005	0.0	0.0	0.0	0.0	0.0	0.0	0.0	0.0	0.0
5.90731415	0.0	0.0	0.0	0.0	0.0	0.0	0.0	0.0	0.0
5.92831415	0.0	0.0	0.0	0.0	0.0	0.0	0.0	0.0	0.0
5.94831415	0.0	0.0	0.0	0.0	0.0	0.0	0.0	0.0	0.0
5.969314150000001	0.0	0.0	0.0	0.0	0.0	0.0	0.0	0.0	0.0
5.990314150000001	0.0	0.0	0.0	0.0	0.0	0.0	0.0	0.0	0.0
6.0113141500000005	0.0	0.0	0.0	0.0	0.0	0.0	0.0	0.0	0.0
6.03231415	0.0	0.0	0.0	0.0	0.0	0.0	0.0	0.0	0.0
6.05331415	0.0	0.0	0.0	0.0	0.0	0.0	0.0	0.0	0.0
6.07431415	0.0	0.0	0.0	0.0	0.0	0.0	0.0	0.0	0.0
6.09531415	0.0	0.0	0.0	0.0	0.0	0.0	0.0	0.0	0.0
6.115314150000001	0.0	0.0	0.0	0.0	0.0	0.0	0.0	0.0	0.0
6.1363141500000005	0.0	0.0	0.0	0.0	0.0	0.0	0.0	0.0	0.0
6.15731415	0.0	0.0	0.0	0.0	0.0	0.0	0.0	0.0	0.0
6.17831415	0.0	0.0	0.0	0.0	0.0	0.0	0.0	0.0	0.0
6.19931415	0.0	0.0	0.0	0.0	0.0	0.0	0.0	0.0	0.0
6.22031415	0.0	0.0	0.0	0.0	0.0	0.0	0.0	0.0	0.0
6.241314150000001	0.0	0.0	0.0	0.0	0.0	0.0	0.0	0.0	0.0
6.2613141500000005	0.0	0.0	0.0	0.0	0.0	0.0	0.0	0.0	0.0
6.28231415	0.0	0.0	0.0	0.0	0.0	0.0	0.0	0.0	0.0
6.30331415	0.0	0.0	0.0	0.0	0.0	0.0	0.0	0.0	0.0
6.32431415	0.0	0.0	0.0	0.0	0.0	0.0	0.0	0.0	0.0
6.34531415	0.0	0.0	0.0	0.0	0.0	0.0	0.0	0.0	0.0
6.366314150000001	0.0	0.0	0.0	0.0	0.0	0.0	0.0	0.0	0.0
6.38731415	0.0	0.0	0.0	0.0	0.0	0.0	0.0	0.0	0.0
6.408314150000001	0.0	0.0	0.0	0.0	0.0	0.0	0.0	0.0	0.0
6.42831415	0.0	0.0	0.0	0.0	0.0	0.0	0.0	0.0	0.0
6.44931415	0.0	0.0	0.0	0.0	0.0	0.0	0.0	0.0	0.0
6.47031415	0.0	0.0	0.0	0.0	0.0	0.0	0.0	0.0	0.0
6.491314150000001	0.0	0.0	0.0	0.0	0.0	0.0	0.0	0.0	0.0
6.51231415	0.0	0.0	0.0	0.0	0.0	0.0	0.0	0.0	0.0
6.533314150000001	0.0	0.0	0.0	0.0	0.0	0.0	0.0	0.0	0.0
6.55431415	0.0	0.0	0.0	0.0	0.0	0.0	0.0	0.0	0.0
6.5753141500000005	0.0	0.0	0.0	0.0	0.0	0.0	0.0	0.0	0.0
6.59531415	0.0	0.0	0.0	0.0	0.0	0.0	0.0	0.0	0.0
6.616314150000001	0.0	0.0	0.0	0.0	0.0	0.0	0.0	0.0	0.0
6.63731415	0.0	0.0	0.0	0.0	0.0	0.0	0.0	0.0	0.0
6.658314150000001	0.0	0.0	0.0	0.0	0.0	0.0	0.0	0.0	0.0
6.67931415	0.0	0.0	0.0	0.0	0.0	0.0	0.0	0.0	0.0
6.7003141500000005	0.0	0.0	0.0	0.0	0.0	0.0	0.0	0.0	0.0
6.72131415	0.0	0.0	0.0	0.0	0.0	0.0	0.0	0.0	0.0
6.74231415	0.0	0.0	0.0	0.0	0.0	0.0	0.0	0.0	0.0
6.76231415	0.0	0.0	0.0	0.0	0.0	0.0	0.0	0.0	0.0
6.783314150000001	0.0	0.0	0.0	0.0	0.0	0.0	0.0	0.0	0.0
6.80431415	0.0	0.0	0.0	0.0	0.0	0.0	0.0	0.0	0.0
6.8253141500000005	0.0	0.0	0.0	0.0	0.0	0.0	0.0	0.0	0.0
6.84631415	0.0	0.0	0.0	0.0	0.0	0.0	0.0	0.0	0.0
6.86731415	0.0	0.0	0.0	0.0	0.0	0.0	0.0	0.0	0.0
6.88831415	0.0	0.0	0.0	0.0	0.0	0.0	0.0	0.0	0.0
6.90931415	0.0	0.0	0.0	0.0	0.0	0.0	0.0	0.0	0.0
6.92931415	0.0	0.0	0.0	0.0	0.0	0.0	0.0	0.0	0.0
6.9503141500000005	0.0	0.0	0.0	0.0	0.0	0.0	0.0	0.0	0.0
6.97131415	0.0	0.0	0.0	0.0	0.0	0.0	0.0	0.0	0.0
6.99231415	0.0	0.0	0.0	0.0	0.0	0.0	0.0	0.0	0.0
7.01331415	0.0	0.0	0.0	0.0	0.0	0.0	0.0	0.0	0.0
7.03431415	0.0	0.0	0.0	0.0	0.0	0.0	0.0	0.0	0.0
7.055314150000001	0.0	0.0	0.0	0.0	0.0	0.0	0.0	0.0	0.0
7.07631415	0.0	0.0	0.0	0.0	0.0	0.0	0.0	0.0	0.0
7.09631415	0.0	0.0	0.0	0.0	0.0	0.0	0.0	0.0	0.0
7.11731415	0.0	0.0	0.0	0.0	0.0	0.0	0.0	0.0	0.0
7.13831415	0.0	0.0	0.0	0.0	0.0	0.0	0.0	0.0	0.0
7.15931415	0.0	0.0	0.0	0.0	0.0	0.0	0.0	0.0	0.0
7.180314150000001	0.0	0.0	0.0	0.0	0.0	0.0	0.0	0.0	0.0
7.20131415	0.0	0.0	0.0	0.0	0.0	0.0	0.0	0.0	0.0
7.222314150000001	0.0	0.0	0.0	0.0	0.0	0.0	0.0	0.0	0.0
7.24231415	0.0	0.0	0.0	0.0	0.0	0.0	0.0	0.0	0.0
7.26331415	0.0	0.0	0.0	0.0	0.0	0.0	0.0	0.0	0.0
7.28431415	0.0	0.0	0.0	0.0	0.0	0.0	0.0	0.0	0.0
7.30531415	0.0	0.0	0.0	0.0	0.0	0.0	0.0	0.0	0.0
7.32631415	0.0	0.0	0.0	0.0	0.0	0.0	0.0	0.0	0.0
7.347314150000001	0.0	0.0	0.0	0.0	0.0	0.0	0.0	0.0	0.0
7.368314150000001	0.0	0.0	0.0	0.0	0.0	0.0	0.0	0.0	0.0
7.389314150000001	0.0	0.0	0.0	0.0	0.0	0.0	0.0	0.0	0.0
7.40931415	0.0	0.0	0.0	0.0	0.0	0.0	0.0	0.0	0.0
7.43031415	0.0	0.0	0.0	0.0	0.0	0.0	0.0	0.0	0.0
7.45131415	0.0	0.0	0.0	0.0	0.0	0.0	0.0	0.0	0.0
7.472314150000001	0.0	0.0	0.0	0.0	0.0	0.0	0.0	0.0	0.0
7.493314150000001	0.0	0.0	0.0	0.0	0.0	0.0	0.0	0.0	0.0
7.514314150000001	0.0	0.0	0.0	0.0	0.0	0.0	0.0	0.0	0.0
7.5353141500000005	0.0	0.0	0.0	0.0	0.0	0.0	0.0	0.0	0.0
7.55631415	0.0	0.0	0.0	0.0	0.0	0.0	0.0	0.0	0.0
7.57631415	0.0	0.0	0.0	0.0	0.0	0.0	0.0	0.0	0.0
7.597314150000001	0.0	0.0	0.0	0.0	0.0	0.0	0.0	0.0	0.0
7.618314150000001	0.0	0.0	0.0	0.0	0.0	0.0	0.0	0.0	0.0
7.639314150000001	0.0	0.0	0.0	0.0	0.0	0.0	0.0	0.0	0.0
7.6603141500000005	0.0	0.0	0.0	0.0	0.0	0.0	0.0	0.0	0.0
7.68131415	0.0	0.0	0.0	0.0	0.0	0.0	0.0	0.0	0.0
7.70231415	0.0	0.0	0.0	0.0	0.0	0.0	0.0	0.0	0.0
7.72331415	0.0	0.0	0.0	0.0	0.0	0.0	0.0	0.0	0.0
7.743314150000001	0.0	0.0	0.0	0.0	0.0	0.0	0.0	0.0	0.0
7.764314150000001	0.0	0.0	0.0	0.0	0.0	0.0	0.0	0.0	0.0
7.7853141500000005	0.0	0.0	0.0	0.0	0.0	0.0	0.0	0.0	0.0
7.80631415	0.0	0.0	0.0	0.0	0.0	0.0	0.0	0.0	0.0
7.82731415	0.0	0.0	0.0	0.0	0.0	0.0	0.0	0.0	0.0
7.84831415	0.0	0.0	0.0	0.0	0.0	0.0	0.0	0.0	0.0
7.86931415	0.0	0.0	0.0	0.0	0.0	0.0	0.0	0.0	0.0
7.89031415	0.0	0.0	0.0	0.0	0.0	0.0	0.0	0.0	0.0
7.9103141500000005	0.0	0.0	0.0	0.0	0.0	0.0	0.0	0.0	0.0
7.93131415	0.0	0.0	0.0	0.0	0.0	0.0	0.0	0.0	0.0
7.95231415	0.0	0.0	0.0	0.0	0.0	0.0	0.0	0.0	0.0
7.97331415	0.0	0.0	0.0	0.0	0.0	0.0	0.0	0.0	0.0
7.99431415	0.0	0.0	0.0	0.0	0.0	0.0	0.0	0.0	0.0
8.01531415	0.0	0.0	0.0	0.0	0.0	0.0	0.0	0.0	0.0
8.03631415	0.0	0.0	0.0	0.0	0.0	0.0	0.0	0.0	0.0
8.05731415	0.0	0.0	0.0	0.0	0.0	0.0	0.0	0.0	0.0
8.07731415	0.0	0.0	0.0	0.0	0.0	0.0	0.0	0.0	0.0
8.09831415	0.0	0.0	0.0	0.0	0.0	0.0	0.0	0.0	0.0
8.119314150000001	0.0	0.0	0.0	0.0	0.0	0.0	0.0	0.0	0.0
8.14031415	0.0	0.0	0.0	0.0	0.0	0.0	0.0	0.0	0.0
8.16131415	0.0	0.0	0.0	0.0	0.0	0.0	0.0	0.0	0.0
8.18231415	0.0	0.0	0.0	0.0	0.0	0.0	0.0	0.0	0.0
8.20331415	0.0	0.0	0.0	0.0	0.0	0.0	0.0	0.0	0.0
8.22431415	0.0	0.0	0.0	0.0	0.0	0.0	0.0	0.0	0.0
8.244314150000001	0.0	0.0	0.0	0.0	0.0	0.0	0.0	0.0	0.0
8.26531415	0.0	0.0	0.0	0.0	0.0	0.0	0.0	0.0	0.0
8.28631415	0.0	0.0	0.0	0.0	0.0	0.0	0.0	0.0	0.0
8.30731415	0.0	0.0	0.0	0.0	0.0	0.0	0.0	0.0	0.0
8.32831415	0.0	0.0	0.0	0.0	0.0	0.0	0.0	0.0	0.0
8.34931415	0.0	0.0	0.0	0.0	0.0	0.0	0.0	0.0	0.0
8.37031415	0.0	0.0	0.0	0.0	0.0	0.0	0.0	0.0	0.0
8.39031415	0.0	0.0	0.0	0.0	0.0	0.0	0.0	0.0	0.0
8.41131415	0.0	0.0	0.0	0.0	0.0	0.0	0.0	0.0	0.0
8.43231415	0.0	0.0	0.0	0.0	0.0	0.0	0.0	0.0	0.0
8.45331415	0.0	0.0	0.0	0.0	0.0	0.0	0.0	0.0	0.0
8.47431415	0.0	0.0	0.0	0.0	0.0	0.0	0.0	0.0	0.0
8.49531415	0.0	0.0	0.0	0.0	0.0	0.0	0.0	0.0	0.0
8.51631415	0.0	0.0	0.0	0.0	0.0	0.0	0.0	0.0	0.0
8.53731415	0.0	0.0	0.0	0.0	0.0	0.0	0.0	0.0	0.0
8.55731415	0.0	0.0	0.0	0.0	0.0	0.0	0.0	0.0	0.0
8.57831415	0.0	0.0	0.0	0.0	0.0	0.0	0.0	0.0	0.0
8.59931415	0.0	0.0	0.0	0.0	0.0	0.0	0.0	0.0	0.0
8.62031415	0.0	0.0	0.0	0.0	0.0	0.0	0.0	0.0	0.0
8.64131415	0.0	0.0	0.0	0.0	0.0	0.0	0.0	0.0	0.0
8.66231415	0.0	0.0	0.0	0.0	0.0	0.0	0.0	0.0	0.0
8.683314150000001	2.2033430000000002e-17	2.05083e-18	2.08075e-18	2.013056e-18	0.0	0.0	0.0	0.0	0.0
8.70431415	3.3040140000000005e-16	3.076295e-17	3.121831e-17	3.0186300000000004e-17	0.0	0.0	0.0	0.0	0.0
8.72431415	3.3703539999999997e-15	3.1375409999999997e-16	3.183505e-16	3.0801500000000004e-16	0.0	0.0	0.0	0.0	0.0
8.74531415	3.1854030000000005e-14	2.965313e-15	3.009824e-15	2.9108399999999998e-15	0.0	0.0	0.0	0.0	0.0
8.76631415	2.7582020000000004e-13	2.567616e-14	2.6056029999999997e-14	2.52041e-14	0.0	0.0	0.0	0.0	0.0
8.78731415	2.191281e-12	2.0396220000000003e-13	2.0693519999999998e-13	2.001946e-13	0.0	0.0	0.0	0.0	0.0
8.808314150000001	1.5962160000000002e-11	1.4857080000000002e-12	1.5075570000000002e-12	1.458269e-12	0.0	0.0	0.0	0.0	0.0
8.82931415	1.0664891e-10	9.924403999999999e-12	1.007085e-11	9.7409e-12	0.0	0.0	0.0	0.0	0.0
8.85031415	6.529621e-10	6.079536e-11	6.16806e-11	5.9668e-11	0.0	0.0	0.0	0.0	0.0
8.87131415	3.667887e-09	3.414448e-10	3.465642e-10	3.35275e-10	0.0	0.0	0.0	0.0	0.0
8.89131415	1.8897299999999997e-08	1.759213e-09	1.785128e-09	1.72681e-09	0.0	0.0	0.0	0.0	0.0
8.91231415	8.927963e-08	8.312201e-09	8.43412e-09	8.15741e-09	0.0	0.0	0.0	0.0	0.0
8.933314150000001	3.867916e-07	3.601287e-08	3.653596e-08	3.53432e-08	0.0	0.0	0.0	0.0	0.0
8.95431415	1.536913e-06	1.4307680000000002e-07	1.451864e-07	1.4043920000000002e-07	0.0	0.0	0.0	0.0	0.0
8.97531415	5.600832e-06	5.21329e-07	5.291297e-07	5.1168e-07	0.0	0.0	0.0	0.0	0.0
8.99631415	1.8716360000000003e-05	1.7423e-06	1.76797e-06	1.7102090000000002e-06	0.0	0.0	0.0	0.0	0.0
9.01731415	5.735533e-05	5.339284e-06	5.4188099999999995e-06	5.2410499999999996e-06	0.0	0.0	0.0	0.0	0.0
9.03831415	0.0001612301	1.50082e-05	1.5228320000000001e-05	1.4730130000000002e-05	0.0	0.0	0.0	0.0	0.0
9.058314150000001	0.0004155396	3.868786e-05	3.925978e-05	3.7971799999999994e-05	0.0	0.0	0.0	0.0	0.0
9.07931415	0.0009823574999999998	9.144824e-05	9.28003e-05	8.9766e-05	0.0	0.0	0.0	0.0	0.0
9.10031415	0.002129967	0.000198278	0.0002011506	0.0001946193	0.0	0.0	0.0	0.0	0.0
9.12131415	0.0042348049999999995	0.0003942643	0.00040006519999999997	0.000386975	0.0	0.0	0.0	0.0	0.0
9.14231415	0.007722764	0.0007189370999999999	0.000729503	0.0007057610000000001	0.0	0.0	0.0	0.0	0.0
9.16331415	0.012916506999999999	0.0012024003999999999	0.001220199	0.001180284	0.0	0.0	0.0	0.0	0.0
9.18431415	0.019812049999999998	0.001844689	0.0018718530000000001	0.001810753	0.0	0.0	0.0	0.0	0.0
9.20531415	0.027883679999999997	0.002595885	0.0026331699999999998	0.0025480829999999996	0.0	0.0	0.0	0.0	0.0
9.22531415	0.03600576	0.003352266	0.0034019259999999996	0.00329071	0.0	0.0	0.0	0.0	0.0
9.24631415	0.04268097999999999	0.003973784	0.0040336059999999995	0.00390231	0.0	0.0	0.0	0.0	0.0
9.26731415	0.04655308999999999	0.004335830000000001	0.004398416	0.00425881	0.0	0.0	0.0	0.0	0.0
9.28831415	0.046900279999999996	0.004371718	0.0044325779999999995	0.00429945	0.0	0.0	0.0	0.0	0.0
9.30931415	0.04410802	0.00412017	0.004171558	0.004065330000000001	0.0	0.0	0.0	0.0	0.0
9.33031415	0.039609719999999994	0.00371723	0.003753679	0.00369675	0.0	0.0	0.0	0.0	0.0
9.35131415	0.035554869999999995	0.0033699999999999997	0.0033813289999999998	0.003408	0.0	0.0	0.0	0.0	0.0
9.372314150000001	0.034044279999999996	0.00328014	0.003254852	0.0034083	0.0	0.0	0.0	0.0	0.0
9.39231415	0.036453429999999995	0.0035824	0.003506043	0.0038427	0.0	0.0	0.0	0.0	0.0
9.41331415	0.0429041	0.004288	0.004144045	0.0047293	0.0	0.0	0.0	0.0	0.0
9.43431415	0.0521195	0.005270499999999999	0.005045277000000001	0.0059322	0.0	0.0	0.0	0.0	0.0
9.45531415	0.06167229999999999	0.006291400000000001	0.00597524	0.007186700000000001	0.0	0.0	0.0	0.0	0.0
9.47631415	0.0687833	0.0070623000000000005	0.006665999999999999	0.0081733	0.0	0.0	0.0	0.0	0.0
9.497314150000001	0.071155	0.0073517999999999995	0.00689585	0.008608300000000001	0.0	0.0	0.0	0.0	0.0
9.51831415	0.0678389	0.0070518	0.00657314	0.0083552	0.0	0.0	0.0	0.0	0.0
9.53831415	0.0594354	0.0062184	0.0057571	0.0074548	0.0	0.0	0.0	0.0	0.0
9.55931415	0.04782360000000001	0.0050355	0.0046314699999999995	0.0061117	0.0	0.0	0.0	0.0	0.0
9.58031415	0.03537	0.0037489000000000003	0.003424932	0.0046074	0.0	0.0	0.0	0.0	0.0
9.60131415	0.024202510000000003	0.0025809	0.002342561	0.0032094	0.0	0.0	0.0	0.0	0.0
9.622314150000001	0.01572795	0.0016805000000000001	0.001521725	0.00210632	0.0	0.0	0.0	0.0	0.0
9.64331415	0.010627959999999999	0.0011259	0.0010291559999999998	0.00139719	0.0	0.0	0.0	0.0	0.0
9.664314150000001	0.009242809999999999	0.0009542000000000001	0.0008965180000000001	0.00112542	0.0	0.0	0.0	0.0	0.0
9.68531415	0.011890129999999999	0.0012074	0.001156843	0.0013235	0.0	0.0	0.0	0.0	0.0
9.70531415	0.01907222	0.0019572	0.0018608770000000001	0.0020420000000000004	0.0	0.0	0.0	0.0	0.0
9.72631415	0.0313079	0.0032975	0.0030626900000000003	0.00333992	0.0	0.0	0.0	0.0	0.0
9.747314150000001	0.04860780000000001	0.0053008000000000005	0.004774349999999999	0.005238	0.0	0.0	0.0	0.0	0.0
9.76831415	0.0699533	0.007951	0.0069165699999999995	0.0076606999999999995	0.0	0.0	0.0	0.0	0.0
9.789314150000001	0.0930252	0.011088	0.0092894	0.010390199999999999	0.0	0.0	0.0	0.0	0.0
9.81031415	0.1144059	0.014392	0.0116247	0.0130822	0.0	0.0	0.0	0.0	0.0
9.83131415	0.1307818	0.017427	0.013663299999999998	0.0153406	0.0	0.0	0.0	0.0	0.0
9.85231415	0.1396146	0.019749000000000003	0.015269699999999999	0.0168319	0.0	0.0	0.0	0.0	0.0
9.872314150000001	0.14023139999999998	0.021014	0.016465800000000003	0.0173722	0.0	0.0	0.0	0.0	0.0
9.89331415	0.13367489999999999	0.021064	0.017398399999999998	0.0169602	0.0	0.0	0.0	0.0	0.0
9.914314150000001	0.12191539999999998	0.019951000000000003	0.018193499999999998	0.0157543	0.0	0.0	0.0	0.0	0.0
9.93531415	0.10713890000000001	0.017904999999999997	0.0188423	0.0139874	0.0	0.0	0.0	0.0	0.0
9.95631415	0.0909759	0.015264999999999999	0.019162199999999997	0.0119305	0.0	0.0	0.0	0.0	0.0
9.97731415	0.07454090000000001	0.012425	0.0189071	0.0098672	0.0	0.0	0.0	0.0	0.0
9.99831415	0.058712699999999986	0.00978	0.017921899999999998	0.0081222	0.0	0.0	0.0	0.0	0.0
10.01931415	0.0443834	0.0077065	0.01631163	0.0070735	0.0	0.0	0.0	0.0	0.0
10.039314150000001	0.032493	0.0065415000000000004	0.01449587	0.0071636	0.0	0.0	0.0	0.0	0.0
10.06031415	0.023832100000000002	0.0065618000000000004	0.0130904	0.008836100000000001	0.0	0.0	0.0	0.0	0.0
10.08131415	0.018767100000000002	0.0079244	0.012682540000000003	0.0124065	0.0	0.0	0.0	0.0	0.0
10.10231415	0.017135599999999997	0.010577699999999999	0.01360988	0.017874980000000002	0.0	0.0	0.0	0.0	0.0
10.12331415	0.018189	0.0141918	0.015776580000000002	0.02476682	0.0	0.0	0.0	0.0	0.0
10.14431415	0.0207818	0.018123970000000003	0.01863981	0.03202747	0.0	0.0	0.0	0.0	0.0
10.16531415	0.0235819	0.02153445	0.021343489999999996	0.03822475	0.0	0.0	0.0	0.0	0.0
10.186314150000001	0.025366000000000003	0.02358553	0.02299439	0.04195119	0.0	0.0	0.0	0.0	0.0
10.20631415	0.0253703	0.023747500000000005	0.022979060000000003	0.0422594	0.0	0.0	0.0	0.0	0.0
10.22731415	0.023379000000000004	0.02194071	0.02116735	0.039060170000000005	0.0	0.0	0.0	0.0	0.0
10.24831415	0.0197984	0.01859305	0.01791582	0.03311029	0.0	0.0	0.0	0.0	0.0
10.26931415	0.01537824	0.014456469999999999	0.01391983	0.0257382	0.0	0.0	0.0	0.0	0.0
10.29031415	0.01096673	0.01030825	0.00992269	0.01835367	0.0	0.0	0.0	0.0	0.0
10.311314150000001	0.00717132	0.00674181	0.006488885	0.011999109999999999	0.0	0.0	0.0	0.0	0.0
10.33231415	0.00430102	0.004043425	0.003891595	0.00719902	0.0	0.0	0.0	0.0	0.0
10.353314150000001	0.002365779999999999	0.002224236	0.0021408100000000004	0.003959382	0.0	0.0	0.0	0.0	0.0
10.37331415	0.001193665	0.001121922	0.00107985	0.001997861	0.0	0.0	0.0	0.0	0.0
10.39431415	0.000552197	0.0005190791	0.0004995799	0.0009242359999999999	0.0	0.0	0.0	0.0	0.0
10.41531415	0.000234293	0.00022023930000000002	0.00021196009999999998	0.0003921869	0.0	0.0	0.0	0.0	0.0
10.436314150000001	9.117709999999999e-05	8.571099999999999e-05	8.249579999999999e-05	0.0001525854	0.0	0.0	0.0	0.0	0.0
10.45731415	3.25412e-05	3.058782e-05	2.943585e-05	5.4464809999999995e-05	0.0	0.0	0.0	0.0	0.0
10.478314150000001	1.064979e-05	1.001163e-05	9.63582e-06	1.7827810000000003e-05	0.0	0.0	0.0	0.0	0.0
10.49931415	3.1972199999999998e-06	3.0048219999999998e-06	2.8920609999999994e-06	5.350848e-06	0.0	0.0	0.0	0.0	0.0
10.52031415	8.80005e-07	8.272959999999999e-07	7.96199e-07	1.4731900000000003e-06	0.0	0.0	0.0	0.0	0.0
10.54031415	2.22111e-07	2.088404e-07	2.0095940000000001e-07	3.718696e-07	0.0	0.0	0.0	0.0	0.0
10.561314150000001	5.14382e-08	4.8355629999999994e-08	4.6537610000000004e-08	8.60918e-08	0.0	0.0	0.0	0.0	0.0
10.58231415	1.0920869999999999e-08	1.0266010000000002e-08	9.88128e-09	1.828364e-08	0.0	0.0	0.0	0.0	0.0
10.603314150000001	2.12655e-09	1.9991310000000002e-09	1.923731e-09	3.5586840000000004e-09	0.0	0.0	0.0	0.0	0.0
10.62431415	3.7973199999999996e-10	3.5689179999999995e-10	3.4354150000000005e-10	6.355445999999999e-10	0.0	0.0	0.0	0.0	0.0
10.64531415	6.217870000000001e-11	5.845559e-11	5.625126e-11	1.040719e-10	0.0	0.0	0.0	0.0	0.0
10.66631415	9.33647e-12	8.7773e-12	8.447780000000002e-12	1.563155e-11	0.0	0.0	0.0	0.0	0.0
10.686314150000001	1.285915e-12	1.2087209999999999e-12	1.163288e-12	2.152045e-12	0.0	0.0	0.0	0.0	0.0
10.70731415	1.62313e-13	1.5258609999999998e-13	1.468753e-13	2.7174020000000003e-13	0.0	0.0	0.0	0.0	0.0
10.728314150000001	1.8816399999999997e-14	1.7683e-14	1.7020050000000003e-14	3.1486230000000004e-14	0.0	0.0	0.0	0.0	0.0
10.74931415	1.99669e-15	1.876651e-15	1.806454e-15	3.342442e-15	0.0	0.0	0.0	0.0	0.0
10.77031415	1.9249100000000002e-16	1.80923e-16	1.741791e-16	3.221144e-16	0.0	0.0	0.0	0.0	0.0
10.79131415	2.4056200000000003e-17	2.26199e-17	2.1767710000000003e-17	4.027005e-17	0.0	0.0	0.0	0.0	0.0
10.81231415	0.0	0.0	0.0	0.0	0.0	0.0	0.0	0.0	0.0
10.83331415	0.0	0.0	0.0	0.0	0.0	0.0	0.0	0.0	0.0
10.853314150000001	0.0	0.0	0.0	0.0	0.0	0.0	0.0	0.0	0.0
10.87431415	0.0	0.0	0.0	0.0	0.0	0.0	0.0	0.0	0.0
10.89531415	0.0	0.0	0.0	0.0	0.0	0.0	0.0	0.0	0.0
10.91631415	0.0	0.0	0.0	0.0	0.0	0.0	0.0	0.0	0.0
10.93731415	0.0	0.0	0.0	0.0	0.0	0.0	0.0	0.0	0.0
10.95831415	0.0	0.0	0.0	0.0	0.0	0.0	0.0	0.0	0.0
10.97931415	0.0	0.0	0.0	0.0	0.0	0.0	0.0	0.0	0.0
11.000314150000001	0.0	0.0	0.0	0.0	0.0	0.0	0.0	0.0	0.0
11.02031415	0.0	0.0	0.0	0.0	0.0	0.0	0.0	0.0	0.0
11.04131415	0.0	0.0	0.0	0.0	0.0	0.0	0.0	0.0	0.0
11.06231415	0.0	0.0	0.0	0.0	0.0	0.0	0.0	0.0	0.0
11.08331415	0.0	0.0	0.0	0.0	0.0	0.0	0.0	0.0	0.0
11.10431415	0.0	0.0	0.0	0.0	0.0	0.0	0.0	0.0	0.0
11.125314150000001	0.0	0.0	0.0	0.0	0.0	0.0	0.0	0.0	0.0
11.14631415	0.0	0.0	0.0	0.0	0.0	0.0	0.0	0.0	0.0
11.167314150000001	0.0	0.0	0.0	0.0	0.0	0.0	0.0	0.0	0.0
11.18731415	0.0	0.0	0.0	0.0	0.0	0.0	0.0	0.0	0.0
