-22.430	0.0	0.0	0.0	0.0	0.0	0.0	0.0	0.0	0.0
-22.406	0.0	0.0	0.0	0.0	0.0	0.0	0.0	0.0	0.0
-22.382	0.0	0.0	0.0	0.0	0.0	0.0	0.0	0.0	0.0
-22.357	0.0	0.0	0.0	0.0	0.0	0.0	0.0	0.0	0.0
-22.333	0.0	0.0	0.0	0.0	0.0	0.0	0.0	0.0	0.0
-22.309	0.0	0.0	0.0	0.0	0.0	0.0	0.0	0.0	0.0
-22.285	0.0	0.0	0.0	0.0	0.0	0.0	0.0	0.0	0.0
-22.261	0.0	0.0	0.0	0.0	0.0	0.0	0.0	0.0	0.0
-22.236	0.0	0.0	0.0	0.0	0.0	0.0	0.0	0.0	0.0
-22.212	0.0	0.0	0.0	0.0	0.0	0.0	0.0	0.0	0.0
-22.188	0.0	0.0	0.0	0.0	0.0	0.0	0.0	0.0	0.0
-22.164	0.0	0.0	0.0	0.0	0.0	0.0	0.0	0.0	0.0
-22.140	0.0	0.0	0.0	0.0	0.0	0.0	0.0	0.0	0.0
-22.116	0.0	0.0	0.0	0.0	0.0	0.0	0.0	0.0	0.0
-22.091	0.0	0.0	0.0	0.0	0.0	0.0	0.0	0.0	0.0
-22.067	0.0	0.0	0.0	0.0	0.0	0.0	0.0	0.0	0.0
-22.043	0.0	0.0	0.0	0.0	0.0	0.0	0.0	0.0	0.0
-22.019	0.0	0.0	0.0	0.0	0.0	0.0	0.0	0.0	0.0
-21.995	0.0	0.0	0.0	0.0	0.0	0.0	0.0	0.0	0.0
-21.971	0.0	0.0	0.0	0.0	0.0	0.0	0.0	0.0	0.0
-21.946	0.0	0.0	0.0	0.0	0.0	0.0	0.0	0.0	0.0
-21.922	3.3870600000000003e-15	7.104869999999999e-17	9.9610000154423e-18	5.30176e-17	9.856e-18	5.545e-28	3.387e-18	3.121e-28	3.046e-19
-21.898	3.3870600000000004e-14	7.104870000000001e-16	9.9610000154423e-17	5.301759999999999e-16	9.856e-17	5.545e-27	3.387e-17	3.121e-27	3.046e-18
-21.874	5.250299999999999e-13	1.101291e-14	1.5439000023926566e-15	8.2175e-15	1.528e-15	8.595e-26	5.25e-16	4.838e-26	4.721e-17
-21.850	7.0624e-12	1.48136e-13	2.07680000321899e-14	1.10542e-13	2.055e-14	1.156e-24	7.062e-15	6.508e-25	6.35e-16
-21.826	8.4315e-11	1.768309e-12	2.47970000384251e-13	1.3195199999999998e-12	2.453e-13	1.38e-23	8.43e-14	7.768e-24	7.58e-15
-21.801	8.965500000000001e-10	1.8801130000000002e-11	2.63640000408549e-12	1.40319e-11	2.608e-12	1.468e-22	8.964e-13	8.261e-23	8.061e-14
-21.777	8.4892e-09	1.780677e-10	2.49640000386861e-11	1.32862e-10	2.47e-11	1.39e-21	8.488e-12	7.822e-22	7.632e-13
-21.753	7.1575e-08	1.5014350000000002e-09	2.10510000326216e-10	1.1202199999999999e-09	2.083e-10	1.172e-20	7.157e-11	6.596e-21	6.436e-12
-21.729	5.375e-07	1.12737e-08	1.5802000024498862e-09	8.4124e-09	1.564e-09	8.799e-20	5.374e-10	4.953e-20	4.833e-11
-21.705	3.5942000000000002e-06	7.53868e-08	1.05690000163761e-08	5.62488e-08	1.046e-08	5.884e-19	3.594e-09	3.312e-19	3.232e-10
-21.680	2.1399899999999998e-05	4.4894900000000003e-07	6.29470000975537e-08	3.34949e-07	6.228e-08	3.504e-18	2.14e-08	1.972e-18	1.924e-09
-21.656	0.000113513	2.381125e-06	3.33780000517388e-07	1.7768700000000001e-06	3.303e-07	1.858e-17	1.135e-07	1.046e-17	1.021e-08
-21.632	0.00053622	1.124603e-05	1.576900002443861e-06	8.391400000000002e-06	1.56e-06	8.777e-17	5.361e-07	4.94e-17	4.821e-08
-21.608	0.00225602	4.731329999999999e-05	6.633400010281481e-06	3.52956e-05	6.562e-06	3.692e-16	2.255e-06	2.078e-16	2.028e-07
-21.584	0.0084498	0.0001772668	2.48460000385154e-05	0.000132242	2.459e-05	1.383e-15	8.449e-06	7.786e-16	7.597e-07
-21.560	0.0282011	0.0005914190000000001	8.291000012851859e-05	0.0004412499999999999	8.204e-05	4.616e-15	2.819e-05	2.598e-15	2.535e-06
-21.535	0.083793	0.0017573650000000003	0.000246360000381841	0.00131145	0.0002438	1.372e-14	8.378e-05	7.721e-15	7.534e-06
-21.511	0.22175399999999998	0.004652580000000001	0.0006521500010110791	0.0034710099999999996	0.0006453	3.631e-14	0.0002218	2.044e-14	1.994e-05
-21.487	0.5228800000000001	0.0109673	0.001537800002382617	0.0081834	0.001521	8.559e-14	0.0005228	4.818e-14	4.701e-05
-21.463	1.09786	0.023025779999999996	0.00322910000500419	0.0171853	0.003194	1.797e-13	0.001098	1.012e-13	9.871e-05
-21.439	2.05316	0.04306449999999999	0.00603820000935877	0.0321387	0.005974	3.361e-13	0.002053	1.892e-13	0.0001846
-21.415	3.4204600000000003	0.07173700000000001	0.01005800001559291	0.0535338	0.009952	5.599e-13	0.00342	3.152e-13	0.0003075
-21.390	5.075200000000001	0.10645569999999999	0.01492400002313334	0.07943599999999999	0.01477	8.308e-13	0.005074	4.676e-13	0.0004563
-21.366	6.7067999999999985	0.1406762	0.0197270000305734	0.104978	0.01952	1.098e-12	0.006706	6.18e-13	0.000603
-21.342	7.8954	0.1656205	0.023219000035985198	0.12356500000000001	0.02297	1.292e-12	0.007894	7.275e-13	0.0007099
-21.318	8.278699999999999	0.1736477	0.0243460000377323	0.12956299999999998	0.02409	1.355e-12	0.008277	7.628e-13	0.0007443
-21.294	7.730899999999999	0.16215469999999998	0.0227370000352322	0.12099900000000001	0.02249	1.266e-12	0.00773	7.123e-13	0.0006951
-21.270	6.4302	0.134889	0.0189140000293083	0.100644	0.01871	1.053e-12	0.00643	5.925e-13	0.0005782
-21.245	4.7649	0.099932	0.01401100002171763	0.074574	0.01386	7.8e-13	0.004764	4.39e-13	0.0004284
-21.221	3.14488	0.0659554	0.00924700001432783	0.0492116	0.009149	5.147e-13	0.003144	2.897e-13	0.0002827
-21.197	1.84851	0.03876978	0.00543490000842399	0.0289254	0.005378	3.026e-13	0.001848	1.703e-13	0.0001662
-21.173	0.9676800000000001	0.020297100000000002	0.0028456000044098	0.0151448	0.002816	1.584e-13	0.0009675	8.916e-14	8.7e-05
-21.149	0.4512440000000001	0.00946501	0.0013269000020562991	0.007061700000000001	0.001313	7.387e-14	0.0004512	4.158e-14	4.057e-05
-21.124	0.187396	0.003930311	0.000551220000854147	0.0029337800000000004	0.0005453	3.068e-14	0.0001874	1.727e-14	1.685e-05
-21.100	0.069332	0.001454299	0.00020389000031597498	0.00108515	0.0002017	1.135e-14	6.932e-05	6.389e-15	6.234e-06
-21.076	0.022842700000000004	0.000479135	6.71780001041201e-05	0.00035755600000000003	6.647e-05	3.74e-15	2.284e-05	2.105e-15	2.054e-06
-21.052	0.0067045	0.000140595	1.9713000030553297e-05	0.00010490599999999999	1.95e-05	1.097e-15	6.702e-06	6.177e-16	6.027e-07
-21.028	0.00175219	3.674871e-05	5.15270000798522e-06	2.74225e-05	5.098e-06	2.868e-16	1.752e-06	1.614e-16	1.575e-07
-21.004	0.0004078	8.55399e-06	1.1992000018585011e-06	6.3826000000000005e-06	1.187e-06	6.676e-17	4.077e-07	3.758e-17	3.667e-08
-20.979	8.454000000000001e-05	1.7730799999999999e-06	2.4859000038525497e-07	1.3231400000000003e-06	2.46e-07	1.384e-17	8.453e-08	7.79e-18	7.601e-09
-20.955	1.56111e-05	3.2733939999999996e-07	4.58970000711371e-08	2.44254e-07	4.541e-08	2.555e-18	1.561e-08	1.438e-18	1.403e-09
-20.931	2.5663e-06	5.382770000000001e-08	7.547000011697199e-09	4.016479999999999e-08	7.467e-09	4.201e-19	2.566e-09	2.365e-19	2.307e-10
-20.907	3.7573099999999996e-07	7.881579999999999e-09	1.1050000017129111e-09	5.88096e-09	1.093e-09	6.151e-20	3.757e-10	3.462e-20	3.379e-11
-20.883	4.9e-08	1.0277340000000002e-09	1.4409000022330122e-10	7.6689e-10	1.426e-10	8.021e-21	4.899e-11	4.515e-21	4.405e-12
-20.859	5.69e-09	1.1933990000000002e-10	1.67330000259346e-11	8.904999999999999e-11	1.655e-11	9.314e-22	5.689e-12	5.243e-22	5.116e-13
-20.834	5.883400000000002e-10	1.2340509999999998e-11	1.7304000026818199e-12	9.2081e-12	1.712e-12	9.631e-23	5.882e-13	5.421e-23	5.29e-14
-20.810	5.418700000000001e-11	1.13636e-12	1.593400002468964e-13	8.4784e-13	1.576e-13	8.869e-24	5.417e-14	4.992e-24	4.871e-15
-20.786	4.444200000000001e-12	9.321880000000002e-14	1.306900002025174e-14	6.954799999999999e-14	1.293e-14	7.275e-25	4.444e-15	4.095e-25	3.996e-16
-20.762	3.1839299999999993e-13	6.678749999999999e-15	9.36300001450856e-16	4.98342e-15	9.265e-16	5.212e-26	3.184e-16	2.934e-26	2.863e-17
-20.738	2.71044e-14	5.68451e-16	7.97000001234984e-17	4.2409299999999996e-16	7.885e-17	4.436e-27	2.709e-17	2.497e-27	2.436e-18
-20.714	0.0	0.0	0.0	0.0	0.0	0.0	0.0	0.0	0.0
-20.689	0.0	0.0	0.0	0.0	0.0	0.0	0.0	0.0	0.0
-20.665	0.0	0.0	0.0	0.0	0.0	0.0	0.0	0.0	0.0
-20.641	0.0	0.0	0.0	0.0	0.0	0.0	0.0	0.0	0.0
-20.617	0.0	0.0	0.0	0.0	0.0	0.0	0.0	0.0	0.0
-20.593	0.0	0.0	0.0	0.0	0.0	0.0	0.0	0.0	0.0
-20.569	0.0	0.0	0.0	0.0	0.0	0.0	0.0	0.0	0.0
-20.544	0.0	0.0	0.0	0.0	0.0	0.0	0.0	0.0	0.0
-20.520	0.0	0.0	0.0	0.0	0.0	0.0	0.0	0.0	0.0
-20.496	0.0	0.0	0.0	0.0	0.0	0.0	0.0	0.0	0.0
-20.472	0.0	0.0	0.0	0.0	0.0	0.0	0.0	0.0	0.0
-20.448	0.0	0.0	0.0	0.0	0.0	0.0	0.0	0.0	0.0
-20.423	0.0	0.0	0.0	0.0	0.0	0.0	0.0	0.0	0.0
-20.399	0.0	0.0	0.0	0.0	0.0	0.0	0.0	0.0	0.0
-20.375	0.0	0.0	0.0	0.0	0.0	0.0	0.0	0.0	0.0
-20.351	0.0	0.0	0.0	0.0	0.0	0.0	0.0	0.0	0.0
-20.327	0.0	0.0	0.0	0.0	0.0	0.0	0.0	0.0	0.0
-20.303	0.0	0.0	0.0	0.0	0.0	0.0	0.0	0.0	0.0
-20.278	0.0	0.0	0.0	0.0	0.0	0.0	0.0	0.0	0.0
-20.254	0.0	0.0	0.0	0.0	0.0	0.0	0.0	0.0	0.0
-20.230	0.0	0.0	0.0	0.0	0.0	0.0	0.0	0.0	0.0
-20.206	0.0	0.0	0.0	0.0	0.0	0.0	0.0	0.0	0.0
-20.182	0.0	0.0	0.0	0.0	0.0	0.0	0.0	0.0	0.0
-20.158	0.0	0.0	0.0	0.0	0.0	0.0	0.0	0.0	0.0
-20.133	0.0	0.0	0.0	0.0	0.0	0.0	0.0	0.0	0.0
-20.109	0.0	0.0	0.0	0.0	0.0	0.0	0.0	0.0	0.0
-20.085	0.0	0.0	0.0	0.0	0.0	0.0	0.0	0.0	0.0
-20.061	0.0	0.0	0.0	0.0	0.0	0.0	0.0	0.0	0.0
-20.037	0.0	0.0	0.0	0.0	0.0	0.0	0.0	0.0	0.0
-20.013	0.0	0.0	0.0	0.0	0.0	0.0	0.0	0.0	0.0
-19.988	0.0	0.0	0.0	0.0	0.0	0.0	0.0	0.0	0.0
-19.964	0.0	0.0	0.0	0.0	0.0	0.0	0.0	0.0	0.0
-19.940	0.0	0.0	0.0	0.0	0.0	0.0	0.0	0.0	0.0
-19.916	0.0	0.0	0.0	0.0	0.0	0.0	0.0	0.0	0.0
-19.892	0.0	0.0	0.0	0.0	0.0	0.0	0.0	0.0	0.0
-19.867	0.0	0.0	0.0	0.0	0.0	0.0	0.0	0.0	0.0
-19.843	0.0	0.0	0.0	0.0	0.0	0.0	0.0	0.0	0.0
-19.819	0.0	0.0	0.0	0.0	0.0	0.0	0.0	0.0	0.0
-19.795	0.0	0.0	0.0	0.0	0.0	0.0	0.0	0.0	0.0
-19.771	0.0	0.0	0.0	0.0	0.0	0.0	0.0	0.0	0.0
-19.747	0.0	0.0	0.0	0.0	0.0	0.0	0.0	0.0	0.0
-19.722	0.0	0.0	0.0	0.0	0.0	0.0	0.0	0.0	0.0
-19.698	0.0	0.0	0.0	0.0	0.0	0.0	0.0	0.0	0.0
-19.674	0.0	0.0	0.0	0.0	0.0	0.0	0.0	0.0	0.0
-19.650	0.0	0.0	0.0	0.0	0.0	0.0	0.0	0.0	0.0
-19.626	0.0	0.0	0.0	0.0	0.0	0.0	0.0	0.0	0.0
-19.602	0.0	0.0	0.0	0.0	0.0	0.0	0.0	0.0	0.0
-19.577	0.0	0.0	0.0	0.0	0.0	0.0	0.0	0.0	0.0
-19.553	0.0	0.0	0.0	0.0	0.0	0.0	0.0	0.0	0.0
-19.529	0.0	0.0	0.0	0.0	0.0	0.0	0.0	0.0	0.0
-19.505	0.0	0.0	0.0	0.0	0.0	0.0	0.0	0.0	0.0
-19.481	0.0	0.0	0.0	0.0	0.0	0.0	0.0	0.0	0.0
-19.457	0.0	0.0	0.0	0.0	0.0	0.0	0.0	0.0	0.0
-19.432	0.0	0.0	0.0	0.0	0.0	0.0	0.0	0.0	0.0
-19.408	0.0	0.0	0.0	0.0	0.0	0.0	0.0	0.0	0.0
-19.384	0.0	0.0	0.0	0.0	0.0	0.0	0.0	0.0	0.0
-19.360	0.0	0.0	0.0	0.0	0.0	0.0	0.0	0.0	0.0
-19.336	0.0	0.0	0.0	0.0	0.0	0.0	0.0	0.0	0.0
-19.311	0.0	0.0	0.0	0.0	0.0	0.0	0.0	0.0	0.0
-19.287	0.0	0.0	0.0	0.0	0.0	0.0	0.0	0.0	0.0
-19.263	0.0	0.0	0.0	0.0	0.0	0.0	0.0	0.0	0.0
-19.239	0.0	0.0	0.0	0.0	0.0	0.0	0.0	0.0	0.0
-19.215	0.0	0.0	0.0	0.0	0.0	0.0	0.0	0.0	0.0
-19.191	0.0	0.0	0.0	0.0	0.0	0.0	0.0	0.0	0.0
-19.166	0.0	0.0	0.0	0.0	0.0	0.0	0.0	0.0	0.0
-19.142	0.0	0.0	0.0	0.0	0.0	0.0	0.0	0.0	0.0
-19.118	0.0	0.0	0.0	0.0	0.0	0.0	0.0	0.0	0.0
-19.094	0.0	0.0	0.0	0.0	0.0	0.0	0.0	0.0	0.0
-19.070	0.0	0.0	0.0	0.0	0.0	0.0	0.0	0.0	0.0
-19.046	0.0	0.0	0.0	0.0	0.0	0.0	0.0	0.0	0.0
-19.021	0.0	0.0	0.0	0.0	0.0	0.0	0.0	0.0	0.0
-18.997	0.0	0.0	0.0	0.0	0.0	0.0	0.0	0.0	0.0
-18.973	0.0	0.0	0.0	0.0	0.0	0.0	0.0	0.0	0.0
-18.949	0.0	0.0	0.0	0.0	0.0	0.0	0.0	0.0	0.0
-18.925	0.0	0.0	0.0	0.0	0.0	0.0	0.0	0.0	0.0
-18.901	0.0	0.0	0.0	0.0	0.0	0.0	0.0	0.0	0.0
-18.876	0.0	0.0	0.0	0.0	0.0	0.0	0.0	0.0	0.0
-18.852	0.0	0.0	0.0	0.0	0.0	0.0	0.0	0.0	0.0
-18.828	0.0	0.0	0.0	0.0	0.0	0.0	0.0	0.0	0.0
-18.804	0.0	0.0	0.0	0.0	0.0	0.0	0.0	0.0	0.0
-18.780	0.0	0.0	0.0	0.0	0.0	0.0	0.0	0.0	0.0
-18.756	0.0	0.0	0.0	0.0	0.0	0.0	0.0	0.0	0.0
-18.731	0.0	0.0	0.0	0.0	0.0	0.0	0.0	0.0	0.0
-18.707	0.0	0.0	0.0	0.0	0.0	0.0	0.0	0.0	0.0
-18.683	0.0	0.0	0.0	0.0	0.0	0.0	0.0	0.0	0.0
-18.659	0.0	0.0	0.0	0.0	0.0	0.0	0.0	0.0	0.0
-18.635	0.0	0.0	0.0	0.0	0.0	0.0	0.0	0.0	0.0
-18.610	0.0	0.0	0.0	0.0	0.0	0.0	0.0	0.0	0.0
-18.586	0.0	0.0	0.0	0.0	0.0	0.0	0.0	0.0	0.0
-18.562	0.0	0.0	0.0	0.0	0.0	0.0	0.0	0.0	0.0
-18.538	0.0	0.0	0.0	0.0	0.0	0.0	0.0	0.0	0.0
-18.514	0.0	0.0	0.0	0.0	0.0	0.0	0.0	0.0	0.0
-18.490	0.0	0.0	0.0	0.0	0.0	0.0	0.0	0.0	0.0
-18.465	0.0	0.0	0.0	0.0	0.0	0.0	0.0	0.0	0.0
-18.441	0.0	0.0	0.0	0.0	0.0	0.0	0.0	0.0	0.0
-18.417	0.0	0.0	0.0	0.0	0.0	0.0	0.0	0.0	0.0
-18.393	0.0	0.0	0.0	0.0	0.0	0.0	0.0	0.0	0.0
-18.369	0.0	0.0	0.0	0.0	0.0	0.0	0.0	0.0	0.0
-18.345	0.0	0.0	0.0	0.0	0.0	0.0	0.0	0.0	0.0
-18.320	0.0	0.0	0.0	0.0	0.0	0.0	0.0	0.0	0.0
-18.296	0.0	0.0	0.0	0.0	0.0	0.0	0.0	0.0	0.0
-18.272	0.0	0.0	0.0	0.0	0.0	0.0	0.0	0.0	0.0
-18.248	0.0	0.0	0.0	0.0	0.0	0.0	0.0	0.0	0.0
-18.224	0.0	0.0	0.0	0.0	0.0	0.0	0.0	0.0	0.0
-18.200	0.0	0.0	0.0	0.0	0.0	0.0	0.0	0.0	0.0
-18.175	3.2786e-15	1.059189e-16	4.122800072998e-17	8.68752e-17	4.228e-18	1.364e-28	1.453e-18	2.981e-29	1.308e-19
-18.151	5.245699999999999e-14	1.6945959999999999e-15	6.597000116753e-16	1.39009e-15	6.764e-17	2.182e-27	2.325e-17	4.77e-28	2.092e-18
-18.127	7.7706e-13	2.5107120000000004e-14	9.771000173e-15	2.059e-14	1.002e-15	3.232e-26	3.445e-16	7.065e-27	3.099e-17
-18.103	1.02317e-11	3.30547e-13	1.2868000227797e-13	2.71156e-13	1.319e-14	4.256e-25	4.536e-15	9.304e-26	4.081e-16
-18.079	1.1991999999999999e-10	3.87399e-12	1.5078000267022998e-12	3.1776100000000006e-12	1.546e-13	4.987e-24	5.316e-14	1.09e-24	4.783e-15
-18.054	1.2518e-09	4.04427e-11	1.573900027875e-11	3.31749e-11	1.614e-12	5.206e-23	5.55e-13	1.138e-23	4.993e-14
-18.030	1.1635999999999999e-08	3.7583999999999997e-10	1.4633000259035e-10	3.08295e-10	1.5e-11	4.839e-22	5.158e-12	1.058e-22	4.641e-13
-18.006	9.631200000000001e-08	3.1119100000000003e-09	1.2112000214409e-09	2.5523e-09	1.242e-10	4.006e-21	4.27e-11	8.758e-22	3.842e-12
-17.982	7.0994e-07	2.2936700000000002e-08	8.928000158057e-09	1.88138e-08	9.155e-10	2.953e-20	3.147e-10	6.456e-21	2.832e-11
-17.958	4.6603999999999995e-06	1.5057280000000002e-07	5.860800103769e-08	1.23508e-07	6.01e-09	1.938e-19	2.066e-09	4.238e-20	1.859e-10
-17.934	2.7241999999999998e-05	8.80134e-07	3.426200060669e-07	7.21982e-07	3.514e-08	1.133e-18	1.208e-08	2.478e-19	1.087e-09
-17.909	0.00014186	4.5822899999999995e-06	1.7843000315800001e-06	3.75922e-06	1.829e-07	5.9e-18	6.289e-08	1.29e-18	5.658e-09
-17.885	0.00065778	2.12495e-05	8.272000146432999e-06	1.7430099999999998e-05	8.482e-07	2.736e-17	2.916e-07	5.981e-18	2.623e-08
-17.861	0.0027161	8.775250000000002e-05	3.415600060472e-05	7.19842e-05	3.503e-06	1.13e-16	1.204e-06	2.47e-17	1.083e-07
-17.837	0.0099896	0.00032276000000000006	0.000125630002224	0.000264727	1.288e-05	4.155e-16	4.429e-06	9.084e-17	3.984e-07
-17.813	0.03272	0.001057102	0.0004115100072853	0.0008671670000000001	4.22e-05	1.361e-15	1.451e-05	2.975e-16	1.305e-06
-17.789	0.095463	0.00308402	0.0012005000212541	0.0025296999999999997	0.0001231	3.97e-15	4.232e-05	8.681e-16	3.808e-06
-17.764	0.24805	0.00801408	0.003119300055231	0.0065733200000000006	0.0003199	1.032e-14	0.00011	2.256e-15	9.894e-06
-17.740	0.5741900000000001	0.01854647	0.007219900127855	0.015213900000000002	0.0007403	2.388e-14	0.0002545	5.22e-15	2.29e-05
-17.716	1.1834	0.038228200000000004	0.014882000263495	0.0313633	0.001526	4.922e-14	0.0005246	1.076e-14	4.72e-05
-17.692	2.1728	0.0701882	0.027324000483820002	0.057576699999999995	0.002802	9.036e-14	0.0009632	1.976e-14	8.666e-05
-17.668	3.5526	0.1147929	0.04468700079111	0.09416670000000002	0.004582	1.478e-13	0.001575	3.231e-14	0.0001417
-17.644	5.175800000000001	0.167194	0.06508100115196	0.13714200000000001	0.006674	2.152e-13	0.002294	4.706e-14	0.0002064
-17.619	6.7147	0.21691200000000002	0.08444000149544	0.17793499999999998	0.008659	2.793e-13	0.002977	6.106e-14	0.0002678
-17.595	7.758700000000001	0.250706	0.09758000172792	0.205627	0.01001	3.227e-13	0.00344	7.056e-14	0.0003095
-17.571	7.986800000000001	0.2580119	0.10044000177876	0.211652	0.0103	3.322e-13	0.003541	7.262e-14	0.0003186
-17.547	7.3221	0.2365503	0.09209000163037	0.19405199999999997	0.009442	3.045e-13	0.003246	6.658e-14	0.000292
-17.523	5.9799999999999995	0.1931707	0.07519000133148	0.15845700000000001	0.007711	2.487e-13	0.002651	5.437e-14	0.0002385
-17.498	4.3486	0.14050780000000002	0.05469100096836001	0.11525200000000001	0.005608	1.809e-13	0.001928	3.955e-14	0.0001735
-17.474	2.8177000000000003	0.0910206	0.03543400062735	0.0746627	0.003633	1.172e-13	0.001249	2.562e-14	0.0001124
-17.450	1.6258999999999997	0.0525275	0.02044700036198	0.0430844	0.002097	6.762e-14	0.0007208	1.478e-14	6.485e-05
-17.426	0.8356399999999999	0.02699523	0.010509000186076	0.022145199999999997	0.001078	3.476e-14	0.0003705	7.599e-15	3.333e-05
-17.402	0.38248000000000004	0.012359460000000001	0.004810600085182	0.010138260000000001	0.0004933	1.591e-14	0.0001696	3.479e-15	1.526e-05
-17.378	0.15599000000000002	0.00503873	0.001961900034735	0.00413414	0.0002011	6.487e-15	6.915e-05	1.418e-15	6.221e-06
-17.353	0.056654	0.0018301139999999999	0.0007123000126093	0.0015012100000000002	7.305e-05	2.356e-15	2.511e-05	5.151e-16	2.259e-06
-17.329	0.018321999999999998	0.00059186	0.0002303800040796	0.000485503	2.363e-05	7.62e-16	8.123e-06	1.666e-16	7.308e-07
-17.305	0.005278399999999999	0.0001705242	6.63750011748e-05	0.000139867	6.807e-06	2.195e-16	2.34e-06	4.8e-17	2.105e-07
-17.281	0.0013543000000000001	4.3751800000000004e-05	1.703200030148e-05	3.58817e-05	1.746e-06	5.632e-17	6.004e-07	1.231e-17	5.401e-08
-17.257	0.00030951	9.99678e-06	3.891200068899e-06	8.201070000000001e-06	3.99e-07	1.287e-17	1.372e-07	2.814e-18	1.234e-08
-17.233	6.2975e-05	2.0344350000000003e-06	7.919000140206e-07	1.66884e-06	8.121e-08	2.619e-18	2.792e-08	5.726e-19	2.512e-09
-17.208	1.1413e-05	3.68656e-07	1.4353000254154e-07	3.02471e-07	1.472e-08	4.747e-19	5.06e-09	1.038e-19	4.552e-10
-17.184	1.8421999999999997e-06	5.951409999999999e-08	2.317000041014e-08	4.8817700000000004e-08	2.376e-09	7.662e-20	8.167e-10	1.675e-20	7.348e-11
-17.160	2.6484e-07	8.554909999999999e-09	3.329900058957e-09	7.0169700000000004e-09	3.415e-10	1.101e-20	1.174e-10	2.408e-21	1.056e-11
-17.136	3.3895e-08	1.095e-09	4.2626000754680004e-10	8.982110000000001e-10	4.371e-11	1.41e-21	1.503e-11	3.082e-22	1.352e-12
-17.112	3.864e-09	1.248268e-10	4.858700086033e-11	1.023949e-10	4.983e-12	1.607e-22	1.713e-12	3.513e-23	1.541e-13
-17.088	3.9218e-10	1.267062e-11	4.932300087329999e-12	1.03939e-11	5.058e-13	1.631e-23	1.739e-13	3.566e-24	1.564e-14
-17.063	3.5466000000000006e-11	1.145531e-12	4.459600078955e-13	9.3967e-13	4.573e-14	1.475e-24	1.572e-14	3.224e-25	1.414e-15
-17.039	2.8454e-12	9.19386e-14	3.5783000633570004e-14	7.541250000000001e-14	3.67e-15	1.184e-25	1.262e-15	2.588e-26	1.135e-16
-17.015	2.0981999999999998e-13	6.77891e-15	2.639000046721e-15	5.5604699999999994e-15	2.706e-16	8.727e-27	9.302e-17	1.908e-27	8.369e-18
-16.991	1.3114000000000001e-14	4.2365199999999993e-16	1.6491000292030001e-16	3.4759300000000005e-16	1.691e-17	5.454e-28	5.814e-18	1.192e-28	5.231e-19
-16.967	0.0	0.0	0.0	0.0	0.0	0.0	0.0	0.0	0.0
-16.943	0.0	0.0	0.0	0.0	0.0	0.0	0.0	0.0	0.0
-16.918	0.0	0.0	0.0	0.0	0.0	0.0	0.0	0.0	0.0
-16.894	0.0	0.0	0.0	0.0	0.0	0.0	0.0	0.0	0.0
-16.870	0.0	0.0	0.0	0.0	0.0	0.0	0.0	0.0	0.0
-16.846	0.0	0.0	0.0	0.0	0.0	0.0	0.0	0.0	0.0
-16.822	0.0	0.0	0.0	0.0	0.0	0.0	0.0	0.0	0.0
-16.797	0.0	0.0	0.0	0.0	0.0	0.0	0.0	0.0	0.0
-16.773	0.0	0.0	0.0	0.0	0.0	0.0	0.0	0.0	0.0
-16.749	0.0	0.0	0.0	0.0	0.0	0.0	0.0	0.0	0.0
-16.725	0.0	0.0	0.0	0.0	0.0	0.0	0.0	0.0	0.0
-16.701	0.0	0.0	0.0	0.0	0.0	0.0	0.0	0.0	0.0
-16.677	0.0	0.0	0.0	0.0	0.0	0.0	0.0	0.0	0.0
-16.652	0.0	0.0	0.0	0.0	0.0	0.0	0.0	0.0	0.0
-16.628	0.0	0.0	0.0	0.0	0.0	0.0	0.0	0.0	0.0
-16.604	0.0	0.0	0.0	0.0	0.0	0.0	0.0	0.0	0.0
-16.580	0.0	0.0	0.0	0.0	0.0	0.0	0.0	0.0	0.0
-16.556	0.0	0.0	0.0	0.0	0.0	0.0	0.0	0.0	0.0
-16.532	0.0	0.0	0.0	0.0	0.0	0.0	0.0	0.0	0.0
-16.507	0.0	0.0	0.0	0.0	0.0	0.0	0.0	0.0	0.0
-16.483	0.0	0.0	0.0	0.0	0.0	0.0	0.0	0.0	0.0
-16.459	0.0	0.0	0.0	0.0	0.0	0.0	0.0	0.0	0.0
-16.435	0.0	0.0	0.0	0.0	0.0	0.0	0.0	0.0	0.0
-16.411	0.0	0.0	0.0	0.0	0.0	0.0	0.0	0.0	0.0
-16.387	0.0	0.0	0.0	0.0	0.0	0.0	0.0	0.0	0.0
-16.362	0.0	0.0	0.0	0.0	0.0	0.0	0.0	0.0	0.0
-16.338	0.0	0.0	0.0	0.0	0.0	0.0	0.0	0.0	0.0
-16.314	0.0	0.0	0.0	0.0	0.0	0.0	0.0	0.0	0.0
-16.290	0.0	0.0	0.0	0.0	0.0	0.0	0.0	0.0	0.0
-16.266	0.0	0.0	0.0	0.0	0.0	0.0	0.0	0.0	0.0
-16.241	0.0	0.0	0.0	0.0	0.0	0.0	0.0	0.0	0.0
-16.217	0.0	0.0	0.0	0.0	0.0	0.0	0.0	0.0	0.0
-16.193	0.0	0.0	0.0	0.0	0.0	0.0	0.0	0.0	0.0
-16.169	0.0	0.0	0.0	0.0	0.0	0.0	0.0	0.0	0.0
-16.145	0.0	0.0	0.0	0.0	0.0	0.0	0.0	0.0	0.0
-16.121	0.0	0.0	0.0	0.0	0.0	0.0	0.0	0.0	0.0
-16.096	0.0	0.0	0.0	0.0	0.0	0.0	0.0	0.0	0.0
-16.072	0.0	0.0	0.0	0.0	0.0	0.0	0.0	0.0	0.0
-16.048	0.0	0.0	0.0	0.0	0.0	0.0	0.0	0.0	0.0
-16.024	0.0	0.0	0.0	0.0	0.0	0.0	0.0	0.0	0.0
-16.000	0.0	0.0	0.0	0.0	0.0	0.0	0.0	0.0	0.0
-15.976	0.0	0.0	0.0	0.0	0.0	0.0	0.0	0.0	0.0
-15.951	0.0	0.0	0.0	0.0	0.0	0.0	0.0	0.0	0.0
-15.927	0.0	0.0	0.0	0.0	0.0	0.0	0.0	0.0	0.0
-15.903	0.0	0.0	0.0	0.0	0.0	0.0	0.0	0.0	0.0
-15.879	0.0	0.0	0.0	0.0	0.0	0.0	0.0	0.0	0.0
-15.855	0.0	0.0	0.0	0.0	0.0	0.0	0.0	0.0	0.0
-15.831	0.0	0.0	0.0	0.0	0.0	0.0	0.0	0.0	0.0
-15.806	0.0	0.0	0.0	0.0	0.0	0.0	0.0	0.0	0.0
-15.782	0.0	0.0	0.0	0.0	0.0	0.0	0.0	0.0	0.0
-15.758	0.0	0.0	0.0	0.0	0.0	0.0	0.0	0.0	0.0
-15.734	0.0	0.0	0.0	0.0	0.0	0.0	0.0	0.0	0.0
-15.710	0.0	0.0	0.0	0.0	0.0	0.0	0.0	0.0	0.0
-15.685	0.0	0.0	0.0	0.0	0.0	0.0	0.0	0.0	0.0
-15.661	0.0	0.0	0.0	0.0	0.0	0.0	0.0	0.0	0.0
-15.637	0.0	0.0	0.0	0.0	0.0	0.0	0.0	0.0	0.0
-15.613	0.0	0.0	0.0	0.0	0.0	0.0	0.0	0.0	0.0
-15.589	0.0	0.0	0.0	0.0	0.0	0.0	0.0	0.0	0.0
-15.565	0.0	0.0	0.0	0.0	0.0	0.0	0.0	0.0	0.0
-15.540	0.0	0.0	0.0	0.0	0.0	0.0	0.0	0.0	0.0
-15.516	0.0	0.0	0.0	0.0	0.0	0.0	0.0	0.0	0.0
-15.492	0.0	0.0	0.0	0.0	0.0	0.0	0.0	0.0	0.0
-15.468	0.0	0.0	0.0	0.0	0.0	0.0	0.0	0.0	0.0
-15.444	0.0	0.0	0.0	0.0	0.0	0.0	0.0	0.0	0.0
-15.420	0.0	0.0	0.0	0.0	0.0	0.0	0.0	0.0	0.0
-15.395	0.0	0.0	0.0	0.0	0.0	0.0	0.0	0.0	0.0
-15.371	0.0	0.0	0.0	0.0	0.0	0.0	0.0	0.0	0.0
-15.347	0.0	0.0	0.0	0.0	0.0	0.0	0.0	0.0	0.0
-15.323	0.0	0.0	0.0	0.0	0.0	0.0	0.0	0.0	0.0
-15.299	0.0	0.0	0.0	0.0	0.0	0.0	0.0	0.0	0.0
-15.275	0.0	0.0	0.0	0.0	0.0	0.0	0.0	0.0	0.0
-15.250	0.0	0.0	0.0	0.0	0.0	0.0	0.0	0.0	0.0
-15.226	0.0	0.0	0.0	0.0	0.0	0.0	0.0	0.0	0.0
-15.202	0.0	0.0	0.0	0.0	0.0	0.0	0.0	0.0	0.0
-15.178	0.0	0.0	0.0	0.0	0.0	0.0	0.0	0.0	0.0
-15.154	0.0	0.0	0.0	0.0	0.0	0.0	0.0	0.0	0.0
-15.130	0.0	0.0	0.0	0.0	0.0	0.0	0.0	0.0	0.0
-15.105	0.0	0.0	0.0	0.0	0.0	0.0	0.0	0.0	0.0
-15.081	0.0	0.0	0.0	0.0	0.0	0.0	0.0	0.0	0.0
-15.057	0.0	0.0	0.0	0.0	0.0	0.0	0.0	0.0	0.0
-15.033	0.0	0.0	0.0	0.0	0.0	0.0	0.0	0.0	0.0
-15.009	0.0	0.0	0.0	0.0	0.0	0.0	0.0	0.0	0.0
-14.984	0.0	0.0	0.0	0.0	0.0	0.0	0.0	0.0	0.0
-14.960	0.0	0.0	0.0	0.0	0.0	0.0	0.0	0.0	0.0
-14.936	0.0	0.0	0.0	0.0	0.0	0.0	0.0	0.0	0.0
-14.912	0.0	0.0	0.0	0.0	0.0	0.0	0.0	0.0	0.0
-14.888	0.0	0.0	0.0	0.0	0.0	0.0	0.0	0.0	0.0
-14.864	0.0	0.0	0.0	0.0	0.0	0.0	0.0	0.0	0.0
-14.839	0.0	0.0	0.0	0.0	0.0	0.0	0.0	0.0	0.0
-14.815	0.0	0.0	0.0	0.0	0.0	0.0	0.0	0.0	0.0
-14.791	0.0	0.0	0.0	0.0	0.0	0.0	0.0	0.0	0.0
-14.767	0.0	0.0	0.0	0.0	0.0	0.0	0.0	0.0	0.0
-14.743	0.0	0.0	0.0	0.0	0.0	0.0	0.0	0.0	0.0
-14.719	0.0	0.0	0.0	0.0	0.0	0.0	0.0	0.0	0.0
-14.694	0.0	0.0	0.0	0.0	0.0	0.0	0.0	0.0	0.0
-14.670	0.0	0.0	0.0	0.0	0.0	0.0	0.0	0.0	0.0
-14.646	0.0	0.0	0.0	0.0	0.0	0.0	0.0	0.0	0.0
-14.622	0.0	0.0	0.0	0.0	0.0	0.0	0.0	0.0	0.0
-14.598	0.0	0.0	0.0	0.0	0.0	0.0	0.0	0.0	0.0
-14.574	0.0	0.0	0.0	0.0	0.0	0.0	0.0	0.0	0.0
-14.549	0.0	0.0	0.0	0.0	0.0	0.0	0.0	0.0	0.0
-14.525	0.0	0.0	0.0	0.0	0.0	0.0	0.0	0.0	0.0
-14.501	0.0	0.0	0.0	0.0	0.0	0.0	0.0	0.0	0.0
-14.477	0.0	0.0	0.0	0.0	0.0	0.0	0.0	0.0	0.0
-14.453	0.0	0.0	0.0	0.0	0.0	0.0	0.0	0.0	0.0
-14.428	0.0	0.0	0.0	0.0	0.0	0.0	0.0	0.0	0.0
-14.404	0.0	0.0	0.0	0.0	0.0	0.0	0.0	0.0	0.0
-14.380	0.0	0.0	0.0	0.0	0.0	0.0	0.0	0.0	0.0
-14.356	0.0	0.0	0.0	0.0	0.0	0.0	0.0	0.0	0.0
-14.332	0.0	0.0	0.0	0.0	0.0	0.0	0.0	0.0	0.0
-14.308	0.0	0.0	0.0	0.0	0.0	0.0	0.0	0.0	0.0
-14.283	0.0	0.0	0.0	0.0	0.0	0.0	0.0	0.0	0.0
-14.259	0.0	0.0	0.0	0.0	0.0	0.0	0.0	0.0	0.0
-14.235	0.0	0.0	0.0	0.0	0.0	0.0	0.0	0.0	0.0
-14.211	0.0	0.0	0.0	0.0	0.0	0.0	0.0	0.0	0.0
-14.187	0.0	0.0	0.0	0.0	0.0	0.0	0.0	0.0	0.0
-14.163	0.0	0.0	0.0	0.0	0.0	0.0	0.0	0.0	0.0
-14.138	0.0	0.0	0.0	0.0	0.0	0.0	0.0	0.0	0.0
-14.114	0.0	0.0	0.0	0.0	0.0	0.0	0.0	0.0	0.0
-14.090	0.0	0.0	0.0	0.0	0.0	0.0	0.0	0.0	0.0
-14.066	0.0	0.0	0.0	0.0	0.0	0.0	0.0	0.0	0.0
-14.042	0.0	0.0	0.0	0.0	0.0	0.0	0.0	0.0	0.0
-14.018	0.0	0.0	0.0	0.0	0.0	0.0	0.0	0.0	0.0
-13.993	0.0	0.0	0.0	0.0	0.0	0.0	0.0	0.0	0.0
-13.969	0.0	0.0	0.0	0.0	0.0	0.0	0.0	0.0	0.0
-13.945	0.0	0.0	0.0	0.0	0.0	0.0	0.0	0.0	0.0
-13.921	0.0	0.0	0.0	0.0	0.0	0.0	0.0	0.0	0.0
-13.897	0.0	0.0	0.0	0.0	0.0	0.0	0.0	0.0	0.0
-13.872	0.0	0.0	0.0	0.0	0.0	0.0	0.0	0.0	0.0
-13.848	0.0	0.0	0.0	0.0	0.0	0.0	0.0	0.0	0.0
-13.824	0.0	0.0	0.0	0.0	0.0	0.0	0.0	0.0	0.0
-13.800	0.0	0.0	0.0	0.0	0.0	0.0	0.0	0.0	0.0
-13.776	0.0	0.0	0.0	0.0	0.0	0.0	0.0	0.0	0.0
-13.752	0.0	0.0	0.0	0.0	0.0	0.0	0.0	0.0	0.0
-13.727	0.0	0.0	0.0	0.0	0.0	0.0	0.0	0.0	0.0
-13.703	0.0	0.0	0.0	0.0	0.0	0.0	0.0	0.0	0.0
-13.679	0.0	0.0	0.0	0.0	0.0	0.0	0.0	0.0	0.0
-13.655	0.0	0.0	0.0	0.0	0.0	0.0	0.0	0.0	0.0
-13.631	0.0	0.0	0.0	0.0	0.0	0.0	0.0	0.0	0.0
-13.607	0.0	0.0	0.0	0.0	0.0	0.0	0.0	0.0	0.0
-13.582	0.0	0.0	0.0	0.0	0.0	0.0	0.0	0.0	0.0
-13.558	0.0	0.0	0.0	0.0	0.0	0.0	0.0	0.0	0.0
-13.534	0.0	0.0	0.0	0.0	0.0	0.0	0.0	0.0	0.0
-13.510	0.0	0.0	0.0	0.0	0.0	0.0	0.0	0.0	0.0
-13.486	0.0	0.0	0.0	0.0	0.0	0.0	0.0	0.0	0.0
-13.462	0.0	0.0	0.0	0.0	0.0	0.0	0.0	0.0	0.0
-13.437	0.0	0.0	0.0	0.0	0.0	0.0	0.0	0.0	0.0
-13.413	0.0	0.0	0.0	0.0	0.0	0.0	0.0	0.0	0.0
-13.389	0.0	0.0	0.0	0.0	0.0	0.0	0.0	0.0	0.0
-13.365	0.0	0.0	0.0	0.0	0.0	0.0	0.0	0.0	0.0
-13.341	0.0	0.0	0.0	0.0	0.0	0.0	0.0	0.0	0.0
-13.317	0.0	0.0	0.0	0.0	0.0	0.0	0.0	0.0	0.0
-13.292	0.0	0.0	0.0	0.0	0.0	0.0	0.0	0.0	0.0
-13.268	0.0	0.0	0.0	0.0	0.0	0.0	0.0	0.0	0.0
-13.244	0.0	0.0	0.0	0.0	0.0	0.0	0.0	0.0	0.0
-13.220	0.0	0.0	0.0	0.0	0.0	0.0	0.0	0.0	0.0
-13.196	0.0	0.0	0.0	0.0	0.0	0.0	0.0	0.0	0.0
-13.171	0.0	0.0	0.0	0.0	0.0	0.0	0.0	0.0	0.0
-13.147	0.0	0.0	0.0	0.0	0.0	0.0	0.0	0.0	0.0
-13.123	0.0	0.0	0.0	0.0	0.0	0.0	0.0	0.0	0.0
-13.099	0.0	0.0	0.0	0.0	0.0	0.0	0.0	0.0	0.0
-13.075	0.0	0.0	0.0	0.0	0.0	0.0	0.0	0.0	0.0
-13.051	0.0	0.0	0.0	0.0	0.0	0.0	0.0	0.0	0.0
-13.026	0.0	0.0	0.0	0.0	0.0	0.0	0.0	0.0	0.0
-13.002	0.0	0.0	0.0	0.0	0.0	0.0	0.0	0.0	0.0
-12.978	0.0	0.0	0.0	0.0	0.0	0.0	0.0	0.0	0.0
-12.954	0.0	0.0	0.0	0.0	0.0	0.0	0.0	0.0	0.0
-12.930	0.0	0.0	0.0	0.0	0.0	0.0	0.0	0.0	0.0
-12.906	0.0	0.0	0.0	0.0	0.0	0.0	0.0	0.0	0.0
-12.881	0.0	0.0	0.0	0.0	0.0	0.0	0.0	0.0	0.0
-12.857	0.0	0.0	0.0	0.0	0.0	0.0	0.0	0.0	0.0
-12.833	0.0	0.0	0.0	0.0	0.0	0.0	0.0	0.0	0.0
-12.809	0.0	0.0	0.0	0.0	0.0	0.0	0.0	0.0	0.0
-12.785	0.0	0.0	0.0	0.0	0.0	0.0	0.0	0.0	0.0
-12.761	0.0	0.0	0.0	0.0	0.0	0.0	0.0	0.0	0.0
-12.736	0.0	0.0	0.0	0.0	0.0	0.0	0.0	0.0	0.0
-12.712	0.0	0.0	0.0	0.0	0.0	0.0	0.0	0.0	0.0
-12.688	0.0	0.0	0.0	0.0	0.0	0.0	0.0	0.0	0.0
-12.664	0.0	0.0	0.0	0.0	0.0	0.0	0.0	0.0	0.0
-12.640	0.0	0.0	0.0	0.0	0.0	0.0	0.0	0.0	0.0
-12.615	0.0	0.0	0.0	0.0	0.0	0.0	0.0	0.0	0.0
-12.591	0.0	0.0	0.0	0.0	0.0	0.0	0.0	0.0	0.0
-12.567	0.0	0.0	0.0	0.0	0.0	0.0	0.0	0.0	0.0
-12.543	0.0	0.0	0.0	0.0	0.0	0.0	0.0	0.0	0.0
-12.519	0.0	0.0	0.0	0.0	0.0	0.0	0.0	0.0	0.0
-12.495	0.0	0.0	0.0	0.0	0.0	0.0	0.0	0.0	0.0
-12.470	0.0	0.0	0.0	0.0	0.0	0.0	0.0	0.0	0.0
-12.446	0.0	0.0	0.0	0.0	0.0	0.0	0.0	0.0	0.0
-12.422	0.0	0.0	0.0	0.0	0.0	0.0	0.0	0.0	0.0
-12.398	0.0	0.0	0.0	0.0	0.0	0.0	0.0	0.0	0.0
-12.374	0.0	0.0	0.0	0.0	0.0	0.0	0.0	0.0	0.0
-12.350	0.0	0.0	0.0	0.0	0.0	0.0	0.0	0.0	0.0
-12.325	0.0	0.0	0.0	0.0	0.0	0.0	0.0	0.0	0.0
-12.301	0.0	0.0	0.0	0.0	0.0	0.0	0.0	0.0	0.0
-12.277	0.0	0.0	0.0	0.0	0.0	0.0	0.0	0.0	0.0
-12.253	0.0	0.0	0.0	0.0	0.0	0.0	0.0	0.0	0.0
-12.229	0.0	0.0	0.0	0.0	0.0	0.0	0.0	0.0	0.0
-12.205	0.0	0.0	0.0	0.0	0.0	0.0	0.0	0.0	0.0
-12.180	0.0	0.0	0.0	0.0	0.0	0.0	0.0	0.0	0.0
-12.156	0.0	0.0	0.0	0.0	0.0	0.0	0.0	0.0	0.0
-12.132	0.0	0.0	0.0	0.0	0.0	0.0	0.0	0.0	0.0
-12.108	0.0	0.0	0.0	0.0	0.0	0.0	0.0	0.0	0.0
-12.084	0.0	0.0	0.0	0.0	0.0	0.0	0.0	0.0	0.0
-12.059	0.0	0.0	0.0	0.0	0.0	0.0	0.0	0.0	0.0
-12.035	0.0	0.0	0.0	0.0	0.0	0.0	0.0	0.0	0.0
-12.011	0.0	0.0	0.0	0.0	0.0	0.0	0.0	0.0	0.0
-11.987	0.0	0.0	0.0	0.0	0.0	0.0	0.0	0.0	0.0
-11.963	0.0	0.0	0.0	0.0	0.0	0.0	0.0	0.0	0.0
-11.939	0.0	0.0	0.0	0.0	0.0	0.0	0.0	0.0	0.0
-11.914	0.0	0.0	0.0	0.0	0.0	0.0	0.0	0.0	0.0
-11.890	0.0	0.0	0.0	0.0	0.0	0.0	0.0	0.0	0.0
-11.866	0.0	0.0	0.0	0.0	0.0	0.0	0.0	0.0	0.0
-11.842	0.0	0.0	0.0	0.0	0.0	0.0	0.0	0.0	0.0
-11.818	5.658000428829999e-15	1.3665269999999999e-15	3.21983e-15	1.91462e-15	8.982e-19	1.615e-17	6.924e-20	1.187e-17	2.705e-17
-11.794	9.478000701299998e-14	2.195518e-14	5.5925500000000004e-14	3.10088e-14	1.42e-17	2.792e-16	1.176e-18	2.08e-16	4.359e-16
-11.769	1.35950010102e-12	3.17242e-13	7.97032e-13	4.4740400000000003e-13	2.058e-16	3.982e-15	1.682e-17	2.96e-15	6.297e-15
-11.745	1.73260012883e-11	4.04722e-12	1.01489e-11	5.707699999999999e-12	2.627e-15	5.071e-14	2.143e-16	3.769e-14	8.033e-14
-11.721	1.96850014655e-10	4.60623e-11	1.1515600000000001e-10	6.49316e-11	2.992e-14	5.755e-13	2.434e-15	4.274e-13	9.141e-13
-11.697	1.9913001484e-09	4.66712e-10	1.1633500000000001e-09	6.57702e-10	3.033e-13	5.815e-12	2.461e-14	4.317e-12	9.261e-12
-11.673	1.79400013381e-08	4.21133e-09	1.0467600000000001e-08	5.93294e-09	2.738e-12	5.233e-11	2.216e-13	3.883e-11	8.355e-11
-11.649	1.43930010741e-07	3.38297e-08	8.38582e-08	4.765580000000001e-08	2.202e-11	4.193e-10	1.777e-12	3.11e-10	6.712e-10
-11.624	1.02830007681e-06	2.421266e-07	5.98341e-07	3.4093099999999994e-07	1.576e-10	2.992e-09	1.269e-11	2.218e-09	4.803e-09
-11.600	6.543000489200001e-06	1.5428800000000002e-06	3.80118e-06	2.17204e-06	1.005e-09	1.901e-08	8.068e-11	1.409e-08	3.06e-08
-11.576	3.70600027739e-05	8.754650000000001e-06	2.15104e-05	1.2325029999999998e-05	5.707e-09	1.076e-07	4.569e-10	7.969e-08	1.736e-07
-11.552	0.000187070014009	4.42475e-05	0.000108411	6.225189999999999e-05	2.886e-08	5.424e-07	2.305e-09	4.014e-07	8.775e-07
-11.528	0.0008408000630300001	0.0001991151	0.000486562	0.00028017200000000003	1.3e-07	2.435e-06	1.035e-08	1.801e-06	3.949e-06
-11.504	0.00336500025245	0.000798422	0.00194512	0.0011226370000000001	5.214e-07	9.734e-06	4.142e-08	7.197e-06	1.583e-05
-11.479	0.0119960009008	0.0028508210000000003	0.00692452	0.00400714	1.863e-06	3.466e-05	1.476e-07	2.561e-05	5.651e-05
-11.455	0.0380900028626	0.00906422	0.021952100000000002	0.01274309	5.927e-06	0.0001099	4.683e-07	8.119e-05	0.0001797
-11.431	0.107710008103	0.02566916	0.062005399999999995	0.036071	1.68e-05	0.0003105	1.324e-06	0.0002292	0.0005089
-11.407	0.271300020425	0.06475639999999999	0.155913	0.09096490000000002	4.24e-05	0.0007811	3.332e-06	0.0005763	0.001284
-11.383	0.6086000458699999	0.1455431	0.349421	0.204261	9.531e-05	0.00175	7.472e-06	0.001291	0.002884
-11.358	1.21610009172	0.291137	0.697142	0.408778	0.0001908	0.003493	1.492e-05	0.002574	0.00577
-11.334	2.16430016339	0.5189710000000001	1.23881	0.7283649999999999	0.0003404	0.006209	2.654e-05	0.004574	0.01028
-11.310	3.4310002592699997	0.823972	1.9614500000000001	1.156079	0.0005407	0.009831	4.206e-05	0.007238	0.01632
-11.286	4.84300036638	1.165221	2.76554	1.634588	0.0007651	0.01386	5.935e-05	0.0102	0.02308
-11.262	6.0920004611	1.468112	3.47409	2.0583400000000003	0.0009642	0.01742	7.461e-05	0.01281	0.02907
-11.238	6.8250005171	1.646364	3.88588	2.30772	0.001082	0.01949	8.353e-05	0.01432	0.03261
-11.213	6.8100005164	1.645296	3.8718899999999996	2.3059600000000002	0.001082	0.01942	8.331e-05	0.01427	0.03259
-11.189	6.0530004594	1.464782	3.43702	2.05235	0.0009638	0.01724	7.4e-05	0.01266	0.029
-11.165	4.7910003639	1.1610340000000001	2.71682	1.6260000000000001	0.0007646	0.01363	5.855e-05	0.01	0.02299
-11.141	3.3790002567900004	0.8199270000000001	1.9127300000000003	1.1481109999999999	0.0005402	0.009599	4.126e-05	0.007041	0.01623
-11.117	2.12170016141	0.515667	1.19947	0.7220399999999998	0.00034	0.006021	2.59e-05	0.004415	0.01021
-11.093	1.18690009039	0.2889336	0.670234	0.404432	0.0001906	0.003364	1.448e-05	0.002465	0.005719
-11.068	0.5914000450800001	0.14412660000000002	0.33353799999999995	0.201709	9.516e-05	0.001674	7.212e-06	0.001226	0.002854
-11.044	0.26245002002	0.0640755	0.147795	0.08963420000000001	4.232e-05	0.0007421	3.199e-06	0.0005432	0.001268
-11.020	0.103730007922	0.02537201	0.05834189999999999	0.03547229999999999	1.676e-05	0.000293	1.264e-06	0.0002143	0.000502
-10.996	0.0365200027914	0.008943469999999999	0.020514	0.012504659999999999	5.913e-06	0.000103	4.447e-07	7.533e-05	0.000177
-10.972	0.011451000876	0.002809094	0.0064224799999999995	0.00392598	1.858e-06	3.227e-05	1.394e-07	2.358e-05	5.557e-05
-10.948	0.0031990002448300005	0.000785575	0.00179094	0.001097728	5.199e-07	9e-06	3.891e-08	6.573e-06	1.554e-05
-10.923	0.00079560006096	0.0001956998	0.000444924	0.00027331400000000003	1.296e-07	2.236e-06	9.672e-09	1.632e-06	3.871e-06
-10.899	0.000176230013515	4.3413100000000006e-05	9.842e-05	6.0631099999999996e-05	2.876e-08	4.947e-07	2.142e-09	3.609e-07	8.587e-07
-10.875	3.4770002669e-05	8.57768e-06	1.9388599999999996e-05	1.198031e-05	5.686e-09	9.748e-08	4.223e-10	7.108e-08	1.696e-07
-10.851	6.1090004693e-06	1.508821e-06	3.40224e-06	2.1064999999999997e-06	1.001e-09	1.711e-08	7.416e-11	1.247e-08	2.985e-08
-10.827	9.559000735e-07	2.3651950000000002e-07	5.31561e-07	3.3012599999999995e-07	1.57e-10	2.674e-09	1.16e-11	1.947e-09	4.677e-09
-10.802	1.33210010251e-07	3.300729e-08	7.39777e-08	4.60522e-08	2.192e-11	3.721e-10	1.615e-12	2.709e-10	6.526e-10
-10.778	1.65310012732e-08	4.102609999999999e-09	9.1676e-09	5.721779999999999e-09	2.726e-12	4.612e-11	2.004e-13	3.355e-11	8.11e-11
-10.754	1.8269001408800002e-09	4.53982e-10	1.01173e-09	6.33102e-10	3.018e-13	5.091e-12	2.213e-14	3.702e-12	8.975e-12
-10.730	1.7978001387400002e-10	4.4744900000000003e-11	9.941799999999999e-11	6.23828e-11	2.976e-14	5.004e-13	2.177e-15	3.636e-13	8.845e-13
-10.706	1.57560012167e-11	3.926489999999999e-12	8.70058e-12	5.473419999999999e-12	2.613e-15	4.38e-14	1.907e-16	3.181e-14	7.762e-14
-10.682	1.23060009511e-12	3.0712829999999995e-13	6.787380000000001e-13	4.27986e-13	2.045e-16	3.417e-15	1.489e-17	2.48e-15	6.071e-15
-10.657	8.4870006569e-14	2.123631e-14	4.6698e-14	2.9577e-14	1.415e-17	2.352e-16	1.026e-18	1.706e-16	4.196e-16
-10.633	5.658000428829999e-15	1.3665269999999999e-15	3.21983e-15	1.91462e-15	8.982e-19	1.615e-17	6.924e-20	1.187e-17	2.705e-17
-10.609	0.0	0.0	0.0	0.0	0.0	0.0	0.0	0.0	0.0
-10.585	0.0	0.0	0.0	0.0	0.0	0.0	0.0	0.0	0.0
-10.561	0.0	0.0	0.0	0.0	0.0	0.0	0.0	0.0	0.0
-10.537	0.0	0.0	0.0	0.0	0.0	0.0	0.0	0.0	0.0
-10.512	0.0	0.0	0.0	0.0	0.0	0.0	0.0	0.0	0.0
-10.488	0.0	0.0	0.0	0.0	0.0	0.0	0.0	0.0	0.0
-10.464	2.818505e-16	1.5965382e-15	8.971017324e-18	1.1273409059999998e-15	2.389e-17	2.099e-25	8.211e-18	6.328e-26	7.339e-19
-10.440	4.7909589999999994e-15	2.7143718999999998e-14	1.525402945e-16	1.9167766400000003e-14	4.062e-16	3.569e-24	1.396e-16	1.076e-24	1.248e-17
-10.416	7.102834e-14	4.0236074e-13	2.2611043649999996e-15	2.8408458420000006e-13	6.021e-15	5.291e-23	2.069e-15	1.595e-23	1.849e-16
-10.392	9.30658e-13	5.2730393e-12	2.96240572e-14	3.722761900000001e-12	7.89e-14	6.932e-22	2.711e-14	2.09e-22	2.423e-15
-10.367	1.088254e-11	6.165502199999998e-11	3.4646066900000004e-13	4.35350308e-11	9.226e-13	8.107e-21	3.171e-13	2.444e-21	2.834e-14
-10.343	1.133109e-10	6.418625700000001e-10	3.606406965e-12	4.5324127000000005e-10	9.606e-12	8.44e-20	3.301e-12	2.544e-20	2.95e-13
-10.319	1.050507e-09	5.950712199999999e-09	3.344206457e-11	4.201880560000001e-09	8.905e-11	7.825e-19	3.06e-11	2.359e-19	2.735e-12
-10.295	8.67379e-09	4.9130459e-08	2.7607053300000003e-10	3.46905302e-08	7.352e-10	6.46e-18	2.527e-10	1.947e-18	2.258e-11
-10.271	6.37593e-08	3.6121761999999994e-07	2.02960392e-09	2.550642836e-07	5.405e-09	4.75e-17	1.858e-09	1.432e-17	1.66e-10
-10.246	4.175192e-07	2.3648545e-06	1.328802566e-08	1.670239785e-06	3.539e-08	3.11e-16	1.216e-08	9.373e-17	1.087e-09
-10.222	2.434228e-06	1.379019e-05	7.748014960999999e-08	9.73600373e-06	2.064e-07	1.813e-15	7.092e-08	5.465e-16	6.338e-09
-10.198	1.264072e-05	7.160814499999999e-05	4.02310777e-07	5.056009520000001e-05	1.072e-06	9.416e-15	3.683e-07	2.838e-15	3.291e-08
-10.174	5.846271e-05	0.00033116613	1.861003593e-06	0.0002337776101	4.956e-06	4.354e-14	1.703e-06	1.313e-14	1.522e-07
-10.150	0.0002407595	0.0013640946000000001	7.664014799e-06	0.0009630873359999999	2.041e-05	1.793e-13	7.014e-06	5.406e-14	6.269e-07
-10.126	0.000883198	0.005003804299999999	2.8117054289999998e-05	0.00353273324	7.487e-05	6.579e-13	2.573e-05	1.983e-13	2.3e-06
-10.101	0.002885489	0.016342547000000002	9.185017736999999e-05	0.01154126999	0.0002446	2.149e-12	8.407e-05	6.479e-13	7.513e-06
-10.077	0.00839544	0.047567314	0.0002673205161	0.0335887163	0.0007118	6.254e-12	0.0002446	1.885e-12	2.186e-05
-10.053	0.02176006	0.12327974	0.0006926413375000001	0.0870397015	0.001845	1.621e-11	0.000634	4.886e-12	5.666e-05
-10.029	0.05023247	0.28451751	0.0015991030869999998	0.20086569599999998	0.004258	3.742e-11	0.001463	1.128e-11	0.0001308
-10.005	0.1032684	0.58508629	0.0032873063479999997	0.413112831	0.008755	7.693e-11	0.003009	2.319e-11	0.0002689
-9.981	0.18910519999999997	1.07134942	0.006019811624000001	0.756379621	0.01603	1.409e-10	0.00551	4.246e-11	0.0004924
-9.956	0.3084636	1.7478972	0.009818018957	1.233775274	0.02615	2.298e-10	0.008986	6.926e-11	0.0008031
-9.932	0.44815740000000004	2.5388056	0.01426502755	1.7922512099999999	0.03799	3.338e-10	0.01306	1.006e-10	0.001167
-9.908	0.5799212	3.2844398	0.01845903565	2.3194740350000003	0.04916	4.319e-10	0.01689	1.302e-10	0.00151
-9.884	0.6683313	3.7856284000000002	0.02127404108	2.673756262	0.05666	4.979e-10	0.01947	1.501e-10	0.00174
-9.860	0.6861534	3.8874717000000003	0.02184404217	2.744519508	0.05817	5.111e-10	0.01999	1.541e-10	0.001787
-9.836	0.6274804	3.5546928	0.01997703857	2.510002694	0.05319	4.674e-10	0.01828	1.409e-10	0.001634
-9.811	0.5110356	2.8945786	0.01626403141	2.044337081	0.04332	3.807e-10	0.01489	1.147e-10	0.001331
-9.787	0.3707711	2.1005429	0.011801022783999998	1.482836137	0.03143	2.762e-10	0.0108	8.324e-11	0.0009653
-9.763	0.2395479	1.3571369	0.007626014723999999	0.9581353199999999	0.02031	1.784e-10	0.006979	5.379e-11	0.0006237
-9.739	0.13787149999999998	0.7811244799999999	0.004388608474	0.5514913109999999	0.01169	1.027e-10	0.004017	3.096e-11	0.000359
-9.715	0.07067791000000001	0.40044515999999997	0.002249304344	0.2827201794	0.005992	5.265e-11	0.002059	1.587e-11	0.000184
-9.690	0.032271140000000004	0.18277737000000002	0.0010273019839	0.12907834719999997	0.002736	2.404e-11	0.0009402	7.246e-12	8.402e-05
-9.666	0.01312332	0.07435109899999999	0.00041777080659999993	0.052490731900000004	0.001113	9.776e-12	0.0003823	2.947e-12	3.417e-05
-9.642	0.004752912	0.026931919	0.0001513402922	0.019017105869999995	0.000403	3.541e-12	0.0001385	1.067e-12	1.238e-05
-9.618	0.001533607	0.0086875762	4.8818094260000005e-05	0.00613352125	0.00013	1.142e-12	4.468e-05	3.443e-13	3.993e-06
-9.594	0.000440648	0.0024965476	1.4026027080000002e-05	0.001762230106	3.735e-05	3.282e-13	1.284e-05	9.893e-14	1.147e-06
-9.570	0.0001127602	0.00063873628	3.58950693e-06	0.00045101746199999995	9.559e-06	8.399e-14	3.285e-06	2.532e-14	2.936e-07
-9.545	2.569796e-05	0.00014557611000000004	8.180015794999999e-07	0.00010278795610000001	2.178e-06	1.914e-14	7.487e-07	5.77e-15	6.691e-08
-9.521	5.215487e-06	2.9545871999999998e-05	1.6608032059999998e-07	2.0864902279999998e-05	4.422e-07	3.885e-15	1.52e-07	1.171e-15	1.358e-08
-9.497	9.42873e-07	5.3416257e-06	3.001305796e-08	3.7712860700000007e-06	7.993e-08	7.023e-16	2.747e-08	2.117e-16	2.455e-09
-9.473	1.517888e-07	8.598827999999999e-07	4.83210933e-09	6.070861030000001e-07	1.287e-08	1.131e-16	4.422e-09	3.408e-17	3.952e-10
-9.449	2.176107e-08	1.2327983999999998e-07	6.926413375e-10	8.703980149999999e-08	1.845e-09	1.621e-17	6.34e-10	4.886e-18	5.666e-11
-9.425	2.778255e-09	1.5739481e-08	8.844017077000001e-11	1.11127085e-08	2.355e-10	2.07e-18	8.094e-11	6.238e-19	7.234e-12
-9.400	3.1586290000000003e-10	1.7898451e-09	1.0054019411e-11	1.263396377e-09	2.678e-11	2.353e-19	9.203e-12	7.092e-20	8.224e-13
-9.376	3.197978e-11	1.8113361e-10	1.0179019654e-12	1.279163432e-10	2.711e-12	2.382e-20	9.317e-13	7.18e-21	8.327e-14
-9.352	2.883286e-12	1.6338456e-11	9.179017722e-14	1.153315995e-11	2.444e-13	2.148e-21	8.4e-14	6.474e-22	7.507e-15
-9.328	2.3111740000000004e-13	1.3093375000000001e-12	7.356514206e-15	9.24474203e-13	1.959e-14	1.722e-22	6.733e-15	5.189e-23	6.018e-16
-9.304	1.691203e-14	9.580029e-14	5.382710394000001e-16	6.764253429999999e-14	1.434e-15	1.26e-23	4.927e-16	3.797e-24	4.403e-17
-9.280	1.127402e-15	6.387352700000001e-15	3.5883069300000004e-17	4.50917362e-15	9.557e-17	8.398e-25	3.284e-17	2.531e-25	2.935e-18
-9.255	0.0	0.0	0.0	0.0	0.0	0.0	0.0	0.0	0.0
-9.231	0.0	0.0	0.0	0.0	0.0	0.0	0.0	0.0	0.0
-9.207	0.0	0.0	0.0	0.0	0.0	0.0	0.0	0.0	0.0
-9.183	0.0	0.0	0.0	0.0	0.0	0.0	0.0	0.0	0.0
-9.159	0.0	0.0	0.0	0.0	0.0	0.0	0.0	0.0	0.0
-9.135	0.0	0.0	0.0	0.0	0.0	0.0	0.0	0.0	0.0
-9.110	0.0	0.0	0.0	0.0	0.0	0.0	0.0	0.0	0.0
-9.086	0.0	0.0	0.0	0.0	0.0	0.0	0.0	0.0	0.0
-9.062	0.0	0.0	0.0	0.0	0.0	0.0	0.0	0.0	0.0
-9.038	0.0	0.0	0.0	0.0	0.0	0.0	0.0	0.0	0.0
-9.014	0.0	0.0	0.0	0.0	0.0	0.0	0.0	0.0	0.0
-8.989	0.0	0.0	0.0	0.0	0.0	0.0	0.0	0.0	0.0
-8.965	0.0	0.0	0.0	0.0	0.0	0.0	0.0	0.0	0.0
-8.941	0.0	0.0	0.0	0.0	0.0	0.0	0.0	0.0	0.0
-8.917	0.0	0.0	0.0	0.0	0.0	0.0	0.0	0.0	0.0
-8.893	0.0	0.0	0.0	0.0	0.0	0.0	0.0	0.0	0.0
-8.869	0.0	0.0	0.0	0.0	0.0	0.0	0.0	0.0	0.0
-8.844	0.0	0.0	0.0	0.0	0.0	0.0	0.0	0.0	0.0
-8.820	0.0	0.0	0.0	0.0	0.0	0.0	0.0	0.0	0.0
-8.796	0.0	0.0	0.0	0.0	0.0	0.0	0.0	0.0	0.0
-8.772	0.0	0.0	0.0	0.0	0.0	0.0	0.0	0.0	0.0
-8.748	0.0	0.0	0.0	0.0	0.0	0.0	0.0	0.0	0.0
-8.724	0.0	0.0	0.0	0.0	0.0	0.0	0.0	0.0	0.0
-8.699	0.0	0.0	0.0	0.0	0.0	0.0	0.0	0.0	0.0
-8.675	0.0	0.0	0.0	0.0	0.0	0.0	0.0	0.0	0.0
-8.651	0.0	0.0	0.0	0.0	0.0	0.0	0.0	0.0	0.0
-8.627	0.0	0.0	0.0	0.0	0.0	0.0	0.0	0.0	0.0
-8.603	0.0	0.0	0.0	0.0	0.0	0.0	0.0	0.0	0.0
-8.579	0.0	0.0	0.0	0.0	0.0	0.0	0.0	0.0	0.0
-8.554	0.0	0.0	0.0	0.0	0.0	0.0	0.0	0.0	0.0
-8.530	0.0	0.0	0.0	0.0	0.0	0.0	0.0	0.0	0.0
-8.506	0.0	0.0	0.0	0.0	0.0	0.0	0.0	0.0	0.0
-8.482	0.0	0.0	0.0	0.0	0.0	0.0	0.0	0.0	0.0
-8.458	0.0	0.0	0.0	0.0	0.0	0.0	0.0	0.0	0.0
-8.433	0.0	0.0	0.0	0.0	0.0	0.0	0.0	0.0	0.0
-8.409	0.0	0.0	0.0	0.0	0.0	0.0	0.0	0.0	0.0
-8.385	0.0	0.0	0.0	0.0	0.0	0.0	0.0	0.0	0.0
-8.361	0.0	0.0	0.0	0.0	0.0	0.0	0.0	0.0	0.0
-8.337	0.0	0.0	0.0	0.0	0.0	0.0	0.0	0.0	0.0
-8.313	0.0	0.0	0.0	0.0	0.0	0.0	0.0	0.0	0.0
-8.288	0.0	0.0	0.0	0.0	0.0	0.0	0.0	0.0	0.0
-8.264	0.0	0.0	0.0	0.0	0.0	0.0	0.0	0.0	0.0
-8.240	0.0	0.0	0.0	0.0	0.0	0.0	0.0	0.0	0.0
-8.216	0.0	0.0	0.0	0.0	0.0	0.0	0.0	0.0	0.0
-8.192	0.0	0.0	0.0	0.0	0.0	0.0	0.0	0.0	0.0
-8.168	0.0	0.0	0.0	0.0	0.0	0.0	0.0	0.0	0.0
-8.143	0.0	0.0	0.0	0.0	0.0	0.0	0.0	0.0	0.0
-8.119	0.0	0.0	0.0	0.0	0.0	0.0	0.0	0.0	0.0
-8.095	0.0	0.0	0.0	0.0	0.0	0.0	0.0	0.0	0.0
-8.071	0.0	0.0	0.0	0.0	0.0	0.0	0.0	0.0	0.0
-8.047	0.0	0.0	0.0	0.0	0.0	0.0	0.0	0.0	0.0
-8.023	0.0	0.0	0.0	0.0	0.0	0.0	0.0	0.0	0.0
-7.998	0.0	0.0	0.0	0.0	0.0	0.0	0.0	0.0	0.0
-7.974	0.0	0.0	0.0	0.0	0.0	0.0	0.0	0.0	0.0
-7.950	0.0	0.0	0.0	0.0	0.0	0.0	0.0	0.0	0.0
-7.926	0.0	0.0	0.0	0.0	0.0	0.0	0.0	0.0	0.0
-7.902	0.0	0.0	0.0	0.0	0.0	0.0	0.0	0.0	0.0
-7.877	0.0	0.0	0.0	0.0	0.0	0.0	0.0	0.0	0.0
-7.853	0.0	0.0	0.0	0.0	0.0	0.0	0.0	0.0	0.0
-7.829	0.0	0.0	0.0	0.0	0.0	0.0	0.0	0.0	0.0
-7.805	0.0	0.0	0.0	0.0	0.0	0.0	0.0	0.0	0.0
-7.781	0.0	0.0	0.0	0.0	0.0	0.0	0.0	0.0	0.0
-7.757	0.0	0.0	0.0	0.0	0.0	0.0	0.0	0.0	0.0
-7.732	0.0	0.0	0.0	0.0	0.0	0.0	0.0	0.0	0.0
-7.708	0.0	0.0	0.0	0.0	0.0	0.0	0.0	0.0	0.0
-7.684	0.0	0.0	0.0	0.0	0.0	0.0	0.0	0.0	0.0
-7.660	0.0	0.0	0.0	0.0	0.0	0.0	0.0	0.0	0.0
-7.636	0.0	0.0	0.0	0.0	0.0	0.0	0.0	0.0	0.0
-7.612	0.0	0.0	0.0	0.0	0.0	0.0	0.0	0.0	0.0
-7.587	0.0	0.0	0.0	0.0	0.0	0.0	0.0	0.0	0.0
-7.563	0.0	0.0	0.0	0.0	0.0	0.0	0.0	0.0	0.0
-7.539	0.0	0.0	0.0	0.0	0.0	0.0	0.0	0.0	0.0
-7.515	0.0	0.0	0.0	0.0	0.0	0.0	0.0	0.0	0.0
-7.491	0.0	0.0	0.0	0.0	0.0	0.0	0.0	0.0	0.0
-7.467	0.0	0.0	0.0	0.0	0.0	0.0	0.0	0.0	0.0
-7.442	0.0	0.0	0.0	0.0	0.0	0.0	0.0	0.0	0.0
-7.418	1.77820013878e-15	5.562763e-15	1.3452100000000001e-14	7.89367e-15	2.73e-20	6.094e-20	7.072e-20	8.864e-20	5.226e-20
-7.394	2.57840020187e-14	8.080750999999999e-14	1.9476760000000002e-13	1.1468043e-13	3.934e-19	8.783e-19	1.021e-18	1.294e-18	7.603e-19
-7.370	3.5780002804999997e-13	1.1218975e-12	2.7007699999999996e-12	1.5924437e-12	5.443e-18	1.216e-17	1.415e-17	1.801e-17	1.056e-17
-7.346	4.4180003462999995e-12	1.3857294e-11	3.334466999999999e-11	1.9653856000000004e-11	6.725e-17	1.502e-16	1.747e-16	2.222e-16	1.304e-16
-7.322	4.8550003804e-11	1.5228394999999998e-10	3.6658339999999994e-10	2.1606475000000002e-10	7.394e-16	1.651e-15	1.921e-15	2.442e-15	1.433e-15
-7.297	4.7520003723e-10	1.4896252e-09	3.58793e-09	2.1139251e-09	7.24e-15	1.617e-14	1.881e-14	2.389e-14	1.402e-14
-7.273	4.1410003244e-09	1.2984719e-08	3.1277190000000004e-08	1.8427825e-08	6.312e-14	1.409e-13	1.639e-13	2.081e-13	1.222e-13
-7.249	3.2140002517e-08	1.0075179999999999e-07	2.427589e-07	1.4293775999999998e-07	4.901e-13	1.094e-12	1.273e-12	1.614e-12	9.48e-13
-7.225	2.22160017395e-07	6.963006000000001e-07	1.6776186000000002e-06	9.880872e-07	3.389e-12	7.566e-12	8.799e-12	1.115e-11	6.551e-12
-7.201	1.36740010704e-06	4.2849680000000004e-06	1.0330436e-05	6.0809850000000005e-06	2.087e-11	4.659e-11	5.417e-11	6.862e-11	4.032e-11
-7.176	7.4950005867e-06	2.3486965999999998e-05	5.6633760000000004e-05	3.3324610000000003e-05	1.144e-10	2.555e-10	2.97e-10	3.76e-10	2.209e-10
-7.152	3.6590002864e-05	0.00011468060000000001	0.0002765182	0.00016267371	5.589e-10	1.248e-09	1.45e-09	1.835e-09	1.078e-09
-7.128	0.000159100012447	0.0004984112	0.0012018673	0.0007073095	2.431e-09	5.427e-09	6.308e-09	7.973e-09	4.688e-09
-7.104	0.00061600004819	0.0019300576	0.004655727	0.0027382302999999996	9.417e-09	2.102e-08	2.443e-08	3.086e-08	1.815e-08
-7.080	0.00212470016619	0.006654512	0.016059269999999997	0.009442534000000002	3.249e-08	7.253e-08	8.428e-08	1.064e-07	6.258e-08
-7.056	0.0065270005102	0.020433194	0.04933054	0.029002271000000003	9.983e-08	2.229e-07	2.589e-07	3.266e-07	1.922e-07
-7.031	0.0178530013957	0.055897169999999996	0.13493638999999996	0.07933163	2.732e-07	6.099e-07	7.086e-07	8.931e-07	5.256e-07
-7.007	0.0435000034	0.13618557	0.32897339999999997	0.19331528999999997	6.66e-07	1.487e-06	1.727e-06	2.175e-06	1.28e-06
-6.983	0.094410007377	0.29553822999999996	0.7139436	0.41935300000000003	1.446e-06	3.228e-06	3.749e-06	4.719e-06	2.778e-06
-6.959	0.18249001425699998	0.5712344	1.3805017000000002	0.8105621	2.796e-06	6.241e-06	7.248e-06	9.117e-06	5.369e-06
-6.935	0.314200024539	0.9833204999999999	2.3766760000000002	1.3951010999999998	4.816e-06	1.075e-05	1.248e-05	1.569e-05	9.242e-06
-6.911	0.48180003763	1.5073125	3.6449639999999994	2.1398783000000003	7.388e-06	1.649e-05	1.915e-05	2.405e-05	1.417e-05
-6.886	0.65810005138	2.0589060999999997	4.978763000000001	2.922088	1.01e-05	2.253e-05	2.616e-05	3.284e-05	1.935e-05
-6.862	0.8007000625	2.5045523	6.058092	3.554752	1.229e-05	2.743e-05	3.183e-05	3.993e-05	2.354e-05
-6.838	0.8677000677200001	2.7143641	6.5660240000000005	3.8518350000000003	1.332e-05	2.973e-05	3.45e-05	4.325e-05	2.55e-05
-6.814	0.8374000653500001	2.6198253	6.3385240000000005	3.7167809999999997	1.286e-05	2.871e-05	3.331e-05	4.173e-05	2.461e-05
-6.790	0.72000005617	2.2520966000000002	5.449292000000001	3.195309	1.106e-05	2.469e-05	2.865e-05	3.586e-05	2.115e-05
-6.766	0.55130004301	1.7243964999999999	4.173745	2.4463492	8.475e-06	1.891e-05	2.194e-05	2.745e-05	1.619e-05
-6.741	0.37600002933	1.175911	2.8472250000000003	1.6683020000000002	5.783e-06	1.291e-05	1.497e-05	1.871e-05	1.104e-05
-6.717	0.22847001781300003	0.7142742	1.7295452000000002	1.0136482	3.515e-06	7.844e-06	9.097e-06	1.136e-05	6.708e-06
-6.693	0.123630009637	0.3864296	0.9362342	0.5483736	1.903e-06	4.246e-06	4.924e-06	6.147e-06	3.629e-06
-6.669	0.059590004643999994	0.18625639	0.45123280000000004	0.26426768000000006	9.173e-07	2.047e-06	2.374e-06	2.961e-06	1.749e-06
-6.645	0.025578001992799998	0.07994599000000001	0.1937288	0.11343566	3.939e-07	8.792e-07	1.019e-06	1.271e-06	7.505e-07
-6.620	0.0097800007619	0.030561664000000002	0.07408418	0.043369170000000005	1.507e-07	3.363e-07	3.898e-07	4.856e-07	2.869e-07
-6.596	0.00333100025943	0.010408667	0.02523143	0.014771375	5.133e-08	1.146e-07	1.328e-07	1.653e-07	9.768e-08
-6.572	0.00101000007867	0.0031558326000000005	0.0076535530000000004	0.004478192000000001	1.558e-08	3.476e-08	4.028e-08	5.011e-08	2.962e-08
-6.548	0.00027285002124299997	0.0008523405000000001	0.002068147	0.0012091649	4.209e-09	9.393e-09	1.088e-08	1.353e-08	8e-09
-6.524	6.564000511e-05	0.00020505859000000001	0.0004974633	0.00029096620999999995	1.013e-09	2.261e-09	2.619e-09	3.254e-09	1.924e-09
-6.500	1.4065001094699999e-05	4.393105e-05	0.00010657729	6.233717000000001e-05	2.172e-10	4.845e-10	5.613e-10	6.969e-10	4.122e-10
-6.475	2.68400020886e-06	8.382047e-06	2.034909e-05	1.189413e-05	4.145e-11	9.25e-11	1.071e-10	1.329e-10	7.864e-11
-6.451	4.5620003548e-07	1.4242029e-06	3.458055e-06	2.0214628999999997e-06	7.048e-12	1.573e-11	1.821e-11	2.258e-11	1.336e-11
-6.427	6.9030005369e-08	2.1555057000000002e-07	5.234307e-07	3.058156e-07	1.067e-12	2.381e-12	2.757e-12	3.416e-12	2.022e-12
-6.403	9.305000723500001e-09	2.9044772000000003e-08	7.055173999999999e-08	4.121857e-08	1.439e-13	3.21e-13	3.717e-13	4.602e-13	2.724e-13
-6.379	1.11670008682e-09	3.485215e-09	8.468968000000001e-09	4.9467299999999995e-09	1.727e-14	3.854e-14	4.462e-14	5.52e-14	3.269e-14
-6.355	1.19350009278e-10	3.7251489999999995e-10	9.052698000000001e-10	5.286326e-10	1.847e-15	4.121e-15	4.771e-15	5.898e-15	3.493e-15
-6.330	1.1360000882800001e-11	3.5453750000000004e-11	8.617459e-11	5.0308539999999996e-11	1.759e-16	3.924e-16	4.542e-16	5.611e-16	3.324e-16
-6.306	9.6310007483e-13	3.0052486999999996e-12	7.306621000000001e-12	4.264237000000001e-12	1.492e-17	3.328e-17	3.852e-17	4.755e-17	2.818e-17
-6.282	7.2200005622e-14	2.2552454000000002e-13	5.471133e-13	3.2005280000000004e-13	1.113e-18	2.485e-18	2.879e-18	3.581e-18	2.117e-18
-6.258	5.3340004037e-15	1.6393263e-14	4.108112e-14	2.325922e-14	8.69e-20	1.934e-19	2.204e-19	2.482e-19	1.519e-19
-6.234	0.0	0.0	0.0	0.0	0.0	0.0	0.0	0.0	0.0
-6.210	0.0	0.0	0.0	0.0	0.0	0.0	0.0	0.0	0.0
-6.185	0.0	0.0	0.0	0.0	0.0	0.0	0.0	0.0	0.0
-6.161	0.0	0.0	0.0	0.0	0.0	0.0	0.0	0.0	0.0
-6.137	0.0	0.0	0.0	0.0	0.0	0.0	0.0	0.0	0.0
-6.113	0.0	0.0	0.0	0.0	0.0	0.0	0.0	0.0	0.0
-6.089	0.0	0.0	0.0	0.0	0.0	0.0	0.0	0.0	0.0
-6.064	0.0	0.0	0.0	0.0	0.0	0.0	0.0	0.0	0.0
-6.040	0.0	0.0	0.0	0.0	0.0	0.0	0.0	0.0	0.0
-6.016	0.0	0.0	0.0	0.0	0.0	0.0	0.0	0.0	0.0
-5.992	0.0	0.0	0.0	0.0	0.0	0.0	0.0	0.0	0.0
-5.968	0.0	0.0	0.0	0.0	0.0	0.0	0.0	0.0	0.0
-5.944	0.0	0.0	0.0	0.0	0.0	0.0	0.0	0.0	0.0
-5.919	0.0	0.0	0.0	0.0	0.0	0.0	0.0	0.0	0.0
-5.895	0.0	0.0	0.0	0.0	0.0	0.0	0.0	0.0	0.0
-5.871	0.0	0.0	0.0	0.0	0.0	0.0	0.0	0.0	0.0
-5.847	0.0	0.0	0.0	0.0	0.0	0.0	0.0	0.0	0.0
-5.823	0.0	0.0	0.0	0.0	0.0	0.0	0.0	0.0	0.0
-5.799	0.0	0.0	0.0	0.0	0.0	0.0	0.0	0.0	0.0
-5.774	0.0	0.0	0.0	0.0	0.0	0.0	0.0	0.0	0.0
-5.750	0.0	0.0	0.0	0.0	0.0	0.0	0.0	0.0	0.0
-5.726	0.0	0.0	0.0	0.0	0.0	0.0	0.0	0.0	0.0
-5.702	0.0	0.0	0.0	0.0	0.0	0.0	0.0	0.0	0.0
-5.678	0.0	0.0	0.0	0.0	0.0	0.0	0.0	0.0	0.0
-5.654	0.0	0.0	0.0	0.0	0.0	0.0	0.0	0.0	0.0
-5.629	0.0	0.0	0.0	0.0	0.0	0.0	0.0	0.0	0.0
-5.605	0.0	0.0	0.0	0.0	0.0	0.0	0.0	0.0	0.0
-5.581	0.0	0.0	0.0	0.0	0.0	0.0	0.0	0.0	0.0
-5.557	0.0	0.0	0.0	0.0	0.0	0.0	0.0	0.0	0.0
-5.533	0.0	0.0	0.0	0.0	0.0	0.0	0.0	0.0	0.0
-5.509	0.0	0.0	0.0	0.0	0.0	0.0	0.0	0.0	0.0
-5.484	0.0	0.0	0.0	0.0	0.0	0.0	0.0	0.0	0.0
-5.460	0.0	0.0	0.0	0.0	0.0	0.0	0.0	0.0	0.0
-5.436	0.0	0.0	0.0	0.0	0.0	0.0	0.0	0.0	0.0
-5.412	0.0	0.0	0.0	0.0	0.0	0.0	0.0	0.0	0.0
-5.388	0.0	0.0	0.0	0.0	0.0	0.0	0.0	0.0	0.0
-5.363	0.0	0.0	0.0	0.0	0.0	0.0	0.0	0.0	0.0
-5.339	0.0	0.0	0.0	0.0	0.0	0.0	0.0	0.0	0.0
-5.315	0.0	0.0	0.0	0.0	0.0	0.0	0.0	0.0	0.0
-5.291	0.0	0.0	0.0	0.0	0.0	0.0	0.0	0.0	0.0
-5.267	0.0	0.0	0.0	0.0	0.0	0.0	0.0	0.0	0.0
-5.243	0.0	0.0	0.0	0.0	0.0	0.0	0.0	0.0	0.0
-5.218	0.0	0.0	0.0	0.0	0.0	0.0	0.0	0.0	0.0
-5.194	0.0	0.0	0.0	0.0	0.0	0.0	0.0	0.0	0.0
-5.170	0.0	0.0	0.0	0.0	0.0	0.0	0.0	0.0	0.0
-5.146	0.0	0.0	0.0	0.0	0.0	0.0	0.0	0.0	0.0
-5.122	0.0	0.0	0.0	0.0	0.0	0.0	0.0	0.0	0.0
-5.098	0.0	0.0	0.0	0.0	0.0	0.0	0.0	0.0	0.0
-5.073	0.0	0.0	0.0	0.0	0.0	0.0	0.0	0.0	0.0
-5.049	0.0	0.0	0.0	0.0	0.0	0.0	0.0	0.0	0.0
-5.025	0.0	0.0	0.0	0.0	0.0	0.0	0.0	0.0	0.0
-5.001	0.0	0.0	0.0	0.0	0.0	0.0	0.0	0.0	0.0
-4.977	0.0	0.0	0.0	0.0	0.0	0.0	0.0	0.0	0.0
-4.953	0.0	0.0	0.0	0.0	0.0	0.0	0.0	0.0	0.0
-4.928	0.0	0.0	0.0	0.0	0.0	0.0	0.0	0.0	0.0
-4.904	0.0	0.0	0.0	0.0	0.0	0.0	0.0	0.0	0.0
-4.880	0.0	0.0	0.0	0.0	0.0	0.0	0.0	0.0	0.0
-4.856	0.0	0.0	0.0	0.0	0.0	0.0	0.0	0.0	0.0
-4.832	0.0	0.0	0.0	0.0	0.0	0.0	0.0	0.0	0.0
-4.807	0.0	0.0	0.0	0.0	0.0	0.0	0.0	0.0	0.0
-4.783	0.0	0.0	0.0	0.0	0.0	0.0	0.0	0.0	0.0
-4.759	0.0	0.0	0.0	0.0	0.0	0.0	0.0	0.0	0.0
-4.735	0.0	0.0	0.0	0.0	0.0	0.0	0.0	0.0	0.0
-4.711	0.0	0.0	0.0	0.0	0.0	0.0	0.0	0.0	0.0
-4.687	0.0	0.0	0.0	0.0	0.0	0.0	0.0	0.0	0.0
-4.662	0.0	0.0	0.0	0.0	0.0	0.0	0.0	0.0	0.0
-4.638	0.0	0.0	0.0	0.0	0.0	0.0	0.0	0.0	0.0
-4.614	0.0	0.0	0.0	0.0	0.0	0.0	0.0	0.0	0.0
-4.590	0.0	0.0	0.0	0.0	0.0	0.0	0.0	0.0	0.0
-4.566	0.0	0.0	0.0	0.0	0.0	0.0	0.0	0.0	0.0
-4.542	0.0	0.0	0.0	0.0	0.0	0.0	0.0	0.0	0.0
-4.517	0.0	0.0	0.0	0.0	0.0	0.0	0.0	0.0	0.0
-4.493	0.0	0.0	0.0	0.0	0.0	0.0	0.0	0.0	0.0
-4.469	0.0	0.0	0.0	0.0	0.0	0.0	0.0	0.0	0.0
-4.445	0.0	0.0	0.0	0.0	0.0	0.0	0.0	0.0	0.0
-4.421	0.0	0.0	0.0	0.0	0.0	0.0	0.0	0.0	0.0
-4.397	0.0	0.0	0.0	0.0	0.0	0.0	0.0	0.0	0.0
-4.372	0.0	0.0	0.0	0.0	0.0	0.0	0.0	0.0	0.0
-4.348	0.0	0.0	0.0	0.0	0.0	0.0	0.0	0.0	0.0
-4.324	0.0	0.0	0.0	0.0	0.0	0.0	0.0	0.0	0.0
-4.300	0.0	0.0	0.0	0.0	0.0	0.0	0.0	0.0	0.0
-4.276	0.0	0.0	0.0	0.0	0.0	0.0	0.0	0.0	0.0
-4.251	0.0	0.0	0.0	0.0	0.0	0.0	0.0	0.0	0.0
-4.227	0.0	0.0	0.0	0.0	0.0	0.0	0.0	0.0	0.0
-4.203	0.0	0.0	0.0	0.0	0.0	0.0	0.0	0.0	0.0
-4.179	0.0	0.0	0.0	0.0	0.0	0.0	0.0	0.0	0.0
-4.155	0.0	0.0	0.0	0.0	0.0	0.0	0.0	0.0	0.0
-4.131	0.0	0.0	0.0	0.0	0.0	0.0	0.0	0.0	0.0
-4.106	0.0	0.0	0.0	0.0	0.0	0.0	0.0	0.0	0.0
-4.082	0.0	0.0	0.0	0.0	0.0	0.0	0.0	0.0	0.0
-4.058	0.0	0.0	0.0	0.0	0.0	0.0	0.0	0.0	0.0
-4.034	0.0	0.0	0.0	0.0	0.0	0.0	0.0	0.0	0.0
-4.010	0.0	0.0	0.0	0.0	0.0	0.0	0.0	0.0	0.0
-3.986	0.0	0.0	0.0	0.0	0.0	0.0	0.0	0.0	0.0
-3.961	0.0	0.0	0.0	0.0	0.0	0.0	0.0	0.0	0.0
-3.937	0.0	0.0	0.0	0.0	0.0	0.0	0.0	0.0	0.0
-3.913	0.0	0.0	0.0	0.0	0.0	0.0	0.0	0.0	0.0
-3.889	0.0	0.0	0.0	0.0	0.0	0.0	0.0	0.0	0.0
-3.865	0.0	0.0	0.0	0.0	0.0	0.0	0.0	0.0	0.0
-3.841	0.0	0.0	0.0	0.0	0.0	0.0	0.0	0.0	0.0
-3.816	0.0	0.0	0.0	0.0	0.0	0.0	0.0	0.0	0.0
-3.792	0.0	0.0	0.0	0.0	0.0	0.0	0.0	0.0	0.0
-3.768	0.0	0.0	0.0	0.0	0.0	0.0	0.0	0.0	0.0
-3.744	0.0	0.0	0.0	0.0	0.0	0.0	0.0	0.0	0.0
-3.720	0.0	0.0	0.0	0.0	0.0	0.0	0.0	0.0	0.0
-3.696	0.0	0.0	0.0	0.0	0.0	0.0	0.0	0.0	0.0
-3.671	0.0	0.0	0.0	0.0	0.0	0.0	0.0	0.0	0.0
-3.647	0.0	0.0	0.0	0.0	0.0	0.0	0.0	0.0	0.0
-3.623	0.0	0.0	0.0	0.0	0.0	0.0	0.0	0.0	0.0
-3.599	0.0	0.0	0.0	0.0	0.0	0.0	0.0	0.0	0.0
-3.575	0.0	0.0	0.0	0.0	0.0	0.0	0.0	0.0	0.0
-3.550	0.0	0.0	0.0	0.0	0.0	0.0	0.0	0.0	0.0
-3.526	0.0	0.0	0.0	0.0	0.0	0.0	0.0	0.0	0.0
-3.502	0.0	0.0	0.0	0.0	0.0	0.0	0.0	0.0	0.0
-3.478	0.0	0.0	0.0	0.0	0.0	0.0	0.0	0.0	0.0
-3.454	0.0	0.0	0.0	0.0	0.0	0.0	0.0	0.0	0.0
-3.430	0.0	0.0	0.0	0.0	0.0	0.0	0.0	0.0	0.0
-3.405	0.0	0.0	0.0	0.0	0.0	0.0	0.0	0.0	0.0
-3.381	0.0	0.0	0.0	0.0	0.0	0.0	0.0	0.0	0.0
-3.357	0.0	0.0	0.0	0.0	0.0	0.0	0.0	0.0	0.0
-3.333	0.0	0.0	0.0	0.0	0.0	0.0	0.0	0.0	0.0
-3.309	0.0	0.0	0.0	0.0	0.0	0.0	0.0	0.0	0.0
-3.285	0.0	0.0	0.0	0.0	0.0	0.0	0.0	0.0	0.0
-3.260	0.0	0.0	0.0	0.0	0.0	0.0	0.0	0.0	0.0
-3.236	0.0	0.0	0.0	0.0	0.0	0.0	0.0	0.0	0.0
-3.212	0.0	0.0	0.0	0.0	0.0	0.0	0.0	0.0	0.0
-3.188	0.0	0.0	0.0	0.0	0.0	0.0	0.0	0.0	0.0
-3.164	0.0	0.0	0.0	0.0	0.0	0.0	0.0	0.0	0.0
-3.140	0.0	0.0	0.0	0.0	0.0	0.0	0.0	0.0	0.0
-3.115	0.0	0.0	0.0	0.0	0.0	0.0	0.0	0.0	0.0
-3.091	0.0	0.0	0.0	0.0	0.0	0.0	0.0	0.0	0.0
-3.067	0.0	0.0	0.0	0.0	0.0	0.0	0.0	0.0	0.0
-3.043	0.0	0.0	0.0	0.0	0.0	0.0	0.0	0.0	0.0
-3.019	0.0	0.0	0.0	0.0	0.0	0.0	0.0	0.0	0.0
-2.994	0.0	0.0	0.0	0.0	0.0	0.0	0.0	0.0	0.0
-2.970	0.0	0.0	0.0	0.0	0.0	0.0	0.0	0.0	0.0
-2.946	0.0	0.0	0.0	0.0	0.0	0.0	0.0	0.0	0.0
-2.922	0.0	0.0	0.0	0.0	0.0	0.0	0.0	0.0	0.0
-2.898	0.0	0.0	0.0	0.0	0.0	0.0	0.0	0.0	0.0
-2.874	0.0	0.0	0.0	0.0	0.0	0.0	0.0	0.0	0.0
-2.849	0.0	0.0	0.0	0.0	0.0	0.0	0.0	0.0	0.0
-2.825	0.0	0.0	0.0	0.0	0.0	0.0	0.0	0.0	0.0
-2.801	0.0	0.0	0.0	0.0	0.0	0.0	0.0	0.0	0.0
-2.777	0.0	0.0	0.0	0.0	0.0	0.0	0.0	0.0	0.0
-2.753	0.0	0.0	0.0	0.0	0.0	0.0	0.0	0.0	0.0
-2.729	0.0	0.0	0.0	0.0	0.0	0.0	0.0	0.0	0.0
-2.704	0.0	0.0	0.0	0.0	0.0	0.0	0.0	0.0	0.0
-2.680	0.0	0.0	0.0	0.0	0.0	0.0	0.0	0.0	0.0
-2.656	0.0	0.0	0.0	0.0	0.0	0.0	0.0	0.0	0.0
-2.632	0.0	0.0	0.0	0.0	0.0	0.0	0.0	0.0	0.0
-2.608	0.0	0.0	0.0	0.0	0.0	0.0	0.0	0.0	0.0
-2.584	0.0	0.0	0.0	0.0	0.0	0.0	0.0	0.0	0.0
-2.559	0.0	0.0	0.0	0.0	0.0	0.0	0.0	0.0	0.0
-2.535	0.0	0.0	0.0	0.0	0.0	0.0	0.0	0.0	0.0
-2.511	0.0	0.0	0.0	0.0	0.0	0.0	0.0	0.0	0.0
-2.487	0.0	0.0	0.0	0.0	0.0	0.0	0.0	0.0	0.0
-2.463	0.0	0.0	0.0	0.0	0.0	0.0	0.0	0.0	0.0
-2.438	0.0	0.0	0.0	0.0	0.0	0.0	0.0	0.0	0.0
-2.414	0.0	0.0	0.0	0.0	0.0	0.0	0.0	0.0	0.0
-2.390	0.0	0.0	0.0	0.0	0.0	0.0	0.0	0.0	0.0
-2.366	0.0	0.0	0.0	0.0	0.0	0.0	0.0	0.0	0.0
-2.342	0.0	0.0	0.0	0.0	0.0	0.0	0.0	0.0	0.0
-2.318	0.0	0.0	0.0	0.0	0.0	0.0	0.0	0.0	0.0
-2.293	0.0	0.0	0.0	0.0	0.0	0.0	0.0	0.0	0.0
-2.269	0.0	0.0	0.0	0.0	0.0	0.0	0.0	0.0	0.0
-2.245	0.0	0.0	0.0	0.0	0.0	0.0	0.0	0.0	0.0
-2.221	0.0	0.0	0.0	0.0	0.0	0.0	0.0	0.0	0.0
-2.197	0.0	0.0	0.0	0.0	0.0	0.0	0.0	0.0	0.0
-2.173	0.0	0.0	0.0	0.0	0.0	0.0	0.0	0.0	0.0
-2.148	0.0	0.0	0.0	0.0	0.0	0.0	0.0	0.0	0.0
-2.124	0.0	0.0	0.0	0.0	0.0	0.0	0.0	0.0	0.0
-2.100	0.0	0.0	0.0	0.0	0.0	0.0	0.0	0.0	0.0
-2.076	0.0	0.0	0.0	0.0	0.0	0.0	0.0	0.0	0.0
-2.052	0.0	0.0	0.0	0.0	0.0	0.0	0.0	0.0	0.0
-2.028	0.0	0.0	0.0	0.0	0.0	0.0	0.0	0.0	0.0
-2.003	0.0	0.0	0.0	0.0	0.0	0.0	0.0	0.0	0.0
-1.979	0.0	0.0	0.0	0.0	0.0	0.0	0.0	0.0	0.0
-1.955	0.0	0.0	0.0	0.0	0.0	0.0	0.0	0.0	0.0
-1.931	0.0	0.0	0.0	0.0	0.0	0.0	0.0	0.0	0.0
-1.907	0.0	0.0	0.0	0.0	0.0	0.0	0.0	0.0	0.0
-1.883	0.0	0.0	0.0	0.0	0.0	0.0	0.0	0.0	0.0
-1.858	0.0	0.0	0.0	0.0	0.0	0.0	0.0	0.0	0.0
-1.834	0.0	0.0	0.0	0.0	0.0	0.0	0.0	0.0	0.0
-1.810	0.0	0.0	0.0	0.0	0.0	0.0	0.0	0.0	0.0
-1.786	0.0	0.0	0.0	0.0	0.0	0.0	0.0	0.0	0.0
-1.762	0.0	0.0	0.0	0.0	0.0	0.0	0.0	0.0	0.0
-1.737	0.0	0.0	0.0	0.0	0.0	0.0	0.0	0.0	0.0
-1.713	0.0	0.0	0.0	0.0	0.0	0.0	0.0	0.0	0.0
-1.689	0.0	0.0	0.0	0.0	0.0	0.0	0.0	0.0	0.0
-1.665	0.0	0.0	0.0	0.0	0.0	0.0	0.0	0.0	0.0
-1.641	0.0	0.0	0.0	0.0	0.0	0.0	0.0	0.0	0.0
-1.617	0.0	0.0	0.0	0.0	0.0	0.0	0.0	0.0	0.0
-1.592	0.0	0.0	0.0	0.0	0.0	0.0	0.0	0.0	0.0
-1.568	0.0	0.0	0.0	0.0	0.0	0.0	0.0	0.0	0.0
-1.544	0.0	0.0	0.0	0.0	0.0	0.0	0.0	0.0	0.0
-1.520	0.0	0.0	0.0	0.0	0.0	0.0	0.0	0.0	0.0
-1.496	0.0	0.0	0.0	0.0	0.0	0.0	0.0	0.0	0.0
-1.472	0.0	0.0	0.0	0.0	0.0	0.0	0.0	0.0	0.0
-1.447	0.0	0.0	0.0	0.0	0.0	0.0	0.0	0.0	0.0
-1.423	4.42772e-16	8.386400000000001e-16	1.2070147000000001e-18	5.914440000000001e-16	1.711e-16	3.266e-24	5.881e-17	7.438e-25	5.307e-18
-1.399	9.7412e-15	1.8452600000000002e-14	2.6555524e-17	1.3010599999999999e-14	3.764e-15	7.185e-23	1.294e-15	1.636e-23	1.168e-16
-1.375	1.3812209999999997e-13	2.61725e-13	3.7659579e-16	1.84509e-13	5.338e-14	1.019e-21	1.835e-14	2.321e-22	1.656e-15
-1.351	1.7984470000000002e-12	3.4060099999999995e-12	4.901765800000001e-15	2.40099e-12	6.948e-13	1.326e-20	2.388e-13	3.02e-21	2.155e-14
-1.327	2.0826170000000003e-11	3.9447099999999997e-11	5.6771393999999996e-14	2.7818900000000002e-11	8.046e-12	1.536e-19	2.766e-12	3.498e-20	2.496e-13
-1.302	2.1472790000000002e-10	4.06713e-10	5.854156299999999e-13	2.86777e-10	8.297e-11	1.584e-18	2.852e-11	3.607e-19	2.574e-12
-1.278	1.971651e-09	3.7345e-09	5.375310799999999e-12	2.6333199999999998e-09	7.619e-10	1.454e-17	2.619e-10	3.312e-18	2.363e-11
-1.254	1.6129849999999995e-08	3.05452e-08	4.3960178e-11	2.1534399999999995e-08	6.23e-09	1.189e-16	2.142e-09	2.709e-17	1.933e-10
-1.230	1.1742739999999998e-07	2.22496e-07	3.2016042000000007e-10	1.5682699999999998e-07	4.537e-08	8.662e-16	1.56e-08	1.972e-16	1.407e-09
-1.206	7.615999999999999e-07	1.4425299999999997e-06	2.07639732e-09	1.0171099999999998e-06	2.942e-07	5.617e-15	1.012e-07	1.279e-15	9.128e-09
-1.181	4.39833e-06	8.3309e-06	1.19901394e-08	5.874700000000001e-06	1.699e-06	3.244e-14	5.842e-07	7.388e-15	5.272e-08
-1.157	2.262506e-05	4.28572e-05	6.166586e-08	3.0216e-05	8.741e-06	1.669e-13	3.005e-06	3.8e-14	2.712e-07
-1.133	0.00010363439999999999	0.00019629499999999998	2.8251685e-07	0.000138405	4.004e-05	7.644e-13	1.377e-05	1.741e-13	1.242e-06
-1.109	0.00042270700000000003	0.000800862	1.15250952e-06	0.0005646550000000001	0.0001634	3.118e-12	5.616e-05	7.102e-13	5.067e-06
-1.085	0.001536273	0.0029101499999999994	4.1875979e-06	0.0020519	0.0005935	1.133e-11	0.000204	2.58e-12	1.841e-05
-1.061	0.004970919999999999	0.0094167	1.3551287799999999e-05	0.006639759999999999	0.001921	3.667e-11	0.0006603	8.35e-12	5.958e-05
-1.036	0.014332029999999999	0.0271453	3.9055711e-05	0.019135400000000004	0.005536	1.057e-10	0.001903	2.407e-11	0.0001717
-1.012	0.0367817	0.0696788	0.000100269528	0.04912829999999999	0.01421	2.713e-10	0.004886	6.178e-11	0.0004409
-0.988	0.08410540000000001	0.15930499999999995	0.000229251786	0.11232400000000001	0.03249	6.203e-10	0.01117	1.413e-10	0.001008
-0.964	0.1712213	0.32438800000000007	0.00046690436	0.22879000000000005	0.06617	1.263e-09	0.02275	2.877e-10	0.002053
-0.940	0.31069	0.5884149999999999	0.00084688048	0.41498300000000005	0.12	2.291e-09	0.04126	5.218e-10	0.003723
-0.916	0.501956	0.95076	0.0013681300199999999	0.6703590000000001	0.1939	3.702e-09	0.06667	8.43e-10	0.006016
-0.891	0.722279	1.36805	0.00196868709	0.9645659999999999	0.2791	5.327e-09	0.09593	1.213e-09	0.008657
-0.867	0.925777	1.75352	0.00252363978	1.23638	0.3577	6.828e-09	0.123	1.555e-09	0.0111
-0.843	1.0569159999999997	2.00146	0.0028808738	1.4114799999999998	0.4083	7.796e-09	0.1404	1.775e-09	0.01267
-0.819	1.0747529999999998	2.03625	0.0029300784	1.4353500000000001	0.4152	7.927e-09	0.1428	1.805e-09	0.01288
-0.795	0.9734099999999999	1.84391	0.0026539522	1.30002	0.3761	7.18e-09	0.1293	1.635e-09	0.01167
-0.771	0.7853149999999999	1.4875200000000002	0.00214100347	1.0488169999999999	0.3034	5.793e-09	0.1043	1.319e-09	0.009413
-0.746	0.564284	1.06888	0.00153804619	0.7536729999999999	0.218	4.163e-09	0.07496	9.479e-10	0.006764
-0.722	0.36121000000000003	0.6841349999999998	0.00098469356	0.48239	0.1396	2.664e-09	0.04798	6.067e-10	0.004329
-0.698	0.20593079999999997	0.390079	0.00056125334	0.27505099999999993	0.07956	1.519e-09	0.02735	3.459e-10	0.002468
-0.674	0.10456660000000001	0.198053	0.00028505709000000004	0.13964100000000002	0.0404	7.712e-10	0.01389	1.756e-10	0.001253
-0.650	0.0472871	0.0895743	0.00012890225	0.06315330000000001	0.01827	3.488e-10	0.006281	7.943e-11	0.0005668
-0.625	0.019044619999999998	0.036079	5.1924933999999994e-05	0.0254433	0.00736	1.405e-10	0.00253	3.2e-11	0.0002283
-0.601	0.00683463	0.012945100000000003	1.8632770100000002e-05	0.00912658	0.00264	5.041e-11	0.0009078	1.148e-11	8.191e-05
-0.577	0.0021841630000000003	0.004136180000000001	5.9535657000000006e-06	0.0029169199999999995	0.0008438	1.611e-11	0.0002901	3.668e-12	2.617e-05
-0.553	0.000621543	0.00117725	1.694061e-06	0.0008299719999999999	0.0002401	4.584e-12	8.255e-05	1.044e-12	7.449e-06
-0.529	0.0001574893	0.000298342	4.2941081000000006e-07	0.000210383	6.087e-05	1.162e-12	2.093e-05	2.646e-13	1.888e-06
-0.505	3.55607e-05	6.73672e-05	9.6959215e-08	4.7505899999999995e-05	1.374e-05	2.624e-13	4.724e-06	5.981e-14	4.263e-07
-0.480	7.14983e-06	1.3543599999999999e-05	1.9489887299999997e-08	9.54939e-06	2.763e-06	5.36e-14	9.497e-07	1.289e-14	8.57e-08
-0.456	1.2802779999999999e-06	2.4248e-06	3.4903837e-09	1.70976e-06	4.946e-07	1.809e-14	1.7e-07	1.095e-14	1.534e-08
-0.432	2.042592e-07	3.86736e-07	5.626548e-10	2.7265199999999995e-07	7.887e-08	7.895e-14	2.712e-08	7.914e-14	2.447e-09
-0.408	2.99139e-08	5.53322e-08	1.28557e-10	3.89771e-08	1.12e-08	6.175e-13	3.852e-09	6.281e-13	3.476e-10
-0.384	1.024604e-08	9.9773e-09	3.61599e-10	6.7526e-09	1.426e-09	4.382e-12	4.976e-10	4.458e-12	4.502e-11
-0.360	4.2003208e-08	1.9953670000000002e-08	2.2237900000000002e-09	1.22924e-08	2.198e-10	2.77e-11	1.224e-10	2.818e-11	1.177e-11
-0.335	2.3419974999999999e-07	1.0802059999999998e-07	1.25127e-08	6.61516e-08	3.552e-10	1.559e-10	3.861e-10	1.587e-10	3.892e-11
-0.311	1.1735221999999997e-06	5.412184e-07	6.27289e-08	3.3144799999999996e-07	1.702e-09	7.818e-10	1.909e-09	7.955e-10	1.927e-10
-0.287	5.242077600000001e-06	2.416569e-06	2.8010400000000003e-07	1.4799399999999998e-06	7.593e-09	3.491e-09	8.521e-09	3.552e-09	8.602e-10
-0.263	2.0851317999999997e-05	9.61032e-06	1.11398e-06	5.8849499999999994e-06	3.02e-08	1.388e-08	3.389e-08	1.413e-08	3.421e-09
-0.239	7.3833932e-05	3.4039269999999996e-05	3.9449e-06	2.08404e-05	1.069e-07	4.917e-08	1.2e-07	5.003e-08	1.212e-08
-0.215	0.00023289844999999998	0.00010736410000000002	1.24469e-05	6.57381e-05	3.374e-07	1.551e-07	3.786e-07	1.578e-07	3.822e-08
-0.190	0.0006543838899999999	0.0003016042000000001	3.49635e-05	0.000184677	9.48e-07	4.358e-07	1.064e-06	4.434e-07	1.074e-07
-0.166	0.001637794	0.000754837	8.749300000000001e-05	0.00046222	2.373e-06	1.09e-06	2.662e-06	1.11e-06	2.688e-07
-0.142	0.0036498982999999996	0.001682331	0.000195022	0.00103021	5.293e-06	2.43e-06	5.935e-06	2.473e-06	5.995e-07
-0.118	0.0072458048	0.003339725	0.000387188	0.00204494	1.053e-05	4.825e-06	1.179e-05	4.909e-06	1.192e-06
-0.094	0.012817067000000001	0.00590551	0.0006847859999999999	0.0036165600000000004	1.875e-05	8.532e-06	2.09e-05	8.68e-06	2.119e-06
-0.070	0.020188593	0.009301709999999998	0.0010789299999999999	0.00569598	3.008e-05	1.344e-05	3.311e-05	1.367e-05	3.385e-06
-0.045	0.028344832000000004	0.01305297	0.00151601	0.00799196	4.438e-05	1.886e-05	4.727e-05	1.918e-05	4.936e-06
-0.021	0.035508261	0.01632909	0.00190259	0.009993600000000002	6.314e-05	2.359e-05	6.193e-05	2.398e-05	6.829e-06
0.003	0.039813793	0.018222759999999998	0.00214356	0.011149099999999999	9.436e-05	2.634e-05	7.793e-05	2.674e-05	9.675e-06
0.027	0.040303	0.01823051	0.0022001399999999997	0.0111269	0.0001607	2.637e-05	0.0001024	2.663e-05	1.538e-05
0.051	0.037673330000000005	0.0164849	0.00212768	0.0100116	0.0003089	2.391e-05	0.0001528	2.384e-05	2.796e-05
0.076	0.03424544000000001	0.0138316	0.00208376	0.008287899999999999	0.0006124	2.021e-05	0.0002583	1.948e-05	5.381e-05
0.100	0.0330928	0.011408600000000001	0.0022706799999999997	0.006623700000000001	0.001157	1.696e-05	0.0004533	1.512e-05	0.0001005
0.124	0.0366276	0.010139500000000001	0.0028494899999999997	0.005575050000000001	0.002001	1.569e-05	0.0007613	1.216e-05	0.000173
0.148	0.04537379999999999	0.010381000000000001	0.00385104	0.00537041	0.003112	1.732e-05	0.001172	1.149e-05	0.000269
0.172	0.0573655	0.011816	0.00515332	0.00587318	0.004326	2.247e-05	0.001626	1.375e-05	0.0003753
0.196	0.06877679999999999	0.013682099999999999	0.0065447000000000005	0.0067201100000000005	0.005365	3.25e-05	0.002023	2.019e-05	0.0004693
0.221	0.0754827	0.015198699999999999	0.007897699999999999	0.007558610000000001	0.005932	5.102e-05	0.002257	3.378e-05	0.0005288
0.245	0.0750737	0.0160157	0.0093539	0.00827	0.005849	8.493e-05	0.002272	5.993e-05	0.0005433
0.269	0.067943	0.0163933	0.011345099999999999	0.0090572	0.005149	0.0001433	0.002092	0.0001055	0.0005214
0.293	0.0569538	0.0170103	0.014390299999999998	0.0102897	0.004058	0.0002329	0.001811	0.0001756	0.0004865
0.317	0.045749200000000004	0.018437300000000004	0.018657999999999998	0.012202000000000001	0.002881	0.0003512	0.001536	0.0002679	0.0004624
0.341	0.036926999999999995	0.020624999999999998	0.0236183	0.014593899999999998	0.001867	0.0004812	0.001338	0.000369	0.0004592
0.366	0.031101900000000002	0.022803	0.028011800000000003	0.0168017	0.00114	0.0005928	0.001219	0.0004557	0.0004677
0.390	0.0274142	0.023857999999999997	0.030365099999999996	0.017994000000000003	0.0007027	0.0006535	0.001136	0.0005029	0.0004668
0.414	0.024744	0.022961	0.029768299999999998	0.017655	0.0005139	0.0006441	0.001045	0.0004959	0.0004378
0.438	0.0230168	0.020096	0.026433400000000003	0.0159879	0.0005596	0.0005689	0.0009366	0.0004382	0.0003757
0.462	0.0236974	0.0160988	0.0216572	0.013941099999999998	0.0009043	0.0004552	0.0008576	0.0003506	0.0002914
0.486	0.029562400000000003	0.0122016	0.017306100000000005	0.012883799999999999	0.001694	0.0003402	0.0008909	0.0002622	0.0002038
0.511	0.0435031	0.0095231	0.015024800000000001	0.014089099999999998	0.003102	0.0002559	0.001121	0.0001973	0.0001299
0.535	0.066914	0.008601899999999999	0.015616500000000002	0.0181686	0.005208	0.000218	0.001587	0.0001682	7.825e-05
0.559	0.097915	0.0093039	0.0187764	0.024682299999999997	0.007858	0.0002234	0.002249	0.0001726	4.848e-05
0.583	0.13063	0.0109239	0.0232002	0.032066199999999996	0.01059	0.0002548	0.002967	0.0001969	3.476e-05
0.607	0.156445	0.012495099999999999	0.0270578	0.03806113	0.01273	0.000288	0.00354	0.0002226	2.982e-05
0.632	0.167313	0.013158699999999999	0.0286861	0.04058003	0.01363	0.0003021	0.003781	0.0002335	2.778e-05
0.656	0.159516	0.012481200000000001	0.027269400000000003	0.03865644	0.013	0.0002861	0.003603	0.0002212	2.521e-05
0.680	0.13549500000000003	0.010584699999999999	0.0231436	0.032825511	0.01104	0.0002425	0.00306	0.0001875	2.106e-05
0.704	0.10252499999999999	0.008003799999999998	0.0175032	0.024837503	0.008353	0.0001834	0.002315	0.0001418	1.585e-05
0.728	0.06909269999999999	0.0053939	0.011795499999999999	0.016738766	0.00563	0.0001236	0.001561	9.553e-05	1.066e-05
0.752	0.0414769	0.0032379799999999997	0.007081499999999999	0.010046436	0.00338	7.418e-05	0.0009368	5.734e-05	6.398e-06
0.777	0.0221741	0.00173106	0.0037859	0.005371842	0.001807	3.966e-05	0.0005009	3.066e-05	3.42e-06
0.801	0.0105617	0.00082446	0.0018031	0.0025578577000000004	0.0008606	1.889e-05	0.0002385	1.46e-05	1.629e-06
0.825	0.004479999999999999	0.00034973999999999997	0.00076487	0.0010851422	0.000365	8.012e-06	0.0001012	6.193e-06	6.909e-07
0.849	0.0016925199999999999	0.000132117	0.000288932	0.00040994672000000006	0.0001379	3.027e-06	3.823e-05	2.34e-06	2.61e-07
0.873	0.000569465	4.4455999999999996e-05	9.7227e-05	0.00013795051000000001	4.641e-05	1.019e-06	1.286e-05	7.873e-07	8.783e-08
0.897	0.00017068200000000002	1.33223e-05	2.9141400000000002e-05	4.1342745e-05	1.391e-05	3.052e-07	3.855e-06	2.36e-07	2.632e-08
0.922	4.55574e-05	3.5565e-06	7.7772e-06	1.1035021e-05	3.712e-06	8.147e-08	1.029e-06	6.298e-08	7.026e-09
0.946	1.08309e-05	8.454500000000001e-07	1.8489399999999998e-06	2.6233211999999998e-06	8.825e-07	1.937e-08	2.446e-07	1.497e-08	1.67e-09
0.970	2.29361e-06	1.7898900000000002e-07	3.9146e-07	5.554427999999999e-07	1.868e-07	4.101e-09	5.179e-08	3.17e-09	3.536e-10
0.994	4.3243199999999996e-07	3.3744300000000004e-08	7.381e-08	1.047212e-07	3.523e-08	7.732e-10	9.765e-09	5.977e-10	6.667e-11
1.018	7.260500000000001e-08	5.6676e-09	1.2394200000000003e-08	1.7588961999999997e-08	5.916e-09	1.298e-10	1.64e-09	1.004e-10	1.12e-11
1.042	1.0857199999999998e-08	8.474e-10	1.8534e-09	2.6300826e-09	8.846e-10	1.942e-11	2.452e-10	1.501e-11	1.674e-12
1.067	1.4459e-09	1.1286100000000001e-10	2.46853e-10	3.5026692e-10	1.178e-10	2.586e-12	3.266e-11	1.999e-12	2.23e-13
1.091	1.7147099999999999e-10	1.3384800000000002e-11	2.9272299999999996e-11	4.1535386e-11	1.397e-11	3.066e-13	3.873e-12	2.37e-13	2.644e-14
1.115	1.81093e-11	1.4135800000000001e-12	3.0911600000000003e-12	4.3863683999999995e-12	1.476e-12	3.238e-14	4.09e-13	2.503e-14	2.793e-15
1.139	1.7029299999999999e-12	1.32925e-13	2.90674e-13	4.1245925e-13	1.388e-13	3.045e-15	3.846e-14	2.354e-15	2.626e-16
1.163	1.42729e-13	1.11416e-14	2.43679e-14	3.4569796e-14	1.163e-14	2.553e-16	3.224e-15	1.973e-16	2.201e-17
1.188	1.05375e-14	8.2253e-16	1.79887e-15	2.552206e-15	8.586e-16	1.884e-17	2.38e-16	1.457e-17	1.625e-18
1.212	8.2113e-16	6.408499999999999e-17	1.40173e-16	1.9890055e-16	6.69e-17	1.468e-18	1.854e-17	1.135e-18	1.266e-19
1.236	0.0	0.0	0.0	0.0	0.0	0.0	0.0	0.0	0.0
1.260	0.0	0.0	0.0	0.0	0.0	0.0	0.0	0.0	0.0
1.284	0.0	0.0	0.0	0.0	0.0	0.0	0.0	0.0	0.0
1.308	0.0	0.0	0.0	0.0	0.0	0.0	0.0	0.0	0.0
1.333	0.0	0.0	0.0	0.0	0.0	0.0	0.0	0.0	0.0
1.357	0.0	0.0	0.0	0.0	0.0	0.0	0.0	0.0	0.0
1.381	0.0	0.0	0.0	0.0	0.0	0.0	0.0	0.0	0.0
1.405	0.0	0.0	0.0	0.0	0.0	0.0	0.0	0.0	0.0
1.429	0.0	0.0	0.0	0.0	0.0	0.0	0.0	0.0	0.0
1.453	0.0	0.0	0.0	0.0	0.0	0.0	0.0	0.0	0.0
1.478	0.0	0.0	0.0	0.0	0.0	0.0	0.0	0.0	0.0
1.502	0.0	0.0	0.0	0.0	0.0	0.0	0.0	0.0	0.0
1.526	0.0	0.0	0.0	0.0	0.0	0.0	0.0	0.0	0.0
1.550	0.0	0.0	0.0	0.0	0.0	0.0	0.0	0.0	0.0
1.574	0.0	0.0	0.0	0.0	0.0	0.0	0.0	0.0	0.0
1.598	0.0	0.0	0.0	0.0	0.0	0.0	0.0	0.0	0.0
1.623	0.0	0.0	0.0	0.0	0.0	0.0	0.0	0.0	0.0
1.647	0.0	0.0	0.0	0.0	0.0	0.0	0.0	0.0	0.0
1.671	0.0	0.0	0.0	0.0	0.0	0.0	0.0	0.0	0.0
1.695	0.0	0.0	0.0	0.0	0.0	0.0	0.0	0.0	0.0
1.719	0.0	0.0	0.0	0.0	0.0	0.0	0.0	0.0	0.0
