-18.86681042	0.0	0.0	0.0	0.0	0.0	0.0	0.0	0.0	0.0
-18.840810419999997	0.0	0.0	0.0	0.0	0.0	0.0	0.0	0.0	0.0
-18.81481042	0.0	0.0	0.0	0.0	0.0	0.0	0.0	0.0	0.0
-18.788810419999997	0.0	0.0	0.0	0.0	0.0	0.0	0.0	0.0	0.0
-18.76281042	0.0	0.0	0.0	0.0	0.0	0.0	0.0	0.0	0.0
-18.736810419999998	0.0	0.0	0.0	0.0	0.0	0.0	0.0	0.0	0.0
-18.709810419999997	0.0	0.0	0.0	0.0	0.0	0.0	0.0	0.0	0.0
-18.68381042	0.0	0.0	0.0	0.0	0.0	0.0	0.0	0.0	0.0
-18.657810419999997	0.0	0.0	0.0	0.0	0.0	0.0	0.0	0.0	0.0
-18.63181042	0.0	0.0	0.0	0.0	0.0	0.0	0.0	0.0	0.0
-18.605810419999997	0.0	0.0	0.0	0.0	0.0	0.0	0.0	0.0	0.0
-18.57981042	0.0	0.0	0.0	0.0	0.0	0.0	0.0	0.0	0.0
-18.553810419999998	0.0	0.0	0.0	0.0	0.0	0.0	0.0	0.0	0.0
-18.52781042	0.0	0.0	0.0	0.0	0.0	0.0	0.0	0.0	0.0
-18.501810419999998	0.0	0.0	0.0	0.0	0.0	0.0	0.0	0.0	0.0
-18.475810420000002	0.0	0.0	0.0	0.0	0.0	0.0	0.0	0.0	0.0
-18.44881042	0.0	0.0	0.0	0.0	0.0	0.0	0.0	0.0	0.0
-18.422810419999998	0.0	0.0	0.0	0.0	0.0	0.0	0.0	0.0	0.0
-18.39681042	0.0	0.0	0.0	0.0	0.0	0.0	0.0	0.0	0.0
-18.370810419999998	0.0	0.0	0.0	0.0	0.0	0.0	0.0	0.0	0.0
-18.34481042	0.0	0.0	0.0	0.0	0.0	0.0	0.0	0.0	0.0
-18.31881042	0.0	0.0	0.0	0.0	0.0	0.0	0.0	0.0	0.0
-18.292810420000002	0.0	0.0	0.0	0.0	0.0	0.0	0.0	0.0	0.0
-18.26681042	3.2053799999999992e-15	7.437529e-17	6.84117e-17	1.3290849999999997e-16	0.0	0.0	0.0	0.0	0.0
-18.240810420000003	7.69172e-14	1.7850467e-15	1.641765e-15	3.18946e-15	0.0	0.0	0.0	0.0	0.0
-18.21481042	1.3654399999999999e-12	3.1684800000000004e-14	2.913776e-14	5.66286e-14	0.0	0.0	0.0	0.0	0.0
-18.188810420000003	2.1384300000000002e-11	4.961691000000001e-13	4.563147e-13	8.86674e-13	0.0	0.0	0.0	0.0	0.0
-18.161810420000002	2.92675e-10	6.791696000000001e-12	6.246700000000001e-12	1.213614e-11	0.0	0.0	0.0	0.0	0.0
-18.13581042	3.4995499999999996e-09	8.120322e-11	7.46983e-11	1.4511949999999998e-10	0.0	0.0	0.0	0.0	0.0
-18.109810420000002	3.6568100000000006e-08	8.484061000000001e-10	7.80443e-10	1.5162279999999996e-09	0.0	0.0	0.0	0.0	0.0
-18.08381042	3.33724e-07	7.744767e-09	7.12358e-09	1.3841389999999998e-08	0.0	0.0	0.0	0.0	0.0
-18.057810420000003	2.6620300000000005e-06	6.178322000000001e-08	5.68197e-08	1.1039079999999999e-07	0.0	0.0	0.0	0.0	0.0
-18.03181042	1.85537e-05	4.305052e-07	3.959379e-07	7.69356e-07	0.0	0.0	0.0	0.0	0.0
-18.005810420000003	0.000112984	2.6224529999999996e-06	2.411957e-06	4.685699999999999e-06	0.0	0.0	0.0	0.0	0.0
-17.97981042	0.000601284	1.395264e-05	1.283274e-05	2.49368e-05	0.0	0.0	0.0	0.0	0.0
-17.953810419999996	0.00279644	6.488864999999998e-05	5.9679299999999996e-05	0.00011595549999999999	0.0	0.0	0.0	0.0	0.0
-17.92781042	0.011362500000000001	0.0002636608	0.00024246750000000002	0.000471119	0.0	0.0	0.0	0.0	0.0
-17.90081042	0.040352900000000004	0.0009364406000000001	0.000861253	0.0016736040000000002	0.0	0.0	0.0	0.0	0.0
-17.874810420000003	0.125242	0.002906831	0.002672628	0.00519393	0.0	0.0	0.0	0.0	0.0
-17.84881042	0.33968399999999993	0.007882709	0.00725053	0.014087939999999998	0.0	0.0	0.0	0.0	0.0
-17.822810420000003	0.805309	0.01868743	0.01718874	0.033394900000000005	0.0	0.0	0.0	0.0	0.0
-17.79681042	1.66846	0.03871871	0.03560634	0.06919159999999999	0.0	0.0	0.0	0.0	0.0
-17.770810419999997	3.02154	0.07010981	0.0644839	0.12527950000000002	0.0	0.0	0.0	0.0	0.0
-17.74481042	4.780710000000001	0.11094631	0.10204750000000001	0.198315	0.0	0.0	0.0	0.0	0.0
-17.718810419999997	6.613130000000001	0.15346381000000003	0.1411529	0.274227	0.0	0.0	0.0	0.0	0.0
-17.69281042	7.995340000000001	0.185528	0.1706429	0.33155599999999996	0.0	0.0	0.0	0.0	0.0
-17.666810419999997	8.44832	0.19603540000000003	0.1803339	0.350363	0.0	0.0	0.0	0.0	0.0
-17.64081042	7.80204	0.18104508000000002	0.16652329999999999	0.323524	0.0	0.0	0.0	0.0	0.0
-17.61381042	6.29754	0.14613601999999998	0.1344029	0.26111300000000004	0.0	0.0	0.0	0.0	0.0
-17.587810419999997	4.44238	0.10309755000000001	0.0948213	0.18425700000000003	0.0	0.0	0.0	0.0	0.0
-17.56181042	2.7398200000000004	0.06356534	0.0584585	0.11358560000000002	0.0	0.0	0.0	0.0	0.0
-17.535810419999997	1.4761900000000001	0.034257609999999994	0.031510659999999996	0.0612173	0.0	0.0	0.0	0.0	0.0
-17.50981042	0.6952689999999999	0.016134358999999997	0.01484019	0.0288297	0.0	0.0	0.0	0.0	0.0
-17.483810419999998	0.28623200000000004	0.006640934	0.00610793	0.01186866	0.0	0.0	0.0	0.0	0.0
-17.45781042	0.10295690000000002	0.0023891249999999998	0.0021973239999999996	0.004269729999999999	0.0	0.0	0.0	0.0	0.0
-17.431810419999998	0.032374799999999995	0.0007511458	0.000690885	0.0013424530000000002	0.0	0.0	0.0	0.0	0.0
-17.40581042	0.008895020000000002	0.0002064305	0.0001898736	0.0003688630000000001	0.0	0.0	0.0	0.0	0.0
-17.37981042	0.00213556	4.956272e-05	4.559386e-05	8.856379999999999e-05	0.0	0.0	0.0	0.0	0.0
-17.352810419999997	0.00044817900000000005	1.0398821e-05	9.56427e-06	1.85852e-05	0.0	0.0	0.0	0.0	0.0
-17.32681042	8.21747e-05	1.9068396999999997e-06	1.7535169999999999e-06	3.4075000000000004e-06	0.0	0.0	0.0	0.0	0.0
-17.300810419999998	1.3166500000000003e-05	3.055532e-07	2.8097510000000003e-07	5.46015e-07	0.0	0.0	0.0	0.0	0.0
-17.27481042	1.8432400000000002e-06	4.277774e-08	3.934386e-08	7.64415e-08	0.0	0.0	0.0	0.0	0.0
-17.248810419999998	2.25495e-07	5.2329670000000015e-09	4.813484e-09	9.351920000000001e-09	0.0	0.0	0.0	0.0	0.0
-17.222810420000002	2.4108799999999997e-08	5.593399e-10	5.14556e-10	9.996130000000002e-10	0.0	0.0	0.0	0.0	0.0
-17.19681042	2.2516499999999998e-09	5.2242509999999994e-11	4.8050969999999996e-11	9.33576e-11	0.0	0.0	0.0	0.0	0.0
-17.170810420000002	1.8369700000000002e-10	4.262657e-12	3.921228e-12	7.61752e-12	0.0	0.0	0.0	0.0	0.0
-17.14481042	1.31027e-11	3.040376e-13	2.797033e-13	5.43356e-13	0.0	0.0	0.0	0.0	0.0
-17.118810420000003	8.076869999999999e-13	1.8742729000000002e-14	1.723845e-14	3.34906e-14	0.0	0.0	0.0	0.0	0.0
-17.09281042	5.1280800000000005e-14	1.1899948e-15	1.0945230000000001e-15	2.12695e-15	0.0	0.0	0.0	0.0	0.0
-17.06581042	0.0	0.0	0.0	0.0	0.0	0.0	0.0	0.0	0.0
-17.039810420000002	0.0	0.0	0.0	0.0	0.0	0.0	0.0	0.0	0.0
-17.01381042	0.0	0.0	0.0	0.0	0.0	0.0	0.0	0.0	0.0
-16.987810420000002	0.0	0.0	0.0	0.0	0.0	0.0	0.0	0.0	0.0
-16.96181042	0.0	0.0	0.0	0.0	0.0	0.0	0.0	0.0	0.0
-16.935810420000003	0.0	0.0	0.0	0.0	0.0	0.0	0.0	0.0	0.0
-16.90981042	0.0	0.0	0.0	0.0	0.0	0.0	0.0	0.0	0.0
-16.883810420000003	0.0	0.0	0.0	0.0	0.0	0.0	0.0	0.0	0.0
-16.85781042	0.0	0.0	0.0	0.0	0.0	0.0	0.0	0.0	0.0
-16.831810419999996	0.0	0.0	0.0	0.0	0.0	0.0	0.0	0.0	0.0
-16.804810420000003	0.0	0.0	0.0	0.0	0.0	0.0	0.0	0.0	0.0
-16.77881042	0.0	0.0	0.0	0.0	0.0	0.0	0.0	0.0	0.0
-16.752810420000003	0.0	0.0	0.0	0.0	0.0	0.0	0.0	0.0	0.0
-16.72681042	0.0	0.0	0.0	0.0	0.0	0.0	0.0	0.0	0.0
-16.700810420000003	0.0	0.0	0.0	0.0	0.0	0.0	0.0	0.0	0.0
-16.67481042	0.0	0.0	0.0	0.0	0.0	0.0	0.0	0.0	0.0
-16.648810419999997	0.0	0.0	0.0	0.0	0.0	0.0	0.0	0.0	0.0
-16.62281042	0.0	0.0	0.0	0.0	0.0	0.0	0.0	0.0	0.0
-16.596810419999997	0.0	0.0	0.0	0.0	0.0	0.0	0.0	0.0	0.0
-16.57081042	0.0	0.0	0.0	0.0	0.0	0.0	0.0	0.0	0.0
-16.544810419999997	0.0	0.0	0.0	0.0	0.0	0.0	0.0	0.0	0.0
-16.517810419999996	0.0	0.0	0.0	0.0	0.0	0.0	0.0	0.0	0.0
-16.49181042	0.0	0.0	0.0	0.0	0.0	0.0	0.0	0.0	0.0
-16.465810419999997	0.0	0.0	0.0	0.0	0.0	0.0	0.0	0.0	0.0
-16.43981042	0.0	0.0	0.0	0.0	0.0	0.0	0.0	0.0	0.0
-16.413810419999997	0.0	0.0	0.0	0.0	0.0	0.0	0.0	0.0	0.0
-16.38781042	0.0	0.0	0.0	0.0	0.0	0.0	0.0	0.0	0.0
-16.361810419999998	0.0	0.0	0.0	0.0	0.0	0.0	0.0	0.0	0.0
-16.33581042	0.0	0.0	0.0	0.0	0.0	0.0	0.0	0.0	0.0
-16.309810419999998	0.0	0.0	0.0	0.0	0.0	0.0	0.0	0.0	0.0
-16.283810420000002	0.0	0.0	0.0	0.0	0.0	0.0	0.0	0.0	0.0
-16.25681042	0.0	0.0	0.0	0.0	0.0	0.0	0.0	0.0	0.0
-16.230810419999997	0.0	0.0	0.0	0.0	0.0	0.0	0.0	0.0	0.0
-16.20481042	0.0	0.0	0.0	0.0	0.0	0.0	0.0	0.0	0.0
-16.178810419999998	0.0	0.0	0.0	0.0	0.0	0.0	0.0	0.0	0.0
-16.15281042	0.0	0.0	0.0	0.0	0.0	0.0	0.0	0.0	0.0
-16.126810419999998	0.0	0.0	0.0	0.0	0.0	0.0	0.0	0.0	0.0
-16.100810420000002	0.0	0.0	0.0	0.0	0.0	0.0	0.0	0.0	0.0
-16.07481042	0.0	0.0	0.0	0.0	0.0	0.0	0.0	0.0	0.0
-16.048810420000002	0.0	0.0	0.0	0.0	0.0	0.0	0.0	0.0	0.0
-16.02281042	0.0	0.0	0.0	0.0	0.0	0.0	0.0	0.0	0.0
-15.996810420000001	0.0	0.0	0.0	0.0	0.0	0.0	0.0	0.0	0.0
-15.96981042	0.0	0.0	0.0	0.0	0.0	0.0	0.0	0.0	0.0
-15.94381042	0.0	0.0	0.0	0.0	0.0	0.0	0.0	0.0	0.0
-15.91781042	0.0	0.0	0.0	0.0	0.0	0.0	0.0	0.0	0.0
-15.89181042	0.0	0.0	0.0	0.0	0.0	0.0	0.0	0.0	0.0
-15.86581042	0.0	0.0	0.0	0.0	0.0	0.0	0.0	0.0	0.0
-15.839810420000001	0.0	0.0	0.0	0.0	0.0	0.0	0.0	0.0	0.0
-15.813810420000001	0.0	0.0	0.0	0.0	0.0	0.0	0.0	0.0	0.0
-15.787810420000001	0.0	0.0	0.0	0.0	0.0	0.0	0.0	0.0	0.0
-15.761810420000002	0.0	0.0	0.0	0.0	0.0	0.0	0.0	0.0	0.0
-15.735810419999998	0.0	0.0	0.0	0.0	0.0	0.0	0.0	0.0	0.0
-15.70881042	0.0	0.0	0.0	0.0	0.0	0.0	0.0	0.0	0.0
-15.682810420000001	0.0	0.0	0.0	0.0	0.0	0.0	0.0	0.0	0.0
-15.656810420000001	0.0	0.0	0.0	0.0	0.0	0.0	0.0	0.0	0.0
-15.630810420000001	0.0	0.0	0.0	0.0	0.0	0.0	0.0	0.0	0.0
-15.604810420000002	0.0	0.0	0.0	0.0	0.0	0.0	0.0	0.0	0.0
-15.578810419999998	0.0	0.0	0.0	0.0	0.0	0.0	0.0	0.0	0.0
-15.552810419999998	0.0	0.0	0.0	0.0	0.0	0.0	0.0	0.0	0.0
-15.526810419999999	0.0	0.0	0.0	0.0	0.0	0.0	0.0	0.0	0.0
-15.500810419999999	0.0	0.0	0.0	0.0	0.0	0.0	0.0	0.0	0.0
-15.474810419999999	0.0	0.0	0.0	0.0	0.0	0.0	0.0	0.0	0.0
-15.44881042	0.0	0.0	0.0	0.0	0.0	0.0	0.0	0.0	0.0
-15.421810419999998	0.0	0.0	0.0	0.0	0.0	0.0	0.0	0.0	0.0
-15.395810419999998	0.0	0.0	0.0	0.0	0.0	0.0	0.0	0.0	0.0
-15.369810419999999	0.0	0.0	0.0	0.0	0.0	0.0	0.0	0.0	0.0
-15.343810419999999	0.0	0.0	0.0	0.0	0.0	0.0	0.0	0.0	0.0
-15.317810419999999	0.0	0.0	0.0	0.0	0.0	0.0	0.0	0.0	0.0
-15.29181042	0.0	0.0	0.0	0.0	0.0	0.0	0.0	0.0	0.0
-15.26581042	0.0	0.0	0.0	0.0	0.0	0.0	0.0	0.0	0.0
-15.23981042	0.0	0.0	0.0	0.0	0.0	0.0	0.0	0.0	0.0
-15.21381042	0.0	0.0	0.0	0.0	0.0	0.0	0.0	0.0	0.0
-15.18781042	0.0	0.0	0.0	0.0	0.0	0.0	0.0	0.0	0.0
-15.160810419999999	0.0	0.0	0.0	0.0	0.0	0.0	0.0	0.0	0.0
-15.134810419999999	0.0	0.0	0.0	0.0	0.0	0.0	0.0	0.0	0.0
-15.10881042	0.0	0.0	0.0	0.0	0.0	0.0	0.0	0.0	0.0
-15.08281042	0.0	0.0	0.0	0.0	0.0	0.0	0.0	0.0	0.0
-15.05681042	0.0	0.0	0.0	0.0	0.0	0.0	0.0	0.0	0.0
-15.03081042	0.0	0.0	0.0	0.0	0.0	0.0	0.0	0.0	0.0
-15.00481042	0.0	0.0	0.0	0.0	0.0	0.0	0.0	0.0	0.0
-14.97881042	0.0	0.0	0.0	0.0	0.0	0.0	0.0	0.0	0.0
-14.95281042	0.0	0.0	0.0	0.0	0.0	0.0	0.0	0.0	0.0
-14.92681042	0.0	0.0	0.0	0.0	0.0	0.0	0.0	0.0	0.0
-14.900810420000001	0.0	0.0	0.0	0.0	0.0	0.0	0.0	0.0	0.0
-14.87381042	0.0	0.0	0.0	0.0	0.0	0.0	0.0	0.0	0.0
-14.84781042	0.0	0.0	0.0	0.0	0.0	0.0	0.0	0.0	0.0
-14.82181042	0.0	0.0	0.0	0.0	0.0	0.0	0.0	0.0	0.0
-14.79581042	0.0	0.0	0.0	0.0	0.0	0.0	0.0	0.0	0.0
-14.76981042	0.0	0.0	0.0	0.0	0.0	0.0	0.0	0.0	0.0
-14.74381042	0.0	0.0	0.0	0.0	0.0	0.0	0.0	0.0	0.0
-14.717810420000001	0.0	0.0	0.0	0.0	0.0	0.0	0.0	0.0	0.0
-14.691810420000001	0.0	0.0	0.0	0.0	0.0	0.0	0.0	0.0	0.0
-14.665810420000001	0.0	0.0	0.0	0.0	0.0	0.0	0.0	0.0	0.0
-14.639810419999998	0.0	0.0	0.0	0.0	0.0	0.0	0.0	0.0	0.0
-14.61281042	0.0	0.0	0.0	0.0	0.0	0.0	0.0	0.0	0.0
-14.58681042	0.0	0.0	0.0	0.0	0.0	0.0	0.0	0.0	0.0
-14.560810420000001	0.0	0.0	0.0	0.0	0.0	0.0	0.0	0.0	0.0
-14.534810420000001	0.0	0.0	0.0	0.0	0.0	0.0	0.0	0.0	0.0
-14.508810420000001	0.0	0.0	0.0	0.0	0.0	0.0	0.0	0.0	0.0
-14.482810419999998	0.0	0.0	0.0	0.0	0.0	0.0	0.0	0.0	0.0
-14.456810419999998	0.0	0.0	0.0	0.0	0.0	0.0	0.0	0.0	0.0
-14.430810419999998	0.0	0.0	0.0	0.0	0.0	0.0	0.0	0.0	0.0
-14.404810419999999	0.0	0.0	0.0	0.0	0.0	0.0	0.0	0.0	0.0
-14.378810419999999	0.0	0.0	0.0	0.0	0.0	0.0	0.0	0.0	0.0
-14.352810419999999	0.0	0.0	0.0	0.0	0.0	0.0	0.0	0.0	0.0
-14.325810420000002	0.0	0.0	0.0	0.0	0.0	0.0	0.0	0.0	0.0
-14.299810419999998	0.0	0.0	0.0	0.0	0.0	0.0	0.0	0.0	0.0
-14.273810419999998	0.0	0.0	0.0	0.0	0.0	0.0	0.0	0.0	0.0
-14.247810419999999	0.0	0.0	0.0	0.0	0.0	0.0	0.0	0.0	0.0
-14.221810419999999	0.0	0.0	0.0	0.0	0.0	0.0	0.0	0.0	0.0
-14.195810419999999	0.0	0.0	0.0	0.0	0.0	0.0	0.0	0.0	0.0
-14.16981042	0.0	0.0	0.0	0.0	0.0	0.0	0.0	0.0	0.0
-14.14381042	0.0	0.0	0.0	0.0	0.0	0.0	0.0	0.0	0.0
-14.11781042	0.0	0.0	0.0	0.0	0.0	0.0	0.0	0.0	0.0
-14.09181042	0.0	0.0	0.0	0.0	0.0	0.0	0.0	0.0	0.0
-14.064810419999999	0.0	0.0	0.0	0.0	0.0	0.0	0.0	0.0	0.0
-14.038810419999999	0.0	0.0	0.0	0.0	0.0	0.0	0.0	0.0	0.0
-14.01281042	0.0	0.0	0.0	0.0	0.0	0.0	0.0	0.0	0.0
-13.98681042	0.0	0.0	0.0	0.0	0.0	0.0	0.0	0.0	0.0
-13.96081042	0.0	0.0	0.0	0.0	0.0	0.0	0.0	0.0	0.0
-13.93481042	0.0	0.0	0.0	0.0	0.0	0.0	0.0	0.0	0.0
-13.90881042	0.0	0.0	0.0	0.0	0.0	0.0	0.0	0.0	0.0
-13.88281042	0.0	0.0	0.0	0.0	0.0	0.0	0.0	0.0	0.0
-13.85681042	0.0	0.0	0.0	0.0	0.0	0.0	0.0	0.0	0.0
-13.83081042	0.0	0.0	0.0	0.0	0.0	0.0	0.0	0.0	0.0
-13.80481042	0.0	0.0	0.0	0.0	0.0	0.0	0.0	0.0	0.0
-13.77781042	0.0	0.0	0.0	0.0	0.0	0.0	0.0	0.0	0.0
-13.75181042	0.0	0.0	0.0	0.0	0.0	0.0	0.0	0.0	0.0
-13.72581042	0.0	0.0	0.0	0.0	0.0	0.0	0.0	0.0	0.0
-13.69981042	0.0	0.0	0.0	0.0	0.0	0.0	0.0	0.0	0.0
-13.67381042	0.0	0.0	0.0	0.0	0.0	0.0	0.0	0.0	0.0
-13.64781042	0.0	0.0	0.0	0.0	0.0	0.0	0.0	0.0	0.0
-13.621810420000001	0.0	0.0	0.0	0.0	0.0	0.0	0.0	0.0	0.0
-13.595810420000001	0.0	0.0	0.0	0.0	0.0	0.0	0.0	0.0	0.0
-13.569810420000001	0.0	0.0	0.0	0.0	0.0	0.0	0.0	0.0	0.0
-13.543810420000002	0.0	0.0	0.0	0.0	0.0	0.0	0.0	0.0	0.0
-13.51681042	0.0	0.0	0.0	0.0	0.0	0.0	0.0	0.0	0.0
-13.49081042	0.0	0.0	0.0	0.0	0.0	0.0	0.0	0.0	0.0
-13.464810420000001	0.0	0.0	0.0	0.0	0.0	0.0	0.0	0.0	0.0
-13.438810420000001	0.0	0.0	0.0	0.0	0.0	0.0	0.0	0.0	0.0
-13.412810420000001	0.0	0.0	0.0	0.0	0.0	0.0	0.0	0.0	0.0
-13.386810420000002	0.0	0.0	0.0	0.0	0.0	0.0	0.0	0.0	0.0
-13.360810419999998	0.0	0.0	0.0	0.0	0.0	0.0	0.0	0.0	0.0
-13.334810419999998	0.0	0.0	0.0	0.0	0.0	0.0	0.0	0.0	0.0
-13.308810419999999	0.0	0.0	0.0	0.0	0.0	0.0	0.0	0.0	0.0
-13.282810419999999	0.0	0.0	0.0	0.0	0.0	0.0	0.0	0.0	0.0
-13.256810419999999	0.0	0.0	0.0	0.0	0.0	0.0	0.0	0.0	0.0
-13.229810420000002	0.0	0.0	0.0	0.0	0.0	0.0	0.0	0.0	0.0
-13.203810419999998	0.0	0.0	0.0	0.0	0.0	0.0	0.0	0.0	0.0
-13.177810419999998	0.0	0.0	0.0	0.0	0.0	0.0	0.0	0.0	0.0
-13.151810419999999	0.0	0.0	0.0	0.0	0.0	0.0	0.0	0.0	0.0
-13.125810419999999	0.0	0.0	0.0	0.0	0.0	0.0	0.0	0.0	0.0
-13.099810419999999	0.0	0.0	0.0	0.0	0.0	0.0	0.0	0.0	0.0
-13.07381042	0.0	0.0	0.0	0.0	0.0	0.0	0.0	0.0	0.0
-13.04781042	0.0	0.0	0.0	0.0	0.0	0.0	0.0	0.0	0.0
-13.02181042	0.0	0.0	0.0	0.0	0.0	0.0	0.0	0.0	0.0
-12.99581042	0.0	0.0	0.0	0.0	0.0	0.0	0.0	0.0	0.0
-12.968810419999999	0.0	0.0	0.0	0.0	0.0	0.0	0.0	0.0	0.0
-12.942810419999999	0.0	0.0	0.0	0.0	0.0	0.0	0.0	0.0	0.0
-12.91681042	0.0	0.0	0.0	0.0	0.0	0.0	0.0	0.0	0.0
-12.89081042	0.0	0.0	0.0	0.0	0.0	0.0	0.0	0.0	0.0
-12.86481042	0.0	0.0	0.0	0.0	0.0	0.0	0.0	0.0	0.0
-12.83881042	0.0	0.0	0.0	0.0	0.0	0.0	0.0	0.0	0.0
-12.81281042	0.0	0.0	0.0	0.0	0.0	0.0	0.0	0.0	0.0
-12.78681042	0.0	0.0	0.0	0.0	0.0	0.0	0.0	0.0	0.0
-12.76081042	0.0	0.0	0.0	0.0	0.0	0.0	0.0	0.0	0.0
-12.73481042	0.0	0.0	0.0	0.0	0.0	0.0	0.0	0.0	0.0
-12.70881042	0.0	0.0	0.0	0.0	0.0	0.0	0.0	0.0	0.0
-12.68181042	0.0	0.0	0.0	0.0	0.0	0.0	0.0	0.0	0.0
-12.65581042	0.0	0.0	0.0	0.0	0.0	0.0	0.0	0.0	0.0
-12.62981042	0.0	0.0	0.0	0.0	0.0	0.0	0.0	0.0	0.0
-12.60381042	0.0	0.0	0.0	0.0	0.0	0.0	0.0	0.0	0.0
-12.57781042	0.0	0.0	0.0	0.0	0.0	0.0	0.0	0.0	0.0
-12.55181042	0.0	0.0	0.0	0.0	0.0	0.0	0.0	0.0	0.0
-12.525810420000001	0.0	0.0	0.0	0.0	0.0	0.0	0.0	0.0	0.0
-12.499810420000001	0.0	0.0	0.0	0.0	0.0	0.0	0.0	0.0	0.0
-12.473810420000001	0.0	0.0	0.0	0.0	0.0	0.0	0.0	0.0	0.0
-12.447810420000001	0.0	0.0	0.0	0.0	0.0	0.0	0.0	0.0	0.0
-12.42081042	2.8185999999999997e-15	9.404449999999999e-17	1.14774e-16	2.77906405e-16	0.0	0.0	0.0	0.0	0.0
-12.39481042	5.637300000000001e-14	1.881e-15	2.2958e-15	5.5569411e-15	0.0	0.0	0.0	0.0	0.0
-12.36881042	1.0006e-12	3.33899e-14	4.07485e-14	9.8641212e-14	0.0	0.0	0.0	0.0	0.0
-12.342810420000001	1.5810600000000002e-11	5.27499e-13	6.438e-13	1.5585216299999999e-12	0.0	0.0	0.0	0.0	0.0
-12.316810420000001	2.1827e-10	7.283720000000002e-12	8.8901e-12	2.1520785399999998e-11	0.0	0.0	0.0	0.0	0.0
-12.290810420000001	2.6337e-09	8.78678e-11	1.07227e-10	2.59553569e-10	0.0	0.0	0.0	0.0	0.0
-12.264810419999998	2.7756e-08	9.259690000000002e-10	1.1300900000000002e-09	2.73547726e-09	0.0	0.0	0.0	0.0	0.0
-12.238810419999998	2.5555000000000004e-07	8.52638e-09	1.04055e-08	2.51948828e-08	0.0	0.0	0.0	0.0	0.0
-12.212810419999999	2.056e-06	6.860439999999999e-08	8.372800000000001e-08	2.0264042400000002e-07	0.0	0.0	0.0	0.0	0.0
-12.186810419999999	1.4454400000000002e-05	4.82245e-07	5.887e-07	1.4249341800000004e-06	0.0	0.0	0.0	0.0	0.0
-12.160810419999999	8.879799999999999e-05	2.9626800000000003e-06	3.6160600000000006e-06	8.7529708e-06	0.0	0.0	0.0	0.0	0.0
-12.133810420000001	0.00047669000000000005	1.59049e-05	1.94109e-05	4.6987613299999994e-05	0.0	0.0	0.0	0.0	0.0
-12.107810419999998	0.0022356	7.459880000000001e-05	9.104800000000001e-05	0.00022037005	0.0	0.0	0.0	0.0	0.0
-12.081810419999998	0.009165900000000001	0.00030581900000000003	0.00037323	0.0009035116	0.0	0.0	0.0	0.0	0.0
-12.055810419999998	0.032833	0.0010955429999999998	0.00133715	0.00323668747	0.0	0.0	0.0	0.0	0.0
-12.029810419999999	0.102814	0.00343013	0.0041862800000000006	0.010134016200000002	0.0	0.0	0.0	0.0	0.0
-12.003810419999999	0.28126	0.00938562	0.0114544	0.0277270994	0.0	0.0	0.0	0.0	0.0
-11.977810419999999	0.6726500000000001	0.0224409	0.027388299999999997	0.06630151799999999	0.0	0.0	0.0	0.0	0.0
-11.95181042	1.4056799999999998	0.0468973	0.057237	0.13852424600000002	0.0	0.0	0.0	0.0	0.0
-11.92581042	2.567799999999999	0.0856604	0.10455399999999998	0.25310855	0.0	0.0	0.0	0.0	0.0
-11.89981042	4.0992	0.1367599	0.166906	0.404076723	0.0	0.0	0.0	0.0	0.0
-11.872810419999999	5.719399999999999	0.190818	0.232887	0.56369636	0.0	0.0	0.0	0.0	0.0
-11.846810419999999	6.974600000000001	0.23270000000000005	0.28402	0.68743433	0.0	0.0	0.0	0.0	0.0
-11.820810419999999	7.4333	0.248001	0.302703	0.73278246	0.0	0.0	0.0	0.0	0.0
-11.79481042	6.924499999999999	0.231043	0.281954	0.68261054	0.0	0.0	0.0	0.0	0.0
-11.76881042	5.6385000000000005	0.18811	0.22959300000000002	0.55579421	0.0	0.0	0.0	0.0	0.0
-11.74281042	4.0123999999999995	0.13387390000000002	0.16338000000000003	0.395489667	0.0	0.0	0.0	0.0	0.0
-11.71681042	2.4958	0.08326469999999998	0.101633	0.24603802000000002	0.0	0.0	0.0	0.0	0.0
-11.69081042	1.35666	0.04525800000000001	0.055247000000000004	0.13375045700000002	0.0	0.0	0.0	0.0	0.0
-11.66481042	0.6445200000000001	0.0215045	0.0262477	0.06353114700000001	0.0	0.0	0.0	0.0	0.0
-11.63881042	0.26763000000000003	0.00892953	0.010897800000000001	0.0263790047	0.0	0.0	0.0	0.0	0.0
-11.61281042	0.097112	0.00324075	0.00395443	0.0095737659	0.0	0.0	0.0	0.0	0.0
-11.58581042	0.030798	0.001027627	0.0012542	0.00303609078	0.0	0.0	0.0	0.0	0.0
-11.55981042	0.008536499999999999	0.00028485100000000003	0.00034763999999999997	0.0008414414600000001	0.0	0.0	0.0	0.0	0.0
-11.53381042	0.0020678	6.898599999999999e-05	8.420400000000001e-05	0.000203788845	0.0	0.0	0.0	0.0	0.0
-11.50781042	0.00043769	1.460298e-05	1.78225e-05	4.3145032600000005e-05	0.0	0.0	0.0	0.0	0.0
-11.48181042	8.0952e-05	2.70133e-06	3.29673e-06	7.980346600000001e-06	0.0	0.0	0.0	0.0	0.0
-11.45581042	1.30844e-05	4.3649900000000005e-07	5.3279e-07	1.2900117e-06	0.0	0.0	0.0	0.0	0.0
-11.42981042	1.8479999999999997e-06	6.16548e-08	7.5251e-08	1.82190047e-07	0.0	0.0	0.0	0.0	0.0
-11.403810420000001	2.2803000000000004e-07	7.608760000000002e-09	9.287e-09	2.2484092999999998e-08	0.0	0.0	0.0	0.0	0.0
-11.377810420000001	2.4595000000000003e-08	8.20557e-10	1.00132e-09	2.42437053e-09	0.0	0.0	0.0	0.0	0.0
-11.351810420000001	2.3163000000000004e-09	7.73065e-11	9.433799999999999e-11	2.2833079599999997e-10	0.0	0.0	0.0	0.0	0.0
-11.32481042	1.9069e-10	6.3624700000000005e-12	7.7648e-12	1.87976453e-11	0.0	0.0	0.0	0.0	0.0
-11.29881042	1.37101e-11	4.574420000000001e-13	5.5837e-13	1.35168083e-12	0.0	0.0	0.0	0.0	0.0
-11.27281042	8.6254e-13	2.87759e-14	3.51222e-14	8.5016162e-14	0.0	0.0	0.0	0.0	0.0
-11.246810420000001	5.073400000000001e-14	1.69278e-15	2.06612e-15	5.0018338899999996e-15	0.0	0.0	0.0	0.0	0.0
-11.220810420000001	0.0	0.0	0.0	0.0	0.0	0.0	0.0	0.0	0.0
-11.194810420000001	0.0	0.0	0.0	0.0	0.0	0.0	0.0	0.0	0.0
-11.168810420000002	0.0	0.0	0.0	0.0	0.0	0.0	0.0	0.0	0.0
-11.142810419999998	0.0	0.0	0.0	0.0	0.0	0.0	0.0	0.0	0.0
-11.116810419999998	0.0	0.0	0.0	0.0	0.0	0.0	0.0	0.0	0.0
-11.090810419999999	0.0	0.0	0.0	0.0	0.0	0.0	0.0	0.0	0.0
-11.064810419999999	0.0	0.0	0.0	0.0	0.0	0.0	0.0	0.0	0.0
-11.037810420000001	0.0	0.0	0.0	0.0	0.0	0.0	0.0	0.0	0.0
-11.011810420000002	0.0	0.0	0.0	0.0	0.0	0.0	0.0	0.0	0.0
-10.985810419999998	0.0	0.0	0.0	0.0	0.0	0.0	0.0	0.0	0.0
-10.959810419999998	0.0	0.0	0.0	0.0	0.0	0.0	0.0	0.0	0.0
-10.933810419999999	0.0	0.0	0.0	0.0	0.0	0.0	0.0	0.0	0.0
-10.907810419999999	0.0	0.0	0.0	0.0	0.0	0.0	0.0	0.0	0.0
-10.881810419999999	0.0	0.0	0.0	0.0	0.0	0.0	0.0	0.0	0.0
-10.85581042	0.0	0.0	0.0	0.0	0.0	0.0	0.0	0.0	0.0
-10.82981042	0.0	0.0	0.0	0.0	0.0	0.0	0.0	0.0	0.0
-10.80381042	0.0	0.0	0.0	0.0	0.0	0.0	0.0	0.0	0.0
-10.77681042	0.0	0.0	0.0	0.0	0.0	0.0	0.0	0.0	0.0
-10.75081042	0.0	0.0	0.0	0.0	0.0	0.0	0.0	0.0	0.0
-10.724810419999999	0.0	0.0	0.0	0.0	0.0	0.0	0.0	0.0	0.0
-10.69881042	0.0	0.0	0.0	0.0	0.0	0.0	0.0	0.0	0.0
-10.67281042	0.0	0.0	0.0	0.0	0.0	0.0	0.0	0.0	0.0
-10.64681042	0.0	0.0	0.0	0.0	0.0	0.0	0.0	0.0	0.0
-10.62081042	0.0	0.0	0.0	0.0	0.0	0.0	0.0	0.0	0.0
-10.59481042	0.0	0.0	0.0	0.0	0.0	0.0	0.0	0.0	0.0
-10.56881042	0.0	0.0	0.0	0.0	0.0	0.0	0.0	0.0	0.0
-10.54281042	0.0	0.0	0.0	0.0	0.0	0.0	0.0	0.0	0.0
-10.51681042	0.0	0.0	0.0	0.0	0.0	0.0	0.0	0.0	0.0
-10.48981042	0.0	0.0	0.0	0.0	0.0	0.0	0.0	0.0	0.0
-10.46381042	0.0	0.0	0.0	0.0	0.0	0.0	0.0	0.0	0.0
-10.43781042	0.0	0.0	0.0	0.0	0.0	0.0	0.0	0.0	0.0
-10.41181042	0.0	0.0	0.0	0.0	0.0	0.0	0.0	0.0	0.0
-10.38581042	0.0	0.0	0.0	0.0	0.0	0.0	0.0	0.0	0.0
-10.35981042	0.0	0.0	0.0	0.0	0.0	0.0	0.0	0.0	0.0
-10.33381042	0.0	0.0	0.0	0.0	0.0	0.0	0.0	0.0	0.0
-10.30781042	0.0	0.0	0.0	0.0	0.0	0.0	0.0	0.0	0.0
-10.28181042	0.0	0.0	0.0	0.0	0.0	0.0	0.0	0.0	0.0
-10.25581042	0.0	0.0	0.0	0.0	0.0	0.0	0.0	0.0	0.0
-10.22881042	0.0	0.0	0.0	0.0	0.0	0.0	0.0	0.0	0.0
-10.20281042	0.0	0.0	0.0	0.0	0.0	0.0	0.0	0.0	0.0
-10.17681042	0.0	0.0	0.0	0.0	0.0	0.0	0.0	0.0	0.0
-10.15081042	0.0	0.0	0.0	0.0	0.0	0.0	0.0	0.0	0.0
-10.12481042	0.0	0.0	0.0	0.0	0.0	0.0	0.0	0.0	0.0
-10.09881042	0.0	0.0	0.0	0.0	0.0	0.0	0.0	0.0	0.0
-10.07281042	0.0	0.0	0.0	0.0	0.0	0.0	0.0	0.0	0.0
-10.04681042	0.0	0.0	0.0	0.0	0.0	0.0	0.0	0.0	0.0
-10.02081042	0.0	0.0	0.0	0.0	0.0	0.0	0.0	0.0	0.0
-9.99481042	0.0	0.0	0.0	0.0	0.0	0.0	0.0	0.0	0.0
-9.96881042	0.0	0.0	0.0	0.0	0.0	0.0	0.0	0.0	0.0
-9.94181042	0.0	0.0	0.0	0.0	0.0	0.0	0.0	0.0	0.0
-9.91581042	0.0	0.0	0.0	0.0	0.0	0.0	0.0	0.0	0.0
-9.88981042	0.0	0.0	0.0	0.0	0.0	0.0	0.0	0.0	0.0
-9.86381042	0.0	0.0	0.0	0.0	0.0	0.0	0.0	0.0	0.0
-9.83781042	0.0	0.0	0.0	0.0	0.0	0.0	0.0	0.0	0.0
-9.81181042	0.0	0.0	0.0	0.0	0.0	0.0	0.0	0.0	0.0
-9.78581042	0.0	0.0	0.0	0.0	0.0	0.0	0.0	0.0	0.0
-9.759810419999999	0.0	0.0	0.0	0.0	0.0	0.0	0.0	0.0	0.0
-9.73381042	0.0	0.0	0.0	0.0	0.0	0.0	0.0	0.0	0.0
-9.70781042	0.0	0.0	0.0	0.0	0.0	0.0	0.0	0.0	0.0
-9.68081042	0.0	0.0	0.0	0.0	0.0	0.0	0.0	0.0	0.0
-9.65481042	0.0	0.0	0.0	0.0	0.0	0.0	0.0	0.0	0.0
-9.62881042	0.0	0.0	0.0	0.0	0.0	0.0	0.0	0.0	0.0
-9.602810419999999	0.0	0.0	0.0	0.0	0.0	0.0	0.0	0.0	0.0
-9.57681042	0.0	0.0	0.0	0.0	0.0	0.0	0.0	0.0	0.0
-9.55081042	0.0	0.0	0.0	0.0	0.0	0.0	0.0	0.0	0.0
-9.52481042	0.0	0.0	0.0	0.0	0.0	0.0	0.0	0.0	0.0
-9.49881042	0.0	0.0	0.0	0.0	0.0	0.0	0.0	0.0	0.0
-9.47281042	0.0	0.0	0.0	0.0	0.0	0.0	0.0	0.0	0.0
-9.44681042	0.0	0.0	0.0	0.0	0.0	0.0	0.0	0.0	0.0
-9.42081042	0.0	0.0	0.0	0.0	0.0	0.0	0.0	0.0	0.0
-9.39381042	0.0	0.0	0.0	0.0	0.0	0.0	0.0	0.0	0.0
-9.36781042	0.0	0.0	0.0	0.0	0.0	0.0	0.0	0.0	0.0
-9.34181042	0.0	0.0	0.0	0.0	0.0	0.0	0.0	0.0	0.0
-9.31581042	0.0	0.0	0.0	0.0	0.0	0.0	0.0	0.0	0.0
-9.28981042	0.0	0.0	0.0	0.0	0.0	0.0	0.0	0.0	0.0
-9.26381042	0.0	0.0	0.0	0.0	0.0	0.0	0.0	0.0	0.0
-9.23781042	0.0	0.0	0.0	0.0	0.0	0.0	0.0	0.0	0.0
-9.211810419999999	0.0	0.0	0.0	0.0	0.0	0.0	0.0	0.0	0.0
-9.18581042	0.0	0.0	0.0	0.0	0.0	0.0	0.0	0.0	0.0
-9.15981042	0.0	0.0	0.0	0.0	0.0	0.0	0.0	0.0	0.0
-9.13281042	0.0	0.0	0.0	0.0	0.0	0.0	0.0	0.0	0.0
-9.10681042	0.0	0.0	0.0	0.0	0.0	0.0	0.0	0.0	0.0
-9.08081042	0.0	0.0	0.0	0.0	0.0	0.0	0.0	0.0	0.0
-9.054810419999999	0.0	0.0	0.0	0.0	0.0	0.0	0.0	0.0	0.0
-9.02881042	0.0	0.0	0.0	0.0	0.0	0.0	0.0	0.0	0.0
-9.00281042	0.0	0.0	0.0	0.0	0.0	0.0	0.0	0.0	0.0
-8.97681042	0.0	0.0	0.0	0.0	0.0	0.0	0.0	0.0	0.0
-8.95081042	0.0	0.0	0.0	0.0	0.0	0.0	0.0	0.0	0.0
-8.92481042	0.0	0.0	0.0	0.0	0.0	0.0	0.0	0.0	0.0
-8.89881042	0.0	0.0	0.0	0.0	0.0	0.0	0.0	0.0	0.0
-8.87281042	0.0	0.0	0.0	0.0	0.0	0.0	0.0	0.0	0.0
-8.84581042	0.0	0.0	0.0	0.0	0.0	0.0	0.0	0.0	0.0
-8.81981042	0.0	0.0	0.0	0.0	0.0	0.0	0.0	0.0	0.0
-8.79381042	0.0	0.0	0.0	0.0	0.0	0.0	0.0	0.0	0.0
-8.76781042	0.0	0.0	0.0	0.0	0.0	0.0	0.0	0.0	0.0
-8.74181042	0.0	0.0	0.0	0.0	0.0	0.0	0.0	0.0	0.0
-8.71581042	0.0	0.0	0.0	0.0	0.0	0.0	0.0	0.0	0.0
-8.68981042	0.0	0.0	0.0	0.0	0.0	0.0	0.0	0.0	0.0
-8.663810419999999	0.0	0.0	0.0	0.0	0.0	0.0	0.0	0.0	0.0
-8.63781042	0.0	0.0	0.0	0.0	0.0	0.0	0.0	0.0	0.0
-8.61181042	0.0	0.0	0.0	0.0	0.0	0.0	0.0	0.0	0.0
-8.58481042	0.0	0.0	0.0	0.0	0.0	0.0	0.0	0.0	0.0
-8.55881042	0.0	0.0	0.0	0.0	0.0	0.0	0.0	0.0	0.0
-8.53281042	0.0	0.0	0.0	0.0	0.0	0.0	0.0	0.0	0.0
-8.506810419999999	0.0	0.0	0.0	0.0	0.0	0.0	0.0	0.0	0.0
-8.48081042	0.0	0.0	0.0	0.0	0.0	0.0	0.0	0.0	0.0
-8.45481042	0.0	0.0	0.0	0.0	0.0	0.0	0.0	0.0	0.0
-8.42881042	0.0	0.0	0.0	0.0	0.0	0.0	0.0	0.0	0.0
-8.40281042	0.0	0.0	0.0	0.0	0.0	0.0	0.0	0.0	0.0
-8.37681042	0.0	0.0	0.0	0.0	0.0	0.0	0.0	0.0	0.0
-8.35081042	0.0	0.0	0.0	0.0	0.0	0.0	0.0	0.0	0.0
-8.32481042	0.0	0.0	0.0	0.0	0.0	0.0	0.0	0.0	0.0
-8.29781042	0.0	0.0	0.0	0.0	0.0	0.0	0.0	0.0	0.0
-8.27181042	0.0	0.0	0.0	0.0	0.0	0.0	0.0	0.0	0.0
-8.24581042	0.0	0.0	0.0	0.0	0.0	0.0	0.0	0.0	0.0
-8.21981042	0.0	0.0	0.0	0.0	0.0	0.0	0.0	0.0	0.0
-8.19381042	0.0	0.0	0.0	0.0	0.0	0.0	0.0	0.0	0.0
-8.16781042	0.0	0.0	0.0	0.0	0.0	0.0	0.0	0.0	0.0
-8.14181042	0.0	0.0	0.0	0.0	0.0	0.0	0.0	0.0	0.0
-8.115810419999999	0.0	0.0	0.0	0.0	0.0	0.0	0.0	0.0	0.0
-8.08981042	0.0	0.0	0.0	0.0	0.0	0.0	0.0	0.0	0.0
-8.06381042	0.0	0.0	0.0	0.0	0.0	0.0	0.0	0.0	0.0
-8.03781042	0.0	0.0	0.0	0.0	0.0	0.0	0.0	0.0	0.0
-8.01081042	0.0	0.0	0.0	0.0	0.0	0.0	0.0	0.0	0.0
-7.9848104200000005	0.0	0.0	0.0	0.0	0.0	0.0	0.0	0.0	0.0
-7.958810420000001	0.0	0.0	0.0	0.0	0.0	0.0	0.0	0.0	0.0
-7.932810419999999	0.0	0.0	0.0	0.0	0.0	0.0	0.0	0.0	0.0
-7.906810419999999	0.0	0.0	0.0	0.0	0.0	0.0	0.0	0.0	0.0
-7.8808104199999995	0.0	0.0	0.0	0.0	0.0	0.0	0.0	0.0	0.0
-7.85481042	0.0	0.0	0.0	0.0	0.0	0.0	0.0	0.0	0.0
-7.82881042	0.0	0.0	0.0	0.0	0.0	0.0	0.0	0.0	0.0
-7.80281042	0.0	0.0	0.0	0.0	0.0	0.0	0.0	0.0	0.0
-7.77681042	7.75720010653171e-15	4.496364e-15	6.5823360999999995e-15	2.727322e-16	0.0	0.0	0.0	0.0	0.0
-7.749810419999999	1.38340001899257e-13	8.018984e-14	1.1739002e-13	4.86405e-15	0.0	0.0	0.0	0.0	0.0
-7.7238104199999995	2.3144000317843802e-12	1.3410609999999997e-12	1.9637592999999997e-12	8.137037e-14	0.0	0.0	0.0	0.0	0.0
-7.69781042	3.38160004645563e-11	1.9611242e-11	2.8705454e-11	1.1891346e-12	0.0	0.0	0.0	0.0	0.0
-7.67181042	4.31730005929548e-10	2.50295e-10	3.6642684999999997e-10	1.517944e-11	0.0	0.0	0.0	0.0	0.0
-7.64581042	4.81560006613073e-09	2.7912069999999998e-09	4.0868595e-09	1.6932810000000001e-10	0.0	0.0	0.0	0.0	0.0
-7.61981042	4.69340006444943e-08	2.720478e-08	3.9828223e-08	1.649912e-09	0.0	0.0	0.0	0.0	0.0
-7.5938104200000005	3.99660005488209e-07	2.3161850000000002e-07	3.3905732e-07	1.4049287e-08	0.0	0.0	0.0	0.0	0.0
-7.567810420000001	2.97240004082131e-06	1.7237099e-06	2.5230428e-06	1.0452584e-07	0.0	0.0	0.0	0.0	0.0
-7.541810419999999	1.93270002654136e-05	1.1202951e-05	1.6400072000000003e-05	6.79524e-07	0.0	0.0	0.0	0.0	0.0
-7.515810419999999	0.000109790001507656	6.363706999999999e-05	9.3158195e-05	3.859579e-06	0.0	0.0	0.0	0.0	0.0
-7.4898104199999995	0.00054509000748374	0.0003159387	0.00046250870999999997	1.9160499999999997e-05	0.0	0.0	0.0	0.0	0.0
-7.46281042	0.0023642000324649	0.0013702882999999998	0.0020059411	8.311854000000001e-05	0.0	0.0	0.0	0.0	0.0
-7.4368104200000005	0.0089623001230644	0.005194992999999999	0.0076048633000000004	0.0003150305	0.0	0.0	0.0	0.0	0.0
-7.410810420000001	0.0296950004077127	0.017210828	0.025193170999999997	0.0010437774999999998	0.0	0.0	0.0	0.0	0.0
-7.384810419999999	0.0859610011804054	0.049832230000000005	0.07294561299999999	0.003022019	0.0	0.0	0.0	0.0	0.0
-7.358810419999999	0.217530002986291	0.12608118000000001	0.18454778999999996	0.0076468099999999995	0.0	0.0	0.0	0.0	0.0
-7.3328104199999995	0.481030006605067	0.2788465	0.40816212999999996	0.0169109	0.0	0.0	0.0	0.0	0.0
-7.30681042	0.929770012766792	0.5389252999999999	0.7889148900000001	0.03268484	0.0	0.0	0.0	0.0	0.0
-7.28081042	1.57050002156554	0.9103204	1.3332069999999998	0.055209890000000005	0.0	0.0	0.0	0.0	0.0
-7.25481042	2.31870003184442	1.3436900999999999	1.9677051000000003	0.08152047	0.0	0.0	0.0	0.0	0.0
-7.22881042	2.99240004108151	1.7343868999999998	2.5389896000000003	0.10518828	0.0	0.0	0.0	0.0	0.0
-7.201810419999999	3.37400004634554	1.955979	2.8628638	0.11864327	0.0	0.0	0.0	0.0	0.0
-7.1758104199999995	3.3257000456750303	1.9280051999999999	2.8221433	0.11693113999999999	0.0	0.0	0.0	0.0	0.0
-7.14981042	2.86540003935018	1.6611212	2.4322367	0.10075532	0.0	0.0	0.0	0.0	0.0
-7.12381042	2.15800002963273	1.2507772000000001	1.8308925000000003	0.07586768999999999	0.0	0.0	0.0	0.0	0.0
-7.09781042	1.42030001950396	0.8232262	1.2051413999999998	0.04993436	0.0	0.0	0.0	0.0	0.0
-7.07181042	0.8169000112176039	0.47351439999999995	0.6932147099999999	0.02872019	0.0	0.0	0.0	0.0	0.0
-7.0458104200000005	0.410630005639326	0.238037	0.34852238999999996	0.014439347000000002	0.0	0.0	0.0	0.0	0.0
-7.019810420000001	0.18047000247790101	0.10459697999999999	0.1530883	0.006343639	0.0	0.0	0.0	0.0	0.0
-6.993810419999999	0.0693040009515299	0.04017177	0.058793882000000006	0.0024361279999999996	0.0	0.0	0.0	0.0	0.0
-6.967810419999999	0.023256000319344904	0.01347703	0.019730354999999998	0.0008175963000000001	0.0	0.0	0.0	0.0	0.0
-6.9418104199999995	0.006821200093651839	0.003953336	0.005787740699999999	0.0002397802	0.0	0.0	0.0	0.0	0.0
-6.91481042	0.00174810002400141	0.0010133498	0.0014833888999999999	6.145207e-05	0.0	0.0	0.0	0.0	0.0
-6.88881042	0.000391540005377124	0.00022695189999999998	0.00033223163000000003	1.3766697999999998e-05	0.0	0.0	0.0	0.0	0.0
-6.862810420000001	7.66530010525073e-05	4.442834e-05	6.5032018e-05	2.6943999999999996e-06	0.0	0.0	0.0	0.0	0.0
-6.836810419999999	1.3109000180048101e-05	7.59879e-06	1.1124548999999999e-05	4.6086790000000003e-07	0.0	0.0	0.0	0.0	0.0
-6.810810419999999	1.95950002690264e-06	1.1357052e-06	1.6623954e-06	6.887803e-08	0.0	0.0	0.0	0.0	0.0
-6.7848104199999995	2.55800003513695e-07	1.4835463000000002e-07	2.1715934e-07	8.995911e-09	0.0	0.0	0.0	0.0	0.0
-6.75881042	2.9190000401007498e-08	1.6929767e-08	2.4772554e-08	1.0265359e-09	0.0	0.0	0.0	0.0	0.0
-6.73281042	2.9112000399806603e-09	1.6877103000000003e-09	2.4704626999999994e-09	1.0235239e-10	0.0	0.0	0.0	0.0	0.0
-6.70681042	2.53610003482671e-10	1.4702422e-10	2.1520299e-10	8.915957e-12	0.0	0.0	0.0	0.0	0.0
-6.68081042	1.9302000265083303e-11	1.1187174e-11	1.6375226999999997e-11	6.785434e-13	0.0	0.0	0.0	0.0	0.0
-6.653810419999999	1.28270001761551e-12	7.434175e-13	1.08840227e-12	4.509513e-14	0.0	0.0	0.0	0.0	0.0
-6.627810419999999	7.240800099426261e-14	4.197271e-14	6.1439083e-14	2.5455009999999995e-15	0.0	0.0	0.0	0.0	0.0
-6.60181042	5.17150007101447e-15	2.997906e-15	4.3882944e-15	1.818005e-16	0.0	0.0	0.0	0.0	0.0
-6.57581042	0.0	0.0	0.0	0.0	0.0	0.0	0.0	0.0	0.0
-6.54981042	0.0	0.0	0.0	0.0	0.0	0.0	0.0	0.0	0.0
-6.52381042	0.0	0.0	0.0	0.0	0.0	0.0	0.0	0.0	0.0
-6.49781042	0.0	0.0	0.0	0.0	0.0	0.0	0.0	0.0	0.0
-6.471810420000001	3.51313771e-15	1.8713509999999994e-15	1.3394070000000002e-15	5.248089299999999e-15	0.0	0.0	0.0	0.0	0.0
-6.445810419999999	6.67463125e-14	3.55505e-14	2.545252e-14	9.970575000000001e-14	0.0	0.0	0.0	0.0	0.0
-6.419810419999999	1.131156991e-12	6.02526e-13	4.3133859999999996e-13	1.6896812999999999e-12	0.0	0.0	0.0	0.0	0.0
-6.393810419999999	1.680076385e-11	8.951229999999998e-12	6.40667e-12	2.5096188000000002e-11	0.0	0.0	0.0	0.0	0.0
-6.36681042	2.180435474e-10	1.161292e-10	8.31198e-11	3.2560137e-10	0.0	0.0	0.0	0.0	0.0
-6.34081042	2.471034271e-09	1.3163150000000001e-09	9.42056e-10	3.6904856e-09	0.0	0.0	0.0	0.0	0.0
-6.314810420000001	2.4469771240000003e-08	1.303575e-08	9.32932e-09	3.6550325e-08	0.0	0.0	0.0	0.0	0.0
-6.288810419999999	2.117585086e-07	1.1279109999999997e-07	8.0731e-08	3.1628338e-07	0.0	0.0	0.0	0.0	0.0
-6.262810419999999	1.600464894e-06	8.52753e-07	6.102755999999999e-07	2.3911146e-06	0.0	0.0	0.0	0.0	0.0
-6.236810419999999	1.0575695370000001e-05	5.63466e-06	4.031784e-06	1.5797976e-05	0.0	0.0	0.0	0.0	0.0
-6.21081042	6.10496774e-05	3.25226e-05	2.327603e-05	9.119860999999999e-05	0.0	0.0	0.0	0.0	0.0
-6.18481042	0.00030799970339999997	0.00016406840000000002	0.000117417	0.00045999372	0.0	0.0	0.0	0.0	0.0
-6.15881042	0.001357620391	0.0007231980000000001	0.0005175539000000001	0.0020275408000000003	0.0	0.0	0.0	0.0	0.0
-6.13281042	0.00523056232	0.0027858279999999997	0.0019941760000000003	0.007812384000000001	0.0	0.0	0.0	0.0	0.0
-6.105810419999999	0.01761008882	0.009379229999999999	0.006712898	0.026301262	0.0	0.0	0.0	0.0	0.0
-6.079810419999999	0.0518084202	0.02760107	0.01974986	0.07738465	0.0	0.0	0.0	0.0	0.0
-6.05381042	0.1332069233	0.0709612	0.050788860000000005	0.19899603	0.0	0.0	0.0	0.0	0.0
-6.02781042	0.2992989501	0.1594674	0.1141269	0.44713143	0.0	0.0	0.0	0.0	0.0
-6.00181042	0.587921633	0.31313700000000005	0.22416060000000002	0.8782612999999999	0.0	0.0	0.0	0.0	0.0
-5.97581042	1.009314238	0.5375870000000001	0.3847796	1.5075863	0.0	0.0	0.0	0.0	0.0
-5.94981042	1.5143863579999999	0.80654	0.5772634000000001	2.2614835999999996	0.0	0.0	0.0	0.0	0.0
-5.923810420000001	1.9853682710000002	1.057631	0.7569449999999999	2.9653582999999997	0.0	0.0	0.0	0.0	0.0
-5.897810419999999	2.2754650629999995	1.21221	0.867472	3.3988059999999995	0.0	0.0	0.0	0.0	0.0
-5.871810419999999	2.279774087	1.2141559999999998	0.8689870000000001	3.4038868999999994	0.0	0.0	0.0	0.0	0.0
-5.845810419999999	1.995693334	1.0630830000000002	0.760849	2.9815449	0.0	0.0	0.0	0.0	0.0
-5.81881042	1.526667437	0.81349	0.5821521000000002	2.2807299000000003	0.0	0.0	0.0	0.0	0.0
-5.79281042	1.021352312	0.5440029999999999	0.38937249999999995	1.5255134000000001	0.0	0.0	0.0	0.0	0.0
-5.7668104200000005	0.59693369	0.31805399999999995	0.2275823	0.8917305999999999	0.0	0.0	0.0	0.0	0.0
-5.740810419999999	0.30500248480000003	0.16245289999999998	0.1162768	0.45553775999999996	0.0	0.0	0.0	0.0	0.0
-5.714810419999999	0.1361730416	0.0725444	0.05191699999999999	0.20345169	0.0	0.0	0.0	0.0	0.0
-5.688810419999999	0.053135628399999996	0.028307409999999998	0.020254929999999997	0.07936963000000001	0.0	0.0	0.0	0.0	0.0
-5.66281042	0.018122322	0.009653069999999998	0.006909215999999999	0.027070923	0.0	0.0	0.0	0.0	0.0
-5.63681042	0.00540087338	0.00287679	0.002059315	0.008067609000000002	0.0	0.0	0.0	0.0	0.0
-5.61081042	0.0014068186949999998	0.0007493090000000001	0.0005363235000000002	0.0021012663	0.0	0.0	0.0	0.0	0.0
-5.58481042	0.0003202090788	0.0001705735	0.0001220851	0.00047832433000000006	0.0	0.0	0.0	0.0	0.0
-5.557810419999999	6.36929936e-05	3.39347e-05	2.428363e-05	9.513818000000001e-05	0.0	0.0	0.0	0.0	0.0
-5.531810419999999	1.107078842e-05	5.89692e-06	4.221089e-06	1.6536271999999996e-05	0.0	0.0	0.0	0.0	0.0
-5.5058104199999995	1.681428392e-06	8.957630000000001e-07	6.410985e-07	2.5116341000000003e-06	0.0	0.0	0.0	0.0	0.0
-5.47981042	2.2317597920000003e-07	1.1886869999999999e-07	8.507499999999999e-08	3.333980799999999e-07	0.0	0.0	0.0	0.0	0.0
-5.45381042	2.5882151149999994e-08	1.378472e-08	9.865690000000001e-09	3.8656763e-08	0.0	0.0	0.0	0.0	0.0
-5.42781042	2.62161725e-09	1.396766e-09	9.996889999999998e-10	3.9163291e-09	0.0	0.0	0.0	0.0	0.0
-5.40181042	2.326997e-10	1.2396509999999998e-10	8.8751e-11	3.472824e-10	0.0	0.0	0.0	0.0	0.0
-5.3758104200000005	2.6999849999999998e-11	1.4320200000000001e-11	1.0830199999999999e-11	3.536933e-11	0.0	0.0	0.0	0.0	0.0
-5.349810419999999	1.230785e-10	6.474624000000001e-11	5.41634e-11	1.1705706e-10	0.0	0.0	0.0	0.0	0.0
-5.323810419999999	1.4343599999999998e-09	7.543805299999999e-10	6.3200355e-10	1.3564028999999999e-09	0.0	0.0	0.0	0.0	0.0
-5.297810419999999	1.474848e-08	7.756745e-09	6.4978077000000004e-09	1.3946817999999997e-08	0.0	0.0	0.0	0.0	0.0
-5.27081042	1.3249870000000002e-07	6.968527100000001e-08	5.8376795e-08	1.2529832e-07	0.0	0.0	0.0	0.0	0.0
-5.24481042	1.0401649999999999e-06	5.47048e-07	4.5828806e-07	9.8357119e-07	0.0	0.0	0.0	0.0	0.0
-5.2188104200000005	7.13413e-06	3.7525984e-06	3.1438237000000003e-06	6.7464667999999995e-06	0.0	0.0	0.0	0.0	0.0
-5.192810420000001	4.2760520000000006e-05	2.2491708e-05	1.8837755e-05	4.0431819e-05	0.0	0.0	0.0	0.0	0.0
-5.166810419999999	0.0002239683	0.00011776514	9.867591600000001e-05	0.00021180987	0.0	0.0	0.0	0.0	0.0
-5.140810419999999	0.001025112	0.00053906712	0.0004516482	0.0009693717700000001	0.0	0.0	0.0	0.0	0.0
-5.1148104199999995	0.004099983	0.0021562605000000003	0.0018065904	0.003877474900000001	0.0	0.0	0.0	0.0	0.0
-5.08881042	0.014330200000000001	0.007537050500000001	0.0063145429	0.013551683	0.0	0.0	0.0	0.0	0.0
-5.06281042	0.0437781	0.023027267	0.019287518999999996	0.041388813999999996	0.0	0.0	0.0	0.0	0.0
-5.03681042	0.11685790000000001	0.06146185400000001	0.05148708799999999	0.11051043099999998	0.0	0.0	0.0	0.0	0.0
-5.009810419999999	0.2726554	0.14335399	0.12012006100000001	0.25784001	0.0	0.0	0.0	0.0	0.0
-4.983810419999999	0.555999	0.29239061	0.24495316999999997	0.5258452100000001	0.0	0.0	0.0	0.0	0.0
-4.9578104199999995	0.990915	0.52113511	0.4365424	0.9370599399999999	0.0	0.0	0.0	0.0	0.0
-4.93181042	1.543375	0.8117615199999999	0.6800970900000001	1.4592105999999998	0.0	0.0	0.0	0.0	0.0
-4.90581042	2.101265	1.1054232	0.9258038000000001	1.9873046	0.0	0.0	0.0	0.0	0.0
-4.87981042	2.500212	1.3153596000000003	1.1015326799999998	2.3647583	0.0	0.0	0.0	0.0	0.0
-4.85381042	2.6001600000000007	1.3678565	1.14547773	2.4591277	0.0	0.0	0.0	0.0	0.0
-4.8278104200000005	2.363462	1.2432066000000002	1.0413089700000002	2.2355046	0.0	0.0	0.0	0.0	0.0
-4.801810420000001	1.8775579999999998	0.9874811	0.82731995	1.7755348	0.0	0.0	0.0	0.0	0.0
-4.775810419999999	1.30362	0.6856914599999999	0.57443655	1.23280673	0.0	0.0	0.0	0.0	0.0
-4.749810419999999	0.79122	0.41605939999999997	0.3485699	0.7482218399999999	0.0	0.0	0.0	0.0	0.0
-4.72281042	0.4195311	0.22065861	0.18494226700000002	0.39690519999999996	0.0	0.0	0.0	0.0	0.0
-4.69681042	0.19452999999999998	0.10231161	0.08571110399999998	0.18394401	0.0	0.0	0.0	0.0	0.0
-4.6708104200000005	0.0788122	0.041452322	0.034728073000000005	0.07453483100000001	0.0	0.0	0.0	0.0	0.0
-4.644810420000001	0.027905049999999997	0.014674127000000002	0.012290773099999997	0.026392218000000002	0.0	0.0	0.0	0.0	0.0
-4.618810419999999	0.008636060000000001	0.004541046399999999	0.003804978	0.008166584000000001	0.0	0.0	0.0	0.0	0.0
-4.592810419999999	0.002335208	0.0012279560000000003	0.00102888951	0.0022081537	0.0	0.0	0.0	0.0	0.0
-4.5668104199999995	0.000551806	0.00029020637	0.00024313088	0.0005219362	0.0	0.0	0.0	0.0	0.0
-4.54081042	0.00011397910000000001	5.9941884e-05	5.022295e-05	0.00010778281699999997	0.0	0.0	0.0	0.0	0.0
-4.51481042	2.056881e-05	1.0817466000000001e-05	9.062973599999999e-06	1.9452288e-05	0.0	0.0	0.0	0.0	0.0
-4.48881042	3.243693e-06	1.7057842000000003e-06	1.42940226e-06	3.0675143999999996e-06	0.0	0.0	0.0	0.0	0.0
-4.461810419999999	4.469718e-07	2.3508620999999999e-07	1.9694692999999998e-07	4.2263463000000003e-07	0.0	0.0	0.0	0.0	0.0
-4.435810419999999	5.3819200000000005e-08	2.8309057e-08	2.3713147e-08	5.089696099999999e-08	0.0	0.0	0.0	0.0	0.0
-4.4098104199999995	5.68995e-09	2.9880175e-09	2.509576e-09	5.354362999999999e-09	0.0	0.0	0.0	0.0	0.0
-4.38381042	8.916850000000001e-10	4.0537e-10	4.207534e-10	4.979876e-10	0.0	0.0	0.0	0.0	0.0
-4.35781042	4.27129925e-09	1.5220085e-09	2.1995894100000003e-09	1.064302e-10	0.0	0.0	0.0	0.0	0.0
-4.33181042	4.2096870213e-08	1.4932103e-08	2.171893766e-08	6.68781e-10	0.0	0.0	0.0	0.0	0.0
-4.30581042	3.661701178599999e-07	1.2985021e-07	1.8883660620000003e-07	5.791560000000001e-09	0.0	0.0	0.0	0.0	0.0
-4.2798104200000004	2.7825004956089996e-06	9.867032e-07	1.435121994e-06	4.4013399999999994e-08	0.0	0.0	0.0	0.0	0.0
-4.253810420000001	1.8476003271600002e-05	6.5523969999999994e-06	9.52893414e-06	2.92258e-07	0.0	0.0	0.0	0.0	0.0
-4.227810419999999	0.0001072000189869	3.8021989999999995e-05	5.528946649999999e-05	1.6957540000000001e-06	0.0	0.0	0.0	0.0	0.0
-4.201810419999999	0.0005434700962473	0.00019278400000000002	0.000280344943	8.59788e-06	0.0	0.0	0.0	0.0	0.0
-4.17481042	0.002408200426434	0.0008540112000000001	0.001242007741	3.80914e-05	0.0	0.0	0.0	0.0	0.0
-4.14881042	0.00932500165079	0.003306999	0.004809593839999999	0.0001474904	0.0	0.0	0.0	0.0	0.0
-4.12281042	0.03154700558765	0.0111887	0.01627405043	0.000499124	0.0	0.0	0.0	0.0	0.0
-4.096810420000001	0.0933100165183	0.03308654	0.048127643600000006	0.001475848	0.0	0.0	0.0	0.0	0.0
-4.070810419999999	0.24113004270509997	0.08551898	0.12436779480000001	0.0038139499999999995	0.0	0.0	0.0	0.0	0.0
-4.044810419999999	0.5445900964433	0.1931299	0.280943035	0.00861595	0.0	0.0	0.0	0.0	0.0
-4.018810419999999	1.075200190387	0.38129139999999995	0.554579921	0.017007929999999997	0.0	0.0	0.0	0.0	0.0
-3.9928104199999996	1.8550003285030001	0.6578122000000001	0.9566779289999999	0.0293453	0.0	0.0	0.0	0.0	0.0
-3.96681042	2.7975004953319997	0.9919469999999999	1.4427901229999998	0.044253299999999995	0.0	0.0	0.0	0.0	0.0
-3.94081042	3.686700652874	1.3074748999999999	1.9017880109999998	0.0583061	0.0	0.0	0.0	0.0	0.0
-3.913810419999999	4.246000752043	1.5060442	2.190283337	0.0671746	0.0	0.0	0.0	0.0	0.0
-3.887810419999999	4.276200757104	1.5161997000000003	2.205385695	0.0676294	0.0	0.0	0.0	0.0	0.0
-3.8618104199999994	3.7623006661970004	1.3342182000000002	1.940244163	0.059512799999999984	0.0	0.0	0.0	0.0	0.0
-3.8358104199999996	2.893300512382	1.0260603000000001	1.492354917	0.045778299999999994	0.0	0.0	0.0	0.0	0.0
-3.80981042	1.9451003444119999	0.6897773000000001	1.00320221	0.030770800000000004	0.0	0.0	0.0	0.0	0.0
-3.78381042	1.14260020237	0.4052486	0.5893383870000001	0.0180775	0.0	0.0	0.0	0.0	0.0
-3.75781042	0.586760103922	0.20803770000000002	0.30261943999999996	0.009281850000000001	0.0	0.0	0.0	0.0	0.0
-3.7318104200000004	0.2633200466313	0.09337828999999999	0.13581438940000004	0.00416522	0.0	0.0	0.0	0.0	0.0
-3.7058104200000006	0.10327001828469998	0.03662255000000001	0.053263449600000005	0.001633722	0.0	0.0	0.0	0.0	0.0
-3.679810419999999	0.035401006268450004	0.012554141	0.01825776217	0.000559961	0.0	0.0	0.0	0.0	0.0
-3.6538104199999992	0.010605001878040001	0.0037616060000000007	0.00547014732	0.00016774930000000002	0.0	0.0	0.0	0.0	0.0
-3.62681042	0.002776200491615	0.0009845751	0.001431971481	4.3915e-05	0.0	0.0	0.0	0.0	0.0
-3.60081042	0.0006351101124960001	0.0002252285	0.000327621347	1.0046829999999999e-05	0.0	0.0	0.0	0.0	0.0
-3.5748104200000004	0.0001269800224889	4.502696e-05	6.549736529999999e-05	2.008662e-06	0.0	0.0	0.0	0.0	0.0
-3.5488104200000006	2.21840039286e-05	7.867521e-06	1.14413636e-05	3.50877e-07	0.0	0.0	0.0	0.0	0.0
-3.522810419999999	3.386500599674e-06	1.2008919e-06	1.746493808e-06	5.3576599999999995e-08	0.0	0.0	0.0	0.0	0.0
-3.496810419999999	4.516900799972e-07	1.6022616e-07	2.3304451809999997e-07	7.1464300000000005e-09	0.0	0.0	0.0	0.0	0.0
-3.4708104199999994	5.2644009324130006e-08	1.8674436000000002e-08	2.7152656799999998e-08	8.328640000000001e-10	0.0	0.0	0.0	0.0	0.0
-3.4448104199999996	5.361900949553999e-09	1.9016609999999997e-09	2.7654534800000004e-09	8.48213e-11	0.0	0.0	0.0	0.0	0.0
-3.41881042	4.77100084491e-10	1.6921767000000002e-10	2.4604956909999993e-10	7.547989999999999e-12	0.0	0.0	0.0	0.0	0.0
-3.39281042	3.709100656803e-11	1.3153910999999999e-11	1.9128298559999998e-11	5.867850000000001e-13	0.0	0.0	0.0	0.0	0.0
-3.365810419999999	2.517800445855e-12	8.928339999999999e-13	1.2986055620000001e-12	3.98281e-14	0.0	0.0	0.0	0.0	0.0
-3.339810419999999	1.51200026776e-13	5.362317999999999e-14	7.7982624e-14	2.3918139999999998e-15	0.0	0.0	0.0	0.0	0.0
-3.3138104199999994	6.57440116421e-15	2.331283e-15	3.3908814200000005e-15	1.0399100000000002e-16	0.0	0.0	0.0	0.0	0.0
-3.2878104199999996	0.0	0.0	0.0	0.0	0.0	0.0	0.0	0.0	0.0
-3.2618104199999998	0.0	0.0	0.0	0.0	0.0	0.0	0.0	0.0	0.0
-3.23581042	0.0	0.0	0.0	0.0	0.0	0.0	0.0	0.0	0.0
-3.20981042	0.0	0.0	0.0	0.0	0.0	0.0	0.0	0.0	0.0
-3.1838104200000004	0.0	0.0	0.0	0.0	0.0	0.0	0.0	0.0	0.0
-3.1578104200000006	0.0	0.0	0.0	0.0	0.0	0.0	0.0	0.0	0.0
-3.131810419999999	0.0	0.0	0.0	0.0	0.0	0.0	0.0	0.0	0.0
-3.105810419999999	0.0	0.0	0.0	0.0	0.0	0.0	0.0	0.0	0.0
-3.07881042	0.0	0.0	0.0	0.0	0.0	0.0	0.0	0.0	0.0
-3.05281042	0.0	0.0	0.0	0.0	0.0	0.0	0.0	0.0	0.0
-3.0268104200000003	0.0	0.0	0.0	0.0	0.0	0.0	0.0	0.0	0.0
-3.0008104200000005	0.0	0.0	0.0	0.0	0.0	0.0	0.0	0.0	0.0
-2.974810419999999	0.0	0.0	0.0	0.0	0.0	0.0	0.0	0.0	0.0
-2.948810419999999	0.0	0.0	0.0	0.0	0.0	0.0	0.0	0.0	0.0
-2.9228104199999994	0.0	0.0	0.0	0.0	0.0	0.0	0.0	0.0	0.0
-2.8968104199999996	0.0	0.0	0.0	0.0	0.0	0.0	0.0	0.0	0.0
-2.8708104199999998	0.0	0.0	0.0	0.0	0.0	0.0	0.0	0.0	0.0
-2.84481042	0.0	0.0	0.0	0.0	0.0	0.0	0.0	0.0	0.0
-2.81781042	0.0	0.0	0.0	0.0	0.0	0.0	0.0	0.0	0.0
-2.79181042	0.0	0.0	0.0	0.0	0.0	0.0	0.0	0.0	0.0
-2.76581042	0.0	0.0	0.0	0.0	0.0	0.0	0.0	0.0	0.0
-2.7398104199999995	0.0	0.0	0.0	0.0	0.0	0.0	0.0	0.0	0.0
-2.7138104199999997	0.0	0.0	0.0	0.0	0.0	0.0	0.0	0.0	0.0
-2.68781042	0.0	0.0	0.0	0.0	0.0	0.0	0.0	0.0	0.0
-2.66181042	0.0	0.0	0.0	0.0	0.0	0.0	0.0	0.0	0.0
-2.6358104199999994	0.0	0.0	0.0	0.0	0.0	0.0	0.0	0.0	0.0
-2.6098104199999996	0.0	0.0	0.0	0.0	0.0	0.0	0.0	0.0	0.0
-2.58381042	0.0	0.0	0.0	0.0	0.0	0.0	0.0	0.0	0.0
-2.55781042	0.0	0.0	0.0	0.0	0.0	0.0	0.0	0.0	0.0
-2.53081042	0.0	0.0	0.0	0.0	0.0	0.0	0.0	0.0	0.0
-2.50481042	0.0	0.0	0.0	0.0	0.0	0.0	0.0	0.0	0.0
-2.4788104199999994	0.0	0.0	0.0	0.0	0.0	0.0	0.0	0.0	0.0
-2.4528104199999996	0.0	0.0	0.0	0.0	0.0	0.0	0.0	0.0	0.0
-2.42681042	0.0	0.0	0.0	0.0	0.0	0.0	0.0	0.0	0.0
-2.40081042	0.0	0.0	0.0	0.0	0.0	0.0	0.0	0.0	0.0
-2.37481042	0.0	0.0	0.0	0.0	0.0	0.0	0.0	0.0	0.0
-2.3488104199999995	0.0	0.0	0.0	0.0	0.0	0.0	0.0	0.0	0.0
-2.3228104199999997	0.0	0.0	0.0	0.0	0.0	0.0	0.0	0.0	0.0
-2.29681042	0.0	0.0	0.0	0.0	0.0	0.0	0.0	0.0	0.0
-2.2698104199999998	0.0	0.0	0.0	0.0	0.0	0.0	0.0	0.0	0.0
-2.24381042	0.0	0.0	0.0	0.0	0.0	0.0	0.0	0.0	0.0
-2.21781042	0.0	0.0	0.0	0.0	0.0	0.0	0.0	0.0	0.0
-2.1918104199999995	0.0	0.0	0.0	0.0	0.0	0.0	0.0	0.0	0.0
-2.1658104199999997	0.0	0.0	0.0	0.0	0.0	0.0	0.0	0.0	0.0
-2.13981042	0.0	0.0	0.0	0.0	0.0	0.0	0.0	0.0	0.0
-2.11381042	0.0	0.0	0.0	0.0	0.0	0.0	0.0	0.0	0.0
-2.0878104200000003	0.0	0.0	0.0	0.0	0.0	0.0	0.0	0.0	0.0
-2.0618104199999996	0.0	0.0	0.0	0.0	0.0	0.0	0.0	0.0	0.0
-2.03581042	0.0	0.0	0.0	0.0	0.0	0.0	0.0	0.0	0.0
-2.00981042	0.0	0.0	0.0	0.0	0.0	0.0	0.0	0.0	0.0
-1.9828104199999999	0.0	0.0	0.0	0.0	0.0	0.0	0.0	0.0	0.0
-1.95681042	0.0	0.0	0.0	0.0	0.0	0.0	0.0	0.0	0.0
-1.9308104200000002	0.0	0.0	0.0	0.0	0.0	0.0	0.0	0.0	0.0
-1.9048104199999996	0.0	0.0	0.0	0.0	0.0	0.0	0.0	0.0	0.0
-1.8788104199999998	0.0	0.0	0.0	0.0	0.0	0.0	0.0	0.0	0.0
-1.85281042	0.0	0.0	0.0	0.0	0.0	0.0	0.0	0.0	0.0
-1.8268104200000002	0.0	0.0	0.0	0.0	0.0	0.0	0.0	0.0	0.0
-1.8008104199999995	0.0	0.0	0.0	0.0	0.0	0.0	0.0	0.0	0.0
-1.7748104199999997	0.0	0.0	0.0	0.0	0.0	0.0	0.0	0.0	0.0
-1.7488104199999999	0.0	0.0	0.0	0.0	0.0	0.0	0.0	0.0	0.0
-1.7218104199999997	0.0	0.0	0.0	0.0	0.0	0.0	0.0	0.0	0.0
-1.69581042	0.0	0.0	0.0	0.0	0.0	0.0	0.0	0.0	0.0
-1.6698104200000001	0.0	0.0	0.0	0.0	0.0	0.0	0.0	0.0	0.0
-1.6438104199999994	0.0	0.0	0.0	0.0	0.0	0.0	0.0	0.0	0.0
-1.6178104199999996	0.0	0.0	0.0	0.0	0.0	0.0	0.0	0.0	0.0
-1.5918104199999998	0.0	0.0	0.0	0.0	0.0	0.0	0.0	0.0	0.0
-1.56581042	0.0	0.0	0.0	0.0	0.0	0.0	0.0	0.0	0.0
-1.5398104200000002	0.0	0.0	0.0	0.0	0.0	0.0	0.0	0.0	0.0
-1.5138104199999995	0.0	0.0	0.0	0.0	0.0	0.0	0.0	0.0	0.0
-1.4878104199999997	0.0	0.0	0.0	0.0	0.0	0.0	0.0	0.0	0.0
-1.46181042	0.0	0.0	0.0	0.0	0.0	0.0	0.0	0.0	0.0
-1.4348104199999998	0.0	0.0	0.0	0.0	0.0	0.0	0.0	0.0	0.0
-1.40881042	0.0	0.0	0.0	0.0	0.0	0.0	0.0	0.0	0.0
-1.3828104200000002	0.0	0.0	0.0	0.0	0.0	0.0	0.0	0.0	0.0
-1.3568104199999995	0.0	0.0	0.0	0.0	0.0	0.0	0.0	0.0	0.0
-1.3308104199999997	0.0	0.0	0.0	0.0	0.0	0.0	0.0	0.0	0.0
-1.30481042	0.0	0.0	0.0	0.0	0.0	0.0	0.0	0.0	0.0
-1.2788104200000001	0.0	0.0	0.0	0.0	0.0	0.0	0.0	0.0	0.0
-1.2528104199999994	0.0	0.0	0.0	0.0	0.0	0.0	0.0	0.0	0.0
-1.2268104199999996	0.0	0.0	0.0	0.0	0.0	0.0	0.0	0.0	0.0
-1.2008104199999998	0.0	0.0	0.0	0.0	0.0	0.0	0.0	0.0	0.0
-1.1738104199999997	0.0	0.0	0.0	0.0	0.0	0.0	0.0	0.0	0.0
-1.1478104199999999	0.0	0.0	0.0	0.0	0.0	0.0	0.0	0.0	0.0
-1.12181042	0.0	0.0	0.0	0.0	0.0	0.0	0.0	0.0	0.0
-1.0958104199999994	0.0	0.0	0.0	0.0	0.0	0.0	0.0	0.0	0.0
-1.0698104199999996	5.908489999999999e-16	1.1018298e-15	6.196733999999999e-16	3.3362566e-16	0.0	0.0	0.0	0.0	0.0
-1.0438104199999998	1.0045140000000001e-14	1.8737694e-14	1.0534206e-14	5.672765299999999e-15	0.0	0.0	0.0	0.0	0.0
-1.01781042	1.79636e-13	3.3502267e-13	1.8843010999999995e-13	1.0142921999999999e-13	0.0	0.0	0.0	0.0	0.0
-0.9918104200000002	2.8596800000000006e-12	5.334206000000001e-12	2.9990686000000005e-12	1.6145553e-12	0.0	0.0	0.0	0.0	0.0
-0.9658104199999995	3.97853e-11	7.420977e-11	4.1725699999999994e-11	2.2466583000000003e-11	0.0	0.0	0.0	0.0	0.0
-0.9398104199999997	4.834660000000001e-10	9.017471000000001e-10	5.070011999999999e-10	2.7298388000000004e-10	0.0	0.0	0.0	0.0	0.0
-0.9138104199999999	5.133330000000001e-09	9.574282e-09	5.383302999999999e-09	2.8985739e-09	0.0	0.0	0.0	0.0	0.0
-0.8868104199999998	4.76186e-08	8.880981e-08	4.993644e-08	2.6890813e-08	0.0	0.0	0.0	0.0	0.0
-0.86081042	3.85959e-07	7.198221999999999e-07	4.0470160000000005e-07	2.1789545999999998e-07	0.0	0.0	0.0	0.0	0.0
-0.8348104200000002	2.7333699999999995e-06	5.098372999999999e-06	2.8669033999999997e-06	1.5431003000000001e-06	0.0	0.0	0.0	0.0	0.0
-0.8088104199999995	1.69166e-05	3.1547458e-05	1.7740656e-05	9.5516924e-06	0.0	0.0	0.0	0.0	0.0
-0.7828104199999997	9.14811e-05	0.00017056892999999998	9.593001000000001e-05	5.1651537999999996e-05	0.0	0.0	0.0	0.0	0.0
-0.7568104199999999	0.00043225399999999997	0.0008063055	0.00045329560000000003	0.00024413305	0.0	0.0	0.0	0.0	0.0
-0.7308104200000001	0.00178526	0.0033294503	0.0018722997999999996	0.00100801587	0.0	0.0	0.0	0.0	0.0
-0.7048104200000003	0.00644331	0.012012076999999998	0.006755727	0.0036380948	0.0	0.0	0.0	0.0	0.0
-0.6788104199999996	0.020320299999999996	0.037902147	0.021310371	0.0114730644	0.0	0.0	0.0	0.0	0.0
-0.6528104199999998	0.0560062	0.10445757999999998	0.058734760000000004	0.03162365	0.0	0.0	0.0	0.0	0.0
-0.6258104199999996	0.134914	0.251596	0.14148803999999998	0.07617590399999999	0.0	0.0	0.0	0.0	0.0
-0.5998104199999998	0.28400000000000003	0.529726	0.29782735999999993	0.16034864000000001	0.0	0.0	0.0	0.0	0.0
-0.57381042	0.522622	0.9748022000000001	0.5480498999999999	0.29514993	0.0	0.0	0.0	0.0	0.0
-0.5478104200000002	0.8405170000000001	1.5680283000000002	0.8814584999999999	0.47459697	0.0	0.0	0.0	0.0	0.0
-0.5218104199999996	1.18147	2.2035435	1.2390938999999999	0.6671051	0.0	0.0	0.0	0.0	0.0
-0.49581041999999975	1.45125	2.7070089000000004	1.5218901999999999	0.8194887700000001	0.0	0.0	0.0	0.0	0.0
-0.46981041999999995	1.5583700000000003	2.9067977	1.6343194000000003	0.8799847300000001	0.0	0.0	0.0	0.0	0.0
-0.44381042000000015	1.4623499999999998	2.7276752	1.5338585000000002	0.8257550000000001	0.0	0.0	0.0	0.0	0.0
-0.41781041999999946	1.1995000000000002	2.2373745	1.2576992999999999	0.67733076	0.0	0.0	0.0	0.0	0.0
-0.39181041999999966	0.859953	1.6040739	0.9017726999999999	0.48556529000000004	0.0	0.0	0.0	0.0	0.0
-0.36581041999999986	0.538848	1.0049275	0.5649828	0.30416949	0.0	0.0	0.0	0.0	0.0
-0.3388104199999997	0.295065	0.5503496	0.30939627999999997	0.16661875999999998	0.0	0.0	0.0	0.0	0.0
-0.3128104199999999	0.141222	0.26337945999999995	0.14804304000000001	0.07973711199999999	0.0	0.0	0.0	0.0	0.0
-0.2868104200000001	0.0590676	0.11017877000000001	0.061945309999999996	0.033350235000000006	0.0	0.0	0.0	0.0	0.0
-0.26081041999999943	0.0215935	0.040271585000000006	0.022642374999999996	0.012193923	0.0	0.0	0.0	0.0	0.0
-0.23481041999999963	0.0068991	0.012863815	0.007234925	0.0038956013999999995	0.0	0.0	0.0	0.0	0.0
-0.20881041999999983	0.0019263099999999999	0.0035925894999999995	0.0020197073000000005	0.0010877621499999998	0.0	0.0	0.0	0.0	0.0
-0.18281042000000003	0.000470077	0.0008766339000000001	0.0004929156000000001	0.00026545114	0.0	0.0	0.0	0.0	0.0
-0.15681042000000023	0.0001002292	0.00018694504999999998	0.00010510168999999999	5.6593312e-05	0.0	0.0	0.0	0.0	0.0
-0.13081041999999954	1.8676499999999996e-05	3.483380500000001e-05	1.9585636000000003e-05	1.0544761699999999e-05	0.0	0.0	0.0	0.0	0.0
-0.10481041999999974	3.0404199999999994e-06	5.671695e-06	3.188957e-06	1.7168299e-06	0.0	0.0	0.0	0.0	0.0
-0.0778104199999996	4.32658e-07	8.069603e-07	4.5372780000000004e-07	2.4427557e-07	0.0	0.0	0.0	0.0	0.0
-0.0518104199999998	5.37869e-08	1.0031961e-07	5.6409649999999995e-08	3.0367615e-08	0.0	0.0	0.0	0.0	0.0
-0.02581042	5.841850000000001e-09	1.0896791999999998e-08	6.126914e-09	3.2990684e-09	0.0	0.0	0.0	0.0	0.0
0.00018957999999980046	5.54549e-10	1.0342085999999999e-09	5.814620999999999e-10	3.1315454e-10	0.0	0.0	0.0	0.0	0.0
0.02618958000000049	4.5989899999999995e-11	8.576292e-11	4.8221090000000005e-11	2.5966826e-11	0.0	0.0	0.0	0.0	0.0
0.05218958000000029	3.3318200000000002e-12	6.214317999999999e-12	3.493624e-12	1.8808036e-12	0.0	0.0	0.0	0.0	0.0
0.07818958000000009	2.1154300000000002e-13	3.9453082999999995e-13	2.2183883000000001e-13	1.1945183e-13	0.0	0.0	0.0	0.0	0.0
0.10418957999999989	1.1819100000000001e-14	2.2046696000000003e-14	1.239148e-14	6.6735532e-15	0.0	0.0	0.0	0.0	0.0
0.13018958000000058	0.0	0.0	0.0	0.0	0.0	0.0	0.0	0.0	0.0
0.15618958000000038	0.0	0.0	0.0	0.0	0.0	0.0	0.0	0.0	0.0
0.18218958000000018	0.0	0.0	0.0	0.0	0.0	0.0	0.0	0.0	0.0
0.20918958000000032	0.0	0.0	0.0	0.0	0.0	0.0	0.0	0.0	0.0
0.23518958000000012	0.0	0.0	0.0	0.0	0.0	0.0	0.0	0.0	0.0
0.2611895799999999	0.0	0.0	0.0	0.0	0.0	0.0	0.0	0.0	0.0
0.2871895799999997	0.0	0.0	0.0	0.0	0.0	0.0	0.0	0.0	0.0
0.3131895800000004	0.0	0.0	0.0	0.0	0.0	0.0	0.0	0.0	0.0
0.3391895800000002	0.0	0.0	0.0	0.0	0.0	0.0	0.0	0.0	0.0
0.36518958	0.0	0.0	0.0	0.0	0.0	0.0	0.0	0.0	0.0
0.3911895799999998	0.0	0.0	0.0	0.0	0.0	0.0	0.0	0.0	0.0
0.4171895800000005	0.0	0.0	0.0	0.0	0.0	0.0	0.0	0.0	0.0
0.4431895800000003	0.0	0.0	0.0	0.0	0.0	0.0	0.0	0.0	0.0
0.47018958000000044	0.0	0.0	0.0	0.0	0.0	0.0	0.0	0.0	0.0
0.49618958000000024	0.0	0.0	0.0	0.0	0.0	0.0	0.0	0.0	0.0
0.52218958	0.0	0.0	0.0	0.0	0.0	0.0	0.0	0.0	0.0
0.5481895799999998	0.0	0.0	0.0	0.0	0.0	0.0	0.0	0.0	0.0
0.5741895800000005	0.0	0.0	0.0	0.0	0.0	0.0	0.0	0.0	0.0
0.6001895800000003	0.0	0.0	0.0	0.0	0.0	0.0	0.0	0.0	0.0
0.6261895800000001	0.0	0.0	0.0	0.0	0.0	0.0	0.0	0.0	0.0
0.6521895799999999	0.0	0.0	0.0	0.0	0.0	0.0	0.0	0.0	0.0
0.6781895799999997	0.0	0.0	0.0	0.0	0.0	0.0	0.0	0.0	0.0
0.7041895800000004	0.0	0.0	0.0	0.0	0.0	0.0	0.0	0.0	0.0
0.7301895800000002	0.0	0.0	0.0	0.0	0.0	0.0	0.0	0.0	0.0
0.7571895800000004	0.0	0.0	0.0	0.0	0.0	0.0	0.0	0.0	0.0
0.7831895800000002	0.0	0.0	0.0	0.0	0.0	0.0	0.0	0.0	0.0
0.80918958	0.0	0.0	0.0	0.0	0.0	0.0	0.0	0.0	0.0
0.8351895799999998	0.0	0.0	0.0	0.0	0.0	0.0	0.0	0.0	0.0
0.8611895800000005	0.0	0.0	0.0	0.0	0.0	0.0	0.0	0.0	0.0
0.8871895800000003	0.0	0.0	0.0	0.0	0.0	0.0	0.0	0.0	0.0
0.9131895800000001	0.0	0.0	0.0	0.0	0.0	0.0	0.0	0.0	0.0
0.9391895799999999	0.0	0.0	0.0	0.0	0.0	0.0	0.0	0.0	0.0
0.9651895800000005	0.0	0.0	0.0	0.0	0.0	0.0	0.0	0.0	0.0
0.9911895800000003	0.0	0.0	0.0	0.0	0.0	0.0	0.0	0.0	0.0
1.0181895800000005	0.0	0.0	0.0	0.0	0.0	0.0	0.0	0.0	0.0
1.0441895800000003	0.0	0.0	0.0	0.0	0.0	0.0	0.0	0.0	0.0
1.07018958	0.0	0.0	0.0	0.0	0.0	0.0	0.0	0.0	0.0
1.0961895799999999	0.0	0.0	0.0	0.0	0.0	0.0	0.0	0.0	0.0
1.1221895800000006	0.0	0.0	0.0	0.0	0.0	0.0	0.0	0.0	0.0
1.1481895800000004	0.0	0.0	0.0	0.0	0.0	0.0	0.0	0.0	0.0
1.1741895800000002	0.0	0.0	0.0	0.0	0.0	0.0	0.0	0.0	0.0
1.20018958	0.0	0.0	0.0	0.0	0.0	0.0	0.0	0.0	0.0
1.2261895800000002	0.0	0.0	0.0	0.0	0.0	0.0	0.0	0.0	0.0
1.25218958	0.0	0.0	0.0	0.0	0.0	0.0	0.0	0.0	0.0
1.2781895800000003	0.0	0.0	0.0	0.0	0.0	0.0	0.0	0.0	0.0
1.30518958	0.0	0.0	0.0	0.0	0.0	0.0	0.0	0.0	0.0
1.3311895800000002	0.0	0.0	0.0	0.0	0.0	0.0	0.0	0.0	0.0
1.35718958	0.0	0.0	0.0	0.0	0.0	0.0	0.0	0.0	0.0
1.3831895800000003	0.0	0.0	0.0	0.0	0.0	0.0	0.0	0.0	0.0
1.40918958	0.0	0.0	0.0	0.0	0.0	0.0	0.0	0.0	0.0
1.4351895800000003	0.0	0.0	0.0	0.0	0.0	0.0	0.0	0.0	0.0
1.46118958	0.0	0.0	0.0	0.0	0.0	0.0	0.0	0.0	0.0
1.4871895800000003	0.0	0.0	0.0	0.0	0.0	0.0	0.0	0.0	0.0
1.5131895800000001	0.0	0.0	0.0	0.0	0.0	0.0	0.0	0.0	0.0
1.53918958	0.0	0.0	0.0	0.0	0.0	0.0	0.0	0.0	0.0
1.56618958	0.0	0.0	0.0	0.0	0.0	0.0	0.0	0.0	0.0
1.5921895800000003	0.0	0.0	0.0	0.0	0.0	0.0	0.0	0.0	0.0
1.6181895800000001	0.0	0.0	0.0	0.0	0.0	0.0	0.0	0.0	0.0
1.6441895800000004	0.0	0.0	0.0	0.0	0.0	0.0	0.0	0.0	0.0
1.6701895800000002	0.0	0.0	0.0	0.0	0.0	0.0	0.0	0.0	0.0
1.69618958	0.0	0.0	0.0	0.0	0.0	0.0	0.0	0.0	0.0
1.7221895800000002	0.0	0.0	0.0	0.0	0.0	0.0	0.0	0.0	0.0
1.74818958	0.0	0.0	0.0	0.0	0.0	0.0	0.0	0.0	0.0
1.7741895800000003	0.0	0.0	0.0	0.0	0.0	0.0	0.0	0.0	0.0
1.80018958	0.0	0.0	0.0	0.0	0.0	0.0	0.0	0.0	0.0
1.8261895800000003	0.0	0.0	0.0	0.0	0.0	0.0	0.0	0.0	0.0
1.85318958	0.0	0.0	0.0	0.0	0.0	0.0	0.0	0.0	0.0
1.8791895800000002	0.0	0.0	0.0	0.0	0.0	0.0	0.0	0.0	0.0
1.90518958	0.0	0.0	0.0	0.0	0.0	0.0	0.0	0.0	0.0
1.9311895800000003	0.0	0.0	0.0	0.0	0.0	0.0	0.0	0.0	0.0
1.95718958	0.0	0.0	0.0	0.0	0.0	0.0	0.0	0.0	0.0
1.9831895800000003	0.0	0.0	0.0	0.0	0.0	0.0	0.0	0.0	0.0
2.00918958	0.0	0.0	0.0	0.0	0.0	0.0	0.0	0.0	0.0
2.03518958	0.0	0.0	0.0	0.0	0.0	0.0	0.0	0.0	0.0
2.06118958	0.0	0.0	0.0	0.0	0.0	0.0	0.0	0.0	0.0
2.08718958	0.0	0.0	0.0	0.0	0.0	0.0	0.0	0.0	0.0
2.11418958	0.0	0.0	0.0	0.0	0.0	0.0	0.0	0.0	0.0
2.1401895800000004	0.0	0.0	0.0	0.0	0.0	0.0	0.0	0.0	0.0
2.16618958	0.0	0.0	0.0	0.0	0.0	0.0	0.0	0.0	0.0
2.19218958	0.0	0.0	0.0	0.0	0.0	0.0	0.0	0.0	0.0
2.21818958	0.0	0.0	0.0	0.0	0.0	0.0	0.0	0.0	0.0
2.24418958	0.0	0.0	0.0	0.0	0.0	0.0	0.0	0.0	0.0
2.2701895800000003	0.0	0.0	0.0	0.0	0.0	0.0	0.0	0.0	0.0
2.29618958	0.0	0.0	0.0	0.0	0.0	0.0	0.0	0.0	0.0
2.3221895800000003	0.0	0.0	0.0	0.0	0.0	0.0	0.0	0.0	0.0
2.34818958	0.0	0.0	0.0	0.0	0.0	0.0	0.0	0.0	0.0
2.3741895800000004	0.0	0.0	0.0	0.0	0.0	0.0	0.0	0.0	0.0
2.40118958	0.0	0.0	0.0	0.0	0.0	0.0	0.0	0.0	0.0
2.4271895800000003	0.0	0.0	0.0	0.0	0.0	0.0	0.0	0.0	0.0
2.45318958	0.0	0.0	0.0	0.0	0.0	0.0	0.0	0.0	0.0
2.4791895800000003	0.0	0.0	0.0	0.0	0.0	0.0	0.0	0.0	0.0
2.50518958	0.0	0.0	0.0	0.0	0.0	0.0	0.0	0.0	0.0
2.5311895800000004	0.0	0.0	0.0	0.0	0.0	0.0	0.0	0.0	0.0
2.55718958	0.0	0.0	0.0	0.0	0.0	0.0	0.0	0.0	0.0
2.58318958	0.0	0.0	0.0	0.0	0.0	0.0	0.0	0.0	0.0
2.6091895800000002	0.0	0.0	0.0	0.0	0.0	0.0	0.0	0.0	0.0
2.63518958	0.0	0.0	0.0	0.0	0.0	0.0	0.0	0.0	0.0
2.66218958	0.0	0.0	0.0	0.0	0.0	0.0	0.0	0.0	0.0
2.68818958	0.0	0.0	0.0	0.0	0.0	0.0	0.0	0.0	0.0
2.71418958	0.0	0.0	0.0	0.0	0.0	0.0	0.0	0.0	0.0
2.74018958	0.0	0.0	0.0	0.0	0.0	0.0	0.0	0.0	0.0
2.7661895800000003	0.0	0.0	0.0	0.0	0.0	0.0	0.0	0.0	0.0
2.79218958	0.0	0.0	0.0	0.0	0.0	0.0	0.0	0.0	0.0
2.8181895800000003	0.0	0.0	0.0	0.0	0.0	0.0	0.0	0.0	0.0
2.84418958	0.0	0.0	0.0	0.0	0.0	0.0	0.0	0.0	0.0
2.8701895800000004	0.0	0.0	0.0	0.0	0.0	0.0	0.0	0.0	0.0
2.89618958	0.0	0.0	0.0	0.0	0.0	0.0	0.0	0.0	0.0
2.92218958	0.0	0.0	0.0	0.0	0.0	0.0	0.0	0.0	0.0
2.94918958	0.0	0.0	0.0	0.0	0.0	0.0	0.0	0.0	0.0
2.9751895800000003	0.0	0.0	0.0	0.0	0.0	0.0	0.0	0.0	0.0
3.00118958	0.0	0.0	0.0	0.0	0.0	0.0	0.0	0.0	0.0
3.0271895800000004	0.0	0.0	0.0	0.0	0.0	0.0	0.0	0.0	0.0
3.05318958	0.0	0.0	0.0	0.0	0.0	0.0	0.0	0.0	0.0
3.07918958	0.0	0.0	0.0	0.0	0.0	0.0	0.0	0.0	0.0
3.1051895800000002	0.0	0.0	0.0	0.0	0.0	0.0	0.0	0.0	0.0
3.13118958	0.0	0.0	0.0	0.0	0.0	0.0	0.0	0.0	0.0
3.1571895800000003	0.0	0.0	0.0	0.0	0.0	0.0	0.0	0.0	0.0
3.18318958	0.0	0.0	0.0	0.0	0.0	0.0	0.0	0.0	0.0
3.21018958	0.0	0.0	0.0	0.0	0.0	0.0	0.0	0.0	0.0
3.2361895800000005	0.0	0.0	0.0	0.0	0.0	0.0	0.0	0.0	0.0
3.2621895800000003	0.0	0.0	0.0	0.0	0.0	0.0	0.0	0.0	0.0
3.28818958	0.0	0.0	0.0	0.0	0.0	0.0	0.0	0.0	0.0
3.31418958	0.0	0.0	0.0	0.0	0.0	0.0	0.0	0.0	0.0
3.34018958	0.0	0.0	0.0	0.0	0.0	0.0	0.0	0.0	0.0
3.3661895800000003	0.0	0.0	0.0	0.0	0.0	0.0	0.0	0.0	0.0
3.39218958	0.0	0.0	0.0	0.0	0.0	0.0	0.0	0.0	0.0
3.41818958	0.0	0.0	0.0	0.0	0.0	0.0	0.0	0.0	0.0
3.44418958	0.0	0.0	0.0	0.0	0.0	0.0	0.0	0.0	0.0
3.4701895800000004	0.0	0.0	0.0	0.0	0.0	0.0	0.0	0.0	0.0
3.49718958	0.0	0.0	0.0	0.0	0.0	0.0	0.0	0.0	0.0
3.5231895800000004	0.0	0.0	0.0	0.0	0.0	0.0	0.0	0.0	0.0
3.54918958	0.0	0.0	0.0	0.0	0.0	0.0	0.0	0.0	0.0
3.57518958	0.0	0.0	0.0	0.0	0.0	0.0	0.0	0.0	0.0
3.6011895800000002	0.0	0.0	0.0	0.0	0.0	0.0	0.0	0.0	0.0
3.6271895800000005	0.0	0.0	0.0	0.0	0.0	0.0	0.0	0.0	0.0
3.6531895800000003	0.0	0.0	0.0	0.0	0.0	0.0	0.0	0.0	0.0
3.67918958	0.0	0.0	0.0	0.0	0.0	0.0	0.0	0.0	0.0
3.70518958	0.0	0.0	0.0	0.0	0.0	0.0	0.0	0.0	0.0
3.73118958	0.0	0.0	0.0	0.0	0.0	0.0	0.0	0.0	0.0
3.7581895800000003	0.0	0.0	0.0	0.0	0.0	0.0	0.0	0.0	0.0
3.78418958	0.0	0.0	0.0	0.0	0.0	0.0	0.0	0.0	0.0
3.8101895800000003	0.0	0.0	0.0	0.0	0.0	0.0	0.0	0.0	0.0
3.83618958	0.0	0.0	0.0	0.0	0.0	0.0	0.0	0.0	0.0
3.86218958	0.0	0.0	0.0	0.0	0.0	0.0	0.0	0.0	0.0
3.88818958	0.0	0.0	0.0	0.0	0.0	0.0	0.0	0.0	0.0
3.9141895800000004	0.0	0.0	0.0	0.0	0.0	0.0	0.0	0.0	0.0
3.94018958	0.0	0.0	0.0	0.0	0.0	0.0	0.0	0.0	0.0
3.96618958	0.0	0.0	0.0	0.0	0.0	0.0	0.0	0.0	0.0
3.9921895800000002	0.0	0.0	0.0	0.0	0.0	0.0	0.0	0.0	0.0
4.0181895800000005	0.0	0.0	0.0	0.0	0.0	0.0	0.0	0.0	0.0
4.045189580000001	0.0	0.0	0.0	0.0	0.0	0.0	0.0	0.0	0.0
4.07118958	0.0	0.0	0.0	0.0	0.0	0.0	0.0	0.0	0.0
4.09718958	0.0	0.0	0.0	0.0	0.0	0.0	0.0	0.0	0.0
4.12318958	0.0	0.0	0.0	0.0	0.0	0.0	0.0	0.0	0.0
4.14918958	0.0	0.0	0.0	0.0	0.0	0.0	0.0	0.0	0.0
4.1751895800000005	0.0	0.0	0.0	0.0	0.0	0.0	0.0	0.0	0.0
4.20118958	0.0	0.0	0.0	0.0	0.0	0.0	0.0	0.0	0.0
4.22718958	0.0	0.0	0.0	0.0	0.0	0.0	0.0	0.0	0.0
4.25318958	0.0	0.0	0.0	0.0	0.0	0.0	0.0	0.0	0.0
4.279189580000001	0.0	0.0	0.0	0.0	0.0	0.0	0.0	0.0	0.0
4.30618958	0.0	0.0	0.0	0.0	0.0	0.0	0.0	0.0	0.0
4.3321895800000005	0.0	0.0	0.0	0.0	0.0	0.0	0.0	0.0	0.0
4.35818958	0.0	0.0	0.0	0.0	0.0	0.0	0.0	0.0	0.0
4.38418958	0.0	0.0	0.0	0.0	0.0	0.0	0.0	0.0	0.0
4.41018958	0.0	0.0	0.0	0.0	0.0	0.0	0.0	0.0	0.0
4.436189580000001	0.0	0.0	0.0	0.0	0.0	0.0	0.0	0.0	0.0
4.46218958	0.0	0.0	0.0	0.0	0.0	0.0	0.0	0.0	0.0
4.48818958	9.9710612e-17	3.9994799999999996e-17	4.081762e-17	5.700985e-17	0.0	0.0	0.0	0.0	0.0
4.51418958	1.6950003e-15	6.800569999999999e-16	6.93984e-16	9.692369e-16	0.0	0.0	0.0	0.0	0.0
4.54018958	3.0263460000000004e-14	1.214052e-14	1.23884e-14	1.7306369999999998e-14	0.0	0.0	0.0	0.0	0.0
4.5661895800000005	4.658554499999999e-13	1.8688500000000002e-13	1.9071249999999998e-13	2.663843e-13	0.0	0.0	0.0	0.0	0.0
4.593189580000001	6.267882400000001e-12	2.51495e-12	2.5663390000000004e-12	3.584176e-12	0.0	0.0	0.0	0.0	0.0
4.6191895800000005	7.369839899999999e-11	2.9569300000000004e-11	3.017019e-11	4.214685e-11	0.0	0.0	0.0	0.0	0.0
4.64518958	7.5695416e-10	3.03718e-10	3.099621e-10	4.328941e-10	0.0	0.0	0.0	0.0	0.0
4.67118958	6.792947599999999e-09	2.7251400000000004e-09	2.781632e-09	3.885429e-09	0.0	0.0	0.0	0.0	0.0
4.69718958	5.3270437999999994e-08	2.137282e-08	2.180984e-08	3.046157999999999e-08	0.0	0.0	0.0	0.0	0.0
4.7231895800000006	3.6501226999999993e-07	1.464507e-07	1.494488e-07	2.087306e-07	0.0	0.0	0.0	0.0	0.0
4.74918958	2.1856993000000005e-06	8.768800000000001e-07	8.94811e-07	1.24976e-06	0.0	0.0	0.0	0.0	0.0
4.77518958	1.14338031e-05	4.58691e-06	4.681289e-06	6.539059000000002e-06	0.0	0.0	0.0	0.0	0.0
4.80118958	5.2282531e-05	2.097329e-05	2.140338e-05	2.9891459999999997e-05	0.0	0.0	0.0	0.0	0.0
4.82718958	0.00020884102	8.37992e-05	8.551061e-05	0.0001194405	0.0	0.0	0.0	0.0	0.0
4.85418958	0.00072930019	0.00029261799999999997	0.00029859829999999996	0.0004170051	0.0	0.0	0.0	0.0	0.0
4.88018958	0.0022250195000000006	0.0008928889999999999	0.0009110189999999999	0.001272511	0.0	0.0	0.0	0.0	0.0
4.90618958	0.005935212499999999	0.00238094	0.002429565	0.0033930759999999996	0.0	0.0	0.0	0.0	0.0
4.93218958	0.013831220000000002	0.005549559999999999	0.005663098	0.007909089	0.0	0.0	0.0	0.0	0.0
4.95818958	0.028177901	0.01130469	0.01153423	0.01610903	0.0	0.0	0.0	0.0	0.0
4.98418958	0.050161859	0.02012481	0.0205362	0.028679529999999998	0.0	0.0	0.0	0.0	0.0
5.0101895800000005	0.07805563600000003	0.0313074	0.03195361	0.04462961	0.0	0.0	0.0	0.0	0.0
5.03618958	0.10617696199999999	0.042602100000000004	0.043469129999999995	0.06070823	0.0	0.0	0.0	0.0	0.0
5.06218958	0.1262854	0.050668500000000005	0.05170851	0.07219678000000002	0.0	0.0	0.0	0.0	0.0
5.08818958	0.13149877	0.052773099999999996	0.05384816	0.07515423	0.0	0.0	0.0	0.0	0.0
5.114189580000001	0.1203372	0.0483234	0.04928267	0.06868327	0.0	0.0	0.0	0.0	0.0
5.14118958	0.097988	0.039428099999999994	0.04015124	0.05566951999999999	0.0	0.0	0.0	0.0	0.0
5.1671895800000005	0.07374457000000001	0.029848899999999998	0.030263719999999997	0.04132595000000001	0.0	0.0	0.0	0.0	0.0
5.19318958	0.05650046	0.023159549999999997	0.023237059999999997	0.03055152	0.0	0.0	0.0	0.0	0.0
5.21918958	0.051043609999999996	0.02126074	0.020994890000000002	0.02595303	0.0	0.0	0.0	0.0	0.0
5.24518958	0.056839280000000006	0.02381191	0.023220789999999998	0.027191800000000002	0.0	0.0	0.0	0.0	0.0
5.271189580000001	0.06898133	0.028639300000000003	0.02778425	0.031654	0.0	0.0	0.0	0.0	0.0
5.29718958	0.08067329000000001	0.0328101	0.031793	0.035865	0.0	0.0	0.0	0.0	0.0
5.32318958	0.08603905	0.033913500000000006	0.032913	0.036977499999999996	0.0	0.0	0.0	0.0	0.0
5.34918958	0.08243107	0.0311391	0.030276200000000003	0.033934	0.0	0.0	0.0	0.0	0.0
5.37518958	0.07103064999999999	0.025394899999999998	0.0247488	0.027660900000000006	0.0	0.0	0.0	0.0	0.0
5.40218958	0.05573717	0.01871788	0.0182346	0.020289200000000004	0.0	0.0	0.0	0.0	0.0
5.42818958	0.04134618	0.0133255	0.012785330000000001	0.0140663	0.0	0.0	0.0	0.0	0.0
5.45418958	0.032042669999999995	0.010973720000000001	0.009975189999999998	0.0106965	0.0	0.0	0.0	0.0	0.0
5.48018958	0.030844359999999998	0.01281613	0.01074156	0.0111315	0.0	0.0	0.0	0.0	0.0
5.50618958	0.039128100000000006	0.019323879999999998	0.015375699999999999	0.015627600000000002	0.0	0.0	0.0	0.0	0.0
5.53218958	0.055975609999999995	0.0299478	0.0232929	0.0235368	0.0	0.0	0.0	0.0	0.0
5.5581895800000005	0.07762837	0.04273246	0.0327567	0.0331195	0.0	0.0	0.0	0.0	0.0
5.58418958	0.09814757000000002	0.054599619999999995	0.041111	0.0416694	0.0	0.0	0.0	0.0	0.0
5.61018958	0.11167421999999999	0.062456630000000006	0.0457782	0.046547700000000004	0.0	0.0	0.0	0.0	0.0
5.63618958	0.11531354	0.0647794	0.045724100000000004	0.046446	0.0	0.0	0.0	0.0	0.0
5.66218958	0.11032817999999998	0.062236599999999996	0.0422548	0.0420455	0.0	0.0	0.0	0.0	0.0
5.68918958	0.10079228	0.056868339999999996	0.0385924	0.035483100000000004	0.0	0.0	0.0	0.0	0.0
5.7151895800000005	0.09102956999999999	0.05074759999999999	0.0384017	0.029140399999999997	0.0	0.0	0.0	0.0	0.0
5.74118958	0.08397782000000001	0.0451786	0.044014199999999996	0.024592000000000003	0.0	0.0	0.0	0.0	0.0
5.76718958	0.08130064999999999	0.0409112	0.0552306	0.022478999999999996	0.0	0.0	0.0	0.0	0.0
5.79318958	0.08410305000000001	0.03857572	0.0691905	0.022774000000000003	0.0	0.0	0.0	0.0	0.0
5.81918958	0.09283237000000001	0.0386778	0.08140259999999999	0.025096	0.0	0.0	0.0	0.0	0.0
5.84518958	0.10644260999999998	0.0411058	0.08794219999999998	0.028779	0.0	0.0	0.0	0.0	0.0
5.87118958	0.121847	0.0447163	0.08736669999999999	0.032855	0.0	0.0	0.0	0.0	0.0
5.89718958	0.1343279	0.0476496	0.08128579999999999	0.036126	0.0	0.0	0.0	0.0	0.0
5.92318958	0.13918239999999998	0.0481463	0.07283699999999999	0.037431	0.0	0.0	0.0	0.0	0.0
5.95018958	0.13366409999999998	0.0453625	0.064572	0.036084	0.0	0.0	0.0	0.0	0.0
5.97618958	0.118128	0.039642699999999996	0.057272	0.032116	0.0	0.0	0.0	0.0	0.0
6.0021895800000005	0.09575950000000001	0.032146900000000006	0.050212999999999994	0.02626	0.0	0.0	0.0	0.0	0.0
6.02818958	0.07116919999999997	0.024263499999999997	0.042392200000000005	0.0196963	0.0	0.0	0.0	0.0	0.0
6.05418958	0.0484793	0.017067700000000005	0.0335692	0.0135275	0.0	0.0	0.0	0.0	0.0
6.08018958	0.030265100000000003	0.011160100000000001	0.0244004	0.0085027	0.0	0.0	0.0	0.0	0.0
6.106189580000001	0.01729516	0.00673974	0.016066599999999997	0.0048833	0.0	0.0	0.0	0.0	0.0
6.13218958	0.009024729999999998	0.0037267600000000004	0.009481070000000001	0.0025560799999999996	0.0	0.0	0.0	0.0	0.0
6.15818958	0.00428001	0.00186722	0.004982319999999999	0.0012144200000000001	0.0	0.0	0.0	0.0	0.0
6.18418958	0.0018361170000000004	0.000840737	0.00231968	0.00052123	0.0	0.0	0.0	0.0	0.0
6.21018958	0.000707662	0.00033750199999999994	0.0009529529999999999	0.000200909	0.0	0.0	0.0	0.0	0.0
6.23718958	0.000243874	0.0001201313	0.000344756	6.924100000000001e-05	0.0	0.0	0.0	0.0	0.0
6.263189580000001	7.47499e-05	3.77582e-05	0.0001095674	2.1210799999999997e-05	0.0	0.0	0.0	0.0	0.0
6.28918958	2.0295479999999998e-05	1.0446329999999999e-05	3.055022e-05	5.7562e-06	0.0	0.0	0.0	0.0	0.0
6.31518958	4.86142e-06	2.5389490000000002e-06	7.46436e-06	1.37855e-06	0.0	0.0	0.0	0.0	0.0
6.34118958	1.025561e-06	5.41207e-07	1.5970810000000005e-06	2.90659e-07	0.0	0.0	0.0	0.0	0.0
6.36718958	1.8999279999999996e-07	1.01065e-07	2.990614e-07	5.3854999999999995e-08	0.0	0.0	0.0	0.0	0.0
6.3931895800000005	3.08927e-08	1.6522150000000002e-08	4.898038e-08	8.7543e-09	0.0	0.0	0.0	0.0	0.0
6.41918958	4.40109e-09	2.363109e-09	7.014189999999999e-09	1.24687e-09	0.0	0.0	0.0	0.0	0.0
6.44518958	5.49e-10	2.956368e-10	8.780750000000002e-10	1.55509e-10	0.0	0.0	0.0	0.0	0.0
6.47118958	5.99172e-11	3.2328919999999997e-11	9.61164e-11	1.69708e-11	0.0	0.0	0.0	0.0	0.0
6.49818958	5.71927e-12	3.09076e-12	9.19253e-12	1.61999e-12	0.0	0.0	0.0	0.0	0.0
6.52418958	4.77369e-13	2.5831519999999996e-13	7.68454e-13	1.3520200000000001e-13	0.0	0.0	0.0	0.0	0.0
6.55018958	3.4827799999999994e-14	1.885497e-14	5.611573e-14	9.863700000000001e-15	0.0	0.0	0.0	0.0	0.0
6.57618958	2.227331e-15	1.208129e-15	3.596917e-15	6.306800000000001e-16	0.0	0.0	0.0	0.0	0.0
6.60218958	1.248698e-16	6.774389999999999e-17	2.0168819999999998e-16	3.5361600000000004e-17	0.0	0.0	0.0	0.0	0.0
6.62818958	0.0	0.0	0.0	0.0	0.0	0.0	0.0	0.0	0.0
6.654189580000001	0.0	0.0	0.0	0.0	0.0	0.0	0.0	0.0	0.0
6.68018958	0.0	0.0	0.0	0.0	0.0	0.0	0.0	0.0	0.0
6.70618958	0.0	0.0	0.0	0.0	0.0	0.0	0.0	0.0	0.0
6.73218958	0.0	0.0	0.0	0.0	0.0	0.0	0.0	0.0	0.0
6.75818958	0.0	0.0	0.0	0.0	0.0	0.0	0.0	0.0	0.0
6.78518958	0.0	0.0	0.0	0.0	0.0	0.0	0.0	0.0	0.0
6.811189580000001	0.0	0.0	0.0	0.0	0.0	0.0	0.0	0.0	0.0
6.83718958	0.0	0.0	0.0	0.0	0.0	0.0	0.0	0.0	0.0
6.86318958	0.0	0.0	0.0	0.0	0.0	0.0	0.0	0.0	0.0
6.88918958	0.0	0.0	0.0	0.0	0.0	0.0	0.0	0.0	0.0
6.91518958	0.0	0.0	0.0	0.0	0.0	0.0	0.0	0.0	0.0
6.94118958	0.0	0.0	0.0	0.0	0.0	0.0	0.0	0.0	0.0
6.96718958	0.0	0.0	0.0	0.0	0.0	0.0	0.0	0.0	0.0
6.99318958	0.0	0.0	0.0	0.0	0.0	0.0	0.0	0.0	0.0
7.01918958	0.0	0.0	0.0	0.0	0.0	0.0	0.0	0.0	0.0
7.045189580000001	0.0	0.0	0.0	0.0	0.0	0.0	0.0	0.0	0.0
7.07218958	0.0	0.0	0.0	0.0	0.0	0.0	0.0	0.0	0.0
7.09818958	0.0	0.0	0.0	0.0	0.0	0.0	0.0	0.0	0.0
7.12418958	0.0	0.0	0.0	0.0	0.0	0.0	0.0	0.0	0.0
7.15018958	0.0	0.0	0.0	0.0	0.0	0.0	0.0	0.0	0.0
7.17618958	0.0	0.0	0.0	0.0	0.0	0.0	0.0	0.0	0.0
7.202189580000001	0.0	0.0	0.0	0.0	0.0	0.0	0.0	0.0	0.0
