Molecule	PC1	PC2	PC3	PC4	PC5	PC6	PC7	PC8	PC9	PC10	PC11	PC12	PC13	PC14	PC15	PC16	PC17	PC18	PC19	PC20	PC21	PC22	PC23	PC24	PC25	PC26	PC27	PC28	PC29
1,1,1,2-Tetrachloroethane	-2.1167032294347665	-7.715258976799516	-3.137589730662375	-4.686222053333547	0.061702221042163406	-0.2979420925871508	-6.984073313636547	3.500140982392666	4.90801392303753	-1.1220894127289724	-2.075154598810767	5.342462850521529	-0.9902441873222843	9.394724047248955	2.9901663236744045	2.398452828721751	-0.7378246789191599	6.573443170438384	-0.5428000313982771	-1.0053028873011458	1.021092287708352	-2.5339060565747777	0.8136214712338015	-2.780365655960765	-4.219829096786212	-4.187121491509406	0.33364525619763474	0.4461994039845818	-1.1774454951539488
1,1,1,3,3,3-Hexafluoro-2-propanol	1.6328475443243435	0.06809844036531873	7.425307758867561	9.925134832659303	-15.226308449446476	0.053811765334423445	0.13023504859506427	-7.014619424743378	1.0365510167599084	-2.949618927828603	12.51098161372008	-4.875308598488464	6.757703757677324	6.901567589636211	-3.0960724751438167	0.6060027735370745	7.586534396115725	-4.006234244511993	0.2384808645037817	-3.9701227830661563	0.5415038595976988	0.07087189774694069	4.26553120088127	-0.8776961743919816	2.0750360374185433	-1.5252334522807618	-0.892017700020626	-2.60456985355553	1.6126731614809895
1,1,1-Trichloroethane	-2.5825596718516852	-6.993124423216316	-5.547292266244816	-2.5759349282029653	-2.477159614165022	-1.0293562218650816	-0.040925028408012404	0.7286259749440138	3.780113767377966	2.269621587162207	-3.6651524576263275	-2.682791385556421	-2.2189850517452663	6.2077295450344705	3.950887447977461	-3.919649760737999	-5.099183854686179	5.075037006603506	1.9540942441788467	2.794375896950828	0.11802187392900985	2.2516677840725428	5.249050975890685	1.6114165882375149	1.2775707158157172	3.0473547376349996	0.906225849009606	6.021559274506704	-1.6414178210315862
1,1,1-Trifluoro-2-propanol	-1.296006391083634	-4.056639298823813	0.32901595514291454	4.049401420233801	-0.07837793874045287	-3.92009196471824	-3.7083127505717135	-3.0405918358818536	-3.893823011747305	0.407846056748108	-0.3545914415553563	1.8333063778055323	9.235549484983459	-2.5359161653866833	0.35524767788800693	-5.048481842009527	-2.213816563130814	-3.5544107317107794	2.6881268617093714	-1.5884254982873747	-1.3382692043871507	-3.098139683895818	0.130127535003389	4.541220164766054	-0.5789472418339191	4.5762639909939855	-3.1127568938143106	2.8023228890764913	3.8953996157740245
1,1,2-trichloro-1,2,2-trifluoroethane	0.6340571150969098	-4.327740617462573	-0.2177618756293562	0.6763257495757725	0.6014969950857397	2.865340612156244	-2.324545915022208	1.4119683061580939	8.624937911391386	-4.028357150887855	-2.1714049882667363	2.2934124274609364	0.1458673222607979	-3.5477706681557377	2.4340409868233412	-4.311252774396863	1.9507288249749888	0.8373936821838657	0.08124195939780338	1.4716041943775686	-5.5720897655592365	1.2357373188241219	-2.2035206573099693	-0.4794793553992443	0.4141885642494677	2.923382179444137	7.03317389700208	-6.354467847704021	0.6465487400744611
1,1,2-Trichloroethane	-2.2352252851737293	-7.652745059412538	-5.144680142135091	-4.302279493797992	-2.3284052046871624	4.148815030463182	-1.7175010226533531	9.375932391655413	3.8245023692680338	2.3823514231876497	-5.120227301227157	6.9039791816965455	-1.0411225372859216	6.35966043041451	4.438345074638336	-0.10387689669114888	-2.4677160644630947	-0.5312579985345713	-2.218160862558204	-3.805132474552859	5.991169613422988	-2.0691850612703697	-0.1898183526169711	1.9764733415685662	-6.2104348372922304	-1.8501096018525849	1.7626270639501345	0.06541512969034786	0.013811431841274433
1,1,2-Trichlorotrifluoroethane	0.46118338378747425	-5.514908248539808	0.25895662151950116	-1.6626943060601338	-3.3177308355288884	4.532675122727324	1.6262211920677674	5.600614822357241	8.552085625385049	-1.7122688684590592	-1.8341254451325586	3.352161764989064	0.45993588111534445	9.31684783319049	-1.8615237281021342	-3.599095714146057	1.4768238762487524	3.7451160492279745	-4.249171960091761	-2.2078382898263142	-2.326371736281426	4.228791392758423	-4.599443208954748	1.4558422780411746	1.2321605022694377	4.0263952358994	0.897142346107524	1.4027174780677378	4.018909931554309
1,1-Difluoroethane	-3.109984278363597	-6.456027667407591	0.7073764327734857	-5.602807631520563	2.673908182066293	-3.6594789793998057	-0.2923598457958893	-3.5236098819244175	3.240570979916678	-0.6713401678944494	-0.4125393155284792	-0.76864698964652	-2.5191824900637942	0.3014727342237383	-1.3759838124553143	4.096806857321481	-3.1335066269579737	-6.968205635433695	2.034787096731789	-4.194222652327731	-0.2898691568340254	-3.573683549285209	-0.25882742245354073	1.564293603552532	-1.985619694980367	-0.06820175072428122	-2.395337563581204	1.81331692465053	0.3953013057999274
1,1-Dimethylhydrazine	-4.9200808891772105	-1.8120797971720919	-6.2985313564988346	2.4930500677673417	3.65628888174925	1.6288436814526568	3.121424506891943	-0.5669049985929686	-0.21680973716835186	-1.2186913231240086	-0.5000081754141762	-1.3404930524912761	-3.6064758824659324	-0.09582037440671089	-0.1835962859263248	-4.1464303149926645	0.2811197692993844	-3.499779226871253	1.4744402316048002	-0.9260247014562398	4.315917757471673	-3.7867580909139362	-2.7331497585253466	-0.981519566187943	3.9646785694575453	-2.271493295374564	-3.9102193537830097	-2.5373675508582134	1.015209773126267
1,2-dichlorobenzene	-1.3626186522599788	1.136020771748033	-2.4027456527613715	-0.41842664217026765	-2.0420692800639877	0.5547124498213861	-2.781562469626079	-2.998516870009166	-1.9822378714584439	9.067897160158784	2.4327193172554953	-1.894375303522527	6.610963933597983	0.7227786907217495	0.7521230135976154	4.010573408442518	-0.050520844850716055	8.371561165746643	0.9272932426359884	0.386650368386304	-0.7163776116066897	0.9983419103905139	-2.0916170083574275	1.8513429932025984	4.157780714120437	-2.658881941449529	-0.8275801556194793	-2.7907996507473443	-2.3832185538836383
1,2-dichloroethene	-4.483622642852397	-3.011105981243653	-1.7800166710801708	-1.9820341620816804	3.270024497835016	-0.09670092934533736	-0.8369517693084276	-7.169207577054267	-2.6296545692498734	-2.339238048416108	1.1606551084485273	4.574639162516493	0.3764525861709726	-2.700461115275417	-0.020170501898708074	0.6172740795895786	2.6904714977390207	-2.955945252117981	0.15383577964968198	-1.265289188694539	0.9638410772310827	3.5619170972386502	0.6616922881244045	5.7591646946280015	2.967733515160423	-3.4785442141114378	2.0137100445327487	-1.832062095376949	-1.452597934470891
1,2-ethanediamine	-4.245872025651132	-2.4031223155068475	-7.456119083988226	-3.090059026603366	-2.6508722155183966	0.3628933708321806	-0.7963703501192813	-1.8612086083637287	0.8131161886777017	-2.8157433390301105	-0.6109851595504849	-0.8163614404609199	-0.5743954044275914	-2.8981186812797803	-3.747543721086697	-3.17529408567646	-1.601458170317891	2.4665358972815694	-1.768170873121874	0.627384835791695	0.48776095241574385	-3.5001265329239555	2.168770408380802	-3.7940185775797413	-1.1473932954194572	-1.4413794164137492	4.624880690504682	-2.054086927065924	3.914647395081278
1,3-Butadiene	-4.724586565957319	-1.4069700671341612	-4.787560433300298	-2.96667133021503	-3.872798682585202	1.0606703920304215	-1.968970557663395	-6.135341881716134	1.075307928828648	-3.6205797616083104	0.2656649505519267	1.6023347145219404	-0.7131417355338565	-5.783816085279572	-7.6199589612951515	-3.685029384499228	1.9956943067225215	4.6393104490125685	0.5323473851950828	-3.4966114210628962	-1.154423031986143	0.43390962165620184	1.8692743907027418	3.0092706297086638	-0.328710215039498	-2.8447675931957246	-0.3908114919037762	-2.479554372532893	2.1937391570929248
1,4-dichlorobenzene	-2.625436249117991	0.7764226521146222	-2.7061639040221315	-3.139038035857342	8.636492148276268	0.5124124768933199	4.917531867417208	5.145149028478366	-0.7144160637961402	11.850547364733398	1.1234294165096148	0.051058385378578486	-2.2648832299224293	-1.9609509286038993	2.534160127529792	5.70896955483004	3.027856519499559	4.326757126402953	4.643040477130591	-3.0749767798037255	-1.5213352758199201	4.485931585602003	5.35908891837681	-3.3877239579497287	4.7978626847668355	0.6567845616328734	2.0357844743023565	-2.1453916349445086	-0.29616312407390977
1,4-dioxane	-3.2108421794768778	-2.8231349865471587	-6.501398264435396	-0.6023314386600908	5.853402455480352	-8.441619233207552	-0.8031674818461529	6.149921104912135	-4.383584011207053	-0.4532708016394625	1.1895692766106574	0.3789302941031037	1.1851611259366748	-0.21693073734670473	1.574785938346385	2.485778303564604	0.20395700079272958	-0.7353082171263639	-1.3244117927556267	-8.119833801148925	2.1976348666679453	1.8887127048882448	1.538087575725308	-0.8971996058382516	1.077130929220721	2.073305966675398	2.3965040139153664	-4.09345687935303	-1.4691150729735123
1-2-3-hexanetriol	0.037959856427823575	1.092357308987852	9.403180514857366	-1.2113595526074334	4.179318891659336	3.5849965975123834	-2.3820406540395824	1.9021364223783843	-2.7704351139265864	1.1734732088609596	2.330066729263045	4.248962115363202	1.3842846467471683	1.2013105870144574	7.422055964027057	-3.3296768065939175	4.460067493774138	1.432670043859316	-3.2221957342184635	-3.8078704951907403	0.36608695826555415	-1.9893068580271112	1.5395717485365987	4.106936672478413	0.04659802826063619	4.671977933471924	-1.2407609891517843	2.8507383105647457	0.07793901324292907
1-2-Benzenediol	0.36076006057510396	6.772080186757162	0.9879123809969566	4.67151192566459	2.3661336967079736	1.078638635255598	7.311245472686792	-1.792596230294967	-2.1783138576377254	-2.8827075812300644	-9.617193915760188	11.572992105577924	3.6047356879017234	-0.6651935315798135	-2.8286778593631277	5.178003299259272	2.6925050401188337	1.2217602718172245	-0.014163791939538008	-0.5904568893279015	-2.423956870166973	-4.278012737928473	-0.14629879973681703	-4.256106408680901	0.679381510673402	-3.56450709213238	-3.871161978057608	-3.004056398793727	3.4057738733396685
1-2-Dimethoxyethane	-2.753260453164278	-0.9734870089760076	-0.4105699098111296	-0.7011130736143828	-0.27588930704391174	-3.132195916320897	4.535698955466043	0.31203485223244165	3.1939801687093095	5.4456431470238575	-4.702370366954187	6.001066792755988	-3.662834981973054	3.876919915280087	-4.288095215573418	-3.2103582169743015	-2.252402443042857	-4.093755236513013	-0.5326803095446233	2.8037204057490306	3.362171089952974	5.1930236945184	-9.919931920963803	-1.9025072052507797	4.070025084752133	-0.2534431714642483	-1.1221300427844896	0.9777260245580651	1.7501123040657345
1-2-ethanediol	-4.950675235915406	-3.9640588854925856	-1.7736089261443975	-4.016183927723061	-2.7460100702509602	-3.235547547804292	-2.239518155333064	-2.64858143317643	-0.27045189208871356	2.1289147857405637	2.9117416941815133	5.310639916353576	-3.0915609191933755	4.281396089535468	1.8754154361848636	4.699044739428484	0.806687625964985	1.9528445273350457	2.6972283535539736	-1.5602413059484455	3.64859577864531	4.598385415746972	-4.177036313294233	-2.3526188077571915	-3.0196728367091468	-1.0211845191327413	-1.246027276054241	-1.2870124763337827	1.1689135131382562
1-2-heptanediol	-0.21192300010115286	1.3710000844548864	12.758380342485554	-7.715373113860493	-1.7379458623168396	-1.515117419842832	9.307494815322823	5.273503625317333	-4.926443176450467	5.559083936250092	2.159286477594504	2.886243423658225	-1.0804478083127103	-1.5767592129621106	2.5981073711376395	-2.0016547590719957	0.865187248244708	-0.6517235643326889	-0.19032880929915205	-0.3240038511099423	-2.643957252863102	0.6587120624019096	-5.656837030877575	3.3855508510981354	-1.3664899925272693	-4.8074414216557715	-1.1528747785335844	-0.8502474120486406	2.8895102820890073
1-2-hexanediol	-1.6287616492566248	1.9728757462444044	12.097699495388538	-3.9980552916384284	0.07140025006089742	1.9026769896592344	4.628744089250471	3.3334418407683875	-2.4364643686606584	-4.639236868207631	6.206140962302916	-1.3479275093058187	1.3668598875299003	-3.47293772296499	7.90328574656729	-3.6309387937330144	0.913189267873082	1.728979151702195	1.0840736716201858	6.497615055843246	0.9461898417873913	4.34919246099137	-1.241019920758001	1.2454024315048098	-0.5924501945010099	-3.8661152657432956	5.746775618140371	1.96634483807453	0.3582188975810298
1-2-octanediol	1.0424912883538018	2.2549401438555465	16.330935211664777	-6.328269495440878	6.994098762603253	2.2135140924840666	4.728695057734253	2.113932261796102	-5.397721026696164	0.12302718146026247	0.3553577678861364	3.972401886915569	-0.5537423935998619	1.4471427171768576	-0.8648644216915049	0.4354829316204941	5.147507034511692	-1.628517802759002	0.4534034945759339	-2.6285597378353236	2.3380813931401954	-1.6464587142499354	3.213940645437449	4.66980335475315	-0.2826248111696941	-3.424844922942442	0.9867562780716016	-1.3604119866934312	0.04630366584977351
1-2-pentanediol	-0.4535204188351082	-1.260785629322405	3.4037534260879094	-2.510949230475137	-5.242248727266922	0.23073859247440462	3.9125306417243895	4.85512555103767	-4.463642263677191	-0.30077223320566765	5.89173938087537	-0.28205778437646084	6.050476846802995	2.328360052231412	1.4169482451508495	-5.4742303872925175	0.09540783338589902	6.275831181229075	-0.15140464384565902	-1.6601292692066614	-0.0584324052204527	-3.900788662816025	-1.0480117028049194	-1.882772596562195	0.5541292413549911	-0.486207137934163	1.1725106394475628	3.3976300366680494	0.05729986343803432
1-2-propanediol	-3.7980627231587025	-4.360473442759408	-0.8849537310808575	-2.9622286276332717	4.532048579533562	-0.6168535117116108	-2.724409501434523	0.7051273252628929	-4.131743665200624	-1.7289024366197143	0.5147118582445045	1.4779752612632195	6.706410668820336	-0.894148637171126	4.477129693480626	-4.265807895860288	0.02203228316868863	2.283879234878102	1.0939757792400633	3.861485504266124	4.901182533412479	0.541179764930209	1.8301560430295893	-1.133666866288323	-3.051062491024652	2.3560878207433054	-0.12407359877805933	-1.4755159171786962	-0.8519707381422684
1-3-butanediol	-3.278791855222572	-1.0771476876056643	-1.1600261032912849	5.713913350748276	2.3789599506363768	-1.9095260992877512	-2.6577565503415523	-2.5661227994139164	5.397269221027398	2.8165662736038333	-2.4915405170749483	2.398500159086991	0.42982480459073474	0.8401527801434204	1.0511856967623834	1.429532185938551	3.5174813068919173	-7.534531074351973	-1.4476756713268628	-1.8222409052198327	1.2527470154314662	-3.2151428766059467	2.7361215858927563	1.25987086636198	-1.6564028961890898	-3.4532559616343868	-0.6717485834553123	-3.080456736242024	-3.010748273413523
1-4-Benzenediol	1.7735247605878712	11.0701934884718	8.284335252700316	16.50099985990153	4.616800170239247	-2.795928415110385	3.1629244280141604	-3.220661343371146	-9.773150928339433	-2.968135623230124	1.450302312056334	5.913789884108303	-7.785402815771854	-3.2771010571257433	5.262897471300733	-3.564642083607609	1.4993494742292086	3.418616905248869	-0.17994856840675827	-0.8622411092862334	2.909427466360957	1.583623637894779	3.4741775513235136	1.2951326617495822	3.027925769732391	5.860360687017908	-2.72393364593291	-1.3267041068141565	3.009800458010955
1-4-butanediol	-1.8652998598972508	-1.7452393269907092	1.6720558538248151	-3.2721095657214145	0.2380074145953175	2.55955598926451	-1.3860190919331017	-0.9652655723214824	-1.9024409997532603	-1.7862678848713076	8.23219705183904	-2.1521142797882953	-0.6216208199262411	2.2950342342026775	2.264787708947181	2.9806575172314003	-3.0273901737399966	5.925096580205197	-3.333645429965268	1.701732088918084	4.793799919297973	0.3435781095182457	-0.9269439964973066	1.7136123729209063	-3.5218083053519194	-2.293429789669884	-1.282948016993969	-0.2975878122553507	1.593823337902047
1-bromo-1,2,2,2-tetrafluoroethane	-2.3850628239352525	-3.2487472893697884	-1.0531506207043873	-2.5764347843012407	-3.722898700904075	-3.4997432110550815	0.6537034189379894	9.603113512431092	-1.449028007312412	5.0851766122743145	-1.2739554670232074	0.15126580752839813	4.228608110929261	-3.2906406167185946	3.7218116795016902	0.6448698629782124	3.0598179365890577	-2.5175801072376305	-5.243310697545806	-4.811631576476864	3.8729427190535515	0.29390927790558063	3.051038608950154	1.5423794958441723	7.933906142576252	-0.9917696498840932	-3.205043816819806	3.408349466780834	4.160683990628713
1-bromo-1-chloro-2,2,2-trifluoroethane	-1.7758431773644425	-4.328231704084595	-4.472549656079102	-0.4302681054267227	-7.678972633929142	4.166226276546416	-2.411406685328033	4.807385088115252	-3.1138186313275695	3.2583792145872	-6.401565163118609	-1.7785782169616293	2.8921072237198304	-0.5846381100120918	4.055587369072313	-2.5307851519621574	-1.5626892868416755	-5.904965398226712	1.970629613462568	2.904482689173084	-2.607271901593746	4.432106319490571	2.0304696062179435	-1.251170237720515	0.3293128427564144	4.731208111195238	-1.9451123223265574	-4.219789711643717	-1.3477387853432141
1-bromo-2-chloroethane	-3.5189829377435298	-3.858420168341513	-5.181455799116862	0.7741166995677253	-4.1063873095032415	-0.19978387467229883	-1.5369458138059364	0.3350662095767046	2.051313089623219	-2.1944695946012756	-2.761808405312322	4.571258368313478	-0.052169280262737976	3.9016009838082235	2.431599788774928	0.28045467278890024	0.14193581334863123	-4.332775533446201	0.7027043299660314	-3.339519292988079	1.8804568513536914	-2.064889557220968	-2.255314454360863	4.099658973882022	0.7848446068508467	-0.8937105602454777	6.076578759790442	2.3997297699839333	-2.7991575815697
1-Bromobutane	-3.61542098355163	-1.8195428977073498	3.857959298615008	-8.653562177147071	-2.4965356007304607	1.1950367417861736	3.544066361919213	-1.1835045460749034	-7.351337980585569	0.9093437914737137	-2.6434459234071945	-1.7944655613328298	-0.4656496938280953	-2.181573406522849	-4.138853342605214	-0.3991490291530275	-0.5801423823824459	-4.92458905318784	4.0026835590281795	0.7989176367956402	-0.4715683278620046	0.9539161835077663	-1.8496521532477117	3.299426210686989	-5.404600647107066	1.6954873162739281	-1.591092380426425	-3.278303031221391	-0.6211558526015223
1-bromopentane	-2.5415974358248015	-2.9997121010404437	3.4047592032826586	-1.723347895843191	-8.246296601554981	-7.242204472712144	-1.6385110278753066	-5.488661478871994	0.741338656521608	-8.092454359158927	5.276617296976244	1.1070779793220131	-0.7464917556125176	10.266510962487107	1.21116243272204	5.520389110816887	-3.792035762513753	-0.05045397125611513	5.558767421797522	3.111629025148759	-1.3420487942274457	-2.3829737879866704	1.1642282421097299	-2.1367222784624778	0.36187402804726726	0.4855621366622571	-1.4795288563833537	3.2849780910735915	-0.4778564841005459
1-bromopropane	-4.856135187625623	-2.1387748178551473	1.4793179458434853	-6.231600110952623	-4.497942798577105	1.0735224084305557	7.674750417088995	-1.2190590951655667	1.0423086072544652	-0.4677721302473594	3.2781876365613503	2.324513599347915	-3.940390164716973	0.9593513598255895	1.589492838132505	3.5133607081593885	0.10676474957900507	-0.7870925453088845	-0.22034650162235617	4.797821159599643	3.964187353397313	-3.3940800920709657	2.6530460482255704	4.386164664919888	-3.3867766295333617	5.13523322100396	0.28852424651080927	-0.1389254709861451	-3.38342529846494
1-butene	-4.725658767247053	-1.4676509863783183	-4.536976660312368	-3.9763282580918093	1.2245481165140657	-2.1662552114272846	0.41660113631435813	-1.3948667866453002	-0.6792193806899529	1.2063523580685758	-2.4109148776161993	-1.4488095528404004	-0.4964073393409761	-2.3167090564949957	-2.316095347086169	-2.1277358906761052	-0.9137549672771142	-4.223089999602534	-6.495555031562212	3.4598336466434048	-0.7140104265135776	-0.4013561631334697	-2.096012606755391	1.1872449539448022	5.140808443025238	-0.17727867337763695	2.402766105672758	2.833638619243323	1.243289738699486
1-chloro-2,2,2-trifluoroethane	-2.189308657930707	-5.449071152076646	0.16913389600690537	2.393293103672192	-6.8611131410557356	3.891116055580337	1.3218435922097733	1.3133894179379169	-4.134896132654401	-4.577043688325062	7.761055590264324	-1.2187368540069885	5.313052740825773	0.8202853757254599	-7.59772578606954	-0.6038766364011308	5.379274668737814	1.3142247513619385	7.218637337013177	-2.08730886451924	0.20901475010113496	1.1103005556717167	-1.037298825470488	1.5454152885539032	-3.8577911727476417	0.3069700490614695	-0.5287293474191957	2.4325925413741296	1.5550486433186514
1-chloro-2,2,2-trifluoroethyl_difluoromethyl_ether	-0.029362919095248102	-0.9114903713091951	9.335150927076308	6.937750864233957	-4.736638990381329	7.893581129808885	-1.7388104384327925	1.596983483410306	2.0468574543136175	0.49856471406033603	3.7533655941739412	3.4027334884975096	7.948205202732151	3.0962763267616475	-6.008107921175873	-9.283886845457582	6.525125558291248	-4.854302548440575	-3.0640815160068735	4.323438664499557	2.8610999288574286	4.472572218160382	0.34941080928868334	-0.6431132755099038	3.031269679595805	-1.9224717978295567	-1.6941665246805233	-2.1244503098473944	-2.6527966746125853
1-chloropentane	-1.330638374490607	-5.628742291544874	0.3858965478833345	-0.07394646032629813	4.296799753882707	4.148909169782185	-2.6281096534697967	7.490838035173077	8.105191777244729	-4.63438897990706	8.145784486265141	1.4681876368099431	-6.025772357178199	-6.486331576415753	-0.38784300303674013	-0.732305391350741	5.527339804745179	-0.3437209455834467	9.371414237221693	2.380123060247359	-1.480221124632945	-5.133728473878057	-2.1439762479763926	-2.2693239812568304	-0.36488804205770925	2.120058057503112	-3.6983748957096836	-1.5883354615060814	-3.5245708657828017
1-chloropropane	-4.160754311847829	-4.321843026572057	-0.8770395889764052	-3.6542010863330194	6.771886909402036	0.6457144063689791	-1.5392677638242775	1.1515900593409285	-2.5572456044963108	-0.6676784676670771	3.2990368721298906	-0.06966136841634346	-4.202713013196071	3.6281989902806417	-2.5020248078618597	-2.138016242494892	-0.6269174050404546	1.5604853113638169	1.4269858801324473	5.765090994266243	-1.9341475132607315	-4.581699381726188	-4.101714456500117	-0.6342455431023224	4.066390433202448	0.7849706670505769	-0.005945020407963822	2.0091200488489664	-2.1745817839748502
1-hexene	-3.2664013703090333	-1.3861900883075013	1.9514704608680151	-1.5293146556314066	9.915233214139448	-1.259441851251764	2.2500714481908126	-1.8961661087905188	0.16123317310256888	1.198761582795443	2.315718538691366	-1.716723370680791	-4.684172875869945	-1.7571039015550896	-2.64936430774693	5.217685824701621	-1.700013446306916	-2.4166247199691906	-1.2164370308145542	-7.274371125691526	-4.132867463472483	-0.966698535076918	1.2238539719545396	1.5174395842284127	-4.54521830795122	0.9503301057523303	5.912158332642991	1.318157065933267	2.9659616910724385
1-hexyne	-2.5415859831699996	-3.9376893960593184	-1.264353452015077	-1.7359939545611414	7.679344587470919	3.3606573017283914	4.450070041639984	2.362940659169224	-2.371681896639236	-0.7720261357818688	0.053810579719180816	-0.22424740421302033	-3.7068698096897723	2.1424758607577905	-8.611010915947142	-0.9110860478942819	-3.8173601197432268	-2.5976720372897604	3.900876041903223	0.7973012390080294	1.1984242732479375	-0.8406692304403827	-2.9809115679668268	-0.8039491699750366	4.694906403795608	1.0329631710229241	4.232955752803882	-2.272775650397292	0.9227075034281008
1-methylthymine	-1.182538006717849	1.6439914707870351	-0.00888752320596777	2.5187130194949225	3.146386543309672	1.3450795230145576	2.378589355608111	-4.376931236314929	1.6440982588655988	-7.5181573684945056	-4.915512069700685	-6.868712589116443	-8.189741628767443	2.3270797393271945	0.15628837017673528	-2.401488506097571	7.595776664257603	9.201093503600994	-1.6388285365943456	-1.4455810206828839	-1.11113676806325	-3.3676099589026736	0.20198062565022212	-2.82486612385269	2.2180953669372143	1.1582695537571266	0.036995659528244504	3.564984649139789	3.278479162554264
1-nitrobutane	-1.3367610311908082	-1.8141385038685878	0.24765568875964689	-1.4790196352208593	8.617291646242514	0.9499995689449083	-5.750119590109686	-0.115386985192497	-3.8162091712596737	4.536389215571193	-3.3089114438461062	3.943206565716274	3.35014426987749	4.599431873059233	4.399085060687193	2.3776756046085317	-0.36545051688552505	0.5652218741422481	-2.4733686004192776	2.9912375586678093	-0.42718622342197926	-1.8140155237920668	6.286325049943261	0.6214919969636272	-1.1081759900270611	1.098381154853074	-1.9407309853899894	-6.009985662626676	-0.8190406205957099
1-nitropropane	-1.2754973190684042	-3.1620479110503044	-2.823969024752637	-3.395394957288108	-0.9370184087256479	6.62410076452647	-3.9105467501603397	4.115867135169667	-1.0499126319136245	-0.5885930363007231	3.6677471767080356	3.9133313214372247	1.487406688005526	-2.6027082614873036	-3.3963013338621577	0.552695056707742	-1.0348548672222178	0.18898163267492868	-5.972853450196457	-0.01944840572923977	-2.846105802056185	-0.14362399376158752	0.8184319779500463	-1.9442247815750209	2.0179125139430254	-1.4841234497445313	-5.192627526797795	2.823079042572704	-0.7079594446392455
1-pentene	-3.7515740728197975	-3.8239866093346038	-1.7044044236611164	-2.444536122164444	6.834012994019684	-0.5786157198188577	3.4420636522266954	-2.7651545592602953	8.281996411838982	-1.304888160630181	1.2526844011663743	1.7386741564440973	4.533164632890136	-2.056482773023993	-2.847796132884495	4.7435543618570515	3.207773803197481	1.8156005624055092	-0.43763761703098936	2.470985478261674	0.10633889049468512	1.7219914996221646	2.1137514681070373	0.04355138393659647	0.5146348056235214	2.1095370129292825	0.34879568656560495	1.2971033176156528	-0.0071623657253969625
1-pentyne	-3.9398500435879478	-5.645208261193602	-2.317274628621433	-1.8973361354640765	3.0703955225613875	-0.6507708900578927	1.7809086486801486	-0.5760387550723145	2.1609255841469164	-5.343698624678604	5.73559553397651	4.678753933220445	1.9965001756035556	-5.510712444959975	0.4776444227458735	1.0640873683562189	0.14760766698972233	-0.3812703769064912	1.6651327627062613	3.989280087291817	-1.0205160150019956	2.5097575044966884	-0.7363982451983663	0.49163589345804515	1.4748406290896994	-0.5614211028383691	2.5806458661864053	4.044062719022749	-2.063707649430865
1-propanethiol	-4.626921797135455	0.020146590335646287	-4.178118080171428	1.2479156473847095	0.5525262847498491	-1.4167836646153569	-0.07848278067212498	-0.8934595388590837	-4.0839131444212216	-1.9019111007667153	-4.516948405619788	-1.1185414164226295	4.766517252038681	0.41310764182648824	-1.4344559720517704	-3.5465850659673883	3.332889785320796	0.6164331650445232	-2.6617392879635666	-2.5494193388434008	-0.03260596774229661	0.7155423988337877	-1.355645193454562	-0.26490301228555735	-0.3540872801361168	3.322848908603259	-0.6359627372520461	1.4117802007559002	-5.198384570880273
2,2,2-trifluoroethanol	-7.249528449251416	1.6971062230360265	-9.741746678186201	-5.223049971507913	5.530643575202058	3.461185147511557	4.168885737251959	-4.275211874312393	1.1270681055533405	-0.906377957531893	3.8284327223386336	-1.246818934509173	-2.666376265222133	1.6399841423580428	1.158220252490678	-3.9290151095197663	0.48303066982201154	1.8642794238550262	-2.6622057388961053	-4.3997787288611505	-0.5264355555348327	-0.9611506281529583	-1.6180792811686482	3.1249799235130213	0.8202541801759803	1.5902141744119784	-0.8071763987889278	0.40168950349844806	-1.2750733133121808
2,2,3-Trichlorobiphenyl	1.8275010923365316	3.5325002458718955	6.936760367224704	6.597046594036631	2.6294869159515852	0.8680356280451857	-10.853821895448421	0.8011553037809297	-3.6069463040544028	11.8465214462063	2.6491587123644003	4.418566125973456	-1.7497409637934471	1.1879260654541182	-2.8494815914075318	1.292389703457499	-0.4224822135093448	2.8994821665284194	3.626854374244779	6.394972744623809	0.536524300110977	0.17441321579451233	-2.0051507466195666	-1.4785260780012182	-1.2151069442906155	-0.8689849665922273	-0.0456574083239025	-0.3815948290078973	-2.712827520418104
2,2,4-trimethylpentane	-0.7394036512642426	4.790562630167941	9.211141736038677	0.07795223075262629	6.815874445392929	16.84925364969892	-8.478983786535125	0.6136703675973596	2.7315152084547107	-0.13375314729039137	3.923755548809219	-8.72990606860784	-2.19883762062792	7.508386956303376	5.2202788526068815	-1.5388008205363202	-6.047795553312199	-3.7814464053437935	1.3317647787255098	-1.131948156341046	1.8684171597654997	2.9076680339500025	0.5144448435054577	-2.387913784247961	0.4967930981615515	-0.1986717373422769	1.03408245174041	-0.5085817034827204	2.4815757693321006
2,2-dichlorobiphenyl	2.217813557420931	4.138234286338386	4.37898866013252	5.122693252096421	5.116184523463291	4.51146831270095	-10.40360737968931	-8.298574311945911	-6.944200357500966	8.087344449523545	3.412339669409089	2.9909150440941574	-5.76011190914463	-2.0220020144655515	0.888671776128766	1.5364829809365794	-0.16533322629780367	1.0663631502646074	-2.1999205022200417	1.3008582536796387	2.879737080374302	-1.0901102773382252	-4.5023163977901115	-3.5839617218426008	-0.9947161122670196	6.660800249860532	4.278057608086345	-1.7014130861602843	3.3897633441732617
2,2-dichloroethenyl_dimethyl_phosphate	1.5209712601490333	-1.5198714116471008	10.172970367259321	-0.30816334216879415	-1.419225596385282	5.970124660547546	-0.4191309510997767	-3.918352554589693	7.872738878160049	3.1573780872883033	-4.748052757483896	-0.698782377753893	-3.7167216706962067	-7.63501982973797	-2.819614338724616	6.190375807650559	-2.328355211107223	-2.1669429965767804	-5.777653133810448	-2.5425782503975665	-0.5482344766566084	-1.2067972358576045	-0.5159187515974635	1.136568246282923	-0.034090686416505665	2.2415264193239195	0.6859695829897247	4.702983323918618	-1.8150526564328393
2,2-dimethylpropane	-2.8610973242009035	-2.102306156827163	-0.3344139918270949	-11.661546578178264	-3.551385643936327	-11.705676636706286	-11.691727807382673	20.286470197367986	-1.7285888036001902	-5.895809186358687	0.7813952744430598	-5.118570348226141	-8.120290044285367	-9.897303766715595	-4.272845301327216	0.36657984558916235	4.724159921995221	-1.1681514577708814	-1.111321088029869	-1.341078049371541	1.2268119772417005	-3.9054605172612438	-0.17497504968314637	-4.000493509586885	3.2142163520763605	0.5520539550191904	-1.4577036152443714	-4.95620403995296	-1.4074358241568181
2,3-dichlorobiphenyl	0.9278777646852514	4.735168443913432	2.8918697313317723	11.755495453100817	5.2570194317160075	0.011935455736027218	-6.28381077766558	4.311401326207654	-0.5034507176907079	6.483715962510919	-1.761647136368418	-0.8153282557097393	0.13168228199369772	6.215745405592996	-5.4178594760759085	3.6410454850086675	6.321701485352147	3.183667433537312	2.7511016005115825	1.1535041829543566	2.4129078619402407	-1.492017781318675	-5.6950289467762145	-0.5670233270084815	0.15484254215641222	-0.6595340455326859	0.4987428742665979	4.995051337933263	1.278856274672929
2,4,5-Trichlorophenol	-0.6017016643042069	7.088465185530133	3.3553786334652846	3.7887773567537275	2.9515899794696216	4.341583786236231	9.076674725999483	4.48189309877152	-3.2568198564661826	-1.1457497452221597	2.4489549081276403	0.5548569179885723	0.20180636542576777	0.47054238997998304	-3.09124939505429	-5.013085974728189	-4.432108212812876	3.4519134220617715	-5.397846309313616	0.2389211647704207	-10.771535518324042	0.06862523889186946	3.1457272925493958	-3.042379560138887	-1.7154309496159557	-1.1239513055858086	4.175457225138749	1.710796451598528	-1.4380780941144162
2,4,5-Trichlorophenoxyacetic_acid	-2.7045058702309794	13.476404649817256	-10.506827374906312	-7.1981863761052995	0.31072011562321816	-0.40645352277470403	6.1675919604792435	-5.225086526802491	2.8767843611424744	3.6552235656485554	4.257276628340293	-1.4069303846075307	-0.2447673711350341	2.5252774941275398	-1.72194676287385	-0.5491708792924518	-0.09275310058099173	0.42819619719035523	-1.5705497096223267	-3.071718728089673	0.615611507672698	3.377704747692454	-2.6592429339268886	2.2866092779358014	-4.571075004053348	-3.224781229433384	-4.255345664282708	0.7845658152779877	-3.0482999270110818
2,4-dichlorophenyl_thiophosphate	6.50118037779138	4.601657560408348	17.30106955875558	-9.412233519238848	1.7708269721040772	0.5400254244874957	6.10802108253193	-6.126139817661941	-1.7336951674994228	1.7691265866285244	-3.4687610893173684	-2.28030427953601	4.982547793449852	0.06237945111128403	0.7163975190478289	1.559654852170198	-4.8443367473065315	0.7918895558726351	2.3353277067215696	-1.1927155615779672	3.619164750819352	-4.404967507779153	4.82826878070861	-4.115846994378048	8.404507787332541	-3.454103232370274	6.587581360899889	2.3888710132739623	-4.926888605252089
2,4-dimethylpentane	-0.8047942821164182	1.651356054510362	1.3031424393510578	-3.4954147478537494	8.575888968836557	11.413500472669428	-5.702105352560173	2.8202077278335267	3.5552890208331918	-0.11107140860930165	1.6544225584273413	-8.308476954412694	3.78399170226393	2.1319085616280806	0.028353574096071858	-2.407204293168675	-2.632204529511603	-6.057607485213089	7.196610168621715	-6.572104016362111	-0.12316522742291085	-3.2680211176935208	0.1201582073259954	-0.582294360060814	-0.4463393094725371	0.8750905096466446	-3.3601083640175	-1.1675716692017373	-0.8597340274935475
2,4-dimethylpyridine	-2.973564153863553	-0.6877685593378214	-4.100771882928128	5.612780187119065	1.6094711877331027	1.4502211136314922	-1.42469550060875	2.3095640266653934	2.0701966189984544	-2.756639404281818	-4.8043496319727215	-4.41836876837955	7.041688857965618	-4.713136021291184	5.065417803006761	4.241829834427168	2.9803292039472025	-0.2666547599470163	1.9532717869202418	-0.4370182413279081	2.3312309856025366	3.6875323319286424	0.5196901331080958	2.8845411680893944	0.414749262253819	-3.087668207501274	-0.14214407391541112	-0.20478281090903958	-0.9276278741556304
2,5-dimethylpyridine	-3.0500795147541533	0.763482976257511	-3.865526928401333	3.1334460035891816	1.3824114361987152	-1.647982588520193	0.5187785971471958	4.037511919930415	-2.7563759473014815	-2.9293495066565494	-2.026235280334529	-0.3289385667413506	0.3312745365046082	3.76315597095903	2.5144230307957884	-0.804176098349965	-0.5952843927495367	0.5736291608487142	2.606827654837829	-6.216467073243654	2.7587292672690067	3.7630952533923554	0.4984635329598151	-0.019434589232876727	3.0721163872356607	0.7968336221131226	0.7686283532332931	5.116233658970331	1.097404594016108
2,6-dichlorobenzonitrile	-2.016340093982612	-0.9086932661656579	0.9774925204488285	-1.8289303320988957	3.9096263344144306	-5.239964491787835	1.1485115347352963	0.6085761297249406	5.332583120451153	8.22314034045358	5.451711700972572	1.875313904257413	0.3466541950635106	4.443757639045423	-4.078867238889888	0.05836071087136176	-2.4939537568785095	1.8019354091788629	-1.205165165285782	2.6550269628170753	-1.8065547384088998	5.2477869705514	-0.982702461145711	-3.927710088166931	-2.1620401816326034	-1.5523250496037146	3.342680629444866	-3.4884688049536545	1.4443401882767066
2,6-dichlorothiobenzamide	0.260085725116079	4.083564149570063	1.707984046503192	9.432756444948003	2.923644025879315	0.8308429025546301	-4.949803461130705	-9.036057522747218	-1.822194029229626	-2.4003308886596817	-4.105999202321717	-3.8569890295735836	-4.552984623185883	1.6001376702737915	3.30624736457509	-0.5956520154301074	1.8593651631756913	-9.134094726459509	-4.582624238054309	3.628450330962649	5.2656852899214375	2.485228012552176	-1.3235670920868037	1.1665237203103371	0.4436196654900345	-3.566545814988543	-1.7987681278726348	1.7269470879960904	0.8814180041504924
2,6-dimethylpyridine	-3.125136453160919	-1.544752704628443	-6.233885894498112	0.4833579856817869	-5.590590946386651	-5.016117257729259	1.0879899085407152	7.318764859788672	-2.4244444369355143	5.383123664974251	-4.07836142028918	-0.765068381860275	3.528953256327266	0.7602064830234625	2.282860923696219	-0.17828585705445188	-1.8440979116112564	-0.1881643107739269	5.726602463019439	-4.878451183987798	1.0054381679293016	3.257922127254614	2.031810921554664	1.1539462502632165	-0.40826042201142865	2.5711356223026263	0.9329577313294156	2.45342832420751	3.9944610741442856
2-3-4-Trihydroxybenz	1.8146463733949543	2.7833818806792032	-3.6461620807449395	8.584473708480935	-3.059083478672703	-0.13406731916820164	-0.9650700522092326	6.22498371127155	-10.527991377858681	-7.349301529475746	2.1778448889146107	3.574791513196892	-2.2203063988674288	0.21041265034554504	-1.2671803091027478	12.440949773321215	-7.516409053736285	3.16875611383025	3.0931194602153345	4.260985127488444	-2.493445959427517	-1.2407435742548334	-2.3722474091942103	1.2226574026847647	-0.003404919334460078	-1.2186262938675363	-3.0108232062479443	1.8028505595314943	2.244464280068199
2-3-butanediol	-3.081211183771768	-0.6979276854754995	1.8354621689018547	2.9406591287793895	1.7103583977773569	-5.101915261668632	2.7312562573361743	6.285875994271091	1.6186095499509394	3.69051889461417	4.925642889540438	0.1149054801672911	-2.4464380503905887	2.9502548745508967	4.657164775308779	-4.875994080559193	-0.8350581263016688	1.6095936058510922	-3.990580755704588	1.667176188594331	0.991043657787807	-2.5221414739903625	-2.7425806168602955	3.2930853204295616	-3.99765123669625	-5.10101672112759	-2.5431549470567516	0.9985025467969885	2.668268303529728
2-bromopropane	-3.7986023123799404	-6.831508985263342	-0.4978283193101324	-2.242123267267314	-0.4268854230792132	-1.4385073197668694	2.1200061969923487	-0.9983323968355244	-0.756747711978167	-2.305547957634243	3.1763145576865957	0.9697032808736132	-3.638836988749954	0.7976234754622817	-4.175064859111305	8.545796939825596	2.377048070138675	-3.127341739625212	-2.6548582213030674	-0.5178124250674301	2.9585461625291867	2.431978564541149	-0.9435184370945512	0.19227678906293738	-0.8548122078914382	1.86722341680096	1.9331860797580727	-1.6548498006471224	-2.875280314858865
2-butanone	-3.3944425782269327	-3.284447830915799	-4.706242784474688	3.3340239420584967	0.13846149474740815	-1.0031748601599708	2.175199581673062	-2.231224655068796	-6.5438355345952015	-0.7433218863244284	-0.9692090505504518	-1.6700655643054325	-0.11847563219985517	-0.5318001439925635	1.3290374940230631	-1.1517935453329862	0.9740331149112011	0.13403586769143824	-3.9863302375221306	1.677411939337042	1.392282032703535	-1.2811287822136097	-1.296565049355612	-1.5723335791767257	-0.0848800410234728	2.9862719680383227	-0.6850586699994403	-1.1073946172119318	4.0777088975741735
2-chlorobutane	-3.8201104732391493	-5.533143340671713	1.360259334931903	-4.6910507551574785	-2.613697382316325	-3.1717303142082836	-5.049642060157958	-2.2695860886319794	-0.8683779511596832	0.6861617834438382	0.6438851698401876	-5.358158131433944	-1.3693582056828544	4.304423012623894	-3.047009306170347	4.23932776737976	1.881478797476921	0.619122055015613	0.2128763566906065	5.046360840128403	1.7305597394238588	-2.288891166835164	3.8851216105214377	2.879874733546599	0.9556405517013057	2.8432026561170205	-0.45777574909066765	0.18940737823514617	0.9221234712031852
2-chloropentane	-2.257817575708341	-4.032281386219069	1.1199996512294343	-0.5719705046233425	-0.9623215862759806	-6.445561506036095	0.600778578367862	6.067524047898707	4.452124698465606	-4.162309555576161	-0.23499709632438928	-3.469656511554925	-0.9908839617037746	2.0896974163433755	4.314057171050096	0.2422073293763909	4.051728411891599	-0.6651179890658757	3.4518054085946037	1.2687789085137195	-4.330878822005057	-1.9064751201273928	-5.8132798272545	5.415289853861342	2.986204335332902	0.6611223612347409	0.5131658650379415	-0.9732124647334912	2.271248631084135
2-chloropropane	-3.822581473420288	-6.7295363186212525	-1.3427396171522108	-6.376826801447787	-0.3196560592750054	0.962346698907482	3.303298057690665	4.28312035133429	-3.6121266384041593	-1.2139357686945895	1.2160564041955562	0.5609741652164899	1.7240317256176632	-1.8741492744222767	-3.2200442258303763	-1.854775273301187	-1.526635829299566	-0.5534209795149894	1.3836589577428737	4.092219907933558	-0.776010213996837	-0.0031208937570220627	-2.8751252876547713	0.3739103671329947	5.701093481686049	0.716342150983096	-0.009596671724370207	2.5464161215923062	-5.085159720522017
2-Chlorotoluene	-2.630908100740231	0.67464047485736	-3.11799273220899	4.2906051777552054	3.585523882624705	-0.8258050635839909	-5.253425748567451	-1.8478223950942259	-5.448747966597396	-1.504644576324083	-4.744834351190121	-0.39824356422158497	4.072692537008695	1.1185930755386073	-7.074124785780458	-0.8461913317172557	5.750373926501596	-0.3727719178582594	-3.0764151271994447	0.26604148548210643	-3.6800114343490358	1.0682888385309384	1.894931899864187	-0.21743408528911484	-3.7923440494504974	0.8139469403605816	1.7002883108600066	2.5461674633837	3.2378816810725746
2-Ethylphenol	-1.3436437383905329	2.5553998053277245	-4.092666770234166	12.383650980365692	-0.6642282344983063	-3.334224943060974	2.6384667938582718	2.948772899587039	4.1118716515409925	3.758959349635478	3.301687226591523	0.3320181867630729	-2.618586993818869	2.7128330608757203	-2.980249233746061	0.7378464377166672	0.0951249921847489	-1.664979917376542	2.0442850147195712	-4.034050608909005	1.1128953785362963	-2.6080790650456374	4.88302045410121	1.0105776010392762	-0.07258791199934261	3.7017627276705065	1.5806705348207037	0.6267150079347419	-3.3414994412484207
2-ethylpyrazine	-0.6021108617387843	-2.684560722521228	-4.770418295118364	-0.8449230520950315	-1.773855751545316	1.6292832686543472	-1.6807084042748657	-4.440448370268581	-4.2556000011667745	1.8522774671598279	1.9446494062171995	0.9231200181981102	-4.902553579090282	-2.4498099605532704	-0.49281457555410924	0.7409139643480627	-0.9339615466132605	-3.560657640783781	-1.760796027430746	6.623543061007555	-5.2583265202761975	3.5611463439707687	5.387551922168092	-3.054796187326782	-0.09022143596059662	0.6923510110169131	-0.24870894742244848	0.7056146278991154	1.0629842817748836
2-heptanone	-1.5118666870492585	-2.0175264061866023	-1.4099087278292475	8.401405685579425	3.9505388063622897	-5.450291113482731	4.556408050028308	3.789392196871353	5.708545564549863	-4.3325401893828115	3.2117217754622778	3.9540660790065467	7.435384841774759	-3.9410279481853534	-3.9760297260214124	-0.02651592282189673	-3.611847915186236	-4.17414020493739	-1.9654894649610815	0.6071217528616949	0.6985305496746336	3.1860580773125724	-0.8615280079476327	-5.519282656307283	-5.5469393326273195	3.0533110609294645	-1.3619583073005181	1.6883595856806966	2.0055330939985216
2-hexanone	-1.5318856635108349	-3.3477277194886272	-3.0631890642081063	5.307815100462548	-4.464203310618833	0.9248618449010427	4.36817527630636	0.5459510832141717	-0.6646175873205483	2.328607852016558	3.5615835463446	0.6510923858222913	4.286872644290648	-1.6780395435438569	-4.544886037219929	1.9209015809654026	-1.2189696744264424	1.710041111618333	5.210886412966878	-2.7643509283102423	-1.1009720107134129	-0.27980863175561377	0.8605920810476444	-0.5366487386777626	-2.4199659044958244	1.1814616762445704	1.4878381296787853	2.7454546708630065	1.057371653940888
2-Hydroxy-1-naphthaldehyde	1.6205542198503207	2.287030983374182	0.09052588410307182	9.600654887584128	1.5711353450545908	-1.3418657593404077	6.192746108592156	4.041542186900024	1.9802648750943213	-4.508909585515495	-5.285762436276714	5.440410257669407	0.03305072830504589	4.086576211292651	-0.38390208740784726	-0.12090668497703957	-1.9283094343214557	-6.193731793526969	2.6314713008901607	7.031846691584011	4.009347185339847	-6.091926480038098	-4.0508497146802025	-2.1495223198804734	-0.6253340276460413	-0.7567528425074059	3.888147198221761	-3.8615440171533653	2.5478114973448798
2-methoxyethanamine	-3.4623041660306475	-3.0310872203651593	-3.9395475329610616	-3.615106535341448	-3.121328995134639	3.323140402738724	4.222359399748584	-3.916456389808665	1.3592802291186783	7.525984682001499	0.18040387162202387	1.2814545731581661	-1.4453720982408145	0.05492352365810424	2.4002258059967803	2.144573175554974	3.5699848180346465	3.997376181922738	2.8654585999630666	1.7681262892264367	3.057255507301399	-0.48126680856491655	4.43598183831068	-2.7323601474679915	2.990230855745553	-2.641250340316868	-0.32359033656531944	1.201823503275465	1.5630846910359628
2-methoxyethanol	-3.702565933730773	-1.6025033881116628	-3.47508359573514	-1.3056966602392992	-1.6012967229335673	-4.696937975686585	-1.8602605142622477	0.6200691322116457	-4.332008961693545	-1.0410482844173077	1.1338818184344113	-3.338762605746034	-2.701293907238526	0.264390906522591	0.6863032546455058	0.7448041073677218	4.976341084307778	-1.03280923369056	-4.857266117600387	-1.179111675481109	-4.233280513349283	0.6062909832609568	0.2767525992799402	-0.6563676305645288	3.2825092560205213	-6.228026565465162	4.584140404609378	-0.4903092088717998	1.4525087456187176
2-Methoxyphenol	-5.719050115779301	10.832074469195353	-13.125387905326109	-8.112856210730275	3.321517357673736	-0.7501473442901672	-2.1499403969118025	-6.685098121232933	3.3512947356060283	-4.627269108861172	-1.4762188383884265	3.3539000104575427	5.5629296459735516	-3.3688960438668696	2.7809721705861996	-2.377741079716378	4.508539927779976	-3.5553247433325965	2.319507491159973	4.755095939985758	-1.4971117496989317	4.397835407950775	2.906444403180595	1.7855023553508278	-2.182101450167549	1.0537462762534258	3.994187914453793	0.16609188810013445	2.4221962197639813
2-methyl-1-nitrobenzene	-4.1722029832378205	12.818852283099712	-10.910372651782083	-6.13894249019214	1.014335126403081	0.05887665130479851	7.69579888015306	-4.312872538780047	1.44237395606604	-0.6421222186150942	6.4170963165676875	1.3345540859007923	-1.7571029027401286	4.606752925359904	2.918051115539307	-4.545933225257381	1.7642614630501838	0.183957958127898	-2.139290983300784	-1.3752991303900166	-2.8012378066803136	-0.46858074667367583	-1.0570502425568602	2.2077332418556606	-2.0876416790400882	1.7254347103003689	-3.1691996312492763	-2.9998783331056877	-0.5522866985988495
2-methylaniline	-3.28014954015607	2.4213580026462185	-3.937899106948607	6.770109380919661	1.763605608811485	-3.470555133362376	-2.3391664019020126	-0.8207132457302894	3.1807324758783717	3.980939498559652	-3.271059569948636	-4.662059388031212	-4.216925368526669	-5.938851084896752	-0.5876382078029115	-1.230642331694315	-2.8984409720159103	4.4601585771442425	-1.1171780851410391	-1.6870534285316805	1.4603119661938573	-1.9386885932491207	-3.22807383822675	1.7116433565945675	-0.730343258925254	-2.950970247684353	-1.5562124412985665	0.43765678558892723	-3.4694953791988667
2-Methylimidazole	-5.013196669567237	2.6246632393887026	-3.427020063973896	-3.4097384329214115	-2.694582837139338	4.059317478127297	-0.5296670559026867	-3.4440201478186228	-0.33646009082661116	-0.9874863431874529	-9.281915920133374	-2.880635767319628	0.6165158122700372	-2.566760049321721	1.8644200742200954	2.267292161343418	-6.0773483270858115	-2.0191524847185405	5.185345378739941	-2.0433820050430316	-1.2358222421353477	6.431520439182547	-1.5358535573571899	-4.9923972604585005	-4.777039459469108	-3.4459252373217475	-0.8972163484166936	-1.6961026320864625	-0.6002398707948662
2-methylpentane	-1.8286011567720424	-1.3351739016882114	1.6164169628575635	-5.135535031003359	1.2336179036422659	11.21708828857687	-5.673731588601214	0.24893510623414872	3.5755006911804625	-2.344252045682028	4.53888434244821	-2.57977827814362	-1.3857430701818718	-1.8899532037244278	2.7006950094317674	0.1276283776452762	-4.46255982963295	-3.0350183771227797	-3.2821919026932576	-1.4786867397379078	0.33194037568404217	2.2842345270111495	-0.3002880760713799	-0.3555656111467173	1.2759769771956535	0.5601727053841535	-2.3738318951830766	3.612259956412145	-0.9572085814320772
2-methylpropane	-3.574057084303654	-3.4114357387854923	-4.773820480947767	-11.380468371761488	-0.8911923404384586	0.7075608082250234	-8.175141497479189	2.937788791301493	-1.643967014305405	0.7745406887174671	-1.0804661492486582	1.793983123110185	-4.697217718008101	1.4556451463520559	-5.087750809078836	-4.646764659548327	-1.2391505587507092	-2.7931166284304707	-3.1128641810862723	3.6637799426354962	5.607530050076886	-0.3606741799993569	5.0104546188624575	3.3153711174653075	-0.5977808953513848	0.06478501822576843	1.741131144458856	-3.2127307552369304	5.761802080067704
2-methylpropene	-4.436659271650777	-5.18034031437948	-6.169485639698836	-0.6978709020325146	-0.6646409609455438	1.0743442563597843	2.685177134812229	-4.214498735328316	5.421036873507766	2.2490693489538	0.23633791947302277	0.8404343777443364	2.061498905059737	-0.6743008390351353	-1.8668501613158999	1.1171974767987685	0.6337774645344987	1.239318697956124	-1.9512325188777444	-0.32647977664428796	2.4005854600388936	-3.7368006995474463	0.6346949324970806	-1.4271798374100724	0.8714478200012785	2.1624428926425456	0.8841656514917732	0.006768883977440259	0.37548519600205316
2-methylpyrazine	-2.047479204255509	-1.3976143300868578	-3.898686261556317	1.7256249849836804	5.38767319286703	4.237789107096418	-0.6305937484708247	-3.259022678354505	-4.100270702560818	-2.6119844154285357	4.153364807982822	2.2022982724033056	-5.5157290400685675	-0.7120780128617555	2.49484462910903	4.407216081837175	-1.519060566461172	-5.549715135355874	-2.1366001060011297	-2.0455193135895944	-5.341016603332384	-0.6480395586182378	0.692970558587417	-0.8801968044540596	1.8012061549105585	-3.752825171057471	-2.2082718100233443	3.8779948670396194	4.709827062936727
2-methylpyridine	-3.10909354682929	0.911925472804151	-5.568333073176239	-0.545609371049069	0.32481674358391255	-2.7058907684728113	-0.13045560255524602	0.9555921646392009	-6.9236720338711635	-0.18886719554044773	0.13388550080737258	-5.79926575159975	-0.8695281909102714	2.1341993568843347	3.3956062673321297	1.7818461357702478	1.89158229093625	0.168759278498287	1.1351679523873075	-4.0689098711804315	-0.5753936534081762	7.071347924730138	-2.099941556783307	-7.502669321526091	-1.831106763302252	0.6865503769586351	2.376863655271722	0.5332349238904637	0.10854164587661774
2-naphthylamine	-1.1096071878372569	4.24223231335277	1.3651046381681124	3.030527815655237	-0.6560625277563954	0.937405187624224	11.059734623868739	1.9495594622859875	4.603328683969776	4.312765503843374	2.28797483337199	1.793751521087017	-6.684358659179616	0.5573974845545469	7.113332719237706	-0.5876885028973122	-2.0516298003818325	-3.3087079065392366	-3.573347998399439	-5.036218414400334	-1.515682447738868	-5.282568718090822	3.188699985331714	-1.2262852980255923	-2.1794651772914997	1.2235049225773185	0.44826675310252323	-1.7722813659780143	3.324129183477301
2-napthol	0.09754008698540106	5.797929186301423	-2.292842106531236	8.36531431579087	0.8731598486800858	1.1965435494615568	7.79937632295291	1.4204103697354258	10.683672784176938	-4.42195910449226	-5.870999230277337	3.0353661934534455	2.5203794604646794	0.590551466900207	3.8109351958517053	6.75972919184007	-2.4246019455618035	-0.31142981828712735	1.9172624383707706	5.6175945003302425	-3.160112350510404	4.991226773432281	0.6246737166611934	1.481169331866163	6.292379352723468	0.3662770484894676	-0.46452039998800376	-1.0646535736437244	4.189221032258528
2-nitropropane	-2.3361337296108076	-6.2558454811584285	-3.719939154391859	-0.9621997291502666	0.7343939732483136	5.991178786700123	-3.2977221709751494	1.326474385869697	2.9251910816626374	-1.6010549706417105	4.615031336259998	6.611835489142357	1.5608641719857768	-1.1755516937746138	-2.8542801237976967	0.2517391092054961	-1.036083985525959	5.804091701351514	-0.9452423518743319	-1.565161835938945	-1.5232177593205503	2.2981905131387315	1.7026686899158388	-1.5787793409209343	-1.353636496464124	-0.5042356889808548	-4.546165518962873	-0.7073584505259236	-2.212346592210983
2-octanone	-1.0895080932197372	1.9849642552452975	5.838534435378187	1.388380762632242	-0.2637056934438716	1.7577143150130066	3.674119457165241	1.332244625675763	-1.9295432632605976	-5.999850045734925	-3.4583524368252325	-8.168387664877372	3.535549299539089	-3.20171602130605	-1.5421242371330106	-2.081919196662119	-0.0028945911570217894	1.3834639919208913	-5.762956461139568	0.607093228972847	2.6626801287545763	0.14735666378346443	-7.4646199656429415	-6.789864455645759	-3.504644910197009	2.9418443728324926	0.05698726885675596	3.7085037203301514	-1.2793266078613825
2-pentanone	-2.5415785920796865	-1.6132874176096201	-2.9335108172762765	5.981920442359862	-3.2126285255773768	-2.1123610220315805	-3.116875451586739	-2.490079338882101	-4.721392397461436	0.9938382390415353	0.7565636804447637	-3.9210408439443225	-3.443259109220764	-1.908057667661102	1.229222288133935	5.339231762863217	2.0090754195582297	-0.4926414824782277	-5.699949437197772	-0.21544840598640275	0.6522060883083863	3.81372672301719	-2.5039470177691605	2.319333541446517	2.478755453052421	1.2681624687354554	-0.07245848360694444	3.4527217104231513	-0.3235563622077672
2-pentene	-3.5526012387933013	-1.8903540580298501	-3.281625987771958	1.4411949104689463	-4.118829796041865	1.428263070094434	-1.1680590480138402	-3.6303968526405557	3.9548050542587063	-0.03061390642302268	0.46192681630293625	-2.094910103876509	2.458803577271245	-4.045402874213994	-2.172546638874125	3.52140212435854	-1.1414106308248617	0.9352684240367478	-3.166397733077102	-4.3223066994685935	-0.02948254205612738	-2.6993310976628098	-3.8960473011498777	1.7843540477112483	0.24315389191942138	0.6037633230054645	-0.053772181371146054	3.4810518168590097	-0.5997689873827903
2-Propylphenol	-0.7518137526192753	1.9442051076154196	-1.7043422931292855	9.933702365454247	-4.383594733402695	-1.3000863190314864	-0.9530570604213737	2.0859857503855426	3.17311533980282	6.442531650773126	0.8693416886530885	-0.2246718005677173	2.074366747901668	-4.3317593274303725	-4.709892645400353	-3.155878340392131	-6.081483912356673	-0.5274493577373295	0.861537838482211	-0.8328882773162815	4.756662829408096	-2.6456759013321745	3.5457309362382374	1.5082972481042212	-1.8517481094431796	5.539207437987595	4.218630999883268	1.2663030571209315	-2.7985323153876025
3,3-dimethylbutanone	-2.464981478860918	-1.979178231001106	0.8109754551409568	5.996660090664712	-4.783331005329352	0.8761124958943701	-2.076794631552695	-5.196359522022021	-2.698150596189311	2.8967180964920196	-0.8045064272207351	-4.907597390687676	-0.4652713717245399	-8.182604968728036	1.8836829707864338	1.5559323082299221	-2.183630911846736	3.6606259686010416	2.195635888885686	-1.0493322546121064	1.8653590356940806	-2.186032770483518	-2.201560704873418	5.836326787254104	-3.5479371405549336	-1.3254410043103781	3.034010150127549	-2.235080479036562	2.110390848412447
3-bromopropene	-5.158018489769823	-1.422419030736137	-3.424670265540205	-1.2297295468565919	-4.810083441244381	-0.16277605065265766	-0.2989074322211904	-4.607440379490049	-1.9715532698894203	-4.662774549310329	0.13750269034154558	1.3862078961663866	-3.6635472198731334	1.6516248200545665	1.9953790448792728	1.5307472892714062	1.2969947901746204	0.1859202727981955	-2.712118502339323	3.3370659197555703	0.29974237176595175	-3.562033106563594	-2.6038462242827682	2.370037600087965	-3.0322840792337615	0.7328451963435215	2.3529441538704625	-2.756417210991703	-3.0356605321157293
3-Chloro-bicyclo-dimethyl_phosphate	2.445344138404804	4.363797282932936	11.80755735603852	5.0210402636837	-1.3789629854374434	0.4003973187683738	2.05555222144621	0.8452757827816462	4.926516007067557	4.995697078287474	4.0978956457608815	2.8376398964443683	1.987619335861023	-6.989449370868177	-6.047201365319964	1.1233301313573765	-5.654818972529307	3.1523707739174567	-8.194427068406677	-2.233523915697883	2.390128787756153	5.094271042077365	-1.0031922280455372	0.7045224070340684	0.8617030624151949	2.21997523114447	-5.597264926133355	-6.519912263054368	0.4861217468905399
3-chlorophenol	-1.8066683216146313	-0.5601871669645098	-4.150258275400935	1.296630518080109	0.38062350626266256	-2.6886068398693137	2.866190076605834	0.9346873398709225	4.020573612340744	3.6774387864160105	3.0424117285818486	2.344887396331469	-3.6016805734866084	-4.320541834639897	-4.633197423785372	-4.510635157552163	-4.983418171811208	-1.8039391000910674	-1.3050145148638819	3.5898812408712253	-2.5020475127290838	-1.5391485020838156	5.450325164973836	-1.0821491094561781	-0.30765828828006175	-5.626889780045684	1.2863716915807177	5.640112417083987	-0.6244080791683168
3-chloropropene	-4.593550880863446	-1.2296135764432319	-5.775451229834215	3.064234996272397	0.1956750128971067	0.23594544369659814	0.6872854638781571	-1.827040830659491	4.143502492778299	-0.805851660874069	0.9270869342376392	-1.017734273392424	0.36351447249665336	2.393565808091241	-1.0218259460811256	-2.4541025021774407	-3.0842022774533	-2.8812767512691932	-3.603928676158164	-0.06106139155761256	2.514869519538158	2.7055994137566697	-0.18585229704361067	-0.4615110181991974	-1.1182705161177737	-5.025460410030909	-0.11258490001556973	-0.47029796921438793	-6.192344602726289
3-methylaniline	-2.319899538586398	0.6215082039162669	-7.78899690176417	7.263069974401181	3.0711251030028874	3.8651795094208534	0.2754726089886965	2.811464999209324	-1.31258180623776	3.7489855926322084	1.1081140738346043	-5.597106450530314	1.146945245003934	-2.782955658889877	-0.4459510820672626	-0.28287592332548267	-6.59747754212064	0.7050266754464442	5.46498673223592	-1.1794328294811687	2.3017100338959584	-3.61430027057488	-2.6736087006834075	-0.6310601239265199	0.13619189796896078	-3.163011274491671	0.9526834139663967	-0.33295629490155115	-0.07110910518767519
3-nitrophenol	-0.47848897026032405	0.017469517946771464	-1.594893816370238	-1.2600020548059083	-1.4470702737207977	-0.019817335065869624	-6.1424827627107526	-3.538981263412863	3.381629001368652	-2.2115992994689604	-6.200399038981509	-5.764644928341409	-6.819215976070059	-1.8801818171219078	-1.1471646566203144	0.15873400224861758	-1.0872347402638942	2.433242782264981	0.9564414365419984	4.361258713886288	2.0768242287147833	4.476050409284491	3.650240321874439	0.5920103933603219	1.0977567496799507	-0.6647016762980678	-6.29219770875154	3.729644812822002	1.1038231292373404
3-pentanone	-3.140320888073862	-1.2392939247645878	-2.386936154274708	7.37918496302151	-0.7186645966332305	0.5922808289599172	2.6703953629073456	-1.030907567002193	-3.8702110069110778	2.4470685409358293	1.246471679849242	-4.901107795982507	-1.5027869216141225	0.13916098125826015	0.298122068036706	-6.937751144963671	0.9695652506017878	-0.057030707936069444	0.3811898526280439	3.725439663825809	2.770999789782892	-0.9331195328243499	1.6267134860396644	-2.0381135721288226	-0.15704465047080024	-2.744299269329759	2.042479695164292	-3.5018101924620413	-2.535744979723332
4-chlorophenol	-3.6884892587707307	5.544159771998008	3.777262531896008	-3.3130877126426537	-5.067857860002033	2.6053880310068944	6.822616832821461	-3.6456048644924994	3.0073855817775303	-5.350399600236374	-2.45632712017707	-6.152142736357325	1.873071031000133	-2.124820241232526	3.604711209831537	-0.15286964938256897	-2.4521790066019715	5.429328306662932	-2.0370831860150687	2.1239090339528777	6.167431864056172	-3.1162685407147	-3.233946865795651	-0.8815155679657188	1.8642192673475466	1.8212071758948876	-2.936689160326112	-3.560651945790364	-0.3409193092360963
4-Ethylphenol	-2.3634680546278517	4.107149451563352	-0.22468737262147653	4.252880525683325	-5.366012792001242	-0.46606767203574934	5.718111563426457	-5.386529893442044	2.0234531538608516	6.704966049125094	-5.9011221028752185	-3.1536173208486304	-5.704304495955461	1.4867210456698594	-0.9736126785821168	-2.0181815508025474	5.972128228092414	-1.5435769210310335	4.127019450514728	2.487063866730555	-1.5281330864318698	-5.370175242585263	-1.1697853527279196	0.7358244904518486	-1.7017325167295645	3.4327686093893335	1.2832006993202605	1.689827322149131	-2.127812796062833
4-Hydroxypentanoic_acid	-0.6612198154596364	-3.257949379876364	3.715835237515233	-1.0404467938645212	6.257235755125334	-4.290461607139974	-6.822100395794115	-1.7897042711759106	-1.8796565217522043	-0.9598587890497953	-2.172062094177069	4.592705436173728	7.429861646746603	-0.07245339527797581	1.8362780362681927	-2.4362743553534125	-1.4282283024570839	-0.7343655429928143	-4.421138999698395	1.7188299858253362	-0.9473521075526316	-4.807393656148953	0.8687115268257699	-4.183233746289578	-4.467585884544657	-0.0906846098855186	-3.541186562770178	4.045855522498264	1.2475508734321001
4-methylphenol	-3.4070926162019	2.793457751201072	-3.0189206398640795	4.045682123627062	0.9325757989758456	-3.325657663680536	6.331103429347479	4.819444087069118	3.7073174410206255	3.7235832410009047	-8.06589232575317	-5.619736087435852	-4.434552298779885	0.7883444496137668	-6.410241109363431	-2.4478978173713486	6.916020394268252	0.532202814054604	-1.2020648916450734	1.9914138926004354	2.904857733696108	1.3742969557152696	7.087231442309372	1.6012498638368122	-1.9727205208158503	-1.6457512683295978	-3.256262081897186	1.3750779685723489	-2.3222558040111925
4-nitrophenol	0.5021761048302585	2.13536412218266	-2.4614712261446017	6.0183530427591165	3.845878053440458	9.667153984111328	-3.3681496147256964	1.5587390910827956	0.4798730998742286	-4.694452896321717	-7.978415265243432	2.4063063071300053	-3.4460316724736946	6.430844128435047	-1.8032671934698767	-4.190234180957125	0.3789452441722687	4.785129926027154	3.313787709867835	-4.032257525230463	-6.4927787181334935	2.4778508661161887	-0.39542570472586963	3.4529180524306398	3.1806814935417522	3.1711533043044993	-1.4614739217342712	-1.324120998144153	-2.7430108239541893
bare_surface	254.44132525330647	-3.609324929097582	-3.9148881881193414	-1.6784432314830453	0.42306832301340014	-0.6522285044645341	0.7974298410392406	-0.7464882858204127	-0.24424079538446272	-0.23398985469377595	0.12389136465266005	-0.4973022232322694	-0.20007122352405712	-0.1420865907502976	0.1797555650767801	-0.36403871567211454	0.5119865938223945	-0.16564412117286886	-0.1450119980283846	-0.07076766812399322	0.44101004049863907	0.2356000154307335	-0.3155187796117198	0.27531520653252306	-0.3884106562398734	-0.11720791507761509	-0.06448060523613411	-0.060988531266113165	-0.28005023208673163
Benzaldehyde	0.21115518869004743	4.725413531256048	-6.070501415223954	4.886322242882368	-4.9837961682009775	6.299889748434078	1.9090822998080135	3.782343888344253	-2.1200187656562504	-0.014280237337391213	-5.39435204335785	-3.6701176925766714	4.251157782578609	0.027653058297978816	5.692987123647297	3.9489602271487505	-4.4081796158564295	4.146084833765937	-3.9260304972248345	3.6158087268270154	-7.258927558107148	-3.448532980514098	-0.69965324480213	3.838204927156309	0.681649906492551	3.247662448815095	-2.024525142410759	-6.231165216433519	-4.575361005026531
Betaine	-1.9435075595590925	2.872344168805903	0.4333334305996343	1.1790391314730846	-1.6137268885886524	-2.3640849515643065	-8.292207308843672	-6.919268143069693	-4.282157402020614	-5.12800317566623	-5.803013379902255	17.21423452078483	-0.6337256969576317	-7.135305219986747	2.6223593495494764	-5.21962240221154	-0.9164369961636556	7.281757242716154	2.010134764996692	-6.421981805826385	2.3535440038756223	-0.07536680153549306	-1.4693913406207615	2.9411360815162912	0.6103636326523117	-3.5102042990512583	2.578662270732531	1.6869549617746422	-5.180435461355353
Butanoic_acid	-1.935674233557799	-2.63332164382099	1.357274938581133	-6.975360132364344	-3.127490588245936	-4.321361411254939	1.1087250748236805	-5.298747796984211	1.3679231583549227	2.5017214207972103	-3.4436319230803423	0.23644280770359954	2.9144971118661998	-1.0113099410268966	-1.309667998846178	-0.84299706064651	-1.738495043057724	-0.7271103970024625	1.7062470004908972	-4.094874702973373	-1.3966490252337096	-0.2137141228826159	-3.8938988165793895	-5.523202797631692	3.0769004676316936	1.3921598183441923	-1.2206843758720651	-0.946287132300808	2.2141240018089756
butanol	-3.4058227641352956	0.41550544145359075	-0.9787490509832786	-3.745224831157866	1.5407071815780389	-4.6047427557411105	0.511480742843725	4.231333339294005	-2.4558406201773644	1.677805831183291	-0.17355957103204558	-5.151845626215642	2.2622671976639417	2.0770308076234487	-1.5583125651989287	0.019178482797132752	-1.1384902710263392	1.1665994385139375	-6.679347343704535	1.3331575451280329	-0.9367889855898591	-1.2801902592458305	-3.5943201234719426	5.499517941640122	0.4280464356501008	1.096645681375409	-0.1734833278350137	0.7233628834664838	0.7608377333542957
cyclohexanol	-2.4785928590410857	0.018730140801867277	3.9907650034463846	-3.256632918227301	2.012689886135974	-4.134455486954365	-7.5976702353355625	-3.730740574694077	-2.468342890454409	3.188461706761699	-3.5499283134152204	-0.8663834331872963	3.6725392656235765	2.0219706629890983	1.870429967715577	1.6232067138337896	6.481192573972994	-1.8703388835589885	-0.8421768846148249	-0.04253331513343793	-6.306490769130686	-1.5988650696797984	-3.6297154845996182	-5.389511261900525	-1.76195214357775	0.42603044116448147	-0.7699373724041932	0.8522646981330806	-5.244349932813939
D-Glucose	2.6350800570421025	4.361478671236615	3.7390293496664397	1.1388221534647676	-10.487865554091943	3.7094306232661842	-6.9758526982222655	1.567041477815603	0.0489487759747649	1.3538138803772364	-1.9159546111879668	-3.908807471810902	6.032915983717771	-0.4826724658155094	1.4157031719419837	1.5483269442747156	-4.344124768402204	-3.9348286602251608	-5.829116347031712	-1.3791411662803357	-9.584676108774802	-7.819251873773629	1.3921774180029023	0.8386592413586045	1.0661263389486377	-3.329233075417059	3.783170573192906	-1.928554939028352	1.9436337885366188
Dimethyl_glutarate	0.010190733073188348	-4.305158344873764	11.502094642480694	-0.793573751127853	-14.384099417364512	3.6656805752655903	0.6909720726436464	-1.9569948547037745	5.848548390373973	4.934631330087933	-1.7647298866564893	1.8273540158888402	-4.954768489552054	-5.52271451611711	7.129767766340311	0.9762076455689939	7.871486287611463	-3.742803151849136	5.535973804324203	-3.307160273309129	-1.9323208282506072	1.001814142464106	-4.253300341797264	-3.4012376491949174	-3.3724025891921543	-0.7434882496945308	0.3349667226908258	0.9118390601554954	1.1987917709545928
ethanol	-4.54304208154907	-2.5023108760445902	-7.037866661175379	-3.6759483176188095	-1.9233674195019945	-1.280075377913477	-1.8209570318855302	-4.053324521619577	-5.180329195120061	5.203722149750471	0.5504575919693849	-0.9115218168946643	2.804373261604267	1.9005969338717847	1.594627029494835	-2.7021441133672286	1.1808593210587508	-1.7519340387137095	0.6520007766397561	1.8163926764348257	-4.886868386341855	-0.7778017796327809	-0.8248250859926557	0.6094334077415208	-1.201134182751699	-0.0779539799040867	-1.6856122640929312	-0.37451715937609154	2.5517984274853793
Etidronic_Acid	0.8407524963516082	1.0805452191717495	4.203793125743284	10.547010627773036	6.231236319420324	-9.968769336350372	-6.16313093216948	4.41831727951589	9.828097213499335	2.170094764248054	3.697050773023412	-7.265553691058642	5.406622011007318	-0.4913267435173338	3.1243621789278424	4.577863118035146	2.0531421613668903	3.4412960506733565	0.9337373705369689	5.1838544534846935	-3.5074367613494863	1.755493112765678	0.9174499383249386	6.863762731726867	-2.4999976881705956	-4.610628961243986	1.123179736167845	-0.7658870882174229	0.4127913924982728
fluoroethylene_carbonate	-0.5173032159498043	-3.097227666217285	-1.406232197106388	2.1104943022161935	6.16803780372038	6.473701501725896	-3.126564953259629	-2.3191828622951065	3.5265122289832393	-3.672517553887732	7.005054024364175	3.0002733465634845	-3.359504225297992	-4.907488240017238	-1.8891405276515219	-0.09722967132648325	1.1809518526970673	-1.3641701078319157	5.80359767022838	-0.9053978931971743	-4.043513597033303	-2.082982276243666	-1.1733754743023084	3.437571711574352	2.7764891535209935	-0.16867938168943195	-1.6840183333885503	-1.720902785336556	1.081725928182257
Glycine	-3.8909793145291984	-1.2075810029389498	-3.975248517850448	-3.29454859448733	-1.8640119586091424	4.510101962179385	1.9506792722879103	-1.1033817758671136	-0.32534474340186814	5.836781625069024	-1.179382387271452	0.33667656356581344	1.3878937212303326	-0.1781336393557264	3.984463934348042	1.7293525930224098	7.878480281109026	1.3894950700361073	-2.097865871756725	0.48529031868294364	-0.8536146000709617	-2.514952913216707	0.4708873985810438	-5.664154784050442	3.653226357191145	-1.345554995912758	-3.9734472104717744	-1.1702750023587851	-1.0688768596517852
Heptanoic_acid	-0.5261308925166908	-1.9316496928472198	10.383282205916126	-0.03222353799893176	2.2220368953062177	-15.420645088905031	-5.314032280639996	-4.710189354618082	7.28632499598265	0.9683723610454399	-2.5345385045249396	1.6056573737016304	-0.22179044793241764	-1.882158714874427	6.116920036008675	-8.994333728043411	-7.5489867686249195	-0.9284878763514114	4.91225840296551	0.5898059422788632	-1.9024854650595349	-2.3362235038215458	0.4188762347920974	-2.0801696891432697	1.9092750151696216	-1.3864353977666364	-4.130834203164589	2.3274644530215105	-0.5921418711144623
heptanol	0.06045072410880179	1.9425197350757277	9.558224767761521	-8.913325307276901	1.6649248210287226	-4.1836918434521335	6.885262265074839	-3.03515310891732	-1.8300710430732965	2.0994335529991197	-1.7506003964043382	0.2444917058370883	0.5774530820996382	1.7186181861140364	-3.190171071833192	4.586382327178084	-1.5535815821781878	-1.4620458408443118	1.9889589851797151	0.6866691507820473	-1.5505083319082147	-2.0126908634494285	3.014026533026983	0.443323064230579	-2.3942295289473843	3.071276843987326	-7.984034164248271	0.5646678594795183	-1.1182908150316446
Hexanoic_acid	-0.49748011738600717	-3.7657852861334544	6.5042170043891	-6.595537983895078	-4.1373755508168015	-5.204948965037915	-4.841219026562929	-9.481534775028647	3.358419625157188	-2.2611771515710246	-1.660453050538524	-3.1966866737005115	0.349519981348446	2.8003260911646577	-6.191452373757801	-2.750432528602676	-4.0206293033567455	7.1941773680370895	2.9648604495599864	-0.6246105758881116	-0.5049500495859698	-2.184115881699749	6.099986573679901	-1.0305914819228414	2.2402860599529495	1.3307706603037535	0.4784147119777106	-4.291929001686315	7.063429386499508
hexanol	-0.9464199063191743	0.6243675458785767	7.77644230758585	-4.25355500595428	4.337316600852718	-1.3449686325127106	3.0358977895519295	-3.1900800798461284	-0.14015815538417933	-3.246652293450368	0.4508711922089234	-5.926861229095549	0.5508228742939102	-3.072295059722243	-0.11337363181118144	2.009886802842585	-2.9999443399725045	3.3988627439732966	1.1781577827371135	0.2653830862595144	2.11098683377863	5.616740319781583	-0.04791314465712875	3.6378850654744923	0.5957026576499046	1.1505476646695723	1.4590303700778158	-0.5325974782738253	-1.0464071714524397
Inositol	1.085436565109756	0.4860193137100891	13.82636981806605	-5.4629263451405485	-12.00682787802307	6.401747321407825	-2.3786139620890414	6.690867779398253	1.3887050805732037	0.5415557041345357	-7.614213954166923	2.807988670558269	-8.730038118034084	-2.2243190921977836	-2.486317555812136	-2.1675145264145472	0.956895902030376	1.8000450403083736	1.0557909923804645	2.4164263051052663	-3.077212879031019	6.811957413897037	2.4423066394578874	3.5872191212048983	-5.208391848425022	0.5300121799435396	1.0592235475636982	2.38043084938429	1.3676220009613786
Methanol	-5.9897011650856635	-4.545494694137548	-5.946869661977889	-4.022927415444299	0.31637873863842536	0.8866785059454513	2.5330019985708563	-3.008170303915333	-5.722087157568591	-2.2818565678261296	0.7940769083861426	-1.7714482682474157	-0.5420916726199012	0.15764568000226473	1.2784297215770588	0.8930976626411611	-1.574924172653677	-3.4251635288890334	-0.0687746427982809	-0.4708544938364342	1.4405149122392655	2.6622693598279508	1.0037340801312076	1.1521554782595569	0.3635134910549158	-1.2685686300498413	-0.27476327227437247	-2.212098293673597	-2.43495402962661
Methylpyrrolidone	-2.7520330423933395	-1.9709262535765373	-2.866693301893118	1.503225394903942	-2.5983519559655948	6.822415987102089	0.2943989436537539	-1.2634484091968263	0.48510680986190635	-5.030056359626756	-3.4127056424027575	-2.3085648894286095	3.809839324666638	0.2565662982165009	-3.3805832914618814	1.9684967303042171	0.40199389329900476	4.425323834267829	0.7887631718446028	-2.4588517007294444	7.647656526711696	-2.215008676460004	-1.6048553271407822	-2.1878054534298306	-0.5270075658698378	-4.545663823803135	2.201191350491643	-2.9406497087605685	3.224642763585947
N,N-Dimethylacetamide	-3.353750893193388	-7.139261469866928	-4.64531791523316	1.7246614978037529	-3.16032927464456	-0.3473361135823397	4.189711023977313	4.730180472262866	-10.913729574198	-0.45539903471362786	1.5124788326974277	-0.8573770593804506	0.9588333938292833	-3.3464778237600306	4.364004677908702	-2.468236297586111	-5.492790252873487	-1.7883328599336723	3.550388222372403	1.5586379426191406	2.5529110917605897	0.7716818719283605	1.1685095915191344	-0.5352649728702994	-0.9984576244396988	1.3658533709362042	-1.7329119588051902	0.381851882205788	2.186231107544007
octanol	0.1016269450929098	2.726410437087975	12.30150733431493	-3.980698548253883	12.44651663276912	-1.1898797880945535	2.081804008280044	2.398035298751647	-3.6656366022679063	-1.1543875752852077	-9.226859053268372	-3.4659612706709133	7.374365385750099	2.349067982946346	-6.711716450623369	-0.14519664764705545	1.1501032276611236	-2.3824869383320197	4.653183524831912	-1.88949840219396	-1.1574401388995883	2.2674800951978535	-0.42639433989497716	4.641462221528789	-1.0015238043138512	-1.454148479101361	-0.2806068429952221	-0.444941197012064	1.193234805334198
Pentanoic_acid	-2.4022023815986038	0.34774464863583	6.803738220515904	-1.9206888373233413	3.7717623031565144	-12.947357450392085	-0.1929928458868781	-2.2510256818480006	4.9277594691134725	-3.5853393960380893	-1.22759325738278	-2.9286736257442323	-3.1362423732841	2.4902953198893543	0.9979818726239265	-0.7692987023454178	-1.896369336821228	3.32349872417196	-3.0977900216958867	-2.9177224685157395	-2.7243304615661583	3.6551872466204656	-3.553190313519477	-2.888631530087413	-2.4652590406273713	0.6325116797619209	-0.41181829139230036	-5.272001268496336	-0.6223787046677908
pentanol	-2.506724636518512	2.8166650927407204	5.652546606557051	-2.2019211251165682	1.1455011579115573	-4.865153442484669	2.9115680008025335	-1.4512088338829539	-6.783068044882429	-5.13867586682203	-1.1371049463620584	-1.833715071028513	-0.5016186585085869	4.466238988528473	-1.9778561288591299	3.115459293166024	0.39534631247608804	-1.3866915800463888	-1.504781257417549	-0.012655428262485332	-1.5985608613513562	-0.3301223356298453	0.7038669004628229	0.45648189514483506	-2.437204600952933	2.847213054314796	2.609619420571974	0.25063492709239027	-6.879809404975094
Perfluorooctanoic_acid	6.365755133245017	66.55464050106659	-6.577363735651975	-10.602590897607582	-4.818205433982584	-1.5730078818932196	-6.552635014758176	5.499466084597478	2.256447923745313	-1.6354919367287308	2.9269992221599983	1.969598672419979	1.2646433077471184	-0.5807976713135993	-1.9633595618651614	1.1077778448881292	0.455677368800221	-1.46680824364655	3.1395508167454538	1.1405942756323781	2.692778580231273	-1.639084640253713	-0.016308699209578996	-0.7135354225735362	0.04782869551841778	0.4392251003475596	0.6361695169253102	2.2941626737468925	1.075319953142877
propanol	-4.874769369788488	-3.2394880594008093	-0.7466751143821669	-3.740278662870109	0.5526663797816183	-3.9866877330129595	1.295666202165904	-2.21324436490418	5.8577217483058925	-4.789390419350518	2.182511159948996	2.7067652235037944	6.2600962299322065	-1.1858373473779975	4.424219461866112	2.8896528072453265	1.4839165649395243	-1.8967796720379135	0.5320075943608188	2.1061480608232794	2.8808791459714365	-0.7324246115022195	-0.3271838218905821	0.6883563017532798	3.0565180498967544	2.2101191661073	-1.1509246846049324	0.06452334887382835	1.1057896452401206
Sorbitol	2.05977435757778	3.0070201701488393	7.145465304750426	2.6764167858919397	-8.374625007710346	-0.028616361780003177	-5.074107358059431	5.247119179180066	0.9257592837306502	-4.760584430479418	-0.31687124738034367	7.322081283527647	-0.9953945242007263	4.819407966135138	-0.8713900069141445	7.302853549984609	-3.415017754484204	-3.274772153664091	-4.385760920783432	-1.726280697977232	2.462593283478258	1.9844653130632255	3.2912691159388774	-2.0744138461059136	4.498771858125462	2.6004963295079437	2.745907702897769	-0.6621848002730337	-3.225933541335589
Tetrahydrofuran	-3.064617924712001	-0.9364852777255034	-6.3416710780712995	-4.152456771385744	-4.5872725196795	-0.7624348893977368	1.3283345386803347	-3.719400455809136	-3.083902026514185	10.496698801783442	3.31095529359016	2.281553689913988	1.8689868807509695	-2.2630795985424528	0.4632530293438648	-0.6233373302818459	-0.015258633740145314	-0.972006003968043	3.8069560822938233	3.141668430055115	-3.60559997926825	1.3087826351927847	-4.192025758556763	-0.11747937326449878	2.9651022645171357	1.7087083641748781	1.8618699024549332	0.7722370252442408	-0.9030786372956475
Tetramethylurea	-2.0301379468491394	-4.010552599699569	0.5970432779008537	4.389429103438214	-0.8582863374639655	5.515963231366514	6.891321444476659	4.736019751310454	-6.6688761677246955	-4.551846071120759	-5.725027172910213	-0.016139521612543138	-2.746811385078493	-1.170051742211078	-0.8093089150226956	1.5452266835383712	0.7212354641128443	1.4666135965992744	1.6008506931303992	2.277621784791108	-0.8559422313113106	-1.9661001046967612	5.468914198076401	-2.804034182316722	-3.7454469475138765	-6.565727156076921	-2.908018185795151	0.5399162763514175	-1.3500975014078145
Threonine	-1.4176863062444212	-0.19240241655491197	0.16358423586452678	1.2257444876267514	6.381123292330775	0.47371289848755516	1.1264196517132343	2.2961264981752034	4.372806068243303	-3.752881947215054	3.3664575454810124	-2.524958871566652	2.2096167069641024	-6.551935594550481	7.333537651540533	0.7232871170906753	6.377882433286883	0.6480892895638074	-1.0496001019614776	1.9197549730275392	1.950093022745165	0.6641693944944038	5.379889632737357	-6.848870581100226	-4.864546846084022	3.15050656161089	2.7358752003562867	1.8676082914292094	-0.25695488448371767
Triethanolamine	0.2203755886862147	3.7332453811700623	2.5460815359635465	11.740598707056847	-6.297882002634906	-10.242802448609089	-1.2669439834935168	-2.0781227716665325	-3.222340457198322	-5.713390513704904	5.7588399460160975	-1.988758950418142	-6.953261387113406	3.620659287687125	0.5144726410409575	-6.477960290029857	-3.827629127829926	-2.822874685895965	2.41979912433683	-5.54041532318889	-3.7678900912133075	5.094660659503089	2.971246683329762	-1.7054142047473586	2.3638434959813655	-2.4290979291605055	-1.6612799619981484	-3.132974591602316	-3.7496568612531562
