-21.290	0.0	0.0	0.0	0.0	0.0	0.0	0.0	0.0	0.0
-21.267	0.0	0.0	0.0	0.0	0.0	0.0	0.0	0.0	0.0
-21.244	0.0	0.0	0.0	0.0	0.0	0.0	0.0	0.0	0.0
-21.221	0.0	0.0	0.0	0.0	0.0	0.0	0.0	0.0	0.0
-21.197	0.0	0.0	0.0	0.0	0.0	0.0	0.0	0.0	0.0
-21.174	0.0	0.0	0.0	0.0	0.0	0.0	0.0	0.0	0.0
-21.151	0.0	0.0	0.0	0.0	0.0	0.0	0.0	0.0	0.0
-21.128	0.0	0.0	0.0	0.0	0.0	0.0	0.0	0.0	0.0
-21.105	0.0	0.0	0.0	0.0	0.0	0.0	0.0	0.0	0.0
-21.082	0.0	0.0	0.0	0.0	0.0	0.0	0.0	0.0	0.0
-21.059	0.0	0.0	0.0	0.0	0.0	0.0	0.0	0.0	0.0
-21.036	0.0	0.0	0.0	0.0	0.0	0.0	0.0	0.0	0.0
-21.013	0.0	0.0	0.0	0.0	0.0	0.0	0.0	0.0	0.0
-20.990	0.0	0.0	0.0	0.0	0.0	0.0	0.0	0.0	0.0
-20.966	0.0	0.0	0.0	0.0	0.0	0.0	0.0	0.0	0.0
-20.943	0.0	0.0	0.0	0.0	0.0	0.0	0.0	0.0	0.0
-20.920	0.0	0.0	0.0	0.0	0.0	0.0	0.0	0.0	0.0
-20.897	0.0	0.0	0.0	0.0	0.0	0.0	0.0	0.0	0.0
-20.874	0.0	0.0	0.0	0.0	0.0	0.0	0.0	0.0	0.0
-20.851	0.0	0.0	0.0	0.0	0.0	0.0	0.0	0.0	0.0
-20.828	3.1037099999999997e-15	6.418259999999999e-17	3.5454980000000005e-17	5.99498e-17	0.0	0.0	0.0	0.0	0.0
-20.805	4.03432e-14	8.34318e-16	4.608764e-16	7.793219999999998e-16	0.0	0.0	0.0	0.0	0.0
-20.782	5.307600000000002e-13	1.0975059999999999e-14	6.064051e-15	1.025107e-14	0.0	0.0	0.0	0.0	0.0
-20.759	6.3283e-12	1.3086180000000001e-13	7.229701e-14	1.222372e-13	0.0	0.0	0.0	0.0	0.0
-20.735	6.783000000000001e-11	1.4028260000000001e-12	7.749081e-13	1.3102979999999998e-12	0.0	0.0	0.0	0.0	0.0
-20.712	6.5404e-10	1.3525859999999997e-11	7.47122e-12	1.2633230000000001e-11	0.0	0.0	0.0	0.0	0.0
-20.689	5.672000000000001e-09	1.1728830000000002e-10	6.479038e-11	1.09547e-10	0.0	0.0	0.0	0.0	0.0
-20.666	4.42379e-08	9.149040000000002e-10	5.053918e-10	8.54492e-10	0.0	0.0	0.0	0.0	0.0
-20.643	3.1038599999999996e-07	6.41877e-09	3.5456979999999996e-09	5.995279999999999e-09	0.0	0.0	0.0	0.0	0.0
-20.620	1.9589400000000003e-06	4.051404e-08	2.237748e-08	3.784059000000001e-08	0.0	0.0	0.0	0.0	0.0
-20.597	1.11206e-05	2.299883e-07	1.2704338e-07	2.1479129999999998e-07	0.0	0.0	0.0	0.0	0.0
-20.574	5.678500000000001e-05	1.174316e-06	6.486503e-07	1.096832e-06	0.0	0.0	0.0	0.0	0.0
-20.551	0.00026084099999999994	5.394040000000001e-06	2.979623e-06	5.037986999999999e-06	0.0	0.0	0.0	0.0	0.0
-20.528	0.0010777800000000002	2.229172e-05	1.2311887e-05	2.081617e-05	0.0	0.0	0.0	0.0	0.0
-20.504	0.0040060899999999995	8.284670000000002e-05	4.5758439999999995e-05	7.737420000000001e-05	0.0	0.0	0.0	0.0	0.0
-20.481	0.013393100000000002	0.00027700299999999995	0.00015301061000000003	0.00025868029999999995	0.0	0.0	0.0	0.0	0.0
-20.458	0.0402829	0.0008330540000000001	0.00046018999999999997	0.000778162	0.0	0.0	0.0	0.0	0.0
-20.435	0.10899799999999998	0.002254352	0.0012451533	0.002105339	0.0	0.0	0.0	0.0	0.0
-20.412	0.265316	0.00548705	0.003030839	0.005124969	0.0	0.0	0.0	0.0	0.0
-20.389	0.58094	0.012014879999999999	0.006636645	0.011221280000000002	0.0	0.0	0.0	0.0	0.0
-20.366	1.1444400000000001	0.023666570000000005	0.013073967000000002	0.02210443	0.0	0.0	0.0	0.0	0.0
-20.343	2.02809	0.04194278	0.02316835	0.03917003	0.0	0.0	0.0	0.0	0.0
-20.320	3.23297	0.06686450000000001	0.036929989999999996	0.06244590000000001	0.0	0.0	0.0	0.0	0.0
-20.297	4.63731	0.0958866	0.05297538000000001	0.08954930000000001	0.0	0.0	0.0	0.0	0.0
-20.273	5.982100000000001	0.12371269999999998	0.06834136999999998	0.1155457	0.0	0.0	0.0	0.0	0.0
-20.250	6.9441	0.14359819999999998	0.07932625	0.1341316	0.0	0.0	0.0	0.0	0.0
-20.227	7.251399999999999	0.14995490000000003	0.08282691	0.1400549	0.0	0.0	0.0	0.0	0.0
-20.204	6.8121	0.1408717	0.07781091	0.13157009999999997	0.0	0.0	0.0	0.0	0.0
-20.181	5.7561	0.1190529	0.06576168	0.1112005	0.0	0.0	0.0	0.0	0.0
-20.158	4.377079999999999	0.0905157	0.049996950000000005	0.0845435	0.0	0.0	0.0	0.0	0.0
-20.135	2.99352	0.061914899999999995	0.0341936	0.0578315	0.0	0.0	0.0	0.0	0.0
-20.112	1.84202	0.03809672	0.02104311	0.03558024	0.0	0.0	0.0	0.0	0.0
-20.089	1.01974	0.021092129999999997	0.011648257	0.01969461	0.0	0.0	0.0	0.0	0.0
-20.066	0.50777	0.01050081	0.005800349000000001	0.009808540000000001	0.0	0.0	0.0	0.0	0.0
-20.042	0.22747000000000003	0.004704506000000001	0.002598673	0.004394037999999999	0.0	0.0	0.0	0.0	0.0
-20.019	0.09168	0.001895828	0.0010474012	0.001770652	0.0	0.0	0.0	0.0	0.0
-19.996	0.033237899999999994	0.000687333	0.00037965929999999996	0.000642001	0.0	0.0	0.0	0.0	0.0
-19.973	0.010839800000000002	0.00022412270000000001	0.0001238237	0.00020937280000000002	0.0	0.0	0.0	0.0	0.0
-19.950	0.00317975	6.57635e-05	3.6328220000000004e-05	6.14255e-05	0.0	0.0	0.0	0.0	0.0
-19.927	0.00083927	1.7356590000000002e-05	9.588146e-06	1.6211500000000002e-05	0.0	0.0	0.0	0.0	0.0
-19.904	0.000199256	4.120381999999999e-06	2.276067e-06	3.848133e-06	0.0	0.0	0.0	0.0	0.0
-19.881	4.2547500000000006e-05	8.799850000000002e-07	4.861269e-07	8.21847e-07	0.0	0.0	0.0	0.0	0.0
-19.858	8.173999999999998e-06	1.6903790000000002e-07	9.338562e-08	1.578712e-07	0.0	0.0	0.0	0.0	0.0
-19.835	1.4124300000000002e-06	2.9209110000000002e-08	1.6137136e-08	2.72849e-08	0.0	0.0	0.0	0.0	0.0
-19.811	2.1953399999999999e-07	4.5395980000000005e-09	2.5078620000000003e-09	4.240449e-09	0.0	0.0	0.0	0.0	0.0
-19.788	3.0691499999999994e-08	6.34765e-10	3.506423e-10	5.92801e-10	0.0	0.0	0.0	0.0	0.0
-19.765	3.859529999999999e-09	7.98175e-11	4.409351e-11	7.455279999999999e-11	0.0	0.0	0.0	0.0	0.0
-19.742	4.3662399999999997e-10	9.028939999999999e-12	4.987977000000001e-12	8.433129999999998e-12	0.0	0.0	0.0	0.0	0.0
-19.719	4.4419100000000004e-11	9.186820000000002e-13	5.074211e-13	8.579280000000001e-13	0.0	0.0	0.0	0.0	0.0
-19.696	4.06584e-12	8.40822e-14	4.6443060000000006e-14	7.853779999999999e-14	0.0	0.0	0.0	0.0	0.0
-19.673	3.3515400000000003e-13	6.932019999999999e-15	3.829213e-15	6.474190000000001e-15	0.0	0.0	0.0	0.0	0.0
-19.650	2.4829799999999998e-14	5.134869999999999e-16	2.8364900000000007e-16	4.795383e-16	0.0	0.0	0.0	0.0	0.0
-19.627	0.0	0.0	0.0	0.0	0.0	0.0	0.0	0.0	0.0
-19.604	0.0	0.0	0.0	0.0	0.0	0.0	0.0	0.0	0.0
-19.580	0.0	0.0	0.0	0.0	0.0	0.0	0.0	0.0	0.0
-19.557	0.0	0.0	0.0	0.0	0.0	0.0	0.0	0.0	0.0
-19.534	0.0	0.0	0.0	0.0	0.0	0.0	0.0	0.0	0.0
-19.511	0.0	0.0	0.0	0.0	0.0	0.0	0.0	0.0	0.0
-19.488	0.0	0.0	0.0	0.0	0.0	0.0	0.0	0.0	0.0
-19.465	0.0	0.0	0.0	0.0	0.0	0.0	0.0	0.0	0.0
-19.442	0.0	0.0	0.0	0.0	0.0	0.0	0.0	0.0	0.0
-19.419	0.0	0.0	0.0	0.0	0.0	0.0	0.0	0.0	0.0
-19.396	0.0	0.0	0.0	0.0	0.0	0.0	0.0	0.0	0.0
-19.373	0.0	0.0	0.0	0.0	0.0	0.0	0.0	0.0	0.0
-19.349	0.0	0.0	0.0	0.0	0.0	0.0	0.0	0.0	0.0
-19.326	0.0	0.0	0.0	0.0	0.0	0.0	0.0	0.0	0.0
-19.303	0.0	0.0	0.0	0.0	0.0	0.0	0.0	0.0	0.0
-19.280	0.0	0.0	0.0	0.0	0.0	0.0	0.0	0.0	0.0
-19.257	0.0	0.0	0.0	0.0	0.0	0.0	0.0	0.0	0.0
-19.234	0.0	0.0	0.0	0.0	0.0	0.0	0.0	0.0	0.0
-19.211	0.0	0.0	0.0	0.0	0.0	0.0	0.0	0.0	0.0
-19.188	0.0	0.0	0.0	0.0	0.0	0.0	0.0	0.0	0.0
-19.165	0.0	0.0	0.0	0.0	0.0	0.0	0.0	0.0	0.0
-19.142	0.0	0.0	0.0	0.0	0.0	0.0	0.0	0.0	0.0
-19.118	0.0	0.0	0.0	0.0	0.0	0.0	0.0	0.0	0.0
-19.095	0.0	0.0	0.0	0.0	0.0	0.0	0.0	0.0	0.0
-19.072	0.0	0.0	0.0	0.0	0.0	0.0	0.0	0.0	0.0
-19.049	0.0	0.0	0.0	0.0	0.0	0.0	0.0	0.0	0.0
-19.026	0.0	0.0	0.0	0.0	0.0	0.0	0.0	0.0	0.0
-19.003	0.0	0.0	0.0	0.0	0.0	0.0	0.0	0.0	0.0
-18.980	0.0	0.0	0.0	0.0	0.0	0.0	0.0	0.0	0.0
-18.957	0.0	0.0	0.0	0.0	0.0	0.0	0.0	0.0	0.0
-18.934	0.0	0.0	0.0	0.0	0.0	0.0	0.0	0.0	0.0
-18.911	0.0	0.0	0.0	0.0	0.0	0.0	0.0	0.0	0.0
-18.887	0.0	0.0	0.0	0.0	0.0	0.0	0.0	0.0	0.0
-18.864	0.0	0.0	0.0	0.0	0.0	0.0	0.0	0.0	0.0
-18.841	0.0	0.0	0.0	0.0	0.0	0.0	0.0	0.0	0.0
-18.818	0.0	0.0	0.0	0.0	0.0	0.0	0.0	0.0	0.0
-18.795	0.0	0.0	0.0	0.0	0.0	0.0	0.0	0.0	0.0
-18.772	0.0	0.0	0.0	0.0	0.0	0.0	0.0	0.0	0.0
-18.749	0.0	0.0	0.0	0.0	0.0	0.0	0.0	0.0	0.0
-18.726	0.0	0.0	0.0	0.0	0.0	0.0	0.0	0.0	0.0
-18.703	0.0	0.0	0.0	0.0	0.0	0.0	0.0	0.0	0.0
-18.680	0.0	0.0	0.0	0.0	0.0	0.0	0.0	0.0	0.0
-18.656	0.0	0.0	0.0	0.0	0.0	0.0	0.0	0.0	0.0
-18.633	0.0	0.0	0.0	0.0	0.0	0.0	0.0	0.0	0.0
-18.610	0.0	0.0	0.0	0.0	0.0	0.0	0.0	0.0	0.0
-18.587	0.0	0.0	0.0	0.0	0.0	0.0	0.0	0.0	0.0
-18.564	0.0	0.0	0.0	0.0	0.0	0.0	0.0	0.0	0.0
-18.541	0.0	0.0	0.0	0.0	0.0	0.0	0.0	0.0	0.0
-18.518	0.0	0.0	0.0	0.0	0.0	0.0	0.0	0.0	0.0
-18.495	0.0	0.0	0.0	0.0	0.0	0.0	0.0	0.0	0.0
-18.472	0.0	0.0	0.0	0.0	0.0	0.0	0.0	0.0	0.0
-18.449	0.0	0.0	0.0	0.0	0.0	0.0	0.0	0.0	0.0
-18.425	0.0	0.0	0.0	0.0	0.0	0.0	0.0	0.0	0.0
-18.402	0.0	0.0	0.0	0.0	0.0	0.0	0.0	0.0	0.0
-18.379	0.0	0.0	0.0	0.0	0.0	0.0	0.0	0.0	0.0
-18.356	0.0	0.0	0.0	0.0	0.0	0.0	0.0	0.0	0.0
-18.333	0.0	0.0	0.0	0.0	0.0	0.0	0.0	0.0	0.0
-18.310	0.0	0.0	0.0	0.0	0.0	0.0	0.0	0.0	0.0
-18.287	0.0	0.0	0.0	0.0	0.0	0.0	0.0	0.0	0.0
-18.264	0.0	0.0	0.0	0.0	0.0	0.0	0.0	0.0	0.0
-18.241	0.0	0.0	0.0	0.0	0.0	0.0	0.0	0.0	0.0
-18.218	0.0	0.0	0.0	0.0	0.0	0.0	0.0	0.0	0.0
-18.194	0.0	0.0	0.0	0.0	0.0	0.0	0.0	0.0	0.0
-18.171	0.0	0.0	0.0	0.0	0.0	0.0	0.0	0.0	0.0
-18.148	0.0	0.0	0.0	0.0	0.0	0.0	0.0	0.0	0.0
-18.125	0.0	0.0	0.0	0.0	0.0	0.0	0.0	0.0	0.0
-18.102	3.1528000040132757e-15	1.750859e-16	4.3755852999999994e-17	9.605970099999999e-17	0.0	0.0	0.0	0.0	0.0
-18.079	2.207200002809498e-14	1.225598e-15	3.0631892e-16	6.7245121e-16	0.0	0.0	0.0	0.0	0.0
-18.056	3.3106000042137416e-13	1.838482e-14	4.5958791999999994e-15	1.00858232e-14	0.0	0.0	0.0	0.0	0.0
-18.033	4.016900005113301e-12	2.2299800000000002e-13	5.5748470999999994e-14	1.22384914e-13	0.0	0.0	0.0	0.0	0.0
-18.010	4.394900005593812e-11	2.43986e-12	6.1002101e-13	1.3389802599999998e-12	0.0	0.0	0.0	0.0	0.0
-17.987	4.325000005505155e-10	2.4012700000000004e-11	6.0027205e-12	1.31757168e-11	0.0	0.0	0.0	0.0	0.0
-17.963	3.828300004872547e-09	2.12561e-10	5.312690200000001e-11	1.1662155800000001e-10	0.0	0.0	0.0	0.0	0.0
-17.940	3.047800003879305e-08	1.6918390000000001e-09	4.2303144000000004e-10	9.285811500000002e-10	0.0	0.0	0.0	0.0	0.0
-17.917	2.182700002778268e-07	1.2119489999999998e-08	3.0292803e-09	6.6484501e-09	0.0	0.0	0.0	0.0	0.0
-17.894	1.405900001789051e-06	7.806029999999999e-08	1.9512526e-08	4.2827059999999996e-08	0.0	0.0	0.0	0.0	0.0
-17.871	8.14680001036563e-06	4.5229299999999996e-07	1.1305106e-07	2.48173121e-07	0.0	0.0	0.0	0.0	0.0
-17.848	4.245800005403416e-05	2.35737e-06	5.8928618e-07	1.2933430300000002e-06	0.0	0.0	0.0	0.0	0.0
-17.825	0.00019905000025334778	1.105154e-05	2.7624763999999998e-06	6.0635942e-06	0.0	0.0	0.0	0.0	0.0
-17.802	0.000839360001068794	4.66065e-05	1.1650441e-05	2.55748925e-05	0.0	0.0	0.0	0.0	0.0
-17.779	0.003184400004052565	0.0001767841	4.4194974e-05	9.700772699999998e-05	0.0	0.0	0.0	0.0	0.0
-17.756	0.010868000013830901	0.0006033310000000001	0.00015083216	0.00033109196600000003	0.0	0.0	0.0	0.0	0.0
-17.732	0.03336300004245974	0.001852575	0.00046298492999999997	0.00101633852	0.0	0.0	0.0	0.0	0.0
-17.709	0.0921300001172554	0.0051151999999999994	0.0012787759	0.0028068760099999998	0.0	0.0	0.0	0.0	0.0
-17.686	0.228880000291325	0.012707189999999998	0.0031761015000000004	0.0069722688	0.0	0.0	0.0	0.0	0.0
-17.663	0.5114800006510499	0.0284015	0.0070981354	0.015582381999999999	0.0	0.0	0.0	0.0	0.0
-17.640	1.0284900013085492	0.05709870000000001	0.014273548	0.0313282485	0.0	0.0	0.0	0.0	0.0
-17.617	1.8599200023672757	0.10327499999999999	0.025815558000000002	0.05665963500000001	0.0	0.0	0.0	0.0	0.0
-17.594	3.0266000038520975	0.16802060000000002	0.042011824999999996	0.09219939700000002	0.0	0.0	0.0	0.0	0.0
-17.571	4.429900005639136	0.24602599999999997	0.061488504	0.134953855	0.0	0.0	0.0	0.0	0.0
-17.548	5.834300007425174	0.3239229999999999	0.080966583	0.17775641299999997	0.0	0.0	0.0	0.0	0.0
-17.525	6.9112000087971746	0.383786	0.09592885999999999	0.210504602	0.0	0.0	0.0	0.0	0.0
-17.501	7.366300009375391	0.40901699999999996	0.10223161	0.22438877699999998	0.0	0.0	0.0	0.0	0.0
-17.478	7.062700008988574	0.392157	0.09801636999999999	0.215131527	0.0	0.0	0.0	0.0	0.0
-17.455	6.091100007753565	0.33822500000000005	0.08454561499999999	0.18555442600000002	0.0	0.0	0.0	0.0	0.0
-17.432	4.727300006016896	0.262504	0.065605222	0.14400459999999998	0.0	0.0	0.0	0.0	0.0
-17.409	3.299900004200639	0.18321040000000002	0.04580657700000001	0.10052182300000001	0.0	0.0	0.0	0.0	0.0
-17.386	2.07250000263824	0.1150712	0.028764112	0.06313791	0.0	0.0	0.0	0.0	0.0
-17.363	1.1709400014898719	0.06500629999999999	0.016250801000000002	0.035671266	0.0	0.0	0.0	0.0	0.0
-17.340	0.5951200007574259	0.033038	0.008259482200000001	0.018126971000000006	0.0	0.0	0.0	0.0	0.0
-17.317	0.2721100003463268	0.01510301	0.0037763529	0.0082892245	0.0	0.0	0.0	0.0	0.0
-17.294	0.1119310001424393	0.00621452	0.0015533996999999998	0.0034099723399999998	0.0	0.0	0.0	0.0	0.0
-17.270	0.04141300005271456	0.0022994200000000004	0.00057480943	0.00126170017	0.0	0.0	0.0	0.0	0.0
-17.247	0.013785600017547962	0.0007654129999999999	0.00019132716	0.00041997937	0.0	0.0	0.0	0.0	0.0
-17.224	0.00412780000525433	0.00022917799999999997	5.7287779e-05	0.000125759006	0.0	0.0	0.0	0.0	0.0
-17.201	0.001112010001415324	6.17359e-05	1.5432789000000002e-05	3.3872917400000005e-05	0.0	0.0	0.0	0.0	0.0
-17.178	0.00026943000034290146	1.4960150000000001e-05	3.7396003999999995e-06	8.208652299999998e-06	0.0	0.0	0.0	0.0	0.0
-17.155	5.872600007474532e-05	3.261070000000001e-06	8.1509248e-07	1.7892114499999998e-06	0.0	0.0	0.0	0.0	0.0
-17.132	1.1515200014656922e-05	6.39351e-07	1.5981555000000002e-07	3.507724999999999e-07	0.0	0.0	0.0	0.0	0.0
-17.109	2.030900002584859e-06	1.1276159999999999e-07	2.8186078e-08	6.1867375e-08	0.0	0.0	0.0	0.0	0.0
-17.086	3.2222000041009114e-07	1.7883720000000003e-08	4.4713515e-09	9.814715799999998e-09	0.0	0.0	0.0	0.0	0.0
-17.063	4.598000005851683e-08	2.5529799999999996e-09	6.3807234e-10	1.40055393e-09	0.0	0.0	0.0	0.0	0.0
-17.039	5.901200007510798e-09	3.27655e-10	8.190531999999999e-11	1.7977146899999998e-10	0.0	0.0	0.0	0.0	0.0
-17.016	6.813600008671262e-10	3.7826000000000005e-11	9.455199e-12	2.07532421e-11	0.0	0.0	0.0	0.0	0.0
-16.993	7.07500000900469e-11	3.92816e-12	9.819332e-13	2.15478337e-12	0.0	0.0	0.0	0.0	0.0
-16.970	6.6090000084123685e-12	3.6693599999999996e-13	9.172372000000001e-14	2.01382653e-13	0.0	0.0	0.0	0.0	0.0
-16.947	5.550200007063531e-13	3.0810499999999995e-14	7.7022705e-15	1.6904247899999998e-14	0.0	0.0	0.0	0.0	0.0
-16.924	4.414500005618986e-14	2.4512700000000005e-15	6.1263383e-16	1.34479242e-15	0.0	0.0	0.0	0.0	0.0
-16.901	0.0	0.0	0.0	0.0	0.0	0.0	0.0	0.0	0.0
-16.878	0.0	0.0	0.0	0.0	0.0	0.0	0.0	0.0	0.0
-16.855	0.0	0.0	0.0	0.0	0.0	0.0	0.0	0.0	0.0
-16.832	0.0	0.0	0.0	0.0	0.0	0.0	0.0	0.0	0.0
-16.809	0.0	0.0	0.0	0.0	0.0	0.0	0.0	0.0	0.0
-16.785	0.0	0.0	0.0	0.0	0.0	0.0	0.0	0.0	0.0
-16.762	0.0	0.0	0.0	0.0	0.0	0.0	0.0	0.0	0.0
-16.739	0.0	0.0	0.0	0.0	0.0	0.0	0.0	0.0	0.0
-16.716	0.0	0.0	0.0	0.0	0.0	0.0	0.0	0.0	0.0
-16.693	0.0	0.0	0.0	0.0	0.0	0.0	0.0	0.0	0.0
-16.670	0.0	0.0	0.0	0.0	0.0	0.0	0.0	0.0	0.0
-16.647	0.0	0.0	0.0	0.0	0.0	0.0	0.0	0.0	0.0
-16.624	0.0	0.0	0.0	0.0	0.0	0.0	0.0	0.0	0.0
-16.601	0.0	0.0	0.0	0.0	0.0	0.0	0.0	0.0	0.0
-16.578	0.0	0.0	0.0	0.0	0.0	0.0	0.0	0.0	0.0
-16.554	0.0	0.0	0.0	0.0	0.0	0.0	0.0	0.0	0.0
-16.531	0.0	0.0	0.0	0.0	0.0	0.0	0.0	0.0	0.0
-16.508	0.0	0.0	0.0	0.0	0.0	0.0	0.0	0.0	0.0
-16.485	0.0	0.0	0.0	0.0	0.0	0.0	0.0	0.0	0.0
-16.462	0.0	0.0	0.0	0.0	0.0	0.0	0.0	0.0	0.0
-16.439	0.0	0.0	0.0	0.0	0.0	0.0	0.0	0.0	0.0
-16.416	0.0	0.0	0.0	0.0	0.0	0.0	0.0	0.0	0.0
-16.393	0.0	0.0	0.0	0.0	0.0	0.0	0.0	0.0	0.0
-16.370	0.0	0.0	0.0	0.0	0.0	0.0	0.0	0.0	0.0
-16.347	0.0	0.0	0.0	0.0	0.0	0.0	0.0	0.0	0.0
-16.323	0.0	0.0	0.0	0.0	0.0	0.0	0.0	0.0	0.0
-16.300	0.0	0.0	0.0	0.0	0.0	0.0	0.0	0.0	0.0
-16.277	0.0	0.0	0.0	0.0	0.0	0.0	0.0	0.0	0.0
-16.254	0.0	0.0	0.0	0.0	0.0	0.0	0.0	0.0	0.0
-16.231	0.0	0.0	0.0	0.0	0.0	0.0	0.0	0.0	0.0
-16.208	0.0	0.0	0.0	0.0	0.0	0.0	0.0	0.0	0.0
-16.185	0.0	0.0	0.0	0.0	0.0	0.0	0.0	0.0	0.0
-16.162	0.0	0.0	0.0	0.0	0.0	0.0	0.0	0.0	0.0
-16.139	0.0	0.0	0.0	0.0	0.0	0.0	0.0	0.0	0.0
-16.116	0.0	0.0	0.0	0.0	0.0	0.0	0.0	0.0	0.0
-16.092	0.0	0.0	0.0	0.0	0.0	0.0	0.0	0.0	0.0
-16.069	0.0	0.0	0.0	0.0	0.0	0.0	0.0	0.0	0.0
-16.046	0.0	0.0	0.0	0.0	0.0	0.0	0.0	0.0	0.0
-16.023	0.0	0.0	0.0	0.0	0.0	0.0	0.0	0.0	0.0
-16.000	0.0	0.0	0.0	0.0	0.0	0.0	0.0	0.0	0.0
-15.977	0.0	0.0	0.0	0.0	0.0	0.0	0.0	0.0	0.0
-15.954	0.0	0.0	0.0	0.0	0.0	0.0	0.0	0.0	0.0
-15.931	0.0	0.0	0.0	0.0	0.0	0.0	0.0	0.0	0.0
-15.908	0.0	0.0	0.0	0.0	0.0	0.0	0.0	0.0	0.0
-15.885	0.0	0.0	0.0	0.0	0.0	0.0	0.0	0.0	0.0
-15.861	0.0	0.0	0.0	0.0	0.0	0.0	0.0	0.0	0.0
-15.838	0.0	0.0	0.0	0.0	0.0	0.0	0.0	0.0	0.0
-15.815	0.0	0.0	0.0	0.0	0.0	0.0	0.0	0.0	0.0
-15.792	0.0	0.0	0.0	0.0	0.0	0.0	0.0	0.0	0.0
-15.769	0.0	0.0	0.0	0.0	0.0	0.0	0.0	0.0	0.0
-15.746	0.0	0.0	0.0	0.0	0.0	0.0	0.0	0.0	0.0
-15.723	0.0	0.0	0.0	0.0	0.0	0.0	0.0	0.0	0.0
-15.700	0.0	0.0	0.0	0.0	0.0	0.0	0.0	0.0	0.0
-15.677	0.0	0.0	0.0	0.0	0.0	0.0	0.0	0.0	0.0
-15.654	0.0	0.0	0.0	0.0	0.0	0.0	0.0	0.0	0.0
-15.630	0.0	0.0	0.0	0.0	0.0	0.0	0.0	0.0	0.0
-15.607	0.0	0.0	0.0	0.0	0.0	0.0	0.0	0.0	0.0
-15.584	0.0	0.0	0.0	0.0	0.0	0.0	0.0	0.0	0.0
-15.561	0.0	0.0	0.0	0.0	0.0	0.0	0.0	0.0	0.0
-15.538	0.0	0.0	0.0	0.0	0.0	0.0	0.0	0.0	0.0
-15.515	0.0	0.0	0.0	0.0	0.0	0.0	0.0	0.0	0.0
-15.492	2.90157e-15	2.16917987271e-16	9.919459999999999e-17	2.8596178e-16	0.0	0.0	0.0	0.0	0.0
-15.469	3.19186e-14	2.3865993799800003e-15	1.091103e-15	3.1459924000000004e-15	0.0	0.0	0.0	0.0	0.0
-15.446	4.4397e-13	3.3185247111999997e-14	1.517875e-14	4.3741405000000004e-14	0.0	0.0	0.0	0.0	0.0
-15.423	5.298000000000001e-12	3.9609198328000004e-13	1.8114439999999996e-13	5.2216236e-13	0.0	0.0	0.0	0.0	0.0
-15.399	5.706999999999999e-11	4.266818343e-12	1.950928e-12	5.6236505000000005e-12	0.0	0.0	0.0	0.0	0.0
-15.376	5.5295e-10	4.1336072385e-11	1.8901690000000004e-11	5.4481004e-11	0.0	0.0	0.0	0.0	0.0
-15.353	4.817999999999999e-09	3.6018107207e-10	1.647122e-10	4.7473821e-10	0.0	0.0	0.0	0.0	0.0
-15.330	3.7761e-08	2.8230988946200007e-09	1.291037e-09	3.7215702000000005e-09	0.0	0.0	0.0	0.0	0.0
-15.307	2.66233e-07	1.9898204667099998e-08	9.102479999999999e-09	2.6237007e-08	0.0	0.0	0.0	0.0	0.0
-15.284	1.6882299999999995e-06	1.2621186423000002e-07	5.771869999999999e-08	1.6636888e-07	0.0	0.0	0.0	0.0	0.0
-15.261	9.631e-06	7.198864241299998e-07	3.292308e-07	9.490063e-07	0.0	0.0	0.0	0.0	0.0
-15.238	4.941500000000001e-05	3.6942643238e-06	1.689295e-06	4.8690611000000004e-06	0.0	0.0	0.0	0.0	0.0
-15.215	0.00022804500000000002	1.7048430571500004e-05	7.796220000000001e-06	2.2469306999999998e-05	0.0	0.0	0.0	0.0	0.0
-15.192	0.00094672	7.078505237299999e-05	3.237071e-05	9.330380000000001e-05	0.0	0.0	0.0	0.0	0.0
-15.168	0.0035369	0.000264350438861	0.0001209017	0.00034839399999999997	0.0	0.0	0.0	0.0	0.0
-15.145	0.011880900000000002	0.0008881302297699998	0.00040623099999999995	0.0011707034	0.0	0.0	0.0	0.0	0.0
-15.122	0.035906	0.00268419778998	0.001227624	0.0035378340000000006	0.0	0.0	0.0	0.0	0.0
-15.099	0.09763000000000001	0.0072974702446	0.003337468	0.009619982999999999	0.0	0.0	0.0	0.0	0.0
-15.076	0.238767	0.017847978598300004	0.008163320000000002	0.023526744000000002	0.0	0.0	0.0	0.0	0.0
-15.053	0.52531	0.039273554316000006	0.01796102	0.05176890000000001	0.0	0.0	0.0	0.0	0.0
-15.030	1.03974	0.07773186260600001	0.03555085	0.10246936	0.0	0.0	0.0	0.0	0.0
-15.007	1.85158	0.13842050464	0.06330390000000001	0.18246157	0.0	0.0	0.0	0.0	0.0
-14.984	2.96603	0.221700957432	0.101402	0.2922934300000001	0.0	0.0	0.0	0.0	0.0
-14.961	4.2746	0.31950121071000004	0.1461387	0.42121443000000003	0.0	0.0	0.0	0.0	0.0
-14.937	5.5414	0.41422906388999997	0.1894552	0.5460644200000001	0.0	0.0	0.0	0.0	0.0
-14.914	6.4632	0.4831168262	0.2209634	0.63681685	0.0	0.0	0.0	0.0	0.0
-14.891	6.7811	0.50690960699	0.2318513	0.6682805200000002	0.0	0.0	0.0	0.0	0.0
-14.868	6.401400000000001	0.47859308604000006	0.2188348	0.6308299399999999	0.0	0.0	0.0	0.0	0.0
-14.845	5.4357	0.40636301362	0.18584260000000002	0.5357117700000001	0.0	0.0	0.0	0.0	0.0
-14.822	4.1532	0.3104951604099999	0.14199379999999998	0.4091649400000001	0.0	0.0	0.0	0.0	0.0
-14.799	2.8540200000000002	0.213402727152	0.09757880000000001	0.28119438	0.0	0.0	0.0	0.0	0.0
-14.776	1.7646600000000003	0.13192347442200003	0.0603254	0.17389329999999997	0.0	0.0	0.0	0.0	0.0
-14.753	0.9815100000000001	0.073368162459	0.03355506	0.0967163	0.0	0.0	0.0	0.0	0.0
-14.730	0.49114	0.036717978231	0.016789739999999997	0.04839275800000001	0.0	0.0	0.0	0.0	0.0
-14.706	0.22108699999999998	0.016528617554	0.007558730000000001	0.021782334	0.0	0.0	0.0	0.0	0.0
-14.683	0.08952099999999999	0.006692444224299999	0.003060673	0.008822704000000002	0.0	0.0	0.0	0.0	0.0
-14.660	0.0326143	0.0024384736817199995	0.001115071	0.0032128905999999997	0.0	0.0	0.0	0.0	0.0
-14.637	0.010688000000000003	0.00079896902678	0.0003653978	0.0010531878	0.0	0.0	0.0	0.0	0.0
-14.614	0.00315079	0.000235575847895	0.0001077161	0.00031048063999999996	0.0	0.0	0.0	0.0	0.0
-14.591	0.00083556	6.2460831094e-05	2.856491e-05	8.233396000000001e-05	0.0	0.0	0.0	0.0	0.0
-14.568	0.000199313	1.49009694994e-05	6.81454e-06	1.9641695e-05	0.0	0.0	0.0	0.0	0.0
-14.545	4.277400000000001e-05	3.1976264072000004e-06	1.462235e-06	4.214449699999999e-06	0.0	0.0	0.0	0.0	0.0
-14.522	8.256e-06	6.1717413069e-07	2.822461e-07	8.135812e-07	0.0	0.0	0.0	0.0	0.0
-14.499	1.4333599999999999e-06	1.07158543592e-07	4.90106e-08	1.4125014e-07	0.0	0.0	0.0	0.0	0.0
-14.475	2.2388500000000002e-07	1.6738471560999998e-08	7.65419e-09	2.2058785999999994e-08	0.0	0.0	0.0	0.0	0.0
-14.452	3.14516e-08	2.3515038788099997e-09	1.075246e-09	3.0990726e-09	0.0	0.0	0.0	0.0	0.0
-14.429	3.974600000000001e-09	2.9706033995900004e-10	1.358714e-10	3.9168592e-10	0.0	0.0	0.0	0.0	0.0
-14.406	4.5166e-10	3.3772809132e-11	1.544286e-11	4.4510549e-11	0.0	0.0	0.0	0.0	0.0
-14.383	4.618e-11	3.4518419157e-12	1.5785380000000001e-12	4.550911700000001e-12	0.0	0.0	0.0	0.0	0.0
-14.360	4.2427e-12	3.1711602063e-13	1.4503299999999998e-13	4.1809846e-13	0.0	0.0	0.0	0.0	0.0
-14.337	3.5406e-13	2.6463417887100002e-14	1.2102469999999999e-14	3.488476499999999e-14	0.0	0.0	0.0	0.0	0.0
-14.314	2.90157e-14	2.1691798727100006e-15	9.919460000000002e-16	2.8596177999999997e-15	0.0	0.0	0.0	0.0	0.0
-14.291	0.0	0.0	0.0	0.0	0.0	0.0	0.0	0.0	0.0
-14.268	0.0	0.0	0.0	0.0	0.0	0.0	0.0	0.0	0.0
-14.244	0.0	0.0	0.0	0.0	0.0	0.0	0.0	0.0	0.0
-14.221	0.0	0.0	0.0	0.0	0.0	0.0	0.0	0.0	0.0
-14.198	0.0	0.0	0.0	0.0	0.0	0.0	0.0	0.0	0.0
-14.175	0.0	0.0	0.0	0.0	0.0	0.0	0.0	0.0	0.0
-14.152	0.0	0.0	0.0	0.0	0.0	0.0	0.0	0.0	0.0
-14.129	0.0	0.0	0.0	0.0	0.0	0.0	0.0	0.0	0.0
-14.106	0.0	0.0	0.0	0.0	0.0	0.0	0.0	0.0	0.0
-14.083	0.0	0.0	0.0	0.0	0.0	0.0	0.0	0.0	0.0
-14.060	0.0	0.0	0.0	0.0	0.0	0.0	0.0	0.0	0.0
-14.037	0.0	0.0	0.0	0.0	0.0	0.0	0.0	0.0	0.0
-14.013	0.0	0.0	0.0	0.0	0.0	0.0	0.0	0.0	0.0
-13.990	0.0	0.0	0.0	0.0	0.0	0.0	0.0	0.0	0.0
-13.967	0.0	0.0	0.0	0.0	0.0	0.0	0.0	0.0	0.0
-13.944	0.0	0.0	0.0	0.0	0.0	0.0	0.0	0.0	0.0
-13.921	0.0	0.0	0.0	0.0	0.0	0.0	0.0	0.0	0.0
-13.898	0.0	0.0	0.0	0.0	0.0	0.0	0.0	0.0	0.0
-13.875	0.0	0.0	0.0	0.0	0.0	0.0	0.0	0.0	0.0
-13.852	0.0	0.0	0.0	0.0	0.0	0.0	0.0	0.0	0.0
-13.829	0.0	0.0	0.0	0.0	0.0	0.0	0.0	0.0	0.0
-13.806	0.0	0.0	0.0	0.0	0.0	0.0	0.0	0.0	0.0
-13.782	0.0	0.0	0.0	0.0	0.0	0.0	0.0	0.0	0.0
-13.759	0.0	0.0	0.0	0.0	0.0	0.0	0.0	0.0	0.0
-13.736	0.0	0.0	0.0	0.0	0.0	0.0	0.0	0.0	0.0
-13.713	0.0	0.0	0.0	0.0	0.0	0.0	0.0	0.0	0.0
-13.690	0.0	0.0	0.0	0.0	0.0	0.0	0.0	0.0	0.0
-13.667	0.0	0.0	0.0	0.0	0.0	0.0	0.0	0.0	0.0
-13.644	0.0	0.0	0.0	0.0	0.0	0.0	0.0	0.0	0.0
-13.621	0.0	0.0	0.0	0.0	0.0	0.0	0.0	0.0	0.0
-13.598	0.0	0.0	0.0	0.0	0.0	0.0	0.0	0.0	0.0
-13.575	0.0	0.0	0.0	0.0	0.0	0.0	0.0	0.0	0.0
-13.551	0.0	0.0	0.0	0.0	0.0	0.0	0.0	0.0	0.0
-13.528	0.0	0.0	0.0	0.0	0.0	0.0	0.0	0.0	0.0
-13.505	0.0	0.0	0.0	0.0	0.0	0.0	0.0	0.0	0.0
-13.482	0.0	0.0	0.0	0.0	0.0	0.0	0.0	0.0	0.0
-13.459	0.0	0.0	0.0	0.0	0.0	0.0	0.0	0.0	0.0
-13.436	0.0	0.0	0.0	0.0	0.0	0.0	0.0	0.0	0.0
-13.413	0.0	0.0	0.0	0.0	0.0	0.0	0.0	0.0	0.0
-13.390	0.0	0.0	0.0	0.0	0.0	0.0	0.0	0.0	0.0
-13.367	0.0	0.0	0.0	0.0	0.0	0.0	0.0	0.0	0.0
-13.344	0.0	0.0	0.0	0.0	0.0	0.0	0.0	0.0	0.0
-13.320	0.0	0.0	0.0	0.0	0.0	0.0	0.0	0.0	0.0
-13.297	0.0	0.0	0.0	0.0	0.0	0.0	0.0	0.0	0.0
-13.274	0.0	0.0	0.0	0.0	0.0	0.0	0.0	0.0	0.0
-13.251	0.0	0.0	0.0	0.0	0.0	0.0	0.0	0.0	0.0
-13.228	0.0	0.0	0.0	0.0	0.0	0.0	0.0	0.0	0.0
-13.205	0.0	0.0	0.0	0.0	0.0	0.0	0.0	0.0	0.0
-13.182	0.0	0.0	0.0	0.0	0.0	0.0	0.0	0.0	0.0
-13.159	0.0	0.0	0.0	0.0	0.0	0.0	0.0	0.0	0.0
-13.136	0.0	0.0	0.0	0.0	0.0	0.0	0.0	0.0	0.0
-13.113	0.0	0.0	0.0	0.0	0.0	0.0	0.0	0.0	0.0
-13.089	0.0	0.0	0.0	0.0	0.0	0.0	0.0	0.0	0.0
-13.066	0.0	0.0	0.0	0.0	0.0	0.0	0.0	0.0	0.0
-13.043	0.0	0.0	0.0	0.0	0.0	0.0	0.0	0.0	0.0
-13.020	0.0	0.0	0.0	0.0	0.0	0.0	0.0	0.0	0.0
-12.997	0.0	0.0	0.0	0.0	0.0	0.0	0.0	0.0	0.0
-12.974	0.0	0.0	0.0	0.0	0.0	0.0	0.0	0.0	0.0
-12.951	0.0	0.0	0.0	0.0	0.0	0.0	0.0	0.0	0.0
-12.928	0.0	0.0	0.0	0.0	0.0	0.0	0.0	0.0	0.0
-12.905	0.0	0.0	0.0	0.0	0.0	0.0	0.0	0.0	0.0
-12.882	0.0	0.0	0.0	0.0	0.0	0.0	0.0	0.0	0.0
-12.858	0.0	0.0	0.0	0.0	0.0	0.0	0.0	0.0	0.0
-12.835	0.0	0.0	0.0	0.0	0.0	0.0	0.0	0.0	0.0
-12.812	0.0	0.0	0.0	0.0	0.0	0.0	0.0	0.0	0.0
-12.789	0.0	0.0	0.0	0.0	0.0	0.0	0.0	0.0	0.0
-12.766	0.0	0.0	0.0	0.0	0.0	0.0	0.0	0.0	0.0
-12.743	0.0	0.0	0.0	0.0	0.0	0.0	0.0	0.0	0.0
-12.720	0.0	0.0	0.0	0.0	0.0	0.0	0.0	0.0	0.0
-12.697	0.0	0.0	0.0	0.0	0.0	0.0	0.0	0.0	0.0
-12.674	0.0	0.0	0.0	0.0	0.0	0.0	0.0	0.0	0.0
-12.651	0.0	0.0	0.0	0.0	0.0	0.0	0.0	0.0	0.0
-12.627	0.0	0.0	0.0	0.0	0.0	0.0	0.0	0.0	0.0
-12.604	0.0	0.0	0.0	0.0	0.0	0.0	0.0	0.0	0.0
-12.581	0.0	0.0	0.0	0.0	0.0	0.0	0.0	0.0	0.0
-12.558	0.0	0.0	0.0	0.0	0.0	0.0	0.0	0.0	0.0
-12.535	0.0	0.0	0.0	0.0	0.0	0.0	0.0	0.0	0.0
-12.512	0.0	0.0	0.0	0.0	0.0	0.0	0.0	0.0	0.0
-12.489	0.0	0.0	0.0	0.0	0.0	0.0	0.0	0.0	0.0
-12.466	0.0	0.0	0.0	0.0	0.0	0.0	0.0	0.0	0.0
-12.443	0.0	0.0	0.0	0.0	0.0	0.0	0.0	0.0	0.0
-12.420	0.0	0.0	0.0	0.0	0.0	0.0	0.0	0.0	0.0
-12.396	0.0	0.0	0.0	0.0	0.0	0.0	0.0	0.0	0.0
-12.373	0.0	0.0	0.0	0.0	0.0	0.0	0.0	0.0	0.0
-12.350	0.0	0.0	0.0	0.0	0.0	0.0	0.0	0.0	0.0
-12.327	0.0	0.0	0.0	0.0	0.0	0.0	0.0	0.0	0.0
-12.304	0.0	0.0	0.0	0.0	0.0	0.0	0.0	0.0	0.0
-12.281	0.0	0.0	0.0	0.0	0.0	0.0	0.0	0.0	0.0
-12.258	0.0	0.0	0.0	0.0	0.0	0.0	0.0	0.0	0.0
-12.235	0.0	0.0	0.0	0.0	0.0	0.0	0.0	0.0	0.0
-12.212	0.0	0.0	0.0	0.0	0.0	0.0	0.0	0.0	0.0
-12.189	0.0	0.0	0.0	0.0	0.0	0.0	0.0	0.0	0.0
-12.165	0.0	0.0	0.0	0.0	0.0	0.0	0.0	0.0	0.0
-12.142	0.0	0.0	0.0	0.0	0.0	0.0	0.0	0.0	0.0
-12.119	0.0	0.0	0.0	0.0	0.0	0.0	0.0	0.0	0.0
-12.096	0.0	0.0	0.0	0.0	0.0	0.0	0.0	0.0	0.0
-12.073	0.0	0.0	0.0	0.0	0.0	0.0	0.0	0.0	0.0
-12.050	6.618309529616e-15	1.4443160000000002e-16	7.375013000000001e-15	6.619599e-16	0.0	0.0	0.0	0.0	0.0
-12.027	8.207011816701999e-14	1.791002e-15	9.143891999999999e-14	8.207799999999999e-15	0.0	0.0	0.0	0.0	0.0
-12.004	1.028601481072e-12	2.244372e-14	1.1459921e-12	1.028598e-13	0.0	0.0	0.0	0.0	0.0
-11.981	1.1493016548355e-11	2.507692e-13	1.2803916e-11	1.1494019999999999e-12	0.0	0.0	0.0	0.0	0.0
-11.958	1.1554016636125999e-10	2.521114e-12	1.2873166999999997e-10	1.15531e-11	0.0	0.0	0.0	0.0	0.0
-11.934	1.0446015042626e-09	2.2796e-11	1.1641283e-09	1.044697e-10	0.0	0.0	0.0	0.0	0.0
-11.911	8.496012235566e-09	1.854186e-10	9.467896e-09	8.496769999999999e-10	0.0	0.0	0.0	0.0	0.0
-11.888	6.215008950367e-08	1.3564129999999998e-09	6.926675e-08	6.215581e-09	0.0	0.0	0.0	0.0	0.0
-11.865	4.0901058899499996e-07	8.925364e-09	4.5566779999999996e-07	4.090768e-08	0.0	0.0	0.0	0.0	0.0
-11.842	2.420903486373e-06	5.28312e-08	2.6977210000000004e-06	2.421155e-07	0.0	0.0	0.0	0.0	0.0
-11.819	1.288901856272e-05	2.81273e-07	1.4361843000000001e-05	1.2891749999999998e-06	0.0	0.0	0.0	0.0	0.0
-11.796	6.173108889082001e-05	1.3469479999999998e-06	6.879800000000001e-05	6.173252999999999e-06	0.0	0.0	0.0	0.0	0.0
-11.773	0.00026595038296089996	5.803569e-06	0.0002962854999999999	2.659806e-05	0.0	0.0	0.0	0.0	0.0
-11.750	0.0010307014841417998	2.2490290000000003e-05	0.0011483364999999998	0.0001030734	0.0	0.0	0.0	0.0	0.0
-11.727	0.003593005174902	7.840893000000001e-05	0.004002393000000002	0.0003593726	0.0	0.0	0.0	0.0	0.0
-11.703	0.011266016225486	0.0002458932	0.012555261000000002	0.001126945	0.0	0.0	0.0	0.0	0.0
-11.680	0.03178904577353	0.0006936519	0.03542406000000001	0.003178775	0.0	0.0	0.0	0.0	0.0
-11.657	0.08066011616505	0.001760412	0.08988015	0.00806927	0.0	0.0	0.0	0.0	0.0
-11.634	0.1841802651821	0.004019158	0.20521268000000004	0.018420050000000004	0.0	0.0	0.0	0.0	0.0
-11.611	0.3782705446651	0.008254669000000001	0.4215312	0.037826990000000005	0.0	0.0	0.0	0.0	0.0
-11.588	0.6988110063818	0.015250390000000003	0.7786687000000001	0.0699012	0.0	0.0	0.0	0.0	0.0
-11.565	1.16170167281	0.025350559999999998	1.2943490000000002	0.11617800000000002	0.0	0.0	0.0	0.0	0.0
-11.542	1.7370025016459998	0.03790585	1.9354586999999999	0.17373480000000002	0.0	0.0	0.0	0.0	0.0
-11.519	2.3368033648280004	0.05099221	2.603574	0.2336911	0.0	0.0	0.0	0.0	0.0
-11.496	2.827904071709	0.06171169	3.1513479999999996	0.28281850000000003	0.0	0.0	0.0	0.0	0.0
-11.472	3.078904433319	0.06718562	3.4308310000000004	0.30793630000000005	0.0	0.0	0.0	0.0	0.0
-11.449	3.015604342406	0.06580637	3.360125	0.3016262	0.0	0.0	0.0	0.0	0.0
-11.426	2.657203826538	0.05798361	2.960511	0.2657289	0.0	0.0	0.0	0.0	0.0
-11.403	2.1062030338630002	0.045963	2.347207	0.2106514	0.0	0.0	0.0	0.0	0.0
-11.380	1.5020021676909998	0.03277578	1.6735955999999999	0.15023289999999997	0.0	0.0	0.0	0.0	0.0
-11.357	0.9637014228696	0.021028609999999996	1.0737497	0.09637720000000001	0.0	0.0	0.0	0.0	0.0
-11.334	0.5562210368039999	0.012136211	0.6198136999999999	0.05561795	0.0	0.0	0.0	0.0	0.0
-11.311	0.288761834201	0.006302318	0.32177710000000004	0.02887887	0.0	0.0	0.0	0.0	0.0
-11.288	0.13489786351	0.002950633	0.15028222999999996	0.013494800000000001	0.0	0.0	0.0	0.0	0.0
-11.265	0.0567113864	0.001273405	0.06314380000000001	0.005697387999999999	0.0	0.0	0.0	0.0	0.0
-11.241	0.021614230099999996	0.0006276305000000001	0.02388168	0.00227056	0.0	0.0	0.0	0.0	0.0
-11.218	0.00804118	0.0007895970000000001	0.008157296000000001	0.001232707	0.0	0.0	0.0	0.0	0.0
-11.195	0.00491006	0.0022815139999999997	0.0026237010000000004	0.0020073496	0.0	0.0	0.0	0.0	0.0
-11.172	0.009153240000000002	0.007123234	0.001132758	0.005746225800000001	0.0	0.0	0.0	0.0	0.0
-11.149	0.024623500000000006	0.020371549100000004	0.001457362	0.0163010492	0.0	0.0	0.0	0.0	0.0
-11.126	0.0630903	0.052499258300000004	0.0033574599999999996	0.04198152449999999	0.0	0.0	0.0	0.0	0.0
-11.103	0.14621220000000001	0.12173014990000001	0.007705599999999998	0.09731946500000001	0.0	0.0	0.0	0.0	0.0
-11.080	0.30488799999999994	0.2539097238	0.016056729999999998	0.202937391	0.0	0.0	0.0	0.0	0.0
-11.057	0.5721160000000001	0.476325813	0.030125700000000002	0.38080388400000004	0.0	0.0	0.0	0.0	0.0
-11.034	0.9657879999999999	0.8040883250000002	0.0508462	0.6428058600000001	0.0	0.0	0.0	0.0	0.0
-11.010	1.4665879999999998	1.221163463	0.07722310000000002	0.9761615	0.0	0.0	0.0	0.0	0.0
-10.987	2.003404	1.667905395	0.1054893	1.33360512	0.0	0.0	0.0	0.0	0.0
-10.964	2.4619329999999997	2.049602147	0.1296428	1.6390452799999997	0.0	0.0	0.0	0.0	0.0
-10.941	2.72236	2.266231944	0.14334329999999998	1.81226444	0.0	0.0	0.0	0.0	0.0
-10.918	2.7076900000000004	2.25482481	0.14257680000000003	1.8020418599999999	0.0	0.0	0.0	0.0	0.0
-10.895	2.4230020000000003	2.017726057	0.127584	1.61293711	0.0	0.0	0.0	0.0	0.0
-10.872	1.950656	1.623849173	0.10269950000000001	1.29841017	0.0	0.0	0.0	0.0	0.0
-10.849	1.4125420000000002	1.1760701400000002	0.074371	0.94032024	0.0	0.0	0.0	0.0	0.0
-10.826	0.9202990000000002	0.766196691	0.0484615	0.61257904	0.0	0.0	0.0	0.0	0.0
-10.803	0.539446	0.449121187	0.02840359	0.359130847	0.0	0.0	0.0	0.0	0.0
-10.779	0.28435299999999997	0.23680997229999995	0.01497472	0.18933316200000003	0.0	0.0	0.0	0.0	0.0
-10.756	0.13490689999999997	0.11232399939999999	0.007104130000000001	0.08980505700000001	0.0	0.0	0.0	0.0	0.0
-10.733	0.05757609999999999	0.047929109000000004	0.0030312110000000002	0.038323136699999996	0.0	0.0	0.0	0.0	0.0
-10.710	0.022098670000000008	0.018402479679999997	0.001163589	0.014709949200000001	0.0	0.0	0.0	0.0	0.0
-10.687	0.007631239999999998	0.006354021	0.0004018260000000001	0.00507949542	0.0	0.0	0.0	0.0	0.0
-10.664	0.0023706079999999997	0.001973888837	0.00012482109999999998	0.00157795757	0.0	0.0	0.0	0.0	0.0
-10.641	0.0006624879999999999	0.0005515390390000001	3.48816e-05	0.00044093705	0.0	0.0	0.0	0.0	0.0
-10.618	0.00016653200000000005	0.00013865383189999998	8.76776e-06	0.000110848261	0.0	0.0	0.0	0.0	0.0
-10.595	3.7655700000000006e-05	3.1358345360000005e-05	1.98277e-06	2.5067583e-05	0.0	0.0	0.0	0.0	0.0
-10.572	7.66055e-06	6.377243369999999e-06	4.0328399999999995e-07	5.0985664699999995e-06	0.0	0.0	0.0	0.0	0.0
-10.548	1.401524e-06	1.166881214e-06	7.37927e-08	9.3293221e-07	0.0	0.0	0.0	0.0	0.0
-10.525	2.306763e-07	1.92064269e-07	1.2145490000000001e-08	1.5354649e-07	0.0	0.0	0.0	0.0	0.0
-10.502	3.4145700000000004e-08	2.843635432e-08	1.7980390000000002e-09	2.2727883499999994e-08	0.0	0.0	0.0	0.0	0.0
-10.479	4.54809e-09	3.7862741400000015e-09	2.3945189999999997e-10	3.0269749000000003e-09	0.0	0.0	0.0	0.0	0.0
-10.456	5.447340000000002e-10	4.53532842e-10	2.8682999999999998e-11	3.62634303e-10	0.0	0.0	0.0	0.0	0.0
-10.433	5.91039e-11	4.914880700000001e-11	3.14261e-12	3.9462006999999994e-11	0.0	0.0	0.0	0.0	0.0
-10.410	1.058429e-11	8.10476e-12	9.032599999999999e-13	8.457191e-12	0.0	0.0	0.0	0.0	0.0
-10.387	5.128257e-11	3.5347352e-11	6.287994000000001e-12	4.8775890000000004e-11	0.0	0.0	0.0	0.0	0.0
-10.364	4.738558701e-10	3.2599366e-10	5.8434939e-11	4.519703e-10	0.0	0.0	0.0	0.0	0.0
-10.341	3.9759207376999995e-09	2.735187e-09	4.902478899999999e-10	3.792788e-09	0.0	0.0	0.0	0.0	0.0
-10.317	3.00090202504e-08	2.0643699000000003e-08	3.7008094e-09	2.8628729999999998e-08	0.0	0.0	0.0	0.0	0.0
-10.294	2.037491320719e-07	1.4015686200000003e-07	2.5124575e-08	1.9434961e-07	0.0	0.0	0.0	0.0	0.0
-10.271	1.2441885347899999e-06	8.557750199999999e-07	1.5342685999999998e-07	1.1868040000000001e-06	0.0	0.0	0.0	0.0	0.0
-10.248	6.83513174043e-06	4.701181900000001e-06	8.428056299999998e-07	6.519319000000001e-06	0.0	0.0	0.0	0.0	0.0
-10.225	3.3772403657800004e-05	2.3231154e-05	4.1644085e-06	3.2221630000000005e-05	0.0	0.0	0.0	0.0	0.0
-10.202	0.00015012514626039998	0.00010325463199999998	1.8510111e-05	0.00014319417	0.0	0.0	0.0	0.0	0.0
-10.179	0.0006002303650189999	0.00041288299	7.401319099999998e-05	0.000572483	0.0	0.0	0.0	0.0	0.0
-10.156	0.002158568233848	0.00148500438	0.00026619481000000005	0.002059278	0.0	0.0	0.0	0.0	0.0
-10.133	0.006984526756620001	0.0048034102	0.00086126789	0.006662652999999999	0.0	0.0	0.0	0.0	0.0
-10.110	0.02032988420207	0.0139836477	0.0025067709	0.019392394999999996	0.0	0.0	0.0	0.0	0.0
-10.086	0.0532277357655	0.036609873999999994	0.006562959	0.050772389999999994	0.0	0.0	0.0	0.0	0.0
-10.063	0.1253794535813	0.086247962	0.015459528999999998	0.11959192	0.0	0.0	0.0	0.0	0.0
-10.040	0.26563836877499997	0.18273928900000003	0.03276238	0.2533964	0.0	0.0	0.0	0.0	0.0
-10.017	0.506380954846	0.34830874	0.062441645	0.4830971	0.0	0.0	0.0	0.0	0.0
-9.994	0.868350294066	0.59732562	0.10707005000000001	0.828411	0.0	0.0	0.0	0.0	0.0
-9.971	1.33964904512	0.92154175	0.16519409000000002	1.2779684	0.0	0.0	0.0	0.0	0.0
-9.948	1.859178301436	1.27890959	0.2292553	1.7734184	0.0	0.0	0.0	0.0	0.0
-9.925	2.32137115143	1.59683024	0.28624398999999995	2.2138639999999996	0.0	0.0	0.0	0.0	0.0
-9.902	2.60745248243	1.79352782	0.32151647	2.4872560000000004	0.0	0.0	0.0	0.0	0.0
-9.879	2.6347698854500003	1.8123255	0.32484049000000004	2.5129919999999997	0.0	0.0	0.0	0.0	0.0
-9.855	2.39511795943	1.64753285	0.29533892	2.2844639999999994	0.0	0.0	0.0	0.0	0.0
-9.832	1.9587415121960001	1.34735913	0.24154104999999998	1.8685339999999997	0.0	0.0	0.0	0.0	0.0
-9.809	1.4411133561079998	0.9913390399999998	0.17770315	1.3747098	0.0	0.0	0.0	0.0	0.0
-9.786	0.95400450332	0.6560787	0.11762575000000002	0.9098549	0.0	0.0	0.0	0.0	0.0
-9.763	0.56799996153	0.39061255	0.07003941300000001	0.54179	0.0	0.0	0.0	0.0	0.0
-9.740	0.304242812964	0.20926566	0.037523257	0.29025720000000005	0.0	0.0	0.0	0.0	0.0
-9.717	0.1466329258829	0.100848351	0.018103519	0.13984202999999998	0.0	0.0	0.0	0.0	0.0
-9.694	0.0636842768915	0.04371925299999999	0.007948906	0.06064253000000001	0.0	0.0	0.0	0.0	0.0
-9.671	0.025311708714999992	0.017057865000000002	0.0035195439	0.023686030000000004	0.0	0.0	0.0	0.0	0.0
-9.648	0.0106675110559	0.006015199000000001	0.0028081742	0.00844795	0.0	0.0	0.0	0.0	0.0
-9.624	0.0093750397802	0.00199912	0.006175676969999999	0.0031306660000000003	0.0	0.0	0.0	0.0	0.0
-9.601	0.02084359544291	0.000873129	0.017756879379999996	0.0022951490000000002	0.0	0.0	0.0	0.0	0.0
-9.578	0.0548063805254	0.001054844	0.048099380409999996	0.00441414	0.0	0.0	0.0	0.0	0.0
-9.555	0.133773067807856	0.002279308	0.1177061554	0.010387381999999999	0.0	0.0	0.0	0.0	0.0
-9.532	0.29458295387006994	0.004958027	0.25931511321000006	0.022795353000000004	0.0	0.0	0.0	0.0	0.0
-9.509	0.58370105134378	0.009813361999999999	0.5137981835810002	0.045162942	0.0	0.0	0.0	0.0	0.0
-9.486	1.04060107116985	0.017491690000000004	0.9159751048925999	0.08049424599999999	0.0	0.0	0.0	0.0	0.0
-9.463	1.6690015970461098	0.028053253000000004	1.4689303743353002	0.129079106	0.0	0.0	0.0	0.0	0.0
-9.440	2.4078022880341	0.040473486	2.1193308683788	0.186261509	0.0	0.0	0.0	0.0	0.0
-9.417	3.1252029673398	0.05253300300000001	2.7504083194789004	0.241753883	0.0	0.0	0.0	0.0	0.0
-9.393	3.6492034647251	0.061346723000000006	3.2118833785578	0.282279968	0.0	0.0	0.0	0.0	0.0
-9.370	3.8334036388446	0.064433903	3.3742747515858	0.296464944	0.0	0.0	0.0	0.0	0.0
-9.347	3.6227034394923	0.060886968	3.1882513245535997	0.280222028	0.0	0.0	0.0	0.0	0.0
-9.324	3.079902923575	0.051769759	2.7113332274706003	0.238243115	0.0	0.0	0.0	0.0	0.0
-9.301	2.3556022362086	0.039596476000000005	2.07307876336	0.18222292999999998	0.0	0.0	0.0	0.0	0.0
-9.278	1.62080153882103	0.027244011	1.4265852772477	0.125382529	0.0	0.0	0.0	0.0	0.0
-9.255	1.00320095254587	0.016864468	0.8830870283533	0.07760792300000001	0.0	0.0	0.0	0.0	0.0
-9.232	0.55870053040295	0.009391712	0.49180152968536994	0.0432116371	0.0	0.0	0.0	0.0	0.0
-9.209	0.27988026567852997	0.004704366	0.24636256594277	0.021649119399999996	0.0	0.0	0.0	0.0	0.0
-9.186	0.12613011975730998	0.002120138	0.11102315501927	0.009756921	0.0	0.0	0.0	0.0	0.0
-9.163	0.05114004854639601	0.0008594874	0.04500737339781399	0.0039564586200000005	0.0	0.0	0.0	0.0	0.0
-9.139	0.018649017702067703	0.00031348114999999995	0.01641508771285	0.0014426339400000002	0.0	0.0	0.0	0.0	0.0
-9.116	0.0061180058090957	0.00010285071000000002	0.005385669371935	0.00047334846800000004	0.0	0.0	0.0	0.0	0.0
-9.093	0.0018058017149206003	3.0354363e-05	0.0015894946522759998	0.00013969320600000002	0.0	0.0	0.0	0.0	0.0
-9.070	0.0004794004551766	8.0587384e-06	0.00042201516937325997	3.7084798399999995e-05	0.0	0.0	0.0	0.0	0.0
-9.047	0.000114500108714083	1.92456e-06	0.00010078623151749999	8.857513600000001e-06	0.0	0.0	0.0	0.0	0.0
-9.024	2.4599023351496e-05	4.1349381000000004e-07	2.1645819743759e-05	1.90268686e-06	0.0	0.0	0.0	0.0	0.0
-9.001	4.7540045134117e-06	7.991300000000001e-08	4.1841866117264006e-06	3.67700023e-07	0.0	0.0	0.0	0.0	0.0
-8.978	8.263007846062e-07	1.3888333999999999e-08	7.273743709263001e-07	6.3916548e-08	0.0	0.0	0.0	0.0	0.0
-8.955	1.29200122676635e-07	2.1719684000000002e-09	1.1372636131974002e-07	9.9951126e-09	0.0	0.0	0.0	0.0	0.0
-8.932	1.81720172589174e-08	3.0548005999999997e-10	1.5995676742776998e-08	1.4058012300000001e-09	0.0	0.0	0.0	0.0	0.0
-8.908	2.2990021826827e-09	3.8644699e-11	2.0236346483513006e-09	1.77831445e-10	0.0	0.0	0.0	0.0	0.0
-8.885	2.6160024839161004e-10	4.3973252999999995e-12	2.3022882893998e-10	2.0235792e-11	0.0	0.0	0.0	0.0	0.0
-8.862	2.6777025421525998e-11	4.500907e-13	2.3567624144092e-11	2.07137812e-12	0.0	0.0	0.0	0.0	0.0
-8.839	2.4692517190999998e-12	5.120882e-14	2.168678215e-12	1.9444160000000004e-13	0.0	0.0	0.0	0.0	0.0
-8.816	2.874859000000001e-13	1.4067217999999998e-13	1.8039554999999997e-13	7.299780000000001e-14	0.0	0.0	0.0	0.0	0.0
-8.793	1.0464869000000001e-12	1.6754366999999999e-12	3.1913400000000006e-14	7.03555e-13	0.0	0.0	0.0	0.0	0.0
-8.770	1.1470823999999998e-11	1.8554942e-11	2.02969e-13	7.838490000000001e-12	0.0	0.0	0.0	0.0	0.0
-8.747	1.1497165e-10	1.8480073000000004e-10	2.1338799999999994e-12	7.878179999999999e-11	0.0	0.0	0.0	0.0	0.0
-8.724	1.0376347e-09	1.6558700999999998e-09	2.0265600000000004e-11	7.13131e-10	0.0	0.0	0.0	0.0	0.0
-8.701	8.434347000000001e-09	1.3351435000000003e-08	1.73914e-10	5.817689e-09	0.0	0.0	0.0	0.0	0.0
-8.677	6.175331999999999e-08	9.686114000000003e-08	1.3486699999999999e-09	4.275975e-08	0.0	0.0	0.0	0.0	0.0
-8.654	4.073383e-07	6.324134000000001e-07	9.4509e-09	2.832816e-07	0.0	0.0	0.0	0.0	0.0
-8.631	2.4217620000000005e-06	3.716355e-06	5.983099999999999e-08	1.6918750000000002e-06	0.0	0.0	0.0	0.0	0.0
-8.608	1.2972966000000003e-05	1.9649320999999996e-05	3.4233899999999995e-07	9.11182e-06	0.0	0.0	0.0	0.0	0.0
-8.585	6.265441999999999e-05	9.352693000000001e-05	1.7692e-06	4.4260450000000004e-05	0.0	0.0	0.0	0.0	0.0
-8.562	0.0002728433	0.00040082259999999994	8.2598e-06	0.000193962	0.0	0.0	0.0	0.0	0.0
-8.539	0.0010718627999999999	0.0015458891000000002	3.48204e-05	0.000767083	0.0	0.0	0.0	0.0	0.0
-8.516	0.003798418	0.005370734	0.00013254	0.0027384460000000003	0.0	0.0	0.0	0.0	0.0
-8.493	0.012144310000000002	0.0167953	0.000455435	0.008826339999999998	0.0	0.0	0.0	0.0	0.0
-8.470	0.035049210000000004	0.047312219999999995	0.0014125199999999998	0.0256867	0.0	0.0	0.0	0.0	0.0
-8.446	0.09133360000000001	0.12006039999999998	0.00395225	0.06752834000000002	0.0	0.0	0.0	0.0	0.0
-8.423	0.21491380000000002	0.2744846999999999	0.009978600000000002	0.16039170000000003	0.0	0.0	0.0	0.0	0.0
-8.400	0.4568208	0.5653848	0.022717399999999995	0.34427339999999995	0.0	0.0	0.0	0.0	0.0
-8.377	0.876984	1.049902	0.0466326	0.6674162	0.0	0.0	0.0	0.0	0.0
-8.354	1.5213079999999997	1.757281	0.08631380000000001	1.169687	0.0	0.0	0.0	0.0	0.0
-8.331	2.38493	2.6519350000000004	0.14398350000000001	1.8526559999999999	0.0	0.0	0.0	0.0	0.0
-8.308	3.3785729999999994	3.60949	0.216453	2.651822	0.0	0.0	0.0	0.0	0.0
-8.285	4.32599	4.431746	0.293157	3.4301040000000005	0.0	0.0	0.0	0.0	0.0
-8.262	5.006170000000001	4.9087629999999995	0.35776899999999995	4.009506	0.0	0.0	0.0	0.0	0.0
-8.239	5.23514	4.908451	0.393315	4.235471999999999	0.0	0.0	0.0	0.0	0.0
-8.215	4.949059999999999	4.42992	0.389934	4.040551000000001	0.0	0.0	0.0	0.0	0.0
-8.192	4.22881	3.609764	0.34958	3.4826379999999997	0.0	0.0	0.0	0.0	0.0
-8.169	3.2729499999999994	2.656752	0.2872617	2.710295	0.0	0.0	0.0	0.0	0.0
-8.146	2.311898	1.766534	0.2266908	1.906115	0.0	0.0	0.0	0.0	0.0
-8.123	1.535005	1.061893	0.1966833	1.2129880000000002	0.0	0.0	0.0	0.0	0.0
-8.100	1.057952	0.5783526	0.2292377	0.7039845999999998	0.0	0.0	0.0	0.0	0.0
-8.077	0.929435	0.28794829999999993	0.3584118	0.38396510000000006	0.0	0.0	0.0	0.0	0.0
-8.054	1.1548336	0.135751	0.6154040000000001	0.2171578	0.0	0.0	0.0	0.0	0.0
-8.031	1.7032861000000001	0.06803590000000002	1.0137239999999998	0.1558862	0.0	0.0	0.0	0.0	0.0
-8.008	2.4925388999999996	0.0453308	1.528699	0.1571249	0.0	0.0	0.0	0.0	0.0
-7.984	3.3706829	0.04303854	2.0831630000000003	0.18744029999999998	0.0	0.0	0.0	0.0	0.0
-7.961	4.12927672	0.04731790999999999	2.556802	0.22188270000000002	0.0	0.0	0.0	0.0	0.0
-7.938	4.559869744999999	0.050791140000000005	2.824533	0.24281149999999999	0.0	0.0	0.0	0.0	0.0
-7.915	4.530174451	0.05012999	2.8064929999999997	0.2407094	0.0	0.0	0.0	0.0	0.0
-7.892	4.050224681	0.04473953	2.5089840000000003	0.21507700000000002	0.0	0.0	0.0	0.0	0.0
-7.869	3.2571116674000002	0.03597031	2.018321	0.1729592	0.0	0.0	0.0	0.0	0.0
-7.846	2.3568069991	0.02602332	1.460286	0.1251426	0.0	0.0	0.0	0.0	0.0
-7.823	1.5341043253000002	0.01693824	0.9504798999999999	0.0814612	0.0	0.0	0.0	0.0	0.0
-7.800	0.89830250041	0.009918386	0.5566052	0.04769835	0.0	0.0	0.0	0.0	0.0
-7.777	0.47323131281999997	0.005225695	0.2932632	0.025132309999999998	0.0	0.0	0.0	0.0	0.0
-7.753	0.22429062163000002	0.0024763159999999997	0.1389618	0.01190936	0.0	0.0	0.0	0.0	0.0
-7.730	0.095620265013	0.0010556971	0.05924498999999999	0.0050773139999999994	0.0	0.0	0.0	0.0	0.0
-7.707	0.036672101626	0.00040490940000000004	0.022719979999999997	0.0019472659999999998	0.0	0.0	0.0	0.0	0.0
-7.684	0.012652035053999998	0.0001396959	0.007839580999999998	0.0006719095000000001	0.0	0.0	0.0	0.0	0.0
-7.661	0.0039263108817	4.3359820000000006e-05	0.002433185	0.0002085174	0.0	0.0	0.0	0.0	0.0
-7.638	0.0010965030386	1.2105505e-05	0.0006792961	5.821819e-05	0.0	0.0	0.0	0.0	0.0
-7.615	0.00027536076303	3.040476e-06	0.0001706072	1.462109e-05	0.0	0.0	0.0	0.0	0.0
-7.592	6.2206172392e-05	6.868994000000001e-07	3.854766e-05	3.303232e-06	0.0	0.0	0.0	0.0	0.0
-7.569	1.2643035038999999e-05	1.3960469999999998e-07	7.834442e-06	6.713778000000001e-07	0.0	0.0	0.0	0.0	0.0
-7.546	2.3114064047e-06	2.552144e-08	1.432122e-06	1.227254e-07	0.0	0.0	0.0	0.0	0.0
-7.522	3.8010105313e-07	4.196543e-09	2.354644e-07	2.0180749999999997e-08	0.0	0.0	0.0	0.0	0.0
-7.499	5.6216155777e-08	6.208067e-10	3.48361e-08	2.985029e-09	0.0	0.0	0.0	0.0	0.0
-7.476	7.4795207203e-09	8.258758e-11	4.634115e-09	3.9717200000000005e-10	0.0	0.0	0.0	0.0	0.0
-7.453	8.950024806e-10	9.882623999999998e-12	5.546572999999999e-10	4.752273e-11	0.0	0.0	0.0	0.0	0.0
-7.430	9.6340266963e-11	1.0637809e-12	5.968541000000002e-11	5.115348e-12	0.0	0.0	0.0	0.0	0.0
-7.407	9.3240258372e-12	1.0294621999999999e-13	5.7770190000000006e-12	4.950139e-13	0.0	0.0	0.0	0.0	0.0
-7.384	8.117922491200001e-13	8.963159e-15	5.030427999999999e-13	4.310593e-14	0.0	0.0	0.0	0.0	0.0
-7.361	6.698518563e-14	7.397392e-16	4.1505249999999995e-14	3.556803e-15	0.0	0.0	0.0	0.0	0.0
-7.338	3.9407109198e-15	4.351107e-17	2.44219e-15	2.0924960000000005e-16	0.0	0.0	0.0	0.0	0.0
-7.315	0.0	0.0	0.0	0.0	0.0	0.0	0.0	0.0	0.0
-7.291	0.0	0.0	0.0	0.0	0.0	0.0	0.0	0.0	0.0
-7.268	0.0	0.0	0.0	0.0	0.0	0.0	0.0	0.0	0.0
-7.245	0.0	0.0	0.0	0.0	0.0	0.0	0.0	0.0	0.0
-7.222	0.0	0.0	0.0	0.0	0.0	0.0	0.0	0.0	0.0
-7.199	0.0	0.0	0.0	0.0	0.0	0.0	0.0	0.0	0.0
-7.176	0.0	0.0	0.0	0.0	0.0	0.0	0.0	0.0	0.0
-7.153	0.0	0.0	0.0	0.0	0.0	0.0	0.0	0.0	0.0
-7.130	0.0	0.0	0.0	0.0	0.0	0.0	0.0	0.0	0.0
-7.107	0.0	0.0	0.0	0.0	0.0	0.0	0.0	0.0	0.0
-7.084	0.0	0.0	0.0	0.0	0.0	0.0	0.0	0.0	0.0
-7.060	0.0	0.0	0.0	0.0	0.0	0.0	0.0	0.0	0.0
-7.037	0.0	0.0	0.0	0.0	0.0	0.0	0.0	0.0	0.0
-7.014	0.0	0.0	0.0	0.0	0.0	0.0	0.0	0.0	0.0
-6.991	0.0	0.0	0.0	0.0	0.0	0.0	0.0	0.0	0.0
-6.968	0.0	0.0	0.0	0.0	0.0	0.0	0.0	0.0	0.0
-6.945	0.0	0.0	0.0	0.0	0.0	0.0	0.0	0.0	0.0
-6.922	0.0	0.0	0.0	0.0	0.0	0.0	0.0	0.0	0.0
-6.899	0.0	0.0	0.0	0.0	0.0	0.0	0.0	0.0	0.0
-6.876	0.0	0.0	0.0	0.0	0.0	0.0	0.0	0.0	0.0
-6.853	0.0	0.0	0.0	0.0	0.0	0.0	0.0	0.0	0.0
-6.829	0.0	0.0	0.0	0.0	0.0	0.0	0.0	0.0	0.0
-6.806	0.0	0.0	0.0	0.0	0.0	0.0	0.0	0.0	0.0
-6.783	0.0	0.0	0.0	0.0	0.0	0.0	0.0	0.0	0.0
-6.760	0.0	0.0	0.0	0.0	0.0	0.0	0.0	0.0	0.0
-6.737	0.0	0.0	0.0	0.0	0.0	0.0	0.0	0.0	0.0
-6.714	0.0	0.0	0.0	0.0	0.0	0.0	0.0	0.0	0.0
-6.691	0.0	0.0	0.0	0.0	0.0	0.0	0.0	0.0	0.0
-6.668	0.0	0.0	0.0	0.0	0.0	0.0	0.0	0.0	0.0
-6.645	0.0	0.0	0.0	0.0	0.0	0.0	0.0	0.0	0.0
-6.622	0.0	0.0	0.0	0.0	0.0	0.0	0.0	0.0	0.0
-6.598	0.0	0.0	0.0	0.0	0.0	0.0	0.0	0.0	0.0
-6.575	0.0	0.0	0.0	0.0	0.0	0.0	0.0	0.0	0.0
-6.552	0.0	0.0	0.0	0.0	0.0	0.0	0.0	0.0	0.0
-6.529	0.0	0.0	0.0	0.0	0.0	0.0	0.0	0.0	0.0
-6.506	0.0	0.0	0.0	0.0	0.0	0.0	0.0	0.0	0.0
-6.483	0.0	0.0	0.0	0.0	0.0	0.0	0.0	0.0	0.0
-6.460	0.0	0.0	0.0	0.0	0.0	0.0	0.0	0.0	0.0
-6.437	0.0	0.0	0.0	0.0	0.0	0.0	0.0	0.0	0.0
-6.414	0.0	0.0	0.0	0.0	0.0	0.0	0.0	0.0	0.0
-6.391	0.0	0.0	0.0	0.0	0.0	0.0	0.0	0.0	0.0
-6.367	0.0	0.0	0.0	0.0	0.0	0.0	0.0	0.0	0.0
-6.344	0.0	0.0	0.0	0.0	0.0	0.0	0.0	0.0	0.0
-6.321	0.0	0.0	0.0	0.0	0.0	0.0	0.0	0.0	0.0
-6.298	0.0	0.0	0.0	0.0	0.0	0.0	0.0	0.0	0.0
-6.275	0.0	0.0	0.0	0.0	0.0	0.0	0.0	0.0	0.0
-6.252	0.0	0.0	0.0	0.0	0.0	0.0	0.0	0.0	0.0
-6.229	0.0	0.0	0.0	0.0	0.0	0.0	0.0	0.0	0.0
-6.206	0.0	0.0	0.0	0.0	0.0	0.0	0.0	0.0	0.0
-6.183	0.0	0.0	0.0	0.0	0.0	0.0	0.0	0.0	0.0
-6.160	0.0	0.0	0.0	0.0	0.0	0.0	0.0	0.0	0.0
-6.136	0.0	0.0	0.0	0.0	0.0	0.0	0.0	0.0	0.0
-6.113	0.0	0.0	0.0	0.0	0.0	0.0	0.0	0.0	0.0
-6.090	0.0	0.0	0.0	0.0	0.0	0.0	0.0	0.0	0.0
-6.067	0.0	0.0	0.0	0.0	0.0	0.0	0.0	0.0	0.0
-6.044	0.0	0.0	0.0	0.0	0.0	0.0	0.0	0.0	0.0
-6.021	0.0	0.0	0.0	0.0	0.0	0.0	0.0	0.0	0.0
-5.998	0.0	0.0	0.0	0.0	0.0	0.0	0.0	0.0	0.0
-5.975	0.0	0.0	0.0	0.0	0.0	0.0	0.0	0.0	0.0
-5.952	0.0	0.0	0.0	0.0	0.0	0.0	0.0	0.0	0.0
-5.929	0.0	0.0	0.0	0.0	0.0	0.0	0.0	0.0	0.0
-5.905	0.0	0.0	0.0	0.0	0.0	0.0	0.0	0.0	0.0
-5.882	0.0	0.0	0.0	0.0	0.0	0.0	0.0	0.0	0.0
-5.859	0.0	0.0	0.0	0.0	0.0	0.0	0.0	0.0	0.0
-5.836	0.0	0.0	0.0	0.0	0.0	0.0	0.0	0.0	0.0
-5.813	0.0	0.0	0.0	0.0	0.0	0.0	0.0	0.0	0.0
-5.790	0.0	0.0	0.0	0.0	0.0	0.0	0.0	0.0	0.0
-5.767	0.0	0.0	0.0	0.0	0.0	0.0	0.0	0.0	0.0
-5.744	0.0	0.0	0.0	0.0	0.0	0.0	0.0	0.0	0.0
-5.721	0.0	0.0	0.0	0.0	0.0	0.0	0.0	0.0	0.0
-5.698	0.0	0.0	0.0	0.0	0.0	0.0	0.0	0.0	0.0
-5.674	0.0	0.0	0.0	0.0	0.0	0.0	0.0	0.0	0.0
-5.651	0.0	0.0	0.0	0.0	0.0	0.0	0.0	0.0	0.0
-5.628	0.0	0.0	0.0	0.0	0.0	0.0	0.0	0.0	0.0
-5.605	0.0	0.0	0.0	0.0	0.0	0.0	0.0	0.0	0.0
-5.582	0.0	0.0	0.0	0.0	0.0	0.0	0.0	0.0	0.0
-5.559	0.0	0.0	0.0	0.0	0.0	0.0	0.0	0.0	0.0
-5.536	0.0	0.0	0.0	0.0	0.0	0.0	0.0	0.0	0.0
-5.513	0.0	0.0	0.0	0.0	0.0	0.0	0.0	0.0	0.0
-5.490	0.0	0.0	0.0	0.0	0.0	0.0	0.0	0.0	0.0
-5.467	0.0	0.0	0.0	0.0	0.0	0.0	0.0	0.0	0.0
-5.443	0.0	0.0	0.0	0.0	0.0	0.0	0.0	0.0	0.0
-5.420	0.0	0.0	0.0	0.0	0.0	0.0	0.0	0.0	0.0
-5.397	0.0	0.0	0.0	0.0	0.0	0.0	0.0	0.0	0.0
-5.374	0.0	0.0	0.0	0.0	0.0	0.0	0.0	0.0	0.0
-5.351	0.0	0.0	0.0	0.0	0.0	0.0	0.0	0.0	0.0
-5.328	0.0	0.0	0.0	0.0	0.0	0.0	0.0	0.0	0.0
-5.305	0.0	0.0	0.0	0.0	0.0	0.0	0.0	0.0	0.0
-5.282	0.0	0.0	0.0	0.0	0.0	0.0	0.0	0.0	0.0
-5.259	0.0	0.0	0.0	0.0	0.0	0.0	0.0	0.0	0.0
-5.236	0.0	0.0	0.0	0.0	0.0	0.0	0.0	0.0	0.0
-5.212	0.0	0.0	0.0	0.0	0.0	0.0	0.0	0.0	0.0
-5.189	0.0	0.0	0.0	0.0	0.0	0.0	0.0	0.0	0.0
-5.166	0.0	0.0	0.0	0.0	0.0	0.0	0.0	0.0	0.0
-5.143	0.0	0.0	0.0	0.0	0.0	0.0	0.0	0.0	0.0
-5.120	0.0	0.0	0.0	0.0	0.0	0.0	0.0	0.0	0.0
-5.097	0.0	0.0	0.0	0.0	0.0	0.0	0.0	0.0	0.0
-5.074	0.0	0.0	0.0	0.0	0.0	0.0	0.0	0.0	0.0
-5.051	0.0	0.0	0.0	0.0	0.0	0.0	0.0	0.0	0.0
-5.028	0.0	0.0	0.0	0.0	0.0	0.0	0.0	0.0	0.0
-5.005	0.0	0.0	0.0	0.0	0.0	0.0	0.0	0.0	0.0
-4.981	0.0	0.0	0.0	0.0	0.0	0.0	0.0	0.0	0.0
-4.958	0.0	0.0	0.0	0.0	0.0	0.0	0.0	0.0	0.0
-4.935	0.0	0.0	0.0	0.0	0.0	0.0	0.0	0.0	0.0
-4.912	0.0	0.0	0.0	0.0	0.0	0.0	0.0	0.0	0.0
-4.889	0.0	0.0	0.0	0.0	0.0	0.0	0.0	0.0	0.0
-4.866	0.0	0.0	0.0	0.0	0.0	0.0	0.0	0.0	0.0
-4.843	0.0	0.0	0.0	0.0	0.0	0.0	0.0	0.0	0.0
-4.820	0.0	0.0	0.0	0.0	0.0	0.0	0.0	0.0	0.0
-4.797	0.0	0.0	0.0	0.0	0.0	0.0	0.0	0.0	0.0
-4.774	0.0	0.0	0.0	0.0	0.0	0.0	0.0	0.0	0.0
-4.750	0.0	0.0	0.0	0.0	0.0	0.0	0.0	0.0	0.0
-4.727	0.0	0.0	0.0	0.0	0.0	0.0	0.0	0.0	0.0
-4.704	0.0	0.0	0.0	0.0	0.0	0.0	0.0	0.0	0.0
-4.681	0.0	0.0	0.0	0.0	0.0	0.0	0.0	0.0	0.0
-4.658	0.0	0.0	0.0	0.0	0.0	0.0	0.0	0.0	0.0
-4.635	0.0	0.0	0.0	0.0	0.0	0.0	0.0	0.0	0.0
-4.612	0.0	0.0	0.0	0.0	0.0	0.0	0.0	0.0	0.0
-4.589	0.0	0.0	0.0	0.0	0.0	0.0	0.0	0.0	0.0
-4.566	0.0	0.0	0.0	0.0	0.0	0.0	0.0	0.0	0.0
-4.543	0.0	0.0	0.0	0.0	0.0	0.0	0.0	0.0	0.0
-4.519	0.0	0.0	0.0	0.0	0.0	0.0	0.0	0.0	0.0
-4.496	0.0	0.0	0.0	0.0	0.0	0.0	0.0	0.0	0.0
-4.473	0.0	0.0	0.0	0.0	0.0	0.0	0.0	0.0	0.0
-4.450	0.0	0.0	0.0	0.0	0.0	0.0	0.0	0.0	0.0
-4.427	0.0	0.0	0.0	0.0	0.0	0.0	0.0	0.0	0.0
-4.404	0.0	0.0	0.0	0.0	0.0	0.0	0.0	0.0	0.0
-4.381	0.0	0.0	0.0	0.0	0.0	0.0	0.0	0.0	0.0
-4.358	0.0	0.0	0.0	0.0	0.0	0.0	0.0	0.0	0.0
-4.335	0.0	0.0	0.0	0.0	0.0	0.0	0.0	0.0	0.0
-4.312	0.0	0.0	0.0	0.0	0.0	0.0	0.0	0.0	0.0
-4.288	0.0	0.0	0.0	0.0	0.0	0.0	0.0	0.0	0.0
-4.265	0.0	0.0	0.0	0.0	0.0	0.0	0.0	0.0	0.0
-4.242	0.0	0.0	0.0	0.0	0.0	0.0	0.0	0.0	0.0
-4.219	0.0	0.0	0.0	0.0	0.0	0.0	0.0	0.0	0.0
-4.196	0.0	0.0	0.0	0.0	0.0	0.0	0.0	0.0	0.0
-4.173	0.0	0.0	0.0	0.0	0.0	0.0	0.0	0.0	0.0
-4.150	0.0	0.0	0.0	0.0	0.0	0.0	0.0	0.0	0.0
-4.127	0.0	0.0	0.0	0.0	0.0	0.0	0.0	0.0	0.0
-4.104	0.0	0.0	0.0	0.0	0.0	0.0	0.0	0.0	0.0
-4.081	0.0	0.0	0.0	0.0	0.0	0.0	0.0	0.0	0.0
-4.057	0.0	0.0	0.0	0.0	0.0	0.0	0.0	0.0	0.0
-4.034	0.0	0.0	0.0	0.0	0.0	0.0	0.0	0.0	0.0
-4.011	0.0	0.0	0.0	0.0	0.0	0.0	0.0	0.0	0.0
-3.988	0.0	0.0	0.0	0.0	0.0	0.0	0.0	0.0	0.0
-3.965	0.0	0.0	0.0	0.0	0.0	0.0	0.0	0.0	0.0
-3.942	0.0	0.0	0.0	0.0	0.0	0.0	0.0	0.0	0.0
-3.919	0.0	0.0	0.0	0.0	0.0	0.0	0.0	0.0	0.0
-3.896	0.0	0.0	0.0	0.0	0.0	0.0	0.0	0.0	0.0
-3.873	0.0	0.0	0.0	0.0	0.0	0.0	0.0	0.0	0.0
-3.850	0.0	0.0	0.0	0.0	0.0	0.0	0.0	0.0	0.0
-3.826	0.0	0.0	0.0	0.0	0.0	0.0	0.0	0.0	0.0
-3.803	0.0	0.0	0.0	0.0	0.0	0.0	0.0	0.0	0.0
-3.780	0.0	0.0	0.0	0.0	0.0	0.0	0.0	0.0	0.0
-3.757	0.0	0.0	0.0	0.0	0.0	0.0	0.0	0.0	0.0
-3.734	0.0	0.0	0.0	0.0	0.0	0.0	0.0	0.0	0.0
-3.711	0.0	0.0	0.0	0.0	0.0	0.0	0.0	0.0	0.0
-3.688	0.0	0.0	0.0	0.0	0.0	0.0	0.0	0.0	0.0
-3.665	0.0	0.0	0.0	0.0	0.0	0.0	0.0	0.0	0.0
-3.642	0.0	0.0	0.0	0.0	0.0	0.0	0.0	0.0	0.0
-3.619	0.0	0.0	0.0	0.0	0.0	0.0	0.0	0.0	0.0
-3.595	0.0	0.0	0.0	0.0	0.0	0.0	0.0	0.0	0.0
-3.572	0.0	0.0	0.0	0.0	0.0	0.0	0.0	0.0	0.0
-3.549	0.0	0.0	0.0	0.0	0.0	0.0	0.0	0.0	0.0
-3.526	0.0	0.0	0.0	0.0	0.0	0.0	0.0	0.0	0.0
-3.503	0.0	0.0	0.0	0.0	0.0	0.0	0.0	0.0	0.0
-3.480	0.0	0.0	0.0	0.0	0.0	0.0	0.0	0.0	0.0
-3.457	0.0	0.0	0.0	0.0	0.0	0.0	0.0	0.0	0.0
-3.434	0.0	0.0	0.0	0.0	0.0	0.0	0.0	0.0	0.0
-3.411	0.0	0.0	0.0	0.0	0.0	0.0	0.0	0.0	0.0
-3.388	0.0	0.0	0.0	0.0	0.0	0.0	0.0	0.0	0.0
-3.364	0.0	0.0	0.0	0.0	0.0	0.0	0.0	0.0	0.0
-3.341	0.0	0.0	0.0	0.0	0.0	0.0	0.0	0.0	0.0
-3.318	0.0	0.0	0.0	0.0	0.0	0.0	0.0	0.0	0.0
-3.295	0.0	0.0	0.0	0.0	0.0	0.0	0.0	0.0	0.0
-3.272	0.0	0.0	0.0	0.0	0.0	0.0	0.0	0.0	0.0
-3.249	0.0	0.0	0.0	0.0	0.0	0.0	0.0	0.0	0.0
-3.226	0.0	0.0	0.0	0.0	0.0	0.0	0.0	0.0	0.0
-3.203	0.0	0.0	0.0	0.0	0.0	0.0	0.0	0.0	0.0
-3.180	0.0	0.0	0.0	0.0	0.0	0.0	0.0	0.0	0.0
-3.157	0.0	0.0	0.0	0.0	0.0	0.0	0.0	0.0	0.0
-3.133	0.0	0.0	0.0	0.0	0.0	0.0	0.0	0.0	0.0
-3.110	0.0	0.0	0.0	0.0	0.0	0.0	0.0	0.0	0.0
-3.087	0.0	0.0	0.0	0.0	0.0	0.0	0.0	0.0	0.0
-3.064	0.0	0.0	0.0	0.0	0.0	0.0	0.0	0.0	0.0
-3.041	0.0	0.0	0.0	0.0	0.0	0.0	0.0	0.0	0.0
-3.018	0.0	0.0	0.0	0.0	0.0	0.0	0.0	0.0	0.0
-2.995	0.0	0.0	0.0	0.0	0.0	0.0	0.0	0.0	0.0
-2.972	0.0	0.0	0.0	0.0	0.0	0.0	0.0	0.0	0.0
-2.949	0.0	0.0	0.0	0.0	0.0	0.0	0.0	0.0	0.0
-2.926	0.0	0.0	0.0	0.0	0.0	0.0	0.0	0.0	0.0
-2.902	0.0	0.0	0.0	0.0	0.0	0.0	0.0	0.0	0.0
-2.879	0.0	0.0	0.0	0.0	0.0	0.0	0.0	0.0	0.0
-2.856	0.0	0.0	0.0	0.0	0.0	0.0	0.0	0.0	0.0
-2.833	0.0	0.0	0.0	0.0	0.0	0.0	0.0	0.0	0.0
-2.810	0.0	0.0	0.0	0.0	0.0	0.0	0.0	0.0	0.0
-2.787	0.0	0.0	0.0	0.0	0.0	0.0	0.0	0.0	0.0
-2.764	0.0	0.0	0.0	0.0	0.0	0.0	0.0	0.0	0.0
-2.741	0.0	0.0	0.0	0.0	0.0	0.0	0.0	0.0	0.0
-2.718	0.0	0.0	0.0	0.0	0.0	0.0	0.0	0.0	0.0
-2.695	0.0	0.0	0.0	0.0	0.0	0.0	0.0	0.0	0.0
-2.671	0.0	0.0	0.0	0.0	0.0	0.0	0.0	0.0	0.0
-2.648	0.0	0.0	0.0	0.0	0.0	0.0	0.0	0.0	0.0
-2.625	0.0	0.0	0.0	0.0	0.0	0.0	0.0	0.0	0.0
-2.602	0.0	0.0	0.0	0.0	0.0	0.0	0.0	0.0	0.0
-2.579	0.0	0.0	0.0	0.0	0.0	0.0	0.0	0.0	0.0
-2.556	0.0	0.0	0.0	0.0	0.0	0.0	0.0	0.0	0.0
-2.533	0.0	0.0	0.0	0.0	0.0	0.0	0.0	0.0	0.0
-2.510	0.0	0.0	0.0	0.0	0.0	0.0	0.0	0.0	0.0
-2.487	0.0	0.0	0.0	0.0	0.0	0.0	0.0	0.0	0.0
-2.464	0.0	0.0	0.0	0.0	0.0	0.0	0.0	0.0	0.0
-2.440	0.0	0.0	0.0	0.0	0.0	0.0	0.0	0.0	0.0
-2.417	0.0	0.0	0.0	0.0	0.0	0.0	0.0	0.0	0.0
-2.394	0.0	0.0	0.0	0.0	0.0	0.0	0.0	0.0	0.0
-2.371	0.0	0.0	0.0	0.0	0.0	0.0	0.0	0.0	0.0
-2.348	0.0	0.0	0.0	0.0	0.0	0.0	0.0	0.0	0.0
-2.325	0.0	0.0	0.0	0.0	0.0	0.0	0.0	0.0	0.0
-2.302	0.0	0.0	0.0	0.0	0.0	0.0	0.0	0.0	0.0
-2.279	0.0	0.0	0.0	0.0	0.0	0.0	0.0	0.0	0.0
-2.256	0.0	0.0	0.0	0.0	0.0	0.0	0.0	0.0	0.0
-2.233	0.0	0.0	0.0	0.0	0.0	0.0	0.0	0.0	0.0
-2.209	0.0	0.0	0.0	0.0	0.0	0.0	0.0	0.0	0.0
-2.186	0.0	0.0	0.0	0.0	0.0	0.0	0.0	0.0	0.0
-2.163	0.0	0.0	0.0	0.0	0.0	0.0	0.0	0.0	0.0
-2.140	0.0	0.0	0.0	0.0	0.0	0.0	0.0	0.0	0.0
-2.117	0.0	0.0	0.0	0.0	0.0	0.0	0.0	0.0	0.0
-2.094	0.0	0.0	0.0	0.0	0.0	0.0	0.0	0.0	0.0
-2.071	0.0	0.0	0.0	0.0	0.0	0.0	0.0	0.0	0.0
-2.048	0.0	0.0	0.0	0.0	0.0	0.0	0.0	0.0	0.0
-2.025	0.0	0.0	0.0	0.0	0.0	0.0	0.0	0.0	0.0
-2.002	0.0	0.0	0.0	0.0	0.0	0.0	0.0	0.0	0.0
-1.978	0.0	0.0	0.0	0.0	0.0	0.0	0.0	0.0	0.0
-1.955	0.0	0.0	0.0	0.0	0.0	0.0	0.0	0.0	0.0
-1.932	0.0	0.0	0.0	0.0	0.0	0.0	0.0	0.0	0.0
-1.909	0.0	0.0	0.0	0.0	0.0	0.0	0.0	0.0	0.0
-1.886	0.0	0.0	0.0	0.0	0.0	0.0	0.0	0.0	0.0
-1.863	0.0	0.0	0.0	0.0	0.0	0.0	0.0	0.0	0.0
-1.840	0.0	0.0	0.0	0.0	0.0	0.0	0.0	0.0	0.0
-1.817	0.0	0.0	0.0	0.0	0.0	0.0	0.0	0.0	0.0
-1.794	0.0	0.0	0.0	0.0	0.0	0.0	0.0	0.0	0.0
-1.771	0.0	0.0	0.0	0.0	0.0	0.0	0.0	0.0	0.0
-1.747	0.0	0.0	0.0	0.0	0.0	0.0	0.0	0.0	0.0
-1.724	0.0	0.0	0.0	0.0	0.0	0.0	0.0	0.0	0.0
-1.701	0.0	0.0	0.0	0.0	0.0	0.0	0.0	0.0	0.0
-1.678	0.0	0.0	0.0	0.0	0.0	0.0	0.0	0.0	0.0
-1.655	0.0	0.0	0.0	0.0	0.0	0.0	0.0	0.0	0.0
-1.632	0.0	0.0	0.0	0.0	0.0	0.0	0.0	0.0	0.0
-1.609	0.0	0.0	0.0	0.0	0.0	0.0	0.0	0.0	0.0
-1.586	0.0	0.0	0.0	0.0	0.0	0.0	0.0	0.0	0.0
-1.563	0.0	0.0	0.0	0.0	0.0	0.0	0.0	0.0	0.0
-1.540	0.0	0.0	0.0	0.0	0.0	0.0	0.0	0.0	0.0
-1.517	0.0	0.0	0.0	0.0	0.0	0.0	0.0	0.0	0.0
-1.493	0.0	0.0	0.0	0.0	0.0	0.0	0.0	0.0	0.0
-1.470	0.0	0.0	0.0	0.0	0.0	0.0	0.0	0.0	0.0
-1.447	0.0	0.0	0.0	0.0	0.0	0.0	0.0	0.0	0.0
-1.424	0.0	0.0	0.0	0.0	0.0	0.0	0.0	0.0	0.0
-1.401	0.0	0.0	0.0	0.0	0.0	0.0	0.0	0.0	0.0
-1.378	0.0	0.0	0.0	0.0	0.0	0.0	0.0	0.0	0.0
-1.355	0.0	0.0	0.0	0.0	0.0	0.0	0.0	0.0	0.0
-1.332	0.0	0.0	0.0	0.0	0.0	0.0	0.0	0.0	0.0
-1.309	0.0	0.0	0.0	0.0	0.0	0.0	0.0	0.0	0.0
-1.286	0.0	0.0	0.0	0.0	0.0	0.0	0.0	0.0	0.0
-1.262	0.0	0.0	0.0	0.0	0.0	0.0	0.0	0.0	0.0
-1.239	0.0	0.0	0.0	0.0	0.0	0.0	0.0	0.0	0.0
-1.216	0.0	0.0	0.0	0.0	0.0	0.0	0.0	0.0	0.0
-1.193	0.0	0.0	0.0	0.0	0.0	0.0	0.0	0.0	0.0
-1.170	0.0	0.0	0.0	0.0	0.0	0.0	0.0	0.0	0.0
-1.147	0.0	0.0	0.0	0.0	0.0	0.0	0.0	0.0	0.0
-1.124	0.0	0.0	0.0	0.0	0.0	0.0	0.0	0.0	0.0
-1.101	0.0	0.0	0.0	0.0	0.0	0.0	0.0	0.0	0.0
-1.078	0.0	0.0	0.0	0.0	0.0	0.0	0.0	0.0	0.0
-1.055	0.0	0.0	0.0	0.0	0.0	0.0	0.0	0.0	0.0
-1.031	0.0	0.0	0.0	0.0	0.0	0.0	0.0	0.0	0.0
-1.008	0.0	0.0	0.0	0.0	0.0	0.0	0.0	0.0	0.0
-0.985	0.0	0.0	0.0	0.0	0.0	0.0	0.0	0.0	0.0
-0.962	0.0	0.0	0.0	0.0	0.0	0.0	0.0	0.0	0.0
-0.939	0.0	0.0	0.0	0.0	0.0	0.0	0.0	0.0	0.0
-0.916	0.0	0.0	0.0	0.0	0.0	0.0	0.0	0.0	0.0
-0.893	0.0	0.0	0.0	0.0	0.0	0.0	0.0	0.0	0.0
-0.870	0.0	0.0	0.0	0.0	0.0	0.0	0.0	0.0	0.0
-0.847	0.0	0.0	0.0	0.0	0.0	0.0	0.0	0.0	0.0
-0.824	0.0	0.0	0.0	0.0	0.0	0.0	0.0	0.0	0.0
-0.800	0.0	0.0	0.0	0.0	0.0	0.0	0.0	0.0	0.0
-0.777	0.0	0.0	0.0	0.0	0.0	0.0	0.0	0.0	0.0
-0.754	0.0	0.0	0.0	0.0	0.0	0.0	0.0	0.0	0.0
-0.731	0.0	0.0	0.0	0.0	0.0	0.0	0.0	0.0	0.0
-0.708	0.0	0.0	0.0	0.0	0.0	0.0	0.0	0.0	0.0
-0.685	0.0	0.0	0.0	0.0	0.0	0.0	0.0	0.0	0.0
-0.662	0.0	0.0	0.0	0.0	0.0	0.0	0.0	0.0	0.0
-0.639	0.0	0.0	0.0	0.0	0.0	0.0	0.0	0.0	0.0
-0.616	2.154778e-17	9.487276e-18	6.8877700000000004e-18	1.2117478e-17	0.0	0.0	0.0	0.0	0.0
-0.593	2.801364e-16	1.2334754000000002e-16	8.954059999999999e-17	1.5752293e-16	0.0	0.0	0.0	0.0	0.0
-0.569	3.598489e-15	1.5845826000000001e-15	1.1503269999999998e-15	2.0235958000000003e-15	0.0	0.0	0.0	0.0	0.0
-0.546	4.3007850000000006e-14	1.8939320000000002e-14	1.3747790000000002e-14	2.4182699999999998e-14	0.0	0.0	0.0	0.0	0.0
-0.523	4.615142e-13	2.0326131e-13	1.475316e-13	2.5959072e-13	0.0	0.0	0.0	0.0	0.0
-0.500	4.45413e-12	1.9612049e-12	1.423573e-12	2.5049668999999994e-12	0.0	0.0	0.0	0.0	0.0
-0.477	3.866560000000001e-11	1.7024883e-11	1.235793e-11	2.174356e-11	0.0	0.0	0.0	0.0	0.0
-0.454	3.0184770000000004e-10	1.3291212999999996e-10	9.647729999999999e-11	1.6975292e-10	0.0	0.0	0.0	0.0	0.0
-0.431	2.1198209999999997e-09	9.33378e-10	6.774819999999999e-10	1.1921184000000001e-09	0.0	0.0	0.0	0.0	0.0
-0.408	1.339028e-08	5.897039000000001e-09	4.28002e-09	7.529257e-09	0.0	0.0	0.0	0.0	0.0
-0.385	7.608959999999999e-08	3.350236000000001e-08	2.4318530000000003e-08	4.2779464e-08	0.0	0.0	0.0	0.0	0.0
-0.362	3.8889559999999997e-07	1.7122698e-07	1.2429209999999998e-07	2.1867367000000004e-07	0.0	0.0	0.0	0.0	0.0
-0.338	1.7878899999999996e-06	7.872122999999999e-07	5.71484e-07	1.0054269999999998e-06	0.0	0.0	0.0	0.0	0.0
-0.315	7.39439e-06	3.255751e-06	2.363353e-06	4.157622400000001e-06	0.0	0.0	0.0	0.0	0.0
-0.292	2.7504209999999997e-05	1.2113125e-05	8.792380000000001e-06	1.5469712e-05	0.0	0.0	0.0	0.0	0.0
-0.269	9.2064e-05	4.0538100000000004e-05	2.942515e-05	5.1770140000000004e-05	0.0	0.0	0.0	0.0	0.0
-0.246	0.0002771545	0.00012204147999999999	8.858449999999999e-05	0.00015585603000000005	0.0	0.0	0.0	0.0	0.0
-0.223	0.0007505389999999999	0.0003304947000000001	0.00023991730000000002	0.00042212664999999994	0.0	0.0	0.0	0.0	0.0
-0.200	0.001828707	0.0008051626999999999	0.000584443	0.0010283102	0.0	0.0	0.0	0.0	0.0
-0.177	0.0040075810000000005	0.0017648403999999999	0.001280999	0.0022536824	0.0	0.0	0.0	0.0	0.0
-0.154	0.007902099999999999	0.0034792110000000003	0.002525748	0.004444004799999999	0.0	0.0	0.0	0.0	0.0
-0.131	0.014017380000000001	0.006171867	0.00448025	0.007881896	0.0	0.0	0.0	0.0	0.0
-0.107	0.022366530000000003	0.009849422000000002	0.00714898	0.012578604000000002	0.0	0.0	0.0	0.0	0.0
-0.084	0.03210803	0.014139893	0.010264350000000002	0.018059237000000002	0.0	0.0	0.0	0.0	0.0
-0.061	0.041490540000000006	0.018269893000000002	0.013262269999999998	0.023332782000000003	0.0	0.0	0.0	0.0	0.0
-0.038	0.04828487000000001	0.021258754999999997	0.015430550000000001	0.027141717	0.0	0.0	0.0	0.0	0.0
-0.015	0.05069840000000001	0.022316116999999996	0.01619566	0.0284825	0.0	0.0	0.0	0.0	0.0
0.008	0.048337899999999996	0.021264866000000004	0.01542057	0.027090951999999998	0.0	0.0	0.0	0.0	0.0
0.031	0.042582649999999986	0.018707615	0.01353177	0.02370144	0.0	0.0	0.0	0.0	0.0
0.054	0.036282409999999994	0.015882473	0.0114109	0.019831639999999998	0.0	0.0	0.0	0.0	0.0
0.077	0.03282355	0.014277517	0.01010172	0.017257420000000006	0.0	0.0	0.0	0.0	0.0
0.100	0.03505372000000001	0.015134293	0.01046792	0.017429350000000003	0.0	0.0	0.0	0.0	0.0
0.124	0.04423873	0.019030494	0.012890950000000002	0.020984899999999994	0.0	0.0	0.0	0.0	0.0
0.147	0.059474990000000005	0.025589008	0.01710062	0.027460599999999998	0.0	0.0	0.0	0.0	0.0
0.170	0.07751563000000002	0.033406012000000006	0.022142679999999994	0.035306599999999994	0.0	0.0	0.0	0.0	0.0
0.193	0.09350704	0.040410039999999994	0.02662118	0.0422552	0.0	0.0	0.0	0.0	0.0
0.216	0.10257138	0.044460705999999996	0.0291351	0.046097299999999994	0.0	0.0	0.0	0.0	0.0
0.239	0.10167641999999999	0.044188727	0.028830500000000002	0.0454923	0.0	0.0	0.0	0.0	0.0
0.262	0.09090814999999998	0.039620808	0.025734499999999997	0.040485099999999996	0.0	0.0	0.0	0.0	0.0
0.285	0.07325730999999999	0.032005541	0.02070429	0.032487699999999994	0.0	0.0	0.0	0.0	0.0
0.308	0.05319372	0.023310554	0.01500807	0.023494999999999995	0.0	0.0	0.0	0.0	0.0
0.331	0.03483564	0.015311196000000001	0.00980825	0.0153267	0.0	0.0	0.0	0.0	0.0
0.355	0.02067326	0.009140549000000001	0.00579512	0.009065620000000002	0.0	0.0	0.0	0.0	0.0
0.378	0.011412990000000001	0.00514967	0.00314496	0.004999599999999999	0.0	0.0	0.0	0.0	0.0
0.401	0.00660896	0.0032143499999999995	0.001700324	0.00291966	0.0	0.0	0.0	0.0	0.0
0.424	0.00554799	0.0031364500000000007	0.001215377	0.00251488	0.0	0.0	0.0	0.0	0.0
0.447	0.007850860000000001	0.004898699999999999	0.0015561380000000003	0.003639834	0.0	0.0	0.0	0.0	0.0
0.470	0.01358197	0.00868369	0.0028085790000000003	0.006363809999999999	0.0	0.0	0.0	0.0	0.0
0.493	0.022904290000000004	0.014631939999999998	0.00535006	0.010817800000000002	0.0	0.0	0.0	0.0	0.0
0.516	0.03552628	0.02246693	0.009938389000000002	0.01696806	0.0	0.0	0.0	0.0	0.0
0.539	0.05032542000000001	0.031251	0.01785201	0.02447188	0.0	0.0	0.0	0.0	0.0
0.562	0.0654713	0.0394369	0.030956730000000002	0.0327468	0.0	0.0	0.0	0.0	0.0
0.586	0.0791611	0.0454172	0.051471670000000004	0.041321399999999994	0.0	0.0	0.0	0.0	0.0
0.609	0.0904792	0.0482218	0.08111823	0.0501042	0.0	0.0	0.0	0.0	0.0
0.632	0.0997048	0.047914200000000004	0.11971756	0.0593319	0.0	0.0	0.0	0.0	0.0
0.655	0.10762920000000001	0.0454859	0.16379579	0.06910869999999998	0.0	0.0	0.0	0.0	0.0
0.678	0.1144479	0.0421878	0.2062394	0.0786358	0.0	0.0	0.0	0.0	0.0
0.701	0.118858	0.03875600000000001	0.2378322	0.0860749	0.0	0.0	0.0	0.0	0.0
0.724	0.11856240000000001	0.035243000000000003	0.250378	0.08901780000000001	0.0	0.0	0.0	0.0	0.0
0.747	0.1115262	0.031235600000000006	0.2402096	0.08571919999999998	0.0	0.0	0.0	0.0	0.0
0.770	0.0974784	0.026403000000000003	0.2097378	0.0760024	0.0	0.0	0.0	0.0	0.0
0.793	0.07832600000000002	0.020882	0.16652260000000005	0.0616188	0.0	0.0	0.0	0.0	0.0
0.817	0.057481700000000004	0.015236099999999997	0.1201203	0.0454739	0.0	0.0	0.0	0.0	0.0
0.840	0.03836530000000001	0.010163500000000002	0.07866731999999997	0.0304661	0.0	0.0	0.0	0.0	0.0
0.863	0.02322719	0.006164490000000001	0.046742080000000005	0.018489600000000002	0.0	0.0	0.0	0.0	0.0
0.886	0.012729140000000002	0.0033888200000000003	0.025171020000000006	0.01015187	0.0	0.0	0.0	0.0	0.0
0.909	0.006307750000000001	0.0016845699999999998	0.01227767	0.005037420000000001	0.0	0.0	0.0	0.0	0.0
0.932	0.00282314	0.00075646	0.005419416000000001	0.0022574199999999996	0.0	0.0	0.0	0.0	0.0
0.955	0.001140857	0.00030650299999999996	0.002163684	0.0009129169999999999	0.0	0.0	0.0	0.0	0.0
0.978	0.00041595499999999997	0.000111994	0.0007805924	0.000333065	0.0	0.0	0.0	0.0	0.0
1.001	0.0001367117	3.689600000000001e-05	0.0002543487	0.000109547	0.0	0.0	0.0	0.0	0.0
1.024	4.05082e-05	1.09506e-05	7.479806999999999e-05	3.2468499999999996e-05	0.0	0.0	0.0	0.0	0.0
1.048	1.0813340000000001e-05	2.9277700000000006e-06	1.984434e-05	8.672200000000001e-06	0.0	0.0	0.0	0.0	0.0
1.071	2.600146e-06	7.04852e-07	4.747843e-06	2.08627e-06	0.0	0.0	0.0	0.0	0.0
1.094	5.63116e-07	1.52816e-07	1.02349e-06	4.51939e-07	0.0	0.0	0.0	0.0	0.0
1.117	1.0980909999999999e-07	2.98215e-08	1.9886300000000003e-07	8.81412e-08	0.0	0.0	0.0	0.0	0.0
1.140	1.927891e-08	5.2388800000000004e-09	3.480009e-08	1.547453e-08	0.0	0.0	0.0	0.0	0.0
1.163	3.0454499999999997e-09	8.281439999999999e-10	5.484546e-09	2.4451600000000003e-09	0.0	0.0	0.0	0.0	0.0
1.186	4.3298600000000004e-10	1.17786e-10	7.781713000000001e-10	3.4770899999999997e-10	0.0	0.0	0.0	0.0	0.0
1.209	5.5395699999999997e-11	1.50767e-11	9.940310000000002e-11	4.449459999999999e-11	0.0	0.0	0.0	0.0	0.0
1.232	6.377469999999999e-12	1.7362399999999999e-12	1.14276e-11	5.12362e-12	0.0	0.0	0.0	0.0	0.0
1.255	6.60577e-13	1.7989499999999999e-13	1.1823219999999999e-12	5.306899999999999e-13	0.0	0.0	0.0	0.0	0.0
1.279	6.163560000000001e-14	1.6786100000000002e-14	1.10276e-13	4.95102e-14	0.0	0.0	0.0	0.0	0.0
1.302	5.106979999999999e-15	1.3924999999999998e-15	9.09294e-15	4.10459e-15	0.0	0.0	0.0	0.0	0.0
1.325	4.2060600000000003e-16	1.1468199999999998e-16	7.488300000000001e-16	3.38019e-16	0.0	0.0	0.0	0.0	0.0
1.348	0.0	0.0	0.0	0.0	0.0	0.0	0.0	0.0	0.0
1.371	0.0	0.0	0.0	0.0	0.0	0.0	0.0	0.0	0.0
1.394	0.0	0.0	0.0	0.0	0.0	0.0	0.0	0.0	0.0
1.417	0.0	0.0	0.0	0.0	0.0	0.0	0.0	0.0	0.0
1.440	0.0	0.0	0.0	0.0	0.0	0.0	0.0	0.0	0.0
1.463	0.0	0.0	0.0	0.0	0.0	0.0	0.0	0.0	0.0
1.486	0.0	0.0	0.0	0.0	0.0	0.0	0.0	0.0	0.0
1.510	0.0	0.0	0.0	0.0	0.0	0.0	0.0	0.0	0.0
1.533	0.0	0.0	0.0	0.0	0.0	0.0	0.0	0.0	0.0
1.556	0.0	0.0	0.0	0.0	0.0	0.0	0.0	0.0	0.0
1.579	0.0	0.0	0.0	0.0	0.0	0.0	0.0	0.0	0.0
1.602	0.0	0.0	0.0	0.0	0.0	0.0	0.0	0.0	0.0
1.625	0.0	0.0	0.0	0.0	0.0	0.0	0.0	0.0	0.0
1.648	0.0	0.0	0.0	0.0	0.0	0.0	0.0	0.0	0.0
1.671	0.0	0.0	0.0	0.0	0.0	0.0	0.0	0.0	0.0
1.694	0.0	0.0	0.0	0.0	0.0	0.0	0.0	0.0	0.0
1.717	0.0	0.0	0.0	0.0	0.0	0.0	0.0	0.0	0.0
1.741	0.0	0.0	0.0	0.0	0.0	0.0	0.0	0.0	0.0
1.764	0.0	0.0	0.0	0.0	0.0	0.0	0.0	0.0	0.0
1.787	0.0	0.0	0.0	0.0	0.0	0.0	0.0	0.0	0.0
