-29.299	0.0	0.0	0.0	0.0	0.0	0.0	0.0	0.0	0.0
-29.267	0.0	0.0	0.0	0.0	0.0	0.0	0.0	0.0	0.0
-29.234	0.0	0.0	0.0	0.0	0.0	0.0	0.0	0.0	0.0
-29.202	0.0	0.0	0.0	0.0	0.0	0.0	0.0	0.0	0.0
-29.170	0.0	0.0	0.0	0.0	0.0	0.0	0.0	0.0	0.0
-29.138	0.0	0.0	0.0	0.0	0.0	0.0	0.0	0.0	0.0
-29.105	0.0	0.0	0.0	0.0	0.0	0.0	0.0	0.0	0.0
-29.073	0.0	0.0	0.0	0.0	0.0	0.0	0.0	0.0	0.0
-29.041	0.0	0.0	0.0	0.0	0.0	0.0	0.0	0.0	0.0
-29.009	0.0	0.0	0.0	0.0	0.0	0.0	0.0	0.0	0.0
-28.977	0.0	0.0	0.0	0.0	0.0	0.0	0.0	0.0	0.0
-28.944	0.0	0.0	0.0	0.0	0.0	0.0	0.0	0.0	0.0
-28.912	0.0	0.0	0.0	0.0	0.0	0.0	0.0	0.0	0.0
-28.880	0.0	0.0	0.0	0.0	0.0	0.0	0.0	0.0	0.0
-28.848	0.0	0.0	0.0	0.0	0.0	0.0	0.0	0.0	0.0
-28.815	0.0	0.0	0.0	0.0	0.0	0.0	0.0	0.0	0.0
-28.783	0.0	0.0	0.0	0.0	0.0	0.0	0.0	0.0	0.0
-28.751	0.0	0.0	0.0	0.0	0.0	0.0	0.0	0.0	0.0
-28.719	0.0	0.0	0.0	0.0	0.0	0.0	0.0	0.0	0.0
-28.686	0.0	0.0	0.0	0.0	0.0	0.0	0.0	0.0	0.0
-28.654	0.0	0.0	0.0	0.0	0.0	0.0	0.0	0.0	0.0
-28.622	0.0	0.0	0.0	0.0	0.0	0.0	0.0	0.0	0.0
-28.590	0.0	0.0	0.0	0.0	0.0	0.0	0.0	0.0	0.0
-28.558	0.0	0.0	0.0	0.0	0.0	0.0	0.0	0.0	0.0
-28.525	0.0	0.0	0.0	0.0	0.0	0.0	0.0	0.0	0.0
-28.493	0.0	0.0	0.0	0.0	0.0	0.0	0.0	0.0	0.0
-28.461	0.0	0.0	0.0	0.0	0.0	0.0	0.0	0.0	0.0
-28.429	0.0	0.0	0.0	0.0	0.0	0.0	0.0	0.0	0.0
-28.396	5.160152e-14	1.3928635979999998e-15	9.9335145e-16	1.7187806999999998e-15	0.0	0.0	0.0	0.0	0.0
-28.364	1.7791589999999999e-12	4.8010500650000005e-14	3.4241202e-14	5.926205999999999e-14	0.0	0.0	0.0	0.0	0.0
-28.332	5.118656999999999e-11	1.3814785350000001e-12	9.8509513e-13	1.7049218e-12	0.0	0.0	0.0	0.0	0.0
-28.300	1.198802e-09	3.235188392e-11	2.3073067799999998e-11	3.993054e-11	0.0	0.0	0.0	0.0	0.0
-28.267	2.286301e-08	6.171161615999999e-10	4.4004552000000005e-10	7.615237e-10	0.0	0.0	0.0	0.0	0.0
-28.235	3.5510609999999994e-07	9.584640490000002e-09	6.834433900000001e-09	1.1828354999999999e-08	0.0	0.0	0.0	0.0	0.0
-28.203	4.4927720000000005e-06	1.2126147249999998e-07	8.647982499999999e-08	1.4963223e-07	0.0	0.0	0.0	0.0	0.0
-28.171	4.630405e-05	1.249755977e-06	8.9118638e-07	1.5422584000000001e-06	0.0	0.0	0.0	0.0	0.0
-28.139	0.0003888087	1.0492888909999999e-05	7.483236200000001e-06	1.2950296e-05	0.0	0.0	0.0	0.0	0.0
-28.106	0.0026599230000000007	7.178581501e-05	5.1199291999999994e-05	8.859436999999998e-05	0.0	0.0	0.0	0.0	0.0
-28.074	0.014829959999999998	0.00040025386850000004	0.00028543481	0.0004938978	0.0	0.0	0.0	0.0	0.0
-28.042	0.06737186999999999	0.0018184866270000001	0.0012969325600000001	0.0022441889999999997	0.0	0.0	0.0	0.0	0.0
-28.010	0.2495073	0.00673448359	0.0048023119	0.008310014	0.0	0.0	0.0	0.0	0.0
-27.977	0.7531595	0.02032809208	0.014495210100000001	0.02508578	0.0	0.0	0.0	0.0	0.0
-27.945	1.8532830000000002	0.0500216414	0.035670338	0.06172631	0.0	0.0	0.0	0.0	0.0
-27.913	3.717735	0.1003459609	0.07155415400000001	0.12383002	0.0	0.0	0.0	0.0	0.0
-27.881	6.0798499999999995	0.16410552869999998	0.11701568300000001	0.20251746	0.0	0.0	0.0	0.0	0.0
-27.849	8.1066	0.2187921423	0.156029561	0.27001948	0.0	0.0	0.0	0.0	0.0
-27.816	8.813048	0.23785580469999998	0.16963534	0.29353849	0.0	0.0	0.0	0.0	0.0
-27.784	7.811841999999999	0.21083625340000003	0.15035749999999998	0.26018589	0.0	0.0	0.0	0.0	0.0
-27.752	5.645270000000001	0.15237733540000004	0.10864785799999999	0.18803494999999998	0.0	0.0	0.0	0.0	0.0
-27.720	3.329886	0.0899105035	0.06406586200000002	0.11096798	0.0	0.0	0.0	0.0	0.0
-27.687	1.6196230000000003	0.043905387600000005	0.031066443	0.05419757000000001	0.0	0.0	0.0	0.0	0.0
-27.655	0.7219918	0.0203177042	0.013437195400000001	0.025153932999999993	0.0	0.0	0.0	0.0	0.0
-27.623	0.5441446	0.0176625713	0.0088643301	0.022053366999999997	0.0	0.0	0.0	0.0	0.0
-27.591	1.0625606	0.0374522408	0.015854279000000002	0.04680097799999999	0.0	0.0	0.0	0.0	0.0
-27.558	2.4575025999999998	0.08768480440000001	0.03663474850000001	0.108986359	0.0	0.0	0.0	0.0	0.0
-27.526	4.918768999999999	0.17611638200000002	0.07468150999999999	0.216919388	0.0	0.0	0.0	0.0	0.0
-27.494	8.281994000000001	0.29757354799999997	0.129271835	0.3616752979999999	0.0	0.0	0.0	0.0	0.0
-27.462	11.823623000000001	0.42681072	0.191421528	0.509313642	0.0	0.0	0.0	0.0	0.0
-27.430	14.477159000000002	0.52563622	0.244907425	0.6128655120000001	0.0	0.0	0.0	0.0	0.0
-27.397	15.345896000000002	0.56073814	0.27205169999999995	0.6368925070000001	0.0	0.0	0.0	0.0	0.0
-27.365	14.12523	0.51935647	0.2617379	0.5746412449999999	0.0	0.0	0.0	0.0	0.0
-27.333	11.238445	0.41551108	0.21617076999999998	0.44916597599999997	0.0	0.0	0.0	0.0	0.0
-27.301	7.654006	0.28421178999999996	0.151460974	0.301580405	0.0	0.0	0.0	0.0	0.0
-27.268	4.4087546	0.16421185	0.089000729	0.17190046700000003	0.0	0.0	0.0	0.0	0.0
-27.236	2.1241402	0.079278951	0.04345820300000001	0.08223776030000002	0.0	0.0	0.0	0.0	0.0
-27.204	0.8486112199999999	0.03171962800000001	0.017512819499999995	0.0327070181	0.0	0.0	0.0	0.0	0.0
-27.172	0.27965776000000003	0.010461275400000001	0.005799156000000001	0.01074804372	0.0	0.0	0.0	0.0	0.0
-27.139	0.076945466	0.0028880712000000004	0.00158686316	0.00296908722	0.0	0.0	0.0	0.0	0.0
-27.107	0.025280661	0.0009950186	0.00043742680999999994	0.0010769765230000002	0.0	0.0	0.0	0.0	0.0
-27.075	0.04513094100000001	0.0019262748	0.0005024442300000001	0.0022604361229999997	0.0	0.0	0.0	0.0	0.0
-27.043	0.16938609	0.0072824026	0.0017911512499999998	0.008615648830000001	0.0	0.0	0.0	0.0	0.0
-27.011	0.55516394	0.023813328500000005	0.0059610097	0.02821434277	0.0	0.0	0.0	0.0	0.0
-26.978	1.4979082	0.06398804300000001	0.016566677999999998	0.07595886610000002	0.0	0.0	0.0	0.0	0.0
-26.946	3.3374635	0.141565146	0.038691257699999995	0.16857213320000003	0.0	0.0	0.0	0.0	0.0
-26.914	6.1897405999999995	0.25957747000000003	0.07704422100000001	0.31063519500000003	0.0	0.0	0.0	0.0	0.0
-26.882	9.666324999999999	0.39838240999999996	0.132830126	0.48044111300000003	0.0	0.0	0.0	0.0	0.0
-26.849	12.901385999999999	0.5185851499999999	0.200682441	0.632477374	0.0	0.0	0.0	0.0	0.0
-26.817	14.942829000000001	0.5816459800000001	0.26647463299999996	0.7198115050000002	0.0	0.0	0.0	0.0	0.0
-26.785	15.191011999999999	0.5700658799999999	0.308838981	0.7175139460000001	0.0	0.0	0.0	0.0	0.0
-26.753	13.596669	0.4924443799999999	0.308376088	0.630052839	0.0	0.0	0.0	0.0	0.0
-26.720	10.714439000000002	0.37714292000000005	0.262916031	0.48861758400000005	0.0	0.0	0.0	0.0	0.0
-26.688	7.6130876999999995	0.26444265	0.19417961600000003	0.3427636560000001	0.0	0.0	0.0	0.0	0.0
-26.656	5.4999902	0.19494616	0.136224003	0.24530985400000002	0.0	0.0	0.0	0.0	0.0
-26.624	5.151078600000001	0.19284914	0.11400281229999999	0.22843523000000002	0.0	0.0	0.0	0.0	0.0
-26.592	6.4433129	0.25109780000000004	0.12915136119999998	0.285297738	0.0	0.0	0.0	0.0	0.0
-26.559	8.337506	0.32944528	0.16086396535000003	0.369085584	0.0	0.0	0.0	0.0	0.0
-26.527	9.428462999999999	0.37379787000000003	0.1800624978	0.41730857899999996	0.0	0.0	0.0	0.0	0.0
-26.495	8.836527000000002	0.35068006	0.16836278102999996	0.391163247	0.0	0.0	0.0	0.0	0.0
-26.463	6.7803	0.26907997000000006	0.129103525819	0.300080114	0.0	0.0	0.0	0.0	0.0
-26.430	4.244433299999999	0.16847146	0.08081966326599999	0.18786564700000002	0.0	0.0	0.0	0.0	0.0
-26.398	2.1667815	0.08599815599999998	0.041256281623	0.09591628199999998	0.0	0.0	0.0	0.0	0.0
-26.366	0.9018048	0.03579370899999999	0.017169146671399998	0.03991690790000001	0.0	0.0	0.0	0.0	0.0
-26.334	0.30596023	0.012143789	0.005825033227500001	0.013543474199999997	0.0	0.0	0.0	0.0	0.0
-26.302	0.08462193000000001	0.0033584128	0.0016110000628899999	0.003745324220000001	0.0	0.0	0.0	0.0	0.0
-26.269	0.019073727	0.0007569844099999999	0.00036312711416999993	0.0008442203499999998	0.0	0.0	0.0	0.0	0.0
-26.237	0.0035038600999999997	0.00013906172	6.6710792604e-05	0.000155101995	0.0	0.0	0.0	0.0	0.0
-26.205	0.0005245277099999999	2.0819194000000002e-05	9.986133389800001e-06	2.3216384100000005e-05	0.0	0.0	0.0	0.0	0.0
-26.173	6.3976198e-05	2.5395167000000004e-06	1.21806214755e-06	2.83206955e-06	0.0	0.0	0.0	0.0	0.0
-26.140	6.3585786e-06	2.5235321e-07	1.21044824725e-07	2.8144366599999997e-07	0.0	0.0	0.0	0.0	0.0
-26.108	5.1473363e-07	2.0430117e-08	9.7993263825e-09	2.2782999100000004e-08	0.0	0.0	0.0	0.0	0.0
-26.076	3.3942148e-08	1.3472766e-09	6.4622832522e-10	1.5022368600000003e-09	0.0	0.0	0.0	0.0	0.0
-26.044	1.8228426e-09	7.235043099999998e-11	3.4704681355000006e-11	8.0684769e-11	0.0	0.0	0.0	0.0	0.0
-26.011	7.972578000000001e-11	3.1642218000000007e-12	1.5178890592500005e-12	3.52877865e-12	0.0	0.0	0.0	0.0	0.0
-25.979	2.8392706000000002e-12	1.1269228899999998e-13	5.405207211e-14	1.25666438e-13	0.0	0.0	0.0	0.0	0.0
-25.947	8.112071e-14	3.2198098999999998e-15	1.54441126028e-15	3.59074527e-15	0.0	0.0	0.0	0.0	0.0
-25.915	0.0	0.0	0.0	0.0	0.0	0.0	0.0	0.0	0.0
-25.883	0.0	0.0	0.0	0.0	0.0	0.0	0.0	0.0	0.0
-25.850	0.0	0.0	0.0	0.0	0.0	0.0	0.0	0.0	0.0
-25.818	0.0	0.0	0.0	0.0	0.0	0.0	0.0	0.0	0.0
-25.786	0.0	0.0	0.0	0.0	0.0	0.0	0.0	0.0	0.0
-25.754	0.0	0.0	0.0	0.0	0.0	0.0	0.0	0.0	0.0
-25.721	0.0	0.0	0.0	0.0	0.0	0.0	0.0	0.0	0.0
-25.689	0.0	0.0	0.0	0.0	0.0	0.0	0.0	0.0	0.0
-25.657	0.0	0.0	0.0	0.0	0.0	0.0	0.0	0.0	0.0
-25.625	0.0	0.0	0.0	0.0	0.0	0.0	0.0	0.0	0.0
-25.592	0.0	0.0	0.0	0.0	0.0	0.0	0.0	0.0	0.0
-25.560	0.0	0.0	0.0	0.0	0.0	0.0	0.0	0.0	0.0
-25.528	0.0	0.0	0.0	0.0	0.0	0.0	0.0	0.0	0.0
-25.496	0.0	0.0	0.0	0.0	0.0	0.0	0.0	0.0	0.0
-25.464	0.0	0.0	0.0	0.0	0.0	0.0	0.0	0.0	0.0
-25.431	0.0	0.0	0.0	0.0	0.0	0.0	0.0	0.0	0.0
-25.399	0.0	0.0	0.0	0.0	0.0	0.0	0.0	0.0	0.0
-25.367	0.0	0.0	0.0	0.0	0.0	0.0	0.0	0.0	0.0
-25.335	0.0	0.0	0.0	0.0	0.0	0.0	0.0	0.0	0.0
-25.302	0.0	0.0	0.0	0.0	0.0	0.0	0.0	0.0	0.0
-25.270	0.0	0.0	0.0	0.0	0.0	0.0	0.0	0.0	0.0
-25.238	0.0	0.0	0.0	0.0	0.0	0.0	0.0	0.0	0.0
-25.206	0.0	0.0	0.0	0.0	0.0	0.0	0.0	0.0	0.0
-25.173	0.0	0.0	0.0	0.0	0.0	0.0	0.0	0.0	0.0
-25.141	0.0	0.0	0.0	0.0	0.0	0.0	0.0	0.0	0.0
-25.109	0.0	0.0	0.0	0.0	0.0	0.0	0.0	0.0	0.0
-25.077	0.0	0.0	0.0	0.0	0.0	0.0	0.0	0.0	0.0
-25.045	0.0	0.0	0.0	0.0	0.0	0.0	0.0	0.0	0.0
-25.012	0.0	0.0	0.0	0.0	0.0	0.0	0.0	0.0	0.0
-24.980	0.0	0.0	0.0	0.0	0.0	0.0	0.0	0.0	0.0
-24.948	0.0	0.0	0.0	0.0	0.0	0.0	0.0	0.0	0.0
-24.916	0.0	0.0	0.0	0.0	0.0	0.0	0.0	0.0	0.0
-24.883	0.0	0.0	0.0	0.0	0.0	0.0	0.0	0.0	0.0
-24.851	0.0	0.0	0.0	0.0	0.0	0.0	0.0	0.0	0.0
-24.819	0.0	0.0	0.0	0.0	0.0	0.0	0.0	0.0	0.0
-24.787	0.0	0.0	0.0	0.0	0.0	0.0	0.0	0.0	0.0
-24.755	0.0	0.0	0.0	0.0	0.0	0.0	0.0	0.0	0.0
-24.722	0.0	0.0	0.0	0.0	0.0	0.0	0.0	0.0	0.0
-24.690	0.0	0.0	0.0	0.0	0.0	0.0	0.0	0.0	0.0
-24.658	0.0	0.0	0.0	0.0	0.0	0.0	0.0	0.0	0.0
-24.626	0.0	0.0	0.0	0.0	0.0	0.0	0.0	0.0	0.0
-24.593	0.0	0.0	0.0	0.0	0.0	0.0	0.0	0.0	0.0
-24.561	0.0	0.0	0.0	0.0	0.0	0.0	0.0	0.0	0.0
-24.529	0.0	0.0	0.0	0.0	0.0	0.0	0.0	0.0	0.0
-24.497	0.0	0.0	0.0	0.0	0.0	0.0	0.0	0.0	0.0
-24.464	0.0	0.0	0.0	0.0	0.0	0.0	0.0	0.0	0.0
-24.432	0.0	0.0	0.0	0.0	0.0	0.0	0.0	0.0	0.0
-24.400	0.0	0.0	0.0	0.0	0.0	0.0	0.0	0.0	0.0
-24.368	0.0	0.0	0.0	0.0	0.0	0.0	0.0	0.0	0.0
-24.336	0.0	0.0	0.0	0.0	0.0	0.0	0.0	0.0	0.0
-24.303	0.0	0.0	0.0	0.0	0.0	0.0	0.0	0.0	0.0
-24.271	0.0	0.0	0.0	0.0	0.0	0.0	0.0	0.0	0.0
-24.239	0.0	0.0	0.0	0.0	0.0	0.0	0.0	0.0	0.0
-24.207	0.0	0.0	0.0	0.0	0.0	0.0	0.0	0.0	0.0
-24.174	0.0	0.0	0.0	0.0	0.0	0.0	0.0	0.0	0.0
-24.142	0.0	0.0	0.0	0.0	0.0	0.0	0.0	0.0	0.0
-24.110	0.0	0.0	0.0	0.0	0.0	0.0	0.0	0.0	0.0
-24.078	0.0	0.0	0.0	0.0	0.0	0.0	0.0	0.0	0.0
-24.045	0.0	0.0	0.0	0.0	0.0	0.0	0.0	0.0	0.0
-24.013	0.0	0.0	0.0	0.0	0.0	0.0	0.0	0.0	0.0
-23.981	0.0	0.0	0.0	0.0	0.0	0.0	0.0	0.0	0.0
-23.949	0.0	0.0	0.0	0.0	0.0	0.0	0.0	0.0	0.0
-23.917	0.0	0.0	0.0	0.0	0.0	0.0	0.0	0.0	0.0
-23.884	0.0	0.0	0.0	0.0	0.0	0.0	0.0	0.0	0.0
-23.852	0.0	0.0	0.0	0.0	0.0	0.0	0.0	0.0	0.0
-23.820	0.0	0.0	0.0	0.0	0.0	0.0	0.0	0.0	0.0
-23.788	0.0	0.0	0.0	0.0	0.0	0.0	0.0	0.0	0.0
-23.755	0.0	0.0	0.0	0.0	0.0	0.0	0.0	0.0	0.0
-23.723	0.0	0.0	0.0	0.0	0.0	0.0	0.0	0.0	0.0
-23.691	0.0	0.0	0.0	0.0	0.0	0.0	0.0	0.0	0.0
-23.659	0.0	0.0	0.0	0.0	0.0	0.0	0.0	0.0	0.0
-23.626	0.0	0.0	0.0	0.0	0.0	0.0	0.0	0.0	0.0
-23.594	0.0	0.0	0.0	0.0	0.0	0.0	0.0	0.0	0.0
-23.562	0.0	0.0	0.0	0.0	0.0	0.0	0.0	0.0	0.0
-23.530	0.0	0.0	0.0	0.0	0.0	0.0	0.0	0.0	0.0
-23.498	0.0	0.0	0.0	0.0	0.0	0.0	0.0	0.0	0.0
-23.465	0.0	0.0	0.0	0.0	0.0	0.0	0.0	0.0	0.0
-23.433	0.0	0.0	0.0	0.0	0.0	0.0	0.0	0.0	0.0
-23.401	0.0	0.0	0.0	0.0	0.0	0.0	0.0	0.0	0.0
-23.369	0.0	0.0	0.0	0.0	0.0	0.0	0.0	0.0	0.0
-23.336	0.0	0.0	0.0	0.0	0.0	0.0	0.0	0.0	0.0
-23.304	0.0	0.0	0.0	0.0	0.0	0.0	0.0	0.0	0.0
-23.272	0.0	0.0	0.0	0.0	0.0	0.0	0.0	0.0	0.0
-23.240	0.0	0.0	0.0	0.0	0.0	0.0	0.0	0.0	0.0
-23.208	0.0	0.0	0.0	0.0	0.0	0.0	0.0	0.0	0.0
-23.175	0.0	0.0	0.0	0.0	0.0	0.0	0.0	0.0	0.0
-23.143	0.0	0.0	0.0	0.0	0.0	0.0	0.0	0.0	0.0
-23.111	0.0	0.0	0.0	0.0	0.0	0.0	0.0	0.0	0.0
-23.079	0.0	0.0	0.0	0.0	0.0	0.0	0.0	0.0	0.0
-23.046	0.0	0.0	0.0	0.0	0.0	0.0	0.0	0.0	0.0
-23.014	0.0	0.0	0.0	0.0	0.0	0.0	0.0	0.0	0.0
-22.982	0.0	0.0	0.0	0.0	0.0	0.0	0.0	0.0	0.0
-22.950	0.0	0.0	0.0	0.0	0.0	0.0	0.0	0.0	0.0
-22.917	0.0	0.0	0.0	0.0	0.0	0.0	0.0	0.0	0.0
-22.885	0.0	0.0	0.0	0.0	0.0	0.0	0.0	0.0	0.0
-22.853	0.0	0.0	0.0	0.0	0.0	0.0	0.0	0.0	0.0
-22.821	0.0	0.0	0.0	0.0	0.0	0.0	0.0	0.0	0.0
-22.789	0.0	0.0	0.0	0.0	0.0	0.0	0.0	0.0	0.0
-22.756	0.0	0.0	0.0	0.0	0.0	0.0	0.0	0.0	0.0
-22.724	0.0	0.0	0.0	0.0	0.0	0.0	0.0	0.0	0.0
-22.692	0.0	0.0	0.0	0.0	0.0	0.0	0.0	0.0	0.0
-22.660	0.0	0.0	0.0	0.0	0.0	0.0	0.0	0.0	0.0
-22.627	0.0	0.0	0.0	0.0	0.0	0.0	0.0	0.0	0.0
-22.595	0.0	0.0	0.0	0.0	0.0	0.0	0.0	0.0	0.0
-22.563	0.0	0.0	0.0	0.0	0.0	0.0	0.0	0.0	0.0
-22.531	0.0	0.0	0.0	0.0	0.0	0.0	0.0	0.0	0.0
-22.498	0.0	0.0	0.0	0.0	0.0	0.0	0.0	0.0	0.0
-22.466	0.0	0.0	0.0	0.0	0.0	0.0	0.0	0.0	0.0
-22.434	0.0	0.0	0.0	0.0	0.0	0.0	0.0	0.0	0.0
-22.402	0.0	0.0	0.0	0.0	0.0	0.0	0.0	0.0	0.0
-22.370	0.0	0.0	0.0	0.0	0.0	0.0	0.0	0.0	0.0
-22.337	0.0	0.0	0.0	0.0	0.0	0.0	0.0	0.0	0.0
-22.305	0.0	0.0	0.0	0.0	0.0	0.0	0.0	0.0	0.0
-22.273	0.0	0.0	0.0	0.0	0.0	0.0	0.0	0.0	0.0
-22.241	0.0	0.0	0.0	0.0	0.0	0.0	0.0	0.0	0.0
-22.208	0.0	0.0	0.0	0.0	0.0	0.0	0.0	0.0	0.0
-22.176	0.0	0.0	0.0	0.0	0.0	0.0	0.0	0.0	0.0
-22.144	0.0	0.0	0.0	0.0	0.0	0.0	0.0	0.0	0.0
-22.112	0.0	0.0	0.0	0.0	0.0	0.0	0.0	0.0	0.0
-22.079	2.6223399999999998e-14	2.432937107e-15	9.60276324e-16	2.4514091e-15	0.0	0.0	0.0	0.0	0.0
-22.047	9.29837e-13	8.626807839999999e-14	3.4051914259999997e-14	8.6922948e-14	0.0	0.0	0.0	0.0	0.0
-22.015	2.7303799999999995e-11	2.533281835e-12	9.99798585e-13	2.5524100999999997e-12	0.0	0.0	0.0	0.0	0.0
-21.983	6.52938e-10	6.058202274e-11	2.391064746000001e-11	6.1032675e-11	0.0	0.0	0.0	0.0	0.0
-21.951	1.2713440000000004e-08	1.1796877425000001e-09	4.65608066e-10	1.1886047999999999e-09	0.0	0.0	0.0	0.0	0.0
-21.918	2.0162199999999998e-07	1.870706595e-08	7.383598629999998e-09	1.8848644999999998e-08	0.0	0.0	0.0	0.0	0.0
-21.886	2.6044100000000003e-06	2.4164652100000003e-07	9.537832810000002e-08	2.4346292e-07	0.0	0.0	0.0	0.0	0.0
-21.854	2.7405400000000007e-05	2.5426671320000004e-06	1.003607609e-06	2.5620363999999997e-06	0.0	0.0	0.0	0.0	0.0
-21.822	0.00023494899999999998	2.179595321e-05	8.603186660000001e-06	2.1962678e-05	0.0	0.0	0.0	0.0	0.0
-21.789	0.0016412000000000002	0.0001522579706	6.00965558e-05	0.00015340671	0.0	0.0	0.0	0.0	0.0
-21.757	0.0093402	0.0008666508757000001	0.00034205705230000005	0.00087320235	0.0	0.0	0.0	0.0	0.0
-21.725	0.043326900000000015	0.004020308129	0.0015866414489999997	0.0040500786	0.0	0.0	0.0	0.0	0.0
-21.693	0.16381299999999993	0.015198512980000002	0.0059990405	0.015312820000000003	0.0	0.0	0.0	0.0	0.0
-21.661	0.5047850000000002	0.04683262533000001	0.018485511740000002	0.047192877999999994	0.0	0.0	0.0	0.0	0.0
-21.628	1.2680310000000001	0.11765281142999999	0.0464367058	0.11854424000000002	0.0	0.0	0.0	0.0	0.0
-21.596	2.59697	0.240949851	0.09510182630000001	0.24277166000000003	0.0	0.0	0.0	0.0	0.0
-21.564	4.335839999999999	0.4022644537000002	0.15878504569999996	0.4053418299999999	0.0	0.0	0.0	0.0	0.0
-21.532	5.902249999999999	0.5476087407	0.2161381234	0.55171689	0.0	0.0	0.0	0.0	0.0
-21.499	6.550419999999999	0.6077360828	0.2398836797	0.6123782200000001	0.0	0.0	0.0	0.0	0.0
-21.467	5.92744	0.5499223474000001	0.21706162949999996	0.55407034	0.0	0.0	0.0	0.0	0.0
-21.435	4.372870000000001	0.4056701935999999	0.16013315450000004	0.40878933999999995	0.0	0.0	0.0	0.0	0.0
-21.403	2.6302399999999997	0.24402751190000002	0.09631173429999998	0.24588068999999999	0.0	0.0	0.0	0.0	0.0
-21.370	1.28983	0.11965779614000001	0.04723046109999999	0.12056888999999998	0.0	0.0	0.0	0.0	0.0
-21.338	0.5156329999999999	0.04784078424000002	0.01888081435	0.048205097999999995	0.0	0.0	0.0	0.0	0.0
-21.306	0.16802800000000004	0.015588332409999997	0.006154074530000001	0.015707631	0.0	0.0	0.0	0.0	0.0
-21.274	0.04463379999999999	0.004141224775000001	0.0016344767630000001	0.004172299499999999	0.0	0.0	0.0	0.0	0.0
-21.242	0.00966315	0.0008965219306	0.0003538535306000001	0.0009032671200000002	0.0	0.0	0.0	0.0	0.0
-21.209	0.0017049200000000004	0.0001581747607	6.24258912e-05	0.00015937696	0.0	0.0	0.0	0.0	0.0
-21.177	0.000245127	2.2742839130000003e-05	8.975809109999997e-06	2.2914763e-05	0.0	0.0	0.0	0.0	0.0
-21.145	2.8714400000000004e-05	2.6641817400000005e-06	1.051531925e-06	2.6843513e-06	0.0	0.0	0.0	0.0	0.0
-21.113	2.74055e-06	2.542667132e-07	1.003617609e-07	2.5620464e-07	0.0	0.0	0.0	0.0	0.0
-21.080	2.1306499999999998e-07	1.9769374700000002e-08	7.80272139e-09	1.9918324000000004e-08	0.0	0.0	0.0	0.0	0.0
-21.048	1.3493700000000002e-08	1.2518624900000002e-09	4.94149354e-10	1.2614083e-09	0.0	0.0	0.0	0.0	0.0
-21.016	6.959009999999997e-10	6.456159612999999e-11	2.5484607859999994e-11	6.505783600000001e-11	0.0	0.0	0.0	0.0	0.0
-20.984	2.9224500000000003e-11	2.711411776e-12	1.0701660480000003e-12	2.7319105999999998e-12	0.0	0.0	0.0	0.0	0.0
-20.951	1.0004690000000001e-12	9.282399017999999e-14	3.6638131259999995e-14	9.353296699999998e-14	0.0	0.0	0.0	0.0	0.0
-20.919	2.8239900000000004e-14	2.620067114e-15	1.034158811e-15	2.6398207999999994e-15	0.0	0.0	0.0	0.0	0.0
-20.887	0.0	0.0	0.0	0.0	0.0	0.0	0.0	0.0	0.0
-20.855	0.0	0.0	0.0	0.0	0.0	0.0	0.0	0.0	0.0
-20.823	0.0	0.0	0.0	0.0	0.0	0.0	0.0	0.0	0.0
-20.790	0.0	0.0	0.0	0.0	0.0	0.0	0.0	0.0	0.0
-20.758	0.0	0.0	0.0	0.0	0.0	0.0	0.0	0.0	0.0
-20.726	0.0	0.0	0.0	0.0	0.0	0.0	0.0	0.0	0.0
-20.694	0.0	0.0	0.0	0.0	0.0	0.0	0.0	0.0	0.0
-20.661	0.0	0.0	0.0	0.0	0.0	0.0	0.0	0.0	0.0
-20.629	0.0	0.0	0.0	0.0	0.0	0.0	0.0	0.0	0.0
-20.597	0.0	0.0	0.0	0.0	0.0	0.0	0.0	0.0	0.0
-20.565	0.0	0.0	0.0	0.0	0.0	0.0	0.0	0.0	0.0
-20.532	0.0	0.0	0.0	0.0	0.0	0.0	0.0	0.0	0.0
-20.500	0.0	0.0	0.0	0.0	0.0	0.0	0.0	0.0	0.0
-20.468	0.0	0.0	0.0	0.0	0.0	0.0	0.0	0.0	0.0
-20.436	0.0	0.0	0.0	0.0	0.0	0.0	0.0	0.0	0.0
-20.404	0.0	0.0	0.0	0.0	0.0	0.0	0.0	0.0	0.0
-20.371	0.0	0.0	0.0	0.0	0.0	0.0	0.0	0.0	0.0
-20.339	0.0	0.0	0.0	0.0	0.0	0.0	0.0	0.0	0.0
-20.307	0.0	0.0	0.0	0.0	0.0	0.0	0.0	0.0	0.0
-20.275	0.0	0.0	0.0	0.0	0.0	0.0	0.0	0.0	0.0
-20.242	0.0	0.0	0.0	0.0	0.0	0.0	0.0	0.0	0.0
-20.210	0.0	0.0	0.0	0.0	0.0	0.0	0.0	0.0	0.0
-20.178	0.0	0.0	0.0	0.0	0.0	0.0	0.0	0.0	0.0
-20.146	0.0	0.0	0.0	0.0	0.0	0.0	0.0	0.0	0.0
-20.114	0.0	0.0	0.0	0.0	0.0	0.0	0.0	0.0	0.0
-20.081	0.0	0.0	0.0	0.0	0.0	0.0	0.0	0.0	0.0
-20.049	0.0	0.0	0.0	0.0	0.0	0.0	0.0	0.0	0.0
-20.017	0.0	0.0	0.0	0.0	0.0	0.0	0.0	0.0	0.0
-19.985	0.0	0.0	0.0	0.0	0.0	0.0	0.0	0.0	0.0
-19.952	0.0	0.0	0.0	0.0	0.0	0.0	0.0	0.0	0.0
-19.920	0.0	0.0	0.0	0.0	0.0	0.0	0.0	0.0	0.0
-19.888	0.0	0.0	0.0	0.0	0.0	0.0	0.0	0.0	0.0
-19.856	0.0	0.0	0.0	0.0	0.0	0.0	0.0	0.0	0.0
-19.823	0.0	0.0	0.0	0.0	0.0	0.0	0.0	0.0	0.0
-19.791	0.0	0.0	0.0	0.0	0.0	0.0	0.0	0.0	0.0
-19.759	0.0	0.0	0.0	0.0	0.0	0.0	0.0	0.0	0.0
-19.727	4.0544600000000016e-15	4.654237000000001e-16	2.8937535600000005e-16	4.02166353e-16	0.0	0.0	0.0	0.0	0.0
-19.695	1.3176620000000003e-13	1.5126070000000002e-14	9.40632809e-15	1.3069338e-14	0.0	0.0	0.0	0.0	0.0
-19.662	4.3892999999999995e-12	5.037755e-13	3.13289995e-13	4.35336973e-13	0.0	0.0	0.0	0.0	0.0
-19.630	1.1748399999999997e-10	1.3484299e-11	8.38504746e-12	1.16512426e-11	0.0	0.0	0.0	0.0	0.0
-19.598	2.561350000000001e-09	2.939699e-10	1.8279808769999996e-10	2.5402996000000003e-10	0.0	0.0	0.0	0.0	0.0
-19.566	4.54686e-08	5.2193120000000005e-09	3.24542344e-09	4.50982654e-09	0.0	0.0	0.0	0.0	0.0
-19.533	6.575360000000001e-07	7.547137999999999e-08	4.6930321999999994e-08	6.522053300000001e-08	0.0	0.0	0.0	0.0	0.0
-19.501	7.744970000000003e-06	8.889866999999999e-07	5.52760405e-07	7.681284800000001e-07	0.0	0.0	0.0	0.0	0.0
-19.469	7.43187e-05	8.529830999999999e-06	5.30387019e-06	7.3706166e-06	0.0	0.0	0.0	0.0	0.0
-19.437	0.0005810459999999999	6.668836e-05	4.1459994200000006e-05	5.7624624e-05	0.0	0.0	0.0	0.0	0.0
-19.404	0.0037016799999999997	0.0004249147	0.000264115388	0.00036720563000000004	0.0	0.0	0.0	0.0	0.0
-19.372	0.01922318	0.002206863	0.0013714496850000001	0.00190741536	0.0	0.0	0.0	0.0	0.0
-19.340	0.0814004	0.009346156	0.0058047549299999985	0.0080803118	0.0	0.0	0.0	0.0	0.0
-19.308	0.28127299999999994	0.03230102	0.020032957690000006	0.027941575299999997	0.0	0.0	0.0	0.0	0.0
-19.276	0.7938879999999999	0.09123405000000001	0.05641845400000001	0.07901136600000001	0.0	0.0	0.0	0.0	0.0
-19.243	1.8351780000000002	0.21116230000000002	0.1297785891	0.18334217000000003	0.0	0.0	0.0	0.0	0.0
-19.211	3.4925800000000002	0.4028773	0.24446179	0.35163009	0.0	0.0	0.0	0.0	0.0
-19.179	5.52718	0.6408752999999999	0.378823368	0.5651371	0.0	0.0	0.0	0.0	0.0
-19.147	7.413109999999999	0.8679348	0.487577535	0.78002	0.0	0.0	0.0	0.0	0.0
-19.114	8.6891	1.0342251	0.530821808	0.9582291	0.0	0.0	0.0	0.0	0.0
-19.082	9.2529	1.1267947	0.503472383	1.0870239	0.0	0.0	0.0	0.0	0.0
-19.050	9.20681	1.1496218999999999	0.432219265	1.155627	0.0	0.0	0.0	0.0	0.0
-19.018	8.52999	1.0875081999999998	0.34633547	1.1292970000000002	0.0	0.0	0.0	0.0	0.0
-18.986	7.12914	0.9212782999999999	0.25882793800000004	0.9765115000000001	0.0	0.0	0.0	0.0	0.0
-18.953	5.171300999999999	0.67355607	0.175059533	0.7222578000000002	0.0	0.0	0.0	0.0	0.0
-18.921	3.1649730000000007	0.41388706	0.103102792	0.44634830000000003	0.0	0.0	0.0	0.0	0.0
-18.889	1.6068279000000003	0.21055916299999994	0.051330024999999994	0.22770058	0.0	0.0	0.0	0.0	0.0
-18.857	0.6707354999999999	0.08797071799999999	0.021223505399999995	0.09526783999999999	0.0	0.0	0.0	0.0	0.0
-18.824	0.22916030999999998	0.030071180300000003	0.0072187273	0.03258415	0.0	0.0	0.0	0.0	0.0
-18.792	0.06393441999999999	0.008393082199999999	0.0020098730199999996	0.009096381	0.0	0.0	0.0	0.0	0.0
-18.760	0.014553318499999999	0.0019105019599999996	0.0004570147530000001	0.0020710050999999995	0.0	0.0	0.0	0.0	0.0
-18.728	0.00270120201	0.0003545562420000001	8.477296099999999e-05	0.00038442127999999994	0.0	0.0	0.0	0.0	0.0
-18.695	0.00040857828999999997	5.36369444e-05	1.2820610600000003e-05	5.8153409999999985e-05	0.0	0.0	0.0	0.0	0.0
-18.663	5.036645900000001e-05	6.6117472600000005e-06	1.5800543299999998e-06	7.168177e-06	0.0	0.0	0.0	0.0	0.0
-18.631	5.058924489999999e-06	6.641215139999999e-07	1.58699808e-07	7.199169e-07	0.0	0.0	0.0	0.0	0.0
-18.599	4.13860923e-07	5.433160720000001e-08	1.29841442e-08	5.890212e-08	0.0	0.0	0.0	0.0	0.0
-18.567	2.75815347e-08	3.6206515700000005e-09	8.6526776e-10	3.9257281e-09	0.0	0.0	0.0	0.0	0.0
-18.534	1.4971181300000005e-09	1.96532352e-10	4.696366860000001e-11	2.1308575e-10	0.0	0.0	0.0	0.0	0.0
-18.502	6.6175989e-11	8.687783500000001e-12	2.0760595399999996e-12	9.419437e-12	0.0	0.0	0.0	0.0	0.0
-18.470	2.3769541899999998e-12	3.1202384399999996e-13	7.456708899999999e-14	3.3830247000000006e-13	0.0	0.0	0.0	0.0	0.0
-18.438	7.325987199999998e-14	9.618328099999999e-15	2.2982329999999997e-15	1.0427007999999999e-14	0.0	0.0	0.0	0.0	0.0
-18.405	0.0	0.0	0.0	0.0	0.0	0.0	0.0	0.0	0.0
-18.373	0.0	0.0	0.0	0.0	0.0	0.0	0.0	0.0	0.0
-18.341	0.0	0.0	0.0	0.0	0.0	0.0	0.0	0.0	0.0
-18.309	0.0	0.0	0.0	0.0	0.0	0.0	0.0	0.0	0.0
-18.276	0.0	0.0	0.0	0.0	0.0	0.0	0.0	0.0	0.0
-18.244	0.0	0.0	0.0	0.0	0.0	0.0	0.0	0.0	0.0
-18.212	0.0	0.0	0.0	0.0	0.0	0.0	0.0	0.0	0.0
-18.180	0.0	0.0	0.0	0.0	0.0	0.0	0.0	0.0	0.0
-18.148	0.0	0.0	0.0	0.0	0.0	0.0	0.0	0.0	0.0
-18.115	0.0	0.0	0.0	0.0	0.0	0.0	0.0	0.0	0.0
-18.083	0.0	0.0	0.0	0.0	0.0	0.0	0.0	0.0	0.0
-18.051	0.0	0.0	0.0	0.0	0.0	0.0	0.0	0.0	0.0
-18.019	0.0	0.0	0.0	0.0	0.0	0.0	0.0	0.0	0.0
-17.986	0.0	0.0	0.0	0.0	0.0	0.0	0.0	0.0	0.0
-17.954	0.0	0.0	0.0	0.0	0.0	0.0	0.0	0.0	0.0
-17.922	0.0	0.0	0.0	0.0	0.0	0.0	0.0	0.0	0.0
-17.890	0.0	0.0	0.0	0.0	0.0	0.0	0.0	0.0	0.0
-17.857	0.0	0.0	0.0	0.0	0.0	0.0	0.0	0.0	0.0
-17.825	0.0	0.0	0.0	0.0	0.0	0.0	0.0	0.0	0.0
-17.793	0.0	0.0	0.0	0.0	0.0	0.0	0.0	0.0	0.0
-17.761	0.0	0.0	0.0	0.0	0.0	0.0	0.0	0.0	0.0
-17.729	0.0	0.0	0.0	0.0	0.0	0.0	0.0	0.0	0.0
-17.696	0.0	0.0	0.0	0.0	0.0	0.0	0.0	0.0	0.0
-17.664	0.0	0.0	0.0	0.0	0.0	0.0	0.0	0.0	0.0
-17.632	0.0	0.0	0.0	0.0	0.0	0.0	0.0	0.0	0.0
-17.600	0.0	0.0	0.0	0.0	0.0	0.0	0.0	0.0	0.0
-17.567	0.0	0.0	0.0	0.0	0.0	0.0	0.0	0.0	0.0
-17.535	0.0	0.0	0.0	0.0	0.0	0.0	0.0	0.0	0.0
-17.503	0.0	0.0	0.0	0.0	0.0	0.0	0.0	0.0	0.0
-17.471	0.0	0.0	0.0	0.0	0.0	0.0	0.0	0.0	0.0
-17.439	0.0	0.0	0.0	0.0	0.0	0.0	0.0	0.0	0.0
-17.406	0.0	0.0	0.0	0.0	0.0	0.0	0.0	0.0	0.0
-17.374	0.0	0.0	0.0	0.0	0.0	0.0	0.0	0.0	0.0
-17.342	0.0	0.0	0.0	0.0	0.0	0.0	0.0	0.0	0.0
-17.310	0.0	0.0	0.0	0.0	0.0	0.0	0.0	0.0	0.0
-17.277	0.0	0.0	0.0	0.0	0.0	0.0	0.0	0.0	0.0
-17.245	0.0	0.0	0.0	0.0	0.0	0.0	0.0	0.0	0.0
-17.213	0.0	0.0	0.0	0.0	0.0	0.0	0.0	0.0	0.0
-17.181	0.0	0.0	0.0	0.0	0.0	0.0	0.0	0.0	0.0
-17.148	0.0	0.0	0.0	0.0	0.0	0.0	0.0	0.0	0.0
-17.116	0.0	0.0	0.0	0.0	0.0	0.0	0.0	0.0	0.0
-17.084	0.0	0.0	0.0	0.0	0.0	0.0	0.0	0.0	0.0
-17.052	0.0	0.0	0.0	0.0	0.0	0.0	0.0	0.0	0.0
-17.020	0.0	0.0	0.0	0.0	0.0	0.0	0.0	0.0	0.0
-16.987	0.0	0.0	0.0	0.0	0.0	0.0	0.0	0.0	0.0
-16.955	0.0	0.0	0.0	0.0	0.0	0.0	0.0	0.0	0.0
-16.923	0.0	0.0	0.0	0.0	0.0	0.0	0.0	0.0	0.0
-16.891	8.502657260000001e-15	5.31127117e-15	7.890430624000001e-16	1.4766312099999999e-15	0.0	0.0	0.0	0.0	0.0
-16.858	2.947553851e-13	1.841599357e-13	2.7358146509999997e-14	5.1188699e-14	0.0	0.0	0.0	0.0	0.0
-16.826	9.091953239999998e-12	5.68016755e-12	8.4375496742e-13	1.57906526e-12	0.0	0.0	0.0	0.0	0.0
-16.794	2.2776973400000002e-10	1.4229615449999998e-10	2.1140658939e-11	3.9553827999999995e-11	0.0	0.0	0.0	0.0	0.0
-16.762	4.64608629e-09	2.902712773e-09	4.3114493956e-10	8.069067200000001e-10	0.0	0.0	0.0	0.0	0.0
-16.729	7.71896398e-08	4.82130367e-08	7.1624560572000006e-09	1.34033229e-08	0.0	0.0	0.0	0.0	0.0
-16.697	1.044375836e-06	6.524752169999999e-07	9.691159689400002e-08	1.81364663e-07	0.0	0.0	0.0	0.0	0.0
-16.665	1.1510416600000003e-05	7.190438110000001e-06	1.06822828806e-06	1.9988188000000003e-06	0.0	0.0	0.0	0.0	0.0
-16.633	0.00010335087849999999	6.45713921e-05	9.591632181700001e-06	1.7949751500000003e-05	0.0	0.0	0.0	0.0	0.0
-16.601	0.000756189151	0.000472415962	7.017355948e-05	0.00013131317599999998	0.0	0.0	0.0	0.0	0.0
-16.568	0.00450783454	0.002816438243	0.00041830004923	0.0007827303	0.0	0.0	0.0	0.0	0.0
-16.536	0.021900247000000008	0.01368302551	0.0020321853205	0.0038032685	0.0	0.0	0.0	0.0	0.0
-16.504	0.0867195977	0.054182912300000004	0.008047595428100001	0.015059541699999996	0.0	0.0	0.0	0.0	0.0
-16.472	0.27991928800000004	0.17486371719999996	0.025973563473	0.048613553000000004	0.0	0.0	0.0	0.0	0.0
-16.439	0.7365418130000003	0.46003540899999995	0.06835041301999999	0.127940194	0.0	0.0	0.0	0.0	0.0
-16.407	1.5801681299999997	0.9868794949999999	0.14669574659999998	0.27471562	0.0	0.0	0.0	0.0	0.0
-16.375	2.7661886	1.726180087	0.25704283050000004	0.4821727900000001	0.0	0.0	0.0	0.0	0.0
-16.343	3.959195	2.4633212500000004	0.36904278	0.69626208	0.0	0.0	0.0	0.0	0.0
-16.310	4.664208	2.8730166100000005	0.43935811	0.84450854	0.0	0.0	0.0	0.0	0.0
-16.278	4.621580000000001	2.7555562	0.44979239	0.914015	0.0	0.0	0.0	0.0	0.0
-16.246	4.1003799999999995	2.2152271	0.43560377000000006	1.0049139	0.0	0.0	0.0	0.0	0.0
-16.214	3.7183400000000004	1.58052	0.463191793	1.2734284000000002	0.0	0.0	0.0	0.0	0.0
-16.182	3.8939000000000004	1.13462455	0.567697801	1.7733293	0.0	0.0	0.0	0.0	0.0
-16.149	4.457312999999999	0.9355803900000002	0.7076933900000001	2.3372835999999997	0.0	0.0	0.0	0.0	0.0
-16.117	4.805447	0.8542108699999998	0.787374965	2.6503383	0.0	0.0	0.0	0.0	0.0
-16.085	4.447494	0.7443139600000002	0.736120439	2.4919939300000005	0.0	0.0	0.0	0.0	0.0
-16.053	3.4104990000000006	0.56009503	0.566209154	1.9202420400000002	0.0	0.0	0.0	0.0	0.0
-16.020	2.1428724999999997	0.34986272999999996	0.35608672490000004	1.20810073	0.0	0.0	0.0	0.0	0.0
-15.988	1.0992025	0.179162385	0.1827108871	0.619976066	0.0	0.0	0.0	0.0	0.0
-15.956	0.4598375	0.074913037	0.0764408593	0.25938228799999996	0.0	0.0	0.0	0.0	0.0
-15.924	0.15684385	0.025547236000000004	0.02607156594	0.088482178	0.0	0.0	0.0	0.0	0.0
-15.892	0.04360697999999999	0.007102190899999999	0.0072484865899999995	0.024599105299999997	0.0	0.0	0.0	0.0	0.0
-15.859	0.009881765	0.0016096050899999997	0.0016427903799999997	0.00557491116	0.0	0.0	0.0	0.0	0.0
-15.827	0.0018250697999999997	0.0002972733	0.0003034251205	0.0010295610800000001	0.0	0.0	0.0	0.0	0.0
-15.795	0.00027465215	4.473964299999999e-05	4.566381799999999e-05	0.000154946579	0.0	0.0	0.0	0.0	0.0
-15.763	3.368541000000001e-05	5.487224399999999e-06	5.599131189999999e-06	1.90015241e-05	0.0	0.0	0.0	0.0	0.0
-15.730	3.3655680000000004e-06	5.482503200000001e-07	5.59416748e-07	1.8984402800000003e-06	0.0	0.0	0.0	0.0	0.0
-15.698	2.7389450000000004e-07	4.4614715999999995e-08	4.55340806e-08	1.54514418e-07	0.0	0.0	0.0	0.0	0.0
-15.666	1.8159229999999998e-08	2.9576742e-09	3.019231065e-09	1.02445731e-08	0.0	0.0	0.0	0.0	0.0
-15.634	9.80519e-10	1.5970774399999997e-10	1.6300434860000004e-10	5.531135669999999e-10	0.0	0.0	0.0	0.0	0.0
-15.601	4.384667e-11	7.198796900000001e-12	7.5997486e-12	2.4499533000000004e-11	0.0	0.0	0.0	0.0	0.0
-15.569	2.277412e-11	5.3603659999999994e-12	1.28096978e-11	6.0681850000000006e-12	0.0	0.0	0.0	0.0	0.0
-15.537	5.0024059e-10	1.2037438e-10	2.95792511e-10	1.2247990000000002e-10	0.0	0.0	0.0	0.0	0.0
-15.505	9.597110000000003e-09	2.3093899999999996e-09	5.67432942e-09	2.349583e-09	0.0	0.0	0.0	0.0	0.0
-15.473	1.4996041999999996e-07	3.6087159999999996e-08	8.867346840000001e-08	3.671277e-08	0.0	0.0	0.0	0.0	0.0
-15.440	1.9085033000000006e-06	4.5930891e-07	1.1285098699999999e-06	4.6724479999999994e-07	0.0	0.0	0.0	0.0	0.0
-15.408	1.9788974e-05	4.762004600000001e-06	1.169991054e-05	4.844404000000001e-06	0.0	0.0	0.0	0.0	0.0
-15.376	0.00016715262000000007	4.0224233e-05	9.88369788e-05	4.092031e-05	0.0	0.0	0.0	0.0	0.0
-15.344	0.0011503995	0.00027686728	0.000680254768	0.00028163620000000005	0.0	0.0	0.0	0.0	0.0
-15.311	0.006452036	0.0015526935	0.0038153086740000002	0.001579497	0.0	0.0	0.0	0.0	0.0
-15.279	0.029491069999999994	0.007097683	0.01743716008	0.007219876000000001	0.0	0.0	0.0	0.0	0.0
-15.247	0.10986594999999999	0.026433856	0.06496351070000002	0.026898320000000003	0.0	0.0	0.0	0.0	0.0
-15.215	0.33361360999999995	0.08028858	0.1972562968	0.0816713	0.0	0.0	0.0	0.0	0.0
-15.182	0.8258000000000001	0.19873462	0.4882866821999999	0.2021777	0.0	0.0	0.0	0.0	0.0
-15.150	1.6663980999999997	0.40105133000000004	0.985295782	0.4079832	0.0	0.0	0.0	0.0	0.0
-15.118	2.7415760000000002	0.6597763	1.6210483610000002	0.6712163000000001	0.0	0.0	0.0	0.0	0.0
-15.086	3.6774912	0.8849696	2.174386074	0.900306	0.0	0.0	0.0	0.0	0.0
-15.054	4.021586	0.9677827999999999	2.3780127830000004	0.9845359999999999	0.0	0.0	0.0	0.0	0.0
-15.021	3.5859386999999994	0.8629252000000001	2.120210865	0.8779260000000001	0.0	0.0	0.0	0.0	0.0
-14.989	2.6068683	0.6273076000000001	1.5412802009999997	0.6381992	0.0	0.0	0.0	0.0	0.0
-14.957	1.5450276999999997	0.37182758	0.9135173379999998	0.37824430000000003	0.0	0.0	0.0	0.0	0.0
-14.925	0.7465658000000002	0.17965122	0.441397688	0.18277100000000002	0.0	0.0	0.0	0.0	0.0
-14.892	0.29407762	0.07076612999999998	0.1738871898	0.07199189	0.0	0.0	0.0	0.0	0.0
-14.860	0.09443404000000001	0.022724927	0.05583937230000001	0.02311895	0.0	0.0	0.0	0.0	0.0
-14.828	0.024716802999999996	0.0059476565000000006	0.01461339841	0.006051277999999999	0.0	0.0	0.0	0.0	0.0
-14.796	0.005272735999999999	0.0012690274	0.0031177310190000007	0.001290821	0.0	0.0	0.0	0.0	0.0
-14.763	0.0009181016999999999	0.00022230291	0.0005430443070000001	0.0002259884	0.0	0.0	0.0	0.0	0.0
-14.731	0.000144408	4.846917e-05	8.693390000000002e-05	4.757202999999999e-05	0.0	0.0	0.0	0.0	0.0
-14.699	0.0001338203	0.000144095151	9.1745507e-05	0.00013247718	0.0	0.0	0.0	0.0	0.0
-14.667	0.0007916859000000001	0.00093453141	0.0005520502	0.000856970023	0.0	0.0	0.0	0.0	0.0
-14.635	0.004283019999999999	0.0050631308	0.00298732896	0.00464239363	0.0	0.0	0.0	0.0	0.0
-14.602	0.018916379999999993	0.022361252300000002	0.013192594200000001	0.020503473439999996	0.0	0.0	0.0	0.0	0.0
-14.570	0.06809316999999998	0.08049400400000001	0.0474942267	0.07380392529999999	0.0	0.0	0.0	0.0	0.0
-14.538	0.19982029999999998	0.236205166	0.13934655799999998	0.21656763689999997	0.0	0.0	0.0	0.0	0.0
-14.506	0.4779473	0.56504548	0.3332920469999999	0.5180349310000001	0.0	0.0	0.0	0.0	0.0
-14.473	0.9320431	1.10180039	0.65001084	1.0102974340000002	0.0	0.0	0.0	0.0	0.0
-14.441	1.4818452	1.75174994	1.0333784099999999	1.606083269	0.0	0.0	0.0	0.0	0.0
-14.409	1.9206399999999995	2.27050159	1.3395308600000004	2.081746187	0.0	0.0	0.0	0.0	0.0
-14.377	2.0297099999999997	2.3993320099999997	1.41576372	2.19988333	0.0	0.0	0.0	0.0	0.0
-14.345	1.7489059999999994	2.0674164999999998	1.2197331400000002	1.8956918580000002	0.0	0.0	0.0	0.0	0.0
-14.312	1.2285361999999997	1.45248703	0.8569604199999998	1.3317696380000004	0.0	0.0	0.0	0.0	0.0
-14.280	0.7036422	0.8318938899999999	0.490813704	0.762598936	0.0	0.0	0.0	0.0	0.0
-14.248	0.3285741	0.38845378	0.22917678999999996	0.356131623	0.0	0.0	0.0	0.0	0.0
-14.216	0.12507115000000002	0.147849931	0.08722818900000001	0.1355538108	0.0	0.0	0.0	0.0	0.0
-14.183	0.038807860000000007	0.045874037000000006	0.027067097999999994	0.042058877700000004	0.0	0.0	0.0	0.0	0.0
-14.151	0.009815136000000004	0.011602704200000001	0.006846004200000002	0.010638133880000001	0.0	0.0	0.0	0.0	0.0
-14.119	0.002023358	0.00239173079	0.0014111658600000003	0.0021928813940000004	0.0	0.0	0.0	0.0	0.0
-14.087	0.00033990100000000004	0.00040174591	0.00023704844300000003	0.00036844351899999997	0.0	0.0	0.0	0.0	0.0
-14.054	4.652785e-05	5.5005473e-05	3.24456573e-05	5.043596960000001e-05	0.0	0.0	0.0	0.0	0.0
-14.022	5.221492e-06	6.2032504e-06	3.6347122000000003e-06	5.68040227e-06	0.0	0.0	0.0	0.0	0.0
-13.990	9.042364000000002e-07	1.4743231000000002e-06	5.3094951e-07	1.2692034999999998e-06	0.0	0.0	0.0	0.0	0.0
-13.958	4.748433699999999e-06	1.0027316600000001e-05	2.22707605e-06	8.2965636e-06	0.0	0.0	0.0	0.0	0.0
-13.926	4.1846465000000004e-05	8.8607908e-05	1.95663251e-05	7.328215400000002e-05	0.0	0.0	0.0	0.0	0.0
-13.893	0.00030278255	0.000640561922	0.000141729672	0.00052984786	0.0	0.0	0.0	0.0	0.0
-13.861	0.0017871325999999999	0.0037739347	0.0008380654300000002	0.0031230408999999995	0.0	0.0	0.0	0.0	0.0
-13.829	0.008610063	0.018128775399999998	0.0040527092	0.015007764000000002	0.0	0.0	0.0	0.0	0.0
-13.797	0.033910039999999995	0.0710045579	0.016070402	0.058840079	0.0	0.0	0.0	0.0	0.0
-13.764	0.10947918	0.22687031600000002	0.052519278999999995	0.18836349	0.0	0.0	0.0	0.0	0.0
-13.732	0.29114390000000007	0.591827528	0.14269278000000002	0.49311661	0.0	0.0	0.0	0.0	0.0
-13.700	0.6426369999999999	1.26257046	0.32665544999999996	1.05887444	0.0	0.0	0.0	0.0	0.0
-13.668	1.1928489999999998	2.20834941	0.6422855999999999	1.8738847	0.0	0.0	0.0	0.0	0.0
-13.635	1.8962519999999998	3.18131737	1.1087208000000002	2.7554365	0.0	0.0	0.0	0.0	0.0
-13.603	2.6388879999999997	3.8038671900000005	1.708616	3.411596	0.0	0.0	0.0	0.0	0.0
-13.571	3.2729280000000007	3.8239713999999996	2.3577102000000005	3.6253266	0.0	0.0	0.0	0.0	0.0
-13.539	3.6373640000000003	3.2916856	2.8750592	3.3795999999999995	0.0	0.0	0.0	0.0	0.0
-13.507	3.5811200000000003	2.4793223	3.0333774	2.8109648000000003	0.0	0.0	0.0	0.0	0.0
-13.474	3.0594329999999994	1.6641792000000002	2.7125848	2.0936798800000003	0.0	0.0	0.0	0.0	0.0
-13.442	2.2211794000000005	1.0008027800000001	2.0243803	1.3793934	0.0	0.0	0.0	0.0	0.0
-13.410	1.3482991	0.53330113	1.24862858	0.7869667900000001	0.0	0.0	0.0	0.0	0.0
-13.378	0.6770198	0.2467536	0.6325565	0.380899526	0.0	0.0	0.0	0.0	0.0
-13.345	0.27936951	0.097031246	0.26232932	0.153923334	0.0	0.0	0.0	0.0	0.0
-13.313	0.09440544700000002	0.0318965808	0.08888791099999999	0.05142031449999999	0.0	0.0	0.0	0.0	0.0
-13.281	0.026079339999999993	0.0086805263	0.024590228000000002	0.014111451299999996	0.0	0.0	0.0	0.0	0.0
-13.249	0.005967284	0.0019836732500000003	0.005658051700000001	0.0032150191	0.0	0.0	0.0	0.0	0.0
-13.216	0.001728092	0.0006672117	0.0018260535	0.0009104484999999999	0.0	0.0	0.0	0.0	0.0
-13.184	0.003848942600000001	0.0018298296000000003	0.004741850540000001	0.0019599829999999998	0.0	0.0	0.0	0.0	0.0
-13.152	0.017104433399999997	0.008240698999999999	0.02128429179	0.008690519	0.0	0.0	0.0	0.0	0.0
-13.120	0.06452330858000001	0.031093199999999998	0.08031797158099999	0.032783469999999995	0.0	0.0	0.0	0.0	0.0
-13.088	0.19863969701999998	0.09573118000000001	0.24724255923099997	0.10090724	0.0	0.0	0.0	0.0	0.0
-13.055	0.4984749216600001	0.24021444	0.6204083428489999	0.2532029	0.0	0.0	0.0	0.0	0.0
-13.023	1.0197917556999998	0.49140760000000006	1.2692190758160002	0.5179712	0.0	0.0	0.0	0.0	0.0
-12.991	1.7008029895999999	0.8196420999999999	2.1169323796999997	0.8640911	0.0	0.0	0.0	0.0	0.0
-12.959	2.312603855	1.1146430999999999	2.8785509331900005	1.1748988000000002	0.0	0.0	0.0	0.0	0.0
-12.926	2.5641521060000008	1.2355917000000003	3.1914267846200004	1.3024672000000002	0.0	0.0	0.0	0.0	0.0
-12.894	2.317698095600001	1.1168380999999998	2.8848851232199997	1.1773821	0.0	0.0	0.0	0.0	0.0
-12.862	1.7081923405	0.8231661999999998	2.126006539741	0.8678027000000001	0.0	0.0	0.0	0.0	0.0
-12.830	1.0262770765	0.49451829999999997	1.277375515853	0.5214434000000001	0.0	0.0	0.0	0.0	0.0
-12.798	0.50274343196	0.24227048999999998	0.625807112867	0.2554029	0.0	0.0	0.0	0.0	0.0
-12.765	0.20076290086999998	0.09674648999999999	0.24988842015	0.10199095	0.0	0.0	0.0	0.0	0.0
-12.733	0.06535234375500001	0.03149826	0.08135212143029999	0.033205580000000005	0.0	0.0	0.0	0.0	0.0
-12.701	0.017371990389999998	0.008391973	0.0215936606519	0.008840103	0.0	0.0	0.0	0.0	0.0
-12.669	0.0039800456	0.002083586	0.004733261348	0.0021413279999999996	0.0	0.0	0.0	0.0	0.0
-12.636	0.002127324	0.0020828535	0.0012400490800000001	0.0018445036	0.0	0.0	0.0	0.0	0.0
-12.604	0.007743219000000001	0.00924275897	0.0022962827	0.0079247625	0.0	0.0	0.0	0.0	0.0
-12.572	0.03262116	0.039163377099999994	0.009306016900000002	0.033633725	0.0	0.0	0.0	0.0	0.0
-12.540	0.11384644000000001	0.1364085289	0.03248415	0.11768687000000001	0.0	0.0	0.0	0.0	0.0
-12.507	0.3264251	0.38977893	0.093320075	0.33872978699999995	0.0	0.0	0.0	0.0	0.0
-12.475	0.7722859999999999	0.916986276	0.2214592	0.80613378	0.0	0.0	0.0	0.0	0.0
-12.443	1.5178160000000003	1.7868642329999997	0.43732930999999997	1.5986392999999999	0.0	0.0	0.0	0.0	0.0
-12.411	2.501525999999999	2.9078197799999996	0.7257196699999999	2.66948685	0.0	0.0	0.0	0.0	0.0
-12.379	3.497560000000001	3.9954468700000008	1.0242719999999998	3.799499	0.0	0.0	0.0	0.0	0.0
-12.346	4.199739999999999	4.69103597	1.24415662	4.6617236	0.0	0.0	0.0	0.0	0.0
-12.314	4.371250000000001	4.759910099999999	1.3115790299999999	4.9674235	0.0	0.0	0.0	0.0	0.0
-12.282	3.95496	4.19707423	1.2012998499999998	4.5962884	0.0	0.0	0.0	0.0	0.0
-12.250	3.0949199999999992	3.21007322	0.9500576700000001	3.666841299999999	0.0	0.0	0.0	0.0	0.0
-12.217	2.073127	2.11173341	0.64162495	2.4927015299999997	0.0	0.0	0.0	0.0	0.0
-12.185	1.1742930000000003	1.1803549389999999	0.365532539	1.4266826400000001	0.0	0.0	0.0	0.0	0.0
-12.153	0.556098	0.553943588	0.173798903	0.6803995159999999	0.0	0.0	0.0	0.0	0.0
-12.121	0.2183837	0.21634639499999997	0.0684564399	0.268472068	0.0	0.0	0.0	0.0	0.0
-12.088	0.07108017	0.07049223749999999	0.0225673904	0.08825847030000002	0.0	0.0	0.0	0.0	0.0
-12.056	0.02125287	0.0229683916	0.008119122329999999	0.029925918809999997	0.0	0.0	0.0	0.0	0.0
-12.024	0.015262204999999997	0.024117760000000005	0.01122398705	0.0352789867	0.0	0.0	0.0	0.0	0.0
-11.992	0.0413342	0.07370345100000002	0.036314031299999994	0.1106516149	0.0	0.0	0.0	0.0	0.0
-11.960	0.12024747999999999	0.21608481	0.10679610819999999	0.324798356	0.0	0.0	0.0	0.0	0.0
-11.927	0.28999220000000003	0.5213268	0.25763994	0.7833702310000001	0.0	0.0	0.0	0.0	0.0
-11.895	0.5717378000000001	1.0282091	0.5078633730000001	1.542875205	0.0	0.0	0.0	0.0	0.0
-11.863	0.9239031	1.6636251	0.8202512460000001	2.48722659	0.0	0.0	0.0	0.0	0.0
-11.831	1.2354752999999998	2.2311135999999996	1.09561413	3.30332154	0.0	0.0	0.0	0.0	0.0
-11.798	1.4004130000000001	2.5475593	1.2382112099999998	3.67916707	0.0	0.0	0.0	0.0	0.0
-11.766	1.4198780000000002	2.6249159	1.24677015	3.5820049800000007	0.0	0.0	0.0	0.0	0.0
-11.734	1.4056739999999999	2.6695677	1.21962937	3.2968223599999997	0.0	0.0	0.0	0.0	0.0
-11.702	1.452853	2.8402589000000003	1.2437503100000002	3.12178399	0.0	0.0	0.0	0.0	0.0
-11.669	1.521279	3.0337688000000003	1.29038867	3.06072657	0.0	0.0	0.0	0.0	0.0
-11.637	1.475585	2.9711891900000005	1.2458122500000002	2.8693285599999996	0.0	0.0	0.0	0.0	0.0
-11.605	1.2361042999999998	2.49850229	1.0415524799999998	2.36925474	0.0	0.0	0.0	0.0	0.0
-11.573	0.8634962999999998	1.74779535	0.727115797	1.64597623	0.0	0.0	0.0	0.0	0.0
-11.541	0.4959581999999999	1.0044390509999999	0.41748604500000003	0.94351837	0.0	0.0	0.0	0.0	0.0
-11.508	0.23294005000000004	0.471904508	0.196066913	0.44279202	0.0	0.0	0.0	0.0	0.0
-11.476	0.08929996000000001	0.18089976000000002	0.075155189	0.169691276	0.0	0.0	0.0	0.0	0.0
-11.444	0.02791657	0.05655269580000001	0.023497346300000003	0.053041874	0.0	0.0	0.0	0.0	0.0
-11.412	0.0071416000000000006	0.014447013500000001	0.0060343854999999995	0.0135494805	0.0	0.0	0.0	0.0	0.0
-11.379	0.0016879199999999997	0.0032657358200000003	0.0016013278000000003	0.0030585270999999993	0.0	0.0	0.0	0.0	0.0
-11.347	0.0015276109999999997	0.0021646469099999995	0.0023839902	0.00200101955	0.0	0.0	0.0	0.0	0.0
-11.315	0.0063590619999999995	0.008277370400000001	0.010789717499999999	0.007618991899999999	0.0	0.0	0.0	0.0	0.0
-11.283	0.025522972999999997	0.03312497826500001	0.043416962999999996	0.0304838648	0.0	0.0	0.0	0.0	0.0
-11.251	0.08392693999999999	0.10890885664710002	0.14278041200000002	0.10023108399999998	0.0	0.0	0.0	0.0	0.0
-11.218	0.22498742999999996	0.29197890583440006	0.38280404	0.26870608	0.0	0.0	0.0	0.0	0.0
-11.186	0.49170669	0.6380907417689999	0.83644894	0.5872092800000001	0.0	0.0	0.0	0.0	0.0
-11.154	0.8759712000000001	1.136783773149	1.4905448400000005	1.04617426	0.0	0.0	0.0	0.0	0.0
-11.122	1.2725924	1.6512699645730005	2.1649515000000004	1.51971205	0.0	0.0	0.0	0.0	0.0
-11.089	1.5071735000000002	1.955737935418	2.5639199	1.7998526700000002	0.0	0.0	0.0	0.0	0.0
-11.057	1.4552308000000003	1.888365515256	2.4757805000000004	1.7379121800000001	0.0	0.0	0.0	0.0	0.0
-11.025	1.1455088	1.486703994435	1.9489233000000004	1.36812473	0.0	0.0	0.0	0.0	0.0
-10.993	0.7353279000000001	0.954313655846	1.25108656	0.8781314	0.0	0.0	0.0	0.0	0.0
-10.960	0.3848892100000001	0.49955422769999996	0.65478351	0.45961968000000003	0.0	0.0	0.0	0.0	0.0
-10.928	0.16481939	0.21426189880000002	0.27997621	0.19639825	0.0	0.0	0.0	0.0	0.0
-10.896	0.06070606999999999	0.0807786607	0.10090972399999998	0.07010262	0.0	0.0	0.0	0.0	0.0
-10.864	0.03226288	0.050757192000000007	0.044373670999999996	0.027889749999999998	0.0	0.0	0.0	0.0	0.0
-10.832	0.06202993800000001	0.11267276200000001	0.067462403	0.03550715999999999	0.0	0.0	0.0	0.0	0.0
-10.799	0.17301880300000003	0.319430168	0.18226103800000001	0.09265974	0.0	0.0	0.0	0.0	0.0
-10.767	0.416091923	0.7675793310000001	0.43969375999999993	0.22200359000000003	0.0	0.0	0.0	0.0	0.0
-10.735	0.8220724	1.5090389800000001	0.8794667200000001	0.43943595	0.0	0.0	0.0	0.0	0.0
-10.703	1.33636687	2.4261575800000004	1.4709809999999996	0.7181283900000001	0.0	0.0	0.0	0.0	0.0
-10.670	1.8084430599999997	3.2012705	2.1156287999999996	0.9832506	0.0	0.0	0.0	0.0	0.0
-10.638	2.0872131	3.4957556	2.7446006000000005	1.1624937000000002	0.0	0.0	0.0	0.0	0.0
-10.606	2.1453321999999995	3.2182175999999996	3.3923680000000003	1.2469996	0.0	0.0	0.0	0.0	0.0
-10.574	2.0765689	2.5871202	4.087156	1.2806433999999998	0.0	0.0	0.0	0.0	0.0
-10.541	1.9586199	1.9158843	4.653522	1.2810369	0.0	0.0	0.0	0.0	0.0
-10.509	1.7651443000000002	1.3713439100000002	4.735067	1.2041557999999999	0.0	0.0	0.0	0.0	0.0
-10.477	1.4403871000000006	0.9513160299999999	4.1191439999999995	1.00577516	0.0	0.0	0.0	0.0	0.0
-10.445	1.0135043	0.61136825	2.9867238999999994	0.7159493600000001	0.0	0.0	0.0	0.0	0.0
-10.413	0.59821928	0.34533196000000005	1.7847825	0.42469655000000006	0.0	0.0	0.0	0.0	0.0
-10.380	0.29743427	0.16847066800000002	0.8839921000000003	0.211692294	0.0	0.0	0.0	0.0	0.0
-10.348	0.14605061	0.082779384	0.4015206999999999	0.104415694	0.0	0.0	0.0	0.0	0.0
-10.316	0.13943024999999998	0.08087504999999999	0.29277469	0.10061969099999998	0.0	0.0	0.0	0.0	0.0
-10.284	0.28586411	0.16773924999999998	0.5165296699999999	0.20716580000000004	0.0	0.0	0.0	0.0	0.0
-10.251	0.6110907	0.35917839700000004	1.0802878900000001	0.44306507000000006	0.0	0.0	0.0	0.0	0.0
-10.219	1.0960252000000001	0.6443162879999997	1.9331622499999999	0.7947214500000002	0.0	0.0	0.0	0.0	0.0
-10.187	1.6073587999999999	0.9447992900000002	2.8343911	1.16558356	0.0	0.0	0.0	0.0	0.0
-10.155	1.9224199	1.13004272	3.3897816000000005	1.3939438899999999	0.0	0.0	0.0	0.0	0.0
-10.122	1.8744111000000003	1.101969	3.3055602	1.3593219100000002	0.0	0.0	0.0	0.0	0.0
-10.090	1.4903681	0.876174858	2.6279603999999996	1.08072448	0.0	0.0	0.0	0.0	0.0
-10.058	0.9660422999999999	0.56789449	1.70348934	0.70053609	0.0	0.0	0.0	0.0	0.0
-10.026	0.51059373	0.30013758700000004	0.90030532	0.3702052900000001	0.0	0.0	0.0	0.0	0.0
-9.994	0.21996542000000002	0.129314825	0.38786284	0.15949431199999997	0.0	0.0	0.0	0.0	0.0
-9.961	0.07725833	0.045417937	0.13622746700000002	0.056020388000000004	0.0	0.0	0.0	0.0	0.0
-9.929	0.022114753000000004	0.013001874299999999	0.038997138	0.016036447699999994	0.0	0.0	0.0	0.0	0.0
-9.897	0.0051603594	0.0030337713299999998	0.0091009043	0.0037426914999999995	0.0	0.0	0.0	0.0	0.0
-9.865	0.0009813502999999999	0.0005768674919999999	0.0017304883499999998	0.0007116962300000001	0.0	0.0	0.0	0.0	0.0
-9.832	0.00015210149999999998	8.941467600000002e-05	0.00026819633000000004	0.000110292306	0.0	0.0	0.0	0.0	0.0
-9.800	1.9205432000000005e-05	1.1291115499999998e-05	3.3866909e-05	1.3927483499999998e-05	0.0	0.0	0.0	0.0	0.0
-9.768	1.9777732e-06	1.1646158300000005e-06	3.4854081000000003e-06	1.4385485800000001e-06	0.0	0.0	0.0	0.0	0.0
-9.736	1.9463778999999998e-07	1.4710716000000002e-07	3.1073044999999997e-07	2.1208025e-07	0.0	0.0	0.0	0.0	0.0
-9.704	3.961676e-07	6.66149728e-07	2.6795132899999996e-07	1.2274542399999997e-06	0.0	0.0	0.0	0.0	0.0
-9.671	4.1567016e-06	7.122599253999999e-06	2.6792278099999996e-06	1.3165730019999998e-05	0.0	0.0	0.0	0.0	0.0
-9.639	3.656630099999999e-05	6.266359419999999e-05	2.3566592199999997e-05	0.0001158327045	0.0	0.0	0.0	0.0	0.0
-9.607	0.00026219909999999994	0.00044930182659999997	0.0001689867626	0.0008304831309999999	0.0	0.0	0.0	0.0	0.0
-9.575	0.0015326691999999998	0.0026261638352000002	0.0009879201090000002	0.00485439307	0.0	0.0	0.0	0.0	0.0
-9.542	0.007306736	0.012518886760999999	0.00470996502	0.0231357695	0.0	0.0	0.0	0.0	0.0
-9.510	0.028437491999999998	0.04869971451	0.01834059365	0.0899928467	0.0	0.0	0.0	0.0	0.0
-9.478	0.09047909000000003	0.15485139037	0.0583886398	0.286049519	0.0	0.0	0.0	0.0	0.0
-9.446	0.23596109	0.4034367564	0.1524835813	0.7446125859999999	0.0	0.0	0.0	0.0	0.0
-9.413	0.5070314000000001	0.8649611213999998	0.32845937	1.5942077899999998	0.0	0.0	0.0	0.0	0.0
-9.381	0.9056078000000001	1.5388716870000003	0.5891640120000001	2.82962802	0.0	0.0	0.0	0.0	0.0
-9.349	1.3646269000000002	2.3032102	0.8942701630000001	4.2155901899999995	0.0	0.0	0.0	0.0	0.0
-9.317	1.772741	2.959735435	1.175316741	5.3795632	0.0	0.0	0.0	0.0	0.0
-9.285	2.0381497	3.3529779399999997	1.3722722289999998	6.033014100000001	0.0	0.0	0.0	0.0	0.0
-9.252	2.1156805000000003	3.4213601399999996	1.449469411	6.082619299999999	0.0	0.0	0.0	0.0	0.0
-9.220	1.9902419999999998	3.16808989	1.3864545819999998	5.561928700000001	0.0	0.0	0.0	0.0	0.0
-9.188	1.6777410000000001	2.6400976	1.1883044699999998	4.5689207000000005	0.0	0.0	0.0	0.0	0.0
-9.156	1.2656999999999998	1.98531653	0.9224983980000001	3.3285895	0.0	0.0	0.0	0.0	0.0
-9.123	0.9175720000000002	1.46052609	0.7234129100000001	2.2061775999999997	0.0	0.0	0.0	0.0	0.0
-9.091	0.7949498999999999	1.31877354	0.7296397780000001	1.5404668000000001	0.0	0.0	0.0	0.0	0.0
-9.059	0.9532519	1.6444775	0.989433456	1.4384422000000001	0.0	0.0	0.0	0.0	0.0
-9.027	1.2883504000000001	2.2576054	1.39981094	1.72193395	0.0	0.0	0.0	0.0	0.0
-8.994	1.5782337000000002	2.7767135	1.73483289	2.03729032	0.0	0.0	0.0	0.0	0.0
-8.962	1.6183741999999999	2.8508440600000005	1.7837908100000004	2.0717083499999998	0.0	0.0	0.0	0.0	0.0
-8.930	1.3614379	2.39995845	1.50197403	1.73937081	0.0	0.0	0.0	0.0	0.0
-8.898	0.9378306	1.66110868	1.0355579899999998	1.19478178	0.0	0.0	0.0	0.0	0.0
-8.866	0.53749744	0.98454664	0.5974073200000001	0.6736020100000001	0.0	0.0	0.0	0.0	0.0
-8.833	0.2881441	0.63728396	0.3331039	0.32342032	0.0	0.0	0.0	0.0	0.0
-8.801	0.22760329999999995	0.7659566800000002	0.29407479999999997	0.16508641	0.0	0.0	0.0	0.0	0.0
-8.769	0.3454319	1.44634325	0.4798099700000001	0.15299063000000002	0.0	0.0	0.0	0.0	0.0
-8.737	0.60315434	2.6300339399999997	0.85064598	0.23222111999999998	0.0	0.0	0.0	0.0	0.0
-8.704	0.9139584900000003	3.9985821199999996	1.2937159999999999	0.35230376	0.0	0.0	0.0	0.0	0.0
-8.672	1.1460812999999996	4.978244849999999	1.6305378000000001	0.47565187999999997	0.0	0.0	0.0	0.0	0.0
-8.640	1.1984459	5.075101	1.7312998000000002	0.6151279999999999	0.0	0.0	0.0	0.0	0.0
-8.608	1.0915538999999999	4.264199949999999	1.6472187	0.8772119	0.0	0.0	0.0	0.0	0.0
-8.575	0.9628420000000001	3.0286493199999995	1.5973154999999999	1.4242183	0.0	0.0	0.0	0.0	0.0
-8.543	0.9472509999999998	1.9480041000000001	1.7749474000000003	2.3171547000000006	0.0	0.0	0.0	0.0	0.0
-8.511	1.0524162	1.2984496000000003	2.1423794999999997	3.3425619	0.0	0.0	0.0	0.0	0.0
-8.479	1.1533216000000002	0.99534799	2.43223565	4.04289686	0.0	0.0	0.0	0.0	0.0
-8.447	1.1115776	0.8171101199999998	2.3720690799999997	4.0230979499999995	0.0	0.0	0.0	0.0	0.0
-8.414	0.8974457	0.6248236400000001	1.9211964700000002	3.2788916000000006	0.0	0.0	0.0	0.0	0.0
-8.382	0.604527	0.41770939999999995	1.29097319	2.2097725100000005	0.0	0.0	0.0	0.0	0.0
-8.350	0.3648958	0.2653912599999999	0.76343808	1.3172437	0.0	0.0	0.0	0.0	0.0
-8.318	0.270267	0.23378823000000004	0.52436182	0.9305061	0.0	0.0	0.0	0.0	0.0
-8.285	0.3529032	0.35746921	0.6273927	1.151816	0.0	0.0	0.0	0.0	0.0
-8.253	0.5909731	0.6260154919999998	1.0206042	1.8955461799999997	0.0	0.0	0.0	0.0	0.0
-8.221	0.8989934	0.959760114	1.5443312300000003	2.8745779400000004	0.0	0.0	0.0	0.0	0.0
-8.189	1.1353076799999997	1.213647993	1.948719877	3.6287985759999994	0.0	0.0	0.0	0.0	0.0
-8.157	1.1723862400000002	1.2534684510000003	2.012189494	3.7466636490000003	0.0	0.0	0.0	0.0	0.0
-8.124	0.9874502100000001	1.0559047080000001	1.6949225812	3.155442374	0.0	0.0	0.0	0.0	0.0
-8.092	0.67819521	0.725176413	1.1639490167	2.1673731619999996	0.0	0.0	0.0	0.0	0.0
-8.060	0.37975458	0.4060094431	0.6517147587900001	1.2136569349999995	0.0	0.0	0.0	0.0	0.0
-8.028	0.17334763999999997	0.18533740420000003	0.29753715638	0.553911011	0.0	0.0	0.0	0.0	0.0
-7.995	0.064507207	0.0689731673	0.110705459789	0.2061545015	0.0	0.0	0.0	0.0	0.0
-7.963	0.019567206	0.020922153979999997	0.033586077968	0.06253788739999999	0.0	0.0	0.0	0.0	0.0
-7.931	0.004838198	0.005172640474	0.0083029777338	0.01546185762	0.0	0.0	0.0	0.0	0.0
-7.899	0.0009749550699999998	0.001042450848	0.0016731987478999998	0.0031153576499999996	0.0	0.0	0.0	0.0	0.0
-7.866	0.00016008808999999998	0.0001711839908	0.00027482161429000007	0.0005116580759999999	0.0	0.0	0.0	0.0	0.0
-7.834	2.1424484e-05	2.2907743029999998e-05	3.6768481265000004e-05	6.84672434e-05	0.0	0.0	0.0	0.0	0.0
-7.802	2.3363837e-06	2.4990226410000004e-06	4.0119588703e-06	7.46654125e-06	0.0	0.0	0.0	0.0	0.0
-7.770	2.147574e-07	2.4594075000000006e-07	4.0228506000000006e-07	6.7933862e-07	0.0	0.0	0.0	0.0	0.0
-7.738	1.1615689999999998e-07	3.5059171e-07	6.6768319e-07	2.7452557000000003e-07	0.0	0.0	0.0	0.0	0.0
-7.705	1.1448719999999997e-06	3.7853562919999996e-06	7.2625036e-06	2.565360363e-06	0.0	0.0	0.0	0.0	0.0
-7.673	1.054362e-05	3.487068703e-05	6.6908711e-05	2.3614259464000003e-05	0.0	0.0	0.0	0.0	0.0
-7.641	7.915515000000001e-05	0.0002618289553	0.00050246935	0.00017728920473	0.0	0.0	0.0	0.0	0.0
-7.609	0.00048422980000000003	0.001601861954	0.0030734553	0.001084727455	0.0	0.0	0.0	0.0	0.0
-7.576	0.0024144020000000004	0.007986451456	0.015323936500000001	0.005408072119000001	0.0	0.0	0.0	0.0	0.0
-7.544	0.009810300000000003	0.03245766393999999	0.06226153100000001	0.021977088627000003	0.0	0.0	0.0	0.0	0.0
-7.512	0.032494959999999996	0.10750258997	0.20623188999999997	0.07278621301	0.0	0.0	0.0	0.0	0.0
-7.480	0.0877419	0.2902252194	0.55676598	0.19651981918000003	0.0	0.0	0.0	0.0	0.0
-7.447	0.19314459999999997	0.6389123861	1.2257575299999999	0.4325577603	0.0	0.0	0.0	0.0	0.0
-7.415	0.3467517	1.1467569430000002	2.2003838800000004	0.7765056038	0.0	0.0	0.0	0.0	0.0
-7.383	0.50862	1.6801808270000003	3.2255886999999994	1.1377008979000003	0.0	0.0	0.0	0.0	0.0
-7.351	0.612147	2.01505674	3.8736110999999998	1.3651367030000001	0.0	0.0	0.0	0.0	0.0
-7.319	0.615314	2.0003308200000003	3.8638285999999997	1.3564512499999999	0.0	0.0	0.0	0.0	0.0
-7.286	0.546637	1.7050788	3.3471693	1.16028354	0.0	0.0	0.0	0.0	0.0
-7.254	0.4935589999999999	1.38665431	2.8421633999999996	0.95226419	0.0	0.0	0.0	0.0	0.0
-7.222	0.5330896	1.2843742400000002	2.81782283	0.89560521	0.0	0.0	0.0	0.0	0.0
-7.190	0.6621859000000002	1.4303870699999999	3.30550622	1.009652445	0.0	0.0	0.0	0.0	0.0
-7.157	0.7924322999999999	1.6376292799999996	3.86769372	1.162305349	0.0	0.0	0.0	0.0	0.0
-7.125	0.81789174	1.66715978	3.96731256	1.1864501	0.0	0.0	0.0	0.0	0.0
-7.093	0.7015366900000001	1.421914297	3.40517158	1.018628248	0.0	0.0	0.0	0.0	0.0
-7.061	0.50089362	1.004594769	2.46151484	0.74364246	0.0	0.0	0.0	0.0	0.0
-7.029	0.3178578299999999	0.6068633450000002	1.66140553	0.52507465	0.0	0.0	0.0	0.0	0.0
-6.996	0.23128246999999996	0.36963208000000003	1.4436718999999998	0.50799034	0.0	0.0	0.0	0.0	0.0
-6.964	0.26704631	0.32849948000000007	1.9846362999999998	0.7579437399999999	0.0	0.0	0.0	0.0	0.0
-6.932	0.40141700000000013	0.43978939	3.1427828	1.2302421999999997	0.0	0.0	0.0	0.0	0.0
-6.900	0.5770294000000002	0.62747056	4.479390799999999	1.7646543999999997	0.0	0.0	0.0	0.0	0.0
-6.867	0.7339518000000002	0.82833988	5.4610064	2.1604565	0.0	0.0	0.0	0.0	0.0
-6.835	0.8502102999999999	1.0289867000000001	5.8176891	2.3183499999999997	0.0	0.0	0.0	0.0	0.0
-6.803	0.946622	1.2507560000000002	5.710665200000001	2.3018208999999996	0.0	0.0	0.0	0.0	0.0
-6.771	1.035518	1.4786883000000002	5.449616	2.2248852	0.0	0.0	0.0	0.0	0.0
-6.738	1.0783724000000001	1.62247721	5.115686089999999	2.09989796	0.0	0.0	0.0	0.0	0.0
-6.706	1.0242152	1.5988569700000002	4.59399456	1.8522726999999999	0.0	0.0	0.0	0.0	0.0
-6.674	0.8937567999999999	1.47028516	3.9540425999999997	1.4703845000000002	0.0	0.0	0.0	0.0	0.0
-6.642	0.8019035999999999	1.4778196400000003	3.6145928	1.0764115600000002	0.0	0.0	0.0	0.0	0.0
-6.610	0.8769995	1.9018171999999998	4.0184264999999995	0.8321822400000001	0.0	0.0	0.0	0.0	0.0
-6.577	1.1508294000000001	2.8444720999999995	5.161298799999999	0.8024182200000001	0.0	0.0	0.0	0.0	0.0
-6.545	1.5134741999999997	4.081876	6.4568806	0.9131208099999999	0.0	0.0	0.0	0.0	0.0
-6.513	1.7708240999999998	5.106014299999999	7.096084500000001	1.01786918	0.0	0.0	0.0	0.0	0.0
-6.481	1.7672852	5.396124	6.616249	0.99917553	0.0	0.0	0.0	0.0	0.0
-6.448	1.4848718	4.7655774	5.1885385	0.8332060800000001	0.0	0.0	0.0	0.0	0.0
-6.416	1.0447632000000002	3.49809406	3.4173081000000005	0.58343313	0.0	0.0	0.0	0.0	0.0
-6.384	0.6131179000000002	2.1257086	1.8889847	0.34112757000000005	0.0	0.0	0.0	0.0	0.0
-6.352	0.2989856300000001	1.06584486	0.8743300000000002	0.16585697000000002	0.0	0.0	0.0	0.0	0.0
-6.319	0.12071612999999998	0.439559603	0.33795656	0.066799794	0.0	0.0	0.0	0.0	0.0
-6.287	0.04019474300000001	0.14876122800000002	0.10870793000000001	0.022204153	0.0	0.0	0.0	0.0	0.0
-6.255	0.011012138000000001	0.041251260899999996	0.028986812	0.006074259	0.0	0.0	0.0	0.0	0.0
-6.223	0.002475776699999999	0.009355686	0.006383568899999999	0.0013642719	0.0	0.0	0.0	0.0	0.0
-6.191	0.00045593430000000006	0.0017338556500000003	0.0011574843	0.00025105816	0.0	0.0	0.0	0.0	0.0
-6.158	6.8674038e-05	0.000262355222	0.00017237029	3.7792621000000006e-05	0.0	0.0	0.0	0.0	0.0
-6.126	8.449008e-06	3.2401978299999994e-05	2.1028769e-05	4.6482234e-06	0.0	0.0	0.0	0.0	0.0
-6.094	8.488259999999998e-07	3.2621590700000003e-06	2.1007683e-06	4.6678406e-07	0.0	0.0	0.0	0.0	0.0
-6.062	6.956058100000001e-08	2.67821181e-07	1.7137380000000003e-07	3.823681e-08	0.0	0.0	0.0	0.0	0.0
-6.029	4.647014499999998e-09	1.7915058599999997e-08	1.1413246e-08	2.5547978e-09	0.0	0.0	0.0	0.0	0.0
-5.997	2.5307352e-10	9.7644513e-10	6.2012413e-10	1.3910501e-10	0.0	0.0	0.0	0.0	0.0
-5.965	1.1227058999999998e-11	4.33436935e-11	2.7468319000000002e-11	6.170132999999999e-12	0.0	0.0	0.0	0.0	0.0
-5.933	4.0655020000000003e-13	1.56908135e-12	9.939664100000003e-13	2.2336289000000002e-13	0.0	0.0	0.0	0.0	0.0
-5.900	1.2091384e-14	4.6748014300000004e-14	2.9470782000000004e-14	6.6455893e-15	0.0	0.0	0.0	0.0	0.0
-5.868	0.0	0.0	0.0	0.0	0.0	0.0	0.0	0.0	0.0
-5.836	0.0	0.0	0.0	0.0	0.0	0.0	0.0	0.0	0.0
-5.804	0.0	0.0	0.0	0.0	0.0	0.0	0.0	0.0	0.0
-5.772	0.0	0.0	0.0	0.0	0.0	0.0	0.0	0.0	0.0
-5.739	0.0	0.0	0.0	0.0	0.0	0.0	0.0	0.0	0.0
-5.707	0.0	0.0	0.0	0.0	0.0	0.0	0.0	0.0	0.0
-5.675	0.0	0.0	0.0	0.0	0.0	0.0	0.0	0.0	0.0
-5.643	0.0	0.0	0.0	0.0	0.0	0.0	0.0	0.0	0.0
-5.610	0.0	0.0	0.0	0.0	0.0	0.0	0.0	0.0	0.0
-5.578	0.0	0.0	0.0	0.0	0.0	0.0	0.0	0.0	0.0
-5.546	0.0	0.0	0.0	0.0	0.0	0.0	0.0	0.0	0.0
-5.514	0.0	0.0	0.0	0.0	0.0	0.0	0.0	0.0	0.0
-5.482	0.0	0.0	0.0	0.0	0.0	0.0	0.0	0.0	0.0
-5.449	0.0	0.0	0.0	0.0	0.0	0.0	0.0	0.0	0.0
-5.417	0.0	0.0	0.0	0.0	0.0	0.0	0.0	0.0	0.0
-5.385	0.0	0.0	0.0	0.0	0.0	0.0	0.0	0.0	0.0
-5.353	0.0	0.0	0.0	0.0	0.0	0.0	0.0	0.0	0.0
-5.320	0.0	0.0	0.0	0.0	0.0	0.0	0.0	0.0	0.0
-5.288	0.0	0.0	0.0	0.0	0.0	0.0	0.0	0.0	0.0
-5.256	0.0	0.0	0.0	0.0	0.0	0.0	0.0	0.0	0.0
-5.224	0.0	0.0	0.0	0.0	0.0	0.0	0.0	0.0	0.0
-5.191	0.0	0.0	0.0	0.0	0.0	0.0	0.0	0.0	0.0
-5.159	0.0	0.0	0.0	0.0	0.0	0.0	0.0	0.0	0.0
-5.127	0.0	0.0	0.0	0.0	0.0	0.0	0.0	0.0	0.0
-5.095	0.0	0.0	0.0	0.0	0.0	0.0	0.0	0.0	0.0
-5.063	0.0	0.0	0.0	0.0	0.0	0.0	0.0	0.0	0.0
-5.030	0.0	0.0	0.0	0.0	0.0	0.0	0.0	0.0	0.0
-4.998	0.0	0.0	0.0	0.0	0.0	0.0	0.0	0.0	0.0
-4.966	0.0	0.0	0.0	0.0	0.0	0.0	0.0	0.0	0.0
-4.934	0.0	0.0	0.0	0.0	0.0	0.0	0.0	0.0	0.0
-4.901	0.0	0.0	0.0	0.0	0.0	0.0	0.0	0.0	0.0
-4.869	0.0	0.0	0.0	0.0	0.0	0.0	0.0	0.0	0.0
-4.837	0.0	0.0	0.0	0.0	0.0	0.0	0.0	0.0	0.0
-4.805	0.0	0.0	0.0	0.0	0.0	0.0	0.0	0.0	0.0
-4.772	0.0	0.0	0.0	0.0	0.0	0.0	0.0	0.0	0.0
-4.740	0.0	0.0	0.0	0.0	0.0	0.0	0.0	0.0	0.0
-4.708	0.0	0.0	0.0	0.0	0.0	0.0	0.0	0.0	0.0
-4.676	0.0	0.0	0.0	0.0	0.0	0.0	0.0	0.0	0.0
-4.644	0.0	0.0	0.0	0.0	0.0	0.0	0.0	0.0	0.0
-4.611	0.0	0.0	0.0	0.0	0.0	0.0	0.0	0.0	0.0
-4.579	0.0	0.0	0.0	0.0	0.0	0.0	0.0	0.0	0.0
-4.547	0.0	0.0	0.0	0.0	0.0	0.0	0.0	0.0	0.0
-4.515	0.0	0.0	0.0	0.0	0.0	0.0	0.0	0.0	0.0
-4.482	0.0	0.0	0.0	0.0	0.0	0.0	0.0	0.0	0.0
-4.450	0.0	0.0	0.0	0.0	0.0	0.0	0.0	0.0	0.0
-4.418	0.0	0.0	0.0	0.0	0.0	0.0	0.0	0.0	0.0
-4.386	0.0	0.0	0.0	0.0	0.0	0.0	0.0	0.0	0.0
-4.353	0.0	0.0	0.0	0.0	0.0	0.0	0.0	0.0	0.0
-4.321	0.0	0.0	0.0	0.0	0.0	0.0	0.0	0.0	0.0
-4.289	0.0	0.0	0.0	0.0	0.0	0.0	0.0	0.0	0.0
-4.257	0.0	0.0	0.0	0.0	0.0	0.0	0.0	0.0	0.0
-4.225	0.0	0.0	0.0	0.0	0.0	0.0	0.0	0.0	0.0
-4.192	0.0	0.0	0.0	0.0	0.0	0.0	0.0	0.0	0.0
-4.160	0.0	0.0	0.0	0.0	0.0	0.0	0.0	0.0	0.0
-4.128	0.0	0.0	0.0	0.0	0.0	0.0	0.0	0.0	0.0
-4.096	0.0	0.0	0.0	0.0	0.0	0.0	0.0	0.0	0.0
-4.063	0.0	0.0	0.0	0.0	0.0	0.0	0.0	0.0	0.0
-4.031	0.0	0.0	0.0	0.0	0.0	0.0	0.0	0.0	0.0
-3.999	0.0	0.0	0.0	0.0	0.0	0.0	0.0	0.0	0.0
-3.967	0.0	0.0	0.0	0.0	0.0	0.0	0.0	0.0	0.0
-3.935	0.0	0.0	0.0	0.0	0.0	0.0	0.0	0.0	0.0
-3.902	0.0	0.0	0.0	0.0	0.0	0.0	0.0	0.0	0.0
-3.870	0.0	0.0	0.0	0.0	0.0	0.0	0.0	0.0	0.0
-3.838	0.0	0.0	0.0	0.0	0.0	0.0	0.0	0.0	0.0
-3.806	0.0	0.0	0.0	0.0	0.0	0.0	0.0	0.0	0.0
-3.773	0.0	0.0	0.0	0.0	0.0	0.0	0.0	0.0	0.0
-3.741	0.0	0.0	0.0	0.0	0.0	0.0	0.0	0.0	0.0
-3.709	0.0	0.0	0.0	0.0	0.0	0.0	0.0	0.0	0.0
-3.677	0.0	0.0	0.0	0.0	0.0	0.0	0.0	0.0	0.0
-3.644	0.0	0.0	0.0	0.0	0.0	0.0	0.0	0.0	0.0
-3.612	0.0	0.0	0.0	0.0	0.0	0.0	0.0	0.0	0.0
-3.580	0.0	0.0	0.0	0.0	0.0	0.0	0.0	0.0	0.0
-3.548	0.0	0.0	0.0	0.0	0.0	0.0	0.0	0.0	0.0
-3.516	0.0	0.0	0.0	0.0	0.0	0.0	0.0	0.0	0.0
-3.483	0.0	0.0	0.0	0.0	0.0	0.0	0.0	0.0	0.0
-3.451	0.0	0.0	0.0	0.0	0.0	0.0	0.0	0.0	0.0
-3.419	0.0	0.0	0.0	0.0	0.0	0.0	0.0	0.0	0.0
-3.387	0.0	0.0	0.0	0.0	0.0	0.0	0.0	0.0	0.0
-3.354	0.0	0.0	0.0	0.0	0.0	0.0	0.0	0.0	0.0
-3.322	0.0	0.0	0.0	0.0	0.0	0.0	0.0	0.0	0.0
-3.290	0.0	0.0	0.0	0.0	0.0	0.0	0.0	0.0	0.0
-3.258	0.0	0.0	0.0	0.0	0.0	0.0	0.0	0.0	0.0
-3.225	0.0	0.0	0.0	0.0	0.0	0.0	0.0	0.0	0.0
-3.193	0.0	0.0	0.0	0.0	0.0	0.0	0.0	0.0	0.0
-3.161	0.0	0.0	0.0	0.0	0.0	0.0	0.0	0.0	0.0
-3.129	0.0	0.0	0.0	0.0	0.0	0.0	0.0	0.0	0.0
-3.097	0.0	0.0	0.0	0.0	0.0	0.0	0.0	0.0	0.0
-3.064	0.0	0.0	0.0	0.0	0.0	0.0	0.0	0.0	0.0
-3.032	0.0	0.0	0.0	0.0	0.0	0.0	0.0	0.0	0.0
-3.000	0.0	0.0	0.0	0.0	0.0	0.0	0.0	0.0	0.0
-2.968	0.0	0.0	0.0	0.0	0.0	0.0	0.0	0.0	0.0
-2.935	0.0	0.0	0.0	0.0	0.0	0.0	0.0	0.0	0.0
-2.903	0.0	0.0	0.0	0.0	0.0	0.0	0.0	0.0	0.0
-2.871	0.0	0.0	0.0	0.0	0.0	0.0	0.0	0.0	0.0
-2.839	0.0	0.0	0.0	0.0	0.0	0.0	0.0	0.0	0.0
-2.806	0.0	0.0	0.0	0.0	0.0	0.0	0.0	0.0	0.0
-2.774	0.0	0.0	0.0	0.0	0.0	0.0	0.0	0.0	0.0
-2.742	0.0	0.0	0.0	0.0	0.0	0.0	0.0	0.0	0.0
-2.710	0.0	0.0	0.0	0.0	0.0	0.0	0.0	0.0	0.0
-2.678	0.0	0.0	0.0	0.0	0.0	0.0	0.0	0.0	0.0
-2.645	0.0	0.0	0.0	0.0	0.0	0.0	0.0	0.0	0.0
-2.613	0.0	0.0	0.0	0.0	0.0	0.0	0.0	0.0	0.0
-2.581	0.0	0.0	0.0	0.0	0.0	0.0	0.0	0.0	0.0
-2.549	0.0	0.0	0.0	0.0	0.0	0.0	0.0	0.0	0.0
-2.516	0.0	0.0	0.0	0.0	0.0	0.0	0.0	0.0	0.0
-2.484	0.0	0.0	0.0	0.0	0.0	0.0	0.0	0.0	0.0
-2.452	0.0	0.0	0.0	0.0	0.0	0.0	0.0	0.0	0.0
-2.420	0.0	0.0	0.0	0.0	0.0	0.0	0.0	0.0	0.0
-2.388	0.0	0.0	0.0	0.0	0.0	0.0	0.0	0.0	0.0
-2.355	0.0	0.0	0.0	0.0	0.0	0.0	0.0	0.0	0.0
-2.323	0.0	0.0	0.0	0.0	0.0	0.0	0.0	0.0	0.0
-2.291	0.0	0.0	0.0	0.0	0.0	0.0	0.0	0.0	0.0
-2.259	0.0	0.0	0.0	0.0	0.0	0.0	0.0	0.0	0.0
-2.226	0.0	0.0	0.0	0.0	0.0	0.0	0.0	0.0	0.0
-2.194	0.0	0.0	0.0	0.0	0.0	0.0	0.0	0.0	0.0
-2.162	0.0	0.0	0.0	0.0	0.0	0.0	0.0	0.0	0.0
-2.130	0.0	0.0	0.0	0.0	0.0	0.0	0.0	0.0	0.0
-2.097	0.0	0.0	0.0	0.0	0.0	0.0	0.0	0.0	0.0
-2.065	0.0	0.0	0.0	0.0	0.0	0.0	0.0	0.0	0.0
-2.033	0.0	0.0	0.0	0.0	0.0	0.0	0.0	0.0	0.0
-2.001	0.0	0.0	0.0	0.0	0.0	0.0	0.0	0.0	0.0
-1.969	0.0	0.0	0.0	0.0	0.0	0.0	0.0	0.0	0.0
-1.936	0.0	0.0	0.0	0.0	0.0	0.0	0.0	0.0	0.0
-1.904	0.0	0.0	0.0	0.0	0.0	0.0	0.0	0.0	0.0
-1.872	0.0	0.0	0.0	0.0	0.0	0.0	0.0	0.0	0.0
-1.840	0.0	0.0	0.0	0.0	0.0	0.0	0.0	0.0	0.0
-1.807	0.0	0.0	0.0	0.0	0.0	0.0	0.0	0.0	0.0
-1.775	0.0	0.0	0.0	0.0	0.0	0.0	0.0	0.0	0.0
-1.743	0.0	0.0	0.0	0.0	0.0	0.0	0.0	0.0	0.0
-1.711	0.0	0.0	0.0	0.0	0.0	0.0	0.0	0.0	0.0
-1.678	0.0	0.0	0.0	0.0	0.0	0.0	0.0	0.0	0.0
-1.646	0.0	0.0	0.0	0.0	0.0	0.0	0.0	0.0	0.0
-1.614	0.0	0.0	0.0	0.0	0.0	0.0	0.0	0.0	0.0
-1.582	0.0	0.0	0.0	0.0	0.0	0.0	0.0	0.0	0.0
-1.550	0.0	0.0	0.0	0.0	0.0	0.0	0.0	0.0	0.0
-1.517	0.0	0.0	0.0	0.0	0.0	0.0	0.0	0.0	0.0
-1.485	0.0	0.0	0.0	0.0	0.0	0.0	0.0	0.0	0.0
-1.453	0.0	0.0	0.0	0.0	0.0	0.0	0.0	0.0	0.0
-1.421	0.0	0.0	0.0	0.0	0.0	0.0	0.0	0.0	0.0
-1.388	0.0	0.0	0.0	0.0	0.0	0.0	0.0	0.0	0.0
-1.356	0.0	0.0	0.0	0.0	0.0	0.0	0.0	0.0	0.0
-1.324	0.0	0.0	0.0	0.0	0.0	0.0	0.0	0.0	0.0
-1.292	0.0	0.0	0.0	0.0	0.0	0.0	0.0	0.0	0.0
-1.259	0.0	0.0	0.0	0.0	0.0	0.0	0.0	0.0	0.0
-1.227	0.0	0.0	0.0	0.0	0.0	0.0	0.0	0.0	0.0
-1.195	0.0	0.0	0.0	0.0	0.0	0.0	0.0	0.0	0.0
-1.163	0.0	0.0	0.0	0.0	0.0	0.0	0.0	0.0	0.0
-1.131	0.0	0.0	0.0	0.0	0.0	0.0	0.0	0.0	0.0
-1.098	0.0	0.0	0.0	0.0	0.0	0.0	0.0	0.0	0.0
-1.066	0.0	0.0	0.0	0.0	0.0	0.0	0.0	0.0	0.0
-1.034	0.0	0.0	0.0	0.0	0.0	0.0	0.0	0.0	0.0
-1.002	0.0	0.0	0.0	0.0	0.0	0.0	0.0	0.0	0.0
-0.969	0.0	0.0	0.0	0.0	0.0	0.0	0.0	0.0	0.0
-0.937	0.0	0.0	0.0	0.0	0.0	0.0	0.0	0.0	0.0
-0.905	0.0	0.0	0.0	0.0	0.0	0.0	0.0	0.0	0.0
-0.873	0.0	0.0	0.0	0.0	0.0	0.0	0.0	0.0	0.0
-0.841	0.0	0.0	0.0	0.0	0.0	0.0	0.0	0.0	0.0
-0.808	0.0	0.0	0.0	0.0	0.0	0.0	0.0	0.0	0.0
-0.776	3.3286110000000005e-16	1.605837876e-16	1.2300251000000002e-16	1.16137936e-16	0.0	0.0	0.0	0.0	0.0
-0.744	1.4146969e-14	6.825292170000001e-15	5.227499700000001e-15	4.935853499999999e-15	0.0	0.0	0.0	0.0	0.0
-0.712	4.585096200000001e-13	2.2121385580000002e-13	1.6942508000000004e-13	1.59969884e-13	0.0	0.0	0.0	0.0	0.0
-0.679	1.2097613e-11	5.8364504799999995e-12	4.4704216e-12	4.2207589000000005e-12	0.0	0.0	0.0	0.0	0.0
-0.647	2.5989688e-10	1.253856616e-10	9.603612000000002e-11	9.0682657e-11	0.0	0.0	0.0	0.0	0.0
-0.615	4.5470939999999995e-09	2.1937134400000003e-09	1.6802678999999998e-09	1.5866346499999998e-09	0.0	0.0	0.0	0.0	0.0
-0.583	6.479462100000001e-08	3.1261006529999996e-08	2.3943838000000004e-08	2.26066176e-08	0.0	0.0	0.0	0.0	0.0
-0.550	7.520153e-07	3.6284916279999993e-07	2.7791303000000006e-07	2.6238654e-07	0.0	0.0	0.0	0.0	0.0
-0.518	7.111661200000002e-06	3.4311196010000008e-06	2.6278642e-06	2.4811852999999993e-06	0.0	0.0	0.0	0.0	0.0
-0.486	5.479201500000001e-05	2.643374537e-05	2.0246749999999997e-05	1.9116483299999997e-05	0.0	0.0	0.0	0.0	0.0
-0.454	0.00034394389999999996	0.0001659575076	0.00012709764999999996	0.000120015183	0.0	0.0	0.0	0.0	0.0
-0.422	0.0017596339	0.0008489126770000002	0.0006502166400000001	0.0006139301700000001	0.0	0.0	0.0	0.0	0.0
-0.389	0.0073361892	0.0035394680689999998	0.0027111945000000003	0.0025597062	0.0	0.0	0.0	0.0	0.0
-0.357	0.024931716	0.012030016260000002	0.009213110000000002	0.008698947799999999	0.0	0.0	0.0	0.0	0.0
-0.325	0.06906444	0.03332194444	0.025523006999999997	0.02409841	0.0	0.0	0.0	0.0	0.0
-0.293	0.15597406	0.0752591546	0.057634594000000004	0.054426348	0.0	0.0	0.0	0.0	0.0
-0.260	0.28722625999999996	0.138607715	0.10613884000000001	0.100226865	0.0	0.0	0.0	0.0	0.0
-0.228	0.4314633	0.20828021880000006	0.15944045	0.15063175799999995	0.0	0.0	0.0	0.0	0.0
-0.196	0.5296995	0.256163343	0.19575200999999992	0.18519531899999997	0.0	0.0	0.0	0.0	0.0
-0.164	0.5353901000000001	0.260677409	0.19784095999999998	0.18835970600000002	0.0	0.0	0.0	0.0	0.0
-0.131	0.45787059999999996	0.22866995999999995	0.16916543	0.164894854	0.0	0.0	0.0	0.0	0.0
-0.099	0.36326519999999995	0.19590298999999994	0.13420589	0.140459218	0.0	0.0	0.0	0.0	0.0
-0.067	0.32622899999999994	0.20205736	0.12069110000000001	0.14372251999999996	0.0	0.0	0.0	0.0	0.0
-0.035	0.375789	0.25997676999999997	0.13998	0.1846532	0.0	0.0	0.0	0.0	0.0
-0.003	0.47796900000000003	0.34298679	0.1812607	0.246341	0.0	0.0	0.0	0.0	0.0
0.030	0.56737	0.4028051999999999	0.22361110000000003	0.2981359	0.0	0.0	0.0	0.0	0.0
0.062	0.6010850000000001	0.4067688	0.25515740000000003	0.3211282	0.0	0.0	0.0	0.0	0.0
0.094	0.587284	0.3614131	0.27988269999999993	0.3209886	0.0	0.0	0.0	0.0	0.0
0.126	0.559426	0.29891979999999996	0.3039473999999999	0.31399590000000005	0.0	0.0	0.0	0.0	0.0
0.159	0.532506	0.244489	0.32014780000000004	0.30476470000000006	0.0	0.0	0.0	0.0	0.0
0.191	0.49646200000000007	0.20199660000000003	0.31477220000000006	0.2854041	0.0	0.0	0.0	0.0	0.0
0.223	0.44784940000000006	0.16636410000000001	0.2892355	0.254775	0.0	0.0	0.0	0.0	0.0
0.255	0.4064822	0.13759269999999998	0.26599221	0.2275259	0.0	0.0	0.0	0.0	0.0
0.288	0.3944363	0.11946219999999998	0.26669639	0.2195772	0.0	0.0	0.0	0.0	0.0
0.320	0.40604569999999995	0.11124239999999999	0.28741132999999996	0.22835318	0.0	0.0	0.0	0.0	0.0
0.352	0.4096512	0.1070532	0.29972773	0.23370867999999997	0.0	0.0	0.0	0.0	0.0
0.384	0.3802124	0.1039137	0.27769825000000004	0.2179498	0.0	0.0	0.0	0.0	0.0
0.416	0.3267224999999999	0.1077209	0.2223324899999999	0.18387130000000002	0.0	0.0	0.0	0.0	0.0
0.449	0.28437519999999994	0.12861299999999998	0.15964021999999994	0.15123050000000002	0.0	0.0	0.0	0.0	0.0
0.481	0.2807444	0.16873219999999997	0.11809534999999999	0.1371657	0.0	0.0	0.0	0.0	0.0
0.513	0.31265849999999995	0.21576800000000002	0.11062925000000001	0.142553	0.0	0.0	0.0	0.0	0.0
0.545	0.3546358	0.250785	0.13343741	0.15561779999999997	0.0	0.0	0.0	0.0	0.0
0.578	0.3827638	0.26288459999999997	0.17363104	0.16513290000000003	0.0	0.0	0.0	0.0	0.0
0.610	0.38761300000000004	0.2556339	0.21533544	0.16784789999999997	0.0	0.0	0.0	0.0	0.0
0.642	0.372414	0.24214110000000005	0.24474556999999997	0.16741450000000002	0.0	0.0	0.0	0.0	0.0
0.674	0.34784699999999996	0.2365302	0.25631072	0.17026799999999995	0.0	0.0	0.0	0.0	0.0
0.706	0.328077	0.2471081	0.25501959999999996	0.18172159999999998	0.0	0.0	0.0	0.0	0.0
0.739	0.32372999999999996	0.2709886	0.25121706000000005	0.202008	0.0	0.0	0.0	0.0	0.0
0.771	0.334987	0.29466280000000006	0.25260789	0.22494969999999997	0.0	0.0	0.0	0.0	0.0
0.803	0.35275400000000007	0.30337990000000004	0.26053488	0.24231090000000002	0.0	0.0	0.0	0.0	0.0
0.835	0.367172	0.29229469999999996	0.27215178999999995	0.2496922	0.0	0.0	0.0	0.0	0.0
0.868	0.37365999999999994	0.2674259	0.2835888	0.2478817	0.0	0.0	0.0	0.0	0.0
0.900	0.37176000000000003	0.23786819999999997	0.290855	0.23917989999999997	0.0	0.0	0.0	0.0	0.0
0.932	0.36177099999999995	0.2097872	0.2899497999999999	0.22539080000000003	0.0	0.0	0.0	0.0	0.0
0.964	0.344694	0.18664429999999999	0.27984950000000003	0.20873840000000002	0.0	0.0	0.0	0.0	0.0
0.997	0.323937	0.1713193	0.26442799999999994	0.1930707	0.0	0.0	0.0	0.0	0.0
1.029	0.30427	0.16520329999999997	0.2492984	0.182015	0.0	0.0	0.0	0.0	0.0
1.061	0.2874190000000001	0.1658898	0.23576669999999997	0.1756778	0.0	0.0	0.0	0.0	0.0
1.093	0.270288	0.1671647	0.2197896999999999	0.170153	0.0	0.0	0.0	0.0	0.0
1.125	0.249081	0.16280079999999997	0.1976499	0.16189479999999998	0.0	0.0	0.0	0.0	0.0
1.158	0.22549100000000002	0.15141439999999998	0.17220970000000002	0.15272489999999997	0.0	0.0	0.0	0.0	0.0
1.190	0.20700800000000003	0.13766720000000002	0.15164809999999998	0.1488054	0.0	0.0	0.0	0.0	0.0
1.222	0.198477	0.1272452	0.1408993	0.153001	0.0	0.0	0.0	0.0	0.0
1.254	0.19456800000000002	0.1211443	0.13568334	0.1595608	0.0	0.0	0.0	0.0	0.0
1.287	0.18483229999999995	0.1174781	0.1267756	0.16015750000000004	0.0	0.0	0.0	0.0	0.0
1.319	0.1673223	0.11907790000000001	0.11080732	0.15594013	0.0	0.0	0.0	0.0	0.0
1.351	0.1531609	0.13451390000000002	0.09435197	0.15930430999999998	0.0	0.0	0.0	0.0	0.0
1.383	0.1534413	0.16712489999999997	0.08568809999999999	0.17931561000000001	0.0	0.0	0.0	0.0	0.0
1.416	0.16400220000000001	0.2036472	0.08477086000000002	0.20664317000000001	0.0	0.0	0.0	0.0	0.0
1.448	0.16700230000000002	0.21947970000000003	0.08302797	0.21762679	0.0	0.0	0.0	0.0	0.0
1.480	0.1481083	0.1987499	0.07251953399999998	0.19545655999999997	0.0	0.0	0.0	0.0	0.0
1.512	0.10970465	0.1482785	0.05343099700000001	0.14540117	0.0	0.0	0.0	0.0	0.0
1.544	0.06680144	0.09050614	0.032476025	0.08866600000000001	0.0	0.0	0.0	0.0	0.0
1.577	0.033253450000000004	0.04509081	0.016156915	0.04416271299999999	0.0	0.0	0.0	0.0	0.0
1.609	0.0135088	0.01831942	0.0065621012	0.017944023	0.0	0.0	0.0	0.0	0.0
1.641	0.004474457000000001	0.0060686989999999994	0.0021732763999999997	0.0059426120999999995	0.0	0.0	0.0	0.0	0.0
1.673	0.001208091	0.0016389059999999999	0.0005868112	0.0016048167999999999	0.0	0.0	0.0	0.0	0.0
1.706	0.0002659033	0.0003607099	0.00012915133000000002	0.00035323652	0.0	0.0	0.0	0.0	0.0
1.738	4.7697160000000005e-05	6.47052e-05	2.3163988999999997e-05	6.3351064e-05	0.0	0.0	0.0	0.0	0.0
1.770	6.9715230000000005e-06	9.455879000000001e-06	3.3861313e-06	9.259656e-06	0.0	0.0	0.0	0.0	0.0
1.802	8.302899e-07	1.1262066000000001e-06	4.032765799999999e-07	1.1029446e-06	0.0	0.0	0.0	0.0	0.0
1.835	8.056633000000001e-08	1.0927902e-07	3.9128617e-08	1.0700948e-07	0.0	0.0	0.0	0.0	0.0
1.867	6.367525e-09	8.637951e-09	3.0929155e-09	8.458342999999999e-09	0.0	0.0	0.0	0.0	0.0
1.899	4.09963e-10	5.561097e-10	1.9910378999999997e-10	5.445586900000001e-10	0.0	0.0	0.0	0.0	0.0
1.931	2.1495529999999998e-11	2.915843e-11	1.0441783e-11	2.8552838e-11	0.0	0.0	0.0	0.0	0.0
1.963	9.177345000000001e-13	1.2450913000000002e-12	4.458037000000001e-13	1.2191959999999998e-12	0.0	0.0	0.0	0.0	0.0
1.996	3.185300000000001e-14	4.320942000000001e-14	1.5469748000000004e-14	4.2310316000000005e-14	0.0	0.0	0.0	0.0	0.0
2.028	9.740368e-16	1.3213098999999998e-15	4.7309116e-16	1.2938291e-15	0.0	0.0	0.0	0.0	0.0
2.060	0.0	0.0	0.0	0.0	0.0	0.0	0.0	0.0	0.0
2.092	0.0	0.0	0.0	0.0	0.0	0.0	0.0	0.0	0.0
2.125	0.0	0.0	0.0	0.0	0.0	0.0	0.0	0.0	0.0
2.157	0.0	0.0	0.0	0.0	0.0	0.0	0.0	0.0	0.0
2.189	0.0	0.0	0.0	0.0	0.0	0.0	0.0	0.0	0.0
2.221	0.0	0.0	0.0	0.0	0.0	0.0	0.0	0.0	0.0
2.253	0.0	0.0	0.0	0.0	0.0	0.0	0.0	0.0	0.0
2.286	0.0	0.0	0.0	0.0	0.0	0.0	0.0	0.0	0.0
2.318	0.0	0.0	0.0	0.0	0.0	0.0	0.0	0.0	0.0
2.350	0.0	0.0	0.0	0.0	0.0	0.0	0.0	0.0	0.0
2.382	0.0	0.0	0.0	0.0	0.0	0.0	0.0	0.0	0.0
2.415	0.0	0.0	0.0	0.0	0.0	0.0	0.0	0.0	0.0
2.447	0.0	0.0	0.0	0.0	0.0	0.0	0.0	0.0	0.0
2.479	0.0	0.0	0.0	0.0	0.0	0.0	0.0	0.0	0.0
2.511	0.0	0.0	0.0	0.0	0.0	0.0	0.0	0.0	0.0
2.544	0.0	0.0	0.0	0.0	0.0	0.0	0.0	0.0	0.0
2.576	0.0	0.0	0.0	0.0	0.0	0.0	0.0	0.0	0.0
2.608	0.0	0.0	0.0	0.0	0.0	0.0	0.0	0.0	0.0
2.640	0.0	0.0	0.0	0.0	0.0	0.0	0.0	0.0	0.0
2.672	0.0	0.0	0.0	0.0	0.0	0.0	0.0	0.0	0.0
2.705	0.0	0.0	0.0	0.0	0.0	0.0	0.0	0.0	0.0
2.737	0.0	0.0	0.0	0.0	0.0	0.0	0.0	0.0	0.0
2.769	0.0	0.0	0.0	0.0	0.0	0.0	0.0	0.0	0.0
2.801	0.0	0.0	0.0	0.0	0.0	0.0	0.0	0.0	0.0
2.834	0.0	0.0	0.0	0.0	0.0	0.0	0.0	0.0	0.0
2.866	0.0	0.0	0.0	0.0	0.0	0.0	0.0	0.0	0.0
2.898	0.0	0.0	0.0	0.0	0.0	0.0	0.0	0.0	0.0
