-28.100	0.0	0.0	0.0	0.0	0.0	0.0	0.0	0.0	0.0
-28.066	0.0	0.0	0.0	0.0	0.0	0.0	0.0	0.0	0.0
-28.032	0.0	0.0	0.0	0.0	0.0	0.0	0.0	0.0	0.0
-27.999	0.0	0.0	0.0	0.0	0.0	0.0	0.0	0.0	0.0
-27.965	0.0	0.0	0.0	0.0	0.0	0.0	0.0	0.0	0.0
-27.932	0.0	0.0	0.0	0.0	0.0	0.0	0.0	0.0	0.0
-27.898	0.0	0.0	0.0	0.0	0.0	0.0	0.0	0.0	0.0
-27.865	0.0	0.0	0.0	0.0	0.0	0.0	0.0	0.0	0.0
-27.831	0.0	0.0	0.0	0.0	0.0	0.0	0.0	0.0	0.0
-27.798	0.0	0.0	0.0	0.0	0.0	0.0	0.0	0.0	0.0
-27.764	0.0	0.0	0.0	0.0	0.0	0.0	0.0	0.0	0.0
-27.730	0.0	0.0	0.0	0.0	0.0	0.0	0.0	0.0	0.0
-27.697	0.0	0.0	0.0	0.0	0.0	0.0	0.0	0.0	0.0
-27.663	0.0	0.0	0.0	0.0	0.0	0.0	0.0	0.0	0.0
-27.630	0.0	0.0	0.0	0.0	0.0	0.0	0.0	0.0	0.0
-27.596	0.0	0.0	0.0	0.0	0.0	0.0	0.0	0.0	0.0
-27.563	0.0	0.0	0.0	0.0	0.0	0.0	0.0	0.0	0.0
-27.529	0.0	0.0	0.0	0.0	0.0	0.0	0.0	0.0	0.0
-27.495	0.0	0.0	0.0	0.0	0.0	0.0	0.0	0.0	0.0
-27.462	0.0	0.0	0.0	0.0	0.0	0.0	0.0	0.0	0.0
-27.428	0.0	0.0	0.0	0.0	0.0	0.0	0.0	0.0	0.0
-27.395	0.0	0.0	0.0	0.0	0.0	0.0	0.0	0.0	0.0
-27.361	0.0	0.0	0.0	0.0	0.0	0.0	0.0	0.0	0.0
-27.328	0.0	0.0	0.0	0.0	0.0	0.0	0.0	0.0	0.0
-27.294	0.0	0.0	0.0	0.0	0.0	0.0	0.0	0.0	0.0
-27.261	0.0	0.0	0.0	0.0	0.0	0.0	0.0	0.0	0.0
-27.227	0.0	0.0	0.0	0.0	0.0	0.0	0.0	0.0	0.0
-27.193	0.0	0.0	0.0	0.0	0.0	0.0	0.0	0.0	0.0
-27.160	2.71228117027966e-15	1.0458999849888e-16	1.0068583056728318e-16	5.212459747117431e-17	0.0	0.0	0.0	0.0	0.0
-27.126	1.6277276160996194e-13	6.275198015197e-15	6.040978011043609e-15	3.127846085925e-15	0.0	0.0	0.0	0.0	0.0
-27.093	6.1755466841907904e-12	2.381256213485e-13	2.292242139444311e-13	1.1869225643928339e-13	0.0	0.0	0.0	0.0	0.0
-27.059	1.8815755130216863e-10	7.257580664838e-12	6.986636458672079e-12	3.61765708125933e-12	0.0	0.0	0.0	0.0	0.0
-27.026	4.590111285965539e-09	1.7700625671672003e-10	1.7040055839191598e-10	8.82317876205129e-11	0.0	0.0	0.0	0.0	0.0
-26.992	8.96148564685951e-08	3.4553832743487002e-09	3.3264567886522714e-09	1.72232648403438e-09	0.0	0.0	0.0	0.0	0.0
-26.958	1.400605413655154e-06	5.4012386633439996e-08	5.199750899295769e-08	2.6916754737444e-08	0.0	0.0	0.0	0.0	0.0
-26.925	1.752880679748306e-05	6.759065584265e-07	6.5077064662648e-07	3.369110800389031e-07	0.0	0.0	0.0	0.0	0.0
-26.891	0.00017566278726755113	6.774817317022001e-06	6.5221401284839096e-06	3.37672566991039e-06	0.0	0.0	0.0	0.0	0.0
-26.858	0.001410417161050202	5.438219251875e-05	5.23575843114445e-05	2.7108079367353498e-05	0.0	0.0	0.0	0.0	0.0
-26.824	0.00907003428308324	0.00034975476296084996	0.000336702646169219	0.000174311496705841	0.0	0.0	0.0	0.0	0.0
-26.791	0.046725676857056406	0.0018020126085622	0.0017352131642483996	0.0008981608647920159	0.0	0.0	0.0	0.0	0.0
-26.757	0.19290193479644724	0.007438906394293	0.007160526699851859	0.00370792767486175	0.0	0.0	0.0	0.0	0.0
-26.724	0.6381741596216031	0.024603410513513002	0.023689107362420102	0.012266854825098022	0.0	0.0	0.0	0.0	0.0
-26.690	1.691677795492156	0.06524959311660003	0.0628206403022321	0.03252290983474199	0.0	0.0	0.0	0.0	0.0
-26.656	3.5957022436802997	0.13867939027116002	0.133499489090402	0.0691151383097866	0.0	0.0	0.0	0.0	0.0
-26.623	6.125576286264519	0.23622707916695998	0.22745377720589602	0.11775007101145671	0.0	0.0	0.0	0.0	0.0
-26.589	8.365476163523388	0.32256026793912	0.31056934539770303	0.16081747105487001	0.0	0.0	0.0	0.0	0.0
-26.556	9.15754439675949	0.35312432603939	0.3399559803226649	0.17604914124212398	0.0	0.0	0.0	0.0	0.0
-26.522	8.03567216139302	0.30990750023344993	0.29831750396940604	0.154467377596156	0.0	0.0	0.0	0.0	0.0
-26.489	5.6532053824535105	0.21803019032203003	0.20989340357620698	0.10864578738155568	0.0	0.0	0.0	0.0	0.0
-26.455	3.1871735244639305	0.12292102079813	0.11833853668278864	0.0612720294644166	0.0	0.0	0.0	0.0	0.0
-26.421	1.4405684877836822	0.05555242182184	0.053485261086707404	0.0276966125524122	0.0	0.0	0.0	0.0	0.0
-26.388	0.5219697559774519	0.020127278585454003	0.019372714375973	0.0100317086530053	0.0	0.0	0.0	0.0	0.0
-26.354	0.15155337037823785	0.00584401347828	0.005626811660706131	0.0029132398066743694	0.0	0.0	0.0	0.0	0.0
-26.321	0.03525795335145521	0.0013597099979580003	0.0013089639096361203	0.0006776368547492982	0.0	0.0	0.0	0.0	0.0
-26.287	0.0065739562635019014	0.00025351343171471	0.000244038830062217	0.00012634570051856298	0.0	0.0	0.0	0.0	0.0
-26.254	0.0009818195453082288	3.786330835730001e-05	3.645118046725589e-05	1.8867045255005402e-05	0.0	0.0	0.0	0.0	0.0
-26.220	0.00011747617348266309	4.529559945904e-06	4.360869934887239e-06	2.25783947597692e-06	0.0	0.0	0.0	0.0	0.0
-26.187	1.125623235929177e-05	4.3408395931780003e-07	4.179564362165799e-07	2.1632549471082499e-07	0.0	0.0	0.0	0.0	0.0
-26.153	8.637946800937319e-07	3.3309947216777e-08	3.2067774746464296e-08	1.6601592095653e-08	0.0	0.0	0.0	0.0	0.0
-26.119	5.3083077165737594e-08	2.046373699992e-09	1.97080569907666e-09	1.0202174337932662e-09	0.0	0.0	0.0	0.0	0.0
-26.086	2.6111054107743003e-09	1.0068859070107e-10	9.693373367300753e-11	5.0185129476797693e-11	0.0	0.0	0.0	0.0	0.0
-26.052	1.0281047696270019e-10	3.964536021813e-12	3.817269210815239e-12	1.97663050668696e-12	0.0	0.0	0.0	0.0	0.0
-26.019	3.2332003296450697e-12	1.2467008519892e-13	1.2002642629051285e-13	6.214692920214059e-14	0.0	0.0	0.0	0.0	0.0
-25.985	8.67910979017135e-14	3.3468195664232e-15	3.22202071173755e-15	1.6677851472886799e-15	0.0	0.0	0.0	0.0	0.0
-25.952	0.0	0.0	0.0	0.0	0.0	0.0	0.0	0.0	0.0
-25.918	0.0	0.0	0.0	0.0	0.0	0.0	0.0	0.0	0.0
-25.884	0.0	0.0	0.0	0.0	0.0	0.0	0.0	0.0	0.0
-25.851	0.0	0.0	0.0	0.0	0.0	0.0	0.0	0.0	0.0
-25.817	0.0	0.0	0.0	0.0	0.0	0.0	0.0	0.0	0.0
-25.784	0.0	0.0	0.0	0.0	0.0	0.0	0.0	0.0	0.0
-25.750	0.0	0.0	0.0	0.0	0.0	0.0	0.0	0.0	0.0
-25.717	0.0	0.0	0.0	0.0	0.0	0.0	0.0	0.0	0.0
-25.683	0.0	0.0	0.0	0.0	0.0	0.0	0.0	0.0	0.0
-25.650	0.0	0.0	0.0	0.0	0.0	0.0	0.0	0.0	0.0
-25.616	0.0	0.0	0.0	0.0	0.0	0.0	0.0	0.0	0.0
-25.582	0.0	0.0	0.0	0.0	0.0	0.0	0.0	0.0	0.0
-25.549	0.0	0.0	0.0	0.0	0.0	0.0	0.0	0.0	0.0
-25.515	0.0	0.0	0.0	0.0	0.0	0.0	0.0	0.0	0.0
-25.482	0.0	0.0	0.0	0.0	0.0	0.0	0.0	0.0	0.0
-25.448	0.0	0.0	0.0	0.0	0.0	0.0	0.0	0.0	0.0
-25.415	0.0	0.0	0.0	0.0	0.0	0.0	0.0	0.0	0.0
-25.381	0.0	0.0	0.0	0.0	0.0	0.0	0.0	0.0	0.0
-25.347	0.0	0.0	0.0	0.0	0.0	0.0	0.0	0.0	0.0
-25.314	0.0	0.0	0.0	0.0	0.0	0.0	0.0	0.0	0.0
-25.280	0.0	0.0	0.0	0.0	0.0	0.0	0.0	0.0	0.0
-25.247	0.0	0.0	0.0	0.0	0.0	0.0	0.0	0.0	0.0
-25.213	0.0	0.0	0.0	0.0	0.0	0.0	0.0	0.0	0.0
-25.180	0.0	0.0	0.0	0.0	0.0	0.0	0.0	0.0	0.0
-25.146	0.0	0.0	0.0	0.0	0.0	0.0	0.0	0.0	0.0
-25.113	0.0	0.0	0.0	0.0	0.0	0.0	0.0	0.0	0.0
-25.079	0.0	0.0	0.0	0.0	0.0	0.0	0.0	0.0	0.0
-25.045	0.0	0.0	0.0	0.0	0.0	0.0	0.0	0.0	0.0
-25.012	0.0	0.0	0.0	0.0	0.0	0.0	0.0	0.0	0.0
-24.978	0.0	0.0	0.0	0.0	0.0	0.0	0.0	0.0	0.0
-24.945	0.0	0.0	0.0	0.0	0.0	0.0	0.0	0.0	0.0
-24.911	0.0	0.0	0.0	0.0	0.0	0.0	0.0	0.0	0.0
-24.878	0.0	0.0	0.0	0.0	0.0	0.0	0.0	0.0	0.0
-24.844	0.0	0.0	0.0	0.0	0.0	0.0	0.0	0.0	0.0
-24.810	0.0	0.0	0.0	0.0	0.0	0.0	0.0	0.0	0.0
-24.777	0.0	0.0	0.0	0.0	0.0	0.0	0.0	0.0	0.0
-24.743	0.0	0.0	0.0	0.0	0.0	0.0	0.0	0.0	0.0
-24.710	0.0	0.0	0.0	0.0	0.0	0.0	0.0	0.0	0.0
-24.676	0.0	0.0	0.0	0.0	0.0	0.0	0.0	0.0	0.0
-24.643	0.0	0.0	0.0	0.0	0.0	0.0	0.0	0.0	0.0
-24.609	0.0	0.0	0.0	0.0	0.0	0.0	0.0	0.0	0.0
-24.576	0.0	0.0	0.0	0.0	0.0	0.0	0.0	0.0	0.0
-24.542	0.0	0.0	0.0	0.0	0.0	0.0	0.0	0.0	0.0
-24.508	0.0	0.0	0.0	0.0	0.0	0.0	0.0	0.0	0.0
-24.475	0.0	0.0	0.0	0.0	0.0	0.0	0.0	0.0	0.0
-24.441	0.0	0.0	0.0	0.0	0.0	0.0	0.0	0.0	0.0
-24.408	0.0	0.0	0.0	0.0	0.0	0.0	0.0	0.0	0.0
-24.374	0.0	0.0	0.0	0.0	0.0	0.0	0.0	0.0	0.0
-24.341	0.0	0.0	0.0	0.0	0.0	0.0	0.0	0.0	0.0
-24.307	0.0	0.0	0.0	0.0	0.0	0.0	0.0	0.0	0.0
-24.273	0.0	0.0	0.0	0.0	0.0	0.0	0.0	0.0	0.0
-24.240	0.0	0.0	0.0	0.0	0.0	0.0	0.0	0.0	0.0
-24.206	0.0	0.0	0.0	0.0	0.0	0.0	0.0	0.0	0.0
-24.173	0.0	0.0	0.0	0.0	0.0	0.0	0.0	0.0	0.0
-24.139	0.0	0.0	0.0	0.0	0.0	0.0	0.0	0.0	0.0
-24.106	0.0	0.0	0.0	0.0	0.0	0.0	0.0	0.0	0.0
-24.072	0.0	0.0	0.0	0.0	0.0	0.0	0.0	0.0	0.0
-24.039	0.0	0.0	0.0	0.0	0.0	0.0	0.0	0.0	0.0
-24.005	0.0	0.0	0.0	0.0	0.0	0.0	0.0	0.0	0.0
-23.971	0.0	0.0	0.0	0.0	0.0	0.0	0.0	0.0	0.0
-23.938	0.0	0.0	0.0	0.0	0.0	0.0	0.0	0.0	0.0
-23.904	0.0	0.0	0.0	0.0	0.0	0.0	0.0	0.0	0.0
-23.871	0.0	0.0	0.0	0.0	0.0	0.0	0.0	0.0	0.0
-23.837	0.0	0.0	0.0	0.0	0.0	0.0	0.0	0.0	0.0
-23.804	0.0	0.0	0.0	0.0	0.0	0.0	0.0	0.0	0.0
-23.770	0.0	0.0	0.0	0.0	0.0	0.0	0.0	0.0	0.0
-23.736	0.0	0.0	0.0	0.0	0.0	0.0	0.0	0.0	0.0
-23.703	0.0	0.0	0.0	0.0	0.0	0.0	0.0	0.0	0.0
-23.669	0.0	0.0	0.0	0.0	0.0	0.0	0.0	0.0	0.0
-23.636	0.0	0.0	0.0	0.0	0.0	0.0	0.0	0.0	0.0
-23.602	0.0	0.0	0.0	0.0	0.0	0.0	0.0	0.0	0.0
-23.569	0.0	0.0	0.0	0.0	0.0	0.0	0.0	0.0	0.0
-23.535	0.0	0.0	0.0	0.0	0.0	0.0	0.0	0.0	0.0
-23.502	0.0	0.0	0.0	0.0	0.0	0.0	0.0	0.0	0.0
-23.468	0.0	0.0	0.0	0.0	0.0	0.0	0.0	0.0	0.0
-23.434	0.0	0.0	0.0	0.0	0.0	0.0	0.0	0.0	0.0
-23.401	0.0	0.0	0.0	0.0	0.0	0.0	0.0	0.0	0.0
-23.367	0.0	0.0	0.0	0.0	0.0	0.0	0.0	0.0	0.0
-23.334	0.0	0.0	0.0	0.0	0.0	0.0	0.0	0.0	0.0
-23.300	0.0	0.0	0.0	0.0	0.0	0.0	0.0	0.0	0.0
-23.267	0.0	0.0	0.0	0.0	0.0	0.0	0.0	0.0	0.0
-23.233	0.0	0.0	0.0	0.0	0.0	0.0	0.0	0.0	0.0
-23.199	0.0	0.0	0.0	0.0	0.0	0.0	0.0	0.0	0.0
-23.166	0.0	0.0	0.0	0.0	0.0	0.0	0.0	0.0	0.0
-23.132	0.0	0.0	0.0	0.0	0.0	0.0	0.0	0.0	0.0
-23.099	0.0	0.0	0.0	0.0	0.0	0.0	0.0	0.0	0.0
-23.065	0.0	0.0	0.0	0.0	0.0	0.0	0.0	0.0	0.0
-23.032	0.0	0.0	0.0	0.0	0.0	0.0	0.0	0.0	0.0
-22.998	0.0	0.0	0.0	0.0	0.0	0.0	0.0	0.0	0.0
-22.965	0.0	0.0	0.0	0.0	0.0	0.0	0.0	0.0	0.0
-22.931	0.0	0.0	0.0	0.0	0.0	0.0	0.0	0.0	0.0
-22.897	0.0	0.0	0.0	0.0	0.0	0.0	0.0	0.0	0.0
-22.864	0.0	0.0	0.0	0.0	0.0	0.0	0.0	0.0	0.0
-22.830	0.0	0.0	0.0	0.0	0.0	0.0	0.0	0.0	0.0
-22.797	0.0	0.0	0.0	0.0	0.0	0.0	0.0	0.0	0.0
-22.763	0.0	0.0	0.0	0.0	0.0	0.0	0.0	0.0	0.0
-22.730	0.0	0.0	0.0	0.0	0.0	0.0	0.0	0.0	0.0
-22.696	0.0	0.0	0.0	0.0	0.0	0.0	0.0	0.0	0.0
-22.662	0.0	0.0	0.0	0.0	0.0	0.0	0.0	0.0	0.0
-22.629	0.0	0.0	0.0	0.0	0.0	0.0	0.0	0.0	0.0
-22.595	0.0	0.0	0.0	0.0	0.0	0.0	0.0	0.0	0.0
-22.562	0.0	0.0	0.0	0.0	0.0	0.0	0.0	0.0	0.0
-22.528	0.0	0.0	0.0	0.0	0.0	0.0	0.0	0.0	0.0
-22.495	0.0	0.0	0.0	0.0	0.0	0.0	0.0	0.0	0.0
-22.461	0.0	0.0	0.0	0.0	0.0	0.0	0.0	0.0	0.0
-22.428	0.0	0.0	0.0	0.0	0.0	0.0	0.0	0.0	0.0
-22.394	0.0	0.0	0.0	0.0	0.0	0.0	0.0	0.0	0.0
-22.360	0.0	0.0	0.0	0.0	0.0	0.0	0.0	0.0	0.0
-22.327	0.0	0.0	0.0	0.0	0.0	0.0	0.0	0.0	0.0
-22.293	0.0	0.0	0.0	0.0	0.0	0.0	0.0	0.0	0.0
-22.260	0.0	0.0	0.0	0.0	0.0	0.0	0.0	0.0	0.0
-22.226	0.0	0.0	0.0	0.0	0.0	0.0	0.0	0.0	0.0
-22.193	0.0	0.0	0.0	0.0	0.0	0.0	0.0	0.0	0.0
-22.159	0.0	0.0	0.0	0.0	0.0	0.0	0.0	0.0	0.0
-22.125	0.0	0.0	0.0	0.0	0.0	0.0	0.0	0.0	0.0
-22.092	0.0	0.0	0.0	0.0	0.0	0.0	0.0	0.0	0.0
-22.058	0.0	0.0	0.0	0.0	0.0	0.0	0.0	0.0	0.0
-22.025	0.0	0.0	0.0	0.0	0.0	0.0	0.0	0.0	0.0
-21.991	0.0	0.0	0.0	0.0	0.0	0.0	0.0	0.0	0.0
-21.958	0.0	0.0	0.0	0.0	0.0	0.0	0.0	0.0	0.0
-21.924	0.0	0.0	0.0	0.0	0.0	0.0	0.0	0.0	0.0
-21.891	0.0	0.0	0.0	0.0	0.0	0.0	0.0	0.0	0.0
-21.857	0.0	0.0	0.0	0.0	0.0	0.0	0.0	0.0	0.0
-21.823	0.0	0.0	0.0	0.0	0.0	0.0	0.0	0.0	0.0
-21.790	0.0	0.0	0.0	0.0	0.0	0.0	0.0	0.0	0.0
-21.756	0.0	0.0	0.0	0.0	0.0	0.0	0.0	0.0	0.0
-21.723	0.0	0.0	0.0	0.0	0.0	0.0	0.0	0.0	0.0
-21.689	0.0	0.0	0.0	0.0	0.0	0.0	0.0	0.0	0.0
-21.656	1.680422e-14	2.321198356e-16	2.6189413000000005e-16	2.97769052e-16	0.0	0.0	0.0	0.0	0.0
-21.622	7.22633e-13	9.982176839999998e-15	1.1261572800000002e-14	1.28019079e-14	0.0	0.0	0.0	0.0	0.0
-21.588	2.4742030000000002e-11	3.417736694e-13	3.8563970000000004e-13	4.384158729999999e-13	0.0	0.0	0.0	0.0	0.0
-21.555	6.78599e-10	9.37433517e-12	1.05766788e-11	1.20241916e-11	0.0	0.0	0.0	0.0	0.0
-21.521	1.489728e-08	2.0576778170000003e-10	2.3217914e-10	2.6392347799999996e-10	0.0	0.0	0.0	0.0	0.0
-21.488	2.617852e-07	3.616206076e-09	4.080272500000001e-09	4.6386519e-09	0.0	0.0	0.0	0.0	0.0
-21.454	3.6835239999999998e-06	5.08842202e-08	5.740845e-08	6.52703185e-08	0.0	0.0	0.0	0.0	0.0
-21.421	4.1503629999999996e-05	5.733227489999999e-07	6.468795000000001e-07	7.353887799999999e-07	0.0	0.0	0.0	0.0	0.0
-21.387	0.0003745282	5.17337274e-06	5.8373785e-06	6.63628799e-06	0.0	0.0	0.0	0.0	0.0
-21.354	0.002707343	3.7392647739999994e-05	4.2192780000000006e-05	4.79694371e-05	0.0	0.0	0.0	0.0	0.0
-21.320	0.01567646	0.00021654846450000002	0.00024434261000000004	0.00027777334200000003	0.0	0.0	0.0	0.0	0.0
-21.286	0.0727367	0.0010047214710000002	0.00113359883	0.0012888391599999998	0.0	0.0	0.0	0.0	0.0
-21.253	0.27042710000000003	0.003735680353	0.0042146468	0.00479163744	0.0	0.0	0.0	0.0	0.0
-21.219	0.8056960000000001	0.011129294299999998	0.0125573253	0.0142772448	0.0	0.0	0.0	0.0	0.0
-21.186	1.924186	0.026577054339999996	0.029986810000000003	0.0340921157	0.0	0.0	0.0	0.0	0.0
-21.152	3.68313	0.0508710892	0.057404119999999996	0.06525915839999999	0.0	0.0	0.0	0.0	0.0
-21.119	5.6506099999999995	0.07806433529999998	0.088081112	0.10013372699999999	0.0	0.0	0.0	0.0	0.0
-21.085	6.95085	0.0960190366	0.10832860799999999	0.123158168	0.0	0.0	0.0	0.0	0.0
-21.051	6.8546	0.0946718181	0.10681607700000001	0.12144001200000001	0.0	0.0	0.0	0.0	0.0
-21.018	5.41703	0.074832331	0.08443667200000002	0.095977307	0.0	0.0	0.0	0.0	0.0
-20.984	3.432547	0.0474126923	0.053498357999999996	0.06082058120000001	0.0	0.0	0.0	0.0	0.0
-20.951	1.7434560000000003	0.024082189599999998	0.027172809	0.030889047799999996	0.0	0.0	0.0	0.0	0.0
-20.917	0.709705	0.009803166579999998	0.0110622124	0.0125754522	0.0	0.0	0.0	0.0	0.0
-20.884	0.231578	0.003198364089	0.0036092305000000008	0.00410319619	0.0	0.0	0.0	0.0	0.0
-20.850	0.060552499999999995	0.000836460007	0.0009437623600000001	0.00107299525	0.0	0.0	0.0	0.0	0.0
-20.817	0.0126881	0.00017525112399999999	0.000197741232	0.00022480048999999998	0.0	0.0	0.0	0.0	0.0
-20.783	0.002130097	2.942178008e-05	3.3199059999999996e-05	3.77425188e-05	0.0	0.0	0.0	0.0	0.0
-20.749	0.000286461	3.9564762e-06	4.464550400000001e-06	5.07568722e-06	0.0	0.0	0.0	0.0	0.0
-20.716	3.0858030000000004e-05	4.2627758999999997e-07	4.8093405e-07	5.467844009999998e-07	0.0	0.0	0.0	0.0	0.0
-20.682	2.662721e-06	3.67926901e-08	4.1500678e-08	4.7178744199999996e-08	0.0	0.0	0.0	0.0	0.0
-20.649	1.9240000000000003e-07	2.9497056000000004e-09	3.019833799999999e-09	3.39898264e-09	0.0	0.0	0.0	0.0	0.0
-20.615	1.6522250000000004e-07	7.6388798e-09	2.9670733e-09	2.7433716200000004e-09	0.0	0.0	0.0	0.0	0.0
-20.582	2.27342727e-06	1.09932553e-07	4.1180619e-08	3.75824432e-08	0.0	0.0	0.0	0.0	0.0
-20.548	2.66830044e-05	1.2906016e-06	4.833386899999999e-07	4.4111419699999994e-07	0.0	0.0	0.0	0.0	0.0
-20.514	0.000250876171	1.2133148399999998e-05	4.544307699999999e-06	4.14715198e-06	0.0	0.0	0.0	0.0	0.0
-20.481	0.0018893235700000002	9.137860799999999e-05	3.4220196e-05	3.12306616e-05	0.0	0.0	0.0	0.0	0.0
-20.447	0.0113965596	0.0005511499	0.00020645624	0.00018840257600000003	0.0	0.0	0.0	0.0	0.0
-20.414	0.055090823	0.0026641862	0.00099779558	0.00091063995	0.0	0.0	0.0	0.0	0.0
-20.380	0.213367779	0.0103190033	0.0038647119999999993	0.0035269902000000003	0.0	0.0	0.0	0.0	0.0
-20.347	0.66225807	0.032028902	0.0119963481	0.0109480174	0.0	0.0	0.0	0.0	0.0
-20.313	1.6475102	0.079673373	0.029841767999999998	0.027234114500000007	0.0	0.0	0.0	0.0	0.0
-20.280	3.2849473100000006	0.15886819	0.05950056299999999	0.054304302	0.0	0.0	0.0	0.0	0.0
-20.246	5.250334400000001	0.25394338	0.095103631	0.08679474200000001	0.0	0.0	0.0	0.0	0.0
-20.212	6.7276428	0.32535836999999995	0.12185449100000001	0.111201558	0.0	0.0	0.0	0.0	0.0
-20.179	6.9103273000000005	0.33417687999999995	0.12516113699999998	0.114212841	0.0	0.0	0.0	0.0	0.0
-20.145	5.68854672	0.27514441	0.103053669	0.094036547	0.0	0.0	0.0	0.0	0.0
-20.112	3.7549500399999993	0.1816062	0.068014566	0.062073434	0.0	0.0	0.0	0.0	0.0
-20.078	1.98670321	0.096090355	0.03598581000000001	0.03284263230000001	0.0	0.0	0.0	0.0	0.0
-20.045	0.8425477900000001	0.040748758999999996	0.015261144499999999	0.013928821399999998	0.0	0.0	0.0	0.0	0.0
-20.011	0.28638593700000003	0.013851365000000001	0.005187459500000002	0.0047341436	0.0	0.0	0.0	0.0	0.0
-19.977	0.07801148799999999	0.0037728067000000007	0.0014130834700000002	0.0012896487000000002	0.0	0.0	0.0	0.0	0.0
-19.944	0.01702867	0.00082351137	0.00030843700999999996	0.00028150922599999996	0.0	0.0	0.0	0.0	0.0
-19.910	0.0029782742299999995	0.00014404103000000001	5.3944309000000016e-05	4.923132999999999e-05	0.0	0.0	0.0	0.0	0.0
-19.877	0.000417291712	2.0182199999999998e-05	7.558652500000002e-06	6.897958499999999e-06	0.0	0.0	0.0	0.0	0.0
-19.843	4.6831916000000005e-05	2.2650033e-06	8.4828785e-07	7.7413555e-07	0.0	0.0	0.0	0.0	0.0
-19.810	4.20978821e-06	2.0360245e-07	7.6253953e-08	6.958933800000001e-08	0.0	0.0	0.0	0.0	0.0
-19.776	3.03027987e-07	1.4655387e-08	5.4887754e-09	5.009001199999999e-09	0.0	0.0	0.0	0.0	0.0
-19.743	1.74626021e-08	8.4450855e-10	3.1631573999999994e-10	2.88688418e-10	0.0	0.0	0.0	0.0	0.0
-19.709	8.0571355e-10	3.8971186999999996e-11	1.4593134699999998e-11	1.3318526000000001e-11	0.0	0.0	0.0	0.0	0.0
-19.675	2.97514318e-11	1.4390651000000002e-12	5.389051199999999e-13	4.9181417e-13	0.0	0.0	0.0	0.0	0.0
-19.642	8.808033900000001e-13	4.2600702e-14	1.5953915700000003e-14	1.4559984299999996e-14	0.0	0.0	0.0	0.0	0.0
-19.608	2.07728064e-14	1.00476046e-15	3.7628726e-16	3.43415088e-16	0.0	0.0	0.0	0.0	0.0
-19.575	0.0	0.0	0.0	0.0	0.0	0.0	0.0	0.0	0.0
-19.541	0.0	0.0	0.0	0.0	0.0	0.0	0.0	0.0	0.0
-19.508	0.0	0.0	0.0	0.0	0.0	0.0	0.0	0.0	0.0
-19.474	0.0	0.0	0.0	0.0	0.0	0.0	0.0	0.0	0.0
-19.440	0.0	0.0	0.0	0.0	0.0	0.0	0.0	0.0	0.0
-19.407	1.8454190000000003e-14	1.7804463900000002e-15	5.110778315000001e-16	2.4730389e-16	0.0	0.0	0.0	0.0	0.0
-19.373	7.524936999999999e-13	7.2601022e-14	2.0839977539999997e-14	1.008553e-14	0.0	0.0	0.0	0.0	0.0
-19.340	2.5690840000000004e-11	2.47876116e-12	7.114728630999999e-13	3.4429524e-13	0.0	0.0	0.0	0.0	0.0
-19.306	7.01786e-10	6.7710406e-11	1.943374833e-11	9.404828000000001e-12	0.0	0.0	0.0	0.0	0.0
-19.273	1.534489e-08	1.48040583e-09	4.2493315869999997e-10	2.0563007999999999e-10	0.0	0.0	0.0	0.0	0.0
-19.239	2.6858530000000005e-07	2.5912107700000004e-08	7.4378159020000005e-09	3.5991788999999996e-09	0.0	0.0	0.0	0.0	0.0
-19.206	3.763811e-06	3.63139703e-07	1.0422869379999998e-07	5.0439903e-08	0.0	0.0	0.0	0.0	0.0
-19.172	4.223861e-05	4.07520673e-06	1.1696789820000002e-06	5.660578800000001e-07	0.0	0.0	0.0	0.0	0.0
-19.138	0.0003796327	3.66271545e-05	1.0513544920000001e-05	5.087621100000002e-06	0.0	0.0	0.0	0.0	0.0
-19.105	0.002733318	0.000263704743	7.569249657999999e-05	3.6626871e-05	0.0	0.0	0.0	0.0	0.0
-19.071	0.015763230000000003	0.00152087832	0.0004365109001	0.00021124496999999997	0.0	0.0	0.0	0.0	0.0
-19.038	0.07284788	0.007027999700000001	0.0020172695439999995	0.0009761706	0.0	0.0	0.0	0.0	0.0
-19.004	0.2697423	0.0260269164	0.007470684793000001	0.003615038	0.0	0.0	0.0	0.0	0.0
-18.971	0.800577	0.07722915100000001	0.022169150630000002	0.010727653999999998	0.0	0.0	0.0	0.0	0.0
-18.937	1.9040740000000003	0.183714446	0.052731999550000005	0.025518068	0.0	0.0	0.0	0.0	0.0
-18.903	3.630107	0.350250653	0.10053313780000002	0.04864881399999999	0.0	0.0	0.0	0.0	0.0
-18.870	5.546972	0.53529437	0.15363181730000006	0.07434328800000002	0.0	0.0	0.0	0.0	0.0
-18.836	6.796984	0.65584264	0.18821774770000005	0.09108121000000001	0.0	0.0	0.0	0.0	0.0
-18.803	6.67427	0.6439847200000001	0.18485052070000002	0.089437156	0.0	0.0	0.0	0.0	0.0
-18.769	5.254795	0.50702704	0.1455314153	0.07041733199999999	0.0	0.0	0.0	0.0	0.0
-18.736	3.316264	0.31995323	0.09183474922999998	0.044442018	0.0	0.0	0.0	0.0	0.0
-18.702	1.677599	0.161856933	0.04646121958999999	0.022482246	0.0	0.0	0.0	0.0	0.0
-18.669	0.680268	0.065635138	0.01883676022	0.009116407000000002	0.0	0.0	0.0	0.0	0.0
-18.635	0.2210732	0.0213286585	0.006121757245000001	0.0029625431	0.0	0.0	0.0	0.0	0.0
-18.601	0.05756878000000001	0.0055555903	0.00159450554	0.0007715706099999998	0.0	0.0	0.0	0.0	0.0
-18.568	0.012016629999999999	0.00115928845	0.0003327266245	0.00016103165	0.0	0.0	0.0	0.0	0.0
-18.534	0.002008968	0.00019383224000000003	5.5642992410000003e-05	2.6924815000000005e-05	0.0	0.0	0.0	0.0	0.0
-18.501	0.0002691237	2.59659299e-05	7.4527323469999995e-06	3.6065601999999995e-06	0.0	0.0	0.0	0.0	0.0
-18.467	2.887437e-05	2.78596529e-06	7.996754920000001e-07	3.8697185999999995e-07	0.0	0.0	0.0	0.0	0.0
-18.434	2.4812199999999998e-06	2.39392409e-07	6.872026677e-08	3.325066099999999e-08	0.0	0.0	0.0	0.0	0.0
-18.400	1.707215e-07	1.6472396300000002e-08	4.728324381e-09	2.2879242e-09	0.0	0.0	0.0	0.0	0.0
-18.366	9.405790000000001e-09	9.073630900000001e-10	2.604460261e-10	1.2604032e-10	0.0	0.0	0.0	0.0	0.0
-18.333	4.147859e-10	4.0021553299999996e-11	1.148683985e-11	5.5586875000000006e-12	0.0	0.0	0.0	0.0	0.0
-18.299	1.4644410000000003e-11	1.41295223e-12	4.055295062999999e-13	1.9626190999999999e-13	0.0	0.0	0.0	0.0	0.0
-18.266	4.141882999999999e-13	3.9957507999999995e-14	1.1469323300000001e-14	5.550588599999998e-15	0.0	0.0	0.0	0.0	0.0
-18.232	8.20079e-15	7.9129797e-16	2.2712792199999997e-16	1.0991466999999999e-16	0.0	0.0	0.0	0.0	0.0
-18.199	0.0	0.0	0.0	0.0	0.0	0.0	0.0	0.0	0.0
-18.165	0.0	0.0	0.0	0.0	0.0	0.0	0.0	0.0	0.0
-18.132	0.0	0.0	0.0	0.0	0.0	0.0	0.0	0.0	0.0
-18.098	0.0	0.0	0.0	0.0	0.0	0.0	0.0	0.0	0.0
-18.064	0.0	0.0	0.0	0.0	0.0	0.0	0.0	0.0	0.0
-18.031	0.0	0.0	0.0	0.0	0.0	0.0	0.0	0.0	0.0
-17.997	0.0	0.0	0.0	0.0	0.0	0.0	0.0	0.0	0.0
-17.964	0.0	0.0	0.0	0.0	0.0	0.0	0.0	0.0	0.0
-17.930	0.0	0.0	0.0	0.0	0.0	0.0	0.0	0.0	0.0
-17.897	0.0	0.0	0.0	0.0	0.0	0.0	0.0	0.0	0.0
-17.863	0.0	0.0	0.0	0.0	0.0	0.0	0.0	0.0	0.0
-17.829	4.01934992e-15	5.59110734e-16	2.48830101e-16	5.489537324999999e-17	0.0	0.0	0.0	0.0	0.0
-17.796	1.9492700899999999e-13	2.71188511e-14	1.2066064100000003e-14	2.6627678520000003e-15	0.0	0.0	0.0	0.0	0.0
-17.762	7.218145369999999e-12	1.00422331e-12	4.4680499999999993e-13	9.859716228999997e-14	0.0	0.0	0.0	0.0	0.0
-17.729	2.1370226900000003e-10	2.97284465e-11	1.3226546299999999e-11	2.9187839400000004e-12	0.0	0.0	0.0	0.0	0.0
-17.695	5.063257750000001e-09	7.04290497e-10	3.13356e-10	6.915922971e-11	0.0	0.0	0.0	0.0	0.0
-17.662	9.603391479999999e-08	1.3360881800000002e-08	5.9443397e-09	1.3118095618e-09	0.0	0.0	0.0	0.0	0.0
-17.628	1.4583679000000001e-06	2.0288879099999997e-07	9.0276729e-08	1.992077961e-08	0.0	0.0	0.0	0.0	0.0
-17.595	1.77331838e-05	2.46705729e-06	1.09773107e-06	2.422274476e-07	0.0	0.0	0.0	0.0	0.0
-17.561	0.000172697475	2.40257534e-05	1.06896052e-05	2.3587535290000005e-06	0.0	0.0	0.0	0.0	0.0
-17.527	0.0013470490239999998	0.00018739179299999997	8.337762399999998e-05	1.839899149e-05	0.0	0.0	0.0	0.0	0.0
-17.494	0.00841621526	0.0011709949300000003	0.0005209547499999999	0.00011496013428999999	0.0	0.0	0.0	0.0	0.0
-17.460	0.04213710169999999	0.0058628541	0.0026083501	0.000575478262	0.0	0.0	0.0	0.0	0.0
-17.427	0.16902079	0.023514804700000003	0.0104620864	0.0023088617930000005	0.0	0.0	0.0	0.0	0.0
-17.393	0.5433147810000001	0.0756005485	0.033636673	0.007422584741999999	0.0	0.0	0.0	0.0	0.0
-17.360	1.4000556910000004	0.19475583	0.086651097	0.01912217702	0.0	0.0	0.0	0.0	0.0
-17.326	2.8911894100000004	0.402155887	0.178938575	0.039487566950000004	0.0	0.0	0.0	0.0	0.0
-17.292	4.78571083	0.665829688	0.29620818900000007	0.06537170893000001	0.0	0.0	0.0	0.0	0.0
-17.259	6.349742460000001	0.8833955099999999	0.3930555130000001	0.08674483560000001	0.0	0.0	0.0	0.0	0.0
-17.225	6.754803260000001	0.93985227	0.4181233910000001	0.09226332964999999	0.0	0.0	0.0	0.0	0.0
-17.192	5.759481569999999	0.8014167600000002	0.35650423000000003	0.07868094968999999	0.0	0.0	0.0	0.0	0.0
-17.158	3.9375902599999995	0.5478331240000001	0.24372487399999998	0.05378459143	0.0	0.0	0.0	0.0	0.0
-17.125	2.1576189300000004	0.300161253	0.13355502499999997	0.029470965610000004	0.0	0.0	0.0	0.0	0.0
-17.091	0.9476365600000001	0.13183883500000002	0.058661281	0.012943869489999999	0.0	0.0	0.0	0.0	0.0
-17.058	0.333596829	0.046409157199999995	0.0206495813	0.004557057241	0.0	0.0	0.0	0.0	0.0
-17.024	0.09412145150000002	0.013093302300000002	0.0058258458	0.0012855450425000002	0.0	0.0	0.0	0.0	0.0
-16.990	0.0212792933	0.00296011268	0.0013170472900000002	0.0002906354031	0.0	0.0	0.0	0.0	0.0
-16.957	0.0038547118799999993	0.000536245792	0.00023858608000000003	5.26479256e-05	0.0	0.0	0.0	0.0	0.0
-16.923	0.000559353722	7.781416200000001e-05	3.46197331e-05	7.640626002e-06	0.0	0.0	0.0	0.0	0.0
-16.890	6.503767810000001e-05	9.0456099e-06	4.0252732400000006e-06	8.881783912e-07	0.0	0.0	0.0	0.0	0.0
-16.856	6.05465391e-06	8.4229396e-07	3.74712456e-07	8.270019163e-08	0.0	0.0	0.0	0.0	0.0
-16.823	4.514020150000001e-07	6.28010591e-08	2.79398378e-08	6.1655179210000004e-09	0.0	0.0	0.0	0.0	0.0
-16.789	2.69489485e-08	3.74920567e-09	1.6679820199999996e-09	3.680997798999999e-10	0.0	0.0	0.0	0.0	0.0
-16.755	1.288023016e-09	1.79174138e-10	7.972263100000002e-11	1.7591790899999997e-11	0.0	0.0	0.0	0.0	0.0
-16.722	4.9275597100000005e-11	6.85528398e-12	3.0504683500000007e-12	6.730716435e-13	0.0	0.0	0.0	0.0	0.0
-16.688	1.5032996099999997e-12	2.0912559199999997e-13	9.304761399999999e-14	2.0534008049999998e-14	0.0	0.0	0.0	0.0	0.0
-16.655	4.0193499200000005e-14	5.59110734e-15	2.48830101e-15	5.489537324999999e-16	0.0	0.0	0.0	0.0	0.0
-16.621	0.0	0.0	0.0	0.0	0.0	0.0	0.0	0.0	0.0
-16.588	0.0	0.0	0.0	0.0	0.0	0.0	0.0	0.0	0.0
-16.554	0.0	0.0	0.0	0.0	0.0	0.0	0.0	0.0	0.0
-16.521	0.0	0.0	0.0	0.0	0.0	0.0	0.0	0.0	0.0
-16.487	0.0	0.0	0.0	0.0	0.0	0.0	0.0	0.0	0.0
-16.453	0.0	0.0	0.0	0.0	0.0	0.0	0.0	0.0	0.0
-16.420	0.0	0.0	0.0	0.0	0.0	0.0	0.0	0.0	0.0
-16.386	0.0	0.0	0.0	0.0	0.0	0.0	0.0	0.0	0.0
-16.353	0.0	0.0	0.0	0.0	0.0	0.0	0.0	0.0	0.0
-16.319	2.8734280200000007e-14	4.04198137e-15	4.080285840000001e-15	8.0900249e-16	0.0	0.0	0.0	0.0	0.0
-16.286	1.18583404e-12	1.66813551e-13	1.6834845500000002e-13	3.3384856e-14	0.0	0.0	0.0	0.0	0.0
-16.252	3.92059607e-11	5.5157974e-12	5.566772539999999e-12	1.1038585300000003e-12	0.0	0.0	0.0	0.0	0.0
-16.218	1.03702491e-09	1.4588838299999998e-10	1.47235517e-10	2.919755609999999e-11	0.0	0.0	0.0	0.0	0.0
-16.185	2.19602028e-08	3.08903354e-09	3.11757778e-09	6.182401639999999e-10	0.0	0.0	0.0	0.0	0.0
-16.151	3.72262453e-07	5.23595667e-08	5.2850883e-08	1.0479088600000001e-08	0.0	0.0	0.0	0.0	0.0
-16.118	5.052065699999999e-06	7.1064047e-07	7.17313322e-07	1.4224286299999996e-07	0.0	0.0	0.0	0.0	0.0
-16.084	5.4909119999999994e-05	7.7231255e-06	7.796534489999999e-06	1.5459614699999997e-06	0.0	0.0	0.0	0.0	0.0
-16.051	0.00047797767000000007	6.7244817e-05	6.785845839999999e-05	1.3456086800000001e-05	0.0	0.0	0.0	0.0	0.0
-16.017	0.00333279313	0.000468859601	0.0004731554589999999	9.383001399999997e-05	0.0	0.0	0.0	0.0	0.0
-15.984	0.0186172143	0.0026186958	0.00264331647	0.000524182969	0.0	0.0	0.0	0.0	0.0
-15.950	0.083333833	0.0117218079	0.011831514999999999	0.0023462103599999995	0.0	0.0	0.0	0.0	0.0
-15.916	0.29889721300000005	0.0420417152	0.0424359994	0.0084151318	0.0	0.0	0.0	0.0	0.0
-15.883	0.85907866	0.12085075900000002	0.1219782599	0.0241872707	0.0	0.0	0.0	0.0	0.0
-15.849	1.979392	0.278415281	0.28098096200000006	0.05572390469999999	0.0	0.0	0.0	0.0	0.0
-15.816	3.65516849	0.5141282349999999	0.518970003	0.102904122	0.0	0.0	0.0	0.0	0.0
-15.782	5.410683699999999	0.76107544	0.768162961	0.152330168	0.0	0.0	0.0	0.0	0.0
-15.749	6.4206537	0.9030775799999999	0.9114933240000002	0.180758452	0.0	0.0	0.0	0.0	0.0
-15.715	6.107694	0.8591576200000001	0.8672225930000002	0.17194043	0.0	0.0	0.0	0.0	0.0
-15.681	4.657866199999999	0.65505876	0.661291899	0.13112744399999998	0.0	0.0	0.0	0.0	0.0
-15.648	2.84707647	0.4004602790000001	0.40421992300000004	0.08015541699999999	0.0	0.0	0.0	0.0	0.0
-15.614	1.3951978399999998	0.19624072700000003	0.198042845	0.0392765245	0.0	0.0	0.0	0.0	0.0
-15.581	0.5479351700000001	0.07708074100000002	0.0777915722	0.0154258446	0.0	0.0	0.0	0.0	0.0
-15.547	0.172472879	0.024259811000000003	0.0244831606	0.00485569459	0.0	0.0	0.0	0.0	0.0
-15.514	0.04350587000000001	0.0061188567	0.006176493210000001	0.0012248876700000002	0.0	0.0	0.0	0.0	0.0
-15.480	0.0087938696	0.0012368656	0.0012485434800000002	0.000247589206	0.0	0.0	0.0	0.0	0.0
-15.447	0.0014241318499999998	0.00020032183100000004	0.00020219155300000002	4.009688870000001e-05	0.0	0.0	0.0	0.0	0.0
-15.413	0.00018477184900000002	2.5989881399999998e-05	2.6234652400000003e-05	5.201768800000001e-06	0.0	0.0	0.0	0.0	0.0
-15.379	1.91994672e-05	2.7005166099999997e-06	2.7263765600000004e-06	5.405500159999999e-07	0.0	0.0	0.0	0.0	0.0
-15.346	1.6007121e-06	2.24884248e-07	2.27209875e-07	4.5286658299999996e-08	0.0	0.0	0.0	0.0	0.0
-15.312	1.6261039999999997e-07	1.7810996000000002e-08	2.1968967999999996e-08	8.94429511e-09	0.0	0.0	0.0	0.0	0.0
-15.279	8.8923227e-07	4.5418121999999996e-08	1.086206763e-07	9.377661069999999e-08	0.0	0.0	0.0	0.0	0.0
-15.245	1.11361307e-05	5.6244293e-07	1.3591851899e-06	1.179944209e-06	0.0	0.0	0.0	0.0	0.0
-15.212	0.00011241360199999999	5.677765400000001e-06	1.3720081595999999e-05	1.1909906080000001e-05	0.0	0.0	0.0	0.0	0.0
-15.178	0.0009088459499999998	4.5903651000000005e-05	0.00011091740945999999	9.62871563e-05	0.0	0.0	0.0	0.0	0.0
-15.144	0.0058865516000000005	0.00029726182	0.0007183648696	0.000623580061	0.0	0.0	0.0	0.0	0.0
-15.111	0.030545079399999994	0.0015425172200000002	0.003727690049	0.0032362363370000004	0.0	0.0	0.0	0.0	0.0
-15.077	0.12700373400000003	0.006414092000000001	0.01549817244	0.01345597381	0.0	0.0	0.0	0.0	0.0
-15.044	0.42317048000000007	0.0213686949	0.0516427793	0.044829607699999996	0.0	0.0	0.0	0.0	0.0
-15.010	1.13015866	0.057068583	0.13791260560000002	0.11976560339999999	0.0	0.0	0.0	0.0	0.0
-14.977	2.4204531	0.12216718500000001	0.295333139	0.2565637929	0.0	0.0	0.0	0.0	0.0
-14.943	4.1607052	0.209801153	0.50750578	0.44158832699999995	0.0	0.0	0.0	0.0	0.0
-14.910	5.7625649999999995	0.28945849	0.7019217999999999	0.614294009	0.0	0.0	0.0	0.0	0.0
-14.876	6.502481	0.32265122999999996	0.788776	0.7033906500000001	0.0	0.0	0.0	0.0	0.0
-14.842	6.201855	0.29582778000000004	0.7423123000000001	0.70081488	0.0	0.0	0.0	0.0	0.0
-14.809	5.496858099999999	0.23551454000000002	0.6357567	0.68843144	0.0	0.0	0.0	0.0	0.0
-14.775	5.266666599999999	0.18416063000000002	0.574497	0.76431854	0.0	0.0	0.0	0.0	0.0
-14.742	5.740429600000001	0.16239577000000002	0.5942061999999999	0.9297209	0.0	0.0	0.0	0.0	0.0
-14.708	6.271177699999999	0.15741412	0.63247597	1.0660783	0.0	0.0	0.0	0.0	0.0
-14.675	6.0178761	0.144361469	0.60128022	1.03996804	0.0	0.0	0.0	0.0	0.0
-14.641	4.7697487	0.112785057	0.4752293900000001	0.8284538	0.0	0.0	0.0	0.0	0.0
-14.607	3.0581948999999993	0.07200074100000001	0.304455206	0.53193297	0.0	0.0	0.0	0.0	0.0
-14.574	1.5760447099999997	0.037057458	0.156861178	0.274255567	0.0	0.0	0.0	0.0	0.0
-14.540	0.651532872	0.0153139674	0.064846006	0.11339580099999999	0.0	0.0	0.0	0.0	0.0
-14.507	0.215910711	0.005075234700000001	0.021488870799999997	0.0375810428	0.0	0.0	0.0	0.0	0.0
-14.473	0.057347623900000005	0.0013478299699999999	0.0057063448	0.009980916	0.0	0.0	0.0	0.0	0.0
-14.440	0.012206056469999997	0.00028685901000000005	0.00121471013	0.00212439321	0.0	0.0	0.0	0.0	0.0
-14.406	0.00208150345	4.8912028999999995e-05	0.000207141672	0.00036223603200000003	0.0	0.0	0.0	0.0	0.0
-14.373	0.000284358926	6.6831572999999995e-06	2.8300260999999997e-05	4.94910249e-05	0.0	0.0	0.0	0.0	0.0
-14.339	3.1117898499999995e-05	7.312768099999998e-07	3.0967989599999998e-06	5.415859139999999e-06	0.0	0.0	0.0	0.0	0.0
-14.305	2.7271331199999996e-06	6.408870799999999e-08	2.71411235e-07	4.7473083800000004e-07	0.0	0.0	0.0	0.0	0.0
-14.272	1.9139293199999996e-07	4.4985317e-09	1.90475558e-08	3.33161299e-08	0.0	0.0	0.0	0.0	0.0
-14.238	1.075322563e-08	2.5275026999999994e-10	1.07025531e-09	1.8716969500000003e-09	0.0	0.0	0.0	0.0	0.0
-14.205	4.83711972e-10	1.13690043e-11	4.81443341e-11	8.41994173e-11	0.0	0.0	0.0	0.0	0.0
-14.171	1.74181617e-11	4.0937688e-13	1.73358687e-12	3.03180618e-12	0.0	0.0	0.0	0.0	0.0
-14.138	4.99322846e-13	1.1735208300000002e-14	4.96924742e-14	8.690424590000001e-14	0.0	0.0	0.0	0.0	0.0
-14.104	1.436953779e-14	3.3773892000000004e-16	1.43002819e-15	2.50102692e-15	0.0	0.0	0.0	0.0	0.0
-14.070	0.0	0.0	0.0	0.0	0.0	0.0	0.0	0.0	0.0
-14.037	0.0	0.0	0.0	0.0	0.0	0.0	0.0	0.0	0.0
-14.003	0.0	0.0	0.0	0.0	0.0	0.0	0.0	0.0	0.0
-13.970	0.0	0.0	0.0	0.0	0.0	0.0	0.0	0.0	0.0
-13.936	0.0	0.0	0.0	0.0	0.0	0.0	0.0	0.0	0.0
-13.903	0.0	0.0	0.0	0.0	0.0	0.0	0.0	0.0	0.0
-13.869	0.0	0.0	0.0	0.0	0.0	0.0	0.0	0.0	0.0
-13.836	0.0	0.0	0.0	0.0	0.0	0.0	0.0	0.0	0.0
-13.802	0.0	0.0	0.0	0.0	0.0	0.0	0.0	0.0	0.0
-13.768	0.0	0.0	0.0	0.0	0.0	0.0	0.0	0.0	0.0
-13.735	0.0	0.0	0.0	0.0	0.0	0.0	0.0	0.0	0.0
-13.701	0.0	0.0	0.0	0.0	0.0	0.0	0.0	0.0	0.0
-13.668	0.0	0.0	0.0	0.0	0.0	0.0	0.0	0.0	0.0
-13.634	0.0	0.0	0.0	0.0	0.0	0.0	0.0	0.0	0.0
-13.601	0.0	0.0	0.0	0.0	0.0	0.0	0.0	0.0	0.0
-13.567	0.0	0.0	0.0	0.0	0.0	0.0	0.0	0.0	0.0
-13.533	0.0	0.0	0.0	0.0	0.0	0.0	0.0	0.0	0.0
-13.500	0.0	0.0	0.0	0.0	0.0	0.0	0.0	0.0	0.0
-13.466	0.0	0.0	0.0	0.0	0.0	0.0	0.0	0.0	0.0
-13.433	0.0	0.0	0.0	0.0	0.0	0.0	0.0	0.0	0.0
-13.399	0.0	0.0	0.0	0.0	0.0	0.0	0.0	0.0	0.0
-13.366	0.0	0.0	0.0	0.0	0.0	0.0	0.0	0.0	0.0
-13.332	0.0	0.0	0.0	0.0	0.0	0.0	0.0	0.0	0.0
-13.299	8.3381802e-16	2.4264783739999995e-16	6.8206814884e-16	5.961414549999999e-16	0.0	0.0	0.0	0.0	0.0
-13.265	2.3346479000000002e-14	6.793374513999999e-15	1.9102373194299998e-14	1.669202357e-14	0.0	0.0	0.0	0.0	0.0
-13.231	9.2889693e-13	2.703292324e-13	7.5986024809e-13	6.640965709999999e-13	0.0	0.0	0.0	0.0	0.0
-13.198	2.9609717999999994e-11	8.617135767999999e-12	2.42252430928e-11	2.11698242e-11	0.0	0.0	0.0	0.0	0.0
-13.164	7.551657299999998e-10	2.1978594090000002e-10	6.178045506799999e-10	5.399949010000001e-10	0.0	0.0	0.0	0.0	0.0
-13.131	1.5420216999999995e-08	4.486778149e-09	1.2616334867100002e-08	1.102551605e-08	0.0	0.0	0.0	0.0	0.0
-13.097	2.5204730000000004e-07	7.335266570000002e-08	2.0620596536499996e-07	1.8019542889999998e-07	0.0	0.0	0.0	0.0	0.0
-13.064	3.2985582e-06	9.598705921999999e-07	2.69882979813e-06	2.35871865e-06	0.0	0.0	0.0	0.0	0.0
-13.030	3.4573733e-05	1.0060712642999998e-05	2.8280981868800004e-05	2.4723221199999998e-05	0.0	0.0	0.0	0.0	0.0
-12.996	0.0002902135900000001	8.445062723999999e-05	0.00023739931252599996	0.000207517591	0.0	0.0	0.0	0.0	0.0
-12.963	0.0019515497999999995	0.0005678525433	0.0015961422197999999	0.0013951973280000001	0.0	0.0	0.0	0.0	0.0
-12.929	0.0105130762	0.0030596577640000003	0.008600460992100002	0.0075172001099999995	0.0	0.0	0.0	0.0	0.0
-12.896	0.04538158200000001	0.013206330204000001	0.03712743200600001	0.032442539500000006	0.0	0.0	0.0	0.0	0.0
-12.862	0.15697443	0.045686104899999996	0.128419484919	0.11223048200000002	0.0	0.0	0.0	0.0	0.0
-12.829	0.4352357	0.12663822829	0.355974565937	0.31117553000000003	0.0	0.0	0.0	0.0	0.0
-12.795	0.96694135	0.2813483646	0.7910274954500001	0.691335607	0.0	0.0	0.0	0.0	0.0
-12.762	1.7220599	0.5011226273	1.4087364158299998	1.231303892	0.0	0.0	0.0	0.0	0.0
-12.728	2.458743600000001	0.7154638632	2.01114202058	1.757842186	0.0	0.0	0.0	0.0	0.0
-12.694	2.8139164000000005	0.8188492775000001	2.30167655673	2.0120109200000003	0.0	0.0	0.0	0.0	0.0
-12.661	2.581550800000001	0.7512459597	2.1119044847099997	1.84586093	0.0	0.0	0.0	0.0	0.0
-12.627	1.8987333	0.5525660858000001	1.55337876289	1.3575848860000002	0.0	0.0	0.0	0.0	0.0
-12.594	1.1195141699999995	0.3257121569	0.9157987834100001	0.8003531199999999	0.0	0.0	0.0	0.0	0.0
-12.560	0.5290636500000001	0.15394739678	0.43280805326099997	0.3782427260000001	0.0	0.0	0.0	0.0	0.0
-12.527	0.20040133999999998	0.05831476074	0.163888696209	0.143281249	0.0	0.0	0.0	0.0	0.0
-12.493	0.06088020300000001	0.017712643139999998	0.04981411242	0.0435101235	0.0	0.0	0.0	0.0	0.0
-12.459	0.015188763999999997	0.00438179006	0.012479689870000005	0.0107420866	0.0	0.0	0.0	0.0	0.0
-12.426	0.0054156840000000005	0.0013229728200000004	0.004766562689999999	0.0031067286	0.0	0.0	0.0	0.0	0.0
-12.392	0.013625728699999997	0.0026484561180000004	0.012894937470000001	0.0057549704	0.0	0.0	0.0	0.0	0.0
-12.359	0.05501965	0.010515979760999999	0.052303980859999995	0.022702218299999997	0.0	0.0	0.0	0.0	0.0
-12.325	0.18375558700000003	0.03510337187	0.17468652258	0.075764361	0.0	0.0	0.0	0.0	0.0
-12.292	0.49225365200000004	0.0940292026	0.468019774	0.20297568400000002	0.0	0.0	0.0	0.0	0.0
-12.258	1.0571573789999997	0.2019182653	1.005053424	0.43587138999999997	0.0	0.0	0.0	0.0	0.0
-12.225	1.8194237400000004	0.3476066048	1.7299959124	0.7503113100000001	0.0	0.0	0.0	0.0	0.0
-12.191	2.51075256	0.4795486122	2.387042657	1.03535154	0.0	0.0	0.0	0.0	0.0
-12.157	2.77695206	0.5304874708	2.6402275989999997	1.14504764	0.0	0.0	0.0	0.0	0.0
-12.124	2.4623880199999997	0.47045731560000004	2.341256125	1.01538496	0.0	0.0	0.0	0.0	0.0
-12.090	1.7504404500000004	0.3343806095	1.6640708728	0.721817	0.0	0.0	0.0	0.0	0.0
-12.057	0.99729428	0.19051314139999997	0.9482200707	0.41124221000000005	0.0	0.0	0.0	0.0	0.0
-12.023	0.45550767	0.08701021585	0.4330617941	0.18781945	0.0	0.0	0.0	0.0	0.0
-11.990	0.166748814	0.031857986229999996	0.1585234757	0.0687575	0.0	0.0	0.0	0.0	0.0
-11.956	0.0489236955	0.009344957953000001	0.04651441385999999	0.020172457699999997	0.0	0.0	0.0	0.0	0.0
-11.922	0.011503626799999998	0.00219760361	0.0109368841	0.0047426412	0.0	0.0	0.0	0.0	0.0
-11.889	0.00218365374	0.0004186950124	0.0020774333019999997	0.00089893479	0.0	0.0	0.0	0.0	0.0
-11.855	0.00047855736	0.00010575045299999999	0.00046653740900000004	0.00018477696	0.0	0.0	0.0	0.0	0.0
-11.822	0.00112889392	0.00031877598319999997	0.001156315798	0.00037536111000000005	0.0	0.0	0.0	0.0	0.0
-11.788	0.006277411400000001	0.001792891147	0.00644733653	0.002069516635	0.0	0.0	0.0	0.0	0.0
-11.755	0.0289523102	0.008269505837	0.029733780359999996	0.009543131589999998	0.0	0.0	0.0	0.0	0.0
-11.721	0.10705121600000002	0.03058250325	0.1099362717	0.035284036743	0.0	0.0	0.0	0.0	0.0
-11.688	0.317235438	0.09061015357	0.32578132800000004	0.10456300491000001	0.0	0.0	0.0	0.0	0.0
-11.654	0.75346091	0.2152408771	0.7738474900000001	0.24833137229000002	0.0	0.0	0.0	0.0	0.0
-11.620	1.4344268200000003	0.4096772896	1.472999403	0.4727153700300001	0.0	0.0	0.0	0.0	0.0
-11.587	2.1890616800000005	0.625292003	2.2479743770000002	0.7214656073999999	0.0	0.0	0.0	0.0	0.0
-11.553	2.677620390000001	0.7648136207	2.7499465370000005	0.8825318981000001	0.0	0.0	0.0	0.0	0.0
-11.520	2.6258655	0.7500457854999999	2.6967458310000003	0.8654972548000001	0.0	0.0	0.0	0.0	0.0
-11.486	2.06421928	0.5896480373000001	2.119985413	0.6804154296	0.0	0.0	0.0	0.0	0.0
-11.453	1.3009947	0.3716636676	1.33603838	0.42878489166000006	0.0	0.0	0.0	0.0	0.0
-11.419	0.65713406	0.1877117138	0.674835473	0.21660516529	0.0	0.0	0.0	0.0	0.0
-11.385	0.26609672800000006	0.07600995363	0.2732558176	0.08770463628999998	0.0	0.0	0.0	0.0	0.0
-11.352	0.08634194199999998	0.024677606380000005	0.08867818439999998	0.02846319528	0.0	0.0	0.0	0.0	0.0
-11.318	0.022504473	0.006508710269999999	0.0231013034	0.007449702669999999	0.0	0.0	0.0	0.0	0.0
-11.285	0.005045455999999999	0.00204756215	0.0051085809000000005	0.0019069595	0.0	0.0	0.0	0.0	0.0
-11.251	0.0030053655000000005	0.0045449337	0.0026396944000000003	0.0024738669	0.0	0.0	0.0	0.0	0.0
-11.218	0.010936665	0.021076445	0.0090550492	0.010828043	0.0	0.0	0.0	0.0	0.0
-11.184	0.04228145	0.08212993	0.03492812	0.04212235522999999	0.0	0.0	0.0	0.0	0.0
-11.151	0.13217679	0.25682557	0.10919157900000001	0.131719732706	0.0	0.0	0.0	0.0	0.0
-11.117	0.33134423999999996	0.64366213	0.27367474999999997	0.33014464842499996	0.0	0.0	0.0	0.0	0.0
-11.083	0.665543	1.2932913300000002	0.5497887400000001	0.6633762539249999	0.0	0.0	0.0	0.0	0.0
-11.050	1.0718385999999998	2.08252842	0.88542467	1.0680065298900001	0.0	0.0	0.0	0.0	0.0
-11.016	1.3836516	2.6883508	1.14298047	1.3787982138000001	0.0	0.0	0.0	0.0	0.0
-10.983	1.4319524000000003	2.7819119999999997	1.1829771199999999	1.4269403666	0.0	0.0	0.0	0.0	0.0
-10.949	1.1888993999999997	2.3081956000000003	0.9820556600000001	1.1842277179999998	0.0	0.0	0.0	0.0	0.0
-10.916	0.7962273	1.53693443	0.65717512	0.790962147	0.0	0.0	0.0	0.0	0.0
-10.882	0.45048520000000003	0.8283429299999999	0.36967702	0.436768072	0.0	0.0	0.0	0.0	0.0
-10.849	0.28859190000000007	0.38745288	0.22932369	0.242743613	0.0	0.0	0.0	0.0	0.0
-10.815	0.38323221999999996	0.23184147300000002	0.28968193	0.24918590100000002	0.0	0.0	0.0	0.0	0.0
-10.781	0.7795605500000001	0.29871855	0.5801516	0.4621955349999999	0.0	0.0	0.0	0.0	0.0
-10.748	1.453415139	0.512634606	1.07944581	0.8500883780000001	0.0	0.0	0.0	0.0	0.0
-10.714	2.20949474	0.771365522	1.64038164	1.2902966790000001	0.0	0.0	0.0	0.0	0.0
-10.681	2.6979859500000005	0.9406580395999999	2.0030525	1.575310152	0.0	0.0	0.0	0.0	0.0
-10.647	2.64216556	0.921466324	1.96149685	1.5429593609999999	0.0	0.0	0.0	0.0	0.0
-10.614	2.07731818	0.7260211169999999	1.5416170500000002	1.2146050990000001	0.0	0.0	0.0	0.0	0.0
-10.580	1.3239528000000003	0.46975348999999994	0.9795875700000001	0.7810161099999999	0.0	0.0	0.0	0.0	0.0
-10.546	0.7320929700000002	0.28649999	0.53064263	0.45764104999999994	0.0	0.0	0.0	0.0	0.0
-10.513	0.49196135199999996	0.2667729	0.3257635	0.37918655	0.0	0.0	0.0	0.0	0.0
-10.479	0.6380036420000001	0.45500999999999997	0.3772441	0.5970266900000001	0.0	0.0	0.0	0.0	0.0
-10.446	1.1022886747	0.8395193	0.6296358	1.08291141	0.0	0.0	0.0	0.0	0.0
-10.412	1.6987761998000004	1.3063857	0.9652571999999999	1.68099796	0.0	0.0	0.0	0.0	0.0
-10.379	2.131444535000001	1.6410852000000002	1.2101893000000001	2.1110144000000006	0.0	0.0	0.0	0.0	0.0
-10.345	2.147913757000001	1.6542682	1.2194875	2.1277577	0.0	0.0	0.0	0.0	0.0
-10.312	1.7363937099999998	1.3381384	0.9858135	1.71984085	0.0	0.0	0.0	0.0	0.0
-10.278	1.1278041000000003	0.8732787	0.6404189	1.11571986	0.0	0.0	0.0	0.0	0.0
-10.244	0.5994033000000001	0.4840685	0.34105785000000005	0.58659921	0.0	0.0	0.0	0.0	0.0
-10.211	0.3013831	0.31702617	0.17405879999999999	0.27154435	0.0	0.0	0.0	0.0	0.0
-10.177	0.25773143	0.4556658999999999	0.15524661999999997	0.17348723	0.0	0.0	0.0	0.0	0.0
-10.144	0.4504671	0.97136897	0.27748896	0.24762715999999999	0.0	0.0	0.0	0.0	0.0
-10.110	0.8391049800000001	1.8615143799999998	0.51863439	0.44470614999999997	0.0	0.0	0.0	0.0	0.0
-10.077	1.302402834	2.898628	0.8052871709999998	0.6872074899999999	0.0	0.0	0.0	0.0	0.0
-10.043	1.627695852	3.6235833	1.006465966	0.8584239600000001	0.0	0.0	0.0	0.0	0.0
-10.009	1.6314186429999995	3.6321953000000002	1.00880081	0.86029908	0.0	0.0	0.0	0.0	0.0
-9.976	1.310894855	2.9185765	0.8105627540000001	0.6912649000000001	0.0	0.0	0.0	0.0	0.0
-9.942	0.8443678816	1.88011248	0.5221123169999999	0.4452896679999999	0.0	0.0	0.0	0.0	0.0
-9.909	0.43609356030000007	0.97065859	0.26971817070000004	0.229978223	0.0	0.0	0.0	0.0	0.0
-9.875	0.181276688	0.40201052	0.1121524884	0.095559906	0.0	0.0	0.0	0.0	0.0
-9.842	0.064835852	0.134699061	0.0404334317	0.033969469	0.0	0.0	0.0	0.0	0.0
-9.808	0.04000623099999999	0.042391006	0.026393175900000003	0.020022119999999997	0.0	0.0	0.0	0.0	0.0
-9.775	0.096834659	0.0345717483	0.06630024400000001	0.046898066	0.0	0.0	0.0	0.0	0.0
-9.741	0.29103708000000006	0.0852997819	0.19993323999999996	0.140520799	0.0	0.0	0.0	0.0	0.0
-9.707	0.7236900399999999	0.2094402608	0.497211232	0.349319218	0.0	0.0	0.0	0.0	0.0
-9.674	1.4447988000000003	0.41786068818	0.99272002	0.69744532	0.0	0.0	0.0	0.0	0.0
-9.640	2.3124471000000004	0.6688888082900001	1.58899071	1.1163470629999999	0.0	0.0	0.0	0.0	0.0
-9.607	2.9670513	0.85822377397	2.03858738	1.43208271	0.0	0.0	0.0	0.0	0.0
-9.573	3.0519596	0.8826480943899999	2.09686752	1.4733402820000001	0.0	0.0	0.0	0.0	0.0
-9.540	2.5181283	0.7284801092000001	1.72968312	1.216244245	0.0	0.0	0.0	0.0	0.0
-9.506	1.6728399000000003	0.48516841480000006	1.14724477	0.812477791	0.0	0.0	0.0	0.0	0.0
-9.472	0.9234248399999999	0.27310547599999996	0.62499579	0.467611746	0.0	0.0	0.0	0.0	0.0
-9.439	0.5202127699999999	0.17144086000000003	0.32486191	0.32678628000000004	0.0	0.0	0.0	0.0	0.0
-9.405	0.53220194	0.21215506999999997	0.27540541	0.46680109000000003	0.0	0.0	0.0	0.0	0.0
-9.372	0.93448105	0.39973084999999997	0.4414156	0.9175523900000001	0.0	0.0	0.0	0.0	0.0
-9.338	1.61033367	0.6963064289999998	0.74893043	1.6082071800000002	0.0	0.0	0.0	0.0	0.0
-9.305	2.28989521	0.9914517610999999	1.0630965700000001	2.2918202599999997	0.0	0.0	0.0	0.0	0.0
-9.271	2.6199288240000005	1.1345314906	1.2160311099999999	2.6229082200000002	0.0	0.0	0.0	0.0	0.0
-9.238	2.404076106	1.04117627036	1.1157674000000002	2.40683039	0.0	0.0	0.0	0.0	0.0
-9.204	1.7684949840000004	0.76595857676	0.82077517	1.770574	0.0	0.0	0.0	0.0	0.0
-9.170	1.042895827	0.45166768944	0.48395356	1.04404669	0.0	0.0	0.0	0.0	0.0
-9.137	0.49292206590000004	0.21347639888999997	0.22878267	0.49344588999999994	0.0	0.0	0.0	0.0	0.0
-9.103	0.18676072740000002	0.080882091962	0.08666862	0.18696264699999998	0.0	0.0	0.0	0.0	0.0
-9.070	0.05670929955000001	0.024561550344	0.02631826	0.056768471	0.0	0.0	0.0	0.0	0.0
-9.036	0.01379904584	0.005976343933	0.006404630700000001	0.013813784499999997	0.0	0.0	0.0	0.0	0.0
-9.003	0.00270326204	0.001170382893	0.0012566100199999995	0.0026991194000000004	0.0	0.0	0.0	0.0	0.0
-8.969	0.0005411313	0.00023088925	0.00027033974	0.0004745092	0.0	0.0	0.0	0.0	0.0
-8.935	0.0009576948000000001	0.00038879648	0.000588118	0.00045469074	0.0	0.0	0.0	0.0	0.0
-8.902	0.005433805000000001	0.002197243239	0.00338334869	0.0024163503099999995	0.0	0.0	0.0	0.0	0.0
-8.868	0.026084218999999995	0.010547619228999999	0.0162469731	0.0115863796	0.0	0.0	0.0	0.0	0.0
-8.835	0.10043811000000001	0.04061702464	0.062561972	0.044610242	0.0	0.0	0.0	0.0	0.0
-8.801	0.30994899	0.12532615651	0.19304912000000002	0.137675629	0.0	0.0	0.0	0.0	0.0
-8.768	0.7666596999999999	0.310075152	0.47760011999999996	0.34060120999999993	0.0	0.0	0.0	0.0	0.0
-8.734	1.5210373000000001	0.6148941896	0.94739381	0.67628895	0.0	0.0	0.0	0.0	0.0
-8.701	2.4225430000000006	0.9789438131	1.5089379900000002	1.0797876599999998	0.0	0.0	0.0	0.0	0.0
-8.667	3.111624	1.255377455	1.9385516599999997	1.39881588	0.0	0.0	0.0	0.0	0.0
-8.633	3.268798799999999	1.311957315	2.037725	1.5111195	0.0	0.0	0.0	0.0	0.0
-8.600	2.9359229000000004	1.1590484300000004	1.8336617999999998	1.4724627	0.0	0.0	0.0	0.0	0.0
-8.566	2.5197138	0.95485503	1.5811608000000001	1.5033265999999998	0.0	0.0	0.0	0.0	0.0
-8.533	2.4097218000000002	0.8572919699999999	1.5222027	1.7722545	0.0	0.0	0.0	0.0	0.0
-8.499	2.6049302	0.88232327	1.6540812	2.1856315000000004	0.0	0.0	0.0	0.0	0.0
-8.466	2.7495484	0.91252428	1.7492592999999999	2.4291634999999996	0.0	0.0	0.0	0.0	0.0
-8.432	2.5191423000000004	0.83935664	1.6015258	2.255783	0.0	0.0	0.0	0.0	0.0
-8.398	1.9427563	0.6828986399999999	1.2269145000000001	1.7192729999999998	0.0	0.0	0.0	0.0	0.0
-8.365	1.3623051000000004	0.5924327	0.83470493	1.1179673	0.0	0.0	0.0	0.0	0.0
-8.331	1.1434852	0.74606604	0.64404635	0.7432678	0.0	0.0	0.0	0.0	0.0
-8.298	1.4299122600000003	1.22532931	0.73885814	0.6995921	0.0	0.0	0.0	0.0	0.0
-8.264	2.0592527599999997	1.91016498	1.03009153	0.8916469	0.0	0.0	0.0	0.0	0.0
-8.231	2.6457406000000003	2.47989419	1.3146741	1.1185219000000002	0.0	0.0	0.0	0.0	0.0
-8.197	2.8404134999999995	2.60528561	1.4117194	1.2171835	0.0	0.0	0.0	0.0	0.0
-8.164	2.6328980000000004	2.2130620299999997	1.3151677999999998	1.1969046	0.0	0.0	0.0	0.0	0.0
-8.130	2.4127840000000003	1.5485774	1.2190262	1.2494064999999999	0.0	0.0	0.0	0.0	0.0
-8.096	2.6695510000000002	0.9572129	1.3626559999999999	1.5880048	0.0	0.0	0.0	0.0	0.0
-8.063	3.5907750000000007	0.6291144	1.8266665999999998	2.2320206	0.0	0.0	0.0	0.0	0.0
-8.029	4.896158000000001	0.54055781	2.4536925000000003	2.9379719	0.0	0.0	0.0	0.0	0.0
-7.996	6.012207	0.55970211	2.9522898	3.3549488999999997	0.0	0.0	0.0	0.0	0.0
-7.962	6.442920999999999	0.56587308	3.0913345999999997	3.2752689	0.0	0.0	0.0	0.0	0.0
-7.929	6.112459999999999	0.50360184	2.8559286999999998	2.7674138	0.0	0.0	0.0	0.0	0.0
-7.895	5.443113999999999	0.38282675	2.4612292	2.1049396000000002	0.0	0.0	0.0	0.0	0.0
-7.861	5.020711000000001	0.24917973	2.18414111	1.5689498	0.0	0.0	0.0	0.0	0.0
-7.828	5.046232900000001	0.14391363499999998	2.12432251	1.2717886000000003	0.0	0.0	0.0	0.0	0.0
-7.794	5.124968099999999	0.07999255599999999	2.11828185	1.12440946	0.0	0.0	0.0	0.0	0.0
-7.761	4.691584460000001	0.047199078	1.924571525	0.9672597300000001	0.0	0.0	0.0	0.0	0.0
-7.727	3.6106444800000004	0.032982667	1.47698422	0.72870732	0.0	0.0	0.0	0.0	0.0
-7.694	2.273505879999999	0.041304035999999995	0.9289014600000001	0.46263076299999994	0.0	0.0	0.0	0.0	0.0
-7.660	1.1837356740000002	0.11048872000000001	0.482452952	0.270171362	0.0	0.0	0.0	0.0	0.0
-7.627	0.588952647	0.33454469	0.236963166	0.22818997600000002	0.0	0.0	0.0	0.0	0.0
-7.593	0.470633207	0.8572913000000001	0.1828677032	0.38052666599999996	0.0	0.0	0.0	0.0	0.0
-7.559	0.6999499369999997	1.7734972	0.266457852	0.733201145	0.0	0.0	0.0	0.0	0.0
-7.526	1.1042025709999999	2.9430457	0.41884421850000003	1.2055589310000001	0.0	0.0	0.0	0.0	0.0
-7.492	1.4595350090000003	3.9154950000000004	0.553197097	1.6024696343	0.0	0.0	0.0	0.0	0.0
-7.459	1.5554290169999998	4.176108	0.589510778	1.7083787494300002	0.0	0.0	0.0	0.0	0.0
-7.425	1.3296883700000002	3.5705503	0.503978448	1.461060847107	0.0	0.0	0.0	0.0	0.0
-7.392	0.911334089	2.4472211	0.345416814	1.0010798876459999	0.0	0.0	0.0	0.0	0.0
-7.358	0.5006834806999999	1.3443897	0.1897941488	0.5500842789950001	0.0	0.0	0.0	0.0	0.0
-7.324	0.2205023382	0.5921248	0.0835759385	0.24227067518749998	0.0	0.0	0.0	0.0	0.0
-7.291	0.07782354590000001	0.20898853	0.029508469420000003	0.0854974685165	0.0	0.0	0.0	0.0	0.0
-7.257	0.02201785437	0.059126019999999994	0.008345090419999998	0.0241867930586	0.0	0.0	0.0	0.0	0.0
-7.224	0.004990912381000001	0.013400615	0.0018917945660000002	0.0054822891117499994	0.0	0.0	0.0	0.0	0.0
-7.190	0.0009063968910000002	0.0024342164	0.00034352404039999997	0.000995808963789	0.0	0.0	0.0	0.0	0.0
-7.157	0.0001319081003	0.00035422016	5.0002675000000007e-05	0.00014490876291130001	0.0	0.0	0.0	0.0	0.0
-7.123	1.537521648e-05	4.12876e-05	5.82806854e-06	1.689327610696e-05	0.0	0.0	0.0	0.0	0.0
-7.090	1.435327057e-06	3.854227e-06	5.44078777e-07	1.576695652716e-06	0.0	0.0	0.0	0.0	0.0
-7.056	1.073037954e-07	2.8813778e-07	4.067921153999999e-08	1.1787924150809999e-07	0.0	0.0	0.0	0.0	0.0
-7.022	6.423616139999998e-09	1.7248209e-08	2.4345189510000002e-09	7.05618454326e-09	0.0	0.0	0.0	0.0	0.0
-6.989	3.0782058610000003e-10	8.264958e-10	1.16676246e-10	3.381574439396999e-10	0.0	0.0	0.0	0.0	0.0
-6.955	1.1805991640000007e-11	3.1703336e-11	4.475408161e-12	1.2969750391699998e-11	0.0	0.0	0.0	0.0	0.0
-6.922	3.625326325e-13	9.735047e-13	1.374126301e-13	3.982077986356e-13	0.0	0.0	0.0	0.0	0.0
-6.888	9.6366925e-15	2.6530419000000002e-14	3.8544227e-15	1.2450721565000002e-14	0.0	0.0	0.0	0.0	0.0
-6.855	1.7859254470000002e-14	7.800922370000001e-14	1.6043992170000003e-14	1.0540669269e-13	0.0	0.0	0.0	0.0	0.0
-6.821	6.632497160000002e-13	2.8964566959999994e-12	5.959311539999999e-13	3.913510735e-12	0.0	0.0	0.0	0.0	0.0
-6.787	1.9693787430000003e-11	8.60221371e-11	1.769714798e-11	1.1623763072e-10	0.0	0.0	0.0	0.0	0.0
-6.754	4.682072485999999e-10	2.044464687e-09	4.20693076e-10	2.762364963e-09	0.0	0.0	0.0	0.0	0.0
-6.720	8.909408709999998e-09	3.891063074e-08	8.003901409999998e-09	5.2568040589999996e-08	0.0	0.0	0.0	0.0	0.0
-6.687	1.3575889380000001e-07	5.927816370000001e-07	1.2193380490000002e-07	8.008995361e-07	0.0	0.0	0.0	0.0	0.0
-6.653	1.6553774020000003e-06	7.23122576e-06	1.487331497e-06	9.769487174000001e-06	0.0	0.0	0.0	0.0	0.0
-6.620	1.617561727e-05	7.06433632e-05	1.4536809699999999e-05	9.544415968e-05	0.0	0.0	0.0	0.0	0.0
-6.586	0.0001265913413	0.000552756235	0.00011371024219999999	0.0007468384015	0.0	0.0	0.0	0.0	0.0
-6.553	0.000793363107	0.0034644955689999996	0.0007127241720000002	0.004681213267999998	0.0	0.0	0.0	0.0	0.0
-6.519	0.003983915994	0.0173989312	0.003579175838	0.023508115584999996	0.0	0.0	0.0	0.0	0.0
-6.485	0.016037919720000002	0.0700284974	0.01440160005	0.09460799020999998	0.0	0.0	0.0	0.0	0.0
-6.452	0.05170666768	0.22584243450000002	0.046460134699999996	0.30507764439999996	0.0	0.0	0.0	0.0	0.0
-6.418	0.13363261720000003	0.583699797	0.1200698323	0.7885627714999999	0.0	0.0	0.0	0.0	0.0
-6.385	0.276807546	1.2091122989999998	0.2487220818	1.6338769926000003	0.0	0.0	0.0	0.0	0.0
-6.351	0.4597841811	2.008173774	0.413006495	2.71261123	0.0	0.0	0.0	0.0	0.0
-6.318	0.612001086	2.673142417	0.549800495	3.6115476319999997	0.0	0.0	0.0	0.0	0.0
-6.284	0.6530812619999999	2.8520479990000003	0.5867352480000001	3.8535502249999998	0.0	0.0	0.0	0.0	0.0
-6.250	0.5586458174	2.440122451	0.501922369	3.2961067710000003	0.0	0.0	0.0	0.0	0.0
-6.217	0.383061939	1.673087718	0.3442167378	2.2603659755999996	0.0	0.0	0.0	0.0	0.0
-6.183	0.21060373880000002	0.9197259580000001	0.18915386180000002	1.2426623569	0.0	0.0	0.0	0.0	0.0
-6.150	0.09278806500000003	0.40524659600000007	0.083359862	0.5474957967999998	0.0	0.0	0.0	0.0	0.0
-6.116	0.032767349150000014	0.1431089644	0.02943656526	0.19335386705000002	0.0	0.0	0.0	0.0	0.0
-6.083	0.009273797860000002	0.04050704637	0.008332079680000002	0.05472648052	0.0	0.0	0.0	0.0	0.0
-6.049	0.0021036126639999994	0.009187011360000002	0.001890157202	0.012414999205	0.0	0.0	0.0	0.0	0.0
-6.016	0.0003822843115000001	0.0016693082610000002	0.00034336683379999997	0.0022557632357	0.0	0.0	0.0	0.0	0.0
-5.982	5.5649739770000014e-05	0.00024302318420000001	4.9993865599999996e-05	0.00032835946	0.0	0.0	0.0	0.0	0.0
-5.948	6.489476550000001e-06	2.8346144040000003e-05	5.8301600899999995e-06	3.82970505e-05	0.0	0.0	0.0	0.0	0.0
-5.915	6.062197819999999e-07	2.6476218370000006e-06	5.44572529e-07	3.5764975849999996e-06	0.0	0.0	0.0	0.0	0.0
-5.881	4.533956530999999e-08	1.97981977e-07	4.0740122099999994e-08	2.675335449e-07	0.0	0.0	0.0	0.0	0.0
-5.848	2.7152617780000006e-09	1.185914624e-08	2.439817606e-09	1.6022440036999995e-08	0.0	0.0	0.0	0.0	0.0
-5.814	1.3022754960000003e-10	5.685568299999999e-10	1.1695808740000003e-10	7.682054664999999e-10	0.0	0.0	0.0	0.0	0.0
-5.781	4.996105568e-12	2.182002406e-11	4.489409200000001e-12	2.9478453150000005e-11	0.0	0.0	0.0	0.0	0.0
-5.747	1.5334777930000002e-13	6.69861169e-13	1.377992874e-13	9.051339986999999e-13	0.0	0.0	0.0	0.0	0.0
-5.713	3.883269169999998e-15	1.695894533e-14	3.4884267870000006e-15	2.2908744274999997e-14	0.0	0.0	0.0	0.0	0.0
-5.680	0.0	0.0	0.0	0.0	0.0	0.0	0.0	0.0	0.0
-5.646	0.0	0.0	0.0	0.0	0.0	0.0	0.0	0.0	0.0
-5.613	0.0	0.0	0.0	0.0	0.0	0.0	0.0	0.0	0.0
-5.579	0.0	0.0	0.0	0.0	0.0	0.0	0.0	0.0	0.0
-5.546	0.0	0.0	0.0	0.0	0.0	0.0	0.0	0.0	0.0
-5.512	0.0	0.0	0.0	0.0	0.0	0.0	0.0	0.0	0.0
-5.479	0.0	0.0	0.0	0.0	0.0	0.0	0.0	0.0	0.0
-5.445	0.0	0.0	0.0	0.0	0.0	0.0	0.0	0.0	0.0
-5.411	0.0	0.0	0.0	0.0	0.0	0.0	0.0	0.0	0.0
-5.378	0.0	0.0	0.0	0.0	0.0	0.0	0.0	0.0	0.0
-5.344	0.0	0.0	0.0	0.0	0.0	0.0	0.0	0.0	0.0
-5.311	0.0	0.0	0.0	0.0	0.0	0.0	0.0	0.0	0.0
-5.277	0.0	0.0	0.0	0.0	0.0	0.0	0.0	0.0	0.0
-5.244	0.0	0.0	0.0	0.0	0.0	0.0	0.0	0.0	0.0
-5.210	0.0	0.0	0.0	0.0	0.0	0.0	0.0	0.0	0.0
-5.176	0.0	0.0	0.0	0.0	0.0	0.0	0.0	0.0	0.0
-5.143	0.0	0.0	0.0	0.0	0.0	0.0	0.0	0.0	0.0
-5.109	0.0	0.0	0.0	0.0	0.0	0.0	0.0	0.0	0.0
-5.076	0.0	0.0	0.0	0.0	0.0	0.0	0.0	0.0	0.0
-5.042	0.0	0.0	0.0	0.0	0.0	0.0	0.0	0.0	0.0
-5.009	0.0	0.0	0.0	0.0	0.0	0.0	0.0	0.0	0.0
-4.975	0.0	0.0	0.0	0.0	0.0	0.0	0.0	0.0	0.0
-4.942	0.0	0.0	0.0	0.0	0.0	0.0	0.0	0.0	0.0
-4.908	0.0	0.0	0.0	0.0	0.0	0.0	0.0	0.0	0.0
-4.874	0.0	0.0	0.0	0.0	0.0	0.0	0.0	0.0	0.0
-4.841	0.0	0.0	0.0	0.0	0.0	0.0	0.0	0.0	0.0
-4.807	0.0	0.0	0.0	0.0	0.0	0.0	0.0	0.0	0.0
-4.774	0.0	0.0	0.0	0.0	0.0	0.0	0.0	0.0	0.0
-4.740	0.0	0.0	0.0	0.0	0.0	0.0	0.0	0.0	0.0
-4.707	0.0	0.0	0.0	0.0	0.0	0.0	0.0	0.0	0.0
-4.673	0.0	0.0	0.0	0.0	0.0	0.0	0.0	0.0	0.0
-4.639	0.0	0.0	0.0	0.0	0.0	0.0	0.0	0.0	0.0
-4.606	0.0	0.0	0.0	0.0	0.0	0.0	0.0	0.0	0.0
-4.572	0.0	0.0	0.0	0.0	0.0	0.0	0.0	0.0	0.0
-4.539	0.0	0.0	0.0	0.0	0.0	0.0	0.0	0.0	0.0
-4.505	0.0	0.0	0.0	0.0	0.0	0.0	0.0	0.0	0.0
-4.472	0.0	0.0	0.0	0.0	0.0	0.0	0.0	0.0	0.0
-4.438	0.0	0.0	0.0	0.0	0.0	0.0	0.0	0.0	0.0
-4.405	0.0	0.0	0.0	0.0	0.0	0.0	0.0	0.0	0.0
-4.371	0.0	0.0	0.0	0.0	0.0	0.0	0.0	0.0	0.0
-4.337	0.0	0.0	0.0	0.0	0.0	0.0	0.0	0.0	0.0
-4.304	0.0	0.0	0.0	0.0	0.0	0.0	0.0	0.0	0.0
-4.270	0.0	0.0	0.0	0.0	0.0	0.0	0.0	0.0	0.0
-4.237	0.0	0.0	0.0	0.0	0.0	0.0	0.0	0.0	0.0
-4.203	0.0	0.0	0.0	0.0	0.0	0.0	0.0	0.0	0.0
-4.170	0.0	0.0	0.0	0.0	0.0	0.0	0.0	0.0	0.0
-4.136	0.0	0.0	0.0	0.0	0.0	0.0	0.0	0.0	0.0
-4.102	0.0	0.0	0.0	0.0	0.0	0.0	0.0	0.0	0.0
-4.069	0.0	0.0	0.0	0.0	0.0	0.0	0.0	0.0	0.0
-4.035	0.0	0.0	0.0	0.0	0.0	0.0	0.0	0.0	0.0
-4.002	0.0	0.0	0.0	0.0	0.0	0.0	0.0	0.0	0.0
-3.968	0.0	0.0	0.0	0.0	0.0	0.0	0.0	0.0	0.0
-3.935	0.0	0.0	0.0	0.0	0.0	0.0	0.0	0.0	0.0
-3.901	0.0	0.0	0.0	0.0	0.0	0.0	0.0	0.0	0.0
-3.868	0.0	0.0	0.0	0.0	0.0	0.0	0.0	0.0	0.0
-3.834	0.0	0.0	0.0	0.0	0.0	0.0	0.0	0.0	0.0
-3.800	0.0	0.0	0.0	0.0	0.0	0.0	0.0	0.0	0.0
-3.767	0.0	0.0	0.0	0.0	0.0	0.0	0.0	0.0	0.0
-3.733	0.0	0.0	0.0	0.0	0.0	0.0	0.0	0.0	0.0
-3.700	0.0	0.0	0.0	0.0	0.0	0.0	0.0	0.0	0.0
-3.666	0.0	0.0	0.0	0.0	0.0	0.0	0.0	0.0	0.0
-3.633	0.0	0.0	0.0	0.0	0.0	0.0	0.0	0.0	0.0
-3.599	0.0	0.0	0.0	0.0	0.0	0.0	0.0	0.0	0.0
-3.565	0.0	0.0	0.0	0.0	0.0	0.0	0.0	0.0	0.0
-3.532	0.0	0.0	0.0	0.0	0.0	0.0	0.0	0.0	0.0
-3.498	0.0	0.0	0.0	0.0	0.0	0.0	0.0	0.0	0.0
-3.465	0.0	0.0	0.0	0.0	0.0	0.0	0.0	0.0	0.0
-3.431	0.0	0.0	0.0	0.0	0.0	0.0	0.0	0.0	0.0
-3.398	0.0	0.0	0.0	0.0	0.0	0.0	0.0	0.0	0.0
-3.364	0.0	0.0	0.0	0.0	0.0	0.0	0.0	0.0	0.0
-3.331	0.0	0.0	0.0	0.0	0.0	0.0	0.0	0.0	0.0
-3.297	0.0	0.0	0.0	0.0	0.0	0.0	0.0	0.0	0.0
-3.263	0.0	0.0	0.0	0.0	0.0	0.0	0.0	0.0	0.0
-3.230	0.0	0.0	0.0	0.0	0.0	0.0	0.0	0.0	0.0
-3.196	0.0	0.0	0.0	0.0	0.0	0.0	0.0	0.0	0.0
-3.163	0.0	0.0	0.0	0.0	0.0	0.0	0.0	0.0	0.0
-3.129	0.0	0.0	0.0	0.0	0.0	0.0	0.0	0.0	0.0
-3.096	0.0	0.0	0.0	0.0	0.0	0.0	0.0	0.0	0.0
-3.062	0.0	0.0	0.0	0.0	0.0	0.0	0.0	0.0	0.0
-3.028	0.0	0.0	0.0	0.0	0.0	0.0	0.0	0.0	0.0
-2.995	0.0	0.0	0.0	0.0	0.0	0.0	0.0	0.0	0.0
-2.961	0.0	0.0	0.0	0.0	0.0	0.0	0.0	0.0	0.0
-2.928	0.0	0.0	0.0	0.0	0.0	0.0	0.0	0.0	0.0
-2.894	0.0	0.0	0.0	0.0	0.0	0.0	0.0	0.0	0.0
-2.861	0.0	0.0	0.0	0.0	0.0	0.0	0.0	0.0	0.0
-2.827	0.0	0.0	0.0	0.0	0.0	0.0	0.0	0.0	0.0
-2.794	0.0	0.0	0.0	0.0	0.0	0.0	0.0	0.0	0.0
-2.760	0.0	0.0	0.0	0.0	0.0	0.0	0.0	0.0	0.0
-2.726	0.0	0.0	0.0	0.0	0.0	0.0	0.0	0.0	0.0
-2.693	0.0	0.0	0.0	0.0	0.0	0.0	0.0	0.0	0.0
-2.659	0.0	0.0	0.0	0.0	0.0	0.0	0.0	0.0	0.0
-2.626	0.0	0.0	0.0	0.0	0.0	0.0	0.0	0.0	0.0
-2.592	0.0	0.0	0.0	0.0	0.0	0.0	0.0	0.0	0.0
-2.559	0.0	0.0	0.0	0.0	0.0	0.0	0.0	0.0	0.0
-2.525	0.0	0.0	0.0	0.0	0.0	0.0	0.0	0.0	0.0
-2.491	0.0	0.0	0.0	0.0	0.0	0.0	0.0	0.0	0.0
-2.458	0.0	0.0	0.0	0.0	0.0	0.0	0.0	0.0	0.0
-2.424	0.0	0.0	0.0	0.0	0.0	0.0	0.0	0.0	0.0
-2.391	0.0	0.0	0.0	0.0	0.0	0.0	0.0	0.0	0.0
-2.357	0.0	0.0	0.0	0.0	0.0	0.0	0.0	0.0	0.0
-2.324	0.0	0.0	0.0	0.0	0.0	0.0	0.0	0.0	0.0
-2.290	0.0	0.0	0.0	0.0	0.0	0.0	0.0	0.0	0.0
-2.257	0.0	0.0	0.0	0.0	0.0	0.0	0.0	0.0	0.0
-2.223	0.0	0.0	0.0	0.0	0.0	0.0	0.0	0.0	0.0
-2.189	0.0	0.0	0.0	0.0	0.0	0.0	0.0	0.0	0.0
-2.156	0.0	0.0	0.0	0.0	0.0	0.0	0.0	0.0	0.0
-2.122	0.0	0.0	0.0	0.0	0.0	0.0	0.0	0.0	0.0
-2.089	0.0	0.0	0.0	0.0	0.0	0.0	0.0	0.0	0.0
-2.055	0.0	0.0	0.0	0.0	0.0	0.0	0.0	0.0	0.0
-2.022	0.0	0.0	0.0	0.0	0.0	0.0	0.0	0.0	0.0
-1.988	0.0	0.0	0.0	0.0	0.0	0.0	0.0	0.0	0.0
-1.954	0.0	0.0	0.0	0.0	0.0	0.0	0.0	0.0	0.0
-1.921	0.0	0.0	0.0	0.0	0.0	0.0	0.0	0.0	0.0
-1.887	0.0	0.0	0.0	0.0	0.0	0.0	0.0	0.0	0.0
-1.854	0.0	0.0	0.0	0.0	0.0	0.0	0.0	0.0	0.0
-1.820	0.0	0.0	0.0	0.0	0.0	0.0	0.0	0.0	0.0
-1.787	0.0	0.0	0.0	0.0	0.0	0.0	0.0	0.0	0.0
-1.753	0.0	0.0	0.0	0.0	0.0	0.0	0.0	0.0	0.0
-1.720	0.0	0.0	0.0	0.0	0.0	0.0	0.0	0.0	0.0
-1.686	0.0	0.0	0.0	0.0	0.0	0.0	0.0	0.0	0.0
-1.652	0.0	0.0	0.0	0.0	0.0	0.0	0.0	0.0	0.0
-1.619	0.0	0.0	0.0	0.0	0.0	0.0	0.0	0.0	0.0
-1.585	0.0	0.0	0.0	0.0	0.0	0.0	0.0	0.0	0.0
-1.552	0.0	0.0	0.0	0.0	0.0	0.0	0.0	0.0	0.0
-1.518	0.0	0.0	0.0	0.0	0.0	0.0	0.0	0.0	0.0
-1.485	0.0	0.0	0.0	0.0	0.0	0.0	0.0	0.0	0.0
-1.451	0.0	0.0	0.0	0.0	0.0	0.0	0.0	0.0	0.0
-1.417	0.0	0.0	0.0	0.0	0.0	0.0	0.0	0.0	0.0
-1.384	0.0	0.0	0.0	0.0	0.0	0.0	0.0	0.0	0.0
-1.350	0.0	0.0	0.0	0.0	0.0	0.0	0.0	0.0	0.0
-1.317	0.0	0.0	0.0	0.0	0.0	0.0	0.0	0.0	0.0
-1.283	0.0	0.0	0.0	0.0	0.0	0.0	0.0	0.0	0.0
-1.250	0.0	0.0	0.0	0.0	0.0	0.0	0.0	0.0	0.0
-1.216	0.0	0.0	0.0	0.0	0.0	0.0	0.0	0.0	0.0
-1.183	0.0	0.0	0.0	0.0	0.0	0.0	0.0	0.0	0.0
-1.149	0.0	0.0	0.0	0.0	0.0	0.0	0.0	0.0	0.0
-1.115	0.0	0.0	0.0	0.0	0.0	0.0	0.0	0.0	0.0
-1.082	0.0	0.0	0.0	0.0	0.0	0.0	0.0	0.0	0.0
-1.048	0.0	0.0	0.0	0.0	0.0	0.0	0.0	0.0	0.0
-1.015	0.0	0.0	0.0	0.0	0.0	0.0	0.0	0.0	0.0
-0.981	0.0	0.0	0.0	0.0	0.0	0.0	0.0	0.0	0.0
-0.948	0.0	0.0	0.0	0.0	0.0	0.0	0.0	0.0	0.0
-0.914	0.0	0.0	0.0	0.0	0.0	0.0	0.0	0.0	0.0
-0.880	0.0	0.0	0.0	0.0	0.0	0.0	0.0	0.0	0.0
-0.847	0.0	0.0	0.0	0.0	0.0	0.0	0.0	0.0	0.0
-0.813	0.0	0.0	0.0	0.0	0.0	0.0	0.0	0.0	0.0
-0.780	0.0	0.0	0.0	0.0	0.0	0.0	0.0	0.0	0.0
-0.746	0.0	0.0	0.0	0.0	0.0	0.0	0.0	0.0	0.0
-0.713	0.0	0.0	0.0	0.0	0.0	0.0	0.0	0.0	0.0
-0.679	0.0	0.0	0.0	0.0	0.0	0.0	0.0	0.0	0.0
-0.646	9.507018600000001e-16	1.2410142e-16	1.769807e-15	1.331501e-15	0.0	0.0	0.0	0.0	0.0
-0.612	3.688578900000001e-14	4.815345e-15	6.8661e-14	5.166768e-14	0.0	0.0	0.0	0.0	0.0
-0.578	1.18664804e-12	1.549045e-13	2.2090069999999996e-12	1.6621500000000001e-12	0.0	0.0	0.0	0.0	0.0
-0.545	3.0528062e-11	3.985502999999999e-12	5.68303e-11	4.275927000000001e-11	0.0	0.0	0.0	0.0	0.0
-0.511	6.287444299999999e-10	8.207169000000003e-11	1.170278e-09	8.804698e-10	0.0	0.0	0.0	0.0	0.0
-0.478	1.03640142e-08	1.35297e-09	1.9293499999999997e-08	1.451704e-08	0.0	0.0	0.0	0.0	0.0
-0.444	1.3681778199999998e-07	1.7859170000000003e-08	2.546693e-07	1.916274e-07	0.0	0.0	0.0	0.0	0.0
-0.411	1.44623408e-06	1.887924e-07	2.6920630000000005e-06	2.025714e-06	0.0	0.0	0.0	0.0	0.0
-0.377	1.2243832399999999e-05	1.5984019999999999e-06	2.2794289999999996e-05	1.7149679999999998e-05	0.0	0.0	0.0	0.0	0.0
-0.343	8.3036752e-05	1.0839688e-05	0.00015458760000000002	0.00011630117	0.0	0.0	0.0	0.0	0.0
-0.310	0.00045119397999999995	5.889722999999999e-05	0.000839979	0.0006319628999999999	0.0	0.0	0.0	0.0	0.0
-0.276	0.0019643880999999997	0.00025639489999999994	0.003656622000000001	0.002751236	0.0	0.0	0.0	0.0	0.0
-0.243	0.006853224600000001	0.0008945326	0.012755429999999998	0.009597973999999999	0.0	0.0	0.0	0.0	0.0
-0.209	0.019160727999999995	0.0025012960000000005	0.03566738	0.026836799999999997	0.0	0.0	0.0	0.0	0.0
-0.176	0.042938327	0.005605375000000002	0.0799303	0.060146450000000004	0.0	0.0	0.0	0.0	0.0
-0.142	0.077133327	0.010068472	0.1435862	0.10802445000000001	0.0	0.0	0.0	0.0	0.0
-0.109	0.11107220899999999	0.014501009999999996	0.20676370000000002	0.1555555	0.0	0.0	0.0	0.0	0.0
-0.075	0.12832325900000002	0.016757909999999997	0.2388197	0.1795965	0.0	0.0	0.0	0.0	0.0
-0.041	0.11931760300000002	0.015604430000000002	0.22172299999999998	0.1664276	0.0	0.0	0.0	0.0	0.0
-0.008	0.09093179400000001	0.01199048	0.16763270000000002	0.12444585000000001	0.0	0.0	0.0	0.0	0.0
0.026	0.062278467000000004	0.008539447	0.11037389999999998	0.07739797	0.0	0.0	0.0	0.0	0.0
0.059	0.052067764	0.00791841	0.08164119999999998	0.046298769999999996	0.0	0.0	0.0	0.0	0.0
0.093	0.069223495	0.011519276	0.09477070000000001	0.03904863	0.0	0.0	0.0	0.0	0.0
0.126	0.109594074	0.018816535	0.14195859	0.05233525	0.0	0.0	0.0	0.0	0.0
0.160	0.15735660000000004	0.027410129999999998	0.1998982	0.0784067	0.0	0.0	0.0	0.0	0.0
0.194	0.19332987000000001	0.03438624	0.24356989999999998	0.11101854	0.0	0.0	0.0	0.0	0.0
0.227	0.20782846999999996	0.03844950999999999	0.2641016	0.14852547	0.0	0.0	0.0	0.0	0.0
0.261	0.20554217	0.04053554999999999	0.2720811	0.190524	0.0	0.0	0.0	0.0	0.0
0.294	0.19659776999999998	0.041965180000000005	0.27947410000000006	0.22952270000000002	0.0	0.0	0.0	0.0	0.0
0.328	0.18668374000000001	0.04302896	0.28384480000000006	0.2498677	0.0	0.0	0.0	0.0	0.0
0.361	0.18033691	0.044411000000000006	0.2782895	0.24131249999999999	0.0	0.0	0.0	0.0	0.0
0.395	0.18826232000000004	0.04910510000000001	0.27134139999999995	0.21384859999999994	0.0	0.0	0.0	0.0	0.0
0.428	0.22119342000000003	0.0602413	0.2829766999999999	0.1918615	0.0	0.0	0.0	0.0	0.0
0.462	0.2722265	0.07607699999999999	0.3171028	0.1906671	0.0	0.0	0.0	0.0	0.0
0.496	0.31366980000000005	0.08894179999999999	0.3487803	0.20255979999999998	0.0	0.0	0.0	0.0	0.0
0.529	0.3205904	0.09163579999999999	0.34809310000000004	0.2100466	0.0	0.0	0.0	0.0	0.0
0.563	0.29633231	0.08467399999999999	0.312272	0.2093877	0.0	0.0	0.0	0.0	0.0
0.596	0.26909433	0.0754631	0.26668000000000003	0.21562799999999996	0.0	0.0	0.0	0.0	0.0
0.630	0.26213071	0.07055550000000001	0.23565800000000003	0.2430293	0.0	0.0	0.0	0.0	0.0
0.663	0.27299742	0.0701946	0.22101500000000002	0.2842967	0.0	0.0	0.0	0.0	0.0
0.697	0.28145377000000005	0.07043869999999999	0.208685	0.312801	0.0	0.0	0.0	0.0	0.0
0.731	0.27192417	0.06820459999999999	0.18879959999999998	0.3059155	0.0	0.0	0.0	0.0	0.0
0.764	0.24606550000000002	0.06344649999999999	0.16509200000000002	0.2653148	0.0	0.0	0.0	0.0	0.0
0.798	0.21771360000000003	0.058245399999999996	0.14967000000000003	0.21377079999999998	0.0	0.0	0.0	0.0	0.0
0.831	0.1992594	0.054949000000000005	0.15227980000000002	0.17397990000000002	0.0	0.0	0.0	0.0	0.0
0.865	0.1919462	0.0544179	0.17232760000000005	0.15214160000000002	0.0	0.0	0.0	0.0	0.0
0.898	0.1867558	0.0552922	0.1979106	0.13949040000000001	0.0	0.0	0.0	0.0	0.0
0.932	0.17357560000000002	0.05480710000000001	0.21254350000000002	0.12504200000000001	0.0	0.0	0.0	0.0	0.0
0.965	0.1502273	0.05102940000000001	0.2073587	0.10537229999999999	0.0	0.0	0.0	0.0	0.0
0.999	0.12480870000000002	0.044946299999999995	0.1890584	0.0856992	0.0	0.0	0.0	0.0	0.0
1.033	0.1114004	0.040706	0.1768921	0.07592300000000002	0.0	0.0	0.0	0.0	0.0
1.066	0.12319240000000001	0.0435124	0.18828219999999998	0.0860364	0.0	0.0	0.0	0.0	0.0
1.100	0.16516769999999997	0.056212599999999995	0.2245319	0.12113520000000001	0.0	0.0	0.0	0.0	0.0
1.133	0.2291854	0.07672790000000002	0.26895600000000003	0.17608210000000002	0.0	0.0	0.0	0.0	0.0
1.167	0.29447360000000006	0.09817650000000001	0.298668	0.2339185	0.0	0.0	0.0	0.0	0.0
1.200	0.33759390000000006	0.11249239999999999	0.298866	0.273381	0.0	0.0	0.0	0.0	0.0
1.234	0.3486234	0.11601589999999999	0.2708920000000001	0.28347659999999997	0.0	0.0	0.0	0.0	0.0
1.268	0.33885060000000006	0.11199229999999998	0.230493	0.27168600000000004	0.0	0.0	0.0	0.0	0.0
1.301	0.3283483	0.10646	0.19664299999999998	0.2545031	0.0	0.0	0.0	0.0	0.0
1.335	0.32558270000000006	0.10198950000000001	0.17901509999999998	0.24153840000000004	0.0	0.0	0.0	0.0	0.0
1.368	0.32347050000000005	0.09677559999999999	0.17545629999999998	0.23158399999999998	0.0	0.0	0.0	0.0	0.0
1.402	0.3134818	0.0891517	0.1806046	0.22162120000000002	0.0	0.0	0.0	0.0	0.0
1.435	0.2965294	0.0807915	0.19320590000000007	0.21278969999999997	0.0	0.0	0.0	0.0	0.0
1.469	0.27970500000000004	0.075387	0.21434470000000005	0.20780369999999998	0.0	0.0	0.0	0.0	0.0
1.502	0.268179	0.0754108	0.2416237	0.2075829	0.0	0.0	0.0	0.0	0.0
1.536	0.26162699999999994	0.08015739999999999	0.2675726	0.21050280000000002	0.0	0.0	0.0	0.0	0.0
1.570	0.254333	0.08565099999999999	0.2828376	0.2118697	0.0	0.0	0.0	0.0	0.0
1.603	0.23789799999999997	0.0863074	0.27920500000000004	0.2042012	0.0	0.0	0.0	0.0	0.0
1.637	0.2062445	0.07822799999999999	0.251758	0.1812347	0.0	0.0	0.0	0.0	0.0
1.670	0.1611675	0.0622626	0.202539	0.14340399999999998	0.0	0.0	0.0	0.0	0.0
1.704	0.1139241	0.04435039999999999	0.1429316	0.0993589	0.0	0.0	0.0	0.0	0.0
1.737	0.08166999999999999	0.03312470000000001	0.09032269999999999	0.0616311	0.0	0.0	0.0	0.0	0.0
1.771	0.08181590000000001	0.03678630000000001	0.05991689999999999	0.040224499999999996	0.0	0.0	0.0	0.0	0.0
1.805	0.12540335000000002	0.0597824	0.058349399999999996	0.03922367999999999	0.0	0.0	0.0	0.0	0.0
1.838	0.20973589999999998	0.0987465	0.08251579999999999	0.05731718	0.0	0.0	0.0	0.0	0.0
1.872	0.31525569999999997	0.14088560000000003	0.1220056	0.0902524	0.0	0.0	0.0	0.0	0.0
1.905	0.4144684	0.170185	0.1638667	0.13321150000000004	0.0	0.0	0.0	0.0	0.0
1.939	0.48770230000000003	0.17873499999999998	0.1989091	0.1806157	0.0	0.0	0.0	0.0	0.0
1.972	0.5277973	0.171128	0.2257093	0.2236698	0.0	0.0	0.0	0.0	0.0
2.006	0.532387	0.15715400000000002	0.25075299999999995	0.25158410000000003	0.0	0.0	0.0	0.0	0.0
2.039	0.5022490000000001	0.14314020000000002	0.28456899999999996	0.2616927	0.0	0.0	0.0	0.0	0.0
2.073	0.448808	0.1306364	0.334434	0.26771960000000006	0.0	0.0	0.0	0.0	0.0
2.107	0.39364000000000005	0.1195948	0.3961990000000001	0.29032940000000007	0.0	0.0	0.0	0.0	0.0
2.140	0.351933	0.1096787	0.45126700000000003	0.33385299999999996	0.0	0.0	0.0	0.0	0.0
2.174	0.321623	0.10089019999999999	0.47559899999999994	0.3750681	0.0	0.0	0.0	0.0	0.0
2.207	0.29269599999999996	0.09529949999999998	0.45652700000000007	0.3817347	0.0	0.0	0.0	0.0	0.0
2.241	0.26441899999999996	0.09770399999999999	0.40416500000000005	0.34428390000000003	0.0	0.0	0.0	0.0	0.0
2.274	0.24750399999999997	0.1121663	0.3433243000000001	0.28512840000000006	0.0	0.0	0.0	0.0	0.0
2.308	0.24947589999999997	0.1356495	0.2918812	0.23636280000000004	0.0	0.0	0.0	0.0	0.0
2.342	0.26250870000000004	0.15661819999999999	0.2495569	0.21204369999999997	0.0	0.0	0.0	0.0	0.0
2.375	0.26927900000000005	0.1628743	0.20832899999999996	0.2050818	0.0	0.0	0.0	0.0	0.0
2.409	0.25920689999999996	0.1517362	0.1682016	0.20364639999999998	0.0	0.0	0.0	0.0	0.0
2.442	0.23685730000000002	0.1316126	0.14061390000000001	0.2048877	0.0	0.0	0.0	0.0	0.0
2.476	0.21621200000000002	0.11380599999999999	0.14218600000000003	0.21517979999999998	0.0	0.0	0.0	0.0	0.0
2.509	0.210521	0.1048995	0.18773700000000001	0.2434588	0.0	0.0	0.0	0.0	0.0
2.543	0.225651	0.1055114	0.28405199999999997	0.29428499999999996	0.0	0.0	0.0	0.0	0.0
2.576	0.258796	0.11314410000000001	0.4212370000000001	0.36224500000000004	0.0	0.0	0.0	0.0	0.0
2.610	0.300504	0.12414050000000001	0.56763	0.429123	0.0	0.0	0.0	0.0	0.0
2.644	0.33846699999999996	0.1348564	0.6806770000000001	0.46862099999999995	0.0	0.0	0.0	0.0	0.0
2.677	0.3640959999999999	0.14318399999999998	0.7311529999999999	0.46095400000000003	0.0	0.0	0.0	0.0	0.0
2.711	0.379713	0.1502598	0.722645	0.4085970000000001	0.0	0.0	0.0	0.0	0.0
2.744	0.3995559999999999	0.16082699999999997	0.683937	0.33690200000000003	0.0	0.0	0.0	0.0	0.0
2.778	0.43766199999999994	0.179158	0.6382639999999999	0.27649200000000007	0.0	0.0	0.0	0.0	0.0
2.811	0.4915579999999999	0.203285	0.5840407999999999	0.243983	0.0	0.0	0.0	0.0	0.0
2.845	0.541569	0.22433099999999997	0.5110935	0.23905899999999997	0.0	0.0	0.0	0.0	0.0
2.879	0.568716	0.23452	0.42862	0.255618	0.0	0.0	0.0	0.0	0.0
2.912	0.5703119999999999	0.234694	0.36417	0.289499	0.0	0.0	0.0	0.0	0.0
2.946	0.5558660000000001	0.23278699999999997	0.337479	0.337283	0.0	0.0	0.0	0.0	0.0
2.979	0.534152	0.23548899999999995	0.346259	0.3940904	0.0	0.0	0.0	0.0	0.0
3.013	0.508857	0.24291799999999997	0.37657099999999993	0.45500670000000004	0.0	0.0	0.0	0.0	0.0
3.046	0.481376	0.250043	0.41694200000000003	0.5136588	0.0	0.0	0.0	0.0	0.0
3.080	0.45204399999999995	0.251159	0.46069999999999994	0.5590709	0.0	0.0	0.0	0.0	0.0
3.113	0.422033	0.24447599999999997	0.5017832	0.579453	0.0	0.0	0.0	0.0	0.0
3.147	0.396672	0.233895	0.5329160000000001	0.572194	0.0	0.0	0.0	0.0	0.0
3.181	0.38268100000000005	0.225796	0.548168	0.5465350000000001	0.0	0.0	0.0	0.0	0.0
3.214	0.378958	0.222789	0.543442	0.513232	0.0	0.0	0.0	0.0	0.0
3.248	0.37428999999999996	0.221261	0.516638	0.4745440000000001	0.0	0.0	0.0	0.0	0.0
3.281	0.358728	0.215971	0.46964200000000006	0.426936	0.0	0.0	0.0	0.0	0.0
3.315	0.33759000000000006	0.20784349999999996	0.414289	0.372877	0.0	0.0	0.0	0.0	0.0
3.348	0.330859	0.20465069999999996	0.370597	0.325499	0.0	0.0	0.0	0.0	0.0
3.382	0.35417600000000005	0.2115273	0.35175470000000003	0.2972277	0.0	0.0	0.0	0.0	0.0
3.416	0.39639300000000005	0.22104170000000004	0.3484748	0.2846497	0.0	0.0	0.0	0.0	0.0
3.449	0.419242	0.21600219999999998	0.33303099999999997	0.26788690000000004	0.0	0.0	0.0	0.0	0.0
3.483	0.386656	0.1849412	0.2838198	0.22840770000000002	0.0	0.0	0.0	0.0	0.0
3.516	0.2979047	0.1335022	0.20546219999999998	0.1668077	0.0	0.0	0.0	0.0	0.0
3.550	0.1879959	0.0796674	0.1232658	0.101293	0.0	0.0	0.0	0.0	0.0
3.583	0.09627849999999998	0.03890304	0.060533500000000004	0.050376439999999995	0.0	0.0	0.0	0.0	0.0
3.617	0.03987135	0.01546626	0.024208639999999997	0.02040518	0.0	0.0	0.0	0.0	0.0
3.650	0.013558149999999996	0.005065749999999999	0.00806337	0.00692858	0.0	0.0	0.0	0.0	0.0
3.684	0.00506125	0.0017713919999999999	0.003335207	0.003182505	0.0	0.0	0.0	0.0	0.0
3.718	0.0072108499999999996	0.002314783	0.005970955	0.0064862340000000004	0.0	0.0	0.0	0.0	0.0
3.751	0.022325288999999998	0.007080175	0.019153548	0.021113266	0.0	0.0	0.0	0.0	0.0
3.785	0.061273453	0.019420899999999994	0.052682520999999996	0.05811738	0.0	0.0	0.0	0.0	0.0
3.818	0.13552588	0.04295398	0.11652086599999997	0.12855045999999998	0.0	0.0	0.0	0.0	0.0
3.852	0.24033534999999995	0.07617409000000001	0.20663883800000002	0.22796246999999997	0.0	0.0	0.0	0.0	0.0
3.885	0.34163233000000004	0.10827329999999999	0.2937355	0.3240577	0.0	0.0	0.0	0.0	0.0
3.919	0.38931157	0.12339306	0.33473890000000006	0.36928890000000003	0.0	0.0	0.0	0.0	0.0
3.953	0.3556377600000001	0.11272140000000001	0.30578289999999997	0.3373421999999999	0.0	0.0	0.0	0.0	0.0
3.986	0.26045289	0.08255267	0.223927923	0.2470367	0.0	0.0	0.0	0.0	0.0
4.020	0.15287680999999997	0.04845988999999999	0.131456744	0.14503307	0.0	0.0	0.0	0.0	0.0
4.053	0.071941126	0.02280168	0.061858875	0.06824637	0.0	0.0	0.0	0.0	0.0
4.087	0.027134285	0.00859959	0.0233288566	0.025736429999999998	0.0	0.0	0.0	0.0	0.0
4.120	0.008201662799999999	0.00259958	0.0070515638000000005	0.007779427	0.0	0.0	0.0	0.0	0.0
4.154	0.0019866621	0.0006296647	0.00170807615	0.0018845198	0.0	0.0	0.0	0.0	0.0
4.187	0.00038560753999999995	0.00012221846	0.00033155993999999997	0.0003657484	0.0	0.0	0.0	0.0	0.0
4.221	5.996428299999999e-05	1.900585e-05	5.1563679000000005e-05	5.6873610000000005e-05	0.0	0.0	0.0	0.0	0.0
4.255	7.4693796e-06	2.3676050000000003e-06	6.4223324e-06	7.084564e-06	0.0	0.0	0.0	0.0	0.0
4.288	7.4524596e-07	2.362226e-07	6.4078858e-07	7.068619999999999e-07	0.0	0.0	0.0	0.0	0.0
4.322	5.9549434999999996e-08	1.887445e-08	5.1204226e-08	5.647997000000001e-08	0.0	0.0	0.0	0.0	0.0
4.355	3.809998999999999e-09	1.2075584e-09	3.2759142000000002e-09	3.6137020000000007e-09	0.0	0.0	0.0	0.0	0.0
4.389	1.9514248000000005e-10	6.184936e-11	1.67793188e-10	1.8510442e-10	0.0	0.0	0.0	0.0	0.0
4.422	8.0021015e-12	2.536066e-12	6.8803126e-12	7.589922e-12	0.0	0.0	0.0	0.0	0.0
4.456	2.6266605000000007e-13	8.325420000000003e-14	2.2584232400000004e-13	2.491619e-13	0.0	0.0	0.0	0.0	0.0
4.490	6.9181465e-15	2.192796e-15	5.948001300000001e-15	6.562349e-15	0.0	0.0	0.0	0.0	0.0
4.523	0.0	0.0	0.0	0.0	0.0	0.0	0.0	0.0	0.0
4.557	0.0	0.0	0.0	0.0	0.0	0.0	0.0	0.0	0.0
4.590	0.0	0.0	0.0	0.0	0.0	0.0	0.0	0.0	0.0
4.624	0.0	0.0	0.0	0.0	0.0	0.0	0.0	0.0	0.0
4.657	0.0	0.0	0.0	0.0	0.0	0.0	0.0	0.0	0.0
4.691	0.0	0.0	0.0	0.0	0.0	0.0	0.0	0.0	0.0
4.724	0.0	0.0	0.0	0.0	0.0	0.0	0.0	0.0	0.0
4.758	0.0	0.0	0.0	0.0	0.0	0.0	0.0	0.0	0.0
4.792	0.0	0.0	0.0	0.0	0.0	0.0	0.0	0.0	0.0
4.825	0.0	0.0	0.0	0.0	0.0	0.0	0.0	0.0	0.0
4.859	0.0	0.0	0.0	0.0	0.0	0.0	0.0	0.0	0.0
4.892	0.0	0.0	0.0	0.0	0.0	0.0	0.0	0.0	0.0
4.926	0.0	0.0	0.0	0.0	0.0	0.0	0.0	0.0	0.0
4.959	0.0	0.0	0.0	0.0	0.0	0.0	0.0	0.0	0.0
4.993	0.0	0.0	0.0	0.0	0.0	0.0	0.0	0.0	0.0
5.027	0.0	0.0	0.0	0.0	0.0	0.0	0.0	0.0	0.0
5.060	0.0	0.0	0.0	0.0	0.0	0.0	0.0	0.0	0.0
5.094	0.0	0.0	0.0	0.0	0.0	0.0	0.0	0.0	0.0
5.127	0.0	0.0	0.0	0.0	0.0	0.0	0.0	0.0	0.0
5.161	0.0	0.0	0.0	0.0	0.0	0.0	0.0	0.0	0.0
5.194	0.0	0.0	0.0	0.0	0.0	0.0	0.0	0.0	0.0
5.228	0.0	0.0	0.0	0.0	0.0	0.0	0.0	0.0	0.0
5.261	0.0	0.0	0.0	0.0	0.0	0.0	0.0	0.0	0.0
5.295	0.0	0.0	0.0	0.0	0.0	0.0	0.0	0.0	0.0
5.329	0.0	0.0	0.0	0.0	0.0	0.0	0.0	0.0	0.0
5.362	0.0	0.0	0.0	0.0	0.0	0.0	0.0	0.0	0.0
5.396	0.0	0.0	0.0	0.0	0.0	0.0	0.0	0.0	0.0
5.429	0.0	0.0	0.0	0.0	0.0	0.0	0.0	0.0	0.0
