-15.65120373	0.0	0.0	0.0	0.0	0.0	0.0	0.0	0.0	0.0
-15.62720373	0.0	0.0	0.0	0.0	0.0	0.0	0.0	0.0	0.0
-15.602203730000001	0.0	0.0	0.0	0.0	0.0	0.0	0.0	0.0	0.0
-15.577203729999999	0.0	0.0	0.0	0.0	0.0	0.0	0.0	0.0	0.0
-15.553203730000002	0.0	0.0	0.0	0.0	0.0	0.0	0.0	0.0	0.0
-15.52820373	0.0	0.0	0.0	0.0	0.0	0.0	0.0	0.0	0.0
-15.503203730000001	0.0	0.0	0.0	0.0	0.0	0.0	0.0	0.0	0.0
-15.47920373	0.0	0.0	0.0	0.0	0.0	0.0	0.0	0.0	0.0
-15.454203730000001	0.0	0.0	0.0	0.0	0.0	0.0	0.0	0.0	0.0
-15.42920373	0.0	0.0	0.0	0.0	0.0	0.0	0.0	0.0	0.0
-15.405203730000002	0.0	0.0	0.0	0.0	0.0	0.0	0.0	0.0	0.0
-15.38020373	0.0	0.0	0.0	0.0	0.0	0.0	0.0	0.0	0.0
-15.355203730000001	0.0	0.0	0.0	0.0	0.0	0.0	0.0	0.0	0.0
-15.33120373	0.0	0.0	0.0	0.0	0.0	0.0	0.0	0.0	0.0
-15.306203730000002	0.0	0.0	0.0	0.0	0.0	0.0	0.0	0.0	0.0
-15.28120373	0.0	0.0	0.0	0.0	0.0	0.0	0.0	0.0	0.0
-15.257203729999999	0.0	0.0	0.0	0.0	0.0	0.0	0.0	0.0	0.0
-15.23220373	0.0	0.0	0.0	0.0	0.0	0.0	0.0	0.0	0.0
-15.20820373	0.0	0.0	0.0	0.0	0.0	0.0	0.0	0.0	0.0
-15.18320373	0.0	0.0	0.0	0.0	0.0	0.0	0.0	0.0	0.0
-15.158203729999999	0.0	0.0	0.0	0.0	0.0	0.0	0.0	0.0	0.0
-15.134203730000001	0.0	0.0	0.0	0.0	0.0	0.0	0.0	0.0	0.0
-15.109203729999999	8.39031e-15	1.36395246e-16	1.0877843e-16	1.4463304000000002e-16	0.0	0.0	0.0	0.0	0.0
-15.08420373	1.3423209999999997e-13	2.18249744e-15	1.7404577000000001e-15	2.3140039000000006e-15	0.0	0.0	0.0	0.0	0.0
-15.06020373	1.994e-12	3.2417505e-14	2.5853367e-14	3.4373833000000007e-14	0.0	0.0	0.0	0.0	0.0
-15.035203730000001	2.6243299999999997e-11	4.2671649e-13	3.403123e-13	4.5241116999999997e-13	0.0	0.0	0.0	0.0	0.0
-15.010203729999999	3.0627400000000005e-10	4.979854e-12	3.9705234e-12	5.279963599999999e-12	0.0	0.0	0.0	0.0	0.0
-14.986203730000001	3.16812e-09	5.1505677000000004e-11	4.1081539e-11	5.4607999e-11	0.0	0.0	0.0	0.0	0.0
-14.96120373	2.90501e-08	4.722281399999999e-10	3.7666557000000007e-10	5.007626399999998e-10	0.0	0.0	0.0	0.0	0.0
-14.93620373	2.36133e-07	3.839037199999999e-09	3.0616672e-09	4.070598999999999e-09	0.0	0.0	0.0	0.0	0.0
-14.91220373	1.701624e-06	2.7662692000000002e-08	2.2059550000000006e-08	2.9331260000000003e-08	0.0	0.0	0.0	0.0	0.0
-14.887203730000001	1.0868879999999999e-05	1.7669799900000003e-07	1.4092577e-07	1.8735924999999998e-07	0.0	0.0	0.0	0.0	0.0
-14.86220373	6.15352e-05	1.00067635e-06	7.9804173e-07	1.0609740000000002e-06	0.0	0.0	0.0	0.0	0.0
-14.838203730000002	0.00030899000000000004	5.0231264e-06	4.006532599999999e-06	5.326518899999999e-06	0.0	0.0	0.0	0.0	0.0
-14.81320373	0.0013752820000000002	2.23590722e-05	1.7831023999999998e-05	2.3709216e-05	0.0	0.0	0.0	0.0	0.0
-14.789203729999999	0.00542643	8.8236671e-05	7.0367874e-05	9.354788e-05	0.0	0.0	0.0	0.0	0.0
-14.76420373	0.018984470000000003	0.00030867373000000004	0.00024615325	0.00032728913999999996	0.0	0.0	0.0	0.0	0.0
-14.739203730000002	0.05888779999999999	0.00095749141	0.0007635018700000001	0.0010151350000000001	0.0	0.0	0.0	0.0	0.0
-14.71520373	0.1619389	0.00263269675	0.0020996096	0.0027916996	0.0	0.0	0.0	0.0	0.0
-14.690203729999999	0.394829	0.006419795900000001	0.00511924	0.006806832600000001	0.0	0.0	0.0	0.0	0.0
-14.66520373	0.853643	0.013876625499999998	0.011067213	0.014714996	0.0	0.0	0.0	0.0	0.0
-14.641203729999999	1.636155	0.026599339499999996	0.02121338	0.02820602	0.0	0.0	0.0	0.0	0.0
-14.61620373	2.780760000000001	0.045208967	0.036048738	0.047936241	0.0	0.0	0.0	0.0	0.0
-14.591203730000002	4.19024	0.06812035999999999	0.054322488	0.07223519	0.0	0.0	0.0	0.0	0.0
-14.567203730000001	5.5979	0.091004764	0.072583103	0.09651285999999999	0.0	0.0	0.0	0.0	0.0
-14.542203729999999	6.6323	0.10782599400000001	0.08599365	0.11433890000000002	0.0	0.0	0.0	0.0	0.0
-14.51720373	6.967090000000001	0.11327729500000001	0.09032126	0.12011179000000001	0.0	0.0	0.0	0.0	0.0
-14.49320373	6.4891700000000005	0.105495726	0.08413158999999999	0.11187797999999999	0.0	0.0	0.0	0.0	0.0
-14.46820373	5.3589	0.087122374	0.069485358	0.09238729999999999	0.0	0.0	0.0	0.0	0.0
-14.443203729999999	3.9241599999999996	0.06379617600000001	0.050874002	0.067647386	0.0	0.0	0.0	0.0	0.0
-14.419203730000001	2.5476399999999995	0.041416358	0.033029052999999996	0.043918653999999994	0.0	0.0	0.0	0.0	0.0
-14.39420373	1.4666499999999998	0.0238454367	0.019016505	0.025284022	0.0	0.0	0.0	0.0	0.0
-14.370203730000002	0.748689	0.012171353599999999	0.009705862999999999	0.012905612999999998	0.0	0.0	0.0	0.0	0.0
-14.34520373	0.33879500000000007	0.0055076225999999995	0.004392471300000001	0.0058403436	0.0	0.0	0.0	0.0	0.0
-14.320203730000001	0.13594510000000004	0.00221018026	0.0017625354	0.0023436676	0.0	0.0	0.0	0.0	0.0
-14.29620373	0.048362800000000004	0.00078627791	0.0006270454	0.0008337794	0.0	0.0	0.0	0.0	0.0
-14.271203730000002	0.015255209999999998	0.000248005116	0.00019779431999999997	0.00026298065	0.0	0.0	0.0	0.0	0.0
-14.24620373	0.00426615	6.936075199999999e-05	5.5307936999999994e-05	7.353862e-05	0.0	0.0	0.0	0.0	0.0
-14.222203729999999	0.00105766	1.71970311e-05	1.3714171e-05	1.8235479999999997e-05	0.0	0.0	0.0	0.0	0.0
-14.19720373	0.00023250900000000005	3.7800566e-06	3.0142968e-06	4.0081625e-06	0.0	0.0	0.0	0.0	0.0
-14.172203730000001	4.53081e-05	7.366313500000001e-07	5.874680199999999e-07	7.811362000000003e-07	0.0	0.0	0.0	0.0	0.0
-14.14820373	7.82821e-06	1.2726071199999998e-07	1.0148845999999999e-07	1.3495185e-07	0.0	0.0	0.0	0.0	0.0
-14.123203730000002	1.19883e-06	1.94911046e-08	1.5543762000000004e-08	2.0668797999999996e-08	0.0	0.0	0.0	0.0	0.0
-14.09820373	1.627743e-07	2.6464203e-09	2.1105287999999998e-09	2.8061652e-09	0.0	0.0	0.0	0.0	0.0
-14.074203729999999	1.95911e-08	3.1853276000000003e-10	2.5401571000000004e-10	3.3773725999999996e-10	0.0	0.0	0.0	0.0	0.0
-14.04920373	2.0904e-09	3.3983592e-11	2.7098413e-11	3.6034977e-11	0.0	0.0	0.0	0.0	0.0
-14.024203730000002	1.9768200000000005e-10	3.2139912000000004e-12	2.5631121e-12	3.4080738000000002e-12	0.0	0.0	0.0	0.0	0.0
-14.00020373	1.656738e-11	2.69344287e-13	2.1479584e-13	2.8559785999999997e-13	0.0	0.0	0.0	0.0	0.0
-13.975203729999999	1.230558e-12	2.00056718e-14	1.5954932e-14	2.1212977000000005e-14	0.0	0.0	0.0	0.0	0.0
-13.95020373	8.95448e-14	1.4897786000000002e-15	1.3053861e-15	1.53492e-15	0.0	0.0	0.0	0.0	0.0
-13.92620373	8.465149999999999e-14	1.851597e-15	3.11894683e-15	1.3372568300000001e-15	0.0	0.0	0.0	0.0	0.0
-13.90120373	1.216788646e-12	2.71015505e-14	4.6890232200000005e-14	1.9101358260000003e-14	0.0	0.0	0.0	0.0	0.0
-13.87720373	1.639759032e-11	3.6520075800000003e-13	6.318423199999999e-13	2.5738389929999996e-13	0.0	0.0	0.0	0.0	0.0
-13.852203730000001	1.957894364e-10	4.36024799e-12	7.543961899999998e-12	3.073093226e-12	0.0	0.0	0.0	0.0	0.0
-13.827203729999999	2.07205987e-09	4.61485522e-11	7.9842251e-11	3.252391125000001e-11	0.0	0.0	0.0	0.0	0.0
-13.803203730000002	1.9440437000000004e-08	4.32941984e-10	7.490601699999999e-10	3.051286689e-10	0.0	0.0	0.0	0.0	0.0
-13.77820373	1.616577918e-07	3.60047633e-09	6.2294733999999994e-09	2.537603482e-09	0.0	0.0	0.0	0.0	0.0
-13.753203730000001	1.1918674490000002e-06	2.6545197799999997e-08	4.5929607e-08	1.8707364100000005e-08	0.0	0.0	0.0	0.0	0.0
-13.72920373	7.790215425e-06	1.7348433519999998e-07	3.0016288100000003e-07	1.2226211489999999e-07	0.0	0.0	0.0	0.0	0.0
-13.704203730000001	4.512987544e-05	1.005165339e-06	1.7390037899999998e-06	7.08357892e-07	0.0	0.0	0.0	0.0	0.0
-13.67920373	0.0002318051719	5.1629218500000004e-06	8.9323649e-06	3.6388221690000005e-06	0.0	0.0	0.0	0.0	0.0
-13.655203730000002	0.001055607878	2.35099842e-05	4.068104409999999e-05	1.656795704e-05	0.0	0.0	0.0	0.0	0.0
-13.63020373	0.004261565359	9.48984369e-05	0.00016420739599999997	6.688816659999999e-05	0.0	0.0	0.0	0.0	0.0
-13.605203730000001	0.015254535159999999	0.000339708835	0.0005877848999999999	0.00023942611229999997	0.0	0.0	0.0	0.0	0.0
-13.58120373	0.04840413256000001	0.00107799029	0.0018651537300000002	0.0007598170870000001	0.0	0.0	0.0	0.0	0.0
-13.556203730000002	0.1361875639	0.0030331576	0.005247466	0.0021377156650000005	0.0	0.0	0.0	0.0	0.0
-13.53120373	0.3397223783	0.007566215429999999	0.013090821899999999	0.005332213993999999	0.0	0.0	0.0	0.0	0.0
-13.507203729999999	0.7514212145	0.01673410656	0.0289548439	0.01179368077	0.0	0.0	0.0	0.0	0.0
-13.48220373	1.473541013	0.032816658000000005	0.05677712000000001	0.02313018468	0.0	0.0	0.0	0.0	0.0
-13.45820373	2.5621634570000005	0.0570619547	0.098717306	0.04021608107	0.0	0.0	0.0	0.0	0.0
-13.43320373	3.9499203729999994	0.0879624435	0.152203495	0.06200345640000001	0.0	0.0	0.0	0.0	0.0
-13.408203729999999	5.399650202	0.1202583489	0.208058424	0.0847459594	0.0	0.0	0.0	0.0	0.0
-13.384203730000001	6.544795393	0.1457512217	0.252202627	0.10272488630000001	0.0	0.0	0.0	0.0	0.0
-13.359203729999999	7.033248948	0.15662782409999998	0.271062661	0.1103987341	0.0	0.0	0.0	0.0	0.0
-13.33420373	6.7010430020000005	0.1492637786	0.258294404	0.10519622249999999	0.0	0.0	0.0	0.0	0.0
-13.31020373	5.662542879	0.12610673709999998	0.218224576	0.0888789992	0.0	0.0	0.0	0.0	0.0
-13.285203730000001	4.242124499	0.0944788548	0.16346593	0.06658218410000001	0.0	0.0	0.0	0.0	0.0
-13.260203729999999	2.817735776	0.0627548021	0.108581962	0.04423068677	0.0	0.0	0.0	0.0	0.0
-13.236203730000001	1.659529992	0.03696094789999999	0.063947428	0.026048396949999997	0.0	0.0	0.0	0.0	0.0
-13.21120373	0.8666357703	0.019300707919999997	0.0333955498	0.013603789990000002	0.0	0.0	0.0	0.0	0.0
-13.18620373	0.40126833970000003	0.00893723302	0.015462240600000001	0.006298901410000001	0.0	0.0	0.0	0.0	0.0
-13.16220373	0.16473494000000002	0.00366873966	0.0063474418	0.002585685053	0.0	0.0	0.0	0.0	0.0
-13.137203730000001	0.05996938947	0.0013353503289999999	0.00231037255	0.00094116953	0.0	0.0	0.0	0.0	0.0
-13.11220373	0.01935053261	0.000430944775	0.0007455752999999999	0.0003037067866000001	0.0	0.0	0.0	0.0	0.0
-13.088203730000002	0.005536096831	0.0001232933236	0.000213343144	8.689849290000001e-05	0.0	0.0	0.0	0.0	0.0
-13.06320373	0.0014044276930000002	3.12766406e-05	5.411772599999999e-05	2.204310457e-05	0.0	0.0	0.0	0.0	0.0
-13.039203729999999	0.0003158352201	7.03365786e-06	1.2171120700000002e-05	4.957507368e-06	0.0	0.0	0.0	0.0	0.0
-13.01420373	6.297773542e-05	1.402463352e-06	2.42623797e-06	9.88488559e-07	0.0	0.0	0.0	0.0	0.0
-12.989203730000002	1.113062645e-05	2.47898883e-07	4.2885881500000003e-07	1.7470923039999997e-07	0.0	0.0	0.0	0.0	0.0
-12.96520373	1.744194058e-06	3.8844447e-08	6.7206416e-08	2.737777566e-08	0.0	0.0	0.0	0.0	0.0
-12.940203729999999	2.422756776e-07	5.3958239800000004e-09	9.3361054e-09	3.802930642999999e-09	0.0	0.0	0.0	0.0	0.0
-12.91520373	2.983573754e-08	6.64468799e-10	1.1496655599999999e-09	4.682888711e-10	0.0	0.0	0.0	0.0	0.0
-12.891203729999999	3.256927021e-09	7.25342592e-11	1.25496056e-10	5.112263426000001e-11	0.0	0.0	0.0	0.0	0.0
-12.86620373	3.1515018440000003e-10	7.0181507899999995e-12	1.2144721099999998e-11	4.947204951e-12	0.0	0.0	0.0	0.0	0.0
-12.841203730000002	2.70319033e-11	6.01945998e-13	1.0416079e-12	4.242758677e-13	0.0	0.0	0.0	0.0	0.0
-12.817203730000001	2.0554990629999997e-12	4.57766804e-14	7.920596700000001e-14	3.2261080810000005e-14	0.0	0.0	0.0	0.0	0.0
-12.792203729999999	1.355215315e-13	3.01819153e-15	5.2217131e-15	2.127251858e-15	0.0	0.0	0.0	0.0	0.0
-12.76720373	1.1295904299999999e-14	2.51523391e-16	4.3516742599999997e-16	1.772751797e-16	0.0	0.0	0.0	0.0	0.0
-12.74320373	0.0	0.0	0.0	0.0	0.0	0.0	0.0	0.0	0.0
-12.71820373	0.0	0.0	0.0	0.0	0.0	0.0	0.0	0.0	0.0
-12.693203729999999	0.0	0.0	0.0	0.0	0.0	0.0	0.0	0.0	0.0
-12.669203730000001	0.0	0.0	0.0	0.0	0.0	0.0	0.0	0.0	0.0
-12.64420373	0.0	0.0	0.0	0.0	0.0	0.0	0.0	0.0	0.0
-12.620203730000002	0.0	0.0	0.0	0.0	0.0	0.0	0.0	0.0	0.0
-12.59520373	0.0	0.0	0.0	0.0	0.0	0.0	0.0	0.0	0.0
-12.570203730000001	0.0	0.0	0.0	0.0	0.0	0.0	0.0	0.0	0.0
-12.54620373	0.0	0.0	0.0	0.0	0.0	0.0	0.0	0.0	0.0
-12.521203730000002	0.0	0.0	0.0	0.0	0.0	0.0	0.0	0.0	0.0
-12.49620373	0.0	0.0	0.0	0.0	0.0	0.0	0.0	0.0	0.0
-12.472203729999999	0.0	0.0	0.0	0.0	0.0	0.0	0.0	0.0	0.0
-12.44720373	0.0	0.0	0.0	0.0	0.0	0.0	0.0	0.0	0.0
-12.422203730000001	0.0	0.0	0.0	0.0	0.0	0.0	0.0	0.0	0.0
-12.39820373	0.0	0.0	0.0	0.0	0.0	0.0	0.0	0.0	0.0
-12.373203730000002	0.0	0.0	0.0	0.0	0.0	0.0	0.0	0.0	0.0
-12.34820373	0.0	0.0	0.0	0.0	0.0	0.0	0.0	0.0	0.0
-12.324203729999999	0.0	0.0	0.0	0.0	0.0	0.0	0.0	0.0	0.0
-12.29920373	0.0	0.0	0.0	0.0	0.0	0.0	0.0	0.0	0.0
-12.274203730000002	0.0	0.0	0.0	0.0	0.0	0.0	0.0	0.0	0.0
-12.25020373	0.0	0.0	0.0	0.0	0.0	0.0	0.0	0.0	0.0
-12.225203729999999	0.0	0.0	0.0	0.0	0.0	0.0	0.0	0.0	0.0
-12.20020373	0.0	0.0	0.0	0.0	0.0	0.0	0.0	0.0	0.0
-12.17620373	0.0	0.0	0.0	0.0	0.0	0.0	0.0	0.0	0.0
-12.15120373	0.0	0.0	0.0	0.0	0.0	0.0	0.0	0.0	0.0
-12.12720373	0.0	0.0	0.0	0.0	0.0	0.0	0.0	0.0	0.0
-12.102203730000001	0.0	0.0	0.0	0.0	0.0	0.0	0.0	0.0	0.0
-12.077203729999999	0.0	0.0	0.0	0.0	0.0	0.0	0.0	0.0	0.0
-12.053203730000002	0.0	0.0	0.0	0.0	0.0	0.0	0.0	0.0	0.0
-12.02820373	0.0	0.0	0.0	0.0	0.0	0.0	0.0	0.0	0.0
-12.003203730000001	0.0	0.0	0.0	0.0	0.0	0.0	0.0	0.0	0.0
-11.97920373	0.0	0.0	0.0	0.0	0.0	0.0	0.0	0.0	0.0
-11.954203730000001	0.0	0.0	0.0	0.0	0.0	0.0	0.0	0.0	0.0
-11.92920373	0.0	0.0	0.0	0.0	0.0	0.0	0.0	0.0	0.0
-11.905203730000002	0.0	0.0	0.0	0.0	0.0	0.0	0.0	0.0	0.0
-11.88020373	0.0	0.0	0.0	0.0	0.0	0.0	0.0	0.0	0.0
-11.855203730000001	0.0	0.0	0.0	0.0	0.0	0.0	0.0	0.0	0.0
-11.83120373	0.0	0.0	0.0	0.0	0.0	0.0	0.0	0.0	0.0
-11.806203730000002	0.0	0.0	0.0	0.0	0.0	0.0	0.0	0.0	0.0
-11.78120373	0.0	0.0	0.0	0.0	0.0	0.0	0.0	0.0	0.0
-11.757203729999999	0.0	0.0	0.0	0.0	0.0	0.0	0.0	0.0	0.0
-11.73220373	0.0	0.0	0.0	0.0	0.0	0.0	0.0	0.0	0.0
-11.70820373	0.0	0.0	0.0	0.0	0.0	0.0	0.0	0.0	0.0
-11.68320373	0.0	0.0	0.0	0.0	0.0	0.0	0.0	0.0	0.0
-11.658203729999999	0.0	0.0	0.0	0.0	0.0	0.0	0.0	0.0	0.0
-11.634203730000001	0.0	0.0	0.0	0.0	0.0	0.0	0.0	0.0	0.0
-11.609203729999999	0.0	0.0	0.0	0.0	0.0	0.0	0.0	0.0	0.0
-11.58420373	0.0	0.0	0.0	0.0	0.0	0.0	0.0	0.0	0.0
-11.56020373	0.0	0.0	0.0	0.0	0.0	0.0	0.0	0.0	0.0
-11.535203730000001	0.0	0.0	0.0	0.0	0.0	0.0	0.0	0.0	0.0
-11.510203729999999	8.549092e-15	5.1456838e-16	2.69681808e-16	2.1453149099999998e-16	0.0	0.0	0.0	0.0	0.0
-11.486203730000001	1.3962122999999998e-13	8.403995000000001e-15	4.4051094999999996e-15	3.5046078e-15	0.0	0.0	0.0	0.0	0.0
-11.46120373	2.0774058999999998e-12	1.2502596e-13	6.554097529999999e-14	5.2133498e-14	0.0	0.0	0.0	0.0	0.0
-11.43620373	2.7325210000000002e-11	1.6446411e-12	8.621720269999999e-13	6.857308999999999e-13	0.0	0.0	0.0	0.0	0.0
-11.41220373	3.1855225999999994e-10	1.9171562999999998e-11	1.0050002239999999e-11	7.993448000000001e-12	0.0	0.0	0.0	0.0	0.0
-11.387203730000001	3.2917091e-09	1.9810916999999997e-10	1.038553672e-10	8.260986400000001e-11	0.0	0.0	0.0	0.0	0.0
-11.36220373	3.0151326e-08	1.8147058000000001e-09	9.51316506e-10	7.566755e-10	0.0	0.0	0.0	0.0	0.0
-11.338203730000002	2.4485063999999996e-07	1.4736231000000001e-08	7.724264660000001e-09	6.144588100000001e-09	0.0	0.0	0.0	0.0	0.0
-11.31320373	1.7624330000000001e-06	1.0606892000000001e-07	5.56028704e-08	4.4230778e-08	0.0	0.0	0.0	0.0	0.0
-11.289203729999999	1.1245877999999998e-05	6.7683482e-07	3.5484672200000005e-07	2.82212334e-07	0.0	0.0	0.0	0.0	0.0
-11.26420373	6.361937400000001e-05	3.8291865e-06	2.0075429899999997e-06	1.5965766700000002e-06	0.0	0.0	0.0	0.0	0.0
-11.239203730000002	0.00031906684	1.9204151e-05	1.0066874940000001e-05	8.0067218e-06	0.0	0.0	0.0	0.0	0.0
-11.21520373	0.0014186404999999998	8.5380819e-05	4.47633892e-05	3.5604361e-05	0.0	0.0	0.0	0.0	0.0
-11.190203729999999	0.0055914779999999996	0.00033657264999999994	0.00017644355499999998	0.000140338727	0.0	0.0	0.0	0.0	0.0
-11.16520373	0.019543129	0.0011762579	0.000616622253	0.00049048716	0.0	0.0	0.0	0.0	0.0
-11.141203729999999	0.060548612	0.0036445717	0.0019104553200000002	0.0015196287099999996	0.0	0.0	0.0	0.0	0.0
-11.11620373	0.16637344999999998	0.010013908399999999	0.005248313590000001	0.0041752803	0.0	0.0	0.0	0.0	0.0
-11.091203730000002	0.40528602	0.024393678999999998	0.012785117339999999	0.010170387999999999	0.0	0.0	0.0	0.0	0.0
-11.067203730000001	0.8752690000000001	0.05267712099999999	0.027611257599999998	0.021972076000000004	0.0	0.0	0.0	0.0	0.0
-11.042203729999999	1.6768038	0.10091094899999999	0.0528794143	0.042100054	0.0	0.0	0.0	0.0	0.0
-11.01720373	2.8494327999999998	0.17145180000000002	0.08980935040000002	0.07161282000000001	0.0	0.0	0.0	0.0	0.0
-10.99320373	4.2992556	0.2585688300000001	0.1353299099	0.10825554	0.0	0.0	0.0	0.0	0.0
-10.96820373	5.7675575	0.34671696999999996	0.181009046	0.14592898	0.0	0.0	0.0	0.0	0.0
-10.943203729999999	6.9106138999999995	0.41458760000000006	0.215297429	0.17675073	0.0	0.0	0.0	0.0	0.0
-10.919203730000001	7.4610761	0.44563262000000003	0.22866760800000002	0.19549310999999997	0.0	0.0	0.0	0.0	0.0
-10.89420373	7.4050704	0.4382042599999999	0.21870266	0.2039621	0.0	0.0	0.0	0.0	0.0
-10.870203730000002	7.014646100000001	0.40736806	0.192474283	0.2114025	0.0	0.0	0.0	0.0	0.0
-10.84520373	6.709057	0.3774238	0.162612072	0.22948829999999998	0.0	0.0	0.0	0.0	0.0
-10.820203730000001	6.802825499999998	0.36704010000000004	0.141866395	0.2643727	0.0	0.0	0.0	0.0	0.0
-10.79620373	7.332671	0.37850792	0.138914182	0.3110814	0.0	0.0	0.0	0.0	0.0
-10.771203730000002	8.065336	0.39744173999999993	0.15822836	0.3547263	0.0	0.0	0.0	0.0	0.0
-10.74620373	8.688268	0.40376694	0.20300804000000003	0.37932613000000004	0.0	0.0	0.0	0.0	0.0
-10.722203729999999	9.030798	0.38412009999999996	0.27602436	0.37651038	0.0	0.0	0.0	0.0	0.0
-10.69720373	9.128465000000002	0.33945234999999996	0.37615503000000006	0.35013178	0.0	0.0	0.0	0.0	0.0
-10.672203730000001	9.103429	0.28160469	0.49150781	0.311619	0.0	0.0	0.0	0.0	0.0
-10.64820373	8.993405	0.2241435	0.5967068199999999	0.27147472	0.0	0.0	0.0	0.0	0.0
-10.623203730000002	8.664601	0.17493018	0.65944635	0.2338197	0.0	0.0	0.0	0.0	0.0
-10.59820373	7.931913199999999	0.13497657999999998	0.65544994	0.1970101	0.0	0.0	0.0	0.0	0.0
-10.574203729999999	6.7251361	0.10165970000000002	0.58219052	0.15837840500000003	0.0	0.0	0.0	0.0	0.0
-10.54920373	5.1847807	0.07287723	0.46011465	0.118377552	0.0	0.0	0.0	0.0	0.0
-10.524203730000002	3.5938287	0.04846142000000001	0.32324182	0.08066888699999998	0.0	0.0	0.0	0.0	0.0
-10.50020373	2.2250981	0.029335807999999998	0.20150652999999996	0.049488048	0.0	0.0	0.0	0.0	0.0
-10.475203729999999	1.22639756	0.015974433999999996	0.111442798	0.027144544000000003	0.0	0.0	0.0	0.0	0.0
-10.45020373	0.6004211500000001	0.0077729626000000015	0.05466619500000001	0.013256961099999999	0.0	0.0	0.0	0.0	0.0
-10.42620373	0.26093348000000005	0.0033674627000000006	0.023777533000000003	0.0057539781	0.0	0.0	0.0	0.0	0.0
-10.40120373	0.10059742599999999	0.0012957860199999999	0.009171233499999999	0.00221665544	0.0	0.0	0.0	0.0	0.0
-10.37720373	0.03439532099999999	0.00044265338999999995	0.0031371127	0.0007575420200000001	0.0	0.0	0.0	0.0	0.0
-10.352203730000001	0.010427477899999999	0.00013415514	0.00095107701	0.0002296429	0.0	0.0	0.0	0.0	0.0
-10.327203729999999	0.0028028370000000003	3.60543423e-05	0.00025566476	6.171356000000001e-05	0.0	0.0	0.0	0.0	0.0
-10.303203730000002	0.00066797712	8.590855500000001e-06	6.093472999999999e-05	1.4709134200000002e-05	0.0	0.0	0.0	0.0	0.0
-10.27820373	0.00014114227499999998	1.81530076e-06	1.2874960799999998e-05	3.1077392000000002e-06	0.0	0.0	0.0	0.0	0.0
-10.253203730000001	2.6439966e-05	3.4000018000000004e-07	2.4119275e-06	5.8227523e-07	0.0	0.0	0.0	0.0	0.0
-10.22920373	4.3908986e-06	5.646710900000001e-08	4.0049887e-07	9.668871400000002e-08	0.0	0.0	0.0	0.0	0.0
-10.204203730000001	6.464641000000001e-07	8.312049799999998e-09	5.8968081e-08	1.4234357499999998e-08	0.0	0.0	0.0	0.0	0.0
-10.17920373	8.436894200000002e-08	1.0848669200000001e-09	7.695895200000001e-09	1.8578126599999999e-09	0.0	0.0	0.0	0.0	0.0
-10.155203730000002	9.760735000000002e-09	1.25521221e-10	8.9038548e-10	2.1493368300000001e-10	0.0	0.0	0.0	0.0	0.0
-10.13020373	1.0009948700000003e-09	1.2872300600000002e-11	9.131736100000001e-11	2.20430417e-11	0.0	0.0	0.0	0.0	0.0
-10.105203730000001	9.0995181e-11	1.1701692099999999e-12	8.3015565e-12	2.0037790799999995e-12	0.0	0.0	0.0	0.0	0.0
-10.08120373	7.3331856e-12	9.429816199999999e-14	6.688675300000001e-13	1.6148393899999996e-13	0.0	0.0	0.0	0.0	0.0
-10.056203730000002	5.270263099999999e-13	6.7768931e-15	4.8073177e-14	1.16074478e-14	0.0	0.0	0.0	0.0	0.0
-10.03120373	3.4369329e-14	4.420399080000001e-16	3.135573e-15	7.569074400000001e-16	0.0	0.0	0.0	0.0	0.0
-10.007203729999999	0.0	0.0	0.0	0.0	0.0	0.0	0.0	0.0	0.0
-9.98220373	0.0	0.0	0.0	0.0	0.0	0.0	0.0	0.0	0.0
-9.95820373	0.0	0.0	0.0	0.0	0.0	0.0	0.0	0.0	0.0
-9.93320373	0.0	0.0	0.0	0.0	0.0	0.0	0.0	0.0	0.0
-9.908203729999999	0.0	0.0	0.0	0.0	0.0	0.0	0.0	0.0	0.0
-9.884203730000001	0.0	0.0	0.0	0.0	0.0	0.0	0.0	0.0	0.0
-9.859203729999999	0.0	0.0	0.0	0.0	0.0	0.0	0.0	0.0	0.0
-9.83420373	0.0	0.0	0.0	0.0	0.0	0.0	0.0	0.0	0.0
-9.81020373	0.0	0.0	0.0	0.0	0.0	0.0	0.0	0.0	0.0
-9.785203730000001	0.0	0.0	0.0	0.0	0.0	0.0	0.0	0.0	0.0
-9.760203729999999	0.0	0.0	0.0	0.0	0.0	0.0	0.0	0.0	0.0
-9.736203730000001	0.0	0.0	0.0	0.0	0.0	0.0	0.0	0.0	0.0
-9.71120373	0.0	0.0	0.0	0.0	0.0	0.0	0.0	0.0	0.0
-9.68620373	0.0	0.0	0.0	0.0	0.0	0.0	0.0	0.0	0.0
-9.66220373	0.0	0.0	0.0	0.0	0.0	0.0	0.0	0.0	0.0
-9.637203730000001	0.0	0.0	0.0	0.0	0.0	0.0	0.0	0.0	0.0
-9.61220373	0.0	0.0	0.0	0.0	0.0	0.0	0.0	0.0	0.0
-9.588203730000002	0.0	0.0	0.0	0.0	0.0	0.0	0.0	0.0	0.0
-9.56320373	0.0	0.0	0.0	0.0	0.0	0.0	0.0	0.0	0.0
-9.539203729999999	0.0	0.0	0.0	0.0	0.0	0.0	0.0	0.0	0.0
-9.51420373	0.0	0.0	0.0	0.0	0.0	0.0	0.0	0.0	0.0
-9.489203730000002	0.0	0.0	0.0	0.0	0.0	0.0	0.0	0.0	0.0
-9.46520373	0.0	0.0	0.0	0.0	0.0	0.0	0.0	0.0	0.0
-9.440203729999999	0.0	0.0	0.0	0.0	0.0	0.0	0.0	0.0	0.0
-9.41520373	0.0	0.0	0.0	0.0	0.0	0.0	0.0	0.0	0.0
-9.391203729999999	0.0	0.0	0.0	0.0	0.0	0.0	0.0	0.0	0.0
-9.36620373	0.0	0.0	0.0	0.0	0.0	0.0	0.0	0.0	0.0
-9.341203730000002	0.0	0.0	0.0	0.0	0.0	0.0	0.0	0.0	0.0
-9.317203730000001	0.0	0.0	0.0	0.0	0.0	0.0	0.0	0.0	0.0
-9.29220373	0.0	0.0	0.0	0.0	0.0	0.0	0.0	0.0	0.0
-9.26720373	0.0	0.0	0.0	0.0	0.0	0.0	0.0	0.0	0.0
-9.24320373	0.0	0.0	0.0	0.0	0.0	0.0	0.0	0.0	0.0
-9.21820373	0.0	0.0	0.0	0.0	0.0	0.0	0.0	0.0	0.0
-9.19320373	0.0	0.0	0.0	0.0	0.0	0.0	0.0	0.0	0.0
-9.16920373	0.0	0.0	0.0	0.0	0.0	0.0	0.0	0.0	0.0
-9.144203730000001	0.0	0.0	0.0	0.0	0.0	0.0	0.0	0.0	0.0
-9.12020373	0.0	0.0	0.0	0.0	0.0	0.0	0.0	0.0	0.0
-9.09520373	0.0	0.0	0.0	0.0	0.0	0.0	0.0	0.0	0.0
-9.070203730000001	0.0	0.0	0.0	0.0	0.0	0.0	0.0	0.0	0.0
-9.04620373	0.0	0.0	0.0	0.0	0.0	0.0	0.0	0.0	0.0
-9.02120373	0.0	0.0	0.0	0.0	0.0	0.0	0.0	0.0	0.0
-8.99620373	0.0	0.0	0.0	0.0	0.0	0.0	0.0	0.0	0.0
-8.97220373	0.0	0.0	0.0	0.0	0.0	0.0	0.0	0.0	0.0
-8.94720373	0.0	0.0	0.0	0.0	0.0	0.0	0.0	0.0	0.0
-8.92220373	0.0	0.0	0.0	0.0	0.0	0.0	0.0	0.0	0.0
-8.89820373	0.0	0.0	0.0	0.0	0.0	0.0	0.0	0.0	0.0
-8.87320373	0.0	0.0	0.0	0.0	0.0	0.0	0.0	0.0	0.0
-8.84820373	0.0	0.0	0.0	0.0	0.0	0.0	0.0	0.0	0.0
-8.82420373	0.0	0.0	0.0	0.0	0.0	0.0	0.0	0.0	0.0
-8.79920373	0.0	0.0	0.0	0.0	0.0	0.0	0.0	0.0	0.0
-8.77420373	0.0	0.0	0.0	0.0	0.0	0.0	0.0	0.0	0.0
-8.75020373	0.0	0.0	0.0	0.0	0.0	0.0	0.0	0.0	0.0
-8.72520373	0.0	0.0	0.0	0.0	0.0	0.0	0.0	0.0	0.0
-8.70020373	0.0	0.0	0.0	0.0	0.0	0.0	0.0	0.0	0.0
-8.676203730000001	1.4618424999999998e-14	1.4737822e-15	1.7004828000000003e-15	1.37701375e-15	0.0	0.0	0.0	0.0	0.0
-8.65120373	2.3389980999999996e-13	2.3580749000000003e-14	2.7210322e-14	2.2032804e-14	0.0	0.0	0.0	0.0	0.0
-8.62720373	3.3526525999999997e-12	3.379764e-13	3.8997193999999993e-13	3.1579758e-13	0.0	0.0	0.0	0.0	0.0
-8.60220373	4.282178e-11	4.3167072e-12	4.9803098e-12	4.0330606000000005e-12	0.0	0.0	0.0	0.0	0.0
-8.57720373	4.848466699999999e-10	4.887458e-11	5.6405757000000015e-11	4.5672963e-11	0.0	0.0	0.0	0.0	0.0
-8.55320373	4.8660737e-09	4.905457e-10	5.659782999999999e-10	4.5837243e-10	0.0	0.0	0.0	0.0	0.0
-8.52820373	4.328969899999999e-08	4.3643548e-09	5.0348422e-09	4.0771707000000005e-09	0.0	0.0	0.0	0.0	0.0
-8.503203730000001	3.4141469e-07	3.4422539e-08	3.9706432999999994e-08	3.2160319999999994e-08	0.0	0.0	0.0	0.0	0.0
-8.47920373	2.3869012000000005e-06	2.4062497e-07	2.7769489e-07	2.2483778e-07	0.0	0.0	0.0	0.0	0.0
-8.45420373	1.4794693299999998e-05	1.4912993e-06	1.7208001999999998e-06	1.3934737400000001e-06	0.0	0.0	0.0	0.0	0.0
-8.429203730000001	8.1278691e-05	8.193837e-06	9.454352e-06	7.656544599999999e-06	0.0	0.0	0.0	0.0	0.0
-8.40520373	0.00039591431	3.9907182e-05	4.604562600000001e-05	3.729944400000001e-05	0.0	0.0	0.0	0.0	0.0
-8.38020373	0.0017098429099999999	0.00017235155	0.00019885189000000002	0.0001610511	0.0	0.0	0.0	0.0	0.0
-8.35520373	0.0065451706	0.000659874	0.00076145257	0.0006166012000000001	0.0	0.0	0.0	0.0	0.0
-8.33120373	0.022220785	0.0022399234	0.0025846382000000003	0.002092925	0.0	0.0	0.0	0.0	0.0
-8.30620373	0.066867862	0.006740931	0.007778939000000001	0.0062993526	0.0	0.0	0.0	0.0	0.0
-8.28120373	0.178445641	0.017987819	0.020758539	0.016808265	0.0	0.0	0.0	0.0	0.0
-8.25720373	0.42210249000000005	0.042554504	0.04909578	0.039758545	0.0	0.0	0.0	0.0	0.0
-8.23220373	0.88545704	0.08924959	0.10299401000000002	0.08340040399999998	0.0	0.0	0.0	0.0	0.0
-8.208203730000001	1.6466453199999997	0.16600219000000002	0.19153266000000002	0.15511463	0.0	0.0	0.0	0.0	0.0
-8.18320373	2.7154651000000003	0.2737408	0.31587387	0.25578597	0.0	0.0	0.0	0.0	0.0
-8.15820373	3.9702999	0.40023527	0.4618264	0.37397263000000003	0.0	0.0	0.0	0.0	0.0
-8.13420373	5.147124700000001	0.5189159999999999	0.59873214	0.4847985	0.0	0.0	0.0	0.0	0.0
-8.10920373	5.917215400000001	0.5964783	0.6883168599999999	0.55728486	0.0	0.0	0.0	0.0	0.0
-8.08420373	6.029949400000001	0.6079397	0.70147336	0.5679569699999999	0.0	0.0	0.0	0.0	0.0
-8.06020373	5.449689299999999	0.5493855000000001	0.63401303	0.51332891	0.0	0.0	0.0	0.0	0.0
-8.035203730000001	4.3668982	0.44027614000000004	0.50800928	0.41132207	0.0	0.0	0.0	0.0	0.0
-8.01020373	3.1027488	0.31281574999999995	0.36094306000000004	0.2922544	0.0	0.0	0.0	0.0	0.0
-7.98620373	1.9546079	0.19703836000000002	0.22740560999999998	0.18411282000000004	0.0	0.0	0.0	0.0	0.0
-7.961203729999999	1.09173452	0.11005784999999998	0.12699778	0.102848076	0.0	0.0	0.0	0.0	0.0
-7.936203730000001	0.5406803099999999	0.054509119999999994	0.06289812200000001	0.050930334	0.0	0.0	0.0	0.0	0.0
-7.91220373	0.2374132	0.023935418	0.027621609999999998	0.022364465	0.0	0.0	0.0	0.0	0.0
-7.8872037299999995	0.092440154	0.009318258	0.010752612	0.008708158	0.0	0.0	0.0	0.0	0.0
-7.862203730000001	0.031908945	0.0032167374999999996	0.0037121457	0.0030056193	0.0	0.0	0.0	0.0	0.0
-7.83820373	0.0097650534	0.0009844378	0.0011359681000000003	0.0009198665299999999	0.0	0.0	0.0	0.0	0.0
-7.81320373	0.0026496741	0.00026711861	0.00030822656	0.00024960271	0.0	0.0	0.0	0.0	0.0
-7.7892037300000005	0.00063746469	6.426097e-05	7.415639e-05	6.004698e-05	0.0	0.0	0.0	0.0	0.0
-7.76420373	0.00013595153	1.3705854999999997e-05	1.5813669e-05	1.28058214e-05	0.0	0.0	0.0	0.0	0.0
-7.73920373	2.5705628e-05	2.5914252e-06	2.9903183000000003e-06	2.4213700000000002e-06	0.0	0.0	0.0	0.0	0.0
-7.715203730000001	4.3087285e-06	4.3434752e-07	5.011928e-07	4.0584787e-07	0.0	0.0	0.0	0.0	0.0
-7.69020373	6.4028607e-07	6.455026e-08	7.447669200000001e-08	6.030798899999999e-08	0.0	0.0	0.0	0.0	0.0
-7.66520373	8.435190400000001e-08	8.502098e-09	9.811097999999999e-09	7.9456612e-09	0.0	0.0	0.0	0.0	0.0
-7.641203730000001	9.848786899999998e-09	9.928646e-10	1.1457246999999999e-09	9.2781755e-10	0.0	0.0	0.0	0.0	0.0
-7.6162037300000005	1.01955545e-09	1.0279024999999999e-10	1.1859694e-10	9.6033357e-11	0.0	0.0	0.0	0.0	0.0
-7.59120373	9.355274399999998e-11	9.432305e-12	1.0882737e-11	8.8124773e-12	0.0	0.0	0.0	0.0	0.0
-7.567203730000001	7.6113928e-12	7.67414e-13	8.854439e-13	7.169581499999999e-13	0.0	0.0	0.0	0.0	0.0
-7.542203730000001	5.457521700000001e-13	5.5020890000000006e-14	6.3481027e-14	5.1417278e-14	0.0	0.0	0.0	0.0	0.0
-7.51720373	3.8985099000000005e-14	3.9298984e-15	4.5347129e-15	3.6720596e-15	0.0	0.0	0.0	0.0	0.0
-7.493203729999999	9.054529e-15	1.108889578e-15	5.14845657e-16	1.9844612810000004e-15	0.0	0.0	0.0	0.0	0.0
-7.468203730000001	1.561664e-13	1.91289704e-14	8.8814155e-15	3.4229028919999995e-14	0.0	0.0	0.0	0.0	0.0
-7.4432037300000005	2.2837710000000002e-12	2.79725678e-13	1.2986624859999998e-13	5.005503636999999e-13	0.0	0.0	0.0	0.0	0.0
-7.4192037299999996	2.958225e-11	3.62315235e-12	1.682312658e-12	6.4843973989999995e-12	0.0	0.0	0.0	0.0	0.0
-7.394203730000001	3.3974760000000005e-10	4.1609453300000003e-11	1.932156317e-11	7.447590057e-11	0.0	0.0	0.0	0.0	0.0
-7.37020373	3.4590280000000004e-09	4.23689866e-10	1.967099052e-10	7.580863162999999e-10	0.0	0.0	0.0	0.0	0.0
-7.34520373	3.121621e-08	3.8241264199999995e-09	1.7752177150000003e-09	6.842124081e-09	0.0	0.0	0.0	0.0	0.0
-7.320203730000001	2.4973730000000006e-07	3.05837196e-08	1.420305752e-08	5.474176304999999e-08	0.0	0.0	0.0	0.0	0.0
-7.29620373	1.7711391e-06	2.16933585e-07	1.007218247e-07	3.881826953e-07	0.0	0.0	0.0	0.0	0.0
-7.27120373	1.1134814000000002e-05	1.36393705e-06	6.33278681e-07	2.4407823890000004e-06	0.0	0.0	0.0	0.0	0.0
-7.2462037299999995	6.206233e-05	7.602426660000001e-06	3.5294773500000005e-06	1.3603546700000002e-05	0.0	0.0	0.0	0.0	0.0
-7.22220373	0.00030666119999999997	3.7554929600000004e-05	1.7439329949999997e-05	6.722307486e-05	0.0	0.0	0.0	0.0	0.0
-7.19720373	0.0013433242	0.000164549538	7.640378429999999e-05	0.00029446284160000003	0.0	0.0	0.0	0.0	0.0
-7.17220373	0.005217193000000001	0.000639074228	0.000296711369	0.0011435027094	0.0	0.0	0.0	0.0	0.0
-7.1482037300000005	0.017964704	0.00220046851	0.001021647682	0.003937489497	0.0	0.0	0.0	0.0	0.0
-7.12320373	0.05484343	0.006717196199999999	0.00311906307	0.012020990554000001	0.0	0.0	0.0	0.0	0.0
-7.09820373	0.14844153999999998	0.0181832475	0.00844275151	0.03253668539	0.0	0.0	0.0	0.0	0.0
-7.074203730000001	0.3562373	0.04363448809999999	0.02025832477	0.07808840841	0.0	0.0	0.0	0.0	0.0
-7.04920373	0.7579844999999998	0.09283750860000001	0.0431094805	0.16614472470000002	0.0	0.0	0.0	0.0	0.0
-7.02420373	1.4299387	0.17515574	0.0813181562	0.3134446785	0.0	0.0	0.0	0.0	0.0
-7.000203730000001	2.3920470000000003	0.293009238	0.1360259822	0.5243903323	0.0	0.0	0.0	0.0	0.0
-6.9752037300000005	3.5477749999999997	0.43450533599999996	0.2017566245	0.7776504915999999	0.0	0.0	0.0	0.0	0.0
-6.95020373	4.665553000000001	0.571383716	0.265312029	1.0226915042	0.0	0.0	0.0	0.0	0.0
-6.926203730000001	5.44024	0.666278625	0.309378408	1.1923771678	0.0	0.0	0.0	0.0	0.0
-6.901203730000001	5.624616999999999	0.688832463	0.319864318	1.2328570696	0.0	0.0	0.0	0.0	0.0
-6.87720373	5.156101	0.6315816160000001	0.293218196	1.1301915088	0.0	0.0	0.0	0.0	0.0
-6.852203729999999	4.1909730000000005	0.513297962	0.238348605	0.9186784025	0.0	0.0	0.0	0.0	0.0
-6.827203730000001	3.020458	0.36993190900000006	0.17178266940000003	0.6620172507	0.0	0.0	0.0	0.0	0.0
-6.80320373	1.930405	0.23643076700000001	0.1097723714	0.42308460270000003	0.0	0.0	0.0	0.0	0.0
-6.7782037299999995	1.0935829	0.133964912	0.06219874480000001	0.23971527950000002	0.0	0.0	0.0	0.0	0.0
-6.753203730000001	0.5494547999999998	0.067299488	0.031247996	0.12042246170999998	0.0	0.0	0.0	0.0	0.0
-6.72920373	0.2447337	0.0299765205	0.01391858143	0.05365052019	0.0	0.0	0.0	0.0	0.0
-6.70420373	0.09665351000000001	0.01183788582	0.005496635599999999	0.021186451860000004	0.0	0.0	0.0	0.0	0.0
-6.679203730000001	0.03384518999999999	0.0041451284	0.0019247862889999999	0.007418597234	0.0	0.0	0.0	0.0	0.0
-6.65520373	0.010507553999999999	0.0012870508399999998	0.0005975500040000001	0.002303094691	0.0	0.0	0.0	0.0	0.0
-6.63020373	0.00289219	0.00035424915799999997	0.0001644706214	0.0006339544084999998	0.0	0.0	0.0	0.0	0.0
-6.6052037299999995	0.0007057739999999999	8.64493074e-05	4.0136203100000004e-05	0.00015469224370000002	0.0	0.0	0.0	0.0	0.0
-6.58120373	0.00015267637	1.8702864999999998e-05	8.68271663e-06	3.346607612e-05	0.0	0.0	0.0	0.0	0.0
-6.55620373	2.9287100000000006e-05	3.58710745e-06	1.6653619940000002e-06	6.419234448000001e-06	0.0	0.0	0.0	0.0	0.0
-6.53120373	4.979878e-06	6.099021260000001e-07	2.83194007e-07	1.0913925484e-06	0.0	0.0	0.0	0.0	0.0
-6.5072037300000005	7.506905999999999e-07	9.19423591e-08	4.26938749e-08	1.6453410739999998e-07	0.0	0.0	0.0	0.0	0.0
-6.48220373	1.0031052999999999e-07	1.22862393e-08	5.704014e-09	2.198628769e-08	0.0	0.0	0.0	0.0	0.0
-6.458203730000001	1.1883207e-08	1.45541747e-09	6.757714240000001e-10	2.6044225779999996e-09	0.0	0.0	0.0	0.0	0.0
-6.433203730000001	1.2477849e-09	1.5283017699999997e-10	7.096291039999999e-11	2.734936571e-10	0.0	0.0	0.0	0.0	0.0
-6.40820373	1.1614026000000001e-10	1.42273087e-11	6.60548706e-12	2.545808632e-11	0.0	0.0	0.0	0.0	0.0
-6.384203729999999	9.578565e-12	1.173292303e-12	5.44701981e-13	2.0995379210000003e-12	0.0	0.0	0.0	0.0	0.0
-6.359203730000001	7.062002000000001e-13	8.649384079999998e-14	4.0158670199999996e-14	1.5478184669999998e-13	0.0	0.0	0.0	0.0	0.0
-6.3342037300000005	4.526729999999999e-14	5.54505384e-15	2.5744782829999997e-15	9.921788902999999e-15	0.0	0.0	0.0	0.0	0.0
-6.31020373	0.0	0.0	0.0	0.0	0.0	0.0	0.0	0.0	0.0
-6.285203730000001	0.0	0.0	0.0	0.0	0.0	0.0	0.0	0.0	0.0
-6.260203730000001	0.0	0.0	0.0	0.0	0.0	0.0	0.0	0.0	0.0
-6.23620373	0.0	0.0	0.0	0.0	0.0	0.0	0.0	0.0	0.0
-6.211203729999999	0.0	0.0	0.0	0.0	0.0	0.0	0.0	0.0	0.0
-6.186203730000001	0.0	0.0	0.0	0.0	0.0	0.0	0.0	0.0	0.0
-6.16220373	0.0	0.0	0.0	0.0	0.0	0.0	0.0	0.0	0.0
-6.1372037299999995	0.0	0.0	0.0	0.0	0.0	0.0	0.0	0.0	0.0
-6.112203730000001	0.0	0.0	0.0	0.0	0.0	0.0	0.0	0.0	0.0
-6.08820373	0.0	0.0	0.0	0.0	0.0	0.0	0.0	0.0	0.0
-6.06320373	0.0	0.0	0.0	0.0	0.0	0.0	0.0	0.0	0.0
-6.0392037300000005	0.0	0.0	0.0	0.0	0.0	0.0	0.0	0.0	0.0
-6.01420373	0.0	0.0	0.0	0.0	0.0	0.0	0.0	0.0	0.0
-5.98920373	0.0	0.0	0.0	0.0	0.0	0.0	0.0	0.0	0.0
-5.965203730000001	0.0	0.0	0.0	0.0	0.0	0.0	0.0	0.0	0.0
-5.94020373	0.0	0.0	0.0	0.0	0.0	0.0	0.0	0.0	0.0
-5.91520373	0.0	0.0	0.0	0.0	0.0	0.0	0.0	0.0	0.0
-5.891203730000001	0.0	0.0	0.0	0.0	0.0	0.0	0.0	0.0	0.0
-5.8662037300000005	0.0	0.0	0.0	0.0	0.0	0.0	0.0	0.0	0.0
-5.84120373	0.0	0.0	0.0	0.0	0.0	0.0	0.0	0.0	0.0
-5.817203730000001	0.0	0.0	0.0	0.0	0.0	0.0	0.0	0.0	0.0
-5.792203730000001	0.0	0.0	0.0	0.0	0.0	0.0	0.0	0.0	0.0
-5.76720373	0.0	0.0	0.0	0.0	0.0	0.0	0.0	0.0	0.0
-5.743203729999999	0.0	0.0	0.0	0.0	0.0	0.0	0.0	0.0	0.0
-5.718203730000001	0.0	0.0	0.0	0.0	0.0	0.0	0.0	0.0	0.0
-5.6932037300000005	0.0	0.0	0.0	0.0	0.0	0.0	0.0	0.0	0.0
-5.6692037299999996	0.0	0.0	0.0	0.0	0.0	0.0	0.0	0.0	0.0
-5.644203730000001	0.0	0.0	0.0	0.0	0.0	0.0	0.0	0.0	0.0
-5.62020373	1.03260061e-15	4.1894069296e-16	7.4375136e-16	5.014384789999999e-16	0.0	0.0	0.0	0.0	0.0
-5.59520373	2.3747430000000002e-14	9.635544878e-15	1.71080565e-14	1.153068096e-14	0.0	0.0	0.0	0.0	0.0
-5.570203730000001	3.5727764999999997e-13	1.4494679824e-13	2.57363487e-13	1.7346704650000002e-13	0.0	0.0	0.0	0.0	0.0
-5.54620373	4.8645715e-12	1.9734356737e-12	3.50442032e-12	2.36186623e-12	0.0	0.0	0.0	0.0	0.0
-5.52120373	5.8653272e-11	2.3795887643999998e-11	4.224927e-11	2.8478336899999998e-11	0.0	0.0	0.0	0.0	0.0
-5.4962037299999995	6.2701156e-10	2.543503363e-10	4.51639228e-10	3.04397482e-10	0.0	0.0	0.0	0.0	0.0
-5.47220373	5.9405361999999995e-09	2.4100958997e-09	4.279045780000001e-09	2.88435385e-09	0.0	0.0	0.0	0.0	0.0
-5.44720373	4.989691799999999e-08	2.0243502625e-08	3.59464557e-08	2.4224585900000002e-08	0.0	0.0	0.0	0.0	0.0
-5.42220373	3.7152650000000005e-07	1.5072258332e-07	2.6762873800000005e-07	1.803807459e-07	0.0	0.0	0.0	0.0	0.0
-5.3982037300000005	2.4521855e-06	9.948949642e-07	1.7665385599999998e-06	1.1905431749999999e-06	0.0	0.0	0.0	0.0	0.0
-5.37320373	1.4350896599999999e-05	5.821617426999999e-06	1.0337043899999998e-05	6.96745838e-06	0.0	0.0	0.0	0.0	0.0
-5.34820373	7.444197799999998e-05	3.0199222432999997e-05	5.36199833e-05	3.61466464e-05	0.0	0.0	0.0	0.0	0.0
-5.324203730000001	0.0003423513700000001	0.00013889463514999998	0.00024661031199999997	0.00016621431569999997	0.0	0.0	0.0	0.0	0.0
-5.29920373	0.0013959285000000007	0.0005662423082999999	0.00100550453	0.0006777673879999999	0.0	0.0	0.0	0.0	0.0
-5.27420373	0.005046069200000001	0.0020472126812	0.00363528583	0.0024497869	0.0	0.0	0.0	0.0	0.0
-5.250203730000001	0.016170264000000004	0.0065602624169999995	0.011648344299999999	0.007850817739999998	0.0	0.0	0.0	0.0	0.0
-5.2252037300000005	0.04595413100000001	0.018642889739999998	0.033102603800000005	0.02231003976	0.0	0.0	0.0	0.0	0.0
-5.20120373	0.115778448	0.0469732835	0.083392763	0.056213978899999996	0.0	0.0	0.0	0.0	0.0
-5.176203730000001	0.2586302000000001	0.1049460665	0.18629507500000003	0.1255786842	0.0	0.0	0.0	0.0	0.0
-5.151203730000001	0.51235591	0.20793492799999996	0.36901572699999996	0.248747021	0.0	0.0	0.0	0.0	0.0
-5.12720373	0.9001243000000001	0.365527846	0.6480896199999999	0.436973178	0.0	0.0	0.0	0.0	0.0
-5.102203729999999	1.4033510000000002	0.57056231	1.00972791	0.681063219	0.0	0.0	0.0	0.0	0.0
-5.077203730000001	1.9434153	0.7924802599999999	1.3959299600000001	0.942555468	0.0	0.0	0.0	0.0	0.0
-5.05320373	2.3968084000000007	0.9846438900000001	1.7148754099999997	1.160699926	0.0	0.0	0.0	0.0	0.0
-5.0282037299999995	2.648739	1.1073689699999998	1.8773142099999998	1.278393891	0.0	0.0	0.0	0.0	0.0
-5.003203730000001	2.6610500000000004	1.15709675	1.84430537	1.2736611899999999	0.0	0.0	0.0	0.0	0.0
-4.97920373	2.5052289999999995	1.1785523500000001	1.6526848999999997	1.17801898	0.0	0.0	0.0	0.0	0.0
-4.95420373	2.33059	1.24648667	1.3969578	1.0601889400000002	0.0	0.0	0.0	0.0	0.0
-4.929203730000001	2.27975	1.42008116	1.1779774	0.98943807	0.0	0.0	0.0	0.0	0.0
-4.90520373	2.400768	1.6964962200000002	1.0523495	0.9942930699999999	0.0	0.0	0.0	0.0	0.0
-4.88020373	2.6178660000000002	1.99695677	1.0098809999999998	1.0494600799999998	0.0	0.0	0.0	0.0	0.0
-4.8552037299999995	2.7748735000000004	2.19802318	0.9940437	1.09306537	0.0	0.0	0.0	0.0	0.0
-4.83120373	2.7273973999999996	2.19712131	0.94280106	1.06575697	0.0	0.0	0.0	0.0	0.0
-4.80620373	2.4249435999999998	1.96731543	0.82516638	0.94425192	0.0	0.0	0.0	0.0	0.0
-4.78120373	1.9275481699999997	1.56847534	0.65159206	0.74945705	0.0	0.0	0.0	0.0	0.0
-4.7572037300000005	1.3633579999999996	1.11078494	0.45964483	0.52970636	0.0	0.0	0.0	0.0	0.0
-4.73220373	0.8562213740000002	0.6978443019999999	0.28833661299999996	0.33264063	0.0	0.0	0.0	0.0	0.0
-4.708203730000001	0.4771048380000001	0.38890859899999997	0.16059300299999998	0.18531355600000002	0.0	0.0	0.0	0.0	0.0
-4.683203730000001	0.23574659560000003	0.192185778	0.07933277	0.091562098	0.0	0.0	0.0	0.0	0.0
-4.65820373	0.103297075	0.08422016199999999	0.034756494	0.040122172000000005	0.0	0.0	0.0	0.0	0.0
-4.634203729999999	0.0401243565	0.032722906600000004	0.0135040262	0.015586802	0.0	0.0	0.0	0.0	0.0
-4.609203730000001	0.0138316157	0.011275806300000002	0.004657312	0.005374152300000001	0.0	0.0	0.0	0.0	0.0
-4.5842037300000005	0.0042713290999999995	0.0034722085000000002	0.0014534018	0.0016724271	0.0	0.0	0.0	0.0	0.0
-4.56020373	0.001377988	0.0010733202	0.00053945269	0.00059843735	0.0	0.0	0.0	0.0	0.0
-4.535203730000001	0.0012565003000000001	0.0008142698999999999	0.00073940113	0.0007524024	0.0	0.0	0.0	0.0	0.0
-4.510203730000001	0.0036980873999999998	0.0022360461	0.0024173876500000004	0.00241562976	0.0	0.0	0.0	0.0	0.0
-4.48620373	0.011969216999999997	0.007198489	0.007881106700000001	0.0078667637	0.0	0.0	0.0	0.0	0.0
-4.461203729999999	0.034832973	0.020946145	0.0229475551	0.0229019437	0.0	0.0	0.0	0.0	0.0
-4.436203730000001	0.089958522	0.05408555	0.05926090999999999	0.05914672780000001	0.0	0.0	0.0	0.0	0.0
-4.41220373	0.20600959999999996	0.12385861000000001	0.13571583899999998	0.135432396	0.0	0.0	0.0	0.0	0.0
-4.3872037299999995	0.4182480799999999	0.25146819	0.275546976	0.27494756000000004	0.0	0.0	0.0	0.0	0.0
-4.362203730000001	0.7527890500000002	0.45264859999999996	0.49598979	0.49495579	0.0	0.0	0.0	0.0	0.0
-4.33820373	1.2015235900000005	0.7225844000000001	0.7916598300000001	0.7900510430000001	0.0	0.0	0.0	0.0	0.0
-4.31320373	1.7005142199999999	1.0224547	1.1203038399999998	1.1179628599999998	0.0	0.0	0.0	0.0	0.0
-4.2892037300000005	2.1338446999999996	1.2830823	1.4057192100000002	1.40293929	0.0	0.0	0.0	0.0	0.0
-4.26420373	2.3742692000000005	1.4276096999999996	1.5640723299999997	1.56083621	0.0	0.0	0.0	0.0	0.0
-4.23920373	2.3421845	1.408324	1.5430031500000003	1.5399316200000002	0.0	0.0	0.0	0.0	0.0
-4.215203730000001	2.0488411	1.231845	1.3498099399999999	1.34696362	0.0	0.0	0.0	0.0	0.0
-4.19020373	1.58912788	0.9555538	1.04685366	1.04471001	0.0	0.0	0.0	0.0	0.0
-4.16520373	1.09277019	0.6571487	0.7198425600000001	0.7185014789999999	0.0	0.0	0.0	0.0	0.0
-4.141203730000001	0.6662646	0.4006673	0.43899113	0.438094278	0.0	0.0	0.0	0.0	0.0
-4.1162037300000005	0.36025840000000003	0.21661571999999998	0.23733649300000004	0.23684428300000002	0.0	0.0	0.0	0.0	0.0
-4.09120373	0.17269911999999996	0.10383167	0.11377463299999999	0.11353303200000002	0.0	0.0	0.0	0.0	0.0
-4.067203730000001	0.07340206199999999	0.0441364	0.048353847	0.048263757600000005	0.0	0.0	0.0	0.0	0.0
-4.042203730000001	0.027666858000000003	0.016633680999999997	0.018225111000000002	0.018186805	0.0	0.0	0.0	0.0	0.0
-4.01720373	0.009282517099999998	0.00557274	0.0061042025	0.0060940071	0.0	0.0	0.0	0.0	0.0
-3.9932037299999994	0.0029417197	0.0017238225	0.0018859678000000002	0.00188680299	0.0	0.0	0.0	0.0	0.0
-3.968203730000001	0.0016215060000000002	0.0007771710999999999	0.00083931276	0.0008595978999999999	0.0	0.0	0.0	0.0	0.0
-3.9432037300000005	0.0037108049999999997	0.0014575917	0.0015493749	0.0016398689	0.0	0.0	0.0	0.0	0.0
-3.9192037299999996	0.012403116	0.004770451	0.0050602754	0.005406538	0.0	0.0	0.0	0.0	0.0
-3.894203730000001	0.03841983300000001	0.014794894999999999	0.015698057	0.016877064	0.0	0.0	0.0	0.0	0.0
-3.87020373	0.10616700999999999	0.04102733100000001	0.043535839	0.047137305	0.0	0.0	0.0	0.0	0.0
-3.8452037299999997	0.26135659999999994	0.10137614000000002	0.10761136	0.11740297	0.0	0.0	0.0	0.0	0.0
-3.820203730000001	0.5733296400000001	0.22334433999999997	0.23719271	0.26093375	0.0	0.0	0.0	0.0	0.0
-3.79620373	1.1212553000000003	0.43898620000000005	0.46630612000000005	0.51782641	0.0	0.0	0.0	0.0	0.0
-3.77120373	1.9569135999999998	0.7700516000000001	0.8183239999999999	0.9180821	0.0	0.0	0.0	0.0	0.0
-3.7462037299999995	3.0489032000000003	1.2067852	1.2828621	1.4546988	0.0	0.0	0.0	0.0	0.0
-3.7222037300000004	4.2432483	1.6896412	1.7970271000000002	2.0609345	0.0	0.0	0.0	0.0	0.0
-3.69720373	5.2777882	2.1152351	2.2507469	2.6113531999999995	0.0	0.0	0.0	0.0	0.0
-3.6722037299999997	5.869300900000002	2.368045	2.5204003	2.9593456	0.0	0.0	0.0	0.0	0.0
-3.6482037300000005	5.837051000000001	2.3709706	2.5251785	2.9996087	0.0	0.0	0.0	0.0	0.0
-3.62320373	5.191957600000001	2.1232156	2.2623456	2.7184833	0.0	0.0	0.0	0.0	0.0
-3.59820373	4.1306793000000015	1.7003327	1.8126625	2.2023199	0.0	0.0	0.0	0.0	0.0
-3.5742037300000007	2.9384885999999995	1.2172679	1.2982255999999999	1.5940894	0.0	0.0	0.0	0.0	0.0
-3.5492037300000003	1.8686725	0.7788100000000001	0.83103329	1.03029759	0.0	0.0	0.0	0.0	0.0
-3.52420373	1.0619716	0.44514620000000005	0.47509791999999995	0.59443904	0.0	0.0	0.0	0.0	0.0
-3.500203730000001	0.53890188	0.22703925000000003	0.24242273000000003	0.30581349999999996	0.0	0.0	0.0	0.0	0.0
-3.4752037300000005	0.24409470000000003	0.10334573	0.110374933	0.140250587	0.0	0.0	0.0	0.0	0.0
-3.4512037299999996	0.09862841999999997	0.04192914	0.044799532999999996	0.057290785999999996	0.0	0.0	0.0	0.0	0.0
-3.426203730000001	0.035534678000000014	0.015167589999999996	0.016205604	0.020841818999999998	0.0	0.0	0.0	0.0	0.0
-3.4012037300000006	0.011461665000000001	0.004921168	0.005244451200000001	0.0067670422	0.0	0.0	0.0	0.0	0.0
-3.3772037299999997	0.0035500703000000003	0.0015879939999999997	0.0016229293	0.0020496804	0.0	0.0	0.0	0.0	0.0
-3.3522037299999994	0.002055727599999999	0.0011489372000000001	0.0009160636099999999	0.00095125	0.0	0.0	0.0	0.0	0.0
-3.327203730000001	0.0047396348000000015	0.0030190221999999997	0.0020699175	0.0017985126000000001	0.0	0.0	0.0	0.0	0.0
-3.30320373	0.015003252500000001	0.0096760093	0.0065379368	0.005564439	0.0	0.0	0.0	0.0	0.0
-3.2782037299999995	0.0436251523	0.0281558159	0.019007221	0.016154193	0.0	0.0	0.0	0.0	0.0
-3.253203730000001	0.11271257199999998	0.0727544172	0.049112354	0.041737336	0.0	0.0	0.0	0.0	0.0
-3.22920373	0.25825631299999996	0.166699948	0.112506805	0.0956283	0.0	0.0	0.0	0.0	0.0
-3.2042037299999997	0.524621967	0.33864575500000005	0.22856634999999997	0.1942458	0.0	0.0	0.0	0.0	0.0
-3.179203730000001	0.9449992900000002	0.610028889	0.41167515	0.3498798000000001	0.0	0.0	0.0	0.0	0.0
-3.15520373	1.5091047199999998	0.974123979	0.65744529	0.5587897	0.0	0.0	0.0	0.0	0.0
-3.13020373	2.1369540299999996	1.37936542	0.93113206	0.7913272	0.0	0.0	0.0	0.0	0.0
-3.1052037299999995	2.6833995099999997	1.7320112400000003	1.1690451	0.993604	0.0	0.0	0.0	0.0	0.0
-3.0812037300000004	2.9873147999999996	1.92817236	1.30153532	1.1060839	0.0	0.0	0.0	0.0	0.0
-3.05620373	2.94884836	1.90341771	1.2848336699999998	1.0918062	0.0	0.0	0.0	0.0	0.0
-3.0312037299999997	2.5821435899999994	1.66622718	1.12475762	0.9563104	0.0	0.0	0.0	0.0	0.0
-3.0072037300000005	2.0082625899999997	1.2939836700000003	0.87427997	0.7445487000000001	0.0	0.0	0.0	0.0	0.0
-2.98220373	1.3962294500000005	0.89349651	0.6064097599999999	0.519895	0.0	0.0	0.0	0.0	0.0
-2.958203730000001	0.89329825	0.553958285	0.38353415999999996	0.33934217	0.0	0.0	0.0	0.0	0.0
-2.9332037300000007	0.5903771000000001	0.32275522500000003	0.24254671	0.24061968	0.0	0.0	0.0	0.0	0.0
-2.9082037300000003	0.52836488	0.207487752	0.19667562	0.24600801	0.0	0.0	0.0	0.0	0.0
-2.8842037299999994	0.72263529	0.195146122	0.24686907	0.36981843999999997	0.0	0.0	0.0	0.0	0.0
-2.859203730000001	1.1699852499999996	0.266038648	0.38771592	0.6172059599999999	0.0	0.0	0.0	0.0	0.0
-2.8342037300000005	1.82939656	0.39653089	0.603360445	0.9710965600000001	0.0	0.0	0.0	0.0	0.0
-2.8102037299999996	2.5966441000000007	0.5545422900000001	0.859786556	1.3776869	0.0	0.0	0.0	0.0	0.0
-2.785203730000001	3.3128074999999995	0.69874169	1.1094459319999999	1.7507294	0.0	0.0	0.0	0.0	0.0
-2.7602037300000006	3.8241622	0.7898827199999998	1.3100179389999997	2.0042507	0.0	0.0	0.0	0.0	0.0
-2.7362037299999997	4.065489599999999	0.8067216100000001	1.45166103	2.0970941	0.0	0.0	0.0	0.0	0.0
-2.7112037299999994	4.0997919	0.75726169	1.5648660900000002	2.0572274	0.0	0.0	0.0	0.0	0.0
-2.686203730000001	4.071933	0.6723322199999999	1.6972126599999997	1.9613402	0.0	0.0	0.0	0.0	0.0
-2.66220373	4.0963195	0.5859936800000001	1.86922936	1.8802939	0.0	0.0	0.0	0.0	0.0
-2.6372037299999995	4.165527999999998	0.51642011	2.04324254	1.830858	0.0	0.0	0.0	0.0	0.0
-2.612203730000001	4.155196999999999	0.46092922000000003	2.1354906600000003	1.770549	0.0	0.0	0.0	0.0	0.0
-2.58820373	3.9166925000000004	0.40478083	2.06614729	1.6385516	0.0	0.0	0.0	0.0	0.0
-2.5632037299999997	3.3909096	0.33684809	1.81307788	1.4047546300000002	0.0	0.0	0.0	0.0	0.0
-2.5392037300000005	2.6505605000000005	0.258025163	1.42666862	1.09258688	0.0	0.0	0.0	0.0	0.0
-2.51420373	1.8534136799999998	0.17868731499999999	1.0008009100000002	0.76217068	0.0	0.0	0.0	0.0	0.0
-2.48920373	1.1541207799999997	0.11070338639999998	0.62411218	0.47397026	0.0	0.0	0.0	0.0	0.0
-2.4652037300000007	0.6384434099999999	0.061114924	0.345470958	0.26205216	0.0	0.0	0.0	0.0	0.0
-2.4402037300000003	0.31358484999999997	0.030012434999999997	0.169745651	0.128691547	0.0	0.0	0.0	0.0	0.0
-2.41520373	0.13711043800000003	0.0132789156	0.074114732	0.056179154999999995	0.0	0.0	0.0	0.0	0.0
-2.391203730000001	0.055068443999999994	0.0059866249	0.0293050972	0.022266231	0.0	0.0	0.0	0.0	0.0
-2.3662037300000005	0.02646205	0.0051293592	0.0124929649	0.009664513999999999	0.0	0.0	0.0	0.0	0.0
-2.34120373	0.032218716599999996	0.0113536647	0.011604291100000002	0.009423916599999999	0.0	0.0	0.0	0.0	0.0
-2.317203730000001	0.07692639900000002	0.0306980077	0.0251896181	0.020870639	0.0	0.0	0.0	0.0	0.0
-2.2922037300000007	0.18936742299999998	0.07651490279999999	0.061376171	0.05098278	0.0	0.0	0.0	0.0	0.0
-2.2672037300000003	0.42062541299999984	0.16994458099999998	0.136496698	0.11341154000000002	0.0	0.0	0.0	0.0	0.0
-2.2432037299999994	0.8321545000000001	0.335510036	0.27106318399999996	0.22523116999999998	0.0	0.0	0.0	0.0	0.0
-2.218203730000001	1.4668953900000001	0.589228194	0.48106153999999995	0.39968394	0.0	0.0	0.0	0.0	0.0
-2.1932037300000005	2.3114139	0.9228511	0.7662354000000001	0.6367627	0.0	0.0	0.0	0.0	0.0
-2.1692037299999996	3.2725634999999995	1.29360556	1.10346066	0.9171828000000001	0.0	0.0	0.0	0.0	0.0
-2.144203730000001	4.195	1.63255272	1.45188419	1.2071648	0.0	0.0	0.0	0.0	0.0
-2.12020373	4.9220498	1.87080655	1.7679603700000002	1.4705385	0.0	0.0	0.0	0.0	0.0
-2.0952037299999997	5.356101999999999	1.96942457	2.01996926	1.681155	0.0	0.0	0.0	0.0	0.0
-2.070203730000001	5.479620999999999	1.9311288700000002	2.18781189	1.821618	0.0	0.0	0.0	0.0	0.0
-2.04620373	5.3184078	1.7861810800000002	2.2512017	1.8756650000000001	0.0	0.0	0.0	0.0	0.0
-2.02120373	4.902670599999999	1.5694100400000002	2.1869079	1.8229898999999998	0.0	0.0	0.0	0.0	0.0
-1.9962037299999995	4.259627199999999	1.3076654	1.98100538	1.6518679000000003	0.0	0.0	0.0	0.0	0.0
-1.9722037300000004	3.4433838000000003	1.0233494600000002	1.65005139	1.3762941000000002	0.0	0.0	0.0	0.0	0.0
-1.94720373	2.5546970000000004	0.74203707	1.249021551	1.0419744	0.0	0.0	0.0	0.0	0.0
-1.9222037299999997	1.7197522499999998	0.49213964	0.8517053490000001	0.71047821	0.0	0.0	0.0	0.0	0.0
-1.8982037300000005	1.0416391700000003	0.295191235	0.519955497	0.43378992999999993	0.0	0.0	0.0	0.0	0.0
-1.8732037300000002	0.564459204	0.15907302299999998	0.28314113799999996	0.236261685	0.0	0.0	0.0	0.0	0.0
-1.8482037299999998	0.272968035	0.076765693	0.137353881	0.114619966	0.0	0.0	0.0	0.0	0.0
-1.8242037300000007	0.11828456199999998	0.033669858999999996	0.059733738999999994	0.049909803700000005	0.0	0.0	0.0	0.0	0.0
-1.7992037300000003	0.04871041500000001	0.015611274999999999	0.025065411000000003	0.0211721637	0.0	0.0	0.0	0.0	0.0
-1.77420373	0.028157926999999992	0.014380964999999999	0.015823052	0.0140533022	0.0	0.0	0.0	0.0	0.0
-1.7502037300000008	0.042340930000000006	0.030762782000000002	0.026056037999999997	0.0242153178	0.0	0.0	0.0	0.0	0.0
-1.7252037300000005	0.09863704	0.076371423	0.061863761	0.0579905403	0.0	0.0	0.0	0.0	0.0
-1.7012037299999996	0.22301623	0.1739223801	0.140150359	0.13155246199999998	0.0	0.0	0.0	0.0	0.0
-1.676203730000001	0.45163508999999996	0.3524899006	0.283822472	0.26650715599999997	0.0	0.0	0.0	0.0	0.0
-1.6512037300000006	0.81204581	0.633934476	0.51003264	0.479342544	0.0	0.0	0.0	0.0	0.0
-1.6272037299999997	1.2957532	1.012046088	0.8128766000000001	0.76516228	0.0	0.0	0.0	0.0	0.0
-1.6022037299999994	1.8370904	1.4359854300000001	1.14894111	1.08594101	0.0	0.0	0.0	0.0	0.0
-1.5772037300000008	2.3199834000000004	1.8174358499999999	1.44093445	1.37491681	0.0	0.0	0.0	0.0	0.0
-1.55320373	2.6263724999999996	2.0673931100000003	1.60442062	1.56571793	0.0	0.0	0.0	0.0	0.0
-1.5282037299999995	2.702355	2.15036377	1.5891979699999998	1.6317813	0.0	0.0	0.0	0.0	0.0
-1.503203730000001	2.6000197999999997	2.11491801	1.4065271	1.6116164	0.0	0.0	0.0	0.0	0.0
-1.47920373	2.4552345999999994	2.0738779999999997	1.1235987	1.5911255	0.0	0.0	0.0	0.0	0.0
-1.4542037299999997	2.407123500000001	2.135759	0.8276994	1.6526481	0.0	0.0	0.0	0.0	0.0
-1.4292037300000011	2.5093928999999995	2.3306329	0.5852842	1.8170541999999998	0.0	0.0	0.0	0.0	0.0
-1.4052037300000002	2.6943755999999994	2.5804985	0.4204683	2.0214115	0.0	0.0	0.0	0.0	0.0
-1.3802037299999999	2.8140345	2.7395717000000004	0.3201771	2.1514118	0.0	0.0	0.0	0.0	0.0
-1.3552037299999995	2.73239261	2.6804921	0.2558885	2.1077142	0.0	0.0	0.0	0.0	0.0
-1.3312037300000004	2.4039505300000004	2.3665054	0.20364	1.8617749	0.0	0.0	0.0	0.0	0.0
-1.30620373	1.8934577899999998	1.8664941000000002	0.15309361	1.4688297	0.0	0.0	0.0	0.0	0.0
-1.2812037300000005	1.3276377199999996	1.3096059999999998	0.10518082999999999	1.0306203999999999	0.0	0.0	0.0	0.0	0.0
-1.2572037300000005	0.826950885	0.8159273300000001	0.06495135	0.6420162	0.0	0.0	0.0	0.0	0.0
-1.2322037300000002	0.4574450499999999	0.45146624	0.03582542	0.35492578999999996	0.0	0.0	0.0	0.0	0.0
-1.2082037300000001	0.22599831600000003	0.22336764	0.017793458	0.1742453	0.0	0.0	0.0	0.0	0.0
-1.1832037300000007	0.10464236200000003	0.10451098	0.008664007000000001	0.07677455000000001	0.0	0.0	0.0	0.0	0.0
-1.1582037300000003	0.060470384000000016	0.06359147999999999	0.006280488	0.032850404	0.0	0.0	0.0	0.0	0.0
-1.1342037300000003	0.07679337	0.08671244	0.01035164	0.020331897999999998	0.0	0.0	0.0	0.0	0.0
-1.10920373	0.161972595	0.18678261999999998	0.023442839	0.028728614699999995	0.0	0.0	0.0	0.0	0.0
-1.0842037300000005	0.34753331	0.40175188	0.050966463100000005	0.0574420834	0.0	0.0	0.0	0.0	0.0
-1.0602037300000005	0.6741209300000003	0.7784257000000001	0.09958947900000001	0.11144598099999999	0.0	0.0	0.0	0.0	0.0
-1.03520373	1.16370195	1.3404462000000001	0.17409324999999998	0.195995343	0.0	0.0	0.0	0.0	0.0
-1.0102037300000006	1.7873806	2.0474074	0.27395053	0.31274026000000005	0.0	0.0	0.0	0.0	0.0
-0.9862037300000006	2.4486506000000006	2.7745209	0.39314526999999994	0.46052657	0.0	0.0	0.0	0.0	0.0
-0.9612037300000003	3.0098915999999996	3.337641100000001	0.5259663	0.64255549	0.0	0.0	0.0	0.0	0.0
-0.9362037299999999	3.355697	3.5682501	0.6758569	0.8769945	0.0	0.0	0.0	0.0	0.0
-0.9122037299999999	3.457164	3.3981090000000003	0.8592717000000001	1.1957337000000001	0.0	0.0	0.0	0.0	0.0
-0.8872037300000004	3.383530000000001	2.895768	1.0929159	1.6220708999999998	0.0	0.0	0.0	0.0	0.0
-0.8622037300000001	3.2453909999999992	2.2268798	1.3706915000000002	2.1342405999999996	0.0	0.0	0.0	0.0	0.0
-0.83820373	3.111242999999999	1.5693996	1.6452569	2.6400911	0.0	0.0	0.0	0.0	0.0
-0.8132037300000006	2.964298	1.038414	1.8351307	2.9952604000000003	0.0	0.0	0.0	0.0	0.0
-0.7892037300000005	2.733227999999999	0.6655765	1.863135	3.0685201999999996	0.0	0.0	0.0	0.0	0.0
-0.7642037300000002	2.3646510000000007	0.42421249	1.7006370300000002	2.8136357000000003	0.0	0.0	0.0	0.0	0.0
-0.7392037299999998	1.8744421999999998	0.2704593	1.38732209	2.2986892300000004	0.0	0.0	0.0	0.0	0.0
-0.7152037299999998	1.3440733000000002	0.16980472000000002	1.01120714	1.67004453	0.0	0.0	0.0	0.0	0.0
-0.6902037300000003	0.8730400000000003	0.10417396	0.66749069	1.08044201	0.0	0.0	0.0	0.0	0.0
-0.66520373	0.5360649999999999	0.06730838	0.42805549000000004	0.62912701	0.0	0.0	0.0	0.0	0.0
-0.64120373	0.36957799999999985	0.05945067	0.33453333	0.34784711999999995	0.0	0.0	0.0	0.0	0.0
-0.6162037300000005	0.386459	0.08483794	0.4141581	0.22107603999999997	0.0	0.0	0.0	0.0	0.0
-0.5912037300000001	0.5927072000000001	0.149691725	0.68995304	0.21680369000000002	0.0	0.0	0.0	0.0	0.0
-0.5672037300000001	0.9833839999999999	0.257411	1.17006588	0.30366513999999994	0.0	0.0	0.0	0.0	0.0
-0.5422037300000007	1.518841	0.40056586	1.81548266	0.45031019	0.0	0.0	0.0	0.0	0.0
-0.5172037300000003	2.1016744	0.55518985	2.5142339999999996	0.61784717	0.0	0.0	0.0	0.0	0.0
-0.4932037300000003	2.5837980000000003	0.6826309019999999	3.0914527200000004	0.75830057	0.0	0.0	0.0	0.0	0.0
-0.46820372999999993	2.8177138999999998	0.7445139690000001	3.3712470999999997	0.82665797	0.0	0.0	0.0	0.0	0.0
-0.44320373000000046	2.7246388	0.719871422	3.2599568	0.7991652300000001	0.0	0.0	0.0	0.0	0.0
-0.41920373000000044	2.3359129000000007	0.61715283	2.7949920399999995	0.6851873199999999	0.0	0.0	0.0	0.0	0.0
-0.3942037300000001	1.7758241000000001	0.46921251199999997	2.12483748	0.5209390399999999	0.0	0.0	0.0	0.0	0.0
-0.37020373000000006	1.1969242999999998	0.316285012	1.43239018	0.3511512	0.0	0.0	0.0	0.0	0.0
-0.3452037300000006	0.7154267	0.189040486	0.8561443	0.20986821000000003	0.0	0.0	0.0	0.0	0.0
-0.32020373000000024	0.37915772	0.1001899939	0.45374891	0.11121191	0.0	0.0	0.0	0.0	0.0
-0.2962037300000002	0.17812993000000005	0.047070962	0.213170224	0.052259406999999994	0.0	0.0	0.0	0.0	0.0
-0.27120372999999987	0.07421304000000001	0.019611119000000003	0.08879695500000001	0.021769634	0.0	0.0	0.0	0.0	0.0
-0.2462037300000004	0.027409021	0.00724237477	0.0328015837	0.0080411895	0.0	0.0	0.0	0.0	0.0
-0.22220373000000038	0.008977379999999998	0.0023722015300000005	0.010742829200000002	0.0026333276999999998	0.0	0.0	0.0	0.0	0.0
-0.19720373000000002	0.0026062132	0.000688787881	0.00311905444	0.0007645770999999999	0.0	0.0	0.0	0.0	0.0
-0.17220373000000055	0.0006709326	0.000177305965	0.0008028326299999999	0.00019682278	0.0	0.0	0.0	0.0	0.0
-0.14820373000000053	0.00015314064999999994	4.0466229299999996e-05	0.000183239351	4.4917705999999995e-05	0.0	0.0	0.0	0.0	0.0
-0.12320373000000018	3.0982282999999997e-05	8.18800781e-06	3.70771171e-05	9.089752200000001e-06	0.0	0.0	0.0	0.0	0.0
-0.09820372999999982	5.558157999999999e-06	1.46863016e-06	6.6513482000000005e-06	1.6303193000000002e-06	0.0	0.0	0.0	0.0	0.0
-0.07420373000000069	8.837909e-07	2.3353018000000002e-07	1.05752122e-06	2.5925712e-07	0.0	0.0	0.0	0.0	0.0
-0.049203730000000334	1.2458416999999998e-07	3.29175911e-08	1.4908051600000003e-07	3.6550618e-08	0.0	0.0	0.0	0.0	0.0
-0.02420372999999998	1.5569040999999995e-08	4.1133405e-09	1.86303935e-08	4.567508300000001e-09	0.0	0.0	0.0	0.0	0.0
-0.00020372999999995756	1.7248843999999997e-09	4.5579410700000006e-10	2.06384732e-09	5.059866099999999e-10	0.0	0.0	0.0	0.0	0.0
0.02479626999999951	1.6938230000000002e-10	4.4754986e-11	2.02663905e-10	4.9688200999999994e-11	0.0	0.0	0.0	0.0	0.0
0.04879626999999953	1.4741921000000003e-11	3.895084379999999e-12	1.76409066e-11	4.3250136e-12	0.0	0.0	0.0	0.0	0.0
0.07379626999999989	1.1381611e-12	3.00802096e-13	1.36184949e-12	3.3388159e-13	0.0	0.0	0.0	0.0	0.0
0.09879626999999935	7.708724999999999e-14	2.03695252e-14	9.225289200000001e-14	2.2614550000000002e-14	0.0	0.0	0.0	0.0	0.0
0.12279626999999937	4.534868499999998e-15	1.198287389e-15	5.4263764e-15	1.3302349999999998e-15	0.0	0.0	0.0	0.0	0.0
0.14779626999999973	0.0	0.0	0.0	0.0	0.0	0.0	0.0	0.0	0.0
0.17279627000000009	0.0	0.0	0.0	0.0	0.0	0.0	0.0	0.0	0.0
0.1967962700000001	0.0	0.0	0.0	0.0	0.0	0.0	0.0	0.0	0.0
0.22179626999999957	0.0	0.0	0.0	0.0	0.0	0.0	0.0	0.0	0.0
0.24679626999999993	0.0	0.0	0.0	0.0	0.0	0.0	0.0	0.0	0.0
0.27079626999999995	0.0	0.0	0.0	0.0	0.0	0.0	0.0	0.0	0.0
0.2957962699999994	0.0	0.0	0.0	0.0	0.0	0.0	0.0	0.0	0.0
0.3207962699999998	0.0	0.0	0.0	0.0	0.0	0.0	0.0	0.0	0.0
0.3447962699999998	0.0	0.0	0.0	0.0	0.0	0.0	0.0	0.0	0.0
0.36979627000000015	0.0	0.0	0.0	0.0	0.0	0.0	0.0	0.0	0.0
0.3947962699999996	0.0	0.0	0.0	0.0	0.0	0.0	0.0	0.0	0.0
0.41879626999999964	0.0	0.0	0.0	0.0	0.0	0.0	0.0	0.0	0.0
0.44379627	0.0	0.0	0.0	0.0	0.0	0.0	0.0	0.0	0.0
0.46879626999999946	0.0	0.0	0.0	0.0	0.0	0.0	0.0	0.0	0.0
0.4927962699999995	0.0	0.0	0.0	0.0	0.0	0.0	0.0	0.0	0.0
0.5177962699999998	0.0	0.0	0.0	0.0	0.0	0.0	0.0	0.0	0.0
0.5417962699999999	0.0	0.0	0.0	0.0	0.0	0.0	0.0	0.0	0.0
0.5667962699999993	0.0	0.0	0.0	0.0	0.0	0.0	0.0	0.0	0.0
0.5917962699999997	0.0	0.0	0.0	0.0	0.0	0.0	0.0	0.0	0.0
0.6157962699999997	0.0	0.0	0.0	0.0	0.0	0.0	0.0	0.0	0.0
0.6407962700000001	0.0	0.0	0.0	0.0	0.0	0.0	0.0	0.0	0.0
0.6657962699999995	0.0	0.0	0.0	0.0	0.0	0.0	0.0	0.0	0.0
0.6897962699999995	0.0	0.0	0.0	0.0	0.0	0.0	0.0	0.0	0.0
0.7147962699999999	0.0	0.0	0.0	0.0	0.0	0.0	0.0	0.0	0.0
0.7397962699999994	0.0	0.0	0.0	0.0	0.0	0.0	0.0	0.0	0.0
0.7637962699999994	0.0	0.0	0.0	0.0	0.0	0.0	0.0	0.0	0.0
0.7887962699999997	0.0	0.0	0.0	0.0	0.0	0.0	0.0	0.0	0.0
0.8137962700000001	0.0	0.0	0.0	0.0	0.0	0.0	0.0	0.0	0.0
0.8377962700000001	0.0	0.0	0.0	0.0	0.0	0.0	0.0	0.0	0.0
0.8627962699999996	0.0	0.0	0.0	0.0	0.0	0.0	0.0	0.0	0.0
0.8877962699999999	0.0	0.0	0.0	0.0	0.0	0.0	0.0	0.0	0.0
0.91179627	0.0	0.0	0.0	0.0	0.0	0.0	0.0	0.0	0.0
0.9367962699999994	0.0	0.0	0.0	0.0	0.0	0.0	0.0	0.0	0.0
0.9607962699999995	0.0	0.0	0.0	0.0	0.0	0.0	0.0	0.0	0.0
0.9857962699999998	0.0	0.0	0.0	0.0	0.0	0.0	0.0	0.0	0.0
1.0107962700000002	0.0	0.0	0.0	0.0	0.0	0.0	0.0	0.0	0.0
1.0347962700000002	0.0	0.0	0.0	0.0	0.0	0.0	0.0	0.0	0.0
1.0597962699999997	0.0	0.0	0.0	0.0	0.0	0.0	0.0	0.0	0.0
1.08479627	0.0	0.0	0.0	0.0	0.0	0.0	0.0	0.0	0.0
1.10879627	0.0	0.0	0.0	0.0	0.0	0.0	0.0	0.0	0.0
1.1337962699999995	0.0	0.0	0.0	0.0	0.0	0.0	0.0	0.0	0.0
1.1587962699999999	0.0	0.0	0.0	0.0	0.0	0.0	0.0	0.0	0.0
1.1827962699999999	0.0	0.0	0.0	0.0	0.0	0.0	0.0	0.0	0.0
1.2077962699999993	0.0	0.0	0.0	0.0	0.0	0.0	0.0	0.0	0.0
1.2327962699999997	0.0	0.0	0.0	0.0	0.0	0.0	0.0	0.0	0.0
1.2567962699999997	0.0	0.0	0.0	0.0	0.0	0.0	0.0	0.0	0.0
1.28179627	0.0	0.0	0.0	0.0	0.0	0.0	0.0	0.0	0.0
1.3067962699999995	0.0	0.0	0.0	0.0	0.0	0.0	0.0	0.0	0.0
1.3307962699999996	0.0	0.0	0.0	0.0	0.0	0.0	0.0	0.0	0.0
1.35579627	0.0	0.0	0.0	0.0	0.0	0.0	0.0	0.0	0.0
1.37979627	0.0	0.0	0.0	0.0	0.0	0.0	0.0	0.0	0.0
1.4047962699999994	0.0	0.0	0.0	0.0	0.0	0.0	0.0	0.0	0.0
1.4297962699999998	0.0	0.0	0.0	0.0	0.0	0.0	0.0	0.0	0.0
1.4537962699999998	0.0	0.0	0.0	0.0	0.0	0.0	0.0	0.0	0.0
1.4787962700000001	0.0	0.0	0.0	0.0	0.0	0.0	0.0	0.0	0.0
1.5037962699999996	0.0	0.0	0.0	0.0	0.0	0.0	0.0	0.0	0.0
1.5277962699999996	0.0	0.0	0.0	0.0	0.0	0.0	0.0	0.0	0.0
1.55279627	0.0	0.0	0.0	0.0	0.0	0.0	0.0	0.0	0.0
1.5777962699999994	0.0	0.0	0.0	0.0	0.0	0.0	0.0	0.0	0.0
1.6017962699999995	0.0	0.0	0.0	0.0	0.0	0.0	0.0	0.0	0.0
1.6267962699999998	0.0	0.0	0.0	0.0	0.0	0.0	0.0	0.0	0.0
1.6517962700000002	0.0	0.0	0.0	0.0	0.0	0.0	0.0	0.0	0.0
1.6757962699999993	0.0	0.0	0.0	0.0	0.0	0.0	0.0	0.0	0.0
1.7007962699999997	0.0	0.0	0.0	0.0	0.0	0.0	0.0	0.0	0.0
1.72579627	0.0	0.0	0.0	0.0	0.0	0.0	0.0	0.0	0.0
1.74979627	0.0	0.0	0.0	0.0	0.0	0.0	0.0	0.0	0.0
1.7747962699999995	0.0	0.0	0.0	0.0	0.0	0.0	0.0	0.0	0.0
1.7987962699999995	0.0	0.0	0.0	0.0	0.0	0.0	0.0	0.0	0.0
1.8237962699999999	0.0	0.0	0.0	0.0	0.0	0.0	0.0	0.0	0.0
1.8487962699999994	0.0	0.0	0.0	0.0	0.0	0.0	0.0	0.0	0.0
1.8727962699999994	0.0	0.0	0.0	0.0	0.0	0.0	0.0	0.0	0.0
1.8977962699999997	0.0	0.0	0.0	0.0	0.0	0.0	0.0	0.0	0.0
1.92279627	0.0	0.0	0.0	0.0	0.0	0.0	0.0	0.0	0.0
1.94679627	0.0	0.0	0.0	0.0	0.0	0.0	0.0	0.0	0.0
1.9717962699999996	0.0	0.0	0.0	0.0	0.0	0.0	0.0	0.0	0.0
1.99679627	0.0	0.0	0.0	0.0	0.0	0.0	0.0	0.0	0.0
2.02079627	0.0	0.0	0.0	0.0	0.0	0.0	0.0	0.0	0.0
2.0457962699999994	0.0	0.0	0.0	0.0	0.0	0.0	0.0	0.0	0.0
2.0707962699999998	0.0	0.0	0.0	0.0	0.0	0.0	0.0	0.0	0.0
2.09479627	0.0	0.0	0.0	0.0	0.0	0.0	0.0	0.0	0.0
2.11979627	0.0	0.0	0.0	0.0	0.0	0.0	0.0	0.0	0.0
2.1447962699999996	0.0	0.0	0.0	0.0	0.0	0.0	0.0	0.0	0.0
2.1687962699999996	0.0	0.0	0.0	0.0	0.0	0.0	0.0	0.0	0.0
2.19379627	0.0	0.0	0.0	0.0	0.0	0.0	0.0	0.0	0.0
2.2187962699999995	0.0	0.0	0.0	0.0	0.0	0.0	0.0	0.0	0.0
2.2427962699999995	0.0	0.0	0.0	0.0	0.0	0.0	0.0	0.0	0.0
2.26779627	0.0	0.0	0.0	0.0	0.0	0.0	0.0	0.0	0.0
2.29179627	0.0	0.0	0.0	0.0	0.0	0.0	0.0	0.0	0.0
2.3167962699999993	0.0	0.0	0.0	0.0	0.0	0.0	0.0	0.0	0.0
2.3417962699999997	0.0	0.0	0.0	0.0	0.0	0.0	0.0	0.0	0.0
2.3657962699999997	0.0	0.0	0.0	0.0	0.0	0.0	0.0	0.0	0.0
2.39079627	0.0	0.0	0.0	0.0	0.0	0.0	0.0	0.0	0.0
2.4157962699999995	0.0	0.0	0.0	0.0	0.0	0.0	0.0	0.0	0.0
2.4397962699999995	0.0	0.0	0.0	0.0	0.0	0.0	0.0	0.0	0.0
2.46479627	0.0	0.0	0.0	0.0	0.0	0.0	0.0	0.0	0.0
2.4897962699999994	0.0	0.0	0.0	0.0	0.0	0.0	0.0	0.0	0.0
2.5137962699999994	0.0	0.0	0.0	0.0	0.0	0.0	0.0	0.0	0.0
2.5387962699999997	0.0	0.0	0.0	0.0	0.0	0.0	0.0	0.0	0.0
2.56379627	0.0	0.0	0.0	0.0	0.0	0.0	0.0	0.0	0.0
2.58779627	0.0	0.0	0.0	0.0	0.0	0.0	0.0	0.0	0.0
2.6127962699999996	0.0	0.0	0.0	0.0	0.0	0.0	0.0	0.0	0.0
2.63779627	0.0	0.0	0.0	0.0	0.0	0.0	0.0	0.0	0.0
2.66179627	0.0	0.0	0.0	0.0	0.0	0.0	0.0	0.0	0.0
2.68679627	0.0	0.0	0.0	0.0	0.0	0.0	0.0	0.0	0.0
2.71079627	0.0	0.0	0.0	0.0	0.0	0.0	0.0	0.0	0.0
2.73579627	0.0	0.0	0.0	0.0	0.0	0.0	0.0	0.0	0.0
2.7607962699999997	0.0	0.0	0.0	0.0	0.0	0.0	0.0	0.0	0.0
2.7847962699999997	0.0	0.0	0.0	0.0	0.0	0.0	0.0	0.0	0.0
2.8097962699999997	0.0	0.0	0.0	0.0	0.0	0.0	0.0	0.0	0.0
2.8347962699999996	0.0	0.0	0.0	0.0	0.0	0.0	0.0	0.0	0.0
2.8587962699999996	0.0	0.0	0.0	0.0	0.0	0.0	0.0	0.0	0.0
2.88379627	0.0	0.0	0.0	0.0	0.0	0.0	0.0	0.0	0.0
2.90879627	0.0	0.0	0.0	0.0	0.0	0.0	0.0	0.0	0.0
2.93279627	0.0	0.0	0.0	0.0	0.0	0.0	0.0	0.0	0.0
2.95779627	0.0	0.0	0.0	0.0	0.0	0.0	0.0	0.0	0.0
2.9827962699999997	0.0	0.0	0.0	0.0	0.0	0.0	0.0	0.0	0.0
3.0067962699999997	0.0	0.0	0.0	0.0	0.0	0.0	0.0	0.0	0.0
3.0317962699999996	0.0	0.0	0.0	0.0	0.0	0.0	0.0	0.0	0.0
3.0567962699999995	0.0	0.0	0.0	0.0	0.0	0.0	0.0	0.0	0.0
3.0807962699999996	0.0	0.0	0.0	0.0	0.0	0.0	0.0	0.0	0.0
3.10579627	0.0	0.0	0.0	0.0	0.0	0.0	0.0	0.0	0.0
3.12979627	0.0	0.0	0.0	0.0	0.0	0.0	0.0	0.0	0.0
3.15479627	0.0	0.0	0.0	0.0	0.0	0.0	0.0	0.0	0.0
3.1797962699999998	0.0	0.0	0.0	0.0	0.0	0.0	0.0	0.0	0.0
3.20379627	0.0	0.0	0.0	0.0	0.0	0.0	0.0	0.0	0.0
3.2287962699999997	0.0	0.0	0.0	0.0	0.0	0.0	0.0	0.0	0.0
3.2537962699999996	0.0	0.0	0.0	0.0	0.0	0.0	0.0	0.0	0.0
3.2777962699999996	0.0	0.0	0.0	0.0	0.0	0.0	0.0	0.0	0.0
3.3027962699999995	0.0	0.0	0.0	0.0	0.0	0.0	0.0	0.0	0.0
3.32779627	0.0	0.0	0.0	0.0	0.0	0.0	0.0	0.0	0.0
3.35179627	0.0	0.0	0.0	0.0	0.0	0.0	0.0	0.0	0.0
3.37679627	0.0	0.0	0.0	0.0	0.0	0.0	0.0	0.0	0.0
3.4017962699999997	0.0	0.0	0.0	0.0	0.0	0.0	0.0	0.0	0.0
3.4257962699999998	0.0	0.0	0.0	0.0	0.0	0.0	0.0	0.0	0.0
3.4507962699999997	0.0	0.0	0.0	0.0	0.0	0.0	0.0	0.0	0.0
3.4757962699999996	0.0	0.0	0.0	0.0	0.0	0.0	0.0	0.0	0.0
3.4997962699999996	0.0	0.0	0.0	0.0	0.0	0.0	0.0	0.0	0.0
3.52479627	0.0	0.0	0.0	0.0	0.0	0.0	0.0	0.0	0.0
3.5487962699999995	0.0	0.0	0.0	0.0	0.0	0.0	0.0	0.0	0.0
3.57379627	0.0	0.0	0.0	0.0	0.0	0.0	0.0	0.0	0.0
3.59879627	0.0	0.0	0.0	0.0	0.0	0.0	0.0	0.0	0.0
3.62279627	0.0	0.0	0.0	0.0	0.0	0.0	0.0	0.0	0.0
3.6477962699999997	0.0	0.0	0.0	0.0	0.0	0.0	0.0	0.0	0.0
3.6727962699999996	0.0	0.0	0.0	0.0	0.0	0.0	0.0	0.0	0.0
3.6967962699999997	0.0	0.0	0.0	0.0	0.0	0.0	0.0	0.0	0.0
3.7217962699999996	0.0	0.0	0.0	0.0	0.0	0.0	0.0	0.0	0.0
3.74679627	0.0	0.0	0.0	0.0	0.0	0.0	0.0	0.0	0.0
3.77079627	0.0	0.0	0.0	0.0	0.0	0.0	0.0	0.0	0.0
3.79579627	0.0	0.0	0.0	0.0	0.0	0.0	0.0	0.0	0.0
3.8207962699999998	0.0	0.0	0.0	0.0	0.0	0.0	0.0	0.0	0.0
3.84479627	0.0	0.0	0.0	0.0	0.0	0.0	0.0	0.0	0.0
3.8697962699999997	0.0	0.0	0.0	0.0	0.0	0.0	0.0	0.0	0.0
3.8947962699999996	0.0	0.0	0.0	0.0	0.0	0.0	0.0	0.0	0.0
3.9187962699999996	0.0	0.0	0.0	0.0	0.0	0.0	0.0	0.0	0.0
3.9437962699999995	0.0	0.0	0.0	0.0	0.0	0.0	0.0	0.0	0.0
3.96879627	0.0	0.0	0.0	0.0	0.0	0.0	0.0	0.0	0.0
3.99279627	0.0	0.0	0.0	0.0	0.0	0.0	0.0	0.0	0.0
4.01779627	0.0	0.0	0.0	0.0	0.0	0.0	0.0	0.0	0.0
4.04179627	0.0	0.0	0.0	0.0	0.0	0.0	0.0	0.0	0.0
4.066796269999999	0.0	0.0	0.0	0.0	0.0	0.0	0.0	0.0	0.0
4.09179627	0.0	0.0	0.0	0.0	0.0	0.0	0.0	0.0	0.0
4.11579627	0.0	0.0	0.0	0.0	0.0	0.0	0.0	0.0	0.0
4.140796269999999	0.0	0.0	0.0	0.0	0.0	0.0	0.0	0.0	0.0
4.1657962699999995	0.0	0.0	0.0	0.0	0.0	0.0	0.0	0.0	0.0
4.1897962699999995	0.0	0.0	0.0	0.0	0.0	0.0	0.0	0.0	0.0
4.21479627	0.0	0.0	0.0	0.0	0.0	0.0	0.0	0.0	0.0
4.239796269999999	0.0	0.0	0.0	0.0	0.0	0.0	0.0	0.0	0.0
4.26379627	0.0	0.0	0.0	0.0	0.0	0.0	0.0	0.0	0.0
4.28879627	0.0	0.0	0.0	0.0	0.0	0.0	0.0	0.0	0.0
4.313796269999999	0.0	0.0	0.0	0.0	0.0	0.0	0.0	0.0	0.0
4.33779627	0.0	0.0	0.0	0.0	0.0	0.0	0.0	0.0	0.0
4.36279627	0.0	0.0	0.0	0.0	0.0	0.0	0.0	0.0	0.0
4.38779627	0.0	0.0	0.0	0.0	0.0	0.0	0.0	0.0	0.0
4.41179627	0.0	0.0	0.0	0.0	0.0	0.0	0.0	0.0	0.0
4.43679627	0.0	0.0	0.0	0.0	0.0	0.0	0.0	0.0	0.0
4.4607962699999995	0.0	0.0	0.0	0.0	0.0	0.0	0.0	0.0	0.0
4.48579627	0.0	0.0	0.0	0.0	0.0	0.0	0.0	0.0	0.0
4.51079627	0.0	0.0	0.0	0.0	0.0	0.0	0.0	0.0	0.0
4.534796269999999	0.0	0.0	0.0	0.0	0.0	0.0	0.0	0.0	0.0
4.55979627	0.0	0.0	0.0	0.0	0.0	0.0	0.0	0.0	0.0
4.58479627	0.0	0.0	0.0	0.0	0.0	0.0	0.0	0.0	0.0
4.608796269999999	0.0	0.0	0.0	0.0	0.0	0.0	0.0	0.0	0.0
4.6337962699999995	0.0	0.0	0.0	0.0	0.0	0.0	0.0	0.0	0.0
4.65879627	0.0	0.0	0.0	0.0	0.0	0.0	0.0	0.0	0.0
4.68279627	0.0	0.0	0.0	0.0	0.0	0.0	0.0	0.0	0.0
4.707796269999999	0.0	0.0	0.0	0.0	0.0	0.0	0.0	0.0	0.0
4.73279627	0.0	0.0	0.0	0.0	0.0	0.0	0.0	0.0	0.0
4.75679627	0.0	0.0	0.0	0.0	0.0	0.0	0.0	0.0	0.0
4.78179627	0.0	0.0	0.0	0.0	0.0	0.0	0.0	0.0	0.0
4.8067962699999995	0.0	0.0	0.0	0.0	0.0	0.0	0.0	0.0	0.0
4.83079627	0.0	0.0	0.0	0.0	0.0	0.0	0.0	0.0	0.0
4.85579627	0.0	0.0	0.0	0.0	0.0	0.0	0.0	0.0	0.0
4.87979627	0.0	0.0	0.0	0.0	0.0	0.0	0.0	0.0	0.0
4.90479627	0.0	0.0	0.0	0.0	0.0	0.0	0.0	0.0	0.0
4.92979627	0.0	0.0	0.0	0.0	0.0	0.0	0.0	0.0	0.0
4.95379627	0.0	0.0	0.0	0.0	0.0	0.0	0.0	0.0	0.0
4.97879627	0.0	0.0	0.0	0.0	0.0	0.0	0.0	0.0	0.0
5.00379627	0.0	0.0	0.0	0.0	0.0	0.0	0.0	0.0	0.0
5.02779627	0.0	0.0	0.0	0.0	0.0	0.0	0.0	0.0	0.0
5.05279627	0.0	0.0	0.0	0.0	0.0	0.0	0.0	0.0	0.0
5.0777962699999994	0.0	0.0	0.0	0.0	0.0	0.0	0.0	0.0	0.0
5.1017962699999995	0.0	0.0	0.0	0.0	0.0	0.0	0.0	0.0	0.0
5.12679627	0.0	0.0	0.0	0.0	0.0	0.0	0.0	0.0	0.0
5.15179627	0.0	0.0	0.0	0.0	0.0	0.0	0.0	0.0	0.0
5.175796269999999	0.0	0.0	0.0	0.0	0.0	0.0	0.0	0.0	0.0
5.20079627	0.0	0.0	0.0	0.0	0.0	0.0	0.0	0.0	0.0
5.22579627	0.0	0.0	0.0	0.0	0.0	0.0	0.0	0.0	0.0
5.24979627	0.0	0.0	0.0	0.0	0.0	0.0	0.0	0.0	0.0
5.2747962699999995	0.0	0.0	0.0	0.0	0.0	0.0	0.0	0.0	0.0
5.2987962699999995	0.0	0.0	0.0	0.0	0.0	0.0	0.0	0.0	0.0
5.32379627	0.0	0.0	0.0	0.0	0.0	0.0	0.0	0.0	0.0
5.348796269999999	0.0	0.0	0.0	0.0	0.0	0.0	0.0	0.0	0.0
5.37279627	0.0	0.0	0.0	0.0	0.0	0.0	0.0	0.0	0.0
5.39779627	0.0	0.0	0.0	0.0	0.0	0.0	0.0	0.0	0.0
5.422796269999999	0.0	0.0	0.0	0.0	0.0	0.0	0.0	0.0	0.0
5.44679627	0.0	0.0	0.0	0.0	0.0	0.0	0.0	0.0	0.0
5.47179627	0.0	0.0	0.0	0.0	0.0	0.0	0.0	0.0	0.0
5.49679627	0.0	0.0	0.0	0.0	0.0	0.0	0.0	0.0	0.0
5.52079627	0.0	0.0	0.0	0.0	0.0	0.0	0.0	0.0	0.0
5.54579627	0.0	0.0	0.0	0.0	0.0	0.0	0.0	0.0	0.0
5.57079627	0.0	0.0	0.0	0.0	0.0	0.0	0.0	0.0	0.0
5.59479627	0.0	0.0	0.0	0.0	0.0	0.0	0.0	0.0	0.0
5.61979627	0.0	0.0	0.0	0.0	0.0	0.0	0.0	0.0	0.0
5.64479627	0.0	0.0	0.0	0.0	0.0	0.0	0.0	0.0	0.0
5.66879627	0.0	0.0	0.0	0.0	0.0	0.0	0.0	0.0	0.0
5.69379627	0.0	0.0	0.0	0.0	0.0	0.0	0.0	0.0	0.0
5.7187962699999995	0.0	0.0	0.0	0.0	0.0	0.0	0.0	0.0	0.0
5.7427962699999995	0.0	0.0	0.0	0.0	0.0	0.0	0.0	0.0	0.0
5.76779627	0.0	0.0	0.0	0.0	0.0	0.0	0.0	0.0	0.0
5.79179627	0.0	0.0	0.0	0.0	0.0	0.0	0.0	0.0	0.0
5.816796269999999	0.0	0.0	0.0	0.0	0.0	0.0	0.0	0.0	0.0
5.84179627	0.0	0.0	0.0	0.0	0.0	0.0	0.0	0.0	0.0
5.86579627	0.0	0.0	0.0	0.0	0.0	0.0	0.0	0.0	0.0
5.89079627	0.0	0.0	0.0	0.0	0.0	0.0	0.0	0.0	0.0
5.9157962699999995	0.0	0.0	0.0	0.0	0.0	0.0	0.0	0.0	0.0
5.9397962699999995	0.0	0.0	0.0	0.0	0.0	0.0	0.0	0.0	0.0
5.96479627	0.0	0.0	0.0	0.0	0.0	0.0	0.0	0.0	0.0
5.989796269999999	0.0	0.0	0.0	0.0	0.0	0.0	0.0	0.0	0.0
6.013796269999999	0.0	0.0	0.0	0.0	0.0	0.0	0.0	0.0	0.0
6.03879627	0.0	0.0	0.0	0.0	0.0	0.0	0.0	0.0	0.0
6.06379627	5.3222345e-16	2.214623e-16	1.6745102699999997e-16	2.77942222e-16	0.0	0.0	0.0	0.0	0.0
6.08779627	8.605048699999999e-15	3.580413e-15	2.7074173e-15	4.493894699999999e-15	0.0	0.0	0.0	0.0	0.0
6.11279627	1.23049124e-13	5.1196439999999996e-14	3.8714716999999996e-14	6.424885200000001e-14	0.0	0.0	0.0	0.0	0.0
6.13779627	1.5719384999999998e-12	6.54032e-13	4.945104000000001e-13	8.207529400000001e-13	0.0	0.0	0.0	0.0	0.0
6.16179627	1.7790679e-11	7.40261e-12	5.5971949e-12	9.289118300000001e-12	0.0	0.0	0.0	0.0	0.0
6.186796269999999	1.7846553000000005e-10	7.42532e-11	5.6151907e-11	9.318728999999999e-11	0.0	0.0	0.0	0.0	0.0
6.2107962699999995	1.5872561000000002e-09	6.604020000000001e-10	4.9931952e-10	8.287284200000001e-10	0.0	0.0	0.0	0.0	0.0
6.23579627	1.2511847600000001e-08	5.205979e-09	3.9367837000000005e-09	6.5340007e-09	0.0	0.0	0.0	0.0	0.0
6.26079627	8.743656500000001e-08	3.6383050000000005e-08	2.7511323000000004e-08	4.5658812999999995e-08	0.0	0.0	0.0	0.0	0.0
6.284796269999999	5.4181388e-07	2.254075e-07	1.7044301299999998e-07	2.8287942600000004e-07	0.0	0.0	0.0	0.0	0.0
6.30979627	2.9754092e-06	1.23798e-06	9.3601977e-07	1.55357564e-06	0.0	0.0	0.0	0.0	0.0
6.33479627	1.4486782999999998e-05	6.027622999999999e-06	4.5576802e-06	7.565524500000001e-06	0.0	0.0	0.0	0.0	0.0
6.35879627	6.254356100000001e-05	2.602033e-05	1.9675593099999998e-05	3.265423840000001e-05	0.0	0.0	0.0	0.0	0.0
6.3837962699999995	0.00023933290000000001	9.95854e-05	7.529984599999999e-05	0.000124981103	0.0	0.0	0.0	0.0	0.0
6.40879627	0.0008121252900000001	0.0003378923	0.00025550393000000005	0.00042408388299999995	0.0	0.0	0.0	0.0	0.0
6.43279627	0.0024430214000000002	0.0010164460000000003	0.0007685812799999998	0.00127556933	0.0	0.0	0.0	0.0	0.0
6.457796269999999	0.0065161006000000014	0.002711138	0.0020500151	0.0034023979000000005	0.0	0.0	0.0	0.0	0.0
6.48279627	0.015409610999999997	0.0064115299999999995	0.004848152499999999	0.0080464106	0.0	0.0	0.0	0.0	0.0
6.50679627	0.032309262	0.013443569999999998	0.010165676600000001	0.016871419199999998	0.0	0.0	0.0	0.0	0.0
6.53179627	0.060062397999999996	0.02499135	0.0188977474	0.031365380600000006	0.0	0.0	0.0	0.0	0.0
6.5567962699999995	0.098999218	0.041196390000000006	0.03114886	0.05170225299999999	0.0	0.0	0.0	0.0	0.0
6.58079627	0.14471335999999999	0.06021212999999999	0.045531379999999996	0.075557753	0.0	0.0	0.0	0.0	0.0
6.60579627	0.18753965	0.078028	0.059003217999999996	0.097927959	0.0	0.0	0.0	0.0	0.0
6.62979627	0.21550013	0.08965830000000002	0.06780075299999999	0.11252531699999999	0.0	0.0	0.0	0.0	0.0
6.654796269999999	0.21960927	0.09136910000000001	0.069099186	0.11468427099999999	0.0	0.0	0.0	0.0	0.0
6.67979627	0.19856843999999998	0.08262249999999999	0.062471112999999995	0.10371324100000001	0.0	0.0	0.0	0.0	0.0
6.70379627	0.15960869	0.0664158	0.05022813300000001	0.083429893	0.0	0.0	0.0	0.0	0.0
6.72879627	0.114910354	0.04783155	0.036171080999999994	0.06027766699999999	0.0	0.0	0.0	0.0	0.0
6.75379627	0.076179922	0.03177473	0.024009220999999997	0.04055130600000001	0.0	0.0	0.0	0.0	0.0
6.77779627	0.050930095	0.021397849999999996	0.016069715999999998	0.028481882	0.0	0.0	0.0	0.0	0.0
6.80279627	0.041576263	0.01778349	0.01307691	0.025802665	0.0	0.0	0.0	0.0	0.0
6.8277962699999994	0.04659527	0.02038411	0.014486039000000001	0.032210825	0.0	0.0	0.0	0.0	0.0
6.8517962699999995	0.06180874	0.02751523	0.018895721999999997	0.045726607999999995	0.0	0.0	0.0	0.0	0.0
6.87679627	0.08116436	0.03662193	0.024368201000000003	0.06274732000000001	0.0	0.0	0.0	0.0	0.0
6.90179627	0.09779779	0.04466975000000001	0.028801839	0.07840113900000001	0.0	0.0	0.0	0.0	0.0
6.925796269999999	0.10569746000000001	0.048908450000000006	0.030504515	0.087746328	0.0	0.0	0.0	0.0	0.0
6.95079627	0.10201689	0.047909110000000005	0.028824373	0.087689566	0.0	0.0	0.0	0.0	0.0
6.97579627	0.08808138	0.042270840000000004	0.024389609	0.07840781599999999	0.0	0.0	0.0	0.0	0.0
6.99979627	0.06890019	0.03451717	0.018843776	0.06343622000000002	0.0	0.0	0.0	0.0	0.0
7.0247962699999995	0.050986550000000005	0.028323989999999997	0.014189503000000003	0.048233855	0.0	0.0	0.0	0.0	0.0
7.0487962699999995	0.040227729999999996	0.027518940000000002	0.012220309	0.038254212999999995	0.0	0.0	0.0	0.0	0.0
7.07379627	0.040719639999999994	0.035210109999999996	0.014212551000000002	0.037498625	0.0	0.0	0.0	0.0	0.0
7.098796269999999	0.05441093	0.052949220000000005	0.020835186	0.047803757	0.0	0.0	0.0	0.0	0.0
7.122796269999999	0.08116090000000001	0.07984509000000001	0.03209094	0.06863972	0.0	0.0	0.0	0.0	0.0
7.14779627	0.11890607	0.11218613	0.04735259000000001	0.09723061000000001	0.0	0.0	0.0	0.0	0.0
7.17279627	0.16398066	0.14405298	0.06560396	0.12910018999999998	0.0	0.0	0.0	0.0	0.0
7.19679627	0.21190535	0.16959660000000001	0.08588420999999999	0.15941684999999997	0.0	0.0	0.0	0.0	0.0
7.22179627	0.2579973	0.1852636	0.10743939999999999	0.18432787	0.0	0.0	0.0	0.0	0.0
7.24679627	0.29767889999999997	0.19114329999999996	0.1293958	0.20195342	0.0	0.0	0.0	0.0	0.0
7.27079627	0.3266019	0.1900053	0.14997190000000002	0.21258774000000003	0.0	0.0	0.0	0.0	0.0
7.295796269999999	0.3414145	0.18540230000000002	0.1662343	0.21834611	0.0	0.0	0.0	0.0	0.0
7.32079627	0.3411946	0.1801259	0.1749158	0.22255268000000003	0.0	0.0	0.0	0.0	0.0
7.34479627	0.3282136	0.17540480000000003	0.17397590000000002	0.22830358	0.0	0.0	0.0	0.0	0.0
7.36979627	0.3069167	0.1712572	0.1638215	0.23656069999999996	0.0	0.0	0.0	0.0	0.0
7.39479627	0.2817039	0.1664874	0.1471286	0.2446209	0.0	0.0	0.0	0.0	0.0
7.41879627	0.2553213	0.15959449999999997	0.12795150000000002	0.24704869999999995	0.0	0.0	0.0	0.0	0.0
7.44379627	0.2290521	0.14971949999999998	0.1104353	0.23863079999999995	0.0	0.0	0.0	0.0	0.0
7.4687962699999995	0.20425419999999997	0.1376551	0.0976042	0.2182152	0.0	0.0	0.0	0.0	0.0
7.4927962699999995	0.1828432	0.12556789999999998	0.0906436	0.1896636	0.0	0.0	0.0	0.0	0.0
7.51779627	0.1667311	0.1157797	0.08881449999999999	0.16009089999999998	0.0	0.0	0.0	0.0	0.0
7.54179627	0.1565844	0.10945119999999998	0.0900632	0.1364099	0.0	0.0	0.0	0.0	0.0
7.566796269999999	0.15151240000000002	0.1063974	0.0922641	0.1228519	0.0	0.0	0.0	0.0	0.0
7.59179627	0.1498955	0.1059009	0.0941379	0.12042699999999998	0.0	0.0	0.0	0.0	0.0
7.61579627	0.1503215	0.10753499999999999	0.09548109999999999	0.1276079	0.0	0.0	0.0	0.0	0.0
7.64079627	0.1515969	0.1111033	0.09653550000000002	0.14087170000000002	0.0	0.0	0.0	0.0	0.0
7.6657962699999995	0.1524011	0.1159949	0.0971503	0.15528179999999997	0.0	0.0	0.0	0.0	0.0
7.6897962699999995	0.1512014	0.12108479999999999	0.0967864	0.16535060000000001	0.0	0.0	0.0	0.0	0.0
7.71479627	0.1469732	0.125564	0.09497739999999998	0.1667722	0.0	0.0	0.0	0.0	0.0
7.739796269999999	0.1402807	0.1300993	0.0922824	0.15840459999999998	0.0	0.0	0.0	0.0	0.0
7.76379627	0.1334314	0.13680820000000002	0.0902941	0.14283210000000002	0.0	0.0	0.0	0.0	0.0
7.78879627	0.1289987	0.1472437	0.090516	0.12487889999999999	0.0	0.0	0.0	0.0	0.0
7.813796269999999	0.1275127	0.1599616	0.09273269999999999	0.10862527	0.0	0.0	0.0	0.0	0.0
7.83779627	0.12631	0.1696472	0.09448129999999999	0.09524599	0.0	0.0	0.0	0.0	0.0
7.86279627	0.12102063	0.1695214	0.092197	0.08323977	0.0	0.0	0.0	0.0	0.0
7.88779627	0.10840956	0.15546989999999997	0.083479	0.07032946999999999	0.0	0.0	0.0	0.0	0.0
7.91179627	0.08868938	0.12876984	0.06868569999999999	0.055647959999999996	0.0	0.0	0.0	0.0	0.0
7.936796269999999	0.06532942	0.09545977	0.050737500000000005	0.04025921	0.0	0.0	0.0	0.0	0.0
7.9607962699999995	0.04300691	0.0630399	0.03345317	0.026264183	0.0	0.0	0.0	0.0	0.0
7.98579627	0.025205201999999996	0.037003536999999996	0.01962234	0.015320682	0.0	0.0	0.0	0.0	0.0
8.01079627	0.013124537999999998	0.019283366	0.010221	0.007958325000000002	0.0	0.0	0.0	0.0	0.0
8.03479627	0.006064880000000001	0.008914409	0.004724178000000001	0.0036727149	0.0	0.0	0.0	0.0	0.0
8.05979627	0.002486253	0.0036547239000000002	0.001936577	0.0015048657	0.0	0.0	0.0	0.0	0.0
8.08479627	0.0009038618000000001	0.0013288838000000002	0.0007041306	0.00054698433	0.0	0.0	0.0	0.0	0.0
8.10879627	0.00029133062	0.00042841725000000003	0.0002269807	0.00017628531999999998	0.0	0.0	0.0	0.0	0.0
8.13379627	8.327573e-05	0.00012245537	6.488592e-05	5.0380801e-05	0.0	0.0	0.0	0.0	0.0
8.15879627	2.1103512e-05	3.1029829e-05	1.64424e-05	1.2767598e-05	0.0	0.0	0.0	0.0	0.0
8.182796269999999	4.741446e-06	6.972037e-06	3.6943939999999996e-06	2.8685493000000003e-06	0.0	0.0	0.0	0.0	0.0
8.20779627	9.444473000000001e-07	1.3886588e-06	7.357872000000001e-07	5.7139246e-07	0.0	0.0	0.0	0.0	0.0
8.23279627	1.6677203e-07	2.4525935999999997e-07	1.2993896e-07	1.0088684999999998e-07	0.0	0.0	0.0	0.0	0.0
8.256796269999999	2.6108032e-08	3.8392918e-08	2.0340560000000002e-08	1.5794435000000002e-08	0.0	0.0	0.0	0.0	0.0
8.28179627	3.6230639999999997e-09	5.3280540000000005e-09	2.822876e-09	2.1919542e-09	0.0	0.0	0.0	0.0	0.0
8.30679627	4.457503e-10	6.554742999999999e-10	3.4727450000000007e-10	2.6967782e-10	0.0	0.0	0.0	0.0	0.0
8.33079627	4.860869e-11	7.148231999999999e-11	3.787034e-11	2.940842700000001e-11	0.0	0.0	0.0	0.0	0.0
8.355796269999999	4.699918000000001e-12	6.910101999999999e-12	3.661259e-12	2.8432051000000004e-12	0.0	0.0	0.0	0.0	0.0
8.37979627	4.0262849999999996e-13	5.921698e-13	3.1370030000000004e-13	2.4361278999999997e-13	0.0	0.0	0.0	0.0	0.0
8.40479627	3.0552405e-14	4.492338e-14	2.380416e-14	1.8483499e-14	0.0	0.0	0.0	0.0	0.0
8.42979627	2.0598009000000003e-15	3.0290402000000004e-15	1.6048420000000003e-15	1.2460604e-15	0.0	0.0	0.0	0.0	0.0
8.45379627	1.7164969e-16	2.524143e-16	1.337254e-16	1.0383507000000001e-16	0.0	0.0	0.0	0.0	0.0
8.47879627	0.0	0.0	0.0	0.0	0.0	0.0	0.0	0.0	0.0
8.50379627	0.0	0.0	0.0	0.0	0.0	0.0	0.0	0.0	0.0
8.52779627	0.0	0.0	0.0	0.0	0.0	0.0	0.0	0.0	0.0
8.55279627	0.0	0.0	0.0	0.0	0.0	0.0	0.0	0.0	0.0
8.57779627	0.0	0.0	0.0	0.0	0.0	0.0	0.0	0.0	0.0
8.60179627	0.0	0.0	0.0	0.0	0.0	0.0	0.0	0.0	0.0
8.62679627	0.0	0.0	0.0	0.0	0.0	0.0	0.0	0.0	0.0
8.65179627	0.0	0.0	0.0	0.0	0.0	0.0	0.0	0.0	0.0
8.67579627	0.0	0.0	0.0	0.0	0.0	0.0	0.0	0.0	0.0
8.70079627	0.0	0.0	0.0	0.0	0.0	0.0	0.0	0.0	0.0
8.72579627	0.0	0.0	0.0	0.0	0.0	0.0	0.0	0.0	0.0
8.74979627	0.0	0.0	0.0	0.0	0.0	0.0	0.0	0.0	0.0
8.77479627	0.0	0.0	0.0	0.0	0.0	0.0	0.0	0.0	0.0
8.79879627	0.0	0.0	0.0	0.0	0.0	0.0	0.0	0.0	0.0
8.823796269999999	0.0	0.0	0.0	0.0	0.0	0.0	0.0	0.0	0.0
8.84879627	0.0	0.0	0.0	0.0	0.0	0.0	0.0	0.0	0.0
8.87279627	0.0	0.0	0.0	0.0	0.0	0.0	0.0	0.0	0.0
8.89779627	0.0	0.0	0.0	0.0	0.0	0.0	0.0	0.0	0.0
8.92279627	0.0	0.0	0.0	0.0	0.0	0.0	0.0	0.0	0.0
8.94679627	0.0	0.0	0.0	0.0	0.0	0.0	0.0	0.0	0.0
8.971796269999999	0.0	0.0	0.0	0.0	0.0	0.0	0.0	0.0	0.0
