-30.655	0.0	0.0	0.0	0.0	0.0	0.0	0.0	0.0	0.0
-30.622	0.0	0.0	0.0	0.0	0.0	0.0	0.0	0.0	0.0
-30.588	0.0	0.0	0.0	0.0	0.0	0.0	0.0	0.0	0.0
-30.554	0.0	0.0	0.0	0.0	0.0	0.0	0.0	0.0	0.0
-30.521	0.0	0.0	0.0	0.0	0.0	0.0	0.0	0.0	0.0
-30.487	0.0	0.0	0.0	0.0	0.0	0.0	0.0	0.0	0.0
-30.454	0.0	0.0	0.0	0.0	0.0	0.0	0.0	0.0	0.0
-30.420	0.0	0.0	0.0	0.0	0.0	0.0	0.0	0.0	0.0
-30.387	0.0	0.0	0.0	0.0	0.0	0.0	0.0	0.0	0.0
-30.353	0.0	0.0	0.0	0.0	0.0	0.0	0.0	0.0	0.0
-30.320	0.0	0.0	0.0	0.0	0.0	0.0	0.0	0.0	0.0
-30.286	0.0	0.0	0.0	0.0	0.0	0.0	0.0	0.0	0.0
-30.252	0.0	0.0	0.0	0.0	0.0	0.0	0.0	0.0	0.0
-30.219	0.0	0.0	0.0	0.0	0.0	0.0	0.0	0.0	0.0
-30.185	0.0	0.0	0.0	0.0	0.0	0.0	0.0	0.0	0.0
-30.152	0.0	0.0	0.0	0.0	0.0	0.0	0.0	0.0	0.0
-30.118	0.0	0.0	0.0	0.0	0.0	0.0	0.0	0.0	0.0
-30.085	0.0	0.0	0.0	0.0	0.0	0.0	0.0	0.0	0.0
-30.051	0.0	0.0	0.0	0.0	0.0	0.0	0.0	0.0	0.0
-30.018	0.0	0.0	0.0	0.0	0.0	0.0	0.0	0.0	0.0
-29.984	0.0	0.0	0.0	0.0	0.0	0.0	0.0	0.0	0.0
-29.950	0.0	0.0	0.0	0.0	0.0	0.0	0.0	0.0	0.0
-29.917	0.0	0.0	0.0	0.0	0.0	0.0	0.0	0.0	0.0
-29.883	0.0	0.0	0.0	0.0	0.0	0.0	0.0	0.0	0.0
-29.850	0.0	0.0	0.0	0.0	0.0	0.0	0.0	0.0	0.0
-29.816	0.0	0.0	0.0	0.0	0.0	0.0	0.0	0.0	0.0
-29.783	0.0	0.0	0.0	0.0	0.0	0.0	0.0	0.0	0.0
-29.749	0.0	0.0	0.0	0.0	0.0	0.0	0.0	0.0	0.0
-29.716	2.7147647138e-15	2.21499639264058e-16	1.3773453464999998e-19	9.8533468524e-17	0.0	0.0	0.0	0.0	0.0
-29.682	1.6562831713799999e-13	1.3512249508247502e-14	8.401314481e-18	6.010817576400001e-15	0.0	0.0	0.0	0.0	0.0
-29.648	6.2456188604e-12	5.09555478209333e-13	3.167898406e-16	2.266395707e-13	0.0	0.0	0.0	0.0	0.0
-29.615	1.9004873183599996e-10	1.55072450792841e-11	9.642308323e-15	6.898082887e-12	0.0	0.0	0.0	0.0	0.0
-29.581	4.6300284415e-09	3.7776165007692e-10	2.348872289e-13	1.6804430261999998e-10	0.0	0.0	0.0	0.0	0.0
-29.548	9.0298182936e-08	7.3665290302348984e-09	4.580728504000001e-12	3.2768874439e-09	0.0	0.0	0.0	0.0	0.0
-29.514	1.40981975881e-06	1.1502204673210699e-07	7.152119624e-11	5.1176299242999995e-08	0.0	0.0	0.0	0.0	0.0
-29.481	1.76281434064e-05	1.43826831632635e-06	8.943192283999999e-10	6.398644155599999e-07	0.0	0.0	0.0	0.0	0.0
-29.447	0.000176532692645	1.44027945082638e-05	8.956729303e-09	6.4075559598e-06	0.0	0.0	0.0	0.0	0.0
-29.414	0.00141611977468	0.00011552640527211599	7.183339671e-08	5.1400724639000005e-05	0.0	0.0	0.0	0.0	0.0
-29.380	0.0091003738747	0.0007425029016635999	4.616373458e-07	0.00033025965857000003	0.0	0.0	0.0	0.0	0.0
-29.346	0.046858945185	0.00382360907367003	2.377157531e-06	0.0017008010457	0.0	0.0	0.0	0.0	0.0
-29.313	0.193344828129	0.015774579644289	9.809537570000001e-06	0.0070174064424	0.0	0.0	0.0	0.0	0.0
-29.279	0.63941451455	0.05216995846295561	3.243153818e-05	0.02320977562	0.0	0.0	0.0	0.0	0.0
-29.246	1.69468173796	0.138259057862533	8.596529771000001e-05	0.061511752417	0.0	0.0	0.0	0.0	0.0
-29.212	3.6004904299	0.293735736375381	0.00018265882129999997	0.13069191737	0.0	0.0	0.0	0.0	0.0
-29.179	6.132467806299999	0.500356924629165	0.0003110896921	0.22258787081	0.0	0.0	0.0	0.0	0.0
-29.145	8.371819134899999	0.68302620200251	0.000424801051	0.3039159423800001	0.0	0.0	0.0	0.0	0.0
-29.112	9.1644861345	0.7476574902337001	0.0004649644307	0.33260402467	0.0	0.0	0.0	0.0	0.0
-29.078	8.042699404499999	0.65629674848202	0.00040793411610000004	0.29189837085000003	0.0	0.0	0.0	0.0	0.0
-29.044	5.659155023	0.46167759276845705	0.0002870676364	0.20538747887000003	0.0	0.0	0.0	0.0	0.0
-29.011	3.1913990672	0.26040106499477	0.00016191784049999998	0.11583498651000002	0.0	0.0	0.0	0.0	0.0
-28.977	1.44294093276	0.117737102292157	7.321049875e-05	0.052370566489	0.0	0.0	0.0	0.0	0.0
-28.944	0.5229652052999999	0.04266791439278161	2.6531629409999994e-05	0.018981020167999997	0.0	0.0	0.0	0.0	0.0
-28.910	0.15191135147799997	0.012393600673227	7.706933448000001e-06	0.0055135762468	0.0	0.0	0.0	0.0	0.0
-28.877	0.035363793574	0.0028850111769528498	1.7939173649999999e-06	0.0012834255829	0.0	0.0	0.0	0.0	0.0
-28.843	0.0065961342569	0.000538279762289859	3.3468118709999996e-07	0.0002393896096	0.0	0.0	0.0	0.0	0.0
-28.810	0.00098589786949	8.0448074211474e-05	5.0009652299999996e-08	3.5780449731e-05	0.0	0.0	0.0	0.0	0.0
-28.776	0.00011805482503900001	9.6316401681764e-06	5.988431696000001e-09	4.2847635492e-06	0.0	0.0	0.0	0.0	0.0
-28.742	1.13215243878e-05	9.236383526169201e-07	5.743505832e-10	4.1093338583e-07	0.0	0.0	0.0	0.0	0.0
-28.709	8.696496552000002e-07	7.094613454729999e-08	4.4112667529999994e-11	3.1561806581e-08	0.0	0.0	0.0	0.0	0.0
-28.675	5.3493367592999993e-08	4.364020076779941e-09	2.7134997309999998e-12	1.9414936069e-09	0.0	0.0	0.0	0.0	0.0
-28.642	2.6345729603999996e-09	2.14923348313937e-10	1.3362734846000002e-13	9.5611888173e-11	0.0	0.0	0.0	0.0	0.0
-28.608	1.0383544312799998e-10	8.471951641155201e-12	5.267819325e-15	3.768462691e-12	0.0	0.0	0.0	0.0	0.0
-28.575	3.2745020062e-12	2.67118437494894e-13	1.6610505680000004e-16	1.1885367989e-13	0.0	0.0	0.0	0.0	0.0
-28.541	8.687951329700001e-14	7.0881603428299e-15	4.407581148e-18	3.1535950465999996e-15	0.0	0.0	0.0	0.0	0.0
-28.508	0.0	0.0	0.0	0.0	0.0	0.0	0.0	0.0	0.0
-28.474	0.0	0.0	0.0	0.0	0.0	0.0	0.0	0.0	0.0
-28.440	0.0	0.0	0.0	0.0	0.0	0.0	0.0	0.0	0.0
-28.407	0.0	0.0	0.0	0.0	0.0	0.0	0.0	0.0	0.0
-28.373	0.0	0.0	0.0	0.0	0.0	0.0	0.0	0.0	0.0
-28.340	0.0	0.0	0.0	0.0	0.0	0.0	0.0	0.0	0.0
-28.306	0.0	0.0	0.0	0.0	0.0	0.0	0.0	0.0	0.0
-28.273	0.0	0.0	0.0	0.0	0.0	0.0	0.0	0.0	0.0
-28.239	0.0	0.0	0.0	0.0	0.0	0.0	0.0	0.0	0.0
-28.206	0.0	0.0	0.0	0.0	0.0	0.0	0.0	0.0	0.0
-28.172	0.0	0.0	0.0	0.0	0.0	0.0	0.0	0.0	0.0
-28.138	0.0	0.0	0.0	0.0	0.0	0.0	0.0	0.0	0.0
-28.105	0.0	0.0	0.0	0.0	0.0	0.0	0.0	0.0	0.0
-28.071	0.0	0.0	0.0	0.0	0.0	0.0	0.0	0.0	0.0
-28.038	0.0	0.0	0.0	0.0	0.0	0.0	0.0	0.0	0.0
-28.004	0.0	0.0	0.0	0.0	0.0	0.0	0.0	0.0	0.0
-27.971	0.0	0.0	0.0	0.0	0.0	0.0	0.0	0.0	0.0
-27.937	0.0	0.0	0.0	0.0	0.0	0.0	0.0	0.0	0.0
-27.904	0.0	0.0	0.0	0.0	0.0	0.0	0.0	0.0	0.0
-27.870	0.0	0.0	0.0	0.0	0.0	0.0	0.0	0.0	0.0
-27.836	0.0	0.0	0.0	0.0	0.0	0.0	0.0	0.0	0.0
-27.803	0.0	0.0	0.0	0.0	0.0	0.0	0.0	0.0	0.0
-27.769	0.0	0.0	0.0	0.0	0.0	0.0	0.0	0.0	0.0
-27.736	0.0	0.0	0.0	0.0	0.0	0.0	0.0	0.0	0.0
-27.702	0.0	0.0	0.0	0.0	0.0	0.0	0.0	0.0	0.0
-27.669	0.0	0.0	0.0	0.0	0.0	0.0	0.0	0.0	0.0
-27.635	0.0	0.0	0.0	0.0	0.0	0.0	0.0	0.0	0.0
-27.602	0.0	0.0	0.0	0.0	0.0	0.0	0.0	0.0	0.0
-27.568	0.0	0.0	0.0	0.0	0.0	0.0	0.0	0.0	0.0
-27.534	0.0	0.0	0.0	0.0	0.0	0.0	0.0	0.0	0.0
-27.501	0.0	0.0	0.0	0.0	0.0	0.0	0.0	0.0	0.0
-27.467	0.0	0.0	0.0	0.0	0.0	0.0	0.0	0.0	0.0
-27.434	0.0	0.0	0.0	0.0	0.0	0.0	0.0	0.0	0.0
-27.400	0.0	0.0	0.0	0.0	0.0	0.0	0.0	0.0	0.0
-27.367	0.0	0.0	0.0	0.0	0.0	0.0	0.0	0.0	0.0
-27.333	0.0	0.0	0.0	0.0	0.0	0.0	0.0	0.0	0.0
-27.300	2.5598733191499997e-15	5.184503605969e-16	8.2713138e-20	1.0620590889e-16	0.0	0.0	0.0	0.0	0.0
-27.266	1.76612299583e-13	3.577628850073e-14	5.70790298e-18	7.328265487e-15	0.0	0.0	0.0	0.0	0.0
-27.232	6.5756235658000005e-12	1.3319882922050002e-12	2.12464337e-16	2.7288719996e-13	0.0	0.0	0.0	0.0	0.0
-27.199	1.98802396278e-10	4.0261025010469995e-11	6.423724879999999e-15	8.24916713e-12	0.0	0.0	0.0	0.0	0.0
-27.165	4.8088092784e-09	9.741044039270002e-10	1.553797806e-13	1.9951223398999998e-10	0.0	0.0	0.0	0.0	0.0
-27.132	9.312088451900002e-08	1.88620655309e-08	3.0098749310000002e-12	3.8643013347e-09	0.0	0.0	0.0	0.0	0.0
-27.098	1.44385423544e-06	2.925402333885e-07	4.666623959999999e-11	5.992089238e-08	0.0	0.0	0.0	0.0	0.0
-27.065	1.79264221663e-05	3.6317116610310003e-06	5.79423154e-10	7.439418649e-07	0.0	0.0	0.0	0.0	0.0
-27.031	0.000178338163481	3.612240579609e-05	5.76223142e-09	7.398560188999999e-06	0.0	0.0	0.0	0.0	0.0
-26.998	0.0014202986657099999	0.00028775658341350003	4.5900033e-08	5.893462795e-05	0.0	0.0	0.0	0.0	0.0
-26.964	0.009063419352400001	0.001836361891437	2.929216941e-07	0.00037610798855999995	0.0	0.0	0.0	0.0	0.0
-26.930	0.046347203314999995	0.009387785479902	1.498018145e-06	0.0019235813051	0.0	0.0	0.0	0.0	0.0
-26.897	0.18990975598999998	0.03846813053558	6.13704954e-06	0.007880520493	0.0	0.0	0.0	0.0	0.0
-26.863	0.62361556512	0.1263372666832	2.015785477e-05	0.025882457238	0.0	0.0	0.0	0.0	0.0
-26.830	1.64145824115	0.33248954608069997	5.3043750899999996e-05	0.06812046933	0.0	0.0	0.0	0.0	0.0
-26.796	3.46265184433	0.70160102134	0.00011191709949999999	0.14370361755	0.0	0.0	0.0	0.0	0.0
-26.763	5.858145496800001	1.186651620552	0.00018932863659999998	0.24306299652	0.0	0.0	0.0	0.0	0.0
-26.729	7.9427044003	1.6089369055970002	0.0002567145044	0.32960281469	0.0	0.0	0.0	0.0	0.0
-26.696	8.6339536318	1.749066299345	0.0002790018163	0.3582952835	0.0	0.0	0.0	0.0	0.0
-26.662	7.524351883999999	1.5242184433080002	0.00024320167079999998	0.31224919735	0.0	0.0	0.0	0.0	0.0
-26.628	5.256795162399999	1.064982200523	0.0001698635441	0.21811901311	0.0	0.0	0.0	0.0	0.0
-26.595	2.94438953795	0.5964664804291	9.515764939999999e-05	0.12216333616000001	0.0	0.0	0.0	0.0	0.0
-26.561	1.32205227442	0.26781133446249994	4.27255295e-05	0.05486183101000001	0.0	0.0	0.0	0.0	0.0
-26.528	0.47583548332000003	0.0963850864217	1.5371704399999998e-05	0.019746329697	0.0	0.0	0.0	0.0	0.0
-26.494	0.137253696285	0.027804787274329997	4.43561107e-06	0.005694976606	0.0	0.0	0.0	0.0	0.0
-26.461	0.0317233736075	0.006427179194779001	1.025376505e-06	0.0013167940697	0.0	0.0	0.0	0.0	0.0
-26.427	0.005877967672199999	0.001190654837056	1.899186035e-07	0.00024386857668	0.0	0.0	0.0	0.0	0.0
-26.393	0.00087237514328	0.0001767235268064	2.819278047e-08	3.6203544797e-05	0.0	0.0	0.0	0.0	0.0
-26.360	0.00010373336862600001	2.100930886516e-05	3.352337831e-09	4.304388977e-06	0.0	0.0	0.0	0.0	0.0
-26.326	9.8784020886e-06	2.001473613511e-06	3.1924760549999996e-10	4.0991824787000003e-07	0.0	0.0	0.0	0.0	0.0
-26.293	7.535263079299999e-07	1.5263865551099998e-07	2.435085038e-11	3.1270849100000006e-08	0.0	0.0	0.0	0.0	0.0
-26.259	4.6028859468e-08	9.323082084833999e-09	1.486936546e-12	1.910033535e-09	0.0	0.0	0.0	0.0	0.0
-26.226	2.25061857306e-09	4.5598505848090003e-10	7.274128010000001e-14	9.340274221e-11	0.0	0.0	0.0	0.0	0.0
-26.192	8.8114449097e-11	1.785244189583e-11	2.8470928269999996e-15	3.6567320321000004e-12	0.0	0.0	0.0	0.0	0.0
-26.159	2.7593889853099996e-12	5.589635025095001e-13	8.91716969e-17	1.1445003292999999e-13	0.0	0.0	0.0	0.0	0.0
-26.125	7.166165006999998e-14	1.4518216175309998e-14	2.3166022569999997e-18	2.9739360566e-15	0.0	0.0	0.0	0.0	0.0
-26.091	0.0	0.0	0.0	0.0	0.0	0.0	0.0	0.0	0.0
-26.058	0.0	0.0	0.0	0.0	0.0	0.0	0.0	0.0	0.0
-26.024	0.0	0.0	0.0	0.0	0.0	0.0	0.0	0.0	0.0
-25.991	0.0	0.0	0.0	0.0	0.0	0.0	0.0	0.0	0.0
-25.957	0.0	0.0	0.0	0.0	0.0	0.0	0.0	0.0	0.0
-25.924	0.0	0.0	0.0	0.0	0.0	0.0	0.0	0.0	0.0
-25.890	0.0	0.0	0.0	0.0	0.0	0.0	0.0	0.0	0.0
-25.857	0.0	0.0	0.0	0.0	0.0	0.0	0.0	0.0	0.0
-25.823	0.0	0.0	0.0	0.0	0.0	0.0	0.0	0.0	0.0
-25.789	0.0	0.0	0.0	0.0	0.0	0.0	0.0	0.0	0.0
-25.756	0.0	0.0	0.0	0.0	0.0	0.0	0.0	0.0	0.0
-25.722	0.0	0.0	0.0	0.0	0.0	0.0	0.0	0.0	0.0
-25.689	0.0	0.0	0.0	0.0	0.0	0.0	0.0	0.0	0.0
-25.655	0.0	0.0	0.0	0.0	0.0	0.0	0.0	0.0	0.0
-25.622	0.0	0.0	0.0	0.0	0.0	0.0	0.0	0.0	0.0
-25.588	0.0	0.0	0.0	0.0	0.0	0.0	0.0	0.0	0.0
-25.555	0.0	0.0	0.0	0.0	0.0	0.0	0.0	0.0	0.0
-25.521	0.0	0.0	0.0	0.0	0.0	0.0	0.0	0.0	0.0
-25.487	0.0	0.0	0.0	0.0	0.0	0.0	0.0	0.0	0.0
-25.454	0.0	0.0	0.0	0.0	0.0	0.0	0.0	0.0	0.0
-25.420	0.0	0.0	0.0	0.0	0.0	0.0	0.0	0.0	0.0
-25.387	0.0	0.0	0.0	0.0	0.0	0.0	0.0	0.0	0.0
-25.353	0.0	0.0	0.0	0.0	0.0	0.0	0.0	0.0	0.0
-25.320	0.0	0.0	0.0	0.0	0.0	0.0	0.0	0.0	0.0
-25.286	0.0	0.0	0.0	0.0	0.0	0.0	0.0	0.0	0.0
-25.253	0.0	0.0	0.0	0.0	0.0	0.0	0.0	0.0	0.0
-25.219	0.0	0.0	0.0	0.0	0.0	0.0	0.0	0.0	0.0
-25.185	0.0	0.0	0.0	0.0	0.0	0.0	0.0	0.0	0.0
-25.152	0.0	0.0	0.0	0.0	0.0	0.0	0.0	0.0	0.0
-25.118	0.0	0.0	0.0	0.0	0.0	0.0	0.0	0.0	0.0
-25.085	0.0	0.0	0.0	0.0	0.0	0.0	0.0	0.0	0.0
-25.051	0.0	0.0	0.0	0.0	0.0	0.0	0.0	0.0	0.0
-25.018	0.0	0.0	0.0	0.0	0.0	0.0	0.0	0.0	0.0
-24.984	0.0	0.0	0.0	0.0	0.0	0.0	0.0	0.0	0.0
-24.951	0.0	0.0	0.0	0.0	0.0	0.0	0.0	0.0	0.0
-24.917	0.0	0.0	0.0	0.0	0.0	0.0	0.0	0.0	0.0
-24.883	0.0	0.0	0.0	0.0	0.0	0.0	0.0	0.0	0.0
-24.850	0.0	0.0	0.0	0.0	0.0	0.0	0.0	0.0	0.0
-24.816	0.0	0.0	0.0	0.0	0.0	0.0	0.0	0.0	0.0
-24.783	0.0	0.0	0.0	0.0	0.0	0.0	0.0	0.0	0.0
-24.749	0.0	0.0	0.0	0.0	0.0	0.0	0.0	0.0	0.0
-24.716	0.0	0.0	0.0	0.0	0.0	0.0	0.0	0.0	0.0
-24.682	0.0	0.0	0.0	0.0	0.0	0.0	0.0	0.0	0.0
-24.649	0.0	0.0	0.0	0.0	0.0	0.0	0.0	0.0	0.0
-24.615	0.0	0.0	0.0	0.0	0.0	0.0	0.0	0.0	0.0
-24.581	0.0	0.0	0.0	0.0	0.0	0.0	0.0	0.0	0.0
-24.548	0.0	0.0	0.0	0.0	0.0	0.0	0.0	0.0	0.0
-24.514	0.0	0.0	0.0	0.0	0.0	0.0	0.0	0.0	0.0
-24.481	0.0	0.0	0.0	0.0	0.0	0.0	0.0	0.0	0.0
-24.447	0.0	0.0	0.0	0.0	0.0	0.0	0.0	0.0	0.0
-24.414	0.0	0.0	0.0	0.0	0.0	0.0	0.0	0.0	0.0
-24.380	0.0	0.0	0.0	0.0	0.0	0.0	0.0	0.0	0.0
-24.347	0.0	0.0	0.0	0.0	0.0	0.0	0.0	0.0	0.0
-24.313	0.0	0.0	0.0	0.0	0.0	0.0	0.0	0.0	0.0
-24.279	0.0	0.0	0.0	0.0	0.0	0.0	0.0	0.0	0.0
-24.246	0.0	0.0	0.0	0.0	0.0	0.0	0.0	0.0	0.0
-24.212	0.0	0.0	0.0	0.0	0.0	0.0	0.0	0.0	0.0
-24.179	0.0	0.0	0.0	0.0	0.0	0.0	0.0	0.0	0.0
-24.145	0.0	0.0	0.0	0.0	0.0	0.0	0.0	0.0	0.0
-24.112	0.0	0.0	0.0	0.0	0.0	0.0	0.0	0.0	0.0
-24.078	0.0	0.0	0.0	0.0	0.0	0.0	0.0	0.0	0.0
-24.045	0.0	0.0	0.0	0.0	0.0	0.0	0.0	0.0	0.0
-24.011	0.0	0.0	0.0	0.0	0.0	0.0	0.0	0.0	0.0
-23.977	0.0	0.0	0.0	0.0	0.0	0.0	0.0	0.0	0.0
-23.944	0.0	0.0	0.0	0.0	0.0	0.0	0.0	0.0	0.0
-23.910	0.0	0.0	0.0	0.0	0.0	0.0	0.0	0.0	0.0
-23.877	0.0	0.0	0.0	0.0	0.0	0.0	0.0	0.0	0.0
-23.843	0.0	0.0	0.0	0.0	0.0	0.0	0.0	0.0	0.0
-23.810	0.0	0.0	0.0	0.0	0.0	0.0	0.0	0.0	0.0
-23.776	0.0	0.0	0.0	0.0	0.0	0.0	0.0	0.0	0.0
-23.743	0.0	0.0	0.0	0.0	0.0	0.0	0.0	0.0	0.0
-23.709	0.0	0.0	0.0	0.0	0.0	0.0	0.0	0.0	0.0
-23.675	0.0	0.0	0.0	0.0	0.0	0.0	0.0	0.0	0.0
-23.642	0.0	0.0	0.0	0.0	0.0	0.0	0.0	0.0	0.0
-23.608	0.0	0.0	0.0	0.0	0.0	0.0	0.0	0.0	0.0
-23.575	0.0	0.0	0.0	0.0	0.0	0.0	0.0	0.0	0.0
-23.541	0.0	0.0	0.0	0.0	0.0	0.0	0.0	0.0	0.0
-23.508	0.0	0.0	0.0	0.0	0.0	0.0	0.0	0.0	0.0
-23.474	0.0	0.0	0.0	0.0	0.0	0.0	0.0	0.0	0.0
-23.441	0.0	0.0	0.0	0.0	0.0	0.0	0.0	0.0	0.0
-23.407	0.0	0.0	0.0	0.0	0.0	0.0	0.0	0.0	0.0
-23.373	0.0	0.0	0.0	0.0	0.0	0.0	0.0	0.0	0.0
-23.340	0.0	0.0	0.0	0.0	0.0	0.0	0.0	0.0	0.0
-23.306	0.0	0.0	0.0	0.0	0.0	0.0	0.0	0.0	0.0
-23.273	0.0	0.0	0.0	0.0	0.0	0.0	0.0	0.0	0.0
-23.239	0.0	0.0	0.0	0.0	0.0	0.0	0.0	0.0	0.0
-23.206	0.0	0.0	0.0	0.0	0.0	0.0	0.0	0.0	0.0
-23.172	0.0	0.0	0.0	0.0	0.0	0.0	0.0	0.0	0.0
-23.139	0.0	0.0	0.0	0.0	0.0	0.0	0.0	0.0	0.0
-23.105	0.0	0.0	0.0	0.0	0.0	0.0	0.0	0.0	0.0
-23.071	0.0	0.0	0.0	0.0	0.0	0.0	0.0	0.0	0.0
-23.038	0.0	0.0	0.0	0.0	0.0	0.0	0.0	0.0	0.0
-23.004	0.0	0.0	0.0	0.0	0.0	0.0	0.0	0.0	0.0
-22.971	0.0	0.0	0.0	0.0	0.0	0.0	0.0	0.0	0.0
-22.937	0.0	0.0	0.0	0.0	0.0	0.0	0.0	0.0	0.0
-22.904	0.0	0.0	0.0	0.0	0.0	0.0	0.0	0.0	0.0
-22.870	0.0	0.0	0.0	0.0	0.0	0.0	0.0	0.0	0.0
-22.837	0.0	0.0	0.0	0.0	0.0	0.0	0.0	0.0	0.0
-22.803	0.0	0.0	0.0	0.0	0.0	0.0	0.0	0.0	0.0
-22.769	0.0	0.0	0.0	0.0	0.0	0.0	0.0	0.0	0.0
-22.736	0.0	0.0	0.0	0.0	0.0	0.0	0.0	0.0	0.0
-22.702	0.0	0.0	0.0	0.0	0.0	0.0	0.0	0.0	0.0
-22.669	0.0	0.0	0.0	0.0	0.0	0.0	0.0	0.0	0.0
-22.635	0.0	0.0	0.0	0.0	0.0	0.0	0.0	0.0	0.0
-22.602	0.0	0.0	0.0	0.0	0.0	0.0	0.0	0.0	0.0
-22.568	0.0	0.0	0.0	0.0	0.0	0.0	0.0	0.0	0.0
-22.535	0.0	0.0	0.0	0.0	0.0	0.0	0.0	0.0	0.0
-22.501	0.0	0.0	0.0	0.0	0.0	0.0	0.0	0.0	0.0
-22.467	0.0	0.0	0.0	0.0	0.0	0.0	0.0	0.0	0.0
-22.434	0.0	0.0	0.0	0.0	0.0	0.0	0.0	0.0	0.0
-22.400	0.0	0.0	0.0	0.0	0.0	0.0	0.0	0.0	0.0
-22.367	0.0	0.0	0.0	0.0	0.0	0.0	0.0	0.0	0.0
-22.333	0.0	0.0	0.0	0.0	0.0	0.0	0.0	0.0	0.0
-22.300	0.0	0.0	0.0	0.0	0.0	0.0	0.0	0.0	0.0
-22.266	0.0	0.0	0.0	0.0	0.0	0.0	0.0	0.0	0.0
-22.233	0.0	0.0	0.0	0.0	0.0	0.0	0.0	0.0	0.0
-22.199	0.0	0.0	0.0	0.0	0.0	0.0	0.0	0.0	0.0
-22.165	0.0	0.0	0.0	0.0	0.0	0.0	0.0	0.0	0.0
-22.132	0.0	0.0	0.0	0.0	0.0	0.0	0.0	0.0	0.0
-22.098	0.0	0.0	0.0	0.0	0.0	0.0	0.0	0.0	0.0
-22.065	0.0	0.0	0.0	0.0	0.0	0.0	0.0	0.0	0.0
-22.031	0.0	0.0	0.0	0.0	0.0	0.0	0.0	0.0	0.0
-21.998	0.0	0.0	0.0	0.0	0.0	0.0	0.0	0.0	0.0
-21.964	0.0	0.0	0.0	0.0	0.0	0.0	0.0	0.0	0.0
-21.931	0.0	0.0	0.0	0.0	0.0	0.0	0.0	0.0	0.0
-21.897	0.0	0.0	0.0	0.0	0.0	0.0	0.0	0.0	0.0
-21.863	0.0	0.0	0.0	0.0	0.0	0.0	0.0	0.0	0.0
-21.830	0.0	0.0	0.0	0.0	0.0	0.0	0.0	0.0	0.0
-21.796	0.0	0.0	0.0	0.0	0.0	0.0	0.0	0.0	0.0
-21.763	0.0	0.0	0.0	0.0	0.0	0.0	0.0	0.0	0.0
-21.729	0.0	0.0	0.0	0.0	0.0	0.0	0.0	0.0	0.0
-21.696	0.0	0.0	0.0	0.0	0.0	0.0	0.0	0.0	0.0
-21.662	0.0	0.0	0.0	0.0	0.0	0.0	0.0	0.0	0.0
-21.629	0.0	0.0	0.0	0.0	0.0	0.0	0.0	0.0	0.0
-21.595	0.0	0.0	0.0	0.0	0.0	0.0	0.0	0.0	0.0
-21.561	0.0	0.0	0.0	0.0	0.0	0.0	0.0	0.0	0.0
-21.528	1.844453e-14	1.0296943e-15	1.9001292320000003e-16	7.330006999999999e-16	0.0	0.0	0.0	0.0	0.0
-21.494	7.971930000000001e-13	4.450258e-14	8.212951709999999e-15	3.1681154000000004e-14	0.0	0.0	0.0	0.0	0.0
-21.461	2.70735e-11	1.5114920999999999e-12	2.7894808780000004e-13	1.0759678e-12	0.0	0.0	0.0	0.0	0.0
-21.427	7.365730000000001e-10	4.112033e-11	7.588354720000001e-12	2.9275921000000005e-11	0.0	0.0	0.0	0.0	0.0
-21.394	1.604074e-08	8.95613e-10	1.65286146e-10	6.374431e-10	0.0	0.0	0.0	0.0	0.0
-21.360	2.79704e-07	1.5615076000000002e-08	2.881453028e-09	1.1115168000000001e-08	0.0	0.0	0.0	0.0	0.0
-21.326	3.90474e-06	2.1800176999999998e-07	4.023095329999999e-08	1.5518635999999998e-07	0.0	0.0	0.0	0.0	0.0
-21.293	4.36567e-05	2.437888e-06	4.4981302199999993e-07	1.7352055000000002e-06	0.0	0.0	0.0	0.0	0.0
-21.259	0.000390949	2.1830426999999997e-05	4.02792564e-06	1.5538849000000002e-05	0.0	0.0	0.0	0.0	0.0
-21.226	0.00280489	0.00015659863	2.889694950000001e-05	0.00011147228999999999	0.0	0.0	0.0	0.0	0.0
-21.192	0.01612125	0.0008999838	0.00016609045019999998	0.0006407113	0.0	0.0	0.0	0.0	0.0
-21.159	0.0742455	0.004145065	0.0007649061880000001	0.0029505923000000002	0.0	0.0	0.0	0.0	0.0
-21.125	0.27404	0.015300173000000002	0.0028231544700000008	0.010890925	0.0	0.0	0.0	0.0	0.0
-21.092	0.810726	0.04525151	0.00835095799	0.032219872000000004	0.0	0.0	0.0	0.0	0.0
-21.058	1.9220230000000003	0.10730292	0.0198033886	0.07638626999999999	0.0	0.0	0.0	0.0	0.0
-21.024	3.65292	0.20398298999999998	0.0376377173	0.14518999	0.0	0.0	0.0	0.0	0.0
-20.991	5.5664	0.31076459999999995	0.057344557800000015	0.22122250000000002	0.0	0.0	0.0	0.0	0.0
-20.957	6.799990000000001	0.37955600000000006	0.0700637093	0.27023423999999996	0.0	0.0	0.0	0.0	0.0
-20.924	6.6593800000000005	0.37173900000000004	0.06860330240000001	0.26465289999999997	0.0	0.0	0.0	0.0	0.0
-20.890	5.22903	0.29192270000000003	0.053862806299999996	0.20778192	0.0	0.0	0.0	0.0	0.0
-20.857	3.29054	0.1837034	0.033903577100000006	0.13078205	0.0	0.0	0.0	0.0	0.0
-20.823	1.660384	0.09269753	0.01710658627	0.06598833	0.0	0.0	0.0	0.0	0.0
-20.790	0.6716400000000001	0.037489600000000005	0.006919724299999998	0.02669084	0.0	0.0	0.0	0.0	0.0
-20.756	0.217728	0.012155978	0.002243184694	0.008652602	0.0	0.0	0.0	0.0	0.0
-20.722	0.0565753	0.003157873	0.0005828540730000001	0.0022481410000000004	0.0	0.0	0.0	0.0	0.0
-20.689	0.01177977	0.0006576601	0.00012135636769999999	0.0004682366	0.0	0.0	0.0	0.0	0.0
-20.655	0.0019653	0.00010971726	2.024767001e-05	7.811193e-05	0.0	0.0	0.0	0.0	0.0
-20.622	0.00026270799999999995	1.4666366000000001e-05	2.7064563530000002e-06	1.0440441000000001e-05	0.0	0.0	0.0	0.0	0.0
-20.588	2.8129700000000003e-05	1.5705151e-06	2.897937173e-07	1.117941e-06	0.0	0.0	0.0	0.0	0.0
-20.555	2.4125699999999996e-06	1.3468188999999999e-07	2.4854256520000002e-08	9.587474e-08	0.0	0.0	0.0	0.0	0.0
-20.521	1.656955e-07	9.249635000000001e-09	1.7070394269999994e-09	6.585344e-09	0.0	0.0	0.0	0.0	0.0
-20.488	9.111349999999999e-09	5.086280999999999e-10	9.387964599999999e-11	3.6214105e-10	0.0	0.0	0.0	0.0	0.0
-20.454	4.01139e-10	2.2397409e-11	4.132455529999999e-12	1.5943731999999998e-11	0.0	0.0	0.0	0.0	0.0
-20.420	1.4132890000000002e-11	7.890215e-13	1.4559547749999996e-13	5.616399e-13	0.0	0.0	0.0	0.0	0.0
-20.387	4.01728e-13	2.242977e-14	4.138288040000001e-15	1.5963157000000002e-14	0.0	0.0	0.0	0.0	0.0
-20.353	8.197430000000001e-15	4.576508e-16	8.444942940000001e-17	3.2582002e-16	0.0	0.0	0.0	0.0	0.0
-20.320	0.0	0.0	0.0	0.0	0.0	0.0	0.0	0.0	0.0
-20.286	0.0	0.0	0.0	0.0	0.0	0.0	0.0	0.0	0.0
-20.253	0.0	0.0	0.0	0.0	0.0	0.0	0.0	0.0	0.0
-20.219	0.0	0.0	0.0	0.0	0.0	0.0	0.0	0.0	0.0
-20.186	0.0	0.0	0.0	0.0	0.0	0.0	0.0	0.0	0.0
-20.152	0.0	0.0	0.0	0.0	0.0	0.0	0.0	0.0	0.0
-20.118	0.0	0.0	0.0	0.0	0.0	0.0	0.0	0.0	0.0
-20.085	0.0	0.0	0.0	0.0	0.0	0.0	0.0	0.0	0.0
-20.051	0.0	0.0	0.0	0.0	0.0	0.0	0.0	0.0	0.0
-20.018	0.0	0.0	0.0	0.0	0.0	0.0	0.0	0.0	0.0
-19.984	0.0	0.0	0.0	0.0	0.0	0.0	0.0	0.0	0.0
-19.951	0.0	0.0	0.0	0.0	0.0	0.0	0.0	0.0	0.0
-19.917	0.0	0.0	0.0	0.0	0.0	0.0	0.0	0.0	0.0
-19.884	0.0	0.0	0.0	0.0	0.0	0.0	0.0	0.0	0.0
-19.850	0.0	0.0	0.0	0.0	0.0	0.0	0.0	0.0	0.0
-19.816	0.0	0.0	0.0	0.0	0.0	0.0	0.0	0.0	0.0
-19.783	0.0	0.0	0.0	0.0	0.0	0.0	0.0	0.0	0.0
-19.749	0.0	0.0	0.0	0.0	0.0	0.0	0.0	0.0	0.0
-19.716	0.0	0.0	0.0	0.0	0.0	0.0	0.0	0.0	0.0
-19.682	0.0	0.0	0.0	0.0	0.0	0.0	0.0	0.0	0.0
-19.649	0.0	0.0	0.0	0.0	0.0	0.0	0.0	0.0	0.0
-19.615	0.0	0.0	0.0	0.0	0.0	0.0	0.0	0.0	0.0
-19.582	0.0	0.0	0.0	0.0	0.0	0.0	0.0	0.0	0.0
-19.548	0.0	0.0	0.0	0.0	0.0	0.0	0.0	0.0	0.0
-19.514	0.0	0.0	0.0	0.0	0.0	0.0	0.0	0.0	0.0
-19.481	0.0	0.0	0.0	0.0	0.0	0.0	0.0	0.0	0.0
-19.447	0.0	0.0	0.0	0.0	0.0	0.0	0.0	0.0	0.0
-19.414	0.0	0.0	0.0	0.0	0.0	0.0	0.0	0.0	0.0
-19.380	0.0	0.0	0.0	0.0	0.0	0.0	0.0	0.0	0.0
-19.347	1.90933e-15	1.703963e-16	2.169884693e-17	2.9229617000000004e-16	0.0	0.0	0.0	0.0	0.0
-19.313	1.14561e-13	1.0222639999999999e-14	1.3019410959999997e-15	1.7537455899999998e-14	0.0	0.0	0.0	0.0	0.0
-19.280	4.368759999999999e-12	3.89823e-13	4.96494625e-14	6.6873329e-13	0.0	0.0	0.0	0.0	0.0
-19.246	1.32988e-10	1.1867649999999999e-11	1.5113516250000003e-12	2.0358943800000002e-11	0.0	0.0	0.0	0.0	0.0
-19.212	3.24082e-09	2.89218e-10	3.682935833e-11	4.9609754e-10	0.0	0.0	0.0	0.0	0.0
-19.179	6.321899999999999e-08	5.6420400000000005e-09	7.184178279999999e-10	9.678086200000002e-09	0.0	0.0	0.0	0.0	0.0
-19.145	9.874900000000002e-07	8.8117e-08	1.1221468360000003e-08	1.5116793899999998e-07	0.0	0.0	0.0	0.0	0.0
-19.112	1.23512e-05	1.102268e-06	1.4037020969999996e-07	1.89091096e-06	0.0	0.0	0.0	0.0	0.0
-19.078	0.00012373499999999998	1.104077e-05	1.4062249340000004e-06	1.89418651e-05	0.0	0.0	0.0	0.0	0.0
-19.045	0.00099291	8.8599e-05	1.1283267719999998e-05	0.00015198996500000002	0.0	0.0	0.0	0.0	0.0
-19.011	0.00638333	0.00056957	7.25391917e-05	0.0009770439300000001	0.0	0.0	0.0	0.0	0.0
-18.978	0.0328721	0.0029335599999999996	0.0003736499475	0.005032878300000001	0.0	0.0	0.0	0.0	0.0
-18.944	0.135694	0.012109479999999999	0.0015422151469999998	0.020773869099999998	0.0	0.0	0.0	0.0	0.0
-18.910	0.448909	0.040055299999999995	0.00510102032	0.06871936	0.0	0.0	0.0	0.0	0.0
-18.877	1.19021	0.10620869999999999	0.01352700931	0.182206551	0.0	0.0	0.0	0.0	0.0
-18.843	2.52952	0.225696	0.028747562750000007	0.3872650899999999	0.0	0.0	0.0	0.0	0.0
-18.810	4.309550000000001	0.38458699999999996	0.0489781848	0.6597245899999999	0.0	0.0	0.0	0.0	0.0
-18.776	5.8858299999999995	0.525301	0.06690137560000001	0.9011042699999999	0.0	0.0	0.0	0.0	0.0
-18.743	6.44544	0.575203	0.07325067159999998	0.98672086	0.0	0.0	0.0	0.0	0.0
-18.709	5.65775	0.50493	0.0643006807	0.86620642	0.0	0.0	0.0	0.0	0.0
-18.676	3.9823199999999996	0.355353	0.04525684780000001	0.6095522700000001	0.0	0.0	0.0	0.0	0.0
-18.642	2.2467200000000003	0.200443	0.025533738169999997	0.34398586000000003	0.0	0.0	0.0	0.0	0.0
-18.608	1.0161300000000002	0.0906734	0.011548073629999999	0.155562183	0.0	0.0	0.0	0.0	0.0
-18.575	0.36842500000000006	0.032872399999999996	0.00418721638	0.056403952	0.0	0.0	0.0	0.0	0.0
-18.541	0.107044	0.00955194	0.0012166604080000004	0.01638675	0.0	0.0	0.0	0.0	0.0
-18.508	0.024926900000000002	0.00222462	0.0002832950062999999	0.003816158	0.0	0.0	0.0	0.0	0.0
-18.474	0.004651870000000001	0.000415078	5.2854309099999996e-05	0.0007119533099999999	0.0	0.0	0.0	0.0	0.0
-18.441	0.000695468	6.205650000000001e-05	7.9038195e-06	0.00010646091000000002	0.0	0.0	0.0	0.0	0.0
-18.407	8.330070000000001e-05	7.43334e-06	9.466816070000001e-07	1.27510172e-05	0.0	0.0	0.0	0.0	0.0
-18.374	7.99269e-06	7.1317e-07	9.082820550000003e-08	1.2234202300000003e-06	0.0	0.0	0.0	0.0	0.0
-18.340	6.140280000000001e-07	5.47969e-08	6.9789647300000015e-09	9.4008379e-08	0.0	0.0	0.0	0.0	0.0
-18.306	3.77854e-08	3.3714700000000006e-09	4.293242859999999e-10	5.784121700000001e-09	0.0	0.0	0.0	0.0	0.0
-18.273	1.8612200000000001e-09	1.661095e-10	2.1151144469999995e-11	2.849433e-10	0.0	0.0	0.0	0.0	0.0
-18.239	7.339840000000001e-11	6.550040000000001e-12	8.34157407e-13	1.1235559100000002e-11	0.0	0.0	0.0	0.0	0.0
-18.206	2.3140500000000002e-12	2.06531e-13	2.6298489209999998e-14	3.5423897e-13	0.0	0.0	0.0	0.0	0.0
-18.172	6.11004e-14	5.452150000000001e-15	6.94439074e-16	9.353115799999998e-15	0.0	0.0	0.0	0.0	0.0
-18.139	0.0	0.0	0.0	0.0	0.0	0.0	0.0	0.0	0.0
-18.105	0.0	0.0	0.0	0.0	0.0	0.0	0.0	0.0	0.0
-18.072	0.0	0.0	0.0	0.0	0.0	0.0	0.0	0.0	0.0
-18.038	0.0	0.0	0.0	0.0	0.0	0.0	0.0	0.0	0.0
-18.004	0.0	0.0	0.0	0.0	0.0	0.0	0.0	0.0	0.0
-17.971	0.0	0.0	0.0	0.0	0.0	0.0	0.0	0.0	0.0
-17.937	0.0	0.0	0.0	0.0	0.0	0.0	0.0	0.0	0.0
-17.904	0.0	0.0	0.0	0.0	0.0	0.0	0.0	0.0	0.0
-17.870	0.0	0.0	0.0	0.0	0.0	0.0	0.0	0.0	0.0
-17.837	0.0	0.0	0.0	0.0	0.0	0.0	0.0	0.0	0.0
-17.803	0.0	0.0	0.0	0.0	0.0	0.0	0.0	0.0	0.0
-17.770	0.0	0.0	0.0	0.0	0.0	0.0	0.0	0.0	0.0
-17.736	0.0	0.0	0.0	0.0	0.0	0.0	0.0	0.0	0.0
-17.702	0.0	0.0	0.0	0.0	0.0	0.0	0.0	0.0	0.0
-17.669	0.0	0.0	0.0	0.0	0.0	0.0	0.0	0.0	0.0
-17.635	0.0	0.0	0.0	0.0	0.0	0.0	0.0	0.0	0.0
-17.602	0.0	0.0	0.0	0.0	0.0	0.0	0.0	0.0	0.0
-17.568	0.0	0.0	0.0	0.0	0.0	0.0	0.0	0.0	0.0
-17.535	0.0	0.0	0.0	0.0	0.0	0.0	0.0	0.0	0.0
-17.501	0.0	0.0	0.0	0.0	0.0	0.0	0.0	0.0	0.0
-17.468	0.0	0.0	0.0	0.0	0.0	0.0	0.0	0.0	0.0
-17.434	0.0	0.0	0.0	0.0	0.0	0.0	0.0	0.0	0.0
-17.400	0.0	0.0	0.0	0.0	0.0	0.0	0.0	0.0	0.0
-17.367	0.0	0.0	0.0	0.0	0.0	0.0	0.0	0.0	0.0
-17.333	0.0	0.0	0.0	0.0	0.0	0.0	0.0	0.0	0.0
-17.300	0.0	0.0	0.0	0.0	0.0	0.0	0.0	0.0	0.0
-17.266	0.0	0.0	0.0	0.0	0.0	0.0	0.0	0.0	0.0
-17.233	0.0	0.0	0.0	0.0	0.0	0.0	0.0	0.0	0.0
-17.199	0.0	0.0	0.0	0.0	0.0	0.0	0.0	0.0	0.0
-17.166	0.0	0.0	0.0	0.0	0.0	0.0	0.0	0.0	0.0
-17.132	0.0	0.0	0.0	0.0	0.0	0.0	0.0	0.0	0.0
-17.098	0.0	0.0	0.0	0.0	0.0	0.0	0.0	0.0	0.0
-17.065	0.0	0.0	0.0	0.0	0.0	0.0	0.0	0.0	0.0
-17.031	0.0	0.0	0.0	0.0	0.0	0.0	0.0	0.0	0.0
-16.998	0.0	0.0	0.0	0.0	0.0	0.0	0.0	0.0	0.0
-16.964	0.0	0.0	0.0	0.0	0.0	0.0	0.0	0.0	0.0
-16.931	0.0	0.0	0.0	0.0	0.0	0.0	0.0	0.0	0.0
-16.897	0.0	0.0	0.0	0.0	0.0	0.0	0.0	0.0	0.0
-16.864	0.0	0.0	0.0	0.0	0.0	0.0	0.0	0.0	0.0
-16.830	0.0	0.0	0.0	0.0	0.0	0.0	0.0	0.0	0.0
-16.796	1.573762e-15	1.7583031e-16	2.2075149186999998e-17	8.387939000000001e-16	0.0	0.0	0.0	0.0	0.0
-16.763	4.092093999999999e-14	4.5716753e-15	5.739123889000001e-16	2.1807323e-14	0.0	0.0	0.0	0.0	0.0
-16.729	1.671456e-12	1.8675801000000002e-13	2.3444483502000005e-14	8.908535999999999e-13	0.0	0.0	0.0	0.0	0.0
-16.696	5.340494e-11	5.966495e-12	7.492500998999999e-13	2.8469270000000005e-11	0.0	0.0	0.0	0.0	0.0
-16.662	1.3654439e-09	1.5255848999999998e-10	1.9153088802e-11	7.278490000000001e-10	0.0	0.0	0.0	0.0	0.0
-16.629	2.794912e-08	3.1229181e-09	3.920291178e-10	1.490112e-08	0.0	0.0	0.0	0.0	0.0
-16.595	4.580087e-07	5.116907500000001e-08	6.4247907760000005e-09	2.4409867999999995e-07	0.0	0.0	0.0	0.0	0.0
-16.562	6.009807e-06	6.715200399999999e-07	8.430885274000001e-08	3.203984e-06	0.0	0.0	0.0	0.0	0.0
-16.528	6.317001e-05	7.0576573e-06	8.860824954000001e-07	3.367136e-05	0.0	0.0	0.0	0.0	0.0
-16.494	0.000531739	5.9415697e-05	7.458917010000001e-06	0.0002834345	0.0	0.0	0.0	0.0	0.0
-16.461	0.0035862240000000007	0.00040064686000000003	5.029914994e-05	0.0019119483000000002	0.0	0.0	0.0	0.0	0.0
-16.427	0.01937911	0.0021650358	0.00027180537234000005	0.010328586	0.0	0.0	0.0	0.0	0.0
-16.394	0.08389933	0.009375356000000001	0.0011769642165	0.04472162	0.0	0.0	0.0	0.0	0.0
-16.360	0.2911515	0.032533322	0.004083999947000001	0.15520791	0.0	0.0	0.0	0.0	0.0
-16.327	0.8096489000000001	0.09046203000000001	0.011356965491000001	0.43161809999999995	0.0	0.0	0.0	0.0	0.0
-16.293	1.8052449999999998	0.20168586	0.025319121470000004	0.9620937999999999	0.0	0.0	0.0	0.0	0.0
-16.260	3.2259510000000002	0.36041040999999996	0.04524760831	1.7194017999999998	0.0	0.0	0.0	0.0	0.0
-16.226	4.6210189999999995	0.51632906	0.06481858094	2.4632384	0.0	0.0	0.0	0.0	0.0
-16.192	5.308256	0.5930619700000002	0.07445668286	2.8289540000000004	0.0	0.0	0.0	0.0	0.0
-16.159	4.888203	0.54604351	0.06856754467000001	2.6052599999999995	0.0	0.0	0.0	0.0	0.0
-16.125	3.608197	0.40316425	0.05061073872999999	1.9233068000000002	0.0	0.0	0.0	0.0	0.0
-16.092	2.135264	0.23856924999999998	0.029951778273000003	1.1381593	0.0	0.0	0.0	0.0	0.0
-16.058	1.0129811	0.11318849	0.014208715205	0.5398968000000002	0.0	0.0	0.0	0.0	0.0
-16.025	0.3852189	0.043038041000000006	0.005402302256999999	0.20529096	0.0	0.0	0.0	0.0	0.0
-15.991	0.11741599	0.013119051000000001	0.0016469516589000003	0.06257979	0.0	0.0	0.0	0.0	0.0
-15.957	0.0286829	0.0032048254000000003	0.00040229882090000004	0.015283913	0.0	0.0	0.0	0.0	0.0
-15.924	0.005614621000000001	0.0006273106200000001	7.875621866e-05	0.0029930150000000003	0.0	0.0	0.0	0.0	0.0
-15.890	0.0008806150000000001	9.837509e-05	1.2352425442000002e-05	0.00046942669999999997	0.0	0.0	0.0	0.0	0.0
-15.857	0.00011066497999999998	1.2364226e-05	1.5521938102e-06	5.8979470000000005e-05	0.0	0.0	0.0	0.0	0.0
-15.823	1.1138005e-05	1.2443899e-06	1.5622825932999996e-07	5.9371080000000005e-06	0.0	0.0	0.0	0.0	0.0
-15.790	8.978704999999999e-07	1.0032943e-07	1.2594838614999998e-08	4.785751e-07	0.0	0.0	0.0	0.0	0.0
-15.756	5.7962689999999995e-08	6.4760107e-09	8.130313063000001e-10	3.088988999999999e-08	0.0	0.0	0.0	0.0	0.0
-15.723	2.9959800000000002e-09	3.347282e-10	4.201997923000001e-11	1.59703e-09	0.0	0.0	0.0	0.0	0.0
-15.689	1.2396471e-10	1.3849489e-11	1.7387493867000003e-12	6.606642999999999e-11	0.0	0.0	0.0	0.0	0.0
-15.655	4.104452e-12	4.5858103e-13	5.757445153999999e-14	2.187709e-12	0.0	0.0	0.0	0.0	0.0
-15.622	1.1331292e-13	1.2659511000000001e-14	1.5893898415e-15	6.039748000000001e-14	0.0	0.0	0.0	0.0	0.0
-15.588	0.0	0.0	0.0	0.0	0.0	0.0	0.0	0.0	0.0
-15.555	0.0	0.0	0.0	0.0	0.0	0.0	0.0	0.0	0.0
-15.521	0.0	0.0	0.0	0.0	0.0	0.0	0.0	0.0	0.0
-15.488	0.0	0.0	0.0	0.0	0.0	0.0	0.0	0.0	0.0
-15.454	0.0	0.0	0.0	0.0	0.0	0.0	0.0	0.0	0.0
-15.421	0.0	0.0	0.0	0.0	0.0	0.0	0.0	0.0	0.0
-15.387	0.0	0.0	0.0	0.0	0.0	0.0	0.0	0.0	0.0
-15.353	3.1724610000000005e-15	5.752059000000001e-16	9.03842202e-17	1.378472051e-15	0.0	0.0	0.0	0.0	0.0
-15.320	1.189604e-13	2.1573759999999995e-14	3.3896007099999996e-15	5.16982325e-14	0.0	0.0	0.0	0.0	0.0
-15.286	4.466874e-12	8.10092e-13	1.272626935e-13	1.941154882e-12	0.0	0.0	0.0	0.0	0.0
-15.253	1.342429e-10	2.4342649999999998e-11	3.82454214e-12	5.833462259999999e-11	0.0	0.0	0.0	0.0	0.0
-15.219	3.228583e-09	5.855107e-10	9.19807873e-11	1.4031901419999997e-09	0.0	0.0	0.0	0.0	0.0
-15.186	6.21629e-08	1.1273479999999999e-08	1.7709838419999998e-09	2.700850083e-08	0.0	0.0	0.0	0.0	0.0
-15.152	9.582820000000001e-07	1.7376520000000003e-07	2.7301141899999998e-08	4.1638638220000003e-07	0.0	0.0	0.0	0.0	0.0
-15.119	1.182891e-05	2.1453030000000003e-06	3.3705539199999994e-07	5.14011389e-06	0.0	0.0	0.0	0.0	0.0
-15.085	0.00011697039999999999	2.1209740000000004e-05	3.3325034599999993e-06	5.082673469999999e-05	0.0	0.0	0.0	0.0	0.0
-15.051	0.0009263230000000001	0.0001679765	2.6392813900000003e-05	0.0004025525028	0.0	0.0	0.0	0.0	0.0
-15.018	0.005877230000000001	0.001065908	0.00016747619150000003	0.0025538148410000003	0.0	0.0	0.0	0.0	0.0
-14.984	0.02988203	0.005418608	0.00085133377	0.01298672551	0.0	0.0	0.0	0.0	0.0
-14.951	0.12173989999999998	0.02207578	0.0034683621600000002	0.05289552509999999	0.0	0.0	0.0	0.0	0.0
-14.917	0.3974612	0.07207652	0.01132441415	0.1727018219	0.0	0.0	0.0	0.0	0.0
-14.884	1.040161	0.18863339999999998	0.029635400200000002	0.4519980176	0.0	0.0	0.0	0.0	0.0
-14.850	2.181854	0.3956921	0.0621711553	0.948216529	0.0	0.0	0.0	0.0	0.0
-14.817	3.669342	0.6654055000000001	0.10455023289999998	1.5949197979999996	0.0	0.0	0.0	0.0	0.0
-14.783	4.946502	0.897059	0.1409313841	2.1491943540000005	0.0	0.0	0.0	0.0	0.0
-14.749	5.34619	0.9695800000000001	0.1523156145	2.323378162	0.0	0.0	0.0	0.0	0.0
-14.716	4.632475	0.840089	0.1319909245	2.013385095	0.0	0.0	0.0	0.0	0.0
-14.682	3.218041999999999	0.5835383000000001	0.091680716	1.3983365730000001	0.0	0.0	0.0	0.0	0.0
-14.649	1.7920360000000002	0.3249609	0.05105351710000001	0.77867825	0.0	0.0	0.0	0.0	0.0
-14.615	0.799966	0.145075	0.022791875899999998	0.3476424065	0.0	0.0	0.0	0.0	0.0
-14.582	0.2862493	0.051908510000000005	0.00815554912	0.12438720649999999	0.0	0.0	0.0	0.0	0.0
-14.548	0.0821026	0.0148881	0.0023391343600000004	0.035673726579999995	0.0	0.0	0.0	0.0	0.0
-14.515	0.01886916	0.00342253	0.000537707381	0.00819902607	0.0	0.0	0.0	0.0	0.0
-14.481	0.003475456	0.0006303001999999999	9.902564849999998e-05	0.00151039534	0.0	0.0	0.0	0.0	0.0
-14.447	0.0005128839999999999	9.30146e-05	1.46133397e-05	0.00022288398219999996	0.0	0.0	0.0	0.0	0.0
-14.414	6.06261e-05	1.099499e-05	1.7273102489999998e-06	2.6347476620000005e-05	0.0	0.0	0.0	0.0	0.0
-14.380	5.740650000000001e-06	1.0410320000000001e-06	1.6356472429999999e-07	2.4951422850000004e-06	0.0	0.0	0.0	0.0	0.0
-14.347	4.353828e-07	7.894648e-08	1.2404355930000002e-08	1.8914862980000004e-07	0.0	0.0	0.0	0.0	0.0
-14.313	2.6438259999999995e-08	4.793951000000001e-09	7.532952360000001e-10	1.1489017140000001e-08	0.0	0.0	0.0	0.0	0.0
-14.280	1.285265e-09	2.330903e-10	3.66226122e-11	5.585763629999999e-10	0.0	0.0	0.0	0.0	0.0
-14.246	5.0032539999999994e-11	9.071629999999998e-12	1.4253529119999999e-12	2.174022436e-11	0.0	0.0	0.0	0.0	0.0
-14.213	1.5608949999999999e-12	2.830436e-13	4.44714039e-14	6.78234487e-13	0.0	0.0	0.0	0.0	0.0
-14.179	3.806867000000001e-14	6.903939e-15	1.084570003e-15	1.6547439649999998e-14	0.0	0.0	0.0	0.0	0.0
-14.145	0.0	0.0	0.0	0.0	0.0	0.0	0.0	0.0	0.0
-14.112	0.0	0.0	0.0	0.0	0.0	0.0	0.0	0.0	0.0
-14.078	0.0	0.0	0.0	0.0	0.0	0.0	0.0	0.0	0.0
-14.045	0.0	0.0	0.0	0.0	0.0	0.0	0.0	0.0	0.0
-14.011	0.0	0.0	0.0	0.0	0.0	0.0	0.0	0.0	0.0
-13.978	0.0	0.0	0.0	0.0	0.0	0.0	0.0	0.0	0.0
-13.944	0.0	0.0	0.0	0.0	0.0	0.0	0.0	0.0	0.0
-13.911	0.0	0.0	0.0	0.0	0.0	0.0	0.0	0.0	0.0
-13.877	0.0	0.0	0.0	0.0	0.0	0.0	0.0	0.0	0.0
-13.843	0.0	0.0	0.0	0.0	0.0	0.0	0.0	0.0	0.0
-13.810	0.0	0.0	0.0	0.0	0.0	0.0	0.0	0.0	0.0
-13.776	0.0	0.0	0.0	0.0	0.0	0.0	0.0	0.0	0.0
-13.743	0.0	0.0	0.0	0.0	0.0	0.0	0.0	0.0	0.0
-13.709	0.0	0.0	0.0	0.0	0.0	0.0	0.0	0.0	0.0
-13.676	0.0	0.0	0.0	0.0	0.0	0.0	0.0	0.0	0.0
-13.642	0.0	0.0	0.0	0.0	0.0	0.0	0.0	0.0	0.0
-13.609	0.0	0.0	0.0	0.0	0.0	0.0	0.0	0.0	0.0
-13.575	0.0	0.0	0.0	0.0	0.0	0.0	0.0	0.0	0.0
-13.541	0.0	0.0	0.0	0.0	0.0	0.0	0.0	0.0	0.0
-13.508	0.0	0.0	0.0	0.0	0.0	0.0	0.0	0.0	0.0
-13.474	0.0	0.0	0.0	0.0	0.0	0.0	0.0	0.0	0.0
-13.441	0.0	0.0	0.0	0.0	0.0	0.0	0.0	0.0	0.0
-13.407	0.0	0.0	0.0	0.0	0.0	0.0	0.0	0.0	0.0
-13.374	0.0	0.0	0.0	0.0	0.0	0.0	0.0	0.0	0.0
-13.340	0.0	0.0	0.0	0.0	0.0	0.0	0.0	0.0	0.0
-13.307	0.0	0.0	0.0	0.0	0.0	0.0	0.0	0.0	0.0
-13.273	0.0	0.0	0.0	0.0	0.0	0.0	0.0	0.0	0.0
-13.239	0.0	0.0	0.0	0.0	0.0	0.0	0.0	0.0	0.0
-13.206	0.0	0.0	0.0	0.0	0.0	0.0	0.0	0.0	0.0
-13.172	1.9305008e-15	2.2964009178099997e-15	6.583387e-17	2.9140586e-15	0.0	0.0	0.0	0.0	0.0
-13.139	7.65713e-14	9.107980770660001e-14	2.6115570000000003e-15	1.15600882e-13	0.0	0.0	0.0	0.0	0.0
-13.105	2.8003670000000004e-12	3.33058948584e-12	9.549717000000001e-14	4.226644100000001e-12	0.0	0.0	0.0	0.0	0.0
-13.072	8.185959999999999e-11	9.73650497553e-11	2.791518e-12	1.23565537e-10	0.0	0.0	0.0	0.0	0.0
-13.038	1.9149165000000004e-09	2.27768824767e-09	6.529826e-11	2.8910811000000003e-09	0.0	0.0	0.0	0.0	0.0
-13.005	3.586194e-08	4.2662535130999995e-08	1.2230775000000001e-09	5.4133646000000006e-08	0.0	0.0	0.0	0.0	0.0
-12.971	5.378269e-07	6.398193739629999e-07	1.8341195999999998e-08	8.117929499999999e-07	0.0	0.0	0.0	0.0	0.0
-12.937	6.4585259999999995e-06	7.682124559710001e-06	2.202514e-07	9.7497267e-06	0.0	0.0	0.0	0.0	0.0
-12.904	6.21222e-05	7.389415157770001e-05	2.118417e-06	9.3773979e-05	0.0	0.0	0.0	0.0	0.0
-12.870	0.0004785589	0.000569314505561	1.6321065e-05	0.00072246404	0.0	0.0	0.0	0.0	0.0
-12.837	0.0029540231999999997	0.0035144390409900003	0.00010073943	0.0044596076	0.0	0.0	0.0	0.0	0.0
-12.803	0.014610052	0.017378967111900002	0.0004982610000000002	0.0220547	0.0	0.0	0.0	0.0	0.0
-12.770	0.05789497000000001	0.06888287311	0.001975225	0.08741263899999999	0.0	0.0	0.0	0.0	0.0
-12.736	0.18394375	0.21881912760000002	0.006277048	0.27765106000000006	0.0	0.0	0.0	0.0	0.0
-12.703	0.46836219999999995	0.5570134388	0.016017743	0.7069150499999999	0.0	0.0	0.0	0.0	0.0
-12.669	0.9558441999999999	1.1368576849999998	0.033001209999999996	1.4426507599999998	0.0	0.0	0.0	0.0	0.0
-12.635	1.564867	1.8599687200000001	0.056108050000000007	2.3599515999999996	0.0	0.0	0.0	0.0	0.0
-12.602	2.057981	2.43952048	0.08513214	3.0957664	0.0	0.0	0.0	0.0	0.0
-12.568	2.18731	2.5669502	0.1399689	3.2557721	0.0	0.0	0.0	0.0	0.0
-12.535	1.9262699999999997	2.1681323	0.29484730000000003	2.7477855	0.0	0.0	0.0	0.0	0.0
-12.501	1.5333480000000002	1.4768917999999998	0.6960856	1.8650811	0.0	0.0	0.0	0.0	0.0
-12.468	1.3517026999999997	0.8268778	1.4957923	1.0285367	0.0	0.0	0.0	0.0	0.0
-12.434	1.5274709	0.4074132	2.668743	0.4792436	0.0	0.0	0.0	0.0	0.0
-12.401	1.8927265999999996	0.21179590000000004	3.8514790000000003	0.21402649999999998	0.0	0.0	0.0	0.0	0.0
-12.367	2.1074173	0.1410783	4.464688	0.11466436	0.0	0.0	0.0	0.0	0.0
-12.333	1.94234896	0.11285090000000002	4.152024999999999	0.07806935	0.0	0.0	0.0	0.0	0.0
-12.300	1.45532877	0.1062018	3.0961916999999994	0.059769579999999996	0.0	0.0	0.0	0.0	0.0
-12.266	0.9122912000000001	0.16859442	1.8507334	0.06279322	0.0	0.0	0.0	0.0	0.0
-12.233	0.574872	0.42152679999999987	0.8876246999999999	0.11974645000000002	0.0	0.0	0.0	0.0	0.0
-12.199	0.5767028999999999	1.04266784	0.3430403	0.27787201	0.0	0.0	0.0	0.0	0.0
-12.166	0.9148314000000001	2.1449292300000002	0.10984844	0.56578548	0.0	0.0	0.0	0.0	0.0
-12.132	1.4500378999999999	3.5587160229999997	0.034154290000000004	0.9370708200000001	0.0	0.0	0.0	0.0	0.0
-12.099	1.9165111999999997	4.735629304000001	0.016138765	1.246934677	0.0	0.0	0.0	0.0	0.0
-12.065	2.0430184000000002	5.0538480629	0.012573519999999998	1.3305689299999999	0.0	0.0	0.0	0.0	0.0
-12.031	1.7475384999999999	4.3237398535	0.0101666993	1.13840063	0.0	0.0	0.0	0.0	0.0
-11.998	1.1986459	2.9653235694	0.0069124393700000005	0.7807779770000001	0.0	0.0	0.0	0.0	0.0
-11.964	0.6590101000000002	1.6305879766000002	0.0037960682	0.42930915999999997	0.0	0.0	0.0	0.0	0.0
-11.931	0.29052758999999995	0.7187312145000001	0.0016729084181999997	0.189226625	0.0	0.0	0.0	0.0	0.0
-11.897	0.10263633000000001	0.2538751293	0.0005910221189000001	0.06685565889999999	0.0	0.0	0.0	0.0	0.0
-11.864	0.029061731000000004	0.07189852625	0.00016735633245999997	0.0189321216	0.0	0.0	0.0	0.0	0.0
-11.830	0.006596136999999999	0.016318301287000004	3.7979127327e-05	0.00429671282	0.0	0.0	0.0	0.0	0.0
-11.797	0.0011994180999999999	0.0029672876586000004	6.906951331e-06	0.000781332509	0.0	0.0	0.0	0.0	0.0
-11.763	0.00017474962999999998	0.00043237377226999996	1.0063041939e-06	0.0001138390581	0.0	0.0	0.0	0.0	0.0
-11.729	2.0398229e-05	5.0456505068e-05	1.1744572264e-07	1.3285946329999998e-05	0.0	0.0	0.0	0.0	0.0
-11.696	1.9068734999999997e-06	4.717831804999999e-06	1.0981132115999999e-08	1.2421564130000001e-06	0.0	0.0	0.0	0.0	0.0
-11.662	1.4278322000000002e-07	3.5321753278000006e-07	8.221111584999999e-10	9.300942620000001e-08	0.0	0.0	0.0	0.0	0.0
-11.629	8.559582000000001e-09	2.1174398133999996e-08	4.92932095e-11	5.5754139e-09	0.0	0.0	0.0	0.0	0.0
-11.595	4.1086262e-10	1.0165250636e-09	2.3693362400000003e-12	2.67703973e-10	0.0	0.0	0.0	0.0	0.0
-11.562	1.582431e-11	3.9073356327000005e-11	2.053274e-13	1.0285285819999998e-11	0.0	0.0	0.0	0.0	0.0
-11.528	1.8266316e-12	1.26074686e-12	4.3200387e-12	3.3152879999999997e-13	0.0	0.0	0.0	0.0	0.0
-11.495	4.037765670000001e-11	1.7938299e-12	1.300101667e-10	4.606296896e-13	0.0	0.0	0.0	0.0	0.0
-11.461	9.7311199259e-10	4.25115374e-11	3.1339486499999995e-09	1.0913959788999998e-11	0.0	0.0	0.0	0.0	0.0
-11.427	1.87797264508e-08	8.204540239999999e-10	6.04722833e-08	2.1061659201000003e-10	0.0	0.0	0.0	0.0	0.0
-11.394	2.90164492048e-07	1.2677822730000002e-08	9.344638320000001e-07	3.2545762740999996e-09	0.0	0.0	0.0	0.0	0.0
-11.360	3.5905890665099997e-06	1.5685815590000003e-07	1.1562523590000001e-05	4.0259184628000004e-08	0.0	0.0	0.0	0.0	0.0
-11.327	3.557421668e-05	1.554446434e-06	0.00011458393030000001	3.9894883562e-07	0.0	0.0	0.0	0.0	0.0
-11.293	0.00028241468402399997	1.2338742090000001e-05	0.000909495341	3.1669913055e-06	0.0	0.0	0.0	0.0	0.0
-11.260	0.0017960505937699997	7.847582560000001e-05	0.00578339051	2.0142395356e-05	0.0	0.0	0.0	0.0	0.0
-11.226	0.0091501420966	0.0003998431114	0.0294723674	0.00010262672772	0.0	0.0	0.0	0.0	0.0
-11.193	0.0373664266186	0.001632532258	0.120336167	0.00041903959721999997	0.0	0.0	0.0	0.0	0.0
-11.159	0.12227978285900001	0.005344061749999999	0.39386108999999997	0.0013712625451999998	0.0	0.0	0.0	0.0	0.0
-11.125	0.320712042438	0.01401322395	1.033023905	0.0035964851357000002	0.0	0.0	0.0	0.0	0.0
-11.092	0.6742734688	0.029462543169999994	2.17168736	0.007562915419	0.0	0.0	0.0	0.0	0.0
-11.058	1.13655378824	0.049662452499999996	3.66072423	0.012746497525	0.0	0.0	0.0	0.0	0.0
-11.025	1.53571019207	0.06708935469999999	4.945362090000001	0.017222757377000002	0.0	0.0	0.0	0.0	0.0
-10.991	1.6636708387099999	0.07269061339999999	5.35779935	0.018658995640000002	0.0	0.0	0.0	0.0	0.0
-10.958	1.44466579956	0.06315191999999999	4.652509769999999	0.01623035446	0.0	0.0	0.0	0.0	0.0
-10.924	1.0060830446	0.04419375	3.23949436	0.0115186187	0.0	0.0	0.0	0.0	0.0
-10.890	0.563350185	0.02619905	1.80812794	0.007891506	0.0	0.0	0.0	0.0	0.0
-10.857	0.26144384800000003	0.019964159999999995	0.80941182	0.011399800000000002	0.0	0.0	0.0	0.0	0.0
-10.823	0.13427766900000002	0.042686659999999994	0.29181092000000003	0.03801924	0.0	0.0	0.0	0.0	0.0
-10.790	0.17862482000000002	0.13499870000000003	0.08917592	0.1281395	0.0	0.0	0.0	0.0	0.0
-10.756	0.42887459	0.37099438999999995	0.03522183	0.3540263	0.0	0.0	0.0	0.0	0.0
-10.723	0.93986537	0.8229017499999999	0.03908105000000001	0.7857423	0.0	0.0	0.0	0.0	0.0
-10.689	1.6704135999999998	1.464275768	0.0637517	1.3982420000000002	0.0	0.0	0.0	0.0	0.0
-10.656	2.3828266	2.088796023	0.09026431999999998	1.9945809999999997	0.0	0.0	0.0	0.0	0.0
-10.622	2.7248685000000004	2.388610801	0.10315240599999999	2.280911	0.0	0.0	0.0	0.0	0.0
-10.588	2.4982731	2.189964393	0.09456457169999999	2.091112	0.0	0.0	0.0	0.0	0.0
-10.555	1.8362092	1.6096843570000001	0.0695073203	1.5370329999999999	0.0	0.0	0.0	0.0	0.0
-10.521	1.0818267799999999	0.948406903	0.0409560616	0.905708	0.0	0.0	0.0	0.0	0.0
-10.488	0.51106117	0.4479446827	0.019345657340000006	0.42788539999999997	0.0	0.0	0.0	0.0	0.0
-10.454	0.19351047999999998	0.1696380814	0.00732537671	0.16198279999999998	0.0	0.0	0.0	0.0	0.0
-10.421	0.05873076500000001	0.0514800613	0.002223013588	0.049164610000000004	0.0	0.0	0.0	0.0	0.0
-10.387	0.014284225400000003	0.012521225559999998	0.000540695603	0.01195584	0.0	0.0	0.0	0.0	0.0
-10.354	0.0027835095	0.0024408556269999997	0.00010538588479999999	0.0023305220000000002	0.0	0.0	0.0	0.0	0.0
-10.320	0.00043567977	0.000386475113	1.6485072000000003e-05	0.0003645815	0.0	0.0	0.0	0.0	0.0
-10.286	6.444913200000002e-05	0.000105241717	2.3628720000000008e-06	5.264971e-05	0.0	0.0	0.0	0.0	0.0
-10.253	9.258524899999999e-05	0.000503706834	2.8394525e-06	6.623160199999999e-05	0.0	0.0	0.0	0.0	0.0
-10.219	0.00060551094	0.0034644894509999998	1.83004506e-05	0.00042861663	0.0	0.0	0.0	0.0	0.0
-10.186	0.0033666978300000002	0.01927455943	0.0001017224	0.00238207651	0.0	0.0	0.0	0.0	0.0
-10.152	0.015009020100000001	0.08592859961	0.00045347836	0.010621299899999997	0.0	0.0	0.0	0.0	0.0
-10.119	0.053617411	0.3069630835	0.00162008537	0.0379429698	0.0	0.0	0.0	0.0	0.0
-10.085	0.153547566	0.8790533389	0.004639447999999999	0.108657768	0.0	0.0	0.0	0.0	0.0
-10.052	0.352438377	2.0177755693	0.010649326100000002	0.24942817599999997	0.0	0.0	0.0	0.0	0.0
-10.018	0.6483877	3.7123157410000003	0.019592646499999998	0.45886144	0.0	0.0	0.0	0.0	0.0
-9.984	0.9563328499999999	5.475817585	0.028897647599999993	0.67686055	0.0	0.0	0.0	0.0	0.0
-9.951	1.13087611	6.4755961	0.03417509519999999	0.8003701699999998	0.0	0.0	0.0	0.0	0.0
-9.917	1.0721500100000003	6.13870117	0.0324371529	0.75876361	0.0	0.0	0.0	0.0	0.0
-9.884	0.81500581	4.665512356	0.024979247999999996	0.57668141	0.0	0.0	0.0	0.0	0.0
-9.850	0.498138066	2.843093294	0.017476882	0.351436998	0.0	0.0	0.0	0.0	0.0
-9.817	0.251544426	1.3888017894	0.02107592	0.171689577	0.0	0.0	0.0	0.0	0.0
-9.783	0.13507427300000002	0.5449895729	0.06403625	0.06733188	0.0	0.0	0.0	0.0	0.0
-9.750	0.17280757900000002	0.17540101709999997	0.219028614	0.02156546	0.0	0.0	0.0	0.0	0.0
-9.716	0.41625061790000006	0.056638150000000005	0.6236248959999999	0.006655350000000001	0.0	0.0	0.0	0.0	0.0
-9.682	0.9377844916699999	0.04009497600000001	1.428225821	0.00416511	0.0	0.0	0.0	0.0	0.0
-9.649	1.71959360749	0.05915082799999999	2.622396107	0.005858048	0.0	0.0	0.0	0.0	0.0
-9.615	2.5313291839400005	0.08519317299999998	3.8604071842	0.00839204	0.0	0.0	0.0	0.0	0.0
-9.582	2.9874585971200003	0.100346991	4.556249859099999	0.0098807378	0.0	0.0	0.0	0.0	0.0
-9.548	2.8265055000900006	0.09494264499999999	4.3117191872000005	0.0093462074	0.0	0.0	0.0	0.0	0.0
-9.515	2.1440866171099997	0.07200442970000001	3.2701591403	0.0070905422	0.0	0.0	0.0	0.0	0.0
-9.481	1.3039175197699997	0.0437886309	1.9885474611	0.00431113851	0.0	0.0	0.0	0.0	0.0
-9.448	0.63560354847	0.021346778500000003	0.9694705645	0.0021017528499999998	0.0	0.0	0.0	0.0	0.0
-9.414	0.24837955071199996	0.008341505599999998	0.37887516558	0.00082135424	0.0	0.0	0.0	0.0	0.0
-9.380	0.07779491380200002	0.0026128236099999995	0.11865560344	0.000257238552	0.0	0.0	0.0	0.0	0.0
-9.347	0.0195272544131	0.000655943883	0.029784851736	6.4584674e-05	0.0	0.0	0.0	0.0	0.0
-9.313	0.0039282736556	0.00013198140399999997	0.0059911218519999995	1.30383173e-05	0.0	0.0	0.0	0.0	0.0
-9.280	0.0006334406569999998	2.1900305e-05	0.000965656772	2.8243640000000003e-06	0.0	0.0	0.0	0.0	0.0
-9.246	8.525228e-05	1.0472599000000001e-05	0.00012480057	9.169402999999999e-06	0.0	0.0	0.0	0.0	0.0
-9.213	4.2505299999999994e-05	7.5623829e-05	1.3744479999999999e-05	8.680774e-05	0.0	0.0	0.0	0.0	0.0
-9.179	0.000266667	0.00058854434	7.682413000000002e-06	0.0006779079000000001	0.0	0.0	0.0	0.0	0.0
-9.146	0.00166455	0.0036831055299999995	4.14624e-05	0.004243152	0.0	0.0	0.0	0.0	0.0
-9.112	0.00834658	0.0184697502	0.00020752872000000006	0.02127316	0.0	0.0	0.0	0.0	0.0
-9.078	0.033539099999999995	0.074220812	0.0008338956	0.08548813999999999	0.0	0.0	0.0	0.0	0.0
-9.045	0.1080199	0.239003511	0.0026856397000000003	0.2752828	0.0	0.0	0.0	0.0	0.0
-9.011	0.278792	0.6169784079999999	0.006932973	0.7106171	0.0	0.0	0.0	0.0	0.0
-8.978	0.576842	1.27658624	0.014343580999999998	1.4703720000000002	0.0	0.0	0.0	0.0	0.0
-8.944	0.9569449999999999	2.11745734	0.023791674	2.43914	0.0	0.0	0.0	0.0	0.0
-8.911	1.272392	2.81563326	0.031641862	3.243471	0.0	0.0	0.0	0.0	0.0
-8.877	1.357317	3.00238	0.033759976	3.4584379999999997	0.0	0.0	0.0	0.0	0.0
-8.844	1.1645260000000002	2.5694161699999993	0.02903512400000001	2.958888	0.0	0.0	0.0	0.0	0.0
-8.810	0.8197800000000002	1.7767003000000001	0.020754961	2.042526	0.0	0.0	0.0	0.0	0.0
-8.776	0.5340070000000001	1.0386406	0.014701515000000002	1.1806889999999999	0.0	0.0	0.0	0.0	0.0
-8.743	0.492697	0.6503913539999999	0.016637092	0.7009913	0.0	0.0	0.0	0.0	0.0
-8.709	0.8093740999999999	0.7058844930000001	0.030949286000000006	0.6943050000000001	0.0	0.0	0.0	0.0	0.0
-8.676	1.4859789999999997	1.141675294	0.05835340999999999	1.0802931	0.0	0.0	0.0	0.0	0.0
-8.642	2.329886	1.7525741369999999	0.09187723000000002	1.64656263	0.0	0.0	0.0	0.0	0.0
-8.609	2.9574380000000007	2.21722664	0.11670853999999997	2.0807826000000005	0.0	0.0	0.0	0.0	0.0
-8.575	3.0127639999999993	2.257939381	0.11920456	2.11885241	0.0	0.0	0.0	0.0	0.0
-8.542	2.4637820000000006	1.8446024849999998	0.09930550999999999	1.73081122	0.0	0.0	0.0	0.0	0.0
-8.508	1.6262349999999999	1.2084754500000001	0.07555443	1.1336888900000002	0.0	0.0	0.0	0.0	0.0
-8.474	0.9079194999999999	0.63593033	0.08556346	0.59527753	0.0	0.0	0.0	0.0	0.0
-8.441	0.5711175000000001	0.27283297999999995	0.19649131	0.2508220299999999	0.0	0.0	0.0	0.0	0.0
-8.407	0.7226071499999999	0.10649568999999999	0.5161465	0.085430754	0.0	0.0	0.0	0.0	0.0
-8.374	1.38604981	0.06128083	1.1503143999999998	0.024906879	0.0	0.0	0.0	0.0	0.0
-8.340	2.4450035139999997	0.07177597599999999	2.0697752	0.008655912	0.0	0.0	0.0	0.0	0.0
-8.307	3.521473187	0.0969315613	2.98826	0.006208564	0.0	0.0	0.0	0.0	0.0
-8.273	4.074508548000001	0.1112692467	3.459438	0.006311135	0.0	0.0	0.0	0.0	0.0
-8.240	3.7824159713	0.1031748925	3.2129079999999997	0.005759904099999999	0.0	0.0	0.0	0.0	0.0
-8.206	2.8144047503999996	0.0767699811	2.4033029999999997	0.0042872681	0.0	0.0	0.0	0.0	0.0
-8.172	1.6822825453999997	0.04589838300000001	1.4945689999999998	0.0026039469	0.0	0.0	0.0	0.0	0.0
-8.139	0.8174215676999997	0.022343997600000002	0.9458532000000001	0.0014243111	0.0	0.0	0.0	0.0	0.0
-8.105	0.35330814599999993	0.009777231	1.0629916000000001	0.0010890514099999998	0.0	0.0	0.0	0.0	0.0
-8.072	0.20561649	0.005947085500000001	2.0278551	0.0016539754300000003	0.0	0.0	0.0	0.0	0.0
-8.038	0.239644183	0.0071950321	3.8113673399999994	0.0029761942	0.0	0.0	0.0	0.0	0.0
-8.005	0.3423058	0.01036622585	5.92366923	0.0045968168	0.0	0.0	0.0	0.0	0.0
-7.971	0.423310103	0.01283373137	7.407650230000001	0.0057452616	0.0	0.0	0.0	0.0	0.0
-7.938	0.4241074819999999	0.012858135200000002	7.43111251	0.0057633321	0.0	0.0	0.0	0.0	0.0
-7.904	0.34103136799999995	0.010339804769999999	5.9760295800000005	0.0046345065	0.0	0.0	0.0	0.0	0.0
-7.870	0.21987981490000003	0.00666675641	3.8525986599999995	0.0029880598	0.0	0.0	0.0	0.0	0.0
-7.837	0.1136521163	0.00344574563	1.9918105699999997	0.00154456816	0.0	0.0	0.0	0.0	0.0
-7.803	0.0470837783	0.0014277898260000002	0.825325601	0.00063999144	0.0	0.0	0.0	0.0	0.0
-7.770	0.015639407599999995	0.00047409773400000003	0.274096797	0.000212563054	0.0	0.0	0.0	0.0	0.0
-7.736	0.00416344957	0.0001262163746	0.0729561395	5.6578283999999996e-05	0.0	0.0	0.0	0.0	0.0
-7.703	0.0008879099949999999	2.69232818e-05	0.0155629731	1.20680832e-05	0.0	0.0	0.0	0.0	0.0
-7.669	0.00015177156739999998	4.6015956800000005e-06	0.00265975271	2.06276534e-06	0.0	0.0	0.0	0.0	0.0
-7.636	2.078418778e-05	6.300981690000001e-07	0.00036423714100000004	2.82503706e-07	0.0	0.0	0.0	0.0	0.0
-7.602	2.279984665e-06	6.912524570000001e-08	3.9955161500000005e-05	3.0985777e-08	0.0	0.0	0.0	0.0	0.0
-7.568	2.0033442280000003e-07	6.07439361e-09	3.5112549600000003e-06	2.72243647e-09	0.0	0.0	0.0	0.0	0.0
-7.535	1.4096503139999999e-08	4.27300013e-10	2.47015405e-07	1.91584318e-10	0.0	0.0	0.0	0.0	0.0
-7.501	7.941193690000001e-10	2.4078981400000002e-11	1.3918386899999997e-08	1.0793678500000001e-11	0.0	0.0	0.0	0.0	0.0
-7.468	3.58207991e-11	1.086224117e-12	6.27728144e-10	4.8695107e-13	0.0	0.0	0.0	0.0	0.0
-7.434	1.293712521e-12	3.922538480000001e-14	2.26751876e-11	1.75823366e-14	0.0	0.0	0.0	0.0	0.0
-7.401	3.70928144e-14	1.1247319990000001e-15	6.50145485e-13	5.041196800000001e-16	0.0	0.0	0.0	0.0	0.0
-7.367	1.030416467e-15	3.12443322e-17	1.80590194e-14	1.40044011e-17	0.0	0.0	0.0	0.0	0.0
-7.334	0.0	0.0	0.0	0.0	0.0	0.0	0.0	0.0	0.0
-7.300	0.0	0.0	0.0	0.0	0.0	0.0	0.0	0.0	0.0
-7.266	1.2148579e-16	7.27039333e-16	5.798550999999999e-18	3.895843673999999e-15	0.0	0.0	0.0	0.0	0.0
-7.233	4.3120591e-15	2.58151197e-14	2.0584256999999996e-16	1.3835282468999998e-13	0.0	0.0	0.0	0.0	0.0
-7.199	1.6371603e-13	9.79735028e-13	7.813025000000002e-15	5.2503362530000006e-12	0.0	0.0	0.0	0.0	0.0
-7.166	4.93356e-12	2.9525379500000005e-11	2.3545487999999995e-13	1.5817787889999998e-10	0.0	0.0	0.0	0.0	0.0
-7.132	1.189621e-10	7.119270150000001e-10	5.678171000000001e-12	3.815690618999999e-09	0.0	0.0	0.0	0.0	0.0
-7.099	2.2970973000000002e-09	1.3747733099999998e-08	1.0963037000000002e-10	7.366425294999998e-08	0.0	0.0	0.0	0.0	0.0
-7.065	3.550958999999999e-08	2.12480107e-07	1.6948583e-09	1.1387112395999998e-06	0.0	0.0	0.0	0.0	0.0
-7.032	4.3963419999999996e-07	2.6309054200000003e-06	2.0978816999999997e-08	1.410235281e-05	0.0	0.0	0.0	0.0	0.0
-6.998	4.3583616e-06	2.6088416499999998e-05	2.080241e-07	0.00013980120929	0.0	0.0	0.0	0.0	0.0
-6.964	3.4614143e-05	0.000207137509	1.6519267999999996e-06	0.0011100869912	0.0	0.0	0.0	0.0	0.0
-6.931	0.00022024161999999997	0.0013180418069999999	1.0512223e-05	0.007062546299999999	0.0	0.0	0.0	0.0	0.0
-6.897	0.0011228816	0.0067190643900000005	5.3591109999999997e-05	0.03600856486	0.0	0.0	0.0	0.0	0.0
-6.864	0.0045865045000000005	0.027448908299999998	0.00021891173000000003	0.14714957264000003	0.0	0.0	0.0	0.0	0.0
-6.830	0.015018261	0.0898780962	0.0007167527000000002	0.4816341489	0.0	0.0	0.0	0.0	0.0
-6.797	0.03940546500000001	0.23582403	0.0018809101	1.2634046673000001	0.0	0.0	0.0	0.0	0.0
-6.763	0.082900059	0.49614225599999995	0.003955716	2.6591614809999995	0.0	0.0	0.0	0.0	0.0
-6.730	0.13979544	0.8366601269999999	0.0066723419999999995	4.483517584	0.0	0.0	0.0	0.0	0.0
-6.696	0.18898131	1.1309759169999998	0.009019424	6.0607302910000005	0.0	0.0	0.0	0.0	0.0
-6.662	0.20481757000000003	1.2258049340000001	0.00977621	6.568432465000001	0.0	0.0	0.0	0.0	0.0
-6.629	0.17795217	1.0651340599999999	0.008493134	5.706923392000001	0.0	0.0	0.0	0.0	0.0
-6.595	0.12396357000000001	0.74194071	0.005916458	3.975970517	0.0	0.0	0.0	0.0	0.0
-6.562	0.06922178899999999	0.414313125	0.00330404	2.2206032270000002	0.0	0.0	0.0	0.0	0.0
-6.528	0.030988843	0.18545955800000002	0.0014789702999999997	0.9937786245	0.0	0.0	0.0	0.0	0.0
-6.495	0.011118926	0.0665381571	0.0005306170999999999	0.35662960450000003	0.0	0.0	0.0	0.0	0.0
-6.461	0.0031980117	0.019139104299999998	0.00015263320000000001	0.10255979479999999	0.0	0.0	0.0	0.0	0.0
-6.428	0.00073713717	0.00441110283	3.5177870000000005e-05	0.023641852239999993	0.0	0.0	0.0	0.0	0.0
-6.394	0.00013612622999999998	0.0008146199780000001	6.497290999999999e-06	0.0043655399140000006	0.0	0.0	0.0	0.0	0.0
-6.360	2.0142743999999996e-05	0.0001205514215	9.613883e-07	0.0006460311821999999	0.0	0.0	0.0	0.0	0.0
-6.327	2.3880582999999996e-06	1.429122009e-05	1.139719e-07	7.658102002000001e-05	0.0	0.0	0.0	0.0	0.0
-6.293	2.2675392e-07	1.357065726e-06	1.0822802000000002e-08	7.271818891e-06	0.0	0.0	0.0	0.0	0.0
-6.260	1.7243244e-08	1.031911535e-07	8.229828000000002e-10	5.529912981999999e-07	0.0	0.0	0.0	0.0	0.0
-6.226	1.0500254000000001e-09	6.28397803e-09	5.011729000000001e-11	3.367148495000001e-08	0.0	0.0	0.0	0.0	0.0
-6.193	5.1194314e-11	3.0632313099999996e-10	2.4434318999999997e-12	1.641797789e-09	0.0	0.0	0.0	0.0	0.0
-6.159	1.9980988e-12	1.195680908e-11	9.535763000000001e-14	6.408078545999999e-11	0.0	0.0	0.0	0.0	0.0
-6.126	6.244692e-14	3.73710506e-13	2.9801942e-15	2.002484306e-12	0.0	0.0	0.0	0.0	0.0
-6.092	1.5792545000000002e-15	9.45155685e-15	7.538455999999998e-17	5.0646560469999994e-14	0.0	0.0	0.0	0.0	0.0
-6.058	0.0	0.0	0.0	0.0	0.0	0.0	0.0	0.0	0.0
-6.025	0.0	0.0	0.0	0.0	0.0	0.0	0.0	0.0	0.0
-5.991	0.0	0.0	0.0	0.0	0.0	0.0	0.0	0.0	0.0
-5.958	0.0	0.0	0.0	0.0	0.0	0.0	0.0	0.0	0.0
-5.924	0.0	0.0	0.0	0.0	0.0	0.0	0.0	0.0	0.0
-5.891	0.0	0.0	0.0	0.0	0.0	0.0	0.0	0.0	0.0
-5.857	0.0	0.0	0.0	0.0	0.0	0.0	0.0	0.0	0.0
-5.824	0.0	0.0	0.0	0.0	0.0	0.0	0.0	0.0	0.0
-5.790	0.0	0.0	0.0	0.0	0.0	0.0	0.0	0.0	0.0
-5.756	0.0	0.0	0.0	0.0	0.0	0.0	0.0	0.0	0.0
-5.723	0.0	0.0	0.0	0.0	0.0	0.0	0.0	0.0	0.0
-5.689	0.0	0.0	0.0	0.0	0.0	0.0	0.0	0.0	0.0
-5.656	0.0	0.0	0.0	0.0	0.0	0.0	0.0	0.0	0.0
-5.622	0.0	0.0	0.0	0.0	0.0	0.0	0.0	0.0	0.0
-5.589	0.0	0.0	0.0	0.0	0.0	0.0	0.0	0.0	0.0
-5.555	0.0	0.0	0.0	0.0	0.0	0.0	0.0	0.0	0.0
-5.521	0.0	0.0	0.0	0.0	0.0	0.0	0.0	0.0	0.0
-5.488	0.0	0.0	0.0	0.0	0.0	0.0	0.0	0.0	0.0
-5.454	0.0	0.0	0.0	0.0	0.0	0.0	0.0	0.0	0.0
-5.421	0.0	0.0	0.0	0.0	0.0	0.0	0.0	0.0	0.0
-5.387	0.0	0.0	0.0	0.0	0.0	0.0	0.0	0.0	0.0
-5.354	0.0	0.0	0.0	0.0	0.0	0.0	0.0	0.0	0.0
-5.320	0.0	0.0	0.0	0.0	0.0	0.0	0.0	0.0	0.0
-5.287	0.0	0.0	0.0	0.0	0.0	0.0	0.0	0.0	0.0
-5.253	0.0	0.0	0.0	0.0	0.0	0.0	0.0	0.0	0.0
-5.219	0.0	0.0	0.0	0.0	0.0	0.0	0.0	0.0	0.0
-5.186	0.0	0.0	0.0	0.0	0.0	0.0	0.0	0.0	0.0
-5.152	0.0	0.0	0.0	0.0	0.0	0.0	0.0	0.0	0.0
-5.119	0.0	0.0	0.0	0.0	0.0	0.0	0.0	0.0	0.0
-5.085	0.0	0.0	0.0	0.0	0.0	0.0	0.0	0.0	0.0
-5.052	0.0	0.0	0.0	0.0	0.0	0.0	0.0	0.0	0.0
-5.018	0.0	0.0	0.0	0.0	0.0	0.0	0.0	0.0	0.0
-4.985	0.0	0.0	0.0	0.0	0.0	0.0	0.0	0.0	0.0
-4.951	0.0	0.0	0.0	0.0	0.0	0.0	0.0	0.0	0.0
-4.917	0.0	0.0	0.0	0.0	0.0	0.0	0.0	0.0	0.0
-4.884	0.0	0.0	0.0	0.0	0.0	0.0	0.0	0.0	0.0
-4.850	0.0	0.0	0.0	0.0	0.0	0.0	0.0	0.0	0.0
-4.817	0.0	0.0	0.0	0.0	0.0	0.0	0.0	0.0	0.0
-4.783	0.0	0.0	0.0	0.0	0.0	0.0	0.0	0.0	0.0
-4.750	0.0	0.0	0.0	0.0	0.0	0.0	0.0	0.0	0.0
-4.716	0.0	0.0	0.0	0.0	0.0	0.0	0.0	0.0	0.0
-4.683	0.0	0.0	0.0	0.0	0.0	0.0	0.0	0.0	0.0
-4.649	0.0	0.0	0.0	0.0	0.0	0.0	0.0	0.0	0.0
-4.615	0.0	0.0	0.0	0.0	0.0	0.0	0.0	0.0	0.0
-4.582	0.0	0.0	0.0	0.0	0.0	0.0	0.0	0.0	0.0
-4.548	0.0	0.0	0.0	0.0	0.0	0.0	0.0	0.0	0.0
-4.515	0.0	0.0	0.0	0.0	0.0	0.0	0.0	0.0	0.0
-4.481	0.0	0.0	0.0	0.0	0.0	0.0	0.0	0.0	0.0
-4.448	0.0	0.0	0.0	0.0	0.0	0.0	0.0	0.0	0.0
-4.414	0.0	0.0	0.0	0.0	0.0	0.0	0.0	0.0	0.0
-4.381	0.0	0.0	0.0	0.0	0.0	0.0	0.0	0.0	0.0
-4.347	0.0	0.0	0.0	0.0	0.0	0.0	0.0	0.0	0.0
-4.313	0.0	0.0	0.0	0.0	0.0	0.0	0.0	0.0	0.0
-4.280	0.0	0.0	0.0	0.0	0.0	0.0	0.0	0.0	0.0
-4.246	0.0	0.0	0.0	0.0	0.0	0.0	0.0	0.0	0.0
-4.213	0.0	0.0	0.0	0.0	0.0	0.0	0.0	0.0	0.0
-4.179	0.0	0.0	0.0	0.0	0.0	0.0	0.0	0.0	0.0
-4.146	0.0	0.0	0.0	0.0	0.0	0.0	0.0	0.0	0.0
-4.112	0.0	0.0	0.0	0.0	0.0	0.0	0.0	0.0	0.0
-4.079	0.0	0.0	0.0	0.0	0.0	0.0	0.0	0.0	0.0
-4.045	0.0	0.0	0.0	0.0	0.0	0.0	0.0	0.0	0.0
-4.011	0.0	0.0	0.0	0.0	0.0	0.0	0.0	0.0	0.0
-3.978	0.0	0.0	0.0	0.0	0.0	0.0	0.0	0.0	0.0
-3.944	0.0	0.0	0.0	0.0	0.0	0.0	0.0	0.0	0.0
-3.911	0.0	0.0	0.0	0.0	0.0	0.0	0.0	0.0	0.0
-3.877	0.0	0.0	0.0	0.0	0.0	0.0	0.0	0.0	0.0
-3.844	0.0	0.0	0.0	0.0	0.0	0.0	0.0	0.0	0.0
-3.810	0.0	0.0	0.0	0.0	0.0	0.0	0.0	0.0	0.0
-3.777	0.0	0.0	0.0	0.0	0.0	0.0	0.0	0.0	0.0
-3.743	0.0	0.0	0.0	0.0	0.0	0.0	0.0	0.0	0.0
-3.709	0.0	0.0	0.0	0.0	0.0	0.0	0.0	0.0	0.0
-3.676	0.0	0.0	0.0	0.0	0.0	0.0	0.0	0.0	0.0
-3.642	0.0	0.0	0.0	0.0	0.0	0.0	0.0	0.0	0.0
-3.609	0.0	0.0	0.0	0.0	0.0	0.0	0.0	0.0	0.0
-3.575	0.0	0.0	0.0	0.0	0.0	0.0	0.0	0.0	0.0
-3.542	0.0	0.0	0.0	0.0	0.0	0.0	0.0	0.0	0.0
-3.508	0.0	0.0	0.0	0.0	0.0	0.0	0.0	0.0	0.0
-3.475	0.0	0.0	0.0	0.0	0.0	0.0	0.0	0.0	0.0
-3.441	0.0	0.0	0.0	0.0	0.0	0.0	0.0	0.0	0.0
-3.407	0.0	0.0	0.0	0.0	0.0	0.0	0.0	0.0	0.0
-3.374	0.0	0.0	0.0	0.0	0.0	0.0	0.0	0.0	0.0
-3.340	0.0	0.0	0.0	0.0	0.0	0.0	0.0	0.0	0.0
-3.307	0.0	0.0	0.0	0.0	0.0	0.0	0.0	0.0	0.0
-3.273	0.0	0.0	0.0	0.0	0.0	0.0	0.0	0.0	0.0
-3.240	0.0	0.0	0.0	0.0	0.0	0.0	0.0	0.0	0.0
-3.206	0.0	0.0	0.0	0.0	0.0	0.0	0.0	0.0	0.0
-3.173	0.0	0.0	0.0	0.0	0.0	0.0	0.0	0.0	0.0
-3.139	0.0	0.0	0.0	0.0	0.0	0.0	0.0	0.0	0.0
-3.105	0.0	0.0	0.0	0.0	0.0	0.0	0.0	0.0	0.0
-3.072	0.0	0.0	0.0	0.0	0.0	0.0	0.0	0.0	0.0
-3.038	0.0	0.0	0.0	0.0	0.0	0.0	0.0	0.0	0.0
-3.005	0.0	0.0	0.0	0.0	0.0	0.0	0.0	0.0	0.0
-2.971	0.0	0.0	0.0	0.0	0.0	0.0	0.0	0.0	0.0
-2.938	0.0	0.0	0.0	0.0	0.0	0.0	0.0	0.0	0.0
-2.904	0.0	0.0	0.0	0.0	0.0	0.0	0.0	0.0	0.0
-2.871	0.0	0.0	0.0	0.0	0.0	0.0	0.0	0.0	0.0
-2.837	0.0	0.0	0.0	0.0	0.0	0.0	0.0	0.0	0.0
-2.803	0.0	0.0	0.0	0.0	0.0	0.0	0.0	0.0	0.0
-2.770	0.0	0.0	0.0	0.0	0.0	0.0	0.0	0.0	0.0
-2.736	0.0	0.0	0.0	0.0	0.0	0.0	0.0	0.0	0.0
-2.703	0.0	0.0	0.0	0.0	0.0	0.0	0.0	0.0	0.0
-2.669	0.0	0.0	0.0	0.0	0.0	0.0	0.0	0.0	0.0
-2.636	0.0	0.0	0.0	0.0	0.0	0.0	0.0	0.0	0.0
-2.602	0.0	0.0	0.0	0.0	0.0	0.0	0.0	0.0	0.0
-2.569	0.0	0.0	0.0	0.0	0.0	0.0	0.0	0.0	0.0
-2.535	0.0	0.0	0.0	0.0	0.0	0.0	0.0	0.0	0.0
-2.501	0.0	0.0	0.0	0.0	0.0	0.0	0.0	0.0	0.0
-2.468	0.0	0.0	0.0	0.0	0.0	0.0	0.0	0.0	0.0
-2.434	0.0	0.0	0.0	0.0	0.0	0.0	0.0	0.0	0.0
-2.401	0.0	0.0	0.0	0.0	0.0	0.0	0.0	0.0	0.0
-2.367	0.0	0.0	0.0	0.0	0.0	0.0	0.0	0.0	0.0
-2.334	0.0	0.0	0.0	0.0	0.0	0.0	0.0	0.0	0.0
-2.300	0.0	0.0	0.0	0.0	0.0	0.0	0.0	0.0	0.0
-2.267	0.0	0.0	0.0	0.0	0.0	0.0	0.0	0.0	0.0
-2.233	0.0	0.0	0.0	0.0	0.0	0.0	0.0	0.0	0.0
-2.199	0.0	0.0	0.0	0.0	0.0	0.0	0.0	0.0	0.0
-2.166	0.0	0.0	0.0	0.0	0.0	0.0	0.0	0.0	0.0
-2.132	0.0	0.0	0.0	0.0	0.0	0.0	0.0	0.0	0.0
-2.099	0.0	0.0	0.0	0.0	0.0	0.0	0.0	0.0	0.0
-2.065	0.0	0.0	0.0	0.0	0.0	0.0	0.0	0.0	0.0
-2.032	0.0	0.0	0.0	0.0	0.0	0.0	0.0	0.0	0.0
-1.998	0.0	0.0	0.0	0.0	0.0	0.0	0.0	0.0	0.0
-1.965	0.0	0.0	0.0	0.0	0.0	0.0	0.0	0.0	0.0
-1.931	0.0	0.0	0.0	0.0	0.0	0.0	0.0	0.0	0.0
-1.897	0.0	0.0	0.0	0.0	0.0	0.0	0.0	0.0	0.0
-1.864	0.0	0.0	0.0	0.0	0.0	0.0	0.0	0.0	0.0
-1.830	0.0	0.0	0.0	0.0	0.0	0.0	0.0	0.0	0.0
-1.797	0.0	0.0	0.0	0.0	0.0	0.0	0.0	0.0	0.0
-1.763	0.0	0.0	0.0	0.0	0.0	0.0	0.0	0.0	0.0
-1.730	0.0	0.0	0.0	0.0	0.0	0.0	0.0	0.0	0.0
-1.696	0.0	0.0	0.0	0.0	0.0	0.0	0.0	0.0	0.0
-1.663	0.0	0.0	0.0	0.0	0.0	0.0	0.0	0.0	0.0
-1.629	0.0	0.0	0.0	0.0	0.0	0.0	0.0	0.0	0.0
-1.595	0.0	0.0	0.0	0.0	0.0	0.0	0.0	0.0	0.0
-1.562	0.0	0.0	0.0	0.0	0.0	0.0	0.0	0.0	0.0
-1.528	0.0	0.0	0.0	0.0	0.0	0.0	0.0	0.0	0.0
-1.495	0.0	0.0	0.0	0.0	0.0	0.0	0.0	0.0	0.0
-1.461	0.0	0.0	0.0	0.0	0.0	0.0	0.0	0.0	0.0
-1.428	0.0	0.0	0.0	0.0	0.0	0.0	0.0	0.0	0.0
-1.394	0.0	0.0	0.0	0.0	0.0	0.0	0.0	0.0	0.0
-1.361	0.0	0.0	0.0	0.0	0.0	0.0	0.0	0.0	0.0
-1.327	0.0	0.0	0.0	0.0	0.0	0.0	0.0	0.0	0.0
-1.293	0.0	0.0	0.0	0.0	0.0	0.0	0.0	0.0	0.0
-1.260	0.0	0.0	0.0	0.0	0.0	0.0	0.0	0.0	0.0
-1.226	0.0	0.0	0.0	0.0	0.0	0.0	0.0	0.0	0.0
-1.193	0.0	0.0	0.0	0.0	0.0	0.0	0.0	0.0	0.0
-1.159	0.0	0.0	0.0	0.0	0.0	0.0	0.0	0.0	0.0
-1.126	0.0	0.0	0.0	0.0	0.0	0.0	0.0	0.0	0.0
-1.092	0.0	0.0	0.0	0.0	0.0	0.0	0.0	0.0	0.0
-1.059	0.0	0.0	0.0	0.0	0.0	0.0	0.0	0.0	0.0
-1.025	0.0	0.0	0.0	0.0	0.0	0.0	0.0	0.0	0.0
-0.991	0.0	0.0	0.0	0.0	0.0	0.0	0.0	0.0	0.0
-0.958	0.0	0.0	0.0	0.0	0.0	0.0	0.0	0.0	0.0
-0.924	0.0	0.0	0.0	0.0	0.0	0.0	0.0	0.0	0.0
-0.891	0.0	0.0	0.0	0.0	0.0	0.0	0.0	0.0	0.0
-0.857	0.0	0.0	0.0	0.0	0.0	0.0	0.0	0.0	0.0
-0.824	0.0	0.0	0.0	0.0	0.0	0.0	0.0	0.0	0.0
-0.790	0.0	0.0	0.0	0.0	0.0	0.0	0.0	0.0	0.0
-0.757	0.0	0.0	0.0	0.0	0.0	0.0	0.0	0.0	0.0
-0.723	1.6802937999999998e-16	2.544114e-17	1.660212e-15	2.0694550000000004e-17	0.0	0.0	0.0	0.0	0.0
-0.689	9.78614e-15	1.612527e-15	9.324978000000001e-14	1.2991399999999998e-15	0.0	0.0	0.0	0.0	0.0
-0.656	3.6149100000000003e-13	6.044640000000001e-14	3.4195669999999996e-12	4.86328e-14	0.0	0.0	0.0	0.0	0.0
-0.622	1.069895e-11	1.820699e-12	1.0038538e-10	1.461866e-12	0.0	0.0	0.0	0.0	0.0
-0.589	2.539203e-10	4.4111780000000003e-11	2.3596529e-09	3.5340779999999996e-11	0.0	0.0	0.0	0.0	0.0
-0.555	4.834771999999998e-09	8.598350000000001e-10	4.4387649999999994e-08	6.8719e-10	0.0	0.0	0.0	0.0	0.0
-0.522	7.38872e-08	1.3492580000000002e-08	6.689678000000001e-07	1.075451e-08	0.0	0.0	0.0	0.0	0.0
-0.488	9.06584e-07	1.706204e-07	8.075197999999998e-06	1.3559010000000003e-07	0.0	0.0	0.0	0.0	0.0
-0.454	8.93717e-06	1.7393500000000003e-06	7.809144e-05	1.377846e-06	0.0	0.0	0.0	0.0	0.0
-0.421	7.084043000000001e-05	1.430472e-05	0.0006052003000000001	1.1294140000000002e-05	0.0	0.0	0.0	0.0	0.0
-0.387	0.00045162230000000004	9.49803e-05	0.0037587780000000004	7.47118e-05	0.0	0.0	0.0	0.0	0.0
-0.354	0.0023177409999999995	0.000509246	0.018708703	0.0003991121	0.0	0.0	0.0	0.0	0.0
-0.320	0.00958152	0.002205957	0.0746989	0.0017218580000000002	0.0	0.0	0.0	0.0	0.0
-0.287	0.031935130000000006	0.00772065	0.2391577	0.00600377	0.0	0.0	0.0	0.0	0.0
-0.253	0.08583400000000001	0.02183471	0.6141062	0.016914110000000003	0.0	0.0	0.0	0.0	0.0
-0.220	0.18618989999999996	0.04988769999999999	1.2653104	0.038507860000000005	0.0	0.0	0.0	0.0	0.0
-0.186	0.32619159999999997	0.09210710000000001	2.0923381	0.07082369999999999	0.0	0.0	0.0	0.0	0.0
-0.152	0.46163089999999996	0.13727830000000002	2.7780526	0.10521869999999998	0.0	0.0	0.0	0.0	0.0
-0.119	0.5279028000000001	0.1651709	2.9608323	0.1261777	0.0	0.0	0.0	0.0	0.0
-0.085	0.48813520000000005	0.1603315	2.5343071	0.1221505	0.0	0.0	0.0	0.0	0.0
-0.052	0.36497910000000006	0.125623	1.7434223	0.09554543	0.0	0.0	0.0	0.0	0.0
-0.018	0.22161409999999998	0.07983802999999999	0.9641013	0.06094421999999999	0.0	0.0	0.0	0.0	0.0
0.015	0.1126011	0.04277239000000001	0.42981330000000006	0.03386446	0.0	0.0	0.0	0.0	0.0
0.049	0.057598979999999994	0.024117019999999996	0.15831954999999998	0.022417680000000002	0.0	0.0	0.0	0.0	0.0
0.082	0.05002921	0.023933890000000003	0.059000210000000004	0.02738664	0.0	0.0	0.0	0.0	0.0
0.116	0.0745771	0.037705630000000004	0.044782579999999995	0.044891230000000004	0.0	0.0	0.0	0.0	0.0
0.150	0.11318881000000001	0.05808333000000001	0.06621205000000001	0.0668411	0.0	0.0	0.0	0.0	0.0
0.183	0.1450476	0.07515088	0.09654623000000001	0.0821507	0.0	0.0	0.0	0.0	0.0
0.217	0.1528593	0.08014893000000001	0.11597476999999999	0.0827298	0.0	0.0	0.0	0.0	0.0
0.250	0.1340383	0.07211042	0.11266826	0.0701175	0.0	0.0	0.0	0.0	0.0
0.284	0.10403099999999998	0.060262700000000016	0.08945831	0.055795099999999986	0.0	0.0	0.0	0.0	0.0
0.317	0.08603530000000001	0.05892929999999999	0.0609636	0.0541404	0.0	0.0	0.0	0.0	0.0
0.351	0.0953453	0.0778206	0.041577989999999995	0.07287373	0.0	0.0	0.0	0.0	0.0
0.384	0.12934619999999997	0.1141391	0.03625771999999999	0.10661161000000001	0.0	0.0	0.0	0.0	0.0
0.418	0.1699124	0.15289500000000003	0.04122845000000001	0.13793622	0.0	0.0	0.0	0.0	0.0
0.452	0.1969235	0.17727900000000002	0.05013116000000001	0.1486162	0.0	0.0	0.0	0.0	0.0
0.485	0.2021299	0.1803872	0.05831752	0.13347191	0.0	0.0	0.0	0.0	0.0
0.519	0.19048770000000004	0.1665747	0.06288985	0.10326565999999998	0.0	0.0	0.0	0.0	0.0
0.552	0.171259	0.14371750000000003	0.062161810000000005	0.07400885000000001	0.0	0.0	0.0	0.0	0.0
0.586	0.15244520000000003	0.11833820000000002	0.05760981999999999	0.055999099999999996	0.0	0.0	0.0	0.0	0.0
0.619	0.14163830000000002	0.09708560000000001	0.05591528	0.051783100000000006	0.0	0.0	0.0	0.0	0.0
0.653	0.14586019999999997	0.08701509999999998	0.06644528999999999	0.059885200000000006	0.0	0.0	0.0	0.0	0.0
0.686	0.16730579999999998	0.091916	0.09440422999999999	0.0766138	0.0	0.0	0.0	0.0	0.0
0.720	0.19934260000000004	0.10837299999999998	0.1348354	0.09549170000000001	0.0	0.0	0.0	0.0	0.0
0.754	0.2278101	0.12635000000000002	0.1732595	0.1080728	0.0	0.0	0.0	0.0	0.0
0.787	0.2383086	0.134891	0.1944847	0.1081583	0.0	0.0	0.0	0.0	0.0
0.821	0.2246995	0.129575	0.19366670000000002	0.0958244	0.0	0.0	0.0	0.0	0.0
0.854	0.1924735	0.114874	0.178711	0.07685549999999998	0.0	0.0	0.0	0.0	0.0
0.888	0.1541828	0.098912	0.16152719999999998	0.058370200000000004	0.0	0.0	0.0	0.0	0.0
0.921	0.12099339999999999	0.0862449	0.1467609	0.0445718	0.0	0.0	0.0	0.0	0.0
0.955	0.0966064	0.0758817	0.13018898	0.0355711	0.0	0.0	0.0	0.0	0.0
0.988	0.0777359	0.0643836	0.10663618	0.028993300000000003	0.0	0.0	0.0	0.0	0.0
1.022	0.0596039	0.0499635	0.07716457	0.022510000000000002	0.0	0.0	0.0	0.0	0.0
1.056	0.0410108	0.0340211	0.048378000000000004	0.01562514	0.0	0.0	0.0	0.0	0.0
1.089	0.024855	0.0200643	0.027239580000000003	0.00954656	0.0	0.0	0.0	0.0	0.0
1.123	0.0151663	0.0112113	0.01808834	0.00593959	0.0	0.0	0.0	0.0	0.0
1.156	0.014798999999999998	0.009038839999999998	0.02368266	0.00605058	0.0	0.0	0.0	0.0	0.0
1.190	0.0250262	0.01400705	0.046359210000000005	0.01056422	0.0	0.0	0.0	0.0	0.0
1.223	0.04491610000000001	0.025835200000000003	0.08550983999999999	0.01933616	0.0	0.0	0.0	0.0	0.0
1.257	0.06964150000000001	0.042583699999999995	0.1329384	0.030594299999999998	0.0	0.0	0.0	0.0	0.0
1.290	0.09052610000000001	0.0595752	0.17255139999999997	0.0407309	0.0	0.0	0.0	0.0	0.0
1.324	0.09881570000000002	0.07026389999999999	0.1879212	0.0456446	0.0	0.0	0.0	0.0	0.0
1.358	0.0908175	0.06956499999999999	0.17231410000000003	0.0430715	0.0	0.0	0.0	0.0	0.0
1.391	0.0702326	0.057409100000000005	0.13296260000000001	0.0341223	0.0	0.0	0.0	0.0	0.0
1.425	0.0454647	0.0391717	0.0859075	0.022537090000000003	0.0	0.0	0.0	0.0	0.0
1.458	0.0244509	0.021913000000000002	0.0461343	0.01231207	0.0	0.0	0.0	0.0	0.0
1.492	0.01083139	0.00998799	0.02041351	0.00551711	0.0	0.0	0.0	0.0	0.0
1.525	0.00392348	0.0036900199999999996	0.00738842	0.002014528	0.0	0.0	0.0	0.0	0.0
1.559	0.001154912	0.001100655	0.002173579	0.000596255	0.0	0.0	0.0	0.0	0.0
1.592	0.0002749882	0.0002644317	0.0005173539999999999	0.0001424907	0.0	0.0	0.0	0.0	0.0
1.626	5.279433999999999e-05	5.1048400000000004e-05	9.930859999999999e-05	2.74208e-05	0.0	0.0	0.0	0.0	0.0
1.660	8.155359999999999e-06	7.91505e-06	1.5336560000000002e-05	4.24261e-06	0.0	0.0	0.0	0.0	0.0
1.693	1.011694e-06	9.842909999999998e-07	1.9026779999999996e-06	5.268979999999999e-07	0.0	0.0	0.0	0.0	0.0
1.727	1.0071550000000003e-07	9.81519e-08	1.8939089999999996e-07	5.24827e-08	0.0	0.0	0.0	0.0	0.0
1.760	8.03902e-09	7.8414e-09	1.511633e-08	4.190989999999999e-09	0.0	0.0	0.0	0.0	0.0
1.794	5.142127000000001e-10	5.018758e-10	9.66888e-10	2.6819100000000004e-10	0.0	0.0	0.0	0.0	0.0
1.827	2.6346400000000004e-11	2.572379e-11	4.9545500000000006e-11	1.3741569999999999e-11	0.0	0.0	0.0	0.0	0.0
1.861	1.0811000000000001e-12	1.055815e-12	2.0325679999999997e-12	5.63883e-13	0.0	0.0	0.0	0.0	0.0
1.894	3.5485519999999994e-14	3.46722e-14	6.6717e-14	1.8514480000000003e-14	0.0	0.0	0.0	0.0	0.0
1.928	9.56603e-16	9.34744e-16	1.798452e-15	4.99108e-16	0.0	0.0	0.0	0.0	0.0
1.962	0.0	0.0	0.0	0.0	0.0	0.0	0.0	0.0	0.0
1.995	0.0	0.0	0.0	0.0	0.0	0.0	0.0	0.0	0.0
2.029	0.0	0.0	0.0	0.0	0.0	0.0	0.0	0.0	0.0
2.062	0.0	0.0	0.0	0.0	0.0	0.0	0.0	0.0	0.0
2.096	0.0	0.0	0.0	0.0	0.0	0.0	0.0	0.0	0.0
2.129	0.0	0.0	0.0	0.0	0.0	0.0	0.0	0.0	0.0
2.163	0.0	0.0	0.0	0.0	0.0	0.0	0.0	0.0	0.0
2.196	0.0	0.0	0.0	0.0	0.0	0.0	0.0	0.0	0.0
2.230	0.0	0.0	0.0	0.0	0.0	0.0	0.0	0.0	0.0
2.264	0.0	0.0	0.0	0.0	0.0	0.0	0.0	0.0	0.0
2.297	0.0	0.0	0.0	0.0	0.0	0.0	0.0	0.0	0.0
2.331	0.0	0.0	0.0	0.0	0.0	0.0	0.0	0.0	0.0
2.364	0.0	0.0	0.0	0.0	0.0	0.0	0.0	0.0	0.0
2.398	0.0	0.0	0.0	0.0	0.0	0.0	0.0	0.0	0.0
2.431	0.0	0.0	0.0	0.0	0.0	0.0	0.0	0.0	0.0
2.465	0.0	0.0	0.0	0.0	0.0	0.0	0.0	0.0	0.0
2.498	0.0	0.0	0.0	0.0	0.0	0.0	0.0	0.0	0.0
2.532	0.0	0.0	0.0	0.0	0.0	0.0	0.0	0.0	0.0
2.566	0.0	0.0	0.0	0.0	0.0	0.0	0.0	0.0	0.0
2.599	0.0	0.0	0.0	0.0	0.0	0.0	0.0	0.0	0.0
2.633	0.0	0.0	0.0	0.0	0.0	0.0	0.0	0.0	0.0
2.666	0.0	0.0	0.0	0.0	0.0	0.0	0.0	0.0	0.0
2.700	0.0	0.0	0.0	0.0	0.0	0.0	0.0	0.0	0.0
2.733	0.0	0.0	0.0	0.0	0.0	0.0	0.0	0.0	0.0
2.767	0.0	0.0	0.0	0.0	0.0	0.0	0.0	0.0	0.0
2.800	0.0	0.0	0.0	0.0	0.0	0.0	0.0	0.0	0.0
2.834	0.0	0.0	0.0	0.0	0.0	0.0	0.0	0.0	0.0
2.868	0.0	0.0	0.0	0.0	0.0	0.0	0.0	0.0	0.0
