-24.73331105	0.0	0.0	0.0	0.0	0.0	0.0	0.0	0.0	0.0
-24.69931105	0.0	0.0	0.0	0.0	0.0	0.0	0.0	0.0	0.0
-24.66531105	0.0	0.0	0.0	0.0	0.0	0.0	0.0	0.0	0.0
-24.63031105	0.0	0.0	0.0	0.0	0.0	0.0	0.0	0.0	0.0
-24.59631105	0.0	0.0	0.0	0.0	0.0	0.0	0.0	0.0	0.0
-24.56231105	0.0	0.0	0.0	0.0	0.0	0.0	0.0	0.0	0.0
-24.52731105	0.0	0.0	0.0	0.0	0.0	0.0	0.0	0.0	0.0
-24.49331105	0.0	0.0	0.0	0.0	0.0	0.0	0.0	0.0	0.0
-24.45931105	0.0	0.0	0.0	0.0	0.0	0.0	0.0	0.0	0.0
-24.42531105	0.0	0.0	0.0	0.0	0.0	0.0	0.0	0.0	0.0
-24.39031105	0.0	0.0	0.0	0.0	0.0	0.0	0.0	0.0	0.0
-24.35631105	0.0	0.0	0.0	0.0	0.0	0.0	0.0	0.0	0.0
-24.32231105	0.0	0.0	0.0	0.0	0.0	0.0	0.0	0.0	0.0
-24.28731105	0.0	0.0	0.0	0.0	0.0	0.0	0.0	0.0	0.0
-24.25331105	0.0	0.0	0.0	0.0	0.0	0.0	0.0	0.0	0.0
-24.21931105	0.0	0.0	0.0	0.0	0.0	0.0	0.0	0.0	0.0
-24.18431105	0.0	0.0	0.0	0.0	0.0	0.0	0.0	0.0	0.0
-24.15031105	0.0	0.0	0.0	0.0	0.0	0.0	0.0	0.0	0.0
-24.11631105	0.0	0.0	0.0	0.0	0.0	0.0	0.0	0.0	0.0
-24.08231105	0.0	0.0	0.0	0.0	0.0	0.0	0.0	0.0	0.0
-24.04731105	0.0	0.0	0.0	0.0	0.0	0.0	0.0	0.0	0.0
-24.01331105	0.0	0.0	0.0	0.0	0.0	0.0	0.0	0.0	0.0
-23.97931105	0.0	0.0	0.0	0.0	0.0	0.0	0.0	0.0	0.0
-23.94431105	0.0	0.0	0.0	0.0	0.0	0.0	0.0	0.0	0.0
-23.91031105	0.0	0.0	0.0	0.0	0.0	0.0	0.0	0.0	0.0
-23.87631105	0.0	0.0	0.0	0.0	0.0	0.0	0.0	0.0	0.0
-23.84131105	0.0	0.0	0.0	0.0	0.0	0.0	0.0	0.0	0.0
-23.80731105	0.0	0.0	0.0	0.0	0.0	0.0	0.0	0.0	0.0
-23.77331105	0.0	0.0	0.0	0.0	0.0	0.0	0.0	0.0	0.0
-23.73831105	3.9847360184899994e-14	2.845289523207e-15	3.2990358990452e-16	1.51228753274995e-15	0.0	0.0	0.0	0.0	0.0
-23.70431105	1.7984344042e-12	1.2843088714929998e-13	1.48895530362263e-14	6.8250406695371e-14	0.0	0.0	0.0	0.0	0.0
-23.67031105	6.373871094710002e-11	4.55142002803e-12	5.277193180188299e-13	2.4189965878315e-12	0.0	0.0	0.0	0.0	0.0
-23.63631105	1.7899914766959998e-09	1.278234662755e-10	1.4818376593421898e-11	6.792887101716499e-11	0.0	0.0	0.0	0.0	0.0
-23.60131105	3.9844356862699997e-08	2.8449793230059997e-09	3.2989246929352e-10	1.5120764997179398e-09	0.0	0.0	0.0	0.0	0.0
-23.56731105	7.02970961148e-07	5.0193445539399995e-08	5.819667767412101e-09	2.6679823634957696e-08	0.0	0.0	0.0	0.0	0.0
-23.533311050000002	9.83424685934e-06	7.02208977991e-07	8.1423664037065e-08	3.73171893417403e-07	0.0	0.0	0.0	0.0	0.0
-23.49831105	0.00010909813724839999	7.79156148968e-06	9.0315846934019e-07	4.141054451801041e-06	0.0	0.0	0.0	0.0	0.0
-23.46431105	0.000959824657032	6.853623530259999e-05	7.9469472575744e-06	3.6425930505925e-05	0.0	0.0	0.0	0.0	0.0
-23.43031105	0.00669862280188	0.00047833009118700007	5.546118526525e-05	0.00025424183304136207	0.0	0.0	0.0	0.0	0.0
-23.39531105	0.0370923758455	0.002648953057989	0.0003070851088261	0.0014077468802491501	0.0	0.0	0.0	0.0	0.0
-23.36131105	0.162958693413	0.011638654533430002	0.0013492060180039299	0.0061840903410961	0.0	0.0	0.0	0.0	0.0
-23.32731105	0.568185775085	0.040585686127500006	0.0047043898143527	0.021565383216570005	0.0	0.0	0.0	0.0	0.0
-23.29331105	1.5724368166459997	0.11229372062790001	0.013018560483809902	0.05967736033492399	0.0	0.0	0.0	0.0	0.0
-23.25831105	3.4545430500100003	0.24666171019510003	0.028595142106579	0.13109690896384898	0.0	0.0	0.0	0.0	0.0
-23.22431105	6.022591479	0.430089695827	0.04986807110030199	0.22858797457892202	0.0	0.0	0.0	0.0	0.0
-23.190311050000002	8.337944554789999	0.595395089076	0.06901972168209401	0.316422264449429	0.0	0.0	0.0	0.0	0.0
-23.15531105	9.16353873062	0.654372958323	0.075864895806519	0.34777134870496695	0.0	0.0	0.0	0.0	0.0
-23.12131105	7.99420923455	0.5709201311840001	0.066184426181118	0.30343601002020604	0.0	0.0	0.0	0.0	0.0
-23.08731105	5.53872798035	0.3955247312010001	0.045857071985552	0.210191924523606	0.0	0.0	0.0	0.0	0.0
-23.05231105	3.04546344708	0.21748651313360004	0.025206330746669007	0.11559058148128298	0.0	0.0	0.0	0.0	0.0
-23.01831105	1.329462454286	0.09494070240189999	0.011006519424884701	0.050457313404965703	0.0	0.0	0.0	0.0	0.0
-22.98431105	0.46057912123000005	0.03289596310271	0.0038140609012472003	0.017483018259599897	0.0	0.0	0.0	0.0	0.0
-22.94931105	0.12666736108710003	0.009045461105200001	0.00104878488302524	0.004807973787752479	0.0	0.0	0.0	0.0	0.0
-22.91531105	0.027642412170399998	0.0019740863096869995	0.00022886232710324	0.0010491219256179999	0.0	0.0	0.0	0.0	0.0
-22.88131105	0.004786815541930001	0.0003418245683271	3.9633034196765e-05	0.00018167044741111704	0.0	0.0	0.0	0.0	0.0
-22.847311050000002	0.0006575799027699999	4.69668023153e-05	5.4444749749187e-06	2.4957721381628198e-05	0.0	0.0	0.0	0.0	0.0
-22.81231105	7.16639193661e-05	5.116791684650001e-06	5.9325929536391e-07	2.7196371171766598e-06	0.0	0.0	0.0	0.0	0.0
-22.77831105	6.19335601801e-06	4.42296063583e-07	5.127070652859e-08	2.3503949297903303e-07	0.0	0.0	0.0	0.0	0.0
-22.74431105	4.2444542047099995e-07	3.030867134858e-08	3.5136944423786e-09	1.6107874976876303e-08	0.0	0.0	0.0	0.0	0.0
-22.70931105	2.305807562993e-08	1.6466695735479998e-09	1.9090604954988e-10	8.751675327770099e-10	0.0	0.0	0.0	0.0	0.0
-22.67531105	9.930443511919998e-10	7.09247849504e-11	8.2215184355715e-12	3.76936903384466e-11	0.0	0.0	0.0	0.0	0.0
-22.64131105	3.3893190521099996e-11	2.4207253231649996e-12	2.8063779398746e-13	1.28646836224707e-12	0.0	0.0	0.0	0.0	0.0
-22.60631105	9.139011661119997e-13	6.52659633812e-14	7.5661287614307e-15	3.4687285545694996e-14	0.0	0.0	0.0	0.0	0.0
-22.57231105	2.1251938219170004e-14	1.5177103776449998e-15	1.7593897741695002e-16	8.064658817038398e-16	0.0	0.0	0.0	0.0	0.0
-22.53831105	0.0	0.0	0.0	0.0	0.0	0.0	0.0	0.0	0.0
-22.504311050000002	0.0	0.0	0.0	0.0	0.0	0.0	0.0	0.0	0.0
-22.46931105	0.0	0.0	0.0	0.0	0.0	0.0	0.0	0.0	0.0
-22.43531105	0.0	0.0	0.0	0.0	0.0	0.0	0.0	0.0	0.0
-22.40131105	0.0	0.0	0.0	0.0	0.0	0.0	0.0	0.0	0.0
-22.36631105	0.0	0.0	0.0	0.0	0.0	0.0	0.0	0.0	0.0
-22.33231105	0.0	0.0	0.0	0.0	0.0	0.0	0.0	0.0	0.0
-22.29831105	0.0	0.0	0.0	0.0	0.0	0.0	0.0	0.0	0.0
-22.26331105	0.0	0.0	0.0	0.0	0.0	0.0	0.0	0.0	0.0
-22.22931105	0.0	0.0	0.0	0.0	0.0	0.0	0.0	0.0	0.0
-22.19531105	0.0	0.0	0.0	0.0	0.0	0.0	0.0	0.0	0.0
-22.16031105	0.0	0.0	0.0	0.0	0.0	0.0	0.0	0.0	0.0
-22.12631105	0.0	0.0	0.0	0.0	0.0	0.0	0.0	0.0	0.0
-22.09231105	0.0	0.0	0.0	0.0	0.0	0.0	0.0	0.0	0.0
-22.05831105	0.0	0.0	0.0	0.0	0.0	0.0	0.0	0.0	0.0
-22.02331105	0.0	0.0	0.0	0.0	0.0	0.0	0.0	0.0	0.0
-21.98931105	0.0	0.0	0.0	0.0	0.0	0.0	0.0	0.0	0.0
-21.95531105	0.0	0.0	0.0	0.0	0.0	0.0	0.0	0.0	0.0
-21.92031105	0.0	0.0	0.0	0.0	0.0	0.0	0.0	0.0	0.0
-21.88631105	0.0	0.0	0.0	0.0	0.0	0.0	0.0	0.0	0.0
-21.85231105	0.0	0.0	0.0	0.0	0.0	0.0	0.0	0.0	0.0
-21.81731105	0.0	0.0	0.0	0.0	0.0	0.0	0.0	0.0	0.0
-21.783311050000002	0.0	0.0	0.0	0.0	0.0	0.0	0.0	0.0	0.0
-21.74931105	0.0	0.0	0.0	0.0	0.0	0.0	0.0	0.0	0.0
-21.71531105	0.0	0.0	0.0	0.0	0.0	0.0	0.0	0.0	0.0
-21.68031105	0.0	0.0	0.0	0.0	0.0	0.0	0.0	0.0	0.0
-21.64631105	0.0	0.0	0.0	0.0	0.0	0.0	0.0	0.0	0.0
-21.61231105	0.0	0.0	0.0	0.0	0.0	0.0	0.0	0.0	0.0
-21.57731105	0.0	0.0	0.0	0.0	0.0	0.0	0.0	0.0	0.0
-21.54331105	0.0	0.0	0.0	0.0	0.0	0.0	0.0	0.0	0.0
-21.50931105	0.0	0.0	0.0	0.0	0.0	0.0	0.0	0.0	0.0
-21.47431105	0.0	0.0	0.0	0.0	0.0	0.0	0.0	0.0	0.0
-21.440311050000002	0.0	0.0	0.0	0.0	0.0	0.0	0.0	0.0	0.0
-21.40631105	0.0	0.0	0.0	0.0	0.0	0.0	0.0	0.0	0.0
-21.37131105	0.0	0.0	0.0	0.0	0.0	0.0	0.0	0.0	0.0
-21.33731105	2.5029242759100004e-14	3.9459682549e-15	5.70270203528e-16	1.5645057613e-15	0.0	0.0	0.0	0.0	0.0
-21.30331105	1.09139511507e-12	1.7203907780999993e-13	2.4863187949599997e-14	6.8225812799e-14	0.0	0.0	0.0	0.0	0.0
-21.26931105	3.9845295783999996e-11	6.2736914775000005e-12	9.07629941267e-13	2.490507962400001e-12	0.0	0.0	0.0	0.0	0.0
-21.23431105	1.15118181396e-09	1.8111297086999998e-10	2.62251159176e-11	7.193339985e-11	0.0	0.0	0.0	0.0	0.0
-21.20031105	2.6370521139e-08	4.146566659099999e-09	6.00509199062e-10	1.6476602158e-09	0.0	0.0	0.0	0.0	0.0
-21.16631105	4.790378092e-07	7.521853967599999e-08	1.09084752988e-08	2.9914976194e-08	0.0	0.0	0.0	0.0	0.0
-21.13131105	6.9058043004e-06	1.0822096110000002e-06	1.57189316717e-07	4.3092156490000004e-07	0.0	0.0	0.0	0.0	0.0
-21.097311050000002	7.902960943999999e-05	1.2349617356e-05	1.7990031534799998e-06	4.927936245999999e-06	0.0	0.0	0.0	0.0	0.0
-21.06331105	0.0007187648195	0.00011180357460999998	1.6349785566499995e-05	4.475806859999999e-05	0.0	0.0	0.0	0.0	0.0
-21.02831105	0.005200177012	0.0008033199192000001	0.000118181923449	0.00032309439680000004	0.0	0.0	0.0	0.0	0.0
-20.99431105	0.02997222689	0.004583322169000001	0.0006803210233700001	0.0018562739346999998	0.0	0.0	0.0	0.0	0.0
-20.96031105	0.1379428671	0.020767683561	0.0031256366769000007	0.008506856771999999	0.0	0.0	0.0	0.0	0.0
-20.92631105	0.5084307557999999	0.07483622521	0.0114892204944	0.031146805919999996	0.0	0.0	0.0	0.0	0.0
-20.89131105	1.507034912	0.21461393110000002	0.03393225296400001	0.09146154300000002	0.0	0.0	0.0	0.0	0.0
-20.85731105	3.611110999	0.49067482540000007	0.08087745478	0.2163230909	0.0	0.0	0.0	0.0	0.0
-20.82331105	7.03782409	0.8957244759999999	0.15657178255	0.41434371270000003	0.0	0.0	0.0	0.0	0.0
-20.78831105	11.238776970000002	1.309857096	0.24790743879999994	0.647154233	0.0	0.0	0.0	0.0	0.0
-20.754311050000002	14.794547970000002	1.540287701	0.3230809167300001	0.829853805	0.0	0.0	0.0	0.0	0.0
-20.72031105	16.124955500000002	1.464003734	0.3483902523	0.8787996880000001	0.0	0.0	0.0	0.0	0.0
-20.68531105	14.5690172	1.1316957479999996	0.31139980089999997	0.7710060850000001	0.0	0.0	0.0	0.0	0.0
-20.65131105	10.8857121	0.71639925	0.23038387710000002	0.56063256	0.0	0.0	0.0	0.0	0.0
-20.61731105	6.690006889999999	0.37370330540000013	0.14041914000999997	0.336551382	0.0	0.0	0.0	0.0	0.0
-20.58231105	3.3591527999999995	0.16135408810000001	0.07004958826999999	0.16585592300000004	0.0	0.0	0.0	0.0	0.0
-20.54831105	1.36904043	0.0577489103	0.02840303141	0.0666368272	0.0	0.0	0.0	0.0	0.0
-20.51431105	0.450071864	0.017092655820000004	0.009305388006	0.0216821635	0.0	0.0	0.0	0.0	0.0
-20.48031105	0.118798688	0.0041623145169999995	0.002449991723	0.0056797802799999995	0.0	0.0	0.0	0.0	0.0
-20.44531105	0.02508406	0.000828105596	0.0005164039169	0.00119315553	0.0	0.0	0.0	0.0	0.0
-20.411311050000002	0.00422502292	0.0001337105321	8.687928304e-05	0.000200225818	0.0	0.0	0.0	0.0	0.0
-20.37731105	0.000566647031	1.74146216e-05	1.1642418942e-05	2.6791531400000004e-05	0.0	0.0	0.0	0.0	0.0
-20.34231105	6.0429048499999996e-05	1.8204273610000002e-06	1.2408284938e-06	2.85349152e-06	0.0	0.0	0.0	0.0	0.0
-20.30831105	5.119022839999999e-06	1.521438067e-07	1.0507759577000001e-07	2.4143433000000005e-07	0.0	0.0	0.0	0.0	0.0
-20.27431105	3.44210931e-07	1.0137672119999999e-08	7.065100308999999e-09	1.62260202e-08	0.0	0.0	0.0	0.0	0.0
-20.23931105	1.8362791500000002e-08	5.377255399e-10	3.768987878e-10	8.65311555e-10	0.0	0.0	0.0	0.0	0.0
-20.20531105	7.77013905e-10	2.2656977739999998e-11	1.5942835069999998e-11	3.6591599000000005e-11	0.0	0.0	0.0	0.0	0.0
-20.17131105	2.6061673599999995e-11	7.58329486e-13	5.348145671e-13	1.2277304799999998e-12	0.0	0.0	0.0	0.0	0.0
-20.13731105	6.890618659999999e-13	1.994506989e-14	1.4135663734000003e-14	3.2436916099999995e-14	0.0	0.0	0.0	0.0	0.0
-20.10231105	1.57798588e-14	4.567312532000001e-16	3.236979605e-16	7.429362869999999e-16	0.0	0.0	0.0	0.0	0.0
-20.068311050000002	0.0	0.0	0.0	0.0	0.0	0.0	0.0	0.0	0.0
-20.03431105	0.0	0.0	0.0	0.0	0.0	0.0	0.0	0.0	0.0
-19.99931105	0.0	0.0	0.0	0.0	0.0	0.0	0.0	0.0	0.0
-19.96531105	0.0	0.0	0.0	0.0	0.0	0.0	0.0	0.0	0.0
-19.93131105	0.0	0.0	0.0	0.0	0.0	0.0	0.0	0.0	0.0
-19.89631105	0.0	0.0	0.0	0.0	0.0	0.0	0.0	0.0	0.0
-19.86231105	0.0	0.0	0.0	0.0	0.0	0.0	0.0	0.0	0.0
-19.82831105	0.0	0.0	0.0	0.0	0.0	0.0	0.0	0.0	0.0
-19.79331105	0.0	0.0	0.0	0.0	0.0	0.0	0.0	0.0	0.0
-19.75931105	0.0	0.0	0.0	0.0	0.0	0.0	0.0	0.0	0.0
-19.725311050000002	0.0	0.0	0.0	0.0	0.0	0.0	0.0	0.0	0.0
-19.69131105	0.0	0.0	0.0	0.0	0.0	0.0	0.0	0.0	0.0
-19.65631105	0.0	0.0	0.0	0.0	0.0	0.0	0.0	0.0	0.0
-19.62231105	0.0	0.0	0.0	0.0	0.0	0.0	0.0	0.0	0.0
-19.58831105	0.0	0.0	0.0	0.0	0.0	0.0	0.0	0.0	0.0
-19.55331105	0.0	0.0	0.0	0.0	0.0	0.0	0.0	0.0	0.0
-19.51931105	0.0	0.0	0.0	0.0	0.0	0.0	0.0	0.0	0.0
-19.48531105	0.0	0.0	0.0	0.0	0.0	0.0	0.0	0.0	0.0
-19.45031105	0.0	0.0	0.0	0.0	0.0	0.0	0.0	0.0	0.0
-19.41631105	0.0	0.0	0.0	0.0	0.0	0.0	0.0	0.0	0.0
-19.382311050000002	0.0	0.0	0.0	0.0	0.0	0.0	0.0	0.0	0.0
-19.34831105	0.0	0.0	0.0	0.0	0.0	0.0	0.0	0.0	0.0
-19.31331105	0.0	0.0	0.0	0.0	0.0	0.0	0.0	0.0	0.0
-19.27931105	0.0	0.0	0.0	0.0	0.0	0.0	0.0	0.0	0.0
-19.24531105	0.0	0.0	0.0	0.0	0.0	0.0	0.0	0.0	0.0
-19.21031105	0.0	0.0	0.0	0.0	0.0	0.0	0.0	0.0	0.0
-19.17631105	0.0	0.0	0.0	0.0	0.0	0.0	0.0	0.0	0.0
-19.14231105	0.0	0.0	0.0	0.0	0.0	0.0	0.0	0.0	0.0
-19.10731105	0.0	0.0	0.0	0.0	0.0	0.0	0.0	0.0	0.0
-19.07331105	0.0	0.0	0.0	0.0	0.0	0.0	0.0	0.0	0.0
-19.039311050000002	0.0	0.0	0.0	0.0	0.0	0.0	0.0	0.0	0.0
-19.004311050000002	0.0	0.0	0.0	0.0	0.0	0.0	0.0	0.0	0.0
-18.97031105	0.0	0.0	0.0	0.0	0.0	0.0	0.0	0.0	0.0
-18.93631105	0.0	0.0	0.0	0.0	0.0	0.0	0.0	0.0	0.0
-18.90231105	0.0	0.0	0.0	0.0	0.0	0.0	0.0	0.0	0.0
-18.86731105	0.0	0.0	0.0	0.0	0.0	0.0	0.0	0.0	0.0
-18.83331105	0.0	0.0	0.0	0.0	0.0	0.0	0.0	0.0	0.0
-18.79931105	0.0	0.0	0.0	0.0	0.0	0.0	0.0	0.0	0.0
-18.76431105	0.0	0.0	0.0	0.0	0.0	0.0	0.0	0.0	0.0
-18.73031105	0.0	0.0	0.0	0.0	0.0	0.0	0.0	0.0	0.0
-18.696311050000002	0.0	0.0	0.0	0.0	0.0	0.0	0.0	0.0	0.0
-18.661311050000002	0.0	0.0	0.0	0.0	0.0	0.0	0.0	0.0	0.0
-18.62731105	0.0	0.0	0.0	0.0	0.0	0.0	0.0	0.0	0.0
-18.59331105	0.0	0.0	0.0	0.0	0.0	0.0	0.0	0.0	0.0
-18.55931105	0.0	0.0	0.0	0.0	0.0	0.0	0.0	0.0	0.0
-18.52431105	0.0	0.0	0.0	0.0	0.0	0.0	0.0	0.0	0.0
-18.49031105	0.0	0.0	0.0	0.0	0.0	0.0	0.0	0.0	0.0
-18.45631105	0.0	0.0	0.0	0.0	0.0	0.0	0.0	0.0	0.0
-18.42131105	0.0	0.0	0.0	0.0	0.0	0.0	0.0	0.0	0.0
-18.38731105	0.0	0.0	0.0	0.0	0.0	0.0	0.0	0.0	0.0
-18.353311050000002	0.0	0.0	0.0	0.0	0.0	0.0	0.0	0.0	0.0
-18.318311050000002	0.0	0.0	0.0	0.0	0.0	0.0	0.0	0.0	0.0
-18.28431105	0.0	0.0	0.0	0.0	0.0	0.0	0.0	0.0	0.0
-18.25031105	0.0	0.0	0.0	0.0	0.0	0.0	0.0	0.0	0.0
-18.21531105	0.0	0.0	0.0	0.0	0.0	0.0	0.0	0.0	0.0
-18.18131105	0.0	0.0	0.0	0.0	0.0	0.0	0.0	0.0	0.0
-18.14731105	0.0	0.0	0.0	0.0	0.0	0.0	0.0	0.0	0.0
-18.11331105	0.0	0.0	0.0	0.0	0.0	0.0	0.0	0.0	0.0
-18.07831105	0.0	0.0	0.0	0.0	0.0	0.0	0.0	0.0	0.0
-18.04431105	0.0	0.0	0.0	0.0	0.0	0.0	0.0	0.0	0.0
-18.010311050000002	0.0	0.0	0.0	0.0	0.0	0.0	0.0	0.0	0.0
-17.975311050000002	0.0	0.0	0.0	0.0	0.0	0.0	0.0	0.0	0.0
-17.94131105	0.0	0.0	0.0	0.0	0.0	0.0	0.0	0.0	0.0
-17.90731105	0.0	0.0	0.0	0.0	0.0	0.0	0.0	0.0	0.0
-17.87231105	0.0	0.0	0.0	0.0	0.0	0.0	0.0	0.0	0.0
-17.83831105	0.0	0.0	0.0	0.0	0.0	0.0	0.0	0.0	0.0
-17.80431105	0.0	0.0	0.0	0.0	0.0	0.0	0.0	0.0	0.0
-17.76931105	0.0	0.0	0.0	0.0	0.0	0.0	0.0	0.0	0.0
-17.73531105	0.0	0.0	0.0	0.0	0.0	0.0	0.0	0.0	0.0
-17.70131105	0.0	0.0	0.0	0.0	0.0	0.0	0.0	0.0	0.0
-17.667311050000002	0.0	0.0	0.0	0.0	0.0	0.0	0.0	0.0	0.0
-17.632311050000002	0.0	0.0	0.0	0.0	0.0	0.0	0.0	0.0	0.0
-17.59831105	0.0	0.0	0.0	0.0	0.0	0.0	0.0	0.0	0.0
-17.56431105	0.0	0.0	0.0	0.0	0.0	0.0	0.0	0.0	0.0
-17.52931105	0.0	0.0	0.0	0.0	0.0	0.0	0.0	0.0	0.0
-17.49531105	0.0	0.0	0.0	0.0	0.0	0.0	0.0	0.0	0.0
-17.46131105	0.0	0.0	0.0	0.0	0.0	0.0	0.0	0.0	0.0
-17.42631105	0.0	0.0	0.0	0.0	0.0	0.0	0.0	0.0	0.0
-17.39231105	0.0	0.0	0.0	0.0	0.0	0.0	0.0	0.0	0.0
-17.35831105	0.0	0.0	0.0	0.0	0.0	0.0	0.0	0.0	0.0
-17.32431105	0.0	0.0	0.0	0.0	0.0	0.0	0.0	0.0	0.0
-17.289311050000002	0.0	0.0	0.0	0.0	0.0	0.0	0.0	0.0	0.0
-17.25531105	0.0	0.0	0.0	0.0	0.0	0.0	0.0	0.0	0.0
-17.22131105	0.0	0.0	0.0	0.0	0.0	0.0	0.0	0.0	0.0
-17.18631105	0.0	0.0	0.0	0.0	0.0	0.0	0.0	0.0	0.0
-17.15231105	0.0	0.0	0.0	0.0	0.0	0.0	0.0	0.0	0.0
-17.11831105	0.0	0.0	0.0	0.0	0.0	0.0	0.0	0.0	0.0
-17.08331105	0.0	0.0	0.0	0.0	0.0	0.0	0.0	0.0	0.0
-17.04931105	0.0	0.0	0.0	0.0	0.0	0.0	0.0	0.0	0.0
-17.01531105	0.0	0.0	0.0	0.0	0.0	0.0	0.0	0.0	0.0
-16.98031105	0.0	0.0	0.0	0.0	0.0	0.0	0.0	0.0	0.0
-16.946311050000002	0.0	0.0	0.0	0.0	0.0	0.0	0.0	0.0	0.0
-16.91231105	0.0	0.0	0.0	0.0	0.0	0.0	0.0	0.0	0.0
-16.87831105	0.0	0.0	0.0	0.0	0.0	0.0	0.0	0.0	0.0
-16.84331105	0.0	0.0	0.0	0.0	0.0	0.0	0.0	0.0	0.0
-16.80931105	0.0	0.0	0.0	0.0	0.0	0.0	0.0	0.0	0.0
-16.77531105	0.0	0.0	0.0	0.0	0.0	0.0	0.0	0.0	0.0
-16.74031105	0.0	0.0	0.0	0.0	0.0	0.0	0.0	0.0	0.0
-16.70631105	0.0	0.0	0.0	0.0	0.0	0.0	0.0	0.0	0.0
-16.67231105	0.0	0.0	0.0	0.0	0.0	0.0	0.0	0.0	0.0
-16.63731105	0.0	0.0	0.0	0.0	0.0	0.0	0.0	0.0	0.0
-16.603311050000002	0.0	0.0	0.0	0.0	0.0	0.0	0.0	0.0	0.0
-16.56931105	0.0	0.0	0.0	0.0	0.0	0.0	0.0	0.0	0.0
-16.53531105	0.0	0.0	0.0	0.0	0.0	0.0	0.0	0.0	0.0
-16.50031105	0.0	0.0	0.0	0.0	0.0	0.0	0.0	0.0	0.0
-16.46631105	0.0	0.0	0.0	0.0	0.0	0.0	0.0	0.0	0.0
-16.43231105	0.0	0.0	0.0	0.0	0.0	0.0	0.0	0.0	0.0
-16.39731105	0.0	0.0	0.0	0.0	0.0	0.0	0.0	0.0	0.0
-16.36331105	0.0	0.0	0.0	0.0	0.0	0.0	0.0	0.0	0.0
-16.32931105	0.0	0.0	0.0	0.0	0.0	0.0	0.0	0.0	0.0
-16.29431105	0.0	0.0	0.0	0.0	0.0	0.0	0.0	0.0	0.0
-16.260311050000002	0.0	0.0	0.0	0.0	0.0	0.0	0.0	0.0	0.0
-16.22631105	0.0	0.0	0.0	0.0	0.0	0.0	0.0	0.0	0.0
-16.19131105	0.0	0.0	0.0	0.0	0.0	0.0	0.0	0.0	0.0
-16.15731105	0.0	0.0	0.0	0.0	0.0	0.0	0.0	0.0	0.0
-16.12331105	0.0	0.0	0.0	0.0	0.0	0.0	0.0	0.0	0.0
-16.08931105	0.0	0.0	0.0	0.0	0.0	0.0	0.0	0.0	0.0
-16.05431105	0.0	0.0	0.0	0.0	0.0	0.0	0.0	0.0	0.0
-16.02031105	0.0	0.0	0.0	0.0	0.0	0.0	0.0	0.0	0.0
-15.986311050000001	0.0	0.0	0.0	0.0	0.0	0.0	0.0	0.0	0.0
-15.951311050000001	0.0	0.0	0.0	0.0	0.0	0.0	0.0	0.0	0.0
-15.917311050000002	0.0	0.0	0.0	0.0	0.0	0.0	0.0	0.0	0.0
-15.88331105	0.0	0.0	0.0	0.0	0.0	0.0	0.0	0.0	0.0
-15.84831105	0.0	0.0	0.0	0.0	0.0	0.0	0.0	0.0	0.0
-15.81431105	0.0	0.0	0.0	0.0	0.0	0.0	0.0	0.0	0.0
-15.780311050000002	0.0	0.0	0.0	0.0	0.0	0.0	0.0	0.0	0.0
-15.74631105	0.0	0.0	0.0	0.0	0.0	0.0	0.0	0.0	0.0
-15.711311049999999	0.0	0.0	0.0	0.0	0.0	0.0	0.0	0.0	0.0
-15.67731105	0.0	0.0	0.0	0.0	0.0	0.0	0.0	0.0	0.0
-15.643311050000001	3.9843299999999996e-14	2.3514922400000003e-15	6.875205900000001e-16	1.9462445000000002e-15	0.0	0.0	0.0	0.0	0.0
-15.608311050000001	1.723106e-12	1.0172805700000001e-13	2.9736985999999995e-14	8.417663999999999e-14	0.0	0.0	0.0	0.0	0.0
-15.574311049999999	6.009320000000001e-11	3.5481782e-12	1.03723662e-12	2.9358424e-12	0.0	0.0	0.0	0.0	0.0
-15.54031105	1.6618660000000001e-09	9.811312699999999e-11	2.8682203e-11	8.118952e-11	0.0	0.0	0.0	0.0	0.0
-15.50531105	3.6431299999999994e-08	2.14985188e-09	6.286051399999999e-10	1.7792650999999999e-09	0.0	0.0	0.0	0.0	0.0
-15.47131105	6.328560000000001e-07	3.7359783400000005e-08	1.0922737799999999e-08	3.0910449999999995e-08	0.0	0.0	0.0	0.0	0.0
-15.437311050000002	8.71732e-06	5.146648870000001e-07	1.50440915e-07	4.2582317e-07	0.0	0.0	0.0	0.0	0.0
-15.402311050000002	9.521979999999999e-05	5.622024800000001e-06	1.64341968e-06	4.6519168e-06	0.0	0.0	0.0	0.0	0.0
-15.368311049999999	0.000825037	4.87070627e-05	1.4238297399999999e-05	4.0304167e-05	0.0	0.0	0.0	0.0	0.0
-15.33431105	0.0056697100000000005	0.00033469378500000006	9.784700799999998e-05	0.00027697378	0.0	0.0	0.0	0.0	0.0
-15.300311050000001	0.03091428	0.00182542085	0.0005334712300000002	0.0015101197999999997	0.0	0.0	0.0	0.0	0.0
-15.265311050000001	0.1337572	0.0078958397	0.0023082930999999995	0.006533405	0.0	0.0	0.0	0.0	0.0
-15.231311049999999	0.459223	0.027111052400000002	0.007924429799999999	0.022434555999999998	0.0	0.0	0.0	0.0	0.0
-15.19731105	1.2515070000000001	0.07387712299999998	0.021599449000000003	0.06113071999999999	0.0	0.0	0.0	0.0	0.0
-15.16231105	2.707131	0.159811957	0.04671863199999999	0.13223584	0.0	0.0	0.0	0.0	0.0
-15.12831105	4.64839	0.274414779	0.08021774500000001	0.22707450000000004	0.0	0.0	0.0	0.0	0.0
-15.094311050000002	6.335869999999999	0.37410994200000003	0.109361226	0.30958299	0.0	0.0	0.0	0.0	0.0
-15.059311050000002	6.85726	0.404917556	0.118357821	0.33502797	0.0	0.0	0.0	0.0	0.0
-15.02531105	5.89291	0.34792290499999995	0.10169549400000001	0.28784663000000005	0.0	0.0	0.0	0.0	0.0
-14.99131105	4.01942	0.237338359	0.06936594900000001	0.19636124	0.0	0.0	0.0	0.0	0.0
-14.957311050000001	2.176619	0.12849445399999998	0.037566306	0.10633641	0.0	0.0	0.0	0.0	0.0
-14.922311050000001	0.935645	0.055240341700000015	0.0161475579	0.04571068600000001	0.0	0.0	0.0	0.0	0.0
-14.888311049999999	0.31923900000000005	0.0188448615	0.005510326799999999	0.015596714000000001	0.0	0.0	0.0	0.0	0.0
-14.85431105	0.0864596	0.00510379217	0.0014920397500000004	0.0042231863	0.0	0.0	0.0	0.0	0.0
-14.81931105	0.01858046	0.001096874	0.00032068611000000003	0.0009078001999999999	0.0	0.0	0.0	0.0	0.0
-14.78531105	0.003168009	0.00018704978100000003	5.4675318000000004e-05	0.00015478005999999998	0.0	0.0	0.0	0.0	0.0
-14.751311050000002	0.000428584	2.5302262200000006e-05	7.396913200000001e-06	2.0936315e-05	0.0	0.0	0.0	0.0	0.0
-14.716311050000002	4.59867e-05	2.7146953e-06	7.937274299999999e-07	2.2464459999999998e-06	0.0	0.0	0.0	0.0	0.0
-14.68231105	3.91339e-06	2.3101615499999996e-07	6.754629999999998e-08	1.9116129e-07	0.0	0.0	0.0	0.0	0.0
-14.64831105	2.640773e-07	1.55897871e-08	4.557646700000001e-09	1.2899506000000001e-08	0.0	0.0	0.0	0.0	0.0
-14.61331105	1.412782e-08	8.3401552e-10	2.4381071e-10	6.901117e-10	0.0	0.0	0.0	0.0	0.0
-14.579311050000001	5.99099e-10	3.5364520099999996e-11	1.0339536700000002e-11	2.9266831e-11	0.0	0.0	0.0	0.0	0.0
-14.545311049999999	2.0134849999999998e-11	1.18870063e-12	3.4749146000000003e-13	9.835868e-13	0.0	0.0	0.0	0.0	0.0
-14.51131105	5.37828e-13	3.1747829799999997e-14	9.281717500000001e-15	2.6274001e-14	0.0	0.0	0.0	0.0	0.0
-14.47631105	1.1951909999999999e-14	7.0555937e-16	2.06272998e-16	5.838333e-16	0.0	0.0	0.0	0.0	0.0
-14.44231105	0.0	0.0	0.0	0.0	0.0	0.0	0.0	0.0	0.0
-14.408311050000002	0.0	0.0	0.0	0.0	0.0	0.0	0.0	0.0	0.0
-14.373311050000002	0.0	0.0	0.0	0.0	0.0	0.0	0.0	0.0	0.0
-14.33931105	0.0	0.0	0.0	0.0	0.0	0.0	0.0	0.0	0.0
-14.30531105	0.0	0.0	0.0	0.0	0.0	0.0	0.0	0.0	0.0
-14.27031105	0.0	0.0	0.0	0.0	0.0	0.0	0.0	0.0	0.0
-14.236311050000001	0.0	0.0	0.0	0.0	0.0	0.0	0.0	0.0	0.0
-14.202311049999999	0.0	0.0	0.0	0.0	0.0	0.0	0.0	0.0	0.0
-14.16831105	0.0	0.0	0.0	0.0	0.0	0.0	0.0	0.0	0.0
-14.13331105	0.0	0.0	0.0	0.0	0.0	0.0	0.0	0.0	0.0
-14.09931105	0.0	0.0	0.0	0.0	0.0	0.0	0.0	0.0	0.0
-14.065311050000002	0.0	0.0	0.0	0.0	0.0	0.0	0.0	0.0	0.0
-14.030311050000002	0.0	0.0	0.0	0.0	0.0	0.0	0.0	0.0	0.0
-13.99631105	1.9403078299999998e-15	2.1377039e-16	5.24655566e-17	1.575341e-16	0.0	0.0	0.0	0.0	0.0
-13.96231105	5.6270386e-14	6.1988559e-15	1.52144487e-15	4.567882690000001e-15	0.0	0.0	0.0	0.0	0.0
-13.92731105	2.4681071e-12	2.7191055e-13	6.6732817e-14	2.0037068399999996e-13	0.0	0.0	0.0	0.0	0.0
-13.893311050000001	8.4001211e-11	9.2536824e-12	2.2713323300000006e-12	6.82028572e-12	0.0	0.0	0.0	0.0	0.0
-13.859311049999999	2.26654884e-09	2.4972783e-10	6.129321190000001e-11	1.8403532599999997e-10	0.0	0.0	0.0	0.0	0.0
-13.824311049999999	4.847100259999999e-08	5.3403474e-09	1.3106947499999998e-09	3.9356380799999996e-09	0.0	0.0	0.0	0.0	0.0
-13.79031105	8.218617500000001e-07	9.055217300000001e-08	2.22215634e-08	6.67305269e-08	0.0	0.0	0.0	0.0	0.0
-13.75631105	1.1046800099999999e-05	1.2171172000000003e-06	2.9870135700000005e-07	8.967886659999999e-07	0.0	0.0	0.0	0.0	0.0
-13.722311050000002	0.00011776344399999998	1.2974426e-05	3.1840616300000005e-06	9.560424670000002e-06	0.0	0.0	0.0	0.0	0.0
-13.687311050000002	0.0009956438599999999	0.00010968949000000002	2.69191255e-05	8.08289581e-05	0.0	0.0	0.0	0.0	0.0
-13.65331105	0.0066772772	0.0007357046100000001	0.00018054562600000005	0.000542070672	0.0	0.0	0.0	0.0	0.0
-13.61931105	0.0355307222	0.003914804000000001	0.00096068807	0.00288451714	0.0	0.0	0.0	0.0	0.0
-13.58431105	0.150017128	0.016526316	0.004056313440000001	0.0121784989	0.0	0.0	0.0	0.0	0.0
-13.550311050000001	0.502647078	0.05537088	0.0135913553	0.0408135488	0.0	0.0	0.0	0.0	0.0
-13.516311049999999	1.33679627	0.14727209000000002	0.0361478517	0.108528443	0.0	0.0	0.0	0.0	0.0
-13.481311049999999	2.82206326	0.31093487000000003	0.0763073213	0.22912333099999999	0.0	0.0	0.0	0.0	0.0
-13.44731105	4.72986694	0.5210614699999999	0.127880667	0.383975266	0.0	0.0	0.0	0.0	0.0
-13.41331105	6.2929707	0.6931797399999998	0.17014308199999997	0.5109025200000001	0.0	0.0	0.0	0.0	0.0
-13.379311050000002	6.646757600000001	0.73222175	0.179718536	0.5396341470000001	0.0	0.0	0.0	0.0	0.0
-13.344311050000002	5.5731805	0.61406536	0.15068962	0.45250478699999996	0.0	0.0	0.0	0.0	0.0
-13.31031105	3.7104489099999998	0.4087392999999999	0.10031590799999998	0.30121741700000004	0.0	0.0	0.0	0.0	0.0
-13.27631105	1.96081183	0.21603531	0.0530190332	0.15919552600000003	0.0	0.0	0.0	0.0	0.0
-13.24131105	0.8226279700000001	0.090629819	0.0222433796	0.06678816250000001	0.0	0.0	0.0	0.0	0.0
-13.207311050000001	0.273926783	0.030184224000000006	0.007406579449999999	0.0222385816	0.0	0.0	0.0	0.0	0.0
-13.173311049999999	0.072383923	0.007975541	0.0019574014800000004	0.005877749819999999	0.0	0.0	0.0	0.0	0.0
-13.138311049999999	0.0151828063	0.0016726750000000002	0.0004105039029999999	0.0012325735900000003	0.0	0.0	0.0	0.0	0.0
-13.10431105	0.0025264222500000003	0.00027832348000000006	6.831186580000002e-05	0.000205099809	0.0	0.0	0.0	0.0	0.0
-13.07031105	0.000333506814	3.6746313000000007e-05	9.018060700000001e-06	2.70777243e-05	0.0	0.0	0.0	0.0	0.0
-13.03531105	3.49214333e-05	3.8470693e-06	9.442962799999999e-07	2.8351083600000004e-06	0.0	0.0	0.0	0.0	0.0
-13.001311050000002	2.89979009e-06	3.1945161000000004e-07	7.841345640000001e-08	2.35442432e-07	0.0	0.0	0.0	0.0	0.0
-12.96731105	1.90957772e-07	2.1038464000000002e-08	5.163331660000001e-09	1.55036576e-08	0.0	0.0	0.0	0.0	0.0
-12.93331105	9.9688429e-09	1.0982309100000002e-09	2.6955635899999997e-10	8.092995609999999e-10	0.0	0.0	0.0	0.0	0.0
-12.89831105	4.12526306e-10	4.5444489e-11	1.1153977200000002e-11	3.3489505200000004e-11	0.0	0.0	0.0	0.0	0.0
-12.864311050000001	1.35279898e-11	1.4904014999999998e-12	3.657991679999999e-13	1.0982598800000002e-12	0.0	0.0	0.0	0.0	0.0
-12.830311049999999	3.49249443e-13	3.8484203000000004e-14	9.4435848e-15	2.8354326700000004e-14	0.0	0.0	0.0	0.0	0.0
-12.795311049999999	7.7610235e-15	8.550941400000002e-16	2.09856266e-16	6.30204511e-16	0.0	0.0	0.0	0.0	0.0
-12.76131105	0.0	0.0	0.0	0.0	0.0	0.0	0.0	0.0	0.0
-12.72731105	0.0	0.0	0.0	0.0	0.0	0.0	0.0	0.0	0.0
-12.69231105	0.0	0.0	0.0	0.0	0.0	0.0	0.0	0.0	0.0
-12.658311050000002	0.0	0.0	0.0	0.0	0.0	0.0	0.0	0.0	0.0
-12.62431105	0.0	0.0	0.0	0.0	0.0	0.0	0.0	0.0	0.0
-12.59031105	0.0	0.0	0.0	0.0	0.0	0.0	0.0	0.0	0.0
-12.55531105	0.0	0.0	0.0	0.0	0.0	0.0	0.0	0.0	0.0
-12.521311050000001	0.0	0.0	0.0	0.0	0.0	0.0	0.0	0.0	0.0
-12.487311049999999	0.0	0.0	0.0	0.0	0.0	0.0	0.0	0.0	0.0
-12.452311049999999	0.0	0.0	0.0	0.0	0.0	0.0	0.0	0.0	0.0
-12.41831105	0.0	0.0	0.0	0.0	0.0	0.0	0.0	0.0	0.0
-12.38431105	0.0	0.0	0.0	0.0	0.0	0.0	0.0	0.0	0.0
-12.34931105	0.0	0.0	0.0	0.0	0.0	0.0	0.0	0.0	0.0
-12.315311050000002	0.0	0.0	0.0	0.0	0.0	0.0	0.0	0.0	0.0
-12.28131105	0.0	0.0	0.0	0.0	0.0	0.0	0.0	0.0	0.0
-12.24631105	0.0	0.0	0.0	0.0	0.0	0.0	0.0	0.0	0.0
-12.21231105	0.0	0.0	0.0	0.0	0.0	0.0	0.0	0.0	0.0
-12.178311050000001	6.929627500000001e-15	1.0747981799999998e-15	1.35066512e-16	1.4216482499999999e-15	0.0	0.0	0.0	0.0	0.0
-12.144311049999999	3.6547137e-13	5.6690548999999986e-14	7.12424159e-15	7.49937242e-14	0.0	0.0	0.0	0.0	0.0
-12.109311049999999	1.3917375000000002e-11	2.1585821e-12	2.7125504e-13	2.85558231e-12	0.0	0.0	0.0	0.0	0.0
-12.07531105	4.204360400000001e-10	6.520614900000002e-11	8.194506900000002e-12	8.625288210000002e-11	0.0	0.0	0.0	0.0	0.0
-12.041311050000001	1.0065482e-08	1.5611876000000001e-09	1.9617843200000001e-10	2.0653589600000003e-09	0.0	0.0	0.0	0.0	0.0
-12.00631105	1.9101441000000002e-07	2.9628322999999996e-08	3.72316096e-09	3.9190921899999997e-08	0.0	0.0	0.0	0.0	0.0
-11.972311050000002	2.8740089999999995e-06	4.4577615999999995e-07	5.60129116e-08	5.89689404e-07	0.0	0.0	0.0	0.0	0.0
-11.93831105	3.4283832e-05	5.3175764000000005e-06	6.683109669999998e-07	7.034153430000001e-06	0.0	0.0	0.0	0.0	0.0
-11.90331105	0.00032443358	5.032152199999999e-05	6.322954840000001e-06	6.65651774e-05	0.0	0.0	0.0	0.0	0.0
-11.86931105	0.0024347033	0.00037763042999999996	4.74544367e-05	0.0004995814480000001	0.0	0.0	0.0	0.0	0.0
-11.835311050000001	0.014496902999999998	0.0022484184	0.00028255029100000004	0.00297404628	0.0	0.0	0.0	0.0	0.0
-11.800311050000001	0.06848593500000001	0.010622021599999998	0.00133476291	0.0140500388	0.0	0.0	0.0	0.0	0.0
-11.766311049999999	0.25675844999999997	0.03981694	0.005003510139999999	0.052683571	0.0	0.0	0.0	0.0	0.0
-11.73231105	0.7638991199999999	0.11847811100000001	0.014888029799999999	0.156729129	0.0	0.0	0.0	0.0	0.0
-11.698311050000001	1.8041024999999997	0.2798202	0.0351622018	0.370125442	0.0	0.0	0.0	0.0	0.0
-11.66331105	3.3817625999999996	0.52463805	0.06592060449999998	0.693935444	0.0	0.0	0.0	0.0	0.0
-11.629311050000002	5.032977900000001	0.7807102300000001	0.098103226	1.03260192	0.0	0.0	0.0	0.0	0.0
-11.59531105	5.9461438	0.9223512199999999	0.11591655500000002	1.2200958400000002	0.0	0.0	0.0	0.0	0.0
-11.56031105	5.5776791	0.8651710799999999	0.108725959	1.144481763	0.0	0.0	0.0	0.0	0.0
-11.52631105	4.1538764	0.6443214700000001	0.08097064599999998	0.852368938	0.0	0.0	0.0	0.0	0.0
-11.492311050000001	2.4558004	0.38096030000000003	0.0478675323	0.5039144329999999	0.0	0.0	0.0	0.0	0.0
-11.457311050000001	1.1526157000000001	0.17877579999999998	0.022464821400000005	0.23651145100000004	0.0	0.0	0.0	0.0	0.0
-11.423311049999999	0.42940462999999995	0.066600552	0.0083696533	0.0880993422	0.0	0.0	0.0	0.0	0.0
-11.38931105	0.12696023	0.019693027	0.0024747042000000004	0.026050199700000002	0.0	0.0	0.0	0.0	0.0
-11.355311050000001	0.029791844999999997	0.0046204717999999995	0.0005806830910000001	0.0061125453	0.0	0.0	0.0	0.0	0.0
-11.32031105	0.005548018999999999	0.0008604134900000002	0.00010810985100000002	0.0011380956809999999	0.0	0.0	0.0	0.0	0.0
-11.286311050000002	0.0008194786500000001	0.00012710081000000002	1.5972054299999998e-05	0.000168136433	0.0	0.0	0.0	0.0	0.0
-11.25231105	9.602655599999999e-05	1.4893667999999998e-05	1.87154711e-06	1.9706719800000004e-05	0.0	0.0	0.0	0.0	0.0
-11.21731105	8.925488200000002e-06	1.3844033e-06	1.73961434e-07	1.83120185e-06	0.0	0.0	0.0	0.0	0.0
-11.18331105	6.5784156e-07	1.0202747599999998e-07	1.2820892000000001e-08	1.34956014e-07	0.0	0.0	0.0	0.0	0.0
-11.149311050000001	3.8441074999999994e-08	5.962008600000001e-09	7.491759500000001e-10	7.886171179999999e-09	0.0	0.0	0.0	0.0	0.0
-11.114311050000001	1.7806762e-09	2.761958e-10	3.4706825699999995e-11	3.65333912e-10	0.0	0.0	0.0	0.0	0.0
-11.080311049999999	6.5376146e-11	1.01408126e-11	1.2742500999999998e-12	1.3414595099999999e-11	0.0	0.0	0.0	0.0	0.0
-11.04631105	1.9022333e-12	2.9500343e-13	3.70718174e-14	3.90206066e-13	0.0	0.0	0.0	0.0	0.0
-11.01131105	4.5037962e-14	6.9862427000000016e-15	8.7787228e-16	9.24119224e-15	0.0	0.0	0.0	0.0	0.0
-10.97731105	0.0	0.0	0.0	0.0	0.0	0.0	0.0	0.0	0.0
-10.943311050000002	0.0	0.0	0.0	0.0	0.0	0.0	0.0	0.0	0.0
-10.90931105	0.0	0.0	0.0	0.0	0.0	0.0	0.0	0.0	0.0
-10.87431105	0.0	0.0	0.0	0.0	0.0	0.0	0.0	0.0	0.0
-10.84031105	0.0	0.0	0.0	0.0	0.0	0.0	0.0	0.0	0.0
-10.806311050000001	0.0	0.0	0.0	0.0	0.0	0.0	0.0	0.0	0.0
-10.771311050000001	0.0	0.0	0.0	0.0	0.0	0.0	0.0	0.0	0.0
-10.737311049999999	0.0	0.0	0.0	0.0	0.0	0.0	0.0	0.0	0.0
-10.70331105	0.0	0.0	0.0	0.0	0.0	0.0	0.0	0.0	0.0
-10.66831105	0.0	0.0	0.0	0.0	0.0	0.0	0.0	0.0	0.0
-10.63431105	0.0	0.0	0.0	0.0	0.0	0.0	0.0	0.0	0.0
-10.600311050000002	0.0	0.0	0.0	0.0	0.0	0.0	0.0	0.0	0.0
-10.56631105	0.0	0.0	0.0	0.0	0.0	0.0	0.0	0.0	0.0
-10.53131105	0.0	0.0	0.0	0.0	0.0	0.0	0.0	0.0	0.0
-10.49731105	0.0	0.0	0.0	0.0	0.0	0.0	0.0	0.0	0.0
-10.463311050000002	0.0	0.0	0.0	0.0	0.0	0.0	0.0	0.0	0.0
-10.428311050000001	0.0	0.0	0.0	0.0	0.0	0.0	0.0	0.0	0.0
-10.394311049999999	0.0	0.0	0.0	0.0	0.0	0.0	0.0	0.0	0.0
-10.36031105	0.0	0.0	0.0	0.0	0.0	0.0	0.0	0.0	0.0
-10.32531105	0.0	0.0	0.0	0.0	0.0	0.0	0.0	0.0	0.0
-10.291311050000001	0.0	0.0	0.0	0.0	0.0	0.0	0.0	0.0	0.0
-10.257311050000002	0.0	0.0	0.0	0.0	0.0	0.0	0.0	0.0	0.0
-10.222311050000002	0.0	0.0	0.0	0.0	0.0	0.0	0.0	0.0	0.0
-10.18831105	0.0	0.0	0.0	0.0	0.0	0.0	0.0	0.0	0.0
-10.15431105	0.0	0.0	0.0	0.0	0.0	0.0	0.0	0.0	0.0
-10.120311050000002	1.3552369199999999e-15	2.36344165e-16	6.170105352e-17	1.0020480000000001e-15	0.0	0.0	0.0	0.0	0.0
-10.085311050000001	9.892929499999998e-14	1.72533822e-14	4.503704194000001e-15	7.3148674e-14	0.0	0.0	0.0	0.0	0.0
-10.051311049999999	3.981624000000001e-12	6.943352e-13	1.812755771e-13	2.9439201000000003e-12	0.0	0.0	0.0	0.0	0.0
-10.01731105	1.28476253e-10	2.2404737e-11	5.849902875e-12	9.498940999999998e-11	0.0	0.0	0.0	0.0	0.0
-9.98231105	3.2849683e-09	5.7284377e-10	1.4955402580000003e-10	2.4285335e-09	0.0	0.0	0.0	0.0	0.0
-9.948311050000001	6.6574355e-08	1.16101883e-08	3.030913762e-09	4.9220955000000003e-08	0.0	0.0	0.0	0.0	0.0
-9.91431105	1.0695321e-06	1.86515316e-07	4.869144624e-08	7.9077518e-07	0.0	0.0	0.0	0.0	0.0
-9.87931105	1.36262352e-05	2.3761291199999998e-06	6.204046791e-07	1.0074048999999996e-05	0.0	0.0	0.0	0.0	0.0
-9.845311050000001	0.00013765562700000002	2.40032712e-05	6.267276666e-06	0.00010177920999999999	0.0	0.0	0.0	0.0	0.0
-9.81131105	0.00110299267	0.00019234292500000004	5.021720502e-05	0.0008155328199999998	0.0	0.0	0.0	0.0	0.0
-9.77731105	0.007010668600000001	0.00122262531	0.00031920829520000005	0.0051835837	0.0	0.0	0.0	0.0	0.0
-9.74231105	0.035361267999999994	0.006166165800000001	0.001609736412	0.026143186000000002	0.0	0.0	0.0	0.0	0.0
-9.70831105	0.141516149	0.024679842699999996	0.006442677573	0.10463250999999997	0.0	0.0	0.0	0.0	0.0
-9.67431105	0.44948917	0.078380026	0.020462123050000003	0.33232586	0.0	0.0	0.0	0.0	0.0
-9.63931105	1.1331622200000002	0.19760476700000001	0.05158467664000001	0.8377850999999998	0.0	0.0	0.0	0.0	0.0
-9.605311050000001	2.2675791000000003	0.39544386000000004	0.1032375863	1.6764729999999999	0.0	0.0	0.0	0.0	0.0
-9.57131105	3.6022581000000002	0.62819588	0.1640122478	2.6637049000000004	0.0	0.0	0.0	0.0	0.0
-9.53631105	4.543296300000001	0.7922206800000001	0.20684763009999996	3.3588294999999997	0.0	0.0	0.0	0.0	0.0
-9.502311050000001	4.5489718	0.7933689	0.20710324140000003	3.363422199999999	0.0	0.0	0.0	0.0	0.0
-9.46831105	3.6161107000000006	0.6306077699999999	0.16463704650000002	2.6731798	0.0	0.0	0.0	0.0	0.0
-9.43331105	2.2819629	0.39794876	0.10390529609999999	1.6871667999999997	0.0	0.0	0.0	0.0	0.0
-9.39931105	1.1432094099999999	0.199366777	0.052040568179999996	0.84522116	0.0	0.0	0.0	0.0	0.0
-9.36531105	0.45463391	0.07928613500000001	0.02069780363	0.3361738099999999	0.0	0.0	0.0	0.0	0.0
-9.33131105	0.143515965	0.025025744700000005	0.006533224678999999	0.10610545	0.0	0.0	0.0	0.0	0.0
-9.29631105	0.035948311999999996	0.0062688022	0.001636592324	0.026577565000000004	0.0	0.0	0.0	0.0	0.0
-9.262311050000001	0.007145561700000001	0.00124616709	0.00032535277239999997	0.0052839131999999995	0.0	0.0	0.0	0.0	0.0
-9.22831105	0.0011269736099999998	0.000196540136	5.131539430999999e-05	0.0008333517799999999	0.0	0.0	0.0	0.0	0.0
-9.19331105	0.000140999686	2.45909121e-05	6.41944368e-06	0.00010425661999999997	0.0	0.0	0.0	0.0	0.0
-9.159311050000001	1.3993818299999999e-05	2.440449e-06	6.371218850000001e-07	1.0346864e-05	0.0	0.0	0.0	0.0	0.0
-9.12531105	1.1053956e-06	1.9291834600000002e-07	5.060696e-08	8.1552572e-07	0.0	0.0	0.0	0.0	0.0
-9.09031105	1.526654e-07	2.9384538000000003e-08	1.2461469999999999e-08	7.597601000000001e-08	0.0	0.0	0.0	0.0	0.0
-9.05631105	1.3413869999999998e-06	2.7793069999999995e-07	1.489209e-07	4.0368711000000004e-07	0.0	0.0	0.0	0.0	0.0
-9.02231105	1.69091e-05	3.505289e-06	1.8802779999999998e-06	5.070610500000001e-06	0.0	0.0	0.0	0.0	0.0
-8.98831105	0.0001694845	3.514205e-05	1.884627e-05	5.0811711000000004e-05	0.0	0.0	0.0	0.0	0.0
-8.95331105	0.0013474420000000001	0.0002793582	0.00014982070000000002	0.00040403535	0.0	0.0	0.0	0.0	0.0
-8.919311050000001	0.008498019	0.0017616785	0.0009449800000000001	0.0025478939999999998	0.0	0.0	0.0	0.0	0.0
-8.88531105	0.042524769999999996	0.008815171000000002	0.0047279439999999995	0.0127499684	0.0	0.0	0.0	0.0	0.0
-8.85031105	0.16885309999999998	0.03500304	0.018775780000000002	0.05061938	0.0	0.0	0.0	0.0	0.0
-8.81631105	0.5321049	0.11031070000000001	0.05916351	0.15953763699999998	0.0	0.0	0.0	0.0	0.0
-8.78231105	1.3309579999999999	0.2758884	0.1479885	0.39908885	0.0	0.0	0.0	0.0	0.0
-8.74731105	2.642565	0.5478609999999999	0.2938321	0.79242568	0.0	0.0	0.0	0.0	0.0
-8.71331105	4.16521	0.8635785	0.4631268	1.24885375	0.0	0.0	0.0	0.0	0.0
-8.67931105	5.212192000000001	1.0805323999999998	0.5794592999999999	1.5626969099999999	0.0	0.0	0.0	0.0	0.0
-8.64431105	5.177812	1.0733972999999999	0.5757134	1.55250483	0.0	0.0	0.0	0.0	0.0
-8.61031105	4.084026999999999	0.8465802	0.45416900000000004	1.2244173699999998	0.0	0.0	0.0	0.0	0.0
-8.576311050000001	2.5570980000000003	0.5301754999999999	0.28431249999999997	0.7666427200000001	0.0	0.0	0.0	0.0	0.0
-8.54231105	1.2709810000000001	0.26349940000000005	0.1413296	0.38109220999999993	0.0	0.0	0.0	0.0	0.0
-8.50731105	0.5015137000000001	0.10396994999999999	0.055767779999999996	0.150361615	0.0	0.0	0.0	0.0	0.0
-8.47331105	0.15705320000000003	0.03255647	0.01746392	0.04708786899999999	0.0	0.0	0.0	0.0	0.0
-8.43931105	0.03903517000000001	0.008092833	0.004339959	0.0117032239	0.0	0.0	0.0	0.0	0.0
-8.40431105	0.007699147000000001	0.0015960807	0.000855939	0.0023077755	0.0	0.0	0.0	0.0	0.0
-8.37031105	0.0012047380000000001	0.00024974432	0.0001339546	0.00036115314000000005	0.0	0.0	0.0	0.0	0.0
-8.33631105	0.0001495425	3.1007010000000004e-05	1.662766e-05	4.4839221000000014e-05	0.0	0.0	0.0	0.0	0.0
-8.30131105	1.4723870000000001e-05	3.05279e-06	1.6372290000000001e-06	4.415034599999999e-06	0.0	0.0	0.0	0.0	0.0
-8.26731105	1.149599e-06	2.3834957e-07	1.2783040000000002e-07	3.4470361000000003e-07	0.0	0.0	0.0	0.0	0.0
-8.233311050000001	7.117409000000001e-08	1.475526e-08	7.91311e-09	2.1341868999999998e-08	0.0	0.0	0.0	0.0	0.0
-8.19931105	3.493501e-09	7.242069999999999e-10	3.884236e-10	1.04740819e-09	0.0	0.0	0.0	0.0	0.0
-8.16431105	1.359115e-10	2.816942e-11	1.510981e-11	4.0745220999999996e-11	0.0	0.0	0.0	0.0	0.0
-8.13031105	4.188029999999999e-12	8.683646999999999e-13	4.656630999999999e-13	1.2556503400000001e-12	0.0	0.0	0.0	0.0	0.0
-8.09631105	1.0532409999999999e-13	2.1834207999999994e-14	1.1710300000000001e-14	3.1575650000000003e-14	0.0	0.0	0.0	0.0	0.0
-8.06131105	0.0	0.0	0.0	0.0	0.0	0.0	0.0	0.0	0.0
-8.02731105	0.0	0.0	0.0	0.0	0.0	0.0	0.0	0.0	0.0
-7.993311050000001	0.0	0.0	0.0	0.0	0.0	0.0	0.0	0.0	0.0
-7.958311050000001	0.0	0.0	0.0	0.0	0.0	0.0	0.0	0.0	0.0
-7.92431105	0.0	0.0	0.0	0.0	0.0	0.0	0.0	0.0	0.0
-7.890311050000001	0.0	0.0	0.0	0.0	0.0	0.0	0.0	0.0	0.0
-7.855311050000001	4.274946757000001e-15	4.0234937999999995e-15	3.1807822800000004e-15	4.970639077e-15	0.0	0.0	0.0	0.0	0.0
-7.82131105	1.8381197556000002e-13	1.7300882899999996e-13	1.367759981e-13	2.1374830931e-13	0.0	0.0	0.0	0.0	0.0
-7.78731105	6.867743823e-12	6.46457114e-12	5.11017499e-12	7.986143637e-12	0.0	0.0	0.0	0.0	0.0
-7.753311050000001	2.0288328339999998e-10	1.9098838400000003e-10	1.5096310779999995e-10	2.3593170858e-10	0.0	0.0	0.0	0.0	0.0
-7.7183110500000005	4.750386952999999e-09	4.4714042699999995e-09	3.5346689899999996e-09	5.525188208e-09	0.0	0.0	0.0	0.0	0.0
-7.68431105	8.818512624999997e-08	8.300549420000002e-08	6.56159955e-08	1.0253760084000003e-07	0.0	0.0	0.0	0.0	0.0
-7.650311050000001	1.2975545334000003e-06	1.2213607300000001e-06	9.654904409999999e-07	1.5088629103999999e-06	0.0	0.0	0.0	0.0	0.0
-7.615311050000001	1.5139807224e-05	1.4250570400000001e-05	1.1264805120000003e-05	1.7606050455999998e-05	0.0	0.0	0.0	0.0	0.0
-7.58131105	0.00014011187759000002	0.00013188051099999998	0.000104246934	0.00016293615607	0.0	0.0	0.0	0.0	0.0
-7.547311050000001	0.0010284664228	0.00096801945	0.000765136376	0.0011959328597000002	0.0	0.0	0.0	0.0	0.0
-7.512311050000001	0.005989620462000001	0.005637926529999999	0.00445651249	0.006965424809999999	0.0	0.0	0.0	0.0	0.0
-7.47831105	0.02767476138	0.026051446099999997	0.0205909219	0.03218209145	0.0	0.0	0.0	0.0	0.0
-7.44431105	0.10146893171	0.09551299300000002	0.0754986105	0.1180000993	0.0	0.0	0.0	0.0	0.0
-7.410311050000001	0.2953634214	0.278021167	0.219726201	0.3434237935	0.0	0.0	0.0	0.0	0.0
-7.3753110500000005	0.6821953804	0.642171092	0.5075872889999999	0.7932626113999999	0.0	0.0	0.0	0.0	0.0
-7.34131105	1.2509173141999999	1.1774468700000003	0.930758144	1.4546291178000001	0.0	0.0	0.0	0.0	0.0
-7.307311050000001	1.8210437485999997	1.7142348399999998	1.3550576349999999	2.1176812848	0.0	0.0	0.0	0.0	0.0
-7.272311050000001	2.1045738651000003	1.9809031700000002	1.5659723140000001	2.4474697229999998	0.0	0.0	0.0	0.0	0.0
-7.23831105	1.9310247938000002	1.81707616	1.436711553	2.2454484382000004	0.0	0.0	0.0	0.0	0.0
-7.204311050000001	1.4065636781999997	1.3239819100000003	1.046581715	1.6356915734	0.0	0.0	0.0	0.0	0.0
-7.169311050000001	0.8134578344	0.7657080810000001	0.605284981	0.9458146051999999	0.0	0.0	0.0	0.0	0.0
-7.13531105	0.3733943535	0.35151557299999997	0.277840578	0.43420905139999993	0.0	0.0	0.0	0.0	0.0
-7.10131105	0.13605332595	0.128083439	0.10123196509999999	0.15822824211	0.0	0.0	0.0	0.0	0.0
-7.0663110499999995	0.039352676649999994	0.0370443789	0.029283995699999996	0.045763273130000004	0.0	0.0	0.0	0.0	0.0
-7.032311050000001	0.0090316721	0.0085012884	0.00672009215	0.010503016102999998	0.0	0.0	0.0	0.0	0.0
-6.99831105	0.0016536197400000001	0.00155617787	0.001230218462	0.001916554911	0.0	0.0	0.0	0.0	0.0
-6.964311050000001	0.00032484200000000005	0.00030235876	0.00023985520899999998	0.00031397551	0.0	0.0	0.0	0.0	0.0
-6.929311050000001	0.0007109284999999998	0.0006426145	0.000514540545	0.00032670916	0.0	0.0	0.0	0.0	0.0
-6.89531105	0.0042561304000000005	0.0038402782	0.00307670135	0.0018386532599999998	0.0	0.0	0.0	0.0	0.0
-6.861311050000001	0.020993667299999994	0.018944123	0.015177551269999999	0.009060081999999997	0.0	0.0	0.0	0.0	0.0
-6.826311050000001	0.08223501500000001	0.07419579	0.059443140299999996	0.035485895899999995	0.0	0.0	0.0	0.0	0.0
-6.79231105	0.2556128900000001	0.23064611	0.18478062680000001	0.11030540500000001	0.0	0.0	0.0	0.0	0.0
-6.75831105	0.6306838800000001	0.5691215	0.455930651	0.272217129	0.0	0.0	0.0	0.0	0.0
-6.7233110499999995	1.23506564	1.1145712	0.893014464	0.53299127	0.0	0.0	0.0	0.0	0.0
-6.689311050000001	1.92057485	1.7329115999999998	1.3884193249999999	0.8287557799999998	0.0	0.0	0.0	0.0	0.0
-6.65531105	2.3704359999999993	2.1389829	1.713836561	1.02309924	0.0	0.0	0.0	0.0	0.0
-6.621311050000001	2.3229322100000003	2.0961169	1.6794142	1.00246897	0.0	0.0	0.0	0.0	0.0
-6.586311050000001	1.80722548	1.6307768999999999	1.306537829	0.7799316499999999	0.0	0.0	0.0	0.0	0.0
-6.55231105	1.1163352499999997	1.0074592	0.807111783	0.48171087	0.0	0.0	0.0	0.0	0.0
-6.518311050000001	0.5482617000000001	0.49483119999999997	0.39653626599999997	0.236443421	0.0	0.0	0.0	0.0	0.0
-6.483311050000001	0.2188088	0.19785159	0.15919372400000004	0.09306645699999999	0.0	0.0	0.0	0.0	0.0
-6.44931105	0.09353539999999999	0.08636075	0.072433434	0.033846321	0.0	0.0	0.0	0.0	0.0
-6.41531105	0.1214261	0.116992055	0.10603728	0.027630375	0.0	0.0	0.0	0.0	0.0
-6.3803110499999995	0.3203861	0.31147488900000003	0.286617665	0.063629885	0.0	0.0	0.0	0.0	0.0
-6.346311050000001	0.7592150999999999	0.73862453	0.68048697	0.14915169279999999	0.0	0.0	0.0	0.0	0.0
-6.31231105	1.4406375	1.40171675	1.29125834	0.2828478261	0.0	0.0	0.0	0.0	0.0
-6.27731105	2.1719580000000005	2.11394822	1.9466877799999995	0.4268966713	0.0	0.0	0.0	0.0	0.0
-6.243311050000001	2.602252	2.5357927800000004	2.33249518	0.51432203	0.0	0.0	0.0	0.0	0.0
-6.20931105	2.4887180000000004	2.4389208	2.23110294	0.504872984	0.0	0.0	0.0	0.0	0.0
-6.175311050000001	1.9388310000000004	1.9524543500000002	1.7396266999999999	0.44097592	0.0	0.0	0.0	0.0	0.0
-6.140311050000001	1.3427269999999998	1.49932622	1.2085631000000001	0.44082903000000007	0.0	0.0	0.0	0.0	0.0
-6.10631105	1.0617950000000003	1.4826752	0.9639973000000002	0.6213379	0.0	0.0	0.0	0.0	0.0
-6.07231105	1.1840248	1.98396271	1.0837626	0.99611661	0.0	0.0	0.0	0.0	0.0
-6.03731105	1.5048300000000001	2.68474711	1.3816872999999998	1.41660072	0.0	0.0	0.0	0.0	0.0
-6.003311050000001	1.69825002	3.07562853	1.5607037	1.6401682599999998	0.0	0.0	0.0	0.0	0.0
-5.96931105	1.5609912570000002	2.83553281	1.434688	1.51544732	0.0	0.0	0.0	0.0	0.0
-5.93431105	1.1451560630000002	2.080992419	1.0525575000000003	1.1130024199999997	0.0	0.0	0.0	0.0	0.0
-5.900311050000001	0.6675363394	1.213589772	0.61362286	0.6490348399999999	0.0	0.0	0.0	0.0	0.0
-5.86631105	0.30906031375000004	0.5617624019999999	0.28407328000000004	0.30044310500000004	0.0	0.0	0.0	0.0	0.0
-5.8323110499999995	0.113573981259	0.20644429470000003	0.10439683	0.110415098	0.0	0.0	0.0	0.0	0.0
-5.797311050000001	0.0331263941423	0.0602207352	0.030447457000000004	0.0322004548	0.0	0.0	0.0	0.0	0.0
-5.76331105	0.00766645502236	0.01393677071	0.007046519	0.0074544815	0.0	0.0	0.0	0.0	0.0
-5.72931105	0.001408170403715	0.002559335104	0.0012944578	0.0013690715599999998	0.0	0.0	0.0	0.0	0.0
-5.69431105	0.00020518571055210002	0.00037298177219999995	0.00018860811000000002	0.000199500167	0.0	0.0	0.0	0.0	0.0
-5.660311050000001	2.3718145658400003e-05	4.311215755000001e-05	2.1801493999999998e-05	2.30623466e-05	0.0	0.0	0.0	0.0	0.0
-5.62631105	2.18900457e-06	3.969998699999999e-06	2.0172801e-06	2.1308639899999994e-06	0.0	0.0	0.0	0.0	0.0
-5.59131105	4.0296039999999997e-07	5.8406885e-07	4.5485028000000004e-07	4.347518899999999e-07	0.0	0.0	0.0	0.0	0.0
-5.557311050000001	3.2456775999999997e-06	3.939209913e-06	4.1005264e-06	3.7239861000000007e-06	0.0	0.0	0.0	0.0	0.0
-5.52331105	3.391993400000001e-05	4.111182754e-05	4.28890912e-05	3.893791e-05	0.0	0.0	0.0	0.0	0.0
-5.48831105	0.00028197228	0.0003417164449	0.00035647759880000005	0.0003236869	0.0	0.0	0.0	0.0	0.0
-5.454311050000001	0.0018595130000000001	0.0022535299557000003	0.002350916421	0.0021345109000000004	0.0	0.0	0.0	0.0	0.0
-5.4203110500000005	0.0097290579	0.011789873	0.01230113007	0.011167113000000001	0.0	0.0	0.0	0.0	0.0
-5.38631105	0.040388688	0.04894463076	0.0510664583	0.046362719999999996	0.0	0.0	0.0	0.0	0.0
-5.35131105	0.13308869	0.16127163840000003	0.16825400240000002	0.15277139	0.0	0.0	0.0	0.0	0.0
-5.317311050000001	0.34800912000000006	0.4217417789	0.440040763	0.3995185	0.0	0.0	0.0	0.0	0.0
-5.28331105	0.7224838399999999	0.8754465713000001	0.913346356	0.8292865	0.0	0.0	0.0	0.0	0.0
-5.24831105	1.19051672	1.4425369119	1.5051379470000004	1.3665995	0.0	0.0	0.0	0.0	0.0
-5.214311050000001	1.5574469999999996	1.8873707005	1.9690487940000003	1.7878277	0.0	0.0	0.0	0.0	0.0
-5.18031105	1.6175611	1.9601349315000003	2.044959899	1.8568951	0.0	0.0	0.0	0.0	0.0
-5.14531105	1.3338241999999996	1.6163514866	1.686293236	1.5309941	0.0	0.0	0.0	0.0	0.0
-5.111311050000001	0.8731200600000002	1.0580815633	1.103837792	1.0021801000000001	0.0	0.0	0.0	0.0	0.0
-5.0773110500000005	0.45382346	0.5498448837000001	0.573709506	0.520937	0.0	0.0	0.0	0.0	0.0
-5.04231105	0.18743794000000005	0.22713045799999998	0.237056548	0.21533265	0.0	0.0	0.0	0.0	0.0
-5.00831105	0.06294977	0.076222595	0.08022075000000001	0.07345541	0.0	0.0	0.0	0.0	0.0
-4.974311050000001	0.024528700000000004	0.029401967	0.03422853	0.03427123	0.0	0.0	0.0	0.0	0.0
-4.94031105	0.03846369	0.04529167	0.061781420000000004	0.06915553499999999	0.0	0.0	0.0	0.0	0.0
-4.90531105	0.11472136000000001	0.13474771	0.18774363299999997	0.212869435	0.0	0.0	0.0	0.0	0.0
-4.871311050000001	0.2942546	0.34554450000000003	0.48209583999999994	0.5469318219999999	0.0	0.0	0.0	0.0	0.0
-4.83731105	0.60165765	0.7064514	0.9855516800000002	1.1182546089999998	0.0	0.0	0.0	0.0	0.0
-4.80231105	0.9766030999999998	1.1469224	1.5999440800000002	1.8155311	0.0	0.0	0.0	0.0	0.0
-4.768311050000001	1.2586737199999998	1.4781889	2.06205272	2.3396893800000003	0.0	0.0	0.0	0.0	0.0
-4.7343110500000005	1.2879005900000002	1.5124324	2.10986292	2.39400464	0.0	0.0	0.0	0.0	0.0
-4.69931105	1.0462738200000001	1.2286809	1.7139664699999997	1.9447677499999998	0.0	0.0	0.0	0.0	0.0
-4.66531105	0.6746862899999999	0.7923796000000001	1.10536309	1.2542941740000002	0.0	0.0	0.0	0.0	0.0
-4.631311050000001	0.3454315300000001	0.40560895	0.565870932	0.6421327970000001	0.0	0.0	0.0	0.0	0.0
-4.59731105	0.14038534	0.16483379999999997	0.22997751099999997	0.26095018999999997	0.0	0.0	0.0	0.0	0.0
-4.56231105	0.045278569	0.053180102	0.07418597769999999	0.08417738179999999	0.0	0.0	0.0	0.0	0.0
-4.528311050000001	0.011592946299999997	0.013614825	0.0189902206	0.0215488002	0.0	0.0	0.0	0.0	0.0
-4.49431105	0.0023649638	0.0027774325000000004	0.00387222374	0.00438610281	0.0	0.0	0.0	0.0	0.0
-4.45931105	0.00047392146000000004	0.0005601341000000001	0.00076173066	0.00078357807	0.0	0.0	0.0	0.0	0.0
-4.425311050000001	0.0007551212000000002	0.0009137540499999999	0.0011281674	0.00067455351	0.0	0.0	0.0	0.0	0.0
-4.3913110500000005	0.0042052042	0.005097649500000001	0.0062411687	0.00348323065	0.0	0.0	0.0	0.0	0.0
-4.35631105	0.019806411000000003	0.024018224799999998	0.0293928123	0.016381435344000002	0.0	0.0	0.0	0.0	0.0
-4.32231105	0.07411888000000001	0.089868069	0.10999566418999998	0.0612961914904	0.0	0.0	0.0	0.0	0.0
-4.288311050000001	0.22014746000000002	0.266957672	0.3266982645	0.1820681808478	0.0	0.0	0.0	0.0	0.0
-4.253311050000001	0.5189511499999999	0.6291793399999999	0.7701331585000001	0.42915594197400003	0.0	0.0	0.0	0.0	0.0
-4.21931105	0.9712740000000001	1.1775007300000002	1.4413590823	0.8032310536939999	0.0	0.0	0.0	0.0	0.0
-4.185311050000001	1.4429584999999998	1.7495717	2.1411557630000004	1.1933674654979998	0.0	0.0	0.0	0.0	0.0
-4.15131105	1.7019695999999997	2.06346981	2.525546635	1.4074832666019998	0.0	0.0	0.0	0.0	0.0
-4.11631105	1.5935367	1.9323561999999999	2.364773768	1.3179943673240002	0.0	0.0	0.0	0.0	0.0
-4.0823110499999995	1.1851395000000002	1.43812298	1.7585073086	0.9799915242400001	0.0	0.0	0.0	0.0	0.0
-4.048311050000001	0.7021702	0.85848939	1.0398383014	0.57929578219	0.0	0.0	0.0	0.0	0.0
-4.01331105	0.34268242000000004	0.44958338	0.4969754039	0.27653033009999994	0.0	0.0	0.0	0.0	0.0
-3.9793110499999997	0.1802887	0.349506584	0.22285672299999998	0.122389852	0.0	0.0	0.0	0.0	0.0
-3.945311050000001	0.21463860000000004	0.6602438999999999	0.18193859199999998	0.09589328099999998	0.0	0.0	0.0	0.0	0.0
-3.9103110500000007	0.44180699999999995	1.505897488	0.32428901300000007	0.16742100099999999	0.0	0.0	0.0	0.0	0.0
-3.87631105	0.8361489999999999	2.881318994	0.6027409700000002	0.31023728	0.0	0.0	0.0	0.0	0.0
-3.842311050000001	1.2758129	4.4013979459999995	0.9180008000000001	0.47252729	0.0	0.0	0.0	0.0	0.0
-3.8083110500000004	1.5493883	5.340525496	1.11401691	0.5742712799999999	0.0	0.0	0.0	0.0	0.0
-3.77331105	1.5018785000000001	5.1462373359999996	1.07525303	0.5595619199999999	0.0	0.0	0.0	0.0	0.0
-3.7393110499999995	1.1915816000000001	3.9415851600000003	0.8323614799999999	0.45729676999999996	0.0	0.0	0.0	0.0	0.0
-3.7053110500000006	0.8800918999999999	2.41798837	0.54237077	0.38491403	0.0	0.0	0.0	0.0	0.0
-3.6703110500000005	0.8783585	1.2367369	0.36888140999999997	0.49677446000000003	0.0	0.0	0.0	0.0	0.0
-3.6363110499999998	1.3836132000000003	0.6379572	0.3918829	0.90848324	0.0	0.0	0.0	0.0	0.0
-3.602311050000001	2.3471703	0.4990582	0.5938125000000001	1.60063289	0.0	0.0	0.0	0.0	0.0
-3.5673110500000007	3.4152359000000008	0.5801733	0.8958174999999999	2.35754026	0.0	0.0	0.0	0.0	0.0
-3.53331105	4.1013728	0.6921253	1.228838	2.8729032	0.0	0.0	0.0	0.0	0.0
-3.499311050000001	4.174003100000002	0.7583850000000001	1.6034	3.0111219	0.0	0.0	0.0	0.0	0.0
-3.464311050000001	3.829399	0.794071	2.062949	2.9078535	0.0	0.0	0.0	0.0	0.0
-3.4303110500000003	3.3953834	0.8199589	2.5231209999999997	2.7486939	0.0	0.0	0.0	0.0	0.0
-3.3963110499999996	2.953978	0.8019373000000001	2.7246846	2.5213741	0.0	0.0	0.0	0.0	0.0
-3.3623110500000006	2.3822768	0.6902908999999999	2.4574683	2.097296	0.0	0.0	0.0	0.0	0.0
-3.3273110500000005	1.6585609899999998	0.49496927	1.7974504	1.4814101	0.0	0.0	0.0	0.0	0.0
-3.29331105	0.95192995	0.28767488	1.0528486000000001	0.85538759	0.0	0.0	0.0	0.0	0.0
-3.259311050000001	0.44051256000000005	0.13379264	0.49117775999999996	0.39684137999999997	0.0	0.0	0.0	0.0	0.0
-3.2243110500000007	0.16285136300000003	0.049555096	0.18212172	0.14685034	0.0	0.0	0.0	0.0	0.0
-3.19031105	0.04789702499999999	0.014583699899999998	0.05362509	0.043200252999999994	0.0	0.0	0.0	0.0	0.0
-3.156311050000001	0.0111899381	0.0034083819	0.012535141	0.0100949725	0.0	0.0	0.0	0.0	0.0
-3.121311050000001	0.0020754374799999997	0.00063241477	0.0023249929	0.00187235821	0.0	0.0	0.0	0.0	0.0
-3.0873110500000003	0.00030985709	9.736232299999999e-05	0.00034435368000000004	0.00027672054999999996	0.0	0.0	0.0	0.0	0.0
-3.0533110499999996	8.348013e-05	5.7240751e-05	6.396961000000001e-05	4.5119632e-05	0.0	0.0	0.0	0.0	0.0
-3.0193110500000007	0.0004093988160000001	0.000394531219	0.00020777034	0.00011306637	0.0	0.0	0.0	0.0	0.0
-2.9843110500000005	0.002736019046	0.0026494684699999997	0.0013763158600000002	0.000742609	0.0	0.0	0.0	0.0	0.0
-2.95031105	0.014640222040000001	0.01415372227	0.0073770897000000005	0.003979628	0.0	0.0	0.0	0.0	0.0
-2.916311050000001	0.062298240799999995	0.060022971	0.031481326000000004	0.016986777	0.0	0.0	0.0	0.0	0.0
-2.8813110500000008	0.211192424	0.202205743	0.107374038	0.05794650999999999	0.0	0.0	0.0	0.0	0.0
-2.84731105	0.5727007119999998	0.54161571	0.29450016	0.15898064999999997	0.0	0.0	0.0	0.0	0.0
-2.813311050000001	1.2507675500000004	1.155115618	0.6567079100000001	0.35473479999999996	0.0	0.0	0.0	0.0	0.0
-2.778311050000001	2.22708785	1.96879107	1.2128557100000001	0.6555840000000001	0.0	0.0	0.0	0.0	0.0
-2.7443110500000003	3.2961430000000007	2.69665991	1.90221254	1.0296826000000001	0.0	0.0	0.0	0.0	0.0
-2.7103110499999996	4.163928000000001	2.99968653	2.6032878999999998	1.4116164	0.0	0.0	0.0	0.0	0.0
-2.6753110500000012	4.607275000000001	2.7571523	3.1577531	1.7154436999999998	0.0	0.0	0.0	0.0	0.0
-2.6413110500000005	4.5204002999999995	2.1465707999999997	3.3743977000000003	1.8357176	0.0	0.0	0.0	0.0	0.0
-2.60731105	3.8953622	1.45464239	3.10144821	1.6895698	0.0	0.0	0.0	0.0	0.0
-2.573311050000001	2.8748223	0.87310112	2.3881944500000003	1.3015187	0.0	0.0	0.0	0.0	0.0
-2.538311050000001	1.7687376	0.462338007	1.5060567399999998	0.8212581999999998	0.0	0.0	0.0	0.0	0.0
-2.50431105	0.8889196000000001	0.211261021	0.76744539	0.41850153	0.0	0.0	0.0	0.0	0.0
-2.470311050000001	0.36030521	0.08101706	0.313256139	0.17084928400000002	0.0	0.0	0.0	0.0	0.0
-2.435311050000001	0.11687136199999999	0.0255004648	0.10200335600000002	0.05563082099999999	0.0	0.0	0.0	0.0	0.0
-2.4013110500000003	0.03022075800000001	0.006491415	0.026445874799999998	0.014415386099999998	0.0	0.0	0.0	0.0	0.0
-2.3673110499999996	0.006223276300000001	0.001357307	0.0056455941999999995	0.0029825287999999998	0.0	0.0	0.0	0.0	0.0
-2.3323110499999995	0.0010925356399999996	0.0004852862	0.0025232934	0.0006050719	0.0	0.0	0.0	0.0	0.0
-2.2983110500000006	0.0006190796999999998	0.0017230219	0.010375425360000001	0.00081779219	0.0	0.0	0.0	0.0	0.0
-2.26431105	0.002444537	0.0084492894	0.05111722023	0.00376861889	0.0	0.0	0.0	0.0	0.0
-2.230311050000001	0.009639845999999997	0.0334190138	0.20202106539999998	0.014898206119999998	0.0	0.0	0.0	0.0	0.0
-2.195311050000001	0.0304779	0.10511447900000001	0.6341441643000002	0.0469501439	0.0	0.0	0.0	0.0	0.0
-2.16131105	0.07744172999999999	0.26352779699999995	1.581375264	0.1182804788	0.0	0.0	0.0	0.0	0.0
-2.127311050000001	0.16088108000000004	0.5301578640000001	3.1395984660000003	0.24072752599999997	0.0	0.0	0.0	0.0	0.0
-2.092311050000001	0.2836172	0.8688137199999999	4.980761897999999	0.405650929	0.0	0.0	0.0	0.0	0.0
-2.0583110500000004	0.4519238	1.19947465	6.37944881	0.59352464	0.0	0.0	0.0	0.0	0.0
-2.0243110499999997	0.6942649	1.48055674	6.75142452	0.808394304	0.0	0.0	0.0	0.0	0.0
-1.9893110499999995	1.0377816000000002	1.74849563	6.18184009	1.0755090509999998	0.0	0.0	0.0	0.0	0.0
-1.9553110500000006	1.4256761999999998	2.0166653	5.247483889999999	1.3674804889999999	0.0	0.0	0.0	0.0	0.0
-1.9213110500000008	1.6830293000000003	2.1610812	4.346406515	1.5515150100000001	0.0	0.0	0.0	0.0	0.0
-1.8863110500000007	1.6353213000000004	2.0079985999999996	3.451521861	1.481390804	0.0	0.0	0.0	0.0	0.0
-1.85231105	1.2806089999999997	1.5432519999999998	2.4561229429999996	1.151728919	0.0	0.0	0.0	0.0	0.0
-1.8183110500000002	0.8010325999999999	0.95789736	1.474608333	0.7183148420000001	0.0	0.0	0.0	0.0	0.0
-1.7843110500000003	0.3987397	0.4753556	0.721877432	0.357129023	0.0	0.0	0.0	0.0	0.0
-1.7493110500000002	0.15769294000000003	0.18778448	0.28359428309999996	0.1411788605	0.0	0.0	0.0	0.0	0.0
-1.7153110500000004	0.04952110999999999	0.058952265000000004	0.08882517565	0.04433350613	0.0	0.0	0.0	0.0	0.0
-1.6813110500000006	0.012345032000000002	0.014690342999999998	0.022116794710000002	0.011050054901	0.0	0.0	0.0	0.0	0.0
-1.6463110500000004	0.0024419054999999996	0.0029057339	0.0043731578649999995	0.0021857744087	0.0	0.0	0.0	0.0	0.0
-1.6123110500000006	0.0003832420999999999	0.00045606632000000006	0.0006861363563	0.00034305601217999996	0.0	0.0	0.0	0.0	0.0
-1.57831105	4.771618e-05	5.6790795e-05	8.544126107e-05	4.27071543741e-05	0.0	0.0	0.0	0.0	0.0
-1.5433110500000007	4.71261e-06	5.607814e-06	8.437096346e-06	4.21793803585e-06	0.0	0.0	0.0	0.0	0.0
-1.50931105	3.6907289999999994e-07	4.3915355999999996e-07	6.607374416999999e-07	3.3033573613400005e-07	0.0	0.0	0.0	0.0	0.0
-1.4753110500000002	2.2917382000000002e-08	2.7271040000000003e-08	4.103424808e-08	2.0510372164699997e-08	0.0	0.0	0.0	0.0	0.0
-1.4413110500000004	1.1281478999999998e-09	1.3425399999999998e-09	2.0199692159999997e-09	1.00974802914e-09	0.0	0.0	0.0	0.0	0.0
-1.4063110500000002	4.402378999999999e-11	5.238081100000001e-11	7.882128134e-11	3.9404714278599996e-11	0.0	0.0	0.0	0.0	0.0
-1.3723110500000004	1.3600243000000002e-12	1.6183537e-12	2.43516622e-12	1.2172403626079998e-12	0.0	0.0	0.0	0.0	0.0
-1.3383110500000006	3.457850000000001e-14	4.1147174000000004e-14	6.190583082e-14	3.09496431188e-14	0.0	0.0	0.0	0.0	0.0
-1.3033110500000005	7.484007000000003e-16	5.754726638e-15	5.8833578854e-16	2.3145853484e-14	0.0	0.0	0.0	0.0	0.0
-1.2693110500000007	3.2068039999999996e-14	2.465382561e-13	2.52106465531e-14	9.919000076000002e-13	0.0	0.0	0.0	0.0	0.0
-1.23531105	1.1508990000000001e-12	8.84906639e-12	9.0469650836e-13	3.559766977e-11	0.0	0.0	0.0	0.0	0.0
-1.2003110500000007	3.272063e-11	2.515884265e-10	2.57214337258e-11	1.01209580886e-09	0.0	0.0	0.0	0.0	0.0
-1.16631105	7.372582000000002e-10	5.6681435630000004e-09	5.7965569833e-10	2.2806984173999998e-08	0.0	0.0	0.0	0.0	0.0
-1.1323110500000002	1.3169521000000001e-08	1.012613827e-07	1.03528302559e-08	4.0740542021999995e-07	0.0	0.0	0.0	0.0	0.0
-1.09731105	1.8651643e-07	1.434000083e-06	1.4662133162399997e-07	5.769343474900001e-06	0.0	0.0	0.0	0.0	0.0
-1.0633110500000003	2.094465e-06	1.610358364e-05	1.6464221057e-06	6.478787175999998e-05	0.0	0.0	0.0	0.0	0.0
-1.0293110500000004	1.8653994999999998e-05	0.00014343018060000002	1.46635542625e-05	0.0005770456696	0.0	0.0	0.0	0.0	0.0
-0.9953110500000006	0.00013178127	0.001013339332	0.000103596013761	0.004076405792400001	0.0	0.0	0.0	0.0	0.0
-0.9603110500000005	0.0007387434999999999	0.005679511529	0.00058076612136	0.022851706426000002	0.0	0.0	0.0	0.0	0.0
-0.9263110500000007	0.0032855280000000002	0.025258838299999996	0.0025831133958799995	0.101626558784	0.0	0.0	0.0	0.0	0.0
-0.89231105	0.011595514999999999	0.0891611874	0.009114871546099999	0.35868263914000004	0.0	0.0	0.0	0.0	0.0
-0.8573110500000007	0.032483330000000005	0.2497131818	0.025534613626	1.00476114129	0.0	0.0	0.0	0.0	0.0
-0.82331105	0.07222474	0.5553770774	0.056775614621	2.2344022745000003	0.0	0.0	0.0	0.0	0.0
-0.7893110500000002	0.12750598000000002	0.980272048	0.100247247119	3.9432376847000006	0.0	0.0	0.0	0.0	0.0
-0.7543110500000001	0.17870015999999997	1.373651499	0.14068680938	5.525851242199999	0.0	0.0	0.0	0.0	0.0
-0.7203110500000003	0.19916372999999998	1.529300922	0.1580237613	6.1476676538	0.0	0.0	0.0	0.0	0.0
-0.6863110500000005	0.17798368999999997	1.3565713830000001	0.14839300299999997	5.4324609244	0.0	0.0	0.0	0.0	0.0
-0.6523110500000007	0.13439068999999998	0.978654397	0.144834266	3.8191262740000003	0.0	0.0	0.0	0.0	0.0
-0.6173110500000005	0.1099297	0.645321845	0.230014028	2.1645815410000004	0.0	0.0	0.0	0.0	0.0
-0.5833110500000007	0.15074056	0.5775955700000001	0.5363301560000002	1.0682975749999999	0.0	0.0	0.0	0.0	0.0
-0.54931105	0.2887307600000001	0.877865648	1.1914958370000002	0.6329203710000001	0.0	0.0	0.0	0.0	0.0
-0.5143110500000008	0.5126989900000001	1.4818532859999998	2.1706777670000004	0.6496520960000001	0.0	0.0	0.0	0.0	0.0
-0.4803110500000001	0.7422153899999999	2.128391371	3.1555272399999996	0.8323403599999999	0.0	0.0	0.0	0.0	0.0
-0.44631105000000026	0.85666551	2.4532204730000005	3.64382474	0.94152385	0.0	0.0	0.0	0.0	0.0
-0.4113110500000001	0.7854334320000002	2.249156288	3.3413351779999996	0.8605593500000001	0.0	0.0	0.0	0.0	0.0
-0.3773110500000003	0.5718447319999999	1.6366043160000001	2.432566872	0.6262089149999999	0.0	0.0	0.0	0.0	0.0
-0.3433110500000005	0.3305324430000001	0.9461035347000001	1.406290099	0.36195120899999994	0.0	0.0	0.0	0.0	0.0
-0.30831105000000036	0.15165570600000003	0.43404601360000006	0.645074863	0.16603055599999997	0.0	0.0	0.0	0.0	0.0
-0.27431105000000056	0.0552164847	0.1581151339	0.23492175229999998	0.0604721169	0.0	0.0	0.0	0.0	0.0
-0.24031105000000075	0.015958334900000003	0.04569560073	0.0678984083	0.017477016300000002	0.0	0.0	0.0	0.0	0.0
-0.20631105000000005	0.00366167749	0.010480043207999999	0.015570748209999997	0.004009694679999999	0.0	0.0	0.0	0.0	0.0
-0.1713110500000008	0.0006664263449999998	0.001907646957	0.002834500894	0.0007296865599999999	0.0	0.0	0.0	0.0	0.0
-0.1373110500000001	9.6226585e-05	0.00027543795060000004	0.0004093582895	0.000105372526	0.0	0.0	0.0	0.0	0.0
-0.10331105000000029	1.1022544299999998e-05	3.155020977e-05	4.68936839e-05	1.2070228999999998e-05	0.0	0.0	0.0	0.0	0.0
-0.06831105000000015	1.0013596800000001e-06	2.8665662229999998e-06	4.260164770000001e-06	1.09656846e-06	0.0	0.0	0.0	0.0	0.0
-0.03431105000000034	7.21492531e-08	2.0654848469999998e-07	3.0694859780000004e-07	7.900232999999999e-08	0.0	0.0	0.0	0.0	0.0
-0.0003110500000005345	4.121234680000001e-09	1.1796290208000001e-08	1.753309887e-08	4.51319053e-09	0.0	0.0	0.0	0.0	0.0
0.03468894999999961	1.8662850000000007e-10	5.341134742e-10	7.938187000000001e-10	2.0428272e-10	0.0	0.0	0.0	0.0	0.0
0.06868894999999942	6.696445630000001e-12	1.9164021749999995e-11	2.8491539479999998e-11	7.3326238e-12	0.0	0.0	0.0	0.0	0.0
0.10268894999999922	1.9039025900000002e-13	5.449627386000001e-13	8.099108269999999e-13	2.0843988499999998e-13	0.0	0.0	0.0	0.0	0.0
0.13668894999999992	4.47357276e-15	1.2804653771e-14	1.9029300520000002e-14	4.89873959e-15	0.0	0.0	0.0	0.0	0.0
0.17168895000000006	0.0	0.0	0.0	0.0	0.0	0.0	0.0	0.0	0.0
0.20568894999999987	0.0	0.0	0.0	0.0	0.0	0.0	0.0	0.0	0.0
0.23968894999999968	0.0	0.0	0.0	0.0	0.0	0.0	0.0	0.0	0.0
0.2746889499999998	0.0	0.0	0.0	0.0	0.0	0.0	0.0	0.0	0.0
0.30868894999999963	0.0	0.0	0.0	0.0	0.0	0.0	0.0	0.0	0.0
0.34268894999999944	0.0	0.0	0.0	0.0	0.0	0.0	0.0	0.0	0.0
0.3776889499999996	0.0	0.0	0.0	0.0	0.0	0.0	0.0	0.0	0.0
0.4116889499999994	0.0	0.0	0.0	0.0	0.0	0.0	0.0	0.0	0.0
0.4456889499999992	0.0	0.0	0.0	0.0	0.0	0.0	0.0	0.0	0.0
0.48068894999999934	0.0	0.0	0.0	0.0	0.0	0.0	0.0	0.0	0.0
0.51468895	0.0	0.0	0.0	0.0	0.0	0.0	0.0	0.0	0.0
0.5486889499999998	0.0	0.0	0.0	0.0	0.0	0.0	0.0	0.0	0.0
0.5826889499999997	0.0	0.0	0.0	0.0	0.0	0.0	0.0	0.0	0.0
0.6176889499999998	0.0	0.0	0.0	0.0	0.0	0.0	0.0	0.0	0.0
0.6516889499999996	0.0	0.0	0.0	0.0	0.0	0.0	0.0	0.0	0.0
0.6856889499999994	0.0	0.0	0.0	0.0	0.0	0.0	0.0	0.0	0.0
0.7206889499999996	0.0	0.0	0.0	0.0	0.0	0.0	0.0	0.0	0.0
0.7546889499999994	0.0	0.0	0.0	0.0	0.0	0.0	0.0	0.0	0.0
0.78868895	0.0	0.0	0.0	0.0	0.0	0.0	0.0	0.0	0.0
0.8236889499999993	0.0	0.0	0.0	0.0	0.0	0.0	0.0	0.0	0.0
0.85768895	0.0	0.0	0.0	0.0	0.0	0.0	0.0	0.0	0.0
0.8916889499999998	0.0	0.0	0.0	0.0	0.0	0.0	0.0	0.0	0.0
0.92668895	0.0	0.0	0.0	0.0	0.0	0.0	0.0	0.0	0.0
0.9606889499999998	0.0	0.0	0.0	0.0	0.0	0.0	0.0	0.0	0.0
0.9946889499999996	0.0	0.0	0.0	0.0	0.0	0.0	0.0	0.0	0.0
1.0286889499999994	0.0	0.0	0.0	0.0	0.0	0.0	0.0	0.0	0.0
1.0636889499999995	0.0	0.0	0.0	0.0	0.0	0.0	0.0	0.0	0.0
1.0976889499999993	0.0	0.0	0.0	0.0	0.0	0.0	0.0	0.0	0.0
1.13168895	0.0	0.0	0.0	0.0	0.0	0.0	0.0	0.0	0.0
1.1666889499999993	0.0	0.0	0.0	0.0	0.0	0.0	0.0	0.0	0.0
1.20068895	0.0	0.0	0.0	0.0	0.0	0.0	0.0	0.0	0.0
1.2346889499999998	0.0	0.0	0.0	0.0	0.0	0.0	0.0	0.0	0.0
1.26968895	0.0	0.0	0.0	0.0	0.0	0.0	0.0	0.0	0.0
1.3036889499999997	0.0	0.0	0.0	0.0	0.0	0.0	0.0	0.0	0.0
1.3376889499999995	0.0	0.0	0.0	0.0	0.0	0.0	0.0	0.0	0.0
1.3716889499999994	0.0	0.0	0.0	0.0	0.0	0.0	0.0	0.0	0.0
1.4066889499999995	0.0	0.0	0.0	0.0	0.0	0.0	0.0	0.0	0.0
1.4406889499999993	0.0	0.0	0.0	0.0	0.0	0.0	0.0	0.0	0.0
1.47468895	0.0	0.0	0.0	0.0	0.0	0.0	0.0	0.0	0.0
1.5096889499999993	0.0	0.0	0.0	0.0	0.0	0.0	0.0	0.0	0.0
1.54368895	0.0	0.0	0.0	0.0	0.0	0.0	0.0	0.0	0.0
1.5776889499999998	0.0	0.0	0.0	0.0	0.0	0.0	0.0	0.0	0.0
1.61268895	0.0	0.0	0.0	0.0	0.0	0.0	0.0	0.0	0.0
1.6466889499999997	0.0	0.0	0.0	0.0	0.0	0.0	0.0	0.0	0.0
1.6806889499999995	0.0	0.0	0.0	0.0	0.0	0.0	0.0	0.0	0.0
1.7156889499999997	0.0	0.0	0.0	0.0	0.0	0.0	0.0	0.0	0.0
1.7496889499999995	0.0	0.0	0.0	0.0	0.0	0.0	0.0	0.0	0.0
1.7836889499999993	0.0	0.0	0.0	0.0	0.0	0.0	0.0	0.0	0.0
1.81768895	0.0	0.0	0.0	0.0	0.0	0.0	0.0	0.0	0.0
1.8526889499999992	0.0	0.0	0.0	0.0	0.0	0.0	0.0	0.0	0.0
1.88668895	0.0	0.0	0.0	0.0	0.0	0.0	0.0	0.0	0.0
1.9206889499999997	0.0	0.0	0.0	0.0	0.0	0.0	0.0	0.0	0.0
1.9556889499999999	0.0	0.0	0.0	0.0	0.0	0.0	0.0	0.0	0.0
1.9896889499999997	0.0	0.0	0.0	0.0	0.0	0.0	0.0	0.0	0.0
2.0236889499999995	0.0	0.0	0.0	0.0	0.0	0.0	0.0	0.0	0.0
2.0586889499999996	0.0	0.0	0.0	0.0	0.0	0.0	0.0	0.0	0.0
2.0926889499999994	0.0	0.0	0.0	0.0	0.0	0.0	0.0	0.0	0.0
2.1266889499999997	0.0	0.0	0.0	0.0	0.0	0.0	0.0	0.0	0.0
2.1606889499999995	0.0	0.0	0.0	0.0	0.0	0.0	0.0	0.0	0.0
2.1956889499999996	0.0	0.0	0.0	0.0	0.0	0.0	0.0	0.0	0.0
2.2296889499999994	0.0	0.0	0.0	0.0	0.0	0.0	0.0	0.0	0.0
2.2636889499999997	0.0	0.0	0.0	0.0	0.0	0.0	0.0	0.0	0.0
2.29868895	0.0	0.0	0.0	0.0	0.0	0.0	0.0	0.0	0.0
2.3326889499999997	0.0	0.0	0.0	0.0	0.0	0.0	0.0	0.0	0.0
2.3666889499999995	0.0	0.0	0.0	0.0	0.0	0.0	0.0	0.0	0.0
2.4016889499999996	0.0	0.0	0.0	0.0	0.0	0.0	0.0	0.0	0.0
2.43568895	0.0	0.0	0.0	0.0	0.0	0.0	0.0	0.0	0.0
2.4696889499999997	0.0	0.0	0.0	0.0	0.0	0.0	0.0	0.0	0.0
2.50468895	0.0	0.0	0.0	0.0	0.0	0.0	0.0	0.0	0.0
2.5386889499999996	0.0	0.0	0.0	0.0	0.0	0.0	0.0	0.0	0.0
2.5726889499999994	0.0	0.0	0.0	0.0	0.0	0.0	0.0	0.0	0.0
2.6066889499999997	0.0	0.0	0.0	0.0	0.0	0.0	0.0	0.0	0.0
2.64168895	0.0	0.0	0.0	0.0	0.0	0.0	0.0	0.0	0.0
2.6756889499999996	0.0	0.0	0.0	0.0	0.0	0.0	0.0	0.0	0.0
2.7096889499999994	0.0	0.0	0.0	0.0	0.0	0.0	0.0	0.0	0.0
2.7446889499999996	0.0	0.0	0.0	0.0	0.0	0.0	0.0	0.0	0.0
2.77868895	0.0	0.0	0.0	0.0	0.0	0.0	0.0	0.0	0.0
2.8126889499999996	0.0	0.0	0.0	0.0	0.0	0.0	0.0	0.0	0.0
2.8476889499999998	0.0	0.0	0.0	0.0	0.0	0.0	0.0	0.0	0.0
2.8816889499999996	0.0	0.0	0.0	0.0	0.0	0.0	0.0	0.0	0.0
2.91568895	0.0	0.0	0.0	0.0	0.0	0.0	0.0	0.0	0.0
2.9496889499999996	0.0	0.0	0.0	0.0	0.0	0.0	0.0	0.0	0.0
2.98468895	0.0	0.0	0.0	0.0	0.0	0.0	0.0	0.0	0.0
3.0186889499999996	0.0	0.0	0.0	0.0	0.0	0.0	0.0	0.0	0.0
3.05268895	0.0	0.0	0.0	0.0	0.0	0.0	0.0	0.0	0.0
3.0876889499999995	0.0	0.0	0.0	0.0	0.0	0.0	0.0	0.0	0.0
3.12168895	0.0	0.0	0.0	0.0	0.0	0.0	0.0	0.0	0.0
3.1556889499999996	0.0	0.0	0.0	0.0	0.0	0.0	0.0	0.0	0.0
3.1906889499999997	0.0	0.0	0.0	0.0	0.0	0.0	0.0	0.0	0.0
3.2246889499999996	0.0	0.0	0.0	0.0	0.0	0.0	0.0	0.0	0.0
3.25868895	0.0	0.0	0.0	0.0	0.0	0.0	0.0	0.0	0.0
3.2936889499999995	0.0	0.0	0.0	0.0	0.0	0.0	0.0	0.0	0.0
3.3276889499999998	0.0	0.0	0.0	0.0	0.0	0.0	0.0	0.0	0.0
3.3616889499999996	0.0	0.0	0.0	0.0	0.0	0.0	0.0	0.0	0.0
3.39568895	0.0	0.0	0.0	0.0	0.0	0.0	0.0	0.0	0.0
3.4306889499999995	0.0	0.0	0.0	0.0	0.0	0.0	0.0	0.0	0.0
3.4646889499999998	0.0	0.0	0.0	0.0	0.0	0.0	0.0	0.0	0.0
3.4986889499999996	0.0	0.0	0.0	0.0	0.0	0.0	0.0	0.0	0.0
3.5336889499999997	0.0	0.0	0.0	0.0	0.0	0.0	0.0	0.0	0.0
3.5676889499999995	0.0	0.0	0.0	0.0	0.0	0.0	0.0	0.0	0.0
3.60168895	0.0	0.0	0.0	0.0	0.0	0.0	0.0	0.0	0.0
3.6366889499999995	0.0	0.0	0.0	0.0	0.0	0.0	0.0	0.0	0.0
3.6706889499999997	0.0	0.0	0.0	0.0	0.0	0.0	0.0	0.0	0.0
3.7046889499999995	0.0	0.0	0.0	0.0	0.0	0.0	0.0	0.0	0.0
3.73868895	0.0	0.0	0.0	0.0	0.0	0.0	0.0	0.0	0.0
3.7736889499999995	0.0	0.0	0.0	0.0	0.0	0.0	0.0	0.0	0.0
3.8076889499999997	0.0	0.0	0.0	0.0	0.0	0.0	0.0	0.0	0.0
3.8416889499999995	0.0	0.0	0.0	0.0	0.0	0.0	0.0	0.0	0.0
3.8766889499999997	0.0	0.0	0.0	0.0	0.0	0.0	0.0	0.0	0.0
3.9106889499999995	0.0	0.0	0.0	0.0	0.0	0.0	0.0	0.0	0.0
3.9446889499999997	0.0	0.0	0.0	0.0	0.0	0.0	0.0	0.0	0.0
3.9796889499999994	0.0	0.0	0.0	0.0	0.0	0.0	0.0	0.0	0.0
4.01368895	0.0	0.0	0.0	0.0	0.0	0.0	0.0	0.0	0.0
4.0476889499999995	0.0	0.0	0.0	0.0	0.0	0.0	0.0	0.0	0.0
4.08268895	0.0	0.0	0.0	0.0	0.0	0.0	0.0	0.0	0.0
4.1166889499999995	0.0	0.0	0.0	0.0	0.0	0.0	0.0	0.0	0.0
4.150688949999999	0.0	0.0	0.0	0.0	0.0	0.0	0.0	0.0	0.0
4.18468895	0.0	0.0	0.0	0.0	0.0	0.0	0.0	0.0	0.0
4.21968895	0.0	0.0	0.0	0.0	0.0	0.0	0.0	0.0	0.0
4.25368895	0.0	0.0	0.0	0.0	0.0	0.0	0.0	0.0	0.0
4.28768895	0.0	0.0	0.0	0.0	0.0	0.0	0.0	0.0	0.0
4.32268895	0.0	0.0	0.0	0.0	0.0	0.0	0.0	0.0	0.0
4.35668895	0.0	0.0	0.0	0.0	0.0	0.0	0.0	0.0	0.0
4.3906889499999995	0.0	0.0	0.0	0.0	0.0	0.0	0.0	0.0	0.0
4.42568895	0.0	0.0	0.0	0.0	0.0	0.0	0.0	0.0	0.0
4.459688949999999	0.0	0.0	0.0	0.0	0.0	0.0	0.0	0.0	0.0
4.493688949999999	0.0	0.0	0.0	0.0	0.0	0.0	0.0	0.0	0.0
4.52768895	0.0	0.0	0.0	0.0	0.0	0.0	0.0	0.0	0.0
4.56268895	0.0	0.0	0.0	0.0	0.0	0.0	0.0	0.0	0.0
4.59668895	0.0	0.0	0.0	0.0	0.0	0.0	0.0	0.0	0.0
4.63068895	0.0	0.0	0.0	0.0	0.0	0.0	0.0	0.0	0.0
4.66568895	2.548090751220001e-16	3.14085584e-16	3.1370993553e-15	5.178813159999999e-17	0.0	0.0	0.0	0.0	0.0
4.69968895	9.939868467199998e-15	1.2249311889999998e-14	1.2235255486000001e-13	2.0193751e-15	0.0	0.0	0.0	0.0	0.0
4.7336889499999995	4.028478210900001e-13	4.963545906999999e-13	4.9584967389e-12	8.184248340000001e-14	0.0	0.0	0.0	0.0	0.0
4.76868895	1.2935850338200003e-11	1.5940623030000002e-11	1.5922934919e-10	2.62785878e-12	0.0	0.0	0.0	0.0	0.0
4.802688949999999	3.2919050428000003e-10	4.0567494340000006e-10	4.0523258512e-09	6.68810379e-11	0.0	0.0	0.0	0.0	0.0
4.836688949999999	6.639632368800001e-09	8.182024653000001e-09	8.172767526e-08	1.348922715e-09	0.0	0.0	0.0	0.0	0.0
4.871688949999999	1.0616449010900001e-07	1.3084253160000002e-07	1.3069380403e-06	2.156934e-08	0.0	0.0	0.0	0.0	0.0
4.90568895	1.34614580239e-06	1.65888131e-06	1.6570910352999996e-05	2.73526102e-07	0.0	0.0	0.0	0.0	0.0
4.93968895	1.35349118663e-05	1.667916873e-05	0.00016661476760000002	2.7502389900000006e-06	0.0	0.0	0.0	0.0	0.0
4.97368895	0.00010794345133900001	0.00013302638510000002	0.0013287731137	2.1929422800000004e-05	0.0	0.0	0.0	0.0	0.0
5.00868895	0.0006830059309700001	0.0008416160019	0.008406402964000002	0.000138751071	0.0	0.0	0.0	0.0	0.0
5.04268895	0.0034284494228	0.004224849753	0.042191540810999996	0.0006964648189999999	0.0	0.0	0.0	0.0	0.0
5.076688949999999	0.013655845336099998	0.01682783301	0.16809390556999998	0.0027740698199999994	0.0	0.0	0.0	0.0	0.0
5.11168895	0.043161214991	0.05319430553	0.53135819464	0.008770820309999998	0.0	0.0	0.0	0.0	0.0
5.145688949999999	0.10831587935600001	0.13348860580000002	1.3333005799999997	0.0220103012	0.0	0.0	0.0	0.0	0.0
5.179688949999999	0.215802518347	0.26586813789999997	2.6558385336	0.0438303284	0.0	0.0	0.0	0.0	0.0
5.214688949999999	0.34118801926000003	0.42040339010000005	4.1987229253	0.06930378009999999	0.0	0.0	0.0	0.0	0.0
5.24868895	0.42819607585999997	0.5276565217000002	5.271417629599999	0.08700039950000002	0.0	0.0	0.0	0.0	0.0
5.28268895	0.42674695705	0.5259117271	5.252311306099999	0.08669907800000001	0.0	0.0	0.0	0.0	0.0
5.31668895	0.3375708022	0.41600473340000005	4.1555594984	0.0685929965	0.0	0.0	0.0	0.0	0.0
5.35168895	0.21201069827800004	0.26133482450000006	2.609959959	0.043090679699999995	0.0	0.0	0.0	0.0	0.0
5.38568895	0.10574021565800003	0.1303086573	1.3017059656	0.0214833835	0.0	0.0	0.0	0.0	0.0
5.419688949999999	0.04184725132800001	0.051581783590000006	0.5152385473400001	0.00850386096	0.0	0.0	0.0	0.0	0.0
5.4546889499999995	0.01314894946	0.01620421892	0.16185548395	0.0026717263999999994	0.0	0.0	0.0	0.0	0.0
5.488688949999999	0.0032784626339	0.004039529323000001	0.040353247928000005	0.0006660643659999999	0.0	0.0	0.0	0.0	0.0
5.522688949999999	0.0006486317779999999	0.000799350977	0.007984445288999999	0.0001318107537	0.0	0.0	0.0	0.0	0.0
5.557688949999999	0.00010282638099999999	0.00012610616600000006	0.001253783973	2.10729245e-05	0.0	0.0	0.0	0.0	0.0
5.59168895	2.26621351e-05	2.1986991000000003e-05	0.00016085317999999999	6.413183e-06	0.0	0.0	0.0	0.0	0.0
5.62568895	7.972915600000001e-05	5.155374000000001e-05	5.301733e-05	3.041893e-05	0.0	0.0	0.0	0.0	0.0
5.66068895	0.00048944434	0.00031196319999999997	0.00023566243999999998	0.00018810798999999997	0.0	0.0	0.0	0.0	0.0
5.69468895	0.00242113979	0.0015429453	0.00115998351	0.0009305953999999999	0.0	0.0	0.0	0.0	0.0
5.72868895	0.009506386350000002	0.006057293	0.00455369311	0.003652985	0.0	0.0	0.0	0.0	0.0
5.762688949999999	0.029618333899999995	0.018875267	0.0141912205	0.011384110000000001	0.0	0.0	0.0	0.0	0.0
5.7976889499999995	0.07324852309999999	0.04668129	0.035099163700000005	0.028148394	0.0	0.0	0.0	0.0	0.0
5.831688949999999	0.14381935	0.09164941	0.06889674690000001	0.05527042	0.0	0.0	0.0	0.0	0.0
5.86568895	0.224151462	0.14283936000000003	0.10738743099999999	0.08616089999999998	0.0	0.0	0.0	0.0	0.0
5.900688949999999	0.27755631799999997	0.17690124000000002	0.13295838699999998	0.10670616	0.0	0.0	0.0	0.0	0.0
5.93468895	0.27374397	0.17470339999999998	0.13106514900000002	0.10533885999999999	0.0	0.0	0.0	0.0	0.0
5.96868895	0.218204109	0.14015546	0.10422156100000002	0.08440025	0.0	0.0	0.0	0.0	0.0
6.00368895	0.15105395100000002	0.09997993000000001	0.071271112	0.05986193	0.0	0.0	0.0	0.0	0.0
6.03768895	0.11705017900000002	0.0845028	0.05312700000000001	0.04982299	0.0	0.0	0.0	0.0	0.0
6.0716889499999995	0.137262125	0.10835034	0.05934215	0.06298719	0.0	0.0	0.0	0.0	0.0
6.105688949999999	0.199378039	0.16165174000000004	0.08417971	0.0936782	0.0	0.0	0.0	0.0	0.0
6.1406889499999995	0.265534577	0.21403271999999998	0.11071968	0.12448099	0.0	0.0	0.0	0.0	0.0
6.174688949999999	0.29589703	0.23314787999999997	0.12142748	0.13674260000000002	0.0	0.0	0.0	0.0	0.0
6.20868895	0.27524226	0.20822184	0.11020408000000001	0.12387373000000002	0.0	0.0	0.0	0.0	0.0
6.243688949999999	0.21928936999999998	0.15623774	0.08518327	0.09469396	0.0	0.0	0.0	0.0	0.0
6.27768895	0.15631629	0.10565765	0.06084727	0.06390644000000001	0.0	0.0	0.0	0.0	0.0
6.31168895	0.10874283999999998	0.07855088999999998	0.04964573	0.04219191	0.0	0.0	0.0	0.0	0.0
6.34668895	0.08920006999999999	0.08572072	0.05908788	0.03419597	0.0	0.0	0.0	0.0	0.0
6.38068895	0.10173636	0.12639255	0.08932024000000001	0.040396980000000006	0.0	0.0	0.0	0.0	0.0
6.4146889499999995	0.13964146	0.18493552000000002	0.12910146	0.05764507000000001	0.0	0.0	0.0	0.0	0.0
6.44968895	0.18623250000000002	0.23480739999999997	0.15909150999999996	0.07950078999999999	0.0	0.0	0.0	0.0	0.0
6.4836889499999995	0.22328619999999996	0.2560743	0.16689769999999998	0.09902744999999999	0.0	0.0	0.0	0.0	0.0
6.517688949999999	0.24098309999999998	0.25201250000000003	0.16065509999999997	0.1121374	0.0	0.0	0.0	0.0	0.0
6.55168895	0.24182030000000002	0.2439666	0.16342600000000002	0.11895883000000002	0.0	0.0	0.0	0.0	0.0
6.586688949999999	0.23694869999999996	0.24893539999999997	0.1927942	0.12197543999999999	0.0	0.0	0.0	0.0	0.0
6.62068895	0.23768399999999998	0.2638555	0.24572839999999999	0.12278190000000003	0.0	0.0	0.0	0.0	0.0
6.65468895	0.24671119999999996	0.2714969	0.3011625	0.1203934	0.0	0.0	0.0	0.0	0.0
6.68968895	0.2560668	0.2583744	0.33311670000000004	0.1130388	0.0	0.0	0.0	0.0	0.0
6.72368895	0.2542534	0.2248169	0.3245392	0.101132	0.0	0.0	0.0	0.0	0.0
6.7576889499999995	0.2375663	0.18160710000000002	0.2774411	0.08781119999999999	0.0	0.0	0.0	0.0	0.0
6.79268895	0.21417879999999997	0.1413092	0.2134585	0.0772187	0.0	0.0	0.0	0.0	0.0
6.826688949999999	0.1959182	0.11238289999999998	0.1604632	0.0722267	0.0	0.0	0.0	0.0	0.0
6.86068895	0.1871493	0.0972614	0.1345712	0.07302890000000001	0.0	0.0	0.0	0.0	0.0
6.89468895	0.1830525	0.09339199999999999	0.133026	0.0770334	0.0	0.0	0.0	0.0	0.0
6.929688949999999	0.175991	0.09497139999999998	0.1410408	0.079872	0.0	0.0	0.0	0.0	0.0
6.96368895	0.16097599999999998	0.0950455	0.143551	0.0773928	0.0	0.0	0.0	0.0	0.0
6.99768895	0.1374523	0.0889025	0.1339223	0.06814309999999998	0.0	0.0	0.0	0.0	0.0
7.03268895	0.1095918	0.07841560000000002	0.11542440000000001	0.054760699999999995	0.0	0.0	0.0	0.0	0.0
7.06668895	0.08569790000000001	0.0729374	0.09672270000000002	0.043059	0.0	0.0	0.0	0.0	0.0
7.1006889499999994	0.0751302	0.08391320000000001	0.0871949	0.039025199999999996	0.0	0.0	0.0	0.0	0.0
7.13568895	0.0833259	0.11542500000000001	0.09337809999999999	0.04548676	0.0	0.0	0.0	0.0	0.0
7.169688949999999	0.10866120000000001	0.1587629	0.115855	0.06065699999999999	0.0	0.0	0.0	0.0	0.0
7.20368895	0.14462859999999997	0.19839330000000002	0.1481753	0.0800752	0.0	0.0	0.0	0.0	0.0
7.238688949999999	0.18458809999999998	0.2236839	0.1798093	0.0996841	0.0	0.0	0.0	0.0	0.0
7.272688949999999	0.22445199999999998	0.23365960000000002	0.2019626	0.11742170000000002	0.0	0.0	0.0	0.0	0.0
7.30668895	0.264123	0.23274859999999997	0.21323599999999998	0.133797	0.0	0.0	0.0	0.0	0.0
7.34068895	0.30736399999999997	0.22728530000000002	0.22051699999999994	0.15256329999999999	0.0	0.0	0.0	0.0	0.0
7.37568895	0.355095	0.22342700000000001	0.23094899999999996	0.1764697	0.0	0.0	0.0	0.0	0.0
7.40968895	0.39582	0.22236009999999998	0.24246129999999996	0.2000704	0.0	0.0	0.0	0.0	0.0
7.443688949999999	0.4106140000000001	0.2181038	0.24586119999999995	0.21098260000000002	0.0	0.0	0.0	0.0	0.0
7.47868895	0.392313	0.20456920000000003	0.23718560000000005	0.20250320000000002	0.0	0.0	0.0	0.0	0.0
7.512688949999999	0.35331	0.18313460000000004	0.22275319999999998	0.18116400000000002	0.0	0.0	0.0	0.0	0.0
7.54668895	0.310855	0.15991899999999998	0.20975190000000005	0.15900799999999998	0.0	0.0	0.0	0.0	0.0
7.581688949999999	0.271597	0.1383068	0.1966924	0.141572	0.0	0.0	0.0	0.0	0.0
7.615688949999999	0.23202199999999998	0.1172118	0.17604140000000001	0.126422	0.0	0.0	0.0	0.0	0.0
7.64968895	0.189148	0.0961943	0.1443116	0.11047110000000002	0.0	0.0	0.0	0.0	0.0
7.68468895	0.148042	0.0797603	0.1073525	0.0965346	0.0	0.0	0.0	0.0	0.0
7.71868895	0.119678	0.0752154	0.076214	0.09217729999999999	0.0	0.0	0.0	0.0	0.0
7.75268895	0.11075299999999999	0.08483510000000001	0.0584216	0.10132669999999999	0.0	0.0	0.0	0.0	0.0
7.786688949999999	0.115358	0.10015099999999999	0.0533797	0.11678050000000001	0.0	0.0	0.0	0.0	0.0
7.8216889499999995	0.12001199999999998	0.10713519999999999	0.05665429999999999	0.12507300000000002	0.0	0.0	0.0	0.0	0.0
7.855688949999999	0.11942839999999998	0.0994744	0.0688184	0.12131019999999999	0.0	0.0	0.0	0.0	0.0
7.88968895	0.1230638	0.08480919999999999	0.0971744	0.1158497	0.0	0.0	0.0	0.0	0.0
7.92468895	0.1417252	0.0754263	0.1441406	0.1217319	0.0	0.0	0.0	0.0	0.0
7.958688949999999	0.1686245	0.07423389999999999	0.19388729999999998	0.1366742	0.0	0.0	0.0	0.0	0.0
7.99268895	0.18069819999999998	0.07295330000000001	0.21723672	0.1429828	0.0	0.0	0.0	0.0	0.0
8.02768895	0.16093104000000003	0.0630147	0.19629649000000002	0.1263155	0.0	0.0	0.0	0.0	0.0
8.06168895	0.11548173999999999	0.0447787	0.141506317	0.09040882	0.0	0.0	0.0	0.0	0.0
8.09568895	0.06608943	0.02554834	0.081095956	0.0516983	0.0	0.0	0.0	0.0	0.0
8.12968895	0.030071259999999995	0.011612899999999999	0.03691433400000001	0.02351707	0.0	0.0	0.0	0.0	0.0
8.164688949999999	0.010863616	0.004194379999999999	0.013336704500000001	0.008495899	0.0	0.0	0.0	0.0	0.0
8.19868895	0.0031157519999999994	0.001202876	0.0038250592000000005	0.002436412	0.0	0.0	0.0	0.0	0.0
8.23268895	0.0007091052999999999	0.0002737545	0.0008706603300000001	0.0005545029	0.0	0.0	0.0	0.0	0.0
8.26768895	0.00012807741	4.94408e-05	0.000157227792	0.0001001397	0.0	0.0	0.0	0.0	0.0
8.301688949999999	1.8349087e-05	7.0836599999999985e-06	2.2527857999999997e-05	1.4349499999999999e-05	0.0	0.0	0.0	0.0	0.0
8.33568895	2.0858869e-06	8.0511e-07	2.5604331500000003e-06	1.6309469999999997e-06	0.0	0.0	0.0	0.0	0.0
8.37068895	1.8800201e-07	7.25783e-08	2.30824666e-07	1.4701309999999999e-07	0.0	0.0	0.0	0.0	0.0
8.40468895	1.3438991000000001e-08	5.187920000000001e-09	1.64996151e-08	1.050805e-08	0.0	0.0	0.0	0.0	0.0
8.43868895	7.616912000000001e-10	2.9402669999999995e-10	9.350854600000002e-10	5.95627e-10	0.0	0.0	0.0	0.0	0.0
8.47368895	3.421927e-11	1.320989e-11	4.2015803e-11	2.675846e-11	0.0	0.0	0.0	0.0	0.0
8.507688949999999	1.2185205000000002e-12	4.703830000000001e-13	1.4957953300000001e-12	9.52785e-13	0.0	0.0	0.0	0.0	0.0
8.54168895	3.4331930000000003e-14	1.3254200000000001e-14	4.2145868e-14	2.6845479999999994e-14	0.0	0.0	0.0	0.0	0.0
8.57568895	8.126084000000001e-16	3.136928999999999e-16	9.9751356e-16	6.3544480000000005e-16	0.0	0.0	0.0	0.0	0.0
8.61068895	0.0	0.0	0.0	0.0	0.0	0.0	0.0	0.0	0.0
8.644688949999999	0.0	0.0	0.0	0.0	0.0	0.0	0.0	0.0	0.0
8.67868895	0.0	0.0	0.0	0.0	0.0	0.0	0.0	0.0	0.0
8.71368895	0.0	0.0	0.0	0.0	0.0	0.0	0.0	0.0	0.0
8.74768895	0.0	0.0	0.0	0.0	0.0	0.0	0.0	0.0	0.0
8.78168895	0.0	0.0	0.0	0.0	0.0	0.0	0.0	0.0	0.0
8.81668895	0.0	0.0	0.0	0.0	0.0	0.0	0.0	0.0	0.0
8.850688949999999	0.0	0.0	0.0	0.0	0.0	0.0	0.0	0.0	0.0
8.88468895	0.0	0.0	0.0	0.0	0.0	0.0	0.0	0.0	0.0
8.91868895	0.0	0.0	0.0	0.0	0.0	0.0	0.0	0.0	0.0
8.95368895	0.0	0.0	0.0	0.0	0.0	0.0	0.0	0.0	0.0
8.987688949999999	0.0	0.0	0.0	0.0	0.0	0.0	0.0	0.0	0.0
9.02168895	0.0	0.0	0.0	0.0	0.0	0.0	0.0	0.0	0.0
9.05668895	0.0	0.0	0.0	0.0	0.0	0.0	0.0	0.0	0.0
9.09068895	0.0	0.0	0.0	0.0	0.0	0.0	0.0	0.0	0.0
9.12468895	0.0	0.0	0.0	0.0	0.0	0.0	0.0	0.0	0.0
9.15968895	0.0	0.0	0.0	0.0	0.0	0.0	0.0	0.0	0.0
9.193688949999999	0.0	0.0	0.0	0.0	0.0	0.0	0.0	0.0	0.0
9.22768895	0.0	0.0	0.0	0.0	0.0	0.0	0.0	0.0	0.0
9.26268895	0.0	0.0	0.0	0.0	0.0	0.0	0.0	0.0	0.0
9.29668895	0.0	0.0	0.0	0.0	0.0	0.0	0.0	0.0	0.0
9.330688949999999	0.0	0.0	0.0	0.0	0.0	0.0	0.0	0.0	0.0
9.36468895	0.0	0.0	0.0	0.0	0.0	0.0	0.0	0.0	0.0
9.39968895	0.0	0.0	0.0	0.0	0.0	0.0	0.0	0.0	0.0
9.43368895	0.0	0.0	0.0	0.0	0.0	0.0	0.0	0.0	0.0
9.46768895	0.0	0.0	0.0	0.0	0.0	0.0	0.0	0.0	0.0
9.50268895	0.0	0.0	0.0	0.0	0.0	0.0	0.0	0.0	0.0
9.53668895	0.0	0.0	0.0	0.0	0.0	0.0	0.0	0.0	0.0
