Molecule	PC1	PC2	PC3	PC4	PC5	PC6	PC7	PC8	PC9	PC10	PC11	PC12	PC13	PC14	PC15	PC16	PC17	PC18	PC19	PC20	PC21	PC22
1,1,1,2-Tetrachloroethane	-1.8086385469175386	1.2722856768180917	7.867231210860732	-2.7225397039695207	-1.917517318489476	-6.146897256554136	1.3189967265895923	-3.344564358171313	2.1937166682142952	-2.5002343371326687	-4.6029783668993725	8.155186304640115	-0.8251345166436335	-6.965603378610919	3.251771701089144	3.3947842709195593	0.4536364440697024	2.3216880485602767	-1.0761689234171172	1.4830454509692264	0.9448921058897427	-0.36698085885401666
1,1,1,3,3,3-Hexafluoro-2-propanol	-1.9203388212370585	10.33804847414144	10.342897287646116	4.140979721820101	8.53112070851598	13.46887269370247	3.861029435692849	-0.14508757240767958	-8.09689860014647	-1.570310487825363	4.5353162900093436	-6.203950498032422	2.4649398022420073	-5.528607337307078	5.401136949894876	-0.6511410405187469	-0.8125771634773847	0.8789353927069262	0.2813770250315701	-2.461772026020943	3.8177164398266084	-1.607694455314436
1,1,1-Trichloroethane	-2.8641615069429727	-2.561531292984412	9.673331758658469	-3.212361765147143	0.40677676053797773	-5.063414487517716	-3.2231569241215396	-3.1555662241714812	0.1377820450840027	0.6787281934231519	-1.7340062423393932	1.6661012039758822	0.4804422278965857	-4.053605065443752	-4.891978410348484	-0.399610803955869	-5.705454271705259	-7.045045476338262	0.7211925130357258	2.941038057494861	2.386463828351608	3.4996586227415554
1,1,1-Trifluoro-2-propanol	-3.776373717334329	8.342225107250057	10.627811931909617	5.143442253552333	-2.884237822149155	3.355088516477914	3.8970011415841226	2.898867919771869	-1.725259545925017	-3.879624294696574	-4.983336338026883	-6.066755178462084	1.6780753358588192	5.581081255135667	-1.0907899939576224	-3.2205376917054056	-1.6472991844748182	-4.1450568729169195	-2.0388699732891324	-0.9849448320735843	-1.2319447886132715	0.9552174128456393
1,1,2-trichloro-1,2,2-trifluoroethane	-0.648314371691857	3.1555966015280252	5.142469591747361	-7.165019881994579	-5.049210263881326	-0.029419092844774238	13.743509138655828	-1.886599195286496	0.8606375277315823	1.5700587817143263	3.1488480455119845	2.8233933419713857	-0.6620521384270187	0.8742500819249553	-7.850700752127011	-4.839856052609987	-1.1580680461006159	3.144915154575441	13.327929191727558	-0.4774105711451463	3.7561773672552228	-4.411251418907166
1,1,2-Trichloroethane	-2.612747537550714	0.31703409970688506	8.1370278103198	-6.400329369012302	-1.660469062514455	-2.1523359742160637	-1.770771756523779	-2.683743554289127	9.77513090239401	-2.9277899744214166	-4.720838070046569	4.706102923639534	1.0211126872699614	-3.8604751899438763	2.5918702272928202	0.09548289251613082	0.2883936315405036	0.05594182391512007	-2.2382260023310443	3.805629690107571	3.1104785742432486	-0.8700267469349378
1,1,2-Trichlorotrifluoroethane	-1.2787022988511647	4.181485872608777	5.464880441985433	-7.75439215347042	-0.02340070760241444	2.250836672353296	3.2574330196024937	-4.03547508719185	2.1548257713569594	4.092919234823363	-0.9625013964369501	3.288316754065878	-1.5870474801794419	-7.340201998095904	-0.5458388498749368	-7.007653608420711	1.2080429865042752	-3.444230140351702	-3.64315229723419	4.136852219408643	-4.642082506703251	0.8777692800295875
1,1-Difluoroethane	-5.163286690747514	-0.4551373715484757	12.37122481279616	5.174054103680832	-0.3576152032009917	-4.217902796639353	3.475399932006818	-3.3657431274931278	3.270785382036582	5.215564821839628	0.44242862231770447	-2.5622654039431887	0.3305380356927236	3.1952085719350802	2.071385209577549	-0.7425904103698427	-5.107601979272118	2.9608800996348834	-0.0825868808892103	0.4185929910046797	1.5481675025864392	0.7903418313723672
1,1-Dimethylhydrazine	-4.350233235029399	-6.464517109664564	-1.8091329558856823	-5.786337307812406	-2.0813143699893883	-1.65575368788479	-0.8656293127713716	0.12319396601394829	-0.5253809875980765	0.39133449086389277	3.0465427299573435	-2.2083021113483348	-4.357399458897274	1.4478168563641063	1.4205736311100854	2.2045363972132184	-1.6780773431767344	0.24232429788860102	1.2055619805161373	-3.668735407576944	0.1311303192508301	-3.714400901769197
1-2-3-hexanetriol	-1.4744707161425894	10.556605407799825	-8.68659097771422	0.7146672365205132	-0.21519058542397673	0.7508493113281249	2.880796450960519	1.4145343065755303	1.9006770959017025	-6.415490216516888	-3.356039160162123	1.1910144439502077	2.348751837347707	-0.048574369158897276	-1.2791322006477208	3.4804739954374906	1.6924854361786676	-1.1376265184341499	-2.015844550456106	1.941306653750185	-0.17274751953712655	-0.4662885749758002
1-2-Benzenediol	-1.074209744977079	-12.428981852809752	-3.7095460697361595	1.0101563003072587	-5.0390371567582095	5.116844397220369	1.4471019683758541	1.8414184852468756	4.489106000704398	6.155759532368385	-2.0334230324774736	0.216504842278245	0.37724000006389075	2.1489389226593874	4.2249389313491825	0.5147027128823948	2.3837774153193183	2.3870558494608947	-3.1380112256851103	-4.648298721163451	-0.4800361737620834	0.34865766397914294
1-2-butanediol	-3.901493389713994	7.579969211045565	-1.3697857049593671	0.06381709684546145	-0.20308454182643138	-0.20755027916876878	-1.7295360106658426	3.243412414157934	-0.9826325369537703	-4.664010611443504	2.1699841676712532	2.6101568440024177	-1.494342260836823	-4.697163785476677	2.782544694651258	-3.122892728112438	-0.09839206021449114	-1.7529402991994478	0.4755723156196881	-4.638283065969786	-2.9934650760929147	-1.3324336050087011
1-2-Dimethoxyethane	-3.867496688574134	5.207700388410512	-6.315305827976752	-5.448980538172654	-2.8116368241581524	-1.8918628877530668	-4.361840819665605	-4.687029431611922	0.72570008407408	2.411822474812254	-2.7888367272808914	0.6256702501725262	-4.81466903420214	2.506610565354257	0.5803011444216606	-8.274484123816157	-0.5388735114584333	1.0087129306976217	-6.031655435625701	-0.8666949211554328	-1.5759630341781126	-3.700569268674411
1-2-ethanediol	-5.7951547952589335	2.122937661947286	2.8836218519059433	2.448337929279557	0.11084644932388828	-1.4787007102117626	-1.8863142022096646	-3.225003607472202	-0.38423827199459903	-2.054664513853764	1.0505572363788334	5.234339341689314	-1.81071379798171	-0.7500427836134493	3.47626075538617	-1.6583752865068069	-1.479666220571051	3.1805867960046927	-1.6443249884714812	0.331535792779793	2.1707092209119145	-7.037692766286217
1-2-heptanediol	-1.971673987738352	14.047573166635758	-10.978709219762289	3.6947152272764816	2.8706509734525243	1.604249736902076	-2.3972974909736013	1.1080837225995521	8.21245799949294	-1.200721875809342	3.1010136401187927	0.5449736688535706	-1.828973744790874	0.2875162243484428	-1.2336901245848506	-4.2704010400377355	-3.3366104623689115	1.7832716503245798	0.20144074634285122	-0.9408339260973242	-1.6162443310861205	1.7312363215693516
1-2-hexanediol	-3.1199721692812004	12.404962457111576	-8.176054407729472	2.754605788432719	4.038139146375081	1.7819983051011288	-0.29364192031558195	3.7148502611350374	1.6278595817775265	-3.4473360078867583	5.526287400554365	4.196340661729016	-2.1098714550045528	-0.44443480417953046	-5.31735768748713	-0.333866314228633	1.6960996962873212	-3.010226244940073	0.9689339478331411	-1.8473033177836937	1.8368297748978029	1.8415698254996642
1-2-octanediol	-0.904924171099364	14.844831081313977	-11.673102087226837	3.954370827617341	1.0399935564433	0.2230491910681187	1.4054238256744727	3.6638823170553914	5.230656360130153	3.5575614179279147	-1.2261075117243934	0.13156121252620556	-0.10771174385569621	0.6242413477593148	1.7236632346575638	1.1728914504924917	0.9639191779146448	1.5247294620889131	-2.5638152390226896	0.7475261979923864	3.6738782723263745	1.7697352016516033
1-2-pentanediol	-2.3015736542113077	9.160064173660825	-3.5995752356229582	0.6895747896751813	1.141472776980224	4.365817691921299	-3.6788479274673427	1.2388292310434978	0.40538299737148015	-6.185393852691387	3.006288432272995	0.3840247164038737	-3.30766329090086	-4.8571591002508105	-1.3857263022490167	0.9452900357238344	0.21847839861645454	-1.6342081707850282	1.4602838799179703	1.095968427886329	-1.5551623707127245	4.029181625829596
1-2-propanediol	-4.897668160698874	4.7748409085512415	-0.17102006824647725	2.0412248363649548	-4.148995204818696	-2.642394807684409	-1.3068978062868968	3.473346547730463	0.2395483531598615	-4.847476980315247	0.15882595938469685	0.2511382013109121	-2.1521202001544406	-0.38050334276629105	-3.6557341425608194	4.743174472801569	4.179306914246654	-3.685893415088721	0.06370700203136574	0.30985415827624385	4.1822288012113535	-2.6484760806556045
1-3-butanediol	-3.8759440921360255	2.97135497782475	-5.237262043797152	-5.788985874529533	-3.80052802046493	-2.026795736098131	3.534673491038475	-1.21736657281737	-2.899117931164584	-1.9917961228710486	-3.1418873734815866	-2.0829538183231557	3.3670357739918035	2.5331255914890147	3.568374613891691	1.094776762884784	-0.196389151977624	4.945342896199519	-0.6088009299886393	-0.6437427323214122	4.309939519326866	1.633214657733382
1-4-Benzenediol	0.1259405890409927	-12.51033425206192	-7.018934440894298	6.212756022436962	2.5339442885222137	7.165310387768809	3.406275469656683	9.655595495385668	-2.8323227265660638	0.1155020244833242	-1.0523223312003842	3.5842023818076445	2.87300384705044	4.647872005855784	-1.2150731120430809	1.1739881791967095	-6.2320688719203865	-3.440371764125979	-3.380914812213286	-0.4035459137615493	-1.643930017662314	-6.005780686374871
1-4-butanediol	-3.8159977889964285	8.403483642970226	0.07285786456553124	3.053030021713647	0.4365124496575307	-2.011876649968242	-3.4366461021509775	2.444477909422801	-1.4015007972315658	-2.880354227953423	3.796606159520133	4.46506431852612	-1.7172836805311145	-3.3734843913825343	0.5977354567563586	3.6301150337148256	0.3173840392363086	-0.238343701646255	1.7328715041539342	1.56736329581677	0.5752159538978695	-1.923322761369279
1-bromo-1,2,2,2-tetrafluoroethane	-2.4279433426025614	0.15908919157058038	2.627908381964346	-3.2867269937021466	3.0603362239799385	-0.4561393538307826	0.818187553797532	-1.3831061305780736	7.319213936285112	-7.5145814417491055	0.3514085191040379	-6.109111055789319	2.5765493901546623	1.1603600808174985	4.479447378037434	1.3315001855583581	-0.6860885011376758	-2.2042573810636017	-4.061341069660167	0.610580851354375	-5.35056144745295	-4.663659766936991
1-bromo-1-chloro-2,2,2-trifluoroethane	-2.7596616456725402	-0.3870900220685131	8.21922175549074	-4.4375299327709445	0.9413741400862193	2.7944977370573185	-2.2936600935854985	1.1901063462385402	3.5983966631756035	-2.3402797902908685	-5.375230921130191	-3.757636187219977	1.144633183123939	0.4649214011230774	-4.0748361550804635	-1.6214225904047368	-0.6145267632163444	-0.6651091643579966	1.504175707847917	-2.45663878996162	1.7969116755697032	-3.8127766696955208
1-bromo-2-chloroethane	-3.9722818392342303	0.5918424154105228	7.869400420923275	-2.2427509884520873	-0.8642122730851517	1.2991218794380999	-2.062512462212239	-4.227722735359223	-0.5704961166521177	-1.118576493754366	-2.8036188167423783	3.5686650624499103	1.8664132716764426	2.208978215338205	4.812071727651175	-3.4131876326437163	-0.5544811487466255	-1.0061137709401526	2.984404330005154	-1.193418307115172	3.2550467623924946	1.6965417145657957
1-Bromobutane	-4.1379434089792175	7.212540507927477	4.697204313674221	6.588675387352523	3.7506460712553515	1.3048653852722187	-7.854579639746224	-1.8907630549811327	3.893583731457225	6.572919315133953	-0.6624450379930493	-4.272600448049084	-0.757169207987251	3.6122717926361076	0.6581546120186854	2.7048266709825577	1.1500410276865276	-0.7798378787915514	4.177649190628504	-0.7886151370022879	0.004030263351437336	-0.3159701132768263
1-bromopentane	-3.554709953926136	8.483358820678736	9.181940192498804	5.278218558888293	7.047106316717233	-0.39283811557670434	-2.009681595106571	-4.355281734859279	-7.824727972961339	0.9234532104371772	-0.7199098663280127	3.4792663522519733	-2.146090635323657	-1.223425838738338	6.717552115042944	0.3472858234592969	-4.048226860560084	-2.107081834382784	-1.331239631579776	-3.072646727213365	0.5003329733477496	1.992146161666018
1-bromopropane	-5.023273483749801	4.446706840592859	4.438714463155341	0.892581978853377	5.1850816301150875	-1.24961934923694	-5.797632899055393	-4.033836857243897	1.9662233719060005	3.2782273213169804	5.1743052818982775	1.2173966282560464	2.3675920087051963	2.6157991084449197	1.14093478999452	3.369694653357315	-1.7180662183142545	-3.1669072194556303	-0.8701094171526914	2.7307654294888457	1.972919815883561	1.8476295895730457
1-butene	-5.178122183893262	0.33144870000745397	-0.5495385173774241	-0.4704181626582075	-3.0827926832582966	-3.9708814182330965	-4.920282717217307	-2.2880302032408983	-2.234996214125451	-0.8076566740749949	0.36752549798822687	-2.9133414999700196	0.027176205816115108	2.6193277169063847	0.017782030228093427	-2.1464972090535386	0.9694204649085343	-1.3693839217824137	0.725791541348538	-1.528296930619435	-2.253096484005039	-0.5870534987554644
1-chloro-2,2,2-trifluoroethane	-3.8549654132638804	1.9004551793419613	9.89439183068441	2.118605512082542	4.504702542406961	7.8782383574361186	-3.1678721794737483	4.514280031883347	-3.43469377037133	2.1470018153426067	3.9786003916938983	-1.4426327773698175	-2.076606144285568	-1.5806142814235562	0.5706843536028954	-1.4333557396448529	4.423499540479583	2.3191775597130144	-1.0895073006534688	1.5230419257200256	-0.9877635180107034	2.3485172132872774
1-chloro-2,2,2-trifluoroethyl_difluoromethyl_ether	-2.8402095222848573	12.167011380353388	3.5890745620686184	-6.275430936159031	0.815982558341087	13.735506507610413	7.577688978182381	1.0628642838026514	-1.5117721900485117	3.0180496460355313	-1.186586529328997	-4.863808070597876	-2.870513241709449	-0.6793513629710681	-4.208827057998534	-1.0378592930916632	4.706107400464079	-2.264243519700411	-7.500932996492664	2.7161874256747027	2.2968850261591522	0.20325767066881228
1-chloropentane	-2.9764492497752024	6.697303242278726	11.945837099718597	-0.6680627093912531	-0.37221306330110226	-0.13745893958928032	6.015232368418713	2.564459918160476	1.7359264088798128	2.1378296162049346	6.845737217466873	5.8401931198353925	2.354663597471542	2.5020124810580655	-4.172825200013189	1.580736304535106	-0.15325440136670682	5.316126640395105	-0.044036308880289116	-0.6671509412311952	-1.7348445624484392	0.5738436977936722
1-chloropropane	-4.8287374082906425	2.418609252219732	8.240422366927078	1.256452228773555	-3.6003949750956625	-2.9588453668186228	-0.041395942319366774	2.1718374806466643	0.9950373185847285	1.919426770022776	0.430471926550047	0.5274088213051649	-4.44872918626231	-1.7025843516141699	-1.6888123525862178	-0.24099445222662302	-1.87621614972264	1.529778180719596	-1.677187254622287	-2.496884659659036	-3.8008254605416307	0.8044523521060983
1-hexene	-3.9050504979670393	4.045065324137345	-4.442470592087648	2.566138181478331	-0.6176992353266122	-7.759004218120596	-1.558466145182181	1.7142829774054806	-2.3996527995700614	2.0859801855647158	0.0073915077014239106	-0.8923703265980844	3.975517772064049	4.3445480297505705	5.257470517386306	-0.45867675487497245	0.25567908808854656	3.898970352933675	4.529462366092847	4.437419375537393	-1.5267041745513217	2.1171096281253794
1-hexyne	-3.2440516423832566	5.817888118981908	2.7663627677529887	0.23422809254473173	-2.047206674996767	-3.5142394004488544	-6.923359348427548	3.8944490131528906	0.2543290221047294	6.0750533598695196	0.8263473431525152	-0.03227135142090745	-4.559270036775932	1.00236776146122	0.99430547788457	-4.526851707411647	4.747979240493368	-0.902772028016721	1.7409116485255811	0.025735921787817174	0.15421640344277365	-0.9281257125800795
1-methylthymine	-0.26750379922175316	1.2503553645714147	-9.721231622012546	-9.30976211481919	-1.347378235684632	-1.0443224354487104	2.7869617933900397	-0.4272174173504373	-10.011033924145144	6.27033667101052	1.0510655129249227	0.0025727745304778534	-1.706062795701694	-6.614688265471963	-3.297939112077598	6.252935631564344	-6.985749443029817	2.7550841455187527	-1.5339237989494612	-2.3486498198753645	-2.893256993100573	1.1452719691299655
1-nitrobutane	-2.764814106392588	10.269173572126586	10.122934166555458	2.9200096023884243	-10.040501317578796	0.6010755236844407	5.351778240409857	2.588750727377496	5.276590252814372	1.5945201293851679	-4.568784455650281	-1.5784777835878838	4.799069379677565	0.5689669733702131	2.595583603408431	6.518178386452213	-5.399660654326108	-4.080315705949174	1.7247953855347313	-2.340857612109507	-0.8532160919561648	-0.3177453152818331
1-nitropropane	-2.9581924459384195	9.153178581830032	10.573803377959837	-2.460861891832682	-5.479609250026406	4.032351931556676	1.9003745701359969	1.213903974538562	3.593574616886941	0.5107063474325778	0.5042069057663853	-0.08792491688390326	-1.5870391625875329	1.7160768294167397	-1.1488914600841176	5.265200544854558	-2.786871157820218	1.3783400906017542	-0.6246898383509053	1.0050848499224105	-4.522950892918898	1.3477449210209678
1-pentene	-4.492617352254125	2.552266047880434	-0.5174428528986513	-0.3455782264677115	-3.9479748320896464	-5.656326593614063	0.14115886701140448	-1.5101286112252184	-3.8268041041626226	3.1293720390118533	5.765380404929112	0.2451119459820684	3.3535786279907525	1.686148271979539	2.8236267613315547	1.165858628746721	5.379569302234885	-1.0437278183817515	-0.6356111039644138	2.3762949190642186	-0.45346607830353663	1.9373006395255967
1-pentyne	-4.2241382659332	3.4578981355150358	4.277550579925302	1.4147190469221622	-0.9879290344980804	-2.4136611752175976	-2.0608032647710135	1.6491360100525596	-3.0166714988559624	-0.8157152501184042	5.82162236479859	4.203050697743653	-2.357827067486698	4.343837501713642	-1.0695540715467986	-1.2954923231478093	5.494294860812252	-0.9779114133668456	-2.2724272009296214	-0.5553380852983023	-0.6905339676117777	2.126234162215719
1-propanethiol	-4.373493025907039	-2.314252756738819	-4.492041153737556	-3.3541796168613898	-4.761528407102339	1.8724155311459965	-1.8849883795125404	-1.0414602932032115	-3.7605345248231683	-1.1811269998550118	-3.021158144678812	-3.778263775580907	-0.6909292530112571	-1.2974907504836248	-0.32325646470904396	1.6311569348502535	0.6856823823726347	-1.1259554043890523	0.797274542900406	0.8943049569171981	0.2100438285781196	0.14151547222385782
2-3-4-Trihydroxybenz	-0.13943822643577972	-11.580602199958964	1.8699742548718674	0.2093412607161047	1.7317579008950454	2.9794811589637797	-4.907998534142617	12.041621895354337	-1.7114853152212466	-0.4160493856728057	-2.5300702939919177	5.630723121876419	-2.6574580741039218	2.217240859408477	3.0137009230839515	-1.4882398606723208	-2.1058074600737227	4.57226641288086	0.3468821090198854	-0.5200994710449307	-3.5582095934683964	0.9176223917176736
2-3-butanediol	-4.1999985392031745	7.299014279943407	-4.410851793039223	-0.11147399218059607	-0.7502428690798404	-2.7140003888698843	-1.346774355557954	3.734405670558298	2.4079965036243913	-6.452814368843931	2.1584550335656183	3.4855359919304485	2.5374634891655	-3.227303507709932	0.39286267771899713	-1.0984324521477709	-3.7929031897683694	-1.6994975651571411	-0.017293758735340715	-0.8341528273489547	-2.584139491140124	1.251463146630465
2-Ethylphenol	-2.4788826263509476	-11.938445707939602	1.661785307547311	-2.0017493596626403	1.0968100444768516	0.28826152632603547	-0.9413570399931959	2.5322171669962246	-2.002820507850215	-2.106159176017855	0.7309921895184305	-1.4255985335840233	5.841779920836447	-0.3572861837084414	3.29861866641433	-2.081770730893405	-1.6504430376758803	1.2271861049541717	0.49445324957519915	6.392056608849181	1.3050332216304223	0.7925306838742007
2-Hydroxy-1-naphthaldehyde	2.2658497421153245	-4.618496427898546	-4.480531729384669	-8.465866357555138	-1.0630018698935986	1.3793860272307954	1.9576211593724822	4.059254204890203	1.5296337908566222	3.1258764226002884	0.08733764951863458	1.9373422946545622	-3.632894042042562	1.0505821045441175	7.0124565358131115	-2.2865382251419257	-0.7052761297749565	-3.5790753858968856	1.9066399474680715	-8.368578558583689	5.963972765152633	4.090805097850141
2-Methoxyphenol	-6.842242983711468	-12.020478196183438	1.7701221990719138	1.909094929294228	-9.826446101423079	-1.0256904900828163	-0.3151493920429985	-4.011952332640958	-3.5629922208098637	-1.5736554020216662	4.337104272996641	0.4881685895354764	-0.487355703983007	2.2922818433350014	-2.6140779629175936	0.5857222017817469	5.048855793823443	-1.7128570324497256	-1.1462475538134793	1.5386939556130115	2.6728384119617816	-1.6680414015921081
2-naphthylamine	0.23660542955241737	-9.818312558546104	-2.043137522483108	-2.1655206233874478	3.4047890863663164	-1.600415847210171	-0.5775826147505346	-1.925837789985399	7.660318825128387	-1.6143849582243843	5.1316453720182915	0.09340302253936794	4.364218084354235	1.4786293972515046	1.6767146962798707	-0.612153174571837	-4.6283190299745804	-1.1598805520951514	0.7877500708452373	-0.8078626218055863	1.8129937985369287	0.9028949119191793
2-napthol	0.905350838740557	-8.138860316350863	-3.222593684246147	-8.62347538836067	-1.4721408762550074	-1.5839485341457946	3.722281424827465	0.6020922715734294	0.1098349615079772	3.8965939330387602	4.352522177005431	2.0172953170294075	3.1806833432729142	2.7176396153980247	3.6420873895325276	-5.148478925918502	2.47231984703434	-5.337293024619245	0.4201829538672881	-5.2737698361163465	-1.955594065743076	-0.4999435318349355
2-Propylphenol	-1.6070060546109526	-11.979833678614728	1.1609501159826343	-1.7178080975384316	3.16982951145295	2.5183445826169333	-0.07909490756372191	1.3651673373185396	-1.1570674403709387	-3.4538863855874946	-0.05336210442063518	-3.848320755054234	2.394615964619858	3.1904601915494872	-0.7165907989653948	-2.5130113590664918	-0.18121188437840702	-3.3955481807744907	2.401963173483755	7.571371671700393	3.787285296614228	2.383068112750439
3-Chloro-bicyclo-dimethyl_phosphate	4.679713935867956	-2.387766950966295	-9.381116971240619	-2.6590881748043267	6.351334817057725	1.4867818297604547	9.396928719557057	-0.10878755109908612	4.8011932519537375	0.39580321529962254	3.983877138339874	-3.3620237728728797	-3.2338768417667754	4.462983384367287	5.463407471336863	2.5169462868695223	-0.46608285849286685	-2.993970767871093	4.264484691160447	5.5952154730294295	-5.362915579937538	-4.781868295450056
3-chlorophenol	-1.5094985567298955	-0.053171339552616236	-4.000755572762105	-7.182020143115514	-1.5398863269966656	-4.430014173883059	-1.2040031124397028	0.6138443253694936	-3.1833304025174756	-1.7823354886503149	2.2332365660319686	0.22239578091210757	-1.4518818032185703	5.48388792073543	-1.2534608422565443	-0.7088754181251337	-4.073452743790995	1.8375625180982718	-1.7916629085513613	3.500429869666124	0.4014259709140928	7.8781366185893145
3-nitrophenol	-1.6672285439860095	4.478481069176286	-2.1892509762833097	-0.6927159845461146	-0.029573234216732906	-5.1706348264091835	-2.9912763985556174	-1.2154055377260733	-7.622096199185982	3.1900753671676316	-4.1097336224418335	2.4527839755149867	4.735418360851757	1.6778997511459612	-5.746447139227759	1.5838549810570535	-2.41013077440959	-0.5178905440613952	-5.448096378935372	-0.5248643349187956	1.8105261207510912	-2.9961341904295296
4-chlorophenol	-2.1672420270368704	-1.4529166956026143	-7.939173673658087	-5.876802972031875	1.4513629147205216	1.6375637684640492	1.921132077943938	-4.623115935189926	-0.007444461839060538	3.940875370230163	6.042645994230562	-2.7544084265783746	-4.753846653498361	-1.8808777625711697	-2.05056066410956	6.562776875359947	-2.5021429722904625	-5.243873911083353	1.3140303060420688	-2.9759233678646435	0.9291897682746495	0.4060254822912396
4-Ethylphenol	-3.155807798540894	-11.598131534828834	-1.3523285515005927	-0.12300693520834095	3.925565688567565	1.5545822100925577	-2.7480798174933736	-4.570832137044564	-1.0101632326809034	2.752298006928619	0.4368151609428716	-4.1042342619976795	6.4282812898646196	-1.8058249224319358	-3.592139531837315	-3.1160648042132824	-1.3347088898487323	2.9776359381753115	-2.2053843958348915	-0.7512805979429598	0.6279238510569602	-0.34860890024017177
4-Hydroxypentanoic_acid	-1.144134882165735	-8.086158657488243	-0.7318362453217552	4.639356208830331	-2.756296581842458	-4.231553669765267	5.9536144543713005	0.7182900244182568	2.3883612606116498	-4.477653980674113	-4.034655107920095	-1.9121610066095813	-3.2691766061074117	-0.8265761585159817	1.493129789462378	3.823372624320503	3.114114128130131	-0.5574966809821387	-1.727034312235784	-2.5772769202748607	0.5288818226651614	4.838411126028715
4-methylphenol	-3.287089415039871	-12.110806309365033	-1.7081467174632288	-2.641167277043095	-0.33042733018078435	-1.7262810006032452	-2.9786768763486493	2.5603886023465265	1.6843727988807973	6.536642124416173	1.9987309255173666	-2.6296482799557377	8.932777745970343	-4.388674329600709	-0.6153147846495117	0.04511140101223198	-1.4542500792726853	-1.70392144342539	-4.303270234080093	1.3870791091120103	1.21829106316203	-1.8088751592823442
4-nitrophenol	-0.7883845628063414	1.8421526122376801	-0.2904890772228007	-3.9336188920128055	-2.8696382075443743	3.414116890859599	-4.509012483986926	0.36606157157203534	-5.205118955851352	5.429335775633696	-8.825837967613245	5.329800768731018	5.802021888131662	0.0020025526578736842	-1.1281902091553753	0.5148224845246591	4.5495692022631955	-4.846340876166511	5.285414390330915	-0.6083774423179619	-3.9870160447121736	-0.13589299240045685
bare_surface	221.3916645793173	1.00035451612094	1.6693883464938728	0.7013089158899758	-0.8569603676993769	-0.988587183096511	-1.2831115502833539	-0.19197104314999308	-0.356187930531018	-0.24953736337802523	0.38390700680164946	-0.34757454876001426	-0.2171916794874327	-0.040219356306710856	-0.32217130873464217	0.04602672027353201	0.260225477144829	0.1990863633535002	-0.3781159775280842	0.02241231571460694	0.28624087736029635	-0.38550029690062276
Benzaldehyde	-1.192542449350849	1.2094152396953444	-4.547614544821848	-8.895504183416643	-2.021229454652842	2.886402773584086	-6.824804665523249	-0.08456278960029784	-1.82545686980085	-3.8169252014374244	-5.159258754813941	-3.4178820329308666	5.1149978032715	0.6625136942945437	-2.034128959557623	1.71488621433578	1.7599087596738496	-2.193788561547371	4.5079701399365035	-0.02558116099710651	-5.472571812517771	1.2757137126698512
Betaine	-2.512630319252446	-12.707887704628972	-1.4395018380491325	5.401148156197657	-1.8644947786129213	5.4810325961794355	2.4378902893604626	-4.685151203395203	-1.1602421211483747	-2.26373327411209	-7.719878859617946	9.29351876625913	-4.424999676870531	7.6861587159761715	-0.902869024242156	4.03732771821787	2.7272016117203304	-1.2057010325501352	-1.2165332984092458	1.978335545250679	-0.9475165208616453	0.10922494259955322
Butanoic_acid	-3.0599538745673405	-9.425618857195944	0.17941160970856573	4.0640998045490875	1.7312395922009567	-2.493340698095205	0.21324229577485906	-7.1408891961779215	1.6731110678627703	0.7595564910300389	-0.27022716644431455	-4.69992205115372	-5.330240076856606	-0.5242802758574949	-0.337449295670912	-2.2054044495594325	1.9139204850681182	2.5614630255258177	-0.912442793362806	-0.6122404875568794	-1.303115459113942	-1.0733076160988355
butanol	-4.797571234957404	4.860343162880353	-1.736807239544103	2.4018570509980712	-3.628317436573745	-3.5556537276149247	-4.312224863478976	1.7638261585000359	0.7938433465815916	-2.254423220934639	0.736204114099492	-2.624364688142003	0.6075261654424997	-5.051204352487379	0.646941697673934	-3.0370664053573995	-0.4132949620283785	-2.0861122997295567	2.3152045993931005	0.22351826846261053	-1.906192490725522	-1.3223416176841198
cyclohexanol	-4.016383563938313	6.361143776942258	-5.099258259259629	5.007321435309035	-4.719150567683654	-1.670801960963482	1.7848421083053094	-2.8627662223207495	-2.7254725238384876	-3.7536425227256847	-5.225533094000255	-1.9662496055480505	3.4499502420030845	-2.7910343800648283	-2.0808423852627933	0.703531709349487	2.3953392971278076	6.744110711007316	0.2384028022227636	-3.2814555288381704	0.3079723436959726	-0.5407681988369212
D-Glucose	1.4801542593486778	-7.451740328261478	0.4658008335967141	-0.7332639206123694	4.658016910077257	2.060402373432069	2.9024031570521562	-1.3510233026867027	2.6199503603392498	-5.209655122099495	-4.422332542884304	-5.949448705012043	-1.841887928703052	-3.508168159081692	-0.46968320012171916	0.026416539936830328	3.7338488017257685	4.685031987311921	5.283320338173855	-0.9891589678323756	-1.903267321666792	5.769336943190601
Dimethyl_glutarate	-0.26700652310028455	13.992184696212778	-4.55452356679404	-1.9318537734720844	15.25640086656155	2.0857548713092355	-2.5671880628567147	-11.274149021525007	0.31134467744901206	-2.907554850881031	-0.6562766383460734	4.389571574204163	10.111090602266646	6.187146617247725	-1.229038681200375	1.5091972907089573	4.127352502500777	2.3957841815024983	1.3086234822286278	-6.617705491137984	-0.43715597453674987	-0.6709350862923565
ethanol	-5.606039731214439	-0.2717138472601287	4.552505461538131	1.4626000474951704	-3.401162963343378	-1.0648177509043442	-5.038107778866666	-1.3499111348183768	-1.6169469220308674	-4.141293387638158	-0.7748849860874366	-3.934141709134141	-0.8100497393879469	-0.5294268027152421	-1.7578097599732578	-0.6218025392423132	-0.3095743117766177	0.9137679320567652	0.2577953632551049	-2.4523991797925246	-0.5203941882627116	-1.7354198995624575
Etidronic_Acid	-0.8797779019856611	-9.696757862605319	-0.3683280441068605	3.4730541300756625	0.7645473798417208	-5.887391641657818	8.449529514888521	7.358306613184606	-3.844803340595339	-3.772838297635399	1.7667889726505572	-0.7192062625483311	7.128100806503672	-5.242978890628117	1.5558351194391504	-5.36664757998283	3.2989466633071713	0.5720918627283885	-1.1343102105170169	-0.6911939894911623	-2.456606992955616	2.317578231138249
fluoroethylene_carbonate	-2.1995711292771016	6.478440768655321	8.115926961189668	-0.3423293695105924	-3.0287948632637405	1.3253989821732677	4.368413719457096	2.1542077940371334	-3.1034743083752425	2.726518217385777	2.199425331019136	1.5340546482970234	-0.5527209626158409	6.077329892759447	-0.8847691992030173	0.645369273549597	1.044030622835525	4.242136077936651	-0.7356880942233945	1.433454611597813	-5.6597570970526	1.3684036504111088
Glycine	-3.8155085541557066	-9.688892616324395	-0.1760748190400731	-2.4229509991876066	-1.9897729205586703	1.4641296836436564	-1.9410773788596691	-3.8387463313274113	3.3769822933284885	-2.097943627349432	3.4551277690490583	-3.3748594149219158	1.454477526071568	-2.789642323156638	-1.662049099857088	4.551770068774456	1.100136487418304	5.068053757760737	-2.0931021615650827	-2.302601868961579	-1.9534051455379973	-1.6156603451219391
Heptanoic_acid	-1.4595983924929876	-9.104750922212947	-2.0606201971074567	8.8011999883106	4.701093494939515	-7.664868571347727	9.363273308236934	-4.305492068662276	-0.47487471478231497	-3.290904531825599	-3.9610561715028694	0.2476736027494101	-3.747953288695779	1.894879367870471	-4.664236657574533	-3.5850532445464682	-2.6861796756230567	-4.354275232991382	-2.8542907462804075	-4.2074293752231675	1.2750592695650234	3.8015714220249195
heptanol	-2.1998020079964946	11.250830857412657	-5.037227693010689	6.944963854060965	-0.8690090942908082	-3.248457715802736	-0.42204334033141305	-2.01707676690182	3.7777606312403593	5.792773343209361	-0.10375496719554192	-4.15031380554486	0.9909624395023587	0.722350912664892	-1.4367181085486025	0.11748199268087187	-4.26843030044864	3.013240348221921	-2.0914969615312313	1.923361727166973	0.5169551098536894	1.4399956639247915
Hexanoic_acid	-1.1156581074089655	-6.8294100477488024	-0.2684521923006849	4.183699599720508	8.52288659533037	-5.135663122942369	2.8281048305185132	-7.03731825187469	-5.855230340686413	4.682918854195209	-2.4487018177158766	-3.859079400529055	-5.187011664947119	-1.4898440308294998	2.716380388793211	4.826692416255708	1.737673055900341	-4.095814631245736	2.2303531268471595	1.7775913971801347	-3.2167065743907663	1.182426492139722
hexanol	-3.1003862689513952	8.69953566808042	-5.85286226142652	5.174233363347833	0.47759283588727797	-3.7547460729966113	-0.9672791406671007	2.5723446749881034	-2.305030727346395	2.5267943888148183	2.1531628182369187	-0.14268060516324668	-0.3068965232659833	0.32807117352835186	-2.1172683626181468	0.23548656996875464	1.0514595664876696	-1.5583241328506834	2.1355016178713715	3.5879968316341624	-0.486478180643395	-2.3882067582563575
Inositol	-0.7107190749023514	-6.677481266056783	-2.2997005663069063	1.168514443365245	12.688950121180165	3.036121465008438	1.6397242009965407	-0.9865479180316551	8.763464848310896	6.325187077529822	-3.894818739044981	5.952831943896272	0.12649087557285923	-2.9066748750842333	-6.4225294560732955	-2.0321695982198453	3.131351629135527	1.4706028458043365	-0.16326690676406755	2.4472217046119122	-1.1391340295713044	0.9680733244605995
Methanol	-6.523854962792635	-9.744063282291494	2.7911441334239457	0.8403069542042528	-0.3955648150455905	-1.9677065152133406	-5.797855929499995	0.9458301755562933	0.2547010947286111	0.28778424227876825	0.8457940982814602	-2.2430488134786866	-4.263269397542213	0.7961113718855585	-1.1870919579111443	1.4152938005313462	0.8558343457550825	1.701278146303286	1.117285196608628	0.405437521653115	1.834023961434348	-2.507379435909118
Methylpyrrolidone	-3.0962035727253254	-10.798723003122479	2.27258590198714	-3.8424517891030647	1.650621426021682	1.5740510054029138	-1.7640799220530667	0.9108940100596142	-0.15188105624667042	2.2421661783991467	-0.42201504531162426	-0.886841140214842	-3.628009891445433	-3.4220907285834548	2.409216891722894	4.047061579047842	5.200572930955481	2.617015522329759	0.1318192214537223	0.7628987877474316	1.9274403878972461	-1.5977235399861467
N,N-Dimethylacetamide	-3.3493295382237	-10.331950907258438	3.6199583822214922	-1.5623883135725898	4.213273532078056	-0.524235872805919	-7.400186189657296	6.977446516856359	3.1914608233727293	-4.78996876318135	-0.44247908922747625	-2.1360528153947267	-5.824869081390459	3.096551802375929	-3.1743954277607243	0.8146664799474272	-1.504833319398873	-0.7383180672017892	0.7287833423152583	-0.9674104334077324	2.240612318176675	-0.7819390940353875
octanol	-1.9494467171059342	11.778598053364023	-8.706693767681166	5.307456120342043	-4.658063445415795	-2.4781449701036684	2.1763622701841627	5.869130419286335	2.755702530984417	7.705031487306257	-6.066419306372481	-6.419860313138751	0.3889911585682092	-1.0812464276573923	0.1981408508440736	-3.054449228987696	3.705817103564836	-1.4837647171633261	0.16441642843393048	-0.03334789317097494	3.31641386528554	-0.4425801179176808
Pentanoic_acid	-3.6787041526530513	-9.180776302356495	-2.7791226120097887	7.9153393198501565	1.8681909050505583	-7.49382880784298	4.577616692496624	-1.1371362884180451	-0.19786293454013318	1.8637873610278455	-0.7913208949115176	1.5872588622749144	-1.5249997143151892	-5.167341796638948	0.7787891090036202	-1.4366013097315677	0.3417445230295146	0.6324778367243972	1.9429298162980155	0.37070836436309723	-3.4300211670590284	-3.2334705512963384
pentanol	-4.080981559683459	6.528597916897129	-4.261374452778875	6.257371721446979	-1.5608876271126466	0.38824296345690507	-2.17673128820309	3.0646678120525577	-1.866156038165779	2.128822798558676	-1.5874133067553222	-0.25875656526882596	0.6947933912943194	-3.040841472181888	0.16457029052618463	0.01584299757443186	-2.083185815028716	2.0775724180182795	3.7509584886696348	2.33219829194985	3.620059057687329	-1.4371681016683966
Perfluorooctanoic_acid	1.2071796212541581	-13.700361851212582	-9.901642019190339	13.14994956334159	-16.25729173363633	18.37300957666654	-3.3528107214226974	-10.914186899657803	2.116788555298687	0.1994718285828732	4.86163251462367	4.988158751887279	1.8088344013754836	-3.0589315443072023	1.6743571529273944	-2.0459474296470344	-2.6420328591555644	-0.6849435901397496	2.1001956546638594	1.341024784836764	-0.21391609462637903	2.8068206273109655
propanol	-5.92571558215156	1.8093919424193914	1.590706254411614	1.958220924079558	-1.512643634904096	-3.3595407418632863	1.2950320274144422	-2.1302439376634754	-1.4094214223207073	-3.483287208756502	4.955215457793458	0.5175697197391405	-1.0337874753879894	0.22291133657544265	1.3700214538626132	-0.5546129637107862	4.679632348485153	-1.5087334075208996	-2.6272413953168754	-0.653828361068729	2.2882606511961496	-3.4374586630607067
Sorbitol	0.6782544717913578	10.570831898667342	-10.027165127642865	-8.728469061514483	2.7657710811703806	2.8650595644958528	4.472749588912523	-0.48084703199045964	-3.241152311379526	-2.9080860525151886	-5.150597635448832	3.259967327822522	-4.517825944816006	0.5254408309671581	6.7501438232243265	0.17320248734546914	-1.7390172314968355	3.121083344635208	-0.9677799269134814	5.564247206360316	3.807624490823636	-1.6317778567924135
Tetrahydrofuran	-3.6292739019087974	2.0000534249773883	-4.0174919317075055	-5.639628254737088	-3.7303870417289673	0.9496521013990185	-3.4691443207408237	-4.973258030606131	-2.9637881465293012	-4.867658738579555	2.140750069311562	-4.559428563983878	-4.523729102409371	4.231774704013682	-2.9834467707265597	-4.309855803352713	-3.845085994266488	4.406821632912951	-1.5839224517452821	1.3403699008676082	-0.8229192136692999	0.8304306904358065
Tetramethylurea	-2.6912292280532477	-10.825312765259598	0.2788302361076813	-2.8971076326037934	3.7821290107645575	1.867777922038937	-4.741538324563089	8.330651818697943	3.590502307492456	4.263212481647032	-1.7800285772577114	1.2791019034406135	0.07710469621365983	-0.993535912629323	-1.59193528996019	3.719453282258925	-0.03407667951904656	3.8094503446482615	-0.09346387891860475	-2.7875438619756974	1.8029483326781142	2.3237789047911117
Threonine	-1.735279947722014	-10.68052453668572	0.029700888486957688	0.3069064923097992	0.5445146741257066	-3.188336689284587	3.781358387258294	3.3299161739185963	-0.2468925569168208	-2.899168583947433	7.1250738994803715	1.1888654239972953	5.629938921415992	0.1967988850590724	-2.3429637926394626	3.8493322538907946	3.5088901035076696	0.4430172527227914	-2.8814662723827333	0.5473139483639856	2.6804976128083653	0.7668008285868779
Triethanolamine	-1.1830562810388443	-10.772768136777898	0.2955056967159336	4.677804633858365	7.301696223798875	2.8203580760319533	0.12186075153200096	2.8658059145158092	-7.418338506219804	-1.696952318355419	-3.852539077450739	1.5249930795083728	-2.0097006942688838	-0.3719099227731319	-2.2464027235924484	-2.700313911846828	-5.327882970597327	0.9643833643750445	2.4167924682460207	0.7530785361424552	0.6991437295585263	-2.428009788188823
