Molecule	PC1	PC2	PC3	PC4	PC5	PC6	PC7	PC8	PC9	PC10	PC11	PC12	PC13	PC14	PC15	PC16	PC17	PC18	PC19	PC20	PC21	PC22
1,1,1,2-Tetrachloroethane	-1.849990742799977	1.381841135842497	7.844436130428496	-2.7187987705191645	-1.9110606287373813	-6.128565764295209	1.2118202547617212	-3.62507130549275	2.5944827742433594	1.8302610466970592	-5.710855001153611	7.021001678861509	-1.3468772153966528	-7.305076963397005	5.122173223093168	0.23351665147500153	0.9386781260993436	1.7831706788528183	-0.9337109393578572	0.6405083199023981	-0.6890200453346723	0.34529418761322056
1,1,1,3,3,3-Hexafluoro-2-propanol	-1.9394105710522853	10.38535630640424	10.304287977328134	4.085332040770267	8.582451639297954	13.333864655912443	4.094220642370049	-0.7754246838182104	-8.051651846331511	1.29737229304428	5.3535953179064295	-5.438857814710817	3.2396955393602735	-4.215711853096457	5.631824205805636	-0.21976202532206354	-2.432253874452372	0.6181063881113954	0.18819197708796193	-3.54844612042105	-3.359575736555933	0.6128690330679724
1,1,1-Trichloroethane	-2.90682406063716	-2.3891875719270548	9.626070975368815	-3.180076416376202	0.34747015214809635	-5.086555919418387	-3.376167839844483	-2.910300653488062	0.10070978724801594	-0.5861459973024211	-1.9829853213573205	1.246786023896455	0.5057598860727415	-4.781919031208474	-4.245875632556213	-5.764723229467265	-0.9493931514106516	-7.431938756435128	1.086870964415137	1.16525669428995	-1.1181498167299104	-3.613513777070075
1,1,1-Trifluoro-2-propanol	-3.8045362675754464	8.4902516863014	10.52491986977276	5.122798570629308	-2.8801208575791812	3.359384037521874	3.99138508447553	2.824474116473853	-1.7218853498838107	5.538413058442089	-3.1753360986302135	-5.500865952240669	2.216167353826551	6.055309605202846	-2.7258161184639955	-1.3941047392601769	-1.8311389566908616	-3.923871518324425	-2.044036224845005	-0.6203185412081978	1.5908724763157285	-0.5845432415015178
1,1,2-trichloro-1,2,2-trifluoroethane	-0.6925697907032645	3.2847253936174687	5.027966407780199	-7.1523726479069	-5.07673079800015	-0.06651359421043665	13.544333055745469	-2.358053501807954	0.9492834814804987	-2.455100536080281	2.3966579915805957	2.9025703184566405	-1.0713648819318389	0.11391022870033049	-8.53439599090401	-0.4405977050318817	-3.213325722281507	3.3363293720429827	13.120345571288496	-1.3619478800281537	-5.066497904328548	2.7651408844335266
1,1,2-Trichloroethane	-2.652326765181255	0.44405225514588054	8.097042704766	-6.435894227558474	-1.6217195378621563	-2.120860870569559	-1.933681759505715	-2.60716392187446	9.98515853173572	2.394942155500874	-5.157513579849509	3.9524684898795357	0.8699635739475738	-3.7180367332451616	3.2332460730750356	0.6000029717506019	-1.4065081975746792	-0.6748018183840825	-1.9862806095325503	2.8656697038245813	-4.011125857483352	-0.7023185289237882
1,1,2-Trichlorotrifluoroethane	-1.3075659601305993	4.219377281031983	5.420472822212944	-7.7527548674021585	-0.01477398141693634	2.189859753786782	3.080809012635741	-4.198681634035199	2.1125357496764465	-5.205974558840448	-2.601943191719154	1.6772561742166507	-1.0736195180193895	-6.154439131973174	-1.426650238262285	2.8564057863972	-6.9476441077057265	-4.397591980864715	-3.457490597268384	4.030675279251982	4.318149929945193	-0.10290668952869231
1,1-Difluoroethane	-5.195041474775804	-0.24704019814227382	12.263470359245035	5.132583868200736	-0.4309600964655989	-4.2204163438091475	3.1488591946883226	-3.021541120598248	2.9852645919110277	-5.133014836177802	0.13336086482438875	-2.8736254749285797	0.8439057929282833	4.024701735101774	1.308611961699573	-4.804750712773749	-1.7077644639367198	3.0260478985690002	-0.07764498861287202	0.9746663863729147	-1.8029639893705063	-1.5843046034516055
1,1-Dimethylhydrazine	-4.373476355108633	-6.435269914590819	-1.7979777747005539	-5.760227479226817	-2.0977068981042124	-1.6184022829874107	-0.8058409935213937	0.07051189754605292	-0.49904741676600606	-0.7980579550805671	3.0229017883710454	-2.4460448611728713	-4.150049280146551	1.6728040235467951	1.4888307101360279	-2.1997184574725446	2.133743947562671	0.88366335668427	0.9456422620241383	-2.692894002644682	-1.074105965576598	3.4582280864647728
1-2-3-hexanetriol	-1.4935235205363233	10.57444113397611	-8.730040160025036	0.6981914023646733	-0.16671389453627516	0.7716493978309674	2.9245427016543526	1.170135810212897	2.2199016324357195	6.889264363620903	-2.4131374869110855	1.8300688463645223	1.9187484555012202	-1.0360183705847037	-0.18290043178860427	0.9868897480486577	3.519494487492038	-1.0867212137958224	-2.0426421250738644	2.1455968453013825	-0.5439809084454948	-0.17296512214107762
1-2-Benzenediol	-1.1201230582461554	-12.290937606302553	-3.673007917133736	1.008686196739143	-4.967583418059766	5.139489677770187	1.3571112211069303	2.1961937153290076	4.047871809637443	-5.943855043012392	-2.858097113084899	-0.6232105399419571	0.840161212892899	3.354328864588355	3.5787666038297368	2.2541589062066434	0.9660147574707242	2.8440554684778534	-3.3753570270586737	-3.7080272278363267	1.0365632599176116	-0.28099362142917717
1-2-Dimethoxyethane	-3.895026021536569	5.242173133805007	-6.342837851372285	-5.4223371697253695	-2.8215951771001806	-1.899086101028237	-4.6113190086129485	-4.308073789284765	0.6525391370071395	-2.3459771857619316	-3.446700589187033	-0.6838908609192573	-4.4870410830075755	3.602884396223439	-1.8299222743746286	1.092458372951464	-7.455992588279595	0.4311729670781228	-5.892877734038988	-0.4778333228549524	0.5872937910778402	4.28596673640027
1-2-ethanediol	-5.816128699359176	2.196264671773234	2.900979973443459	2.4240330942038497	0.13946980117189706	-1.469455746270576	-1.9261567861803448	-3.4132272436949336	-0.06721387781402761	1.1412541982184696	0.30413036589825804	5.024424183849591	-2.4755280853571953	-0.6199025690981809	3.399639575977037	-0.6465283616062228	-3.3292712802903437	2.6243629415075436	-1.5867721691626868	-0.16819553711308805	-4.032907273170146	6.139235975617391
1-2-heptanediol	-1.9831954701227736	14.048783590722323	-10.996581336915538	3.6404633583915427	2.9254753555925177	1.643326033432237	-2.3925708411352193	1.2632311879320457	8.262921210012546	0.2914205811121144	2.9692554102182798	0.6493161014268032	-1.9966648214584959	0.28731195976772766	-1.9766653363495763	-2.363000489745991	-4.7431179670769135	1.5007245721081819	0.17174856269334354	-0.9987852853740385	2.4043347651833216	-1.054266225348306
1-2-hexanediol	-3.1263969494112596	12.379304010824683	-8.185406888583515	2.7304690866343613	4.100831488248187	1.8076702091417678	-0.0374576981107267	3.415465337055579	1.933208300336289	2.3636663637086066	5.269715258213887	4.92182191332632	-3.162467283338062	-1.9320758052431153	-4.911883255829512	1.3747094600235046	0.9527410485875684	-2.9096968732992408	1.0441130163513734	-2.8100724124776404	-0.5548940531825285	-1.672520227029433
1-2-octanediol	-0.932268153165931	14.944773307119302	-11.733040443265363	3.911270181993453	1.0590494292021082	0.237767825777663	1.2804356223290603	4.142953564721679	4.910666679182839	-3.06630020744333	-1.4840767290584536	-0.08681033203171018	-0.05456466201541335	0.43223069523695845	2.2802180266728165	1.0046819690307323	0.3274890596108412	1.2600728369582124	-2.6860747146563564	-0.3811779929870037	-2.662982728015531	-3.060954410815512
1-2-pentanediol	-2.311343655119503	9.146855434359471	-3.593572622957125	0.6562006857732418	1.2294605295008807	4.399871194882826	-3.4289460361655735	0.9191472764702213	0.8092783303888552	5.394715935525925	3.4460967322766582	0.7084986099514986	-3.6495970074991737	-5.821830128364202	-0.17517720504569412	0.13043038399092627	0.041565116082023276	-1.9990340990243873	1.5844756414947128	0.25360066103092005	3.1937739453053156	-3.0606150498819047
1-2-propanediol	-4.918968227949063	4.8781178488709225	-0.1960932287997022	2.0427055317461047	-4.130953790050376	-2.5353115492774996	-1.1539711843210212	3.4230050359329938	0.47404344606871884	5.195007934312297	0.9699852642413237	0.806188695199608	-2.6975259384006733	-2.245136688689133	-2.0513574418334692	2.9221403958222423	5.724124428259376	-3.5522592756087668	0.19278842936751853	-0.8135494082850687	-4.435756620308336	1.675279714746632
1-3-butanediol	-3.9068187847786144	3.051953331719273	-5.288790995836287	-5.745438889942821	-3.8352103897620746	-2.062136149478733	3.3878681176720526	-1.2241630974154274	-2.866784162940511	3.0220245124963556	-2.213503129142938	-1.451122961363708	3.4311841038394366	2.7926890804231363	3.632285347662905	-0.09510649835640957	-0.018658559092445282	4.869817802132487	-0.7753203063748935	-1.2788610158647211	-3.4371884589690236	-2.96225221568613
1-4-Benzenediol	0.08588648631512383	-12.459071045292315	-6.932734904446978	6.190343386833511	2.631631335796018	7.154182506386478	3.8426490746162516	9.405093245414596	-2.9503316744305614	0.5558951779915613	-1.0853122916578286	4.247011608002493	2.142359322195829	4.230432298145676	-1.4958601378190097	-6.5926007211362085	1.000113421653285	-2.9784868084717586	-3.4248941657192993	1.0588596169453772	-1.111931883538349	5.396495376640668
1-4-butanediol	-3.821777448123472	8.40120251241027	0.08295800977942158	3.0555589949860793	0.4489980051635464	-1.947195519747235	-3.186103826524591	2.223294363885499	-1.1294957652998412	1.9906838871165269	3.3961398539534953	4.818162455449482	-2.559566454186141	-4.378862435909677	2.2550894520996567	-0.1891315789340177	2.2872190685539295	-0.37945476768075176	1.700822449405437	1.3123357395967148	-1.3447338451566366	1.0235225378136281
1-bromo-1,2,2,2-tetrafluoroethane	-2.4562349303014406	0.23309692143596514	2.592746098223626	-3.3032347400754434	3.068066532975705	-0.43377562876053727	0.801868918717507	-1.5839536873148752	7.6140489544385455	7.362765877333429	2.1594672453811925	-5.135845708542673	3.1255066065805934	1.8927518346684393	4.301084138186769	-0.7678030525888457	0.8029550871301033	-2.1323630101992475	-3.9637526981486357	2.1401152686236333	3.3357827453521756	6.0118969187445375
1-bromo-1-chloro-2,2,2-trifluoroethane	-2.7977929121778016	-0.23617649687670306	8.171763739534395	-4.461698778332928	0.9540476428743945	2.771248535087707	-2.30885228146919	1.4425803793260998	3.507367250811964	3.388241689190156	-4.31968579540072	-3.876864056336725	1.7202295872443307	0.35251396612623626	-4.39517633490127	-0.5443880646277518	-0.5989975857732905	-0.31504825108792656	1.2938835548095695	-2.902510768733786	-1.3954518694096558	4.364537267778139
1-bromo-2-chloroethane	-4.005455672226533	0.7014847695381231	7.844658137337316	-2.258017816127296	-0.8466760365217931	1.2737243569905954	-2.1903838194008936	-4.247476744127741	-0.40185917289191764	0.9746677883747735	-3.1896187088035117	3.327428058652478	1.5919087466160464	3.430084596414595	3.4388695903785114	0.33191931711609035	-3.7146005943742884	-1.216016130766019	2.941852692753381	-2.4333302078778942	-2.3262548041062567	-2.5169090988032994
1-Bromobutane	-4.169866911546265	7.418035420346652	4.642823514782366	6.542424251273959	3.715670370524711	1.2988725049098029	-8.156954303817944	-0.8376813889141378	3.281109946515913	-5.779061130881109	-0.6473319441605788	-4.692518606128427	-0.10939952285291896	3.8416168248197144	0.5313446380152312	0.3167922109380926	3.688228507731944	-0.23053748396408508	4.1154231888867825	-0.424829142581408	-0.3017535116088858	0.5154645075139782
1-bromopentane	-3.580108714785153	8.56802930609684	9.168532246464459	5.278471088576382	7.023042158356092	-0.5052620831010324	-2.0381278733055512	-4.509764146358224	-7.697657011282436	-1.1589506233246276	-1.5373406752176466	2.7459756928663226	-2.331919663288944	-0.3099091410405941	6.699713483884474	-3.650315715550664	-1.876236292698302	-2.2703033102082535	-1.3571376660317764	-4.361810960678755	1.7501328558150016	-0.6311453839008268
1-bromopropane	-5.048578862458445	4.62935870521165	4.401541549742098	0.8597723920805836	5.156964409608991	-1.2941096998293415	-6.0893935548913305	-3.427480705175529	1.758911416903046	-3.813937954799633	4.754683350777306	2.1056205986864134	1.8423015196057462	2.103022288327449	1.7851220613612646	-2.266627703735309	2.640536392461183	-3.172190666402772	-0.8404988306666206	1.9376994506387857	-1.8556576337407746	-2.7509003659192763
1-butene	-5.2028563709136355	0.38075849273068274	-0.549658995710657	-0.42065113698720386	-3.1419764034758773	-3.9251621010604025	-4.969311549373064	-2.0982365140392596	-2.211910696445182	1.071362232800462	0.9238529778278017	-2.66836460906807	0.26876141922769836	3.175837983085911	-1.1354417326330168	1.2053624216020973	-0.828696651654953	-1.083158280653401	0.6476792073168196	-0.6903606985021716	1.4459539005027247	0.8500574045535373
1-chloro-2,2,2-trifluoroethane	-3.88374123015162	2.0314036670971674	9.881937346246684	2.0623750177369398	4.557151836921385	7.8376351915732165	-2.9015688996530518	4.6081578759750235	-3.6249035527680205	-2.180798559493114	3.845788888848309	-1.1897909894968057	-2.130481617049544	-1.7909194541301015	0.6263093520141652	4.869831963327003	-1.382364400071511	1.7784083888317705	-1.0002923724065123	0.9161072509750416	1.8142053523015027	-1.7799558578818109
1-chloro-2,2,2-trifluoroethyl_difluoromethyl_ether	-2.865013128667765	12.287213120304019	3.4449565096297654	-6.303623410845187	0.901876415666679	13.616994343009244	7.4950308240660695	1.0439787327075878	-1.7835760114460235	-2.176722619349701	-0.8785716166394876	-5.320272848996658	-2.131340687435393	-1.17642425181343	-4.2777626797835575	4.671555692517415	0.7283446219236568	-2.623337052209402	-7.2691568516020455	2.1569672369573647	-3.06322877290968	-1.358731408295812
1-chloropentane	-3.0033468122343243	6.845234757790369	11.838028519631367	-0.7204767733477527	-0.37125124051241937	-0.14186978550068666	6.055790649757873	2.407672667665431	1.756455176116078	-3.23308044258209	5.850052528475591	6.997741358909238	1.0325604727927429	1.06581496920217	-3.6394778559321654	-0.6626617404683011	1.8945103181621463	5.5598739389161365	-0.1007575123370829	0.34037759917135324	2.2371239683968556	0.6515552104822165
1-chloropropane	-4.8524890108977345	2.488795767690219	8.197117165001757	1.2403780692916142	-3.5970329604777183	-2.8948584515182505	0.09157650138455005	2.1664903406731706	0.9895886266554805	-2.234110277810906	-0.1908773480057274	-0.3364958993371242	-4.31348935247953	-1.85411297782637	-1.6052461264080504	-1.8086492172966577	-0.3386215782808277	1.7475903077095924	-1.785025887772866	-1.6854956221924138	4.155596345646335	0.8705922350257959
1-hexene	-3.9332282640633984	4.139673709344449	-4.477998235858161	2.6092006428855146	-0.723410468980415	-7.742920065707149	-1.6088076693532298	2.1126447870051868	-2.6508358794426625	-1.2290868514351458	0.3725593880554932	-0.07747788066288298	3.779865996970414	4.90267372280207	4.597268789451828	0.6907307786584345	-1.4357672855629176	3.472290945521645	4.668652381642168	4.698412358812868	0.43541383183142307	-2.795173827322342
1-hexyne	-3.276382690257496	5.893024189248669	2.7752806251594992	0.26738714549066356	-2.083591849700218	-3.4428985254025957	-6.814337244747894	4.471222169007662	-0.1578190921198673	-5.930878461723838	-0.06457709320752025	-1.0162633304734625	-4.321395181291672	1.6396213004967486	-0.3199158290535824	5.5453411444529985	-3.1014833888380933	-1.2894226999281393	1.825842958309915	-0.41164919924776316	-0.25772961267368105	0.8135051502352599
1-methylthymine	-0.30060124553763323	1.2486250626198137	-9.745779536363257	-9.241383553633328	-1.409418265563198	-1.114853411390974	2.7508214920140435	-0.46827770678703945	-10.27431023737446	-6.013862076414091	0.17724612462028383	-0.7124717663491206	-1.3825911048902826	-7.371222206108665	-1.062346015595547	-8.188013997354679	4.386482300164941	3.444782117465735	-1.6739136483963868	-0.6318801194563812	2.6455582922845573	-0.5322548411034841
1-nitrobutane	-2.793755567723296	10.419249912937707	9.989044718607534	2.8944499978829286	-10.01767936634904	0.6937018796227734	5.26789909539519	2.790569140100498	5.020408795910383	-0.6915804923929038	-4.147107427909167	-1.6187183779035823	5.290842986274325	0.9167789040542184	3.558176143616657	-6.707371243912602	5.43051377297261	-3.23083439671092	1.579128666521348	-1.764005798074582	0.7482917910277754	0.5099771507344518
1-nitropropane	-2.9900092016492965	9.286622939041456	10.448550868097191	-2.487233640393526	-5.445826059417559	4.0666686854978105	1.8918807246814455	1.3209477345174079	3.5004522583607494	-0.47364092001182373	0.5570487389471735	-0.11257006504958249	-1.709232916507468	0.8541102228690246	-0.06518076512272993	-3.9354483245392853	4.614557580231073	1.9121053273926867	-0.6142156490080347	2.9039067846920434	3.7140196798505167	-0.6607689090762395
1-pentene	-4.518113485527263	2.6603472790430787	-0.5414456451288164	-0.2971348365719616	-4.029419818551575	-5.632249132597032	-0.0108867809749447	-1.3443978971118655	-3.9521718574882483	-3.4887504881080917	5.4673655454062695	1.3522658828322627	2.932288542647751	1.771415881384649	2.8658996969161494	5.2308035015883885	1.6772962790199093	-1.2571045816412478	-0.6086284736405648	2.0358526003570443	0.8087898974814696	-1.8602068480872231
1-pentyne	-4.251209666166822	3.522560347620688	4.290190944858241	1.4272414471554584	-0.9914796796328241	-2.3718712693239365	-1.9173497428679254	1.5495351102242192	-2.8319320473297345	0.05063049008837874	5.313810758928628	4.9994180808857935	-3.517150240028805	3.525859398451802	-1.624287602045511	5.488836626666102	0.4485506009743721	-1.0609571366277804	-2.2125305710171164	-0.5504844552035822	1.5113444060762329	-1.6864107522424459
1-propanethiol	-4.398121332418636	-2.2610488282025174	-4.501168404534437	-3.3297289892769957	-4.759022098464327	1.8949104044368688	-1.9253679273091107	-0.9354162171351875	-3.771286021852553	2.129426853032945	-2.227710145932152	-3.941679505344526	-0.17572766067374962	-1.4187984043642243	0.1868995794938253	0.3312672060070257	1.6388511568942863	-1.0922334037113222	0.8407752279007962	0.6001547306486188	-0.12674791026969506	0.04764413110483706
2-3-4-Trihydroxybenz	-0.1887487930980026	-11.525787277390108	1.9440040000712147	0.19989617166572124	1.8038492916526878	3.0053601833311094	-4.254865252172773	12.032089268414234	-1.8161953485029267	1.0331689488481017	-2.9697020303156116	5.2804968348725545	-3.517353588898638	1.8797120542920729	2.767588756947582	-1.3702032273423492	-2.983289824884617	4.162190930994832	0.4215345019904198	-0.5114369494366994	4.503835494926172	1.2803571182199922
2-3-butanediol	-4.2082280068517814	7.237211405082374	-4.394904932525181	-0.10240548735982431	-0.723180902595549	-2.655886353067197	-1.010180904320228	3.2960798108013414	2.812532275337114	5.584041505949877	2.43485920034596	4.3550020958241955	1.8369835348774435	-3.447965929045852	0.6226217490823711	-3.3876322447777754	-2.382838033386473	-1.9451965253280152	0.08353505117507651	-0.9527615030124956	3.027004732114376	-0.3037834576096004
2-Ethylphenol	-2.520011255870646	-11.807992555084398	1.6883571988621606	-1.9848197598687052	1.0848137709877292	0.2616046608579961	-0.7976520699760119	2.498630228069975	-2.02892071533242	2.558773680413342	1.5646442228972675	-0.15430005673845268	5.670247122520275	-0.10579817415169628	3.136914429870794	-0.6357929157488874	-3.9293117001557665	0.18398373548161553	0.7782658007470489	5.1638034487814855	-1.8359769330738882	-1.6692249528619287
2-Hydroxy-1-naphthaldehyde	2.2295462988481254	-4.642003514321447	-4.458467495607074	-8.437540296931783	-1.0294382183471402	1.3840138761110545	2.1643892777362574	3.9185086608504784	1.41673359087926	-3.6550590731885393	-0.9572711017270429	0.8350454569120106	-3.4443097400532485	2.768334393436132	5.646117684732673	-0.13360589907519485	-2.474130741806431	-3.3739950099141676	1.699119822411419	-10.606410650390437	-2.038022288384997	-3.9426604854188407
2-Methoxyphenol	-6.870587200836262	-11.88499550453313	1.7939456333530919	1.931378666129745	-9.814030112603637	-0.9365930136288569	-0.4509416101265939	-4.12295523339746	-3.309483750086667	1.1095661294126309	4.444448422216821	1.3568752418625014	-1.05853352333626	1.4679774884566679	-2.5282395991351048	4.607355062615042	2.2991261186375436	-1.6616936067581656	-1.1231357048202892	1.3941861431503417	-3.7063142735536783	0.05575584572713427
2-naphthylamine	0.18580569325796392	-9.704058290171599	-2.025082015620186	-2.16473152884798	3.391867639622356	-1.607005837605586	-0.7019600499180877	-1.8658327609676022	7.716730988899963	0.5048429087224692	5.301738500516262	1.2662021114751032	4.078996185864498	1.8032487107001833	1.357013280170216	-4.373159239537974	-1.7039274883506887	-1.1319625230334625	0.7926306780473787	-1.2220759220730564	-1.3205131116110251	-1.757516032460173
2-napthol	0.8525683792250267	-8.085875404052711	-3.2079995092720104	-8.567421618884447	-1.5053880916188078	-1.6267744525538999	3.73511726254818	0.43625891097543745	-0.060497399852102056	-4.791503722941402	3.412002583669366	2.3313035828940967	3.0298948235673375	4.386951932564982	1.4369737932181008	3.2860316982032374	-3.338282239867633	-5.194650643133098	0.4222484156914882	-5.45657727041443	3.5318176018680414	2.573446342288708
2-Propylphenol	-1.6505041748942761	-11.824287099050931	1.178329227692825	-1.70885452855025	3.168939658616919	2.471028801507157	-0.02100256384572793	1.362494467672328	-1.156808111504268	4.218466589212941	1.2962245672395838	-2.705020117717738	2.3798480929868733	2.855579569689386	-1.3017468040856024	0.3806468482594865	-2.4888439466231262	-4.237577998120918	2.7918995301508938	5.838113590553757	-4.062884764477645	-4.182868143101492
3-Chloro-bicyclo-dimethyl_phosphate	4.6230444733960905	-2.319753860858708	-9.401066955285032	-2.6663465595838276	6.320997198792516	1.398577960882804	9.2915093420524	-0.38329796453959575	4.73696720828114	-1.10883460981897	4.141851988508579	-3.2552445019903686	-2.988147230436478	4.9831527903749775	5.282863787420654	-0.7621035689742547	1.7437633122154135	-3.057808470567907	4.336462669143263	6.7911400716890045	2.6720504984543108	5.608806912665733
3-chlorophenol	-1.547929738171016	-0.0012826360640289503	-4.026435892169192	-7.132844145772431	-1.5906383822492027	-4.447028306843831	-1.166355006530052	0.7133265579694157	-3.1149037850165757	2.0936942062153743	2.735152494358437	1.0986498343522677	-2.134217556220669	4.5244482907588335	-1.4524773428431872	-3.7561062426123013	-1.6213090320961534	1.4899952387269615	-1.695205730810671	3.007780382028924	0.9850578305162095	-8.442338848437299
3-nitrophenol	-1.7134930043843315	4.593672534755522	-2.2390338556316887	-0.6334723787690211	-0.13602668692263242	-5.220249862078496	-3.1757892726457513	-0.7492202829495028	-7.850068147642321	-1.7944566931765673	-4.21630596852629	2.740951579485006	4.39147862259963	0.8253265446650545	-5.36409303559865	-3.086006093394677	2.3034176947964005	0.013184800379563603	-5.697212205475858	-0.014687042497088344	-2.512008875476323	2.2077425525945933
4-chlorophenol	-2.19901908859311	-1.3738568355572376	-7.9694319385591	-5.8501088003207915	1.4290362911031051	1.5802700657362594	1.65877132229156	-4.520034383711488	-0.16733469299144313	-4.8163404455609005	5.572300958620638	-3.0621842518572526	-4.4281219065832795	-2.5958795198870592	-0.5679503449159332	-4.099471330404179	6.542164191803495	-4.3483672072752	1.2524634844122424	-3.044404305667549	-0.25864865329314307	-0.07474071757492916
4-Ethylphenol	-3.195075254158179	-11.456728914927087	-1.3263435106038588	-0.12125169436079575	3.8938507479856153	1.4797289041261732	-3.00828914555119	-4.233411348921209	-1.2733447173320642	-2.442563111267013	0.7920181076169343	-3.4983131707726822	7.093974076122113	-1.1986389376640685	-4.257353120584441	-0.8828655903080823	-2.4310832575256733	3.062955298928541	-2.20552055024312	0.11224881295664094	-1.631000344393739	-0.7852801996912856
4-Hydroxypentanoic_acid	-1.1831905147321493	-7.999920942339383	-0.7277491293475113	4.641855470240089	-2.766925726990943	-4.1600602466367755	5.974688462422435	0.34814244426544755	2.700292707157629	4.805266994933469	-3.3145130335208637	-2.4824378203176614	-2.889176958377451	-1.031387710031561	2.3657105200485002	2.3126614451705136	4.024117760853998	-0.25878894428480015	-1.8450592993797947	-2.9049169889159203	1.5695516573541952	-4.24852217114348
4-methylphenol	-3.3268304363876737	-11.987992238037483	-1.6780629521501913	-2.6154748155196534	-0.3722009424761708	-1.7246323829360526	-3.008088482881949	3.066365805395429	1.1133049936738004	-6.294218127188582	1.7880638098243467	-1.9306509444931295	9.523135566221752	-3.7037561367930114	-0.322400336195404	-1.4242667198408603	-0.3619977112383267	-1.8214398628584716	-4.181517326019368	1.3689089992738435	-2.1376607687189484	1.0846132100541228
4-nitrophenol	-0.8362759046741044	1.9566258727083745	-0.30093852715871805	-3.8791689602790593	-2.8867733006339558	3.3620604159322722	-4.600039826767273	0.8729279799919631	-5.640516023981495	-3.9290231273141836	-9.721999504626918	4.481169244243104	5.714660153223397	0.4475208074751447	-1.4992909855146452	4.0392453207078365	2.7803936085092475	-4.367619002512527	5.219545993089434	0.16448814813814341	3.844657493123925	1.3532740937791972
bare_surface	220.18172771797742	0.9465469212171926	1.683537172257524	0.7010861975201761	-0.8651344799378842	-0.9720534211589854	-1.2741950520540235	-0.1664561743205359	-0.3361345165468771	0.23897975745651182	0.4539343598335222	-0.28514215344558447	-0.21780303437409165	-0.11207174301330008	-0.28803324588442264	0.23752559757545091	0.13300237368155648	0.20815066921415104	-0.381149211121841	0.057086719403670196	-0.47951492015732694	0.2029481719880252
Benzaldehyde	-1.2176965108316693	1.2600186462468934	-4.570156606226892	-8.841697132285386	-2.0291790094397792	2.8775815543075693	-6.834983291272109	0.24972992599915783	-1.89139109268153	5.312190998428589	-3.627567308894598	-2.6792290617115455	5.393070125075297	0.39411475681888436	-1.702915226649774	1.0707123544500572	2.81284127041896	-1.7547036634558018	4.479063512983065	0.9362228509222067	6.1901074946864885	0.9395619716794406
Betaine	-2.557477977365596	-12.527418130139091	-1.4019215530643951	5.361900322666267	-1.7597406992091587	5.464150261480548	2.189992891154624	-4.810354416020751	-0.7961561350384113	2.7122831201335607	-8.533875233829791	8.23786316815982	-5.5583911463868505	6.527598665119249	-0.7414221824370173	1.4609503541745323	5.484847393931636	-0.7022902895980664	-1.1874989960076627	3.3064186321650846	-0.7602581068976014	-1.3079760698006222
Butanoic_acid	-3.099615609094713	-9.271899205004619	0.1866155084867448	4.059092308406793	1.6862524927663043	-2.5067709306339636	-0.144098155261401	-7.006960326888628	1.7063292168229987	-0.9701733115735708	-0.12945879777582933	-5.663252521454486	-4.441966670581236	-0.00583110827250517	-0.9179125832762726	2.3091950999470474	-1.5818225876661027	2.5038191613703993	-0.9673524984773304	-0.07346549086435841	1.1463325522048924	1.567832349518848
butanol	-4.813695949642968	4.864046249738229	-1.7162326584915015	2.4292065631047213	-3.6438046824922576	-3.4692965280880905	-4.131073330146458	1.7190922917396123	0.8715323002872609	2.042389281429942	1.1970006399695194	-2.566199482079787	1.0464123431907655	-4.432603249208156	0.43209775041715404	0.32197534028223	-3.5323859374552127	-2.448373946689793	2.4003007985495692	-0.17465221617866153	1.7565588507236929	2.020457406440811
cyclohexanol	-4.043602235051124	6.435563867566278	-5.141665733969136	5.020725070430024	-4.739536576748959	-1.6444468973920712	1.6370193137625817	-2.9607138914767717	-2.5253196959751785	4.72429497794485	-4.237967699572454	-1.7642343178106155	3.7397946373064714	-3.0682401831563437	-1.5248120196368016	2.2800584521110108	0.9205283471699124	6.959033643820564	0.10757176726590753	-2.9166986141586366	0.14515752808767987	1.0859295163246006
D-Glucose	1.431371803057624	-7.364326287005028	0.4604595335473684	-0.7317740031253581	4.655718997968439	2.0212879118577893	2.900059737918686	-1.6655088009701298	2.840071124309038	5.685684990306268	-3.111765939666641	-6.499500587217679	-0.8317026322124064	-3.1728911811512117	-0.22994788673050415	3.543820670051618	0.47009193127308285	4.786202506855944	5.259899468718405	-0.29567395896917303	3.1944334900101534	-5.313150966774177
Dimethyl_glutarate	-0.3021612473294542	14.120549384129522	-4.625643371249248	-1.9527804067852674	15.196685385711287	1.8788877762802276	-3.1558614827124836	-10.991492069646721	0.4910533747437867	2.8105203044221927	-0.3725264992676891	6.013584428412784	9.160862898244162	6.018171484978383	-1.9394536102348614	3.2918424080049347	4.0385847521259794	3.407140582465362	1.0870245861511827	-5.37210477438242	0.9487897275878161	1.4145335400978567
ethanol	-5.623108741299171	-0.21227058373804786	4.554754147638119	1.4693687043272021	-3.4019817483678167	-0.9898996452636948	-4.991903056328352	-1.3342707511785687	-1.4116676421956151	4.5157947163658845	0.28168090730080414	-3.678518664023748	-0.44224727574387285	-0.5693206305298887	-1.8347822691968594	-0.29430946807887864	-0.1665655883706944	1.1875166557091794	0.10215923496751003	-1.8800048741761823	0.06956273879122175	1.5699781128214656
Etidronic_Acid	-0.9181694368620921	-9.692602285902753	-0.3103023719406014	3.520903551641588	0.7226784325674568	-5.882105234008111	8.891902196176844	6.518656613900283	-3.6189718987205186	3.6490854631692855	2.4069216338338686	0.5425277511609816	7.073384449206597	-4.408171333295158	0.8081762295294157	4.6052664309157985	-5.361824126747783	-0.1709330718670341	-0.9960357971625606	-1.6241493272259138	3.9205846540342795	-0.4472177523204727
fluoroethylene_carbonate	-2.232294405993328	6.6194569476116465	8.010837786876502	-0.33511134311205404	-3.0561763171209484	1.3068247560318762	4.37079119768565	2.1891944177968026	-3.253183861044404	-2.4625028402919176	1.9124120346832185	2.037587242712582	-1.1449767984337698	5.570705540825452	-1.3068230932294098	0.6303389306067445	1.3524235853102464	4.525179666306865	-0.8313112710193983	3.728952337989237	4.925635298618013	-0.42363753008101096
Glycine	-3.8442613727590076	-9.578446746358216	-0.17153598465992803	-2.4297913746144406	-1.9610052036744303	1.500663400619293	-2.088109376303706	-3.7902779009572014	3.508785453787019	1.5022674481375184	4.046481849049774	-2.7132704728443295	1.6989022675408678	-3.3456615272880486	-0.24297385028132717	0.28613972037238466	4.30400941937785	5.598815997045293	-2.4198166507455374	-0.928604525684535	1.4108473437734927	2.02245058075694
Heptanoic_acid	-1.5006691101528231	-8.994866263553615	-2.0434900742333615	8.81106771430573	4.632861928159069	-7.702532735494717	9.163259471337506	-4.822578963486171	-0.05955946014772596	3.3261283044915886	-3.783132902407671	-0.5527004020225272	-3.5680901629501487	1.8337132145359307	-5.784957770639452	-2.324163141094784	-2.0084176776982434	-4.030960948728081	-2.9378885538639623	-4.750411790341159	1.1754516658591019	-3.096972405575931
heptanol	-2.234321936131642	11.41465926108535	-5.145761584190353	6.914513540190722	-0.9419009638642301	-3.254862946358784	-0.8100952494614245	-1.2393710938688167	3.2754944574685534	-5.1517312846021674	-0.033602709057670044	-4.247438886519259	1.6311599839716338	0.6602186842399327	-1.1981668756096127	-4.076318970746248	-0.9945158892420249	2.9143068115204755	-2.206142678582197	1.7866046261112547	0.09539131240046299	-1.344557501986035
Hexanoic_acid	-1.1566334115694272	-6.669397800967675	-0.2697287878184797	4.2179154215392805	8.409759662066001	-5.263701630032492	2.4479338331116534	-6.911027422945429	-6.030164537314845	-4.186871070340765	-2.7714421426485383	-5.341444291223846	-4.1833222839600195	-0.9966023533542289	3.575788073453266	0.7564268994534887	4.775462799176361	-3.740753589251127	2.1287285401452745	2.2775065057291006	2.925761348473476	-0.6972766562769906
hexanol	-3.116707308470739	8.751000748391055	-5.867921573110596	5.184177379384467	0.43104278010571306	-3.7235194546411465	-0.9298263212415598	2.774090577269511	-2.505193599490258	-2.31521149142562	2.018435324096268	0.14376731829631334	-0.4935296917471347	-0.21598347642923932	-1.8833612363426568	0.8051335311799207	0.6963120422895607	-1.7108340771264814	2.3441773219364546	3.827557098387431	-1.0508060067023228	1.9178798828958217
Inositol	-0.7541215393421182	-6.530847627521882	-2.300836068319056	1.1051428789235354	12.704283667094941	2.9129479707008223	1.3995392833112152	-0.6176914266179724	8.411267143805432	-6.754001588418616	-5.6622653703068515	4.394305264464648	0.1618252295920507	-3.2854754983928536	-6.478041832259237	3.163933737358942	-0.26956740996989587	1.3798851482473276	-0.04952707138024743	3.011954358472127	0.3579194595846374	-1.2206285875258691
Methanol	-6.545242635701376	-9.629186294301212	2.810558624371752	0.8374994299552846	-0.41699335546921446	-1.9078287317413691	-5.751007882518736	1.251196958361128	0.19622735197583488	-0.07058141294442079	1.07733987565798	-2.5067995992917327	-4.108712062338328	0.2764319610338148	-0.7396108954138388	0.5164823949248899	1.5181959055760752	1.8520043835122924	1.006176445864548	0.4941595186033128	-2.6905873043687207	1.5087588551574942
Methylpyrrolidone	-3.1347118249992914	-10.661480744227122	2.293909315232698	-3.834072016115378	1.660275792417692	1.561273541640734	-1.7387165686245778	1.040752610322696	-0.30240218636068283	-2.177271626224687	-0.7676552099379587	-1.706503944253485	-3.273741786111698	-3.55044520047843	3.740254022957947	4.485244374394463	3.6362098239164	2.5691732489636103	0.11540700731639202	0.730723076801931	-2.582517277543252	0.5512450817434242
N,N-Dimethylacetamide	-3.3779116238949407	-10.242194532087861	3.659446757205191	-1.5837896700526806	4.252532330273747	-0.45653364312414807	-7.020845357449204	7.161830813394807	3.297632025280032	5.321328360426633	0.5942512694072561	-2.0322379051612915	-6.026590469358554	1.8466733127763248	-2.9226035497592857	-1.841505184063382	1.1183282350933383	-0.568321118226983	0.6853327439745767	-1.6203252269524706	-1.7804835994791874	0.6773347873763511
octanol	-1.978006054923988	11.848059527544196	-8.779971480667108	5.31250375709134	-4.695537615144667	-2.4108511975181335	2.1424989430656414	6.496030983260071	2.045834624814258	-5.96101555530088	-5.918793523421026	-7.660536079528216	1.8534064100390786	0.1569383168804363	-0.8626333544207508	4.119167178902743	-1.5773374797691038	-1.6495534805427787	0.274308660177391	-0.7311492644520544	-3.3076664729782963	-0.48702985292614875
Pentanoic_acid	-3.6997675148933644	-9.109072731676715	-2.7370305513135773	7.924503439200626	1.7941034205226594	-7.46415616666892	4.51797549023506	-1.416089476799583	-0.11438202079067387	-2.4116950088483864	-1.6196775490698696	0.5929438017146964	-1.2169561864335467	-4.629615721336897	0.8581862279538492	0.745242064587993	-1.8739865152418962	0.3852282671961842	2.0995466196313797	0.8057244361927751	2.471437260874053	4.508693612625736
pentanol	-4.105059535558933	6.596082209797951	-4.272761039556286	6.247046192351067	-1.5609907193381907	0.4207681709942557	-2.087905235541235	3.2972374186571867	-2.0937989183103434	-1.485373048170807	-1.642028082308996	-0.47774109120471425	0.8371056028750405	-3.2026958049378305	0.8063286809356224	-1.8111652781131073	-1.4253003445667913	1.6432904609675896	3.937538168302031	1.1966873474956785	-4.051743002102052	0.39814696001966
Perfluorooctanoic_acid	1.1622780757154705	-13.601631445877338	-9.817386377691408	13.060615236936133	-15.999405616776071	18.466926089075507	-3.7227836834302765	-10.960705008703822	2.394848790377181	-2.113192074053485	3.6652812476448884	5.203089837377273	1.2628965466961284	-2.695801691591199	1.627075384717072	-1.947662821734265	-3.437257341358412	-1.2112970369941098	2.2207629098472674	0.1276781786590178	1.830089004746318	-1.6050300122462482
propanol	-5.943548153386298	1.8639648812286538	1.5952426631500605	1.9810107304550222	-1.5149380315155532	-3.321042230150081	1.3133620197080749	-2.5213070822734123	-1.0451049263825802	2.506401120572831	5.074826551961037	1.2236543446996806	-1.4854721385117122	0.14399015366670115	1.2286251610296361	4.740373831930655	0.1579311312633963	-1.6674964689960383	-2.5664451800617294	-1.1853742604481696	-2.671503239664539	3.0145232235661754
Sorbitol	0.6389230023987881	10.60953668112159	-10.08437703041817	-8.704798240361546	2.8034772334049514	2.741958520825918	4.4454114067888515	-0.7601062643763723	-3.0352030569234336	3.499867309065485	-5.209926799325033	2.431455338363703	-4.898313811163837	0.46095520686229907	7.19040565621046	-1.0705389935364484	-3.0424548949319474	1.9179178070744558	-0.612883499024527	3.6873287701711326	-3.9468921422927083	1.0295063822309287
Tetrahydrofuran	-3.659052030410045	2.057908442212262	-4.049399032730412	-5.619483931055214	-3.729605608338169	0.9355035203783472	-3.6138508160169036	-4.9051841515442085	-2.719185870793663	5.106033169144428	3.404274510534324	-3.8951636174166606	-4.577771863991561	3.5047601446440795	-3.8835546100698655	-2.830488891356618	-4.674250310783268	3.9295629713467073	-1.52101514587785	1.2857766093317982	0.8833978562693489	-0.4805290388472287
Tetramethylurea	-2.723098028142216	-10.721989513043871	0.31428636111230135	-2.912434578713259	3.8167472198821444	1.8785329764864396	-4.471174472191131	8.815584636581576	3.1563082567198983	-3.687208431609189	-2.275214534503823	0.8225267065582862	0.09976384569909509	-1.5611293496848364	-0.46679478255634804	-0.8411312049161165	3.4432425191028697	4.306565732402645	-0.3507579406462836	-2.6256054993415527	-0.6583517903366864	-2.597558032652163
Threonine	-1.7757387331194119	-10.556586534309533	0.04111762498147527	0.3245113260383091	0.5174406133835262	-3.157111817676018	3.9090263946447315	3.055439479182354	-0.06112651787915359	2.2859088764431292	7.641214934544265	3.394604697843174	4.633921531936097	-1.305900353732293	-1.0004449476877235	2.6572278354397567	4.1444175025323435	0.47604406332461785	-2.883017663930726	-0.31852962424729575	-1.8560026854092695	-0.9237350811717583
Triethanolamine	-1.220367644596449	-10.700407523021633	0.352594766931078	4.665000891374512	7.293575049062571	2.7585011478504464	0.3730011023513287	2.5682678059879285	-7.296463468951447	2.488719272032761	-3.732101161343615	1.044195728697589	-2.126892472420794	-0.6029658449166468	-2.47997744617435	-4.601032485354409	-3.5688850723114287	0.8072579110470403	2.373564252421496	0.6486726090730435	-1.4026383675943834	1.8458064823797729
