-23.25486913	0.0	0.0	0.0	0.0	0.0	0.0	0.0	0.0	0.0
-23.22386913	0.0	0.0	0.0	0.0	0.0	0.0	0.0	0.0	0.0
-23.19386913	0.0	0.0	0.0	0.0	0.0	0.0	0.0	0.0	0.0
-23.16286913	0.0	0.0	0.0	0.0	0.0	0.0	0.0	0.0	0.0
-23.131869130000002	0.0	0.0	0.0	0.0	0.0	0.0	0.0	0.0	0.0
-23.10086913	0.0	0.0	0.0	0.0	0.0	0.0	0.0	0.0	0.0
-23.070869130000002	0.0	0.0	0.0	0.0	0.0	0.0	0.0	0.0	0.0
-23.03986913	0.0	0.0	0.0	0.0	0.0	0.0	0.0	0.0	0.0
-23.00886913	0.0	0.0	0.0	0.0	0.0	0.0	0.0	0.0	0.0
-22.977869130000002	0.0	0.0	0.0	0.0	0.0	0.0	0.0	0.0	0.0
-22.94786913	0.0	0.0	0.0	0.0	0.0	0.0	0.0	0.0	0.0
-22.916869130000002	0.0	0.0	0.0	0.0	0.0	0.0	0.0	0.0	0.0
-22.88586913	0.0	0.0	0.0	0.0	0.0	0.0	0.0	0.0	0.0
-22.85486913	0.0	0.0	0.0	0.0	0.0	0.0	0.0	0.0	0.0
-22.823869130000002	0.0	0.0	0.0	0.0	0.0	0.0	0.0	0.0	0.0
-22.79386913	0.0	0.0	0.0	0.0	0.0	0.0	0.0	0.0	0.0
-22.762869130000002	0.0	0.0	0.0	0.0	0.0	0.0	0.0	0.0	0.0
-22.73186913	0.0	0.0	0.0	0.0	0.0	0.0	0.0	0.0	0.0
-22.70086913	0.0	0.0	0.0	0.0	0.0	0.0	0.0	0.0	0.0
-22.67086913	0.0	0.0	0.0	0.0	0.0	0.0	0.0	0.0	0.0
-22.63986913	0.0	0.0	0.0	0.0	0.0	0.0	0.0	0.0	0.0
-22.608869130000002	0.0	0.0	0.0	0.0	0.0	0.0	0.0	0.0	0.0
-22.57786913	0.0	0.0	0.0	0.0	0.0	0.0	0.0	0.0	0.0
-22.547869130000002	0.0	0.0	0.0	0.0	0.0	0.0	0.0	0.0	0.0
-22.51686913	0.0	0.0	0.0	0.0	0.0	0.0	0.0	0.0	0.0
-22.48586913	0.0	0.0	0.0	0.0	0.0	0.0	0.0	0.0	0.0
-22.454869130000002	0.0	0.0	0.0	0.0	0.0	0.0	0.0	0.0	0.0
-22.42486913	2.2714700000000004e-14	8.8854242e-16	8.8786478e-16	8.8826785e-16	0.0	0.0	0.0	0.0	0.0
-22.393869130000002	7.223019999999999e-13	2.8252664800000003e-14	2.8232338000000002e-14	2.8246086e-14	0.0	0.0	0.0	0.0	0.0
-22.36286913	1.8592459999999996e-11	7.270767500000002e-13	7.264967700000001e-13	7.2700886e-13	0.0	0.0	0.0	0.0	0.0
-22.33186913	3.97679e-10	1.55536898e-11	1.5541702e-11	1.5550519e-11	0.0	0.0	0.0	0.0	0.0
-22.30186913	7.0544e-09	2.75885734e-10	2.7568411999999997e-10	2.7584708000000006e-10	0.0	0.0	0.0	0.0	0.0
-22.27086913	1.037608e-07	4.0585175e-09	4.0552115e-09	4.057416999999999e-09	0.0	0.0	0.0	0.0	0.0
-22.23986913	1.266072e-06	4.951261999999999e-08	4.9479871999999996e-08	4.951169900000001e-08	0.0	0.0	0.0	0.0	0.0
-22.20886913	1.2812400000000001e-05	5.010774899999999e-07	5.0072148e-07	5.0099888e-07	0.0	0.0	0.0	0.0	0.0
-22.17886913	0.00010754939999999998	4.2062891e-06	4.2035052e-06	4.205293600000001e-06	0.0	0.0	0.0	0.0	0.0
-22.14786913	0.000748994	2.9294487600000003e-05	2.9272487e-05	2.9287846999999996e-05	0.0	0.0	0.0	0.0	0.0
-22.11686913	0.0043278000000000014	0.00016926407899999998	0.00016912889000000002	0.00016922855	0.0	0.0	0.0	0.0	0.0
-22.08586913	0.020745999999999997	0.0008115139100000001	0.00081082416	0.0008113028600000001	0.0	0.0	0.0	0.0	0.0
-22.05486913	0.082537	0.0032281322799999996	0.0032259271000000004	0.0032272568000000002	0.0	0.0	0.0	0.0	0.0
-22.02486913	0.27249520000000005	0.0106573393	0.01064855	0.010655690500000002	0.0	0.0	0.0	0.0	0.0
-21.99386913	0.746519	0.029197087300000004	0.029173734	0.029191659	0.0	0.0	0.0	0.0	0.0
-21.96286913	1.697362	0.066387297	0.06633969399999999	0.066376539	0.0	0.0	0.0	0.0	0.0
-21.93186913	3.203417	0.125295382	0.12519509	0.12527062	0.0	0.0	0.0	0.0	0.0
-21.90186913	5.01768	0.196256498	0.19610654999999996	0.1962261	0.0	0.0	0.0	0.0	0.0
-21.87086913	6.52394	0.25516985000000003	0.25498341999999996	0.25512702	0.0	0.0	0.0	0.0	0.0
-21.83986913	7.04118	0.27536347099999997	0.2751611300000001	0.27531666	0.0	0.0	0.0	0.0	0.0
-21.80886913	6.306949999999999	0.24667242900000003	0.24647576000000002	0.24661328	0.0	0.0	0.0	0.0	0.0
-21.77886913	4.689259999999999	0.183396079	0.18327256	0.18335705999999996	0.0	0.0	0.0	0.0	0.0
-21.74786913	2.894069	0.11318212600000001	0.11311215999999999	0.113153266	0.0	0.0	0.0	0.0	0.0
-21.71686913	1.482337	0.05798213199999999	0.057931588	0.057970091000000015	0.0	0.0	0.0	0.0	0.0
-21.68586913	0.6302000000000001	0.024648323399999998	0.024628583	0.024642947000000002	0.0	0.0	0.0	0.0	0.0
-21.65586913	0.2223489	0.0086965893	0.0086891552	0.0086943092	0.0	0.0	0.0	0.0	0.0
-21.62486913	0.06510729999999999	0.00254659667	0.0025447022999999995	0.0025460859	0.0	0.0	0.0	0.0	0.0
-21.59386913	0.01581973	0.00061873802	0.00061828086	0.0006186176999999999	0.0	0.0	0.0	0.0	0.0
-21.56286913	0.0031899990000000002	0.000124760045	0.00012467493	0.00012472396000000002	0.0	0.0	0.0	0.0	0.0
-21.53286913	0.000533652	2.0872930699999998e-05	2.0856358e-05	2.0867143e-05	0.0	0.0	0.0	0.0	0.0
-21.50186913	7.40719e-05	2.8969185599999997e-06	2.8948794e-06	2.8963347999999997e-06	0.0	0.0	0.0	0.0	0.0
-21.47086913	8.52888e-06	3.33553534e-07	3.3328925e-07	3.3348732e-07	0.0	0.0	0.0	0.0	0.0
-21.43986913	8.146189999999999e-07	3.18613283e-08	3.1833426e-08	3.1859059999999994e-08	0.0	0.0	0.0	0.0	0.0
-21.40986913	6.45337e-08	2.5241479100000006e-09	2.5222225999999996e-09	2.5236262000000003e-09	0.0	0.0	0.0	0.0	0.0
-21.37886913	4.24041e-09	1.6585447399999999e-10	1.6571322e-10	1.6580835e-10	0.0	0.0	0.0	0.0	0.0
-21.34786913	2.310674e-10	9.036120899999999e-12	9.0313063e-12	9.035542e-12	0.0	0.0	0.0	0.0	0.0
-21.31686913	1.0440139999999998e-11	4.0829612000000003e-13	4.0800579e-13	4.0822754e-13	0.0	0.0	0.0	0.0	0.0
-21.285869130000002	3.9525100000000003e-13	1.5459220500000003e-14	1.5447464e-14	1.5456099e-14	0.0	0.0	0.0	0.0	0.0
-21.25586913	9.086179999999999e-15	3.5540420499999995e-16	3.5508546999999995e-16	3.5529589000000002e-16	0.0	0.0	0.0	0.0	0.0
-21.224869130000002	0.0	0.0	0.0	0.0	0.0	0.0	0.0	0.0	0.0
-21.19386913	0.0	0.0	0.0	0.0	0.0	0.0	0.0	0.0	0.0
-21.16286913	0.0	0.0	0.0	0.0	0.0	0.0	0.0	0.0	0.0
-21.13286913	0.0	0.0	0.0	0.0	0.0	0.0	0.0	0.0	0.0
-21.10186913	0.0	0.0	0.0	0.0	0.0	0.0	0.0	0.0	0.0
-21.070869130000002	0.0	0.0	0.0	0.0	0.0	0.0	0.0	0.0	0.0
-21.03986913	0.0	0.0	0.0	0.0	0.0	0.0	0.0	0.0	0.0
-21.009869130000002	0.0	0.0	0.0	0.0	0.0	0.0	0.0	0.0	0.0
-20.97886913	0.0	0.0	0.0	0.0	0.0	0.0	0.0	0.0	0.0
-20.94786913	0.0	0.0	0.0	0.0	0.0	0.0	0.0	0.0	0.0
-20.916869130000002	0.0	0.0	0.0	0.0	0.0	0.0	0.0	0.0	0.0
-20.88686913	0.0	0.0	0.0	0.0	0.0	0.0	0.0	0.0	0.0
-20.855869130000002	0.0	0.0	0.0	0.0	0.0	0.0	0.0	0.0	0.0
-20.82486913	0.0	0.0	0.0	0.0	0.0	0.0	0.0	0.0	0.0
-20.79386913	0.0	0.0	0.0	0.0	0.0	0.0	0.0	0.0	0.0
-20.76386913	0.0	0.0	0.0	0.0	0.0	0.0	0.0	0.0	0.0
-20.73286913	0.0	0.0	0.0	0.0	0.0	0.0	0.0	0.0	0.0
-20.701869130000002	0.0	0.0	0.0	0.0	0.0	0.0	0.0	0.0	0.0
-20.67086913	0.0	0.0	0.0	0.0	0.0	0.0	0.0	0.0	0.0
-20.63986913	0.0	0.0	0.0	0.0	0.0	0.0	0.0	0.0	0.0
-20.60986913	0.0	0.0	0.0	0.0	0.0	0.0	0.0	0.0	0.0
-20.57886913	0.0	0.0	0.0	0.0	0.0	0.0	0.0	0.0	0.0
-20.547869130000002	0.0	0.0	0.0	0.0	0.0	0.0	0.0	0.0	0.0
-20.51686913	0.0	0.0	0.0	0.0	0.0	0.0	0.0	0.0	0.0
-20.486869130000002	0.0	0.0	0.0	0.0	0.0	0.0	0.0	0.0	0.0
-20.45586913	0.0	0.0	0.0	0.0	0.0	0.0	0.0	0.0	0.0
-20.42486913	0.0	0.0	0.0	0.0	0.0	0.0	0.0	0.0	0.0
-20.393869130000002	0.0	0.0	0.0	0.0	0.0	0.0	0.0	0.0	0.0
-20.36386913	0.0	0.0	0.0	0.0	0.0	0.0	0.0	0.0	0.0
-20.33286913	0.0	0.0	0.0	0.0	0.0	0.0	0.0	0.0	0.0
-20.30186913	0.0	0.0	0.0	0.0	0.0	0.0	0.0	0.0	0.0
-20.27086913	0.0	0.0	0.0	0.0	0.0	0.0	0.0	0.0	0.0
-20.24086913	0.0	0.0	0.0	0.0	0.0	0.0	0.0	0.0	0.0
-20.20986913	0.0	0.0	0.0	0.0	0.0	0.0	0.0	0.0	0.0
-20.17886913	0.0	0.0	0.0	0.0	0.0	0.0	0.0	0.0	0.0
-20.14786913	0.0	0.0	0.0	0.0	0.0	0.0	0.0	0.0	0.0
-20.11786913	0.0	0.0	0.0	0.0	0.0	0.0	0.0	0.0	0.0
-20.08686913	0.0	0.0	0.0	0.0	0.0	0.0	0.0	0.0	0.0
-20.05586913	0.0	0.0	0.0	0.0	0.0	0.0	0.0	0.0	0.0
-20.02486913	0.0	0.0	0.0	0.0	0.0	0.0	0.0	0.0	0.0
-19.99486913	0.0	0.0	0.0	0.0	0.0	0.0	0.0	0.0	0.0
-19.96386913	0.0	0.0	0.0	0.0	0.0	0.0	0.0	0.0	0.0
-19.93286913	0.0	0.0	0.0	0.0	0.0	0.0	0.0	0.0	0.0
-19.90186913	0.0	0.0	0.0	0.0	0.0	0.0	0.0	0.0	0.0
-19.87086913	0.0	0.0	0.0	0.0	0.0	0.0	0.0	0.0	0.0
-19.84086913	0.0	0.0	0.0	0.0	0.0	0.0	0.0	0.0	0.0
-19.80986913	0.0	0.0	0.0	0.0	0.0	0.0	0.0	0.0	0.0
-19.77886913	0.0	0.0	0.0	0.0	0.0	0.0	0.0	0.0	0.0
-19.74786913	0.0	0.0	0.0	0.0	0.0	0.0	0.0	0.0	0.0
-19.71786913	0.0	0.0	0.0	0.0	0.0	0.0	0.0	0.0	0.0
-19.68686913	0.0	0.0	0.0	0.0	0.0	0.0	0.0	0.0	0.0
-19.65586913	0.0	0.0	0.0	0.0	0.0	0.0	0.0	0.0	0.0
-19.62486913	0.0	0.0	0.0	0.0	0.0	0.0	0.0	0.0	0.0
-19.59486913	0.0	0.0	0.0	0.0	0.0	0.0	0.0	0.0	0.0
-19.56386913	0.0	0.0	0.0	0.0	0.0	0.0	0.0	0.0	0.0
-19.53286913	0.0	0.0	0.0	0.0	0.0	0.0	0.0	0.0	0.0
-19.50186913	0.0	0.0	0.0	0.0	0.0	0.0	0.0	0.0	0.0
-19.47186913	0.0	0.0	0.0	0.0	0.0	0.0	0.0	0.0	0.0
-19.44086913	0.0	0.0	0.0	0.0	0.0	0.0	0.0	0.0	0.0
-19.40986913	0.0	0.0	0.0	0.0	0.0	0.0	0.0	0.0	0.0
-19.37886913	0.0	0.0	0.0	0.0	0.0	0.0	0.0	0.0	0.0
-19.34886913	0.0	0.0	0.0	0.0	0.0	0.0	0.0	0.0	0.0
-19.317869130000002	0.0	0.0	0.0	0.0	0.0	0.0	0.0	0.0	0.0
-19.28686913	0.0	0.0	0.0	0.0	0.0	0.0	0.0	0.0	0.0
-19.25586913	2.3634030000000004e-15	1.0305043199999999e-16	1.4108129e-16	9.994688e-17	0.0	0.0	0.0	0.0	0.0
-19.22586913	9.688980000000001e-14	4.554456e-15	4.871770000000001e-15	4.674922999999999e-15	0.0	0.0	0.0	0.0	0.0
-19.19486913	2.897388e-12	1.3604609e-13	1.4598611000000002e-13	1.3963871999999998e-13	0.0	0.0	0.0	0.0	0.0
-19.163869130000002	7.35933e-11	3.4614259999999994e-12	3.7005178e-12	3.5491708e-12	0.0	0.0	0.0	0.0	0.0
-19.13286913	1.549645e-09	7.301325e-11	7.774333e-11	7.4773964e-11	0.0	0.0	0.0	0.0	0.0
-19.10186913	2.7062119999999996e-08	1.2774197e-09	1.3548451999999998e-09	1.3065375999999998e-09	0.0	0.0	0.0	0.0	0.0
-19.07186913	3.9203399999999995e-07	1.8537195e-08	1.9583576e-08	1.8934646999999997e-08	0.0	0.0	0.0	0.0	0.0
-19.04086913	4.711069999999999e-06	2.2313611999999995e-07	2.3484250999999998e-07	2.2764501e-07	0.0	0.0	0.0	0.0	0.0
-19.009869130000002	4.6968299999999995e-05	2.2287791e-06	2.3359955000000004e-06	2.2707817999999996e-06	0.0	0.0	0.0	0.0	0.0
-18.97886913	0.00038853700000000005	1.8470771e-05	1.9281906e-05	1.8792956e-05	0.0	0.0	0.0	0.0	0.0
-18.948869130000002	0.002666872	0.00012701999	0.00013205627	0.00012904617	0.0	0.0	0.0	0.0	0.0
-18.91786913	0.015189810000000002	0.0007247683000000001	0.000750607	0.0007352619800000001	0.0	0.0	0.0	0.0	0.0
-18.88686913	0.07180239999999999	0.0034325960000000004	0.0035404055	0.0034770053	0.0	0.0	0.0	0.0	0.0
-18.855869130000002	0.2817157	0.013491537999999997	0.013859032999999998	0.013645242999999996	0.0	0.0	0.0	0.0	0.0
-18.82586913	0.9173849999999999	0.044018180000000004	0.045037235	0.04444796	0.0	0.0	0.0	0.0	0.0
-18.794869130000002	2.479552	0.11920319000000001	0.12147634000000002	0.12017797000000001	0.0	0.0	0.0	0.0	0.0
-18.76386913	5.56396	0.2680013	0.27199528	0.26973970999999997	0.0	0.0	0.0	0.0	0.0
-18.73286913	10.363850000000001	0.5001235	0.5055121600000001	0.5025519500000001	0.0	0.0	0.0	0.0	0.0
-18.70286913	16.027499999999996	0.7749495	0.7801414	0.77731652	0.0	0.0	0.0	0.0	0.0
-18.67186913	20.57493	0.9967547999999999	0.9994509999999999	0.9979321	0.0	0.0	0.0	0.0	0.0
-18.640869130000002	21.928330000000003	1.06448	1.0628175	1.0638889999999999	0.0	0.0	0.0	0.0	0.0
-18.60986913	19.403200000000002	0.9437828	0.9385921999999999	0.9414208	0.0	0.0	0.0	0.0	0.0
-18.579869130000002	14.253849999999998	0.6946697	0.6880987999999999	0.69167945	0.0	0.0	0.0	0.0	0.0
-18.54886913	8.69335	0.4244716999999999	0.41874378000000007	0.42182579000000003	0.0	0.0	0.0	0.0	0.0
-18.51786913	4.40107	0.21533190000000005	0.21156229999999998	0.21358011999999998	0.0	0.0	0.0	0.0	0.0
-18.486869130000002	1.849662	0.09066829	0.08873038999999999	0.089766205	0.0	0.0	0.0	0.0	0.0
-18.45586913	0.645198	0.031697790999999996	0.030894072999999998	0.031314782	0.0	0.0	0.0	0.0	0.0
-18.425869130000002	0.18686680000000006	0.009198567	0.008928022	0.009067853000000002	0.0	0.0	0.0	0.0	0.0
-18.39486913	0.044912099999999996	0.0022150762	0.0021416461	0.0021792237	0.0	0.0	0.0	0.0	0.0
-18.36386913	0.00895822	0.000442793	0.00042634456	0.00043467616	0.0	0.0	0.0	0.0	0.0
-18.33286913	0.0014830900000000003	7.344406e-05	7.043624e-05	7.194512400000001e-05	0.0	0.0	0.0	0.0	0.0
-18.30286913	0.00020373650000000002	1.0108851e-05	9.657108999999999e-06	9.882419999999998e-06	0.0	0.0	0.0	0.0	0.0
-18.27186913	2.322207e-05	1.1545569999999998e-06	1.0985338000000002e-06	1.1261763999999998e-06	0.0	0.0	0.0	0.0	0.0
-18.24086913	2.196068e-06	1.0941649000000002e-07	1.0369510999999998e-07	1.0647858999999999e-07	0.0	0.0	0.0	0.0	0.0
-18.20986913	1.7229440000000002e-07	8.600532999999999e-09	8.118977e-09	8.352259e-09	0.0	0.0	0.0	0.0	0.0
-18.17986913	1.121162e-08	5.60811e-10	5.273337e-10	5.4334969e-10	0.0	0.0	0.0	0.0	0.0
-18.14886913	6.051849999999999e-10	3.0335109e-11	2.8413351999999995e-11	2.9322803e-11	0.0	0.0	0.0	0.0	0.0
-18.11786913	2.709158e-11	1.3605353999999997e-12	1.2695595000000002e-12	1.312234e-12	0.0	0.0	0.0	0.0	0.0
-18.08686913	1.006724e-12	5.0683510000000004e-14	4.7045959999999994e-14	4.8763193e-14	0.0	0.0	0.0	0.0	0.0
-18.05686913	3.308605e-14	1.6653669999999998e-15	1.5767733999999998e-15	1.572274e-15	0.0	0.0	0.0	0.0	0.0
-18.02586913	0.0	0.0	0.0	0.0	0.0	0.0	0.0	0.0	0.0
-17.99486913	0.0	0.0	0.0	0.0	0.0	0.0	0.0	0.0	0.0
-17.96386913	0.0	0.0	0.0	0.0	0.0	0.0	0.0	0.0	0.0
-17.93386913	0.0	0.0	0.0	0.0	0.0	0.0	0.0	0.0	0.0
-17.90286913	0.0	0.0	0.0	0.0	0.0	0.0	0.0	0.0	0.0
-17.87186913	0.0	0.0	0.0	0.0	0.0	0.0	0.0	0.0	0.0
-17.84086913	0.0	0.0	0.0	0.0	0.0	0.0	0.0	0.0	0.0
-17.81086913	0.0	0.0	0.0	0.0	0.0	0.0	0.0	0.0	0.0
-17.77986913	0.0	0.0	0.0	0.0	0.0	0.0	0.0	0.0	0.0
-17.74886913	0.0	0.0	0.0	0.0	0.0	0.0	0.0	0.0	0.0
-17.71786913	0.0	0.0	0.0	0.0	0.0	0.0	0.0	0.0	0.0
-17.68686913	0.0	0.0	0.0	0.0	0.0	0.0	0.0	0.0	0.0
-17.65686913	0.0	0.0	0.0	0.0	0.0	0.0	0.0	0.0	0.0
-17.62586913	0.0	0.0	0.0	0.0	0.0	0.0	0.0	0.0	0.0
-17.59486913	0.0	0.0	0.0	0.0	0.0	0.0	0.0	0.0	0.0
-17.56386913	0.0	0.0	0.0	0.0	0.0	0.0	0.0	0.0	0.0
-17.53386913	0.0	0.0	0.0	0.0	0.0	0.0	0.0	0.0	0.0
-17.50286913	0.0	0.0	0.0	0.0	0.0	0.0	0.0	0.0	0.0
-17.47186913	0.0	0.0	0.0	0.0	0.0	0.0	0.0	0.0	0.0
-17.44086913	0.0	0.0	0.0	0.0	0.0	0.0	0.0	0.0	0.0
-17.410869130000002	0.0	0.0	0.0	0.0	0.0	0.0	0.0	0.0	0.0
-17.37986913	0.0	0.0	0.0	0.0	0.0	0.0	0.0	0.0	0.0
-17.34886913	0.0	0.0	0.0	0.0	0.0	0.0	0.0	0.0	0.0
-17.317869130000002	0.0	0.0	0.0	0.0	0.0	0.0	0.0	0.0	0.0
-17.28786913	0.0	0.0	0.0	0.0	0.0	0.0	0.0	0.0	0.0
-17.256869130000002	0.0	0.0	0.0	0.0	0.0	0.0	0.0	0.0	0.0
-17.22586913	0.0	0.0	0.0	0.0	0.0	0.0	0.0	0.0	0.0
-17.19486913	0.0	0.0	0.0	0.0	0.0	0.0	0.0	0.0	0.0
-17.16486913	0.0	0.0	0.0	0.0	0.0	0.0	0.0	0.0	0.0
-17.13386913	0.0	0.0	0.0	0.0	0.0	0.0	0.0	0.0	0.0
-17.102869130000002	0.0	0.0	0.0	0.0	0.0	0.0	0.0	0.0	0.0
-17.07186913	0.0	0.0	0.0	0.0	0.0	0.0	0.0	0.0	0.0
-17.041869130000002	0.0	0.0	0.0	0.0	0.0	0.0	0.0	0.0	0.0
-17.01086913	0.0	0.0	0.0	0.0	0.0	0.0	0.0	0.0	0.0
-16.97986913	0.0	0.0	0.0	0.0	0.0	0.0	0.0	0.0	0.0
-16.948869130000002	0.0	0.0	0.0	0.0	0.0	0.0	0.0	0.0	0.0
-16.91786913	0.0	0.0	0.0	0.0	0.0	0.0	0.0	0.0	0.0
-16.887869130000002	0.0	0.0	0.0	0.0	0.0	0.0	0.0	0.0	0.0
-16.85686913	0.0	0.0	0.0	0.0	0.0	0.0	0.0	0.0	0.0
-16.82586913	0.0	0.0	0.0	0.0	0.0	0.0	0.0	0.0	0.0
-16.794869130000002	0.0	0.0	0.0	0.0	0.0	0.0	0.0	0.0	0.0
-16.76486913	0.0	0.0	0.0	0.0	0.0	0.0	0.0	0.0	0.0
-16.733869130000002	0.0	0.0	0.0	0.0	0.0	0.0	0.0	0.0	0.0
-16.70286913	0.0	0.0	0.0	0.0	0.0	0.0	0.0	0.0	0.0
-16.67186913	0.0	0.0	0.0	0.0	0.0	0.0	0.0	0.0	0.0
-16.64186913	0.0	0.0	0.0	0.0	0.0	0.0	0.0	0.0	0.0
-16.61086913	0.0	0.0	0.0	0.0	0.0	0.0	0.0	0.0	0.0
-16.579869130000002	0.0	0.0	0.0	0.0	0.0	0.0	0.0	0.0	0.0
-16.54886913	0.0	0.0	0.0	0.0	0.0	0.0	0.0	0.0	0.0
-16.518869130000002	0.0	0.0	0.0	0.0	0.0	0.0	0.0	0.0	0.0
-16.48786913	0.0	0.0	0.0	0.0	0.0	0.0	0.0	0.0	0.0
-16.45686913	0.0	0.0	0.0	0.0	0.0	0.0	0.0	0.0	0.0
-16.425869130000002	0.0	0.0	0.0	0.0	0.0	0.0	0.0	0.0	0.0
-16.39586913	0.0	0.0	0.0	0.0	0.0	0.0	0.0	0.0	0.0
-16.36486913	0.0	0.0	0.0	0.0	0.0	0.0	0.0	0.0	0.0
-16.33386913	0.0	0.0	0.0	0.0	0.0	0.0	0.0	0.0	0.0
-16.30286913	0.0	0.0	0.0	0.0	0.0	0.0	0.0	0.0	0.0
-16.27186913	0.0	0.0	0.0	0.0	0.0	0.0	0.0	0.0	0.0
-16.24186913	0.0	0.0	0.0	0.0	0.0	0.0	0.0	0.0	0.0
-16.21086913	0.0	0.0	0.0	0.0	0.0	0.0	0.0	0.0	0.0
-16.17986913	0.0	0.0	0.0	0.0	0.0	0.0	0.0	0.0	0.0
-16.14886913	0.0	0.0	0.0	0.0	0.0	0.0	0.0	0.0	0.0
-16.11886913	0.0	0.0	0.0	0.0	0.0	0.0	0.0	0.0	0.0
-16.08786913	0.0	0.0	0.0	0.0	0.0	0.0	0.0	0.0	0.0
-16.05686913	0.0	0.0	0.0	0.0	0.0	0.0	0.0	0.0	0.0
-16.02586913	0.0	0.0	0.0	0.0	0.0	0.0	0.0	0.0	0.0
-15.995869129999999	0.0	0.0	0.0	0.0	0.0	0.0	0.0	0.0	0.0
-15.96486913	0.0	0.0	0.0	0.0	0.0	0.0	0.0	0.0	0.0
-15.933869130000001	0.0	0.0	0.0	0.0	0.0	0.0	0.0	0.0	0.0
-15.90286913	0.0	0.0	0.0	0.0	0.0	0.0	0.0	0.0	0.0
-15.872869130000002	0.0	0.0	0.0	0.0	0.0	0.0	0.0	0.0	0.0
-15.84186913	0.0	0.0	0.0	0.0	0.0	0.0	0.0	0.0	0.0
-15.81086913	0.0	0.0	0.0	0.0	0.0	0.0	0.0	0.0	0.0
-15.779869130000002	0.0	0.0	0.0	0.0	0.0	0.0	0.0	0.0	0.0
-15.74986913	0.0	0.0	0.0	0.0	0.0	0.0	0.0	0.0	0.0
-15.718869130000002	0.0	0.0	0.0	0.0	0.0	0.0	0.0	0.0	0.0
-15.68786913	0.0	0.0	0.0	0.0	0.0	0.0	0.0	0.0	0.0
-15.65686913	0.0	0.0	0.0	0.0	0.0	0.0	0.0	0.0	0.0
-15.62686913	0.0	0.0	0.0	0.0	0.0	0.0	0.0	0.0	0.0
-15.59586913	0.0	0.0	0.0	0.0	0.0	0.0	0.0	0.0	0.0
-15.564869130000002	0.0	0.0	0.0	0.0	0.0	0.0	0.0	0.0	0.0
-15.53386913	0.0	0.0	0.0	0.0	0.0	0.0	0.0	0.0	0.0
-15.50286913	0.0	0.0	0.0	0.0	0.0	0.0	0.0	0.0	0.0
-15.47286913	0.0	0.0	0.0	0.0	0.0	0.0	0.0	0.0	0.0
-15.44186913	0.0	0.0	0.0	0.0	0.0	0.0	0.0	0.0	0.0
-15.410869130000002	0.0	0.0	0.0	0.0	0.0	0.0	0.0	0.0	0.0
-15.37986913	0.0	0.0	0.0	0.0	0.0	0.0	0.0	0.0	0.0
-15.349869130000002	0.0	0.0	0.0	0.0	0.0	0.0	0.0	0.0	0.0
-15.31886913	0.0	0.0	0.0	0.0	0.0	0.0	0.0	0.0	0.0
-15.28786913	0.0	0.0	0.0	0.0	0.0	0.0	0.0	0.0	0.0
-15.256869130000002	0.0	0.0	0.0	0.0	0.0	0.0	0.0	0.0	0.0
-15.22686913	0.0	0.0	0.0	0.0	0.0	0.0	0.0	0.0	0.0
-15.195869130000002	0.0	0.0	0.0	0.0	0.0	0.0	0.0	0.0	0.0
-15.16486913	0.0	0.0	0.0	0.0	0.0	0.0	0.0	0.0	0.0
-15.13386913	0.0	0.0	0.0	0.0	0.0	0.0	0.0	0.0	0.0
-15.10386913	0.0	0.0	0.0	0.0	0.0	0.0	0.0	0.0	0.0
-15.07286913	0.0	0.0	0.0	0.0	0.0	0.0	0.0	0.0	0.0
-15.041869130000002	0.0	0.0	0.0	0.0	0.0	0.0	0.0	0.0	0.0
-15.01086913	0.0	0.0	0.0	0.0	0.0	0.0	0.0	0.0	0.0
-14.980869130000002	0.0	0.0	0.0	0.0	0.0	0.0	0.0	0.0	0.0
-14.94986913	0.0	0.0	0.0	0.0	0.0	0.0	0.0	0.0	0.0
-14.918869130000001	0.0	0.0	0.0	0.0	0.0	0.0	0.0	0.0	0.0
-14.887869130000002	0.0	0.0	0.0	0.0	0.0	0.0	0.0	0.0	0.0
-14.857869130000001	0.0	0.0	0.0	0.0	0.0	0.0	0.0	0.0	0.0
-14.826869130000002	0.0	0.0	0.0	0.0	0.0	0.0	0.0	0.0	0.0
-14.79586913	0.0	0.0	0.0	0.0	0.0	0.0	0.0	0.0	0.0
-14.764869130000001	0.0	0.0	0.0	0.0	0.0	0.0	0.0	0.0	0.0
-14.733869130000002	0.0	0.0	0.0	0.0	0.0	0.0	0.0	0.0	0.0
-14.703869130000001	0.0	0.0	0.0	0.0	0.0	0.0	0.0	0.0	0.0
-14.672869130000002	0.0	0.0	0.0	0.0	0.0	0.0	0.0	0.0	0.0
-14.64186913	0.0	0.0	0.0	0.0	0.0	0.0	0.0	0.0	0.0
-14.610869130000001	0.0	0.0	0.0	0.0	0.0	0.0	0.0	0.0	0.0
-14.58086913	0.0	0.0	0.0	0.0	0.0	0.0	0.0	0.0	0.0
-14.549869130000001	0.0	0.0	0.0	0.0	0.0	0.0	0.0	0.0	0.0
-14.518869130000002	0.0	0.0	0.0	0.0	0.0	0.0	0.0	0.0	0.0
-14.48786913	0.0	0.0	0.0	0.0	0.0	0.0	0.0	0.0	0.0
-14.457869129999999	0.0	0.0	0.0	0.0	0.0	0.0	0.0	0.0	0.0
-14.42686913	0.0	0.0	0.0	0.0	0.0	0.0	0.0	0.0	0.0
-14.395869130000001	0.0	0.0	0.0	0.0	0.0	0.0	0.0	0.0	0.0
-14.364869129999999	0.0	0.0	0.0	0.0	0.0	0.0	0.0	0.0	0.0
-14.334869130000001	0.0	0.0	0.0	0.0	0.0	0.0	0.0	0.0	0.0
-14.303869129999999	0.0	0.0	0.0	0.0	0.0	0.0	0.0	0.0	0.0
-14.27286913	0.0	0.0	0.0	0.0	0.0	0.0	0.0	0.0	0.0
-14.241869130000001	0.0	0.0	0.0	0.0	0.0	0.0	0.0	0.0	0.0
-14.21186913	0.0	0.0	0.0	0.0	0.0	0.0	0.0	0.0	0.0
-14.180869130000001	0.0	0.0	0.0	0.0	0.0	0.0	0.0	0.0	0.0
-14.149869129999999	0.0	0.0	0.0	0.0	0.0	0.0	0.0	0.0	0.0
-14.11886913	0.0	0.0	0.0	0.0	0.0	0.0	0.0	0.0	0.0
-14.087869130000001	5.98270161842e-14	5.2003617000000004e-15	5.5139263000000015e-15	5.436103e-15	0.0	0.0	0.0	0.0	0.0
-14.05786913	1.7736604793900002e-12	1.542591951e-13	1.63354425e-13	1.6107194e-13	0.0	0.0	0.0	0.0	0.0
-14.026869130000001	4.50849121666e-11	3.928174559999999e-12	4.1481562e-12	4.0920790999999995e-12	0.0	0.0	0.0	0.0	0.0
-13.995869129999999	9.498702557899998e-10	8.291342050000001e-11	8.726440500000001e-11	8.617900999999999e-11	0.0	0.0	0.0	0.0	0.0
-13.96486913	1.6593304460799998e-08	1.4513699820000001e-09	1.52265776e-09	1.5046656e-09	0.0	0.0	0.0	0.0	0.0
-13.93486913	2.40419064502e-07	2.106846009e-08	2.2032187e-08	2.1788536e-08	0.0	0.0	0.0	0.0	0.0
-13.90386913	2.8890407736399997e-06	2.5366416800000004e-07	2.6442046e-07	2.6168169e-07	0.0	0.0	0.0	0.0	0.0
-13.872869130000002	2.8796107696699994e-05	2.53333013e-06	2.6323733999999996e-06	2.6068996000000002e-06	0.0	0.0	0.0	0.0	0.0
-13.84186913	0.00023810706351199998	2.0987872859999998e-05	2.1738654e-05	2.1543081000000002e-05	0.0	0.0	0.0	0.0	0.0
-13.811869130000002	0.00163349043484	0.0001442508142	0.00014892805999999997	0.00014769392000000002	0.0	0.0	0.0	0.0	0.0
-13.78086913	0.0092969024704	0.0008226772150000001	0.00084654899	0.0008401473999999999	0.0	0.0	0.0	0.0	0.0
-13.74986913	0.0439059116427	0.0038915715100000005	0.0039927421	0.0039659744	0.0	0.0	0.0	0.0	0.0
-13.718869130000002	0.172072045533	0.015281527490000002	0.0156264708	0.015532523	0.0	0.0	0.0	0.0	0.0
-13.68886913	0.5595501477949999	0.04979532030000001	0.050746894	0.050488317	0.0	0.0	0.0	0.0	0.0
-13.657869130000002	1.5102503981000002	0.13464398319999998	0.136805938	0.13618158	0.0	0.0	0.0	0.0	0.0
-13.62686913	3.38314089005	0.30216981540000004	0.30603062000000003	0.30488052	0.0	0.0	0.0	0.0	0.0
-13.59586913	6.289701651450001	0.562901513	0.5682606800000001	0.56652944	0.0	0.0	0.0	0.0	0.0
-13.56586913	9.7076025433	0.8703726169999999	0.8758275600000001	0.87383984	0.0	0.0	0.0	0.0	0.0
-13.53486913	12.4327032509	1.116838945	1.1203599499999999	1.1185330000000002	0.0	0.0	0.0	0.0	0.0
-13.503869130000002	13.219403450100002	1.189827052	1.18965849	1.1886163	0.0	0.0	0.0	0.0	0.0
-13.47286913	11.666003038899998	1.052012614	1.0484759200000002	1.0484061999999998	0.0	0.0	0.0	0.0	0.0
-13.442869130000002	8.547502221599997	0.7721108480000001	0.76707016	0.76756724	0.0	0.0	0.0	0.0	0.0
-13.41186913	5.19630134811	0.47033452300000006	0.46579321000000007	0.46650064	0.0	0.0	0.0	0.0	0.0
-13.38086913	2.62265067906	0.23781251629999997	0.23478529	0.23527557999999998	0.0	0.0	0.0	0.0	0.0
-13.349869130000002	1.0985902838500001	0.09979021819999999	0.098201974	0.09850295899999999	0.0	0.0	0.0	0.0	0.0
-13.31886913	0.3819070984819999	0.03475820670000001	0.034100241999999996	0.034231413	0.0	0.0	0.0	0.0	0.0
-13.288869130000002	0.11018202835800002	0.01004762993	0.009824285200000001	0.0098683822	0.0	0.0	0.0	0.0	0.0
-13.25786913	0.026380106775800004	0.002410011721	0.0023492273000000003	0.0023612980000000004	0.0	0.0	0.0	0.0	0.0
-13.22686913	0.00524090134332	0.0004796731209999999	0.00046602262999999994	0.00046872649000000003	0.0	0.0	0.0	0.0	0.0
-13.195869130000002	0.0008639702209900002	7.921708889999999e-05	7.6727356e-05	7.7244041e-05	0.0	0.0	0.0	0.0	0.0
-13.16586913	0.000118154030155	1.0854294609999998e-05	1.04788234e-05	1.0557928999999999e-05	0.0	0.0	0.0	0.0	0.0
-13.134869130000002	1.3406603415099998e-05	1.2336078760000001e-06	1.18743852e-06	1.1971258000000001e-06	0.0	0.0	0.0	0.0	0.0
-13.10386913	1.2618203207799998e-06	1.163228056e-07	1.1160842299999999e-07	1.1261552e-07	0.0	0.0	0.0	0.0	0.0
-13.07286913	9.8497024988e-08	9.097109420000002e-09	8.7010635e-09	8.785661e-09	0.0	0.0	0.0	0.0	0.0
-13.04286913	6.37690161463e-09	5.901029660000001e-10	5.626373e-10	5.685971200000001e-10	0.0	0.0	0.0	0.0	0.0
-13.011869130000001	3.42398086517e-10	3.174099326e-11	3.0167820999999993e-11	3.0511972999999995e-11	0.0	0.0	0.0	0.0	0.0
-12.980869130000002	1.52483038442e-11	1.416196507e-12	1.3415730699999998e-12	1.3577990000000002e-12	0.0	0.0	0.0	0.0	0.0
-12.94986913	5.641101416400001e-13	5.25896103e-14	4.9492254000000004e-14	5.017449200000001e-14	0.0	0.0	0.0	0.0	0.0
-12.919869130000002	1.70949044633e-14	1.5380325250000002e-15	1.5386899100000002e-15	1.5371498000000002e-15	0.0	0.0	0.0	0.0	0.0
-12.88886913	0.0	0.0	0.0	0.0	0.0	0.0	0.0	0.0	0.0
-12.857869130000001	0.0	0.0	0.0	0.0	0.0	0.0	0.0	0.0	0.0
-12.826869130000002	0.0	0.0	0.0	0.0	0.0	0.0	0.0	0.0	0.0
-12.796869130000001	0.0	0.0	0.0	0.0	0.0	0.0	0.0	0.0	0.0
-12.765869130000002	0.0	0.0	0.0	0.0	0.0	0.0	0.0	0.0	0.0
-12.73486913	0.0	0.0	0.0	0.0	0.0	0.0	0.0	0.0	0.0
-12.703869130000001	0.0	0.0	0.0	0.0	0.0	0.0	0.0	0.0	0.0
-12.67386913	0.0	0.0	0.0	0.0	0.0	0.0	0.0	0.0	0.0
-12.642869130000001	0.0	0.0	0.0	0.0	0.0	0.0	0.0	0.0	0.0
-12.611869130000002	1.26039e-14	2.812977e-15	2.9669871e-15	2.4925932e-15	0.0	0.0	0.0	0.0	0.0
-12.58086913	4.237960000000001e-13	9.322037999999999e-14	9.672555e-14	8.818881e-14	0.0	0.0	0.0	0.0	0.0
-12.549869130000001	1.1735600000000001e-11	2.5829436e-12	2.6757593e-12	2.4438118000000005e-12	0.0	0.0	0.0	0.0	0.0
-12.51986913	2.691480000000001e-10	5.921779e-11	6.122409e-11	5.6202990000000004e-11	0.0	0.0	0.0	0.0	0.0
-12.488869130000001	5.118599999999999e-09	1.1260426000000002e-09	1.1617399999999998e-09	1.0717973e-09	0.0	0.0	0.0	0.0	0.0
-12.457869129999999	8.073100000000002e-08	1.7753270000000004e-08	1.8281509e-08	1.6953513999999998e-08	0.0	0.0	0.0	0.0	0.0
-12.42686913	1.0560700000000002e-06	2.3218645e-07	2.3856270000000004e-07	2.223757e-07	0.0	0.0	0.0	0.0	0.0
-12.396869129999999	1.14588e-05	2.5185228999999993e-06	2.5827478000000005e-06	2.4198295e-06	0.0	0.0	0.0	0.0	0.0
-12.36586913	0.00010313999999999999	2.2663136000000002e-05	2.3190016000000004e-05	2.1841824e-05	0.0	0.0	0.0	0.0	0.0
-12.334869130000001	0.0007701600000000001	0.00016918399	0.00017273967	0.00016356629	0.0	0.0	0.0	0.0	0.0
-12.303869129999999	0.00477127	0.00104777	0.0010676731	0.0010162633999999998	0.0	0.0	0.0	0.0	0.0
-12.273869130000001	0.024526999999999993	0.005383661999999999	0.005475409	0.005238399	0.0	0.0	0.0	0.0	0.0
-12.242869129999999	0.10461999999999999	0.022959159	0.023298425999999997	0.022409362000000002	0.0	0.0	0.0	0.0	0.0
-12.21186913	0.37032799999999994	0.08124597	0.08226763000000001	0.07954913999999999	0.0	0.0	0.0	0.0	0.0
-12.180869130000001	1.08797	0.23859806000000003	0.24109954999999994	0.23436968000000002	0.0	0.0	0.0	0.0	0.0
-12.15086913	2.6525100000000004	0.58155	0.5863083000000001	0.5730298	0.0	0.0	0.0	0.0	0.0
-12.119869130000001	5.368	1.1766699999999997	1.1836573	1.1630529	0.0	0.0	0.0	0.0	0.0
-12.088869129999999	9.0166	1.9755989000000003	1.9833249	1.9592689	0.0	0.0	0.0	0.0	0.0
-12.05786913	12.571299999999999	2.7533309999999998	2.7581861	2.7393712	0.0	0.0	0.0	0.0	0.0
-12.02786913	14.5484	3.1853930000000004	3.183989	3.1797389999999996	0.0	0.0	0.0	0.0	0.0
-11.99686913	13.976499999999998	3.05914	3.0510227999999993	3.0632550000000003	0.0	0.0	0.0	0.0	0.0
-11.965869130000002	11.144899999999998	2.4383493999999994	2.4265738999999997	2.4498202	0.0	0.0	0.0	0.0	0.0
-11.93486913	7.3770999999999995	1.6134247	1.6020706999999998	1.6264176	0.0	0.0	0.0	0.0	0.0
-11.90386913	4.05301	0.8861154	0.8777904999999999	0.8961193000000001	0.0	0.0	0.0	0.0	0.0
-11.87386913	1.84804	0.4039372	0.39929650000000005	0.4098372	0.0	0.0	0.0	0.0	0.0
-11.84286913	0.69952	0.15281192999999998	0.15072624999999998	0.15557100999999998	0.0	0.0	0.0	0.0	0.0
-11.811869130000002	0.219722	0.04798532	0.047220970000000015	0.04901041	0.0	0.0	0.0	0.0	0.0
-11.78086913	0.057280999999999985	0.012504809000000002	0.01227695	0.012814152	0.0	0.0	0.0	0.0	0.0
-11.750869130000002	0.012390700000000001	0.0027039253000000004	0.0026487320000000004	0.002780207	0.0	0.0	0.0	0.0	0.0
-11.71986913	0.00222412	0.0004851476999999999	0.0004741743	0.0005005160000000001	0.0	0.0	0.0	0.0	0.0
-11.68886913	0.00033126900000000003	7.221935999999999e-05	7.042366e-05	7.476591999999999e-05	0.0	0.0	0.0	0.0	0.0
-11.657869130000002	4.09326e-05	8.921894e-06	8.678473000000001e-06	9.265797999999998e-06	0.0	0.0	0.0	0.0	0.0
-11.62786913	4.1956300000000005e-06	9.140471000000001e-07	8.871977e-07	9.526572e-07	0.0	0.0	0.0	0.0	0.0
-11.596869130000002	3.5676300000000006e-07	7.769041000000001e-08	7.522842e-08	8.124295e-08	0.0	0.0	0.0	0.0	0.0
-11.56586913	2.5161399999999995e-08	5.4769179999999995e-09	5.290603e-09	5.745741e-09	0.0	0.0	0.0	0.0	0.0
-11.53486913	1.4714900000000005e-09	3.2019380000000003e-10	3.0858700000000004e-10	3.3710230000000007e-10	0.0	0.0	0.0	0.0	0.0
-11.50486913	7.137699999999999e-11	1.5523348000000002e-11	1.4925016e-11	1.6397937e-11	0.0	0.0	0.0	0.0	0.0
-11.47386913	2.87682e-12	6.253849e-13	5.999888e-13	6.627427e-13	0.0	0.0	0.0	0.0	0.0
-11.442869130000002	9.767800000000001e-14	2.1258448e-14	2.0294409e-14	2.2557644000000002e-14	0.0	0.0	0.0	0.0	0.0
-11.41186913	0.0	0.0	0.0	0.0	0.0	0.0	0.0	0.0	0.0
-11.381869130000002	0.0	0.0	0.0	0.0	0.0	0.0	0.0	0.0	0.0
-11.35086913	0.0	0.0	0.0	0.0	0.0	0.0	0.0	0.0	0.0
-11.31986913	0.0	0.0	0.0	0.0	0.0	0.0	0.0	0.0	0.0
-11.288869129999998	0.0	0.0	0.0	0.0	0.0	0.0	0.0	0.0	0.0
-11.25886913	0.0	0.0	0.0	0.0	0.0	0.0	0.0	0.0	0.0
-11.227869129999998	0.0	0.0	0.0	0.0	0.0	0.0	0.0	0.0	0.0
-11.19686913	0.0	0.0	0.0	0.0	0.0	0.0	0.0	0.0	0.0
-11.16586913	0.0	0.0	0.0	0.0	0.0	0.0	0.0	0.0	0.0
-11.134869129999998	0.0	0.0	0.0	0.0	0.0	0.0	0.0	0.0	0.0
-11.10486913	0.0	0.0	0.0	0.0	0.0	0.0	0.0	0.0	0.0
-11.073869129999999	0.0	0.0	0.0	0.0	0.0	0.0	0.0	0.0	0.0
-11.04286913	0.0	0.0	0.0	0.0	0.0	0.0	0.0	0.0	0.0
-11.011869130000001	0.0	0.0	0.0	0.0	0.0	0.0	0.0	0.0	0.0
-10.98186913	0.0	0.0	0.0	0.0	0.0	0.0	0.0	0.0	0.0
-10.950869130000001	0.0	0.0	0.0	0.0	0.0	0.0	0.0	0.0	0.0
-10.919869129999999	0.0	0.0	0.0	0.0	0.0	0.0	0.0	0.0	0.0
-10.88886913	0.0	0.0	0.0	0.0	0.0	0.0	0.0	0.0	0.0
-10.858869129999999	0.0	0.0	0.0	0.0	0.0	0.0	0.0	0.0	0.0
-10.82786913	0.0	0.0	0.0	0.0	0.0	0.0	0.0	0.0	0.0
-10.796869130000001	0.0	0.0	0.0	0.0	0.0	0.0	0.0	0.0	0.0
-10.765869129999999	0.0	0.0	0.0	0.0	0.0	0.0	0.0	0.0	0.0
-10.735869130000001	0.0	0.0	0.0	0.0	0.0	0.0	0.0	0.0	0.0
-10.704869129999999	0.0	0.0	0.0	0.0	0.0	0.0	0.0	0.0	0.0
-10.67386913	0.0	0.0	0.0	0.0	0.0	0.0	0.0	0.0	0.0
-10.642869130000001	0.0	0.0	0.0	0.0	0.0	0.0	0.0	0.0	0.0
-10.61286913	0.0	0.0	0.0	0.0	0.0	0.0	0.0	0.0	0.0
-10.581869130000001	0.0	0.0	0.0	0.0	0.0	0.0	0.0	0.0	0.0
-10.550869129999999	0.0	0.0	0.0	0.0	0.0	0.0	0.0	0.0	0.0
-10.51986913	0.0	0.0	0.0	0.0	0.0	0.0	0.0	0.0	0.0
-10.489869129999999	0.0	0.0	0.0	0.0	0.0	0.0	0.0	0.0	0.0
-10.45886913	0.0	0.0	0.0	0.0	0.0	0.0	0.0	0.0	0.0
-10.427869130000001	0.0	0.0	0.0	0.0	0.0	0.0	0.0	0.0	0.0
-10.396869129999999	0.0	0.0	0.0	0.0	0.0	0.0	0.0	0.0	0.0
-10.36586913	0.0	0.0	0.0	0.0	0.0	0.0	0.0	0.0	0.0
-10.335869129999999	0.0	0.0	0.0	0.0	0.0	0.0	0.0	0.0	0.0
-10.30486913	0.0	0.0	0.0	0.0	0.0	0.0	0.0	0.0	0.0
-10.273869130000001	2.75835e-15	6.824232699999999e-16	6.828960900000001e-16	6.82686312e-16	0.0	0.0	0.0	0.0	0.0
-10.242869129999999	8.413099999999999e-14	2.0815779000000003e-14	2.0828700600000002e-14	2.08192312e-14	0.0	0.0	0.0	0.0	0.0
-10.212869130000001	2.3721299999999995e-12	5.869061100000001e-13	5.8732021e-13	5.87003252e-13	0.0	0.0	0.0	0.0	0.0
-10.181869129999999	5.5603e-11	1.3755976000000001e-11	1.3764866300000002e-11	1.3759686350000001e-11	0.0	0.0	0.0	0.0	0.0
-10.15086913	1.0804800000000002e-09	2.6732155999999993e-10	2.6747665e-10	2.6736698600000003e-10	0.0	0.0	0.0	0.0	0.0
-10.119869130000001	1.74105e-08	4.3069999e-09	4.309630599999999e-09	4.30857678e-09	0.0	0.0	0.0	0.0	0.0
-10.08986913	2.3270300000000002e-07	5.7566506999999994e-08	5.7602093999999986e-08	5.757470289999999e-08	0.0	0.0	0.0	0.0	0.0
-10.058869130000001	2.5792699999999996e-06	6.380911400000001e-07	6.384652099999999e-07	6.382965139999999e-07	0.0	0.0	0.0	0.0	0.0
-10.02786913	2.3714499999999995e-05	5.867105499999999e-06	5.870078799999999e-06	5.8678073100000004e-06	0.0	0.0	0.0	0.0	0.0
-9.99686913	0.00018087799999999998	4.4750644000000005e-05	4.4778678999999995e-05	4.47608537e-05	0.0	0.0	0.0	0.0	0.0
-9.96686913	0.0011445899999999998	0.00028318363000000003	0.00028336586999999993	0.00028324565899999997	0.0	0.0	0.0	0.0	0.0
-9.93586913	0.0060099	0.0014867737	0.0014878286699999998	0.001487064657	0.0	0.0	0.0	0.0	0.0
-9.904869129999998	0.02618300000000001	0.0064771895	0.006481062400000001	0.00647913077	0.0	0.0	0.0	0.0	0.0
-9.87386913	0.09465499999999999	0.023416983	0.023432341000000002	0.0234230161	0.0	0.0	0.0	0.0	0.0
-9.843869129999998	0.283962	0.070246895	0.070298678	0.07027462029999999	0.0	0.0	0.0	0.0	0.0
-9.81286913	0.7070600000000001	0.17492706	0.175043548	0.17497252600000002	0.0	0.0	0.0	0.0	0.0
-9.78186913	1.46115	0.36148194000000006	0.36172406	0.361573718	0.0	0.0	0.0	0.0	0.0
-9.750869129999998	2.506300000000001	0.62001107	0.62037183	0.620153027	0.0	0.0	0.0	0.0	0.0
-9.71986913	3.56776	0.8827105	0.88320182	0.8829497530000001	0.0	0.0	0.0	0.0	0.0
-9.689869129999998	4.21603	1.0431101999999999	1.04369083	1.0432430449999999	0.0	0.0	0.0	0.0	0.0
-9.65886913	4.1352899999999995	1.0230252	1.02374033	1.023381265	0.0	0.0	0.0	0.0	0.0
-9.62786913	3.3668199999999997	0.8328500000000001	0.83345773	0.8331155199999999	0.0	0.0	0.0	0.0	0.0
-9.596869129999998	2.2749900000000003	0.5628355099999999	0.56322444	0.562933266	0.0	0.0	0.0	0.0	0.0
-9.56686913	1.27607	0.31571185	0.31590550000000006	0.31576918099999995	0.0	0.0	0.0	0.0	0.0
-9.535869129999998	0.5940499999999999	0.14696291	0.14707328	0.14700022459999998	0.0	0.0	0.0	0.0	0.0
-9.50486913	0.22952499999999998	0.056782027	0.056818579	0.05679922579999999	0.0	0.0	0.0	0.0	0.0
-9.47386913	0.073599	0.018208026999999998	0.018220268300000002	0.0182128853	0.0	0.0	0.0	0.0	0.0
-9.44386913	0.0195835	0.004845240399999999	0.0048481046	0.004847030069999999	0.0	0.0	0.0	0.0	0.0
-9.41286913	0.0043244600000000005	0.0010698380999999999	0.00107050335	0.0010701487990000002	0.0	0.0	0.0	0.0	0.0
-9.381869129999998	0.0007923299999999998	0.00019603302000000003	0.000196146756	0.00019606902299999999	0.0	0.0	0.0	0.0	0.0
-9.35086913	0.00012044399999999999	2.9797855999999998e-05	2.9819294e-05	2.9804062500000002e-05	0.0	0.0	0.0	0.0	0.0
-9.320869129999998	1.5189999999999999e-05	3.7579941e-06	3.7603545999999997e-06	3.75868931e-06	0.0	0.0	0.0	0.0	0.0
-9.28986913	1.5891600000000001e-06	3.9315773e-07	3.9339459e-07	3.9323895400000006e-07	0.0	0.0	0.0	0.0	0.0
-9.25886913	1.3790099999999996e-07	3.4116943e-08	3.4138242e-08	3.41256406e-08	0.0	0.0	0.0	0.0	0.0
-9.227869129999998	9.925699999999998e-09	2.4555906e-09	2.4570860000000002e-09	2.45625895e-09	0.0	0.0	0.0	0.0	0.0
-9.19786913	5.924400000000001e-10	1.465907e-10	1.4668344200000001e-10	1.4661747200000002e-10	0.0	0.0	0.0	0.0	0.0
-9.166869129999998	2.9326399999999993e-11	7.2563889e-12	7.260394e-12	7.25773683e-12	0.0	0.0	0.0	0.0	0.0
-9.13586913	1.20268e-12	2.9754644e-13	2.9773518999999997e-13	2.97605783e-13	0.0	0.0	0.0	0.0	0.0
-9.10486913	4.4133899999999996e-14	1.0919104e-14	1.09266995e-14	1.092136992e-14	0.0	0.0	0.0	0.0	0.0
-9.07486913	0.0	0.0	0.0	0.0	0.0	0.0	0.0	0.0	0.0
-9.043869130000001	0.0	0.0	0.0	0.0	0.0	0.0	0.0	0.0	0.0
-9.012869129999999	0.0	0.0	0.0	0.0	0.0	0.0	0.0	0.0	0.0
-8.98186913	0.0	0.0	0.0	0.0	0.0	0.0	0.0	0.0	0.0
-8.950869130000001	0.0	0.0	0.0	0.0	0.0	0.0	0.0	0.0	0.0
-8.92086913	0.0	0.0	0.0	0.0	0.0	0.0	0.0	0.0	0.0
-8.889869130000001	0.0	0.0	0.0	0.0	0.0	0.0	0.0	0.0	0.0
-8.858869129999999	0.0	0.0	0.0	0.0	0.0	0.0	0.0	0.0	0.0
-8.82786913	0.0	0.0	0.0	0.0	0.0	0.0	0.0	0.0	0.0
-8.797869129999999	0.0	0.0	0.0	0.0	0.0	0.0	0.0	0.0	0.0
-8.76686913	0.0	0.0	0.0	0.0	0.0	0.0	0.0	0.0	0.0
-8.735869130000001	0.0	0.0	0.0	0.0	0.0	0.0	0.0	0.0	0.0
-8.704869129999999	0.0	0.0	0.0	0.0	0.0	0.0	0.0	0.0	0.0
-8.674869130000001	0.0	0.0	0.0	0.0	0.0	0.0	0.0	0.0	0.0
-8.643869129999999	0.0	0.0	0.0	0.0	0.0	0.0	0.0	0.0	0.0
-8.61286913	0.0	0.0	0.0	0.0	0.0	0.0	0.0	0.0	0.0
-8.581869130000001	0.0	0.0	0.0	0.0	0.0	0.0	0.0	0.0	0.0
-8.55186913	0.0	0.0	0.0	0.0	0.0	0.0	0.0	0.0	0.0
-8.520869130000001	0.0	0.0	0.0	0.0	0.0	0.0	0.0	0.0	0.0
-8.489869129999999	0.0	0.0	0.0	0.0	0.0	0.0	0.0	0.0	0.0
-8.45886913	0.0	0.0	0.0	0.0	0.0	0.0	0.0	0.0	0.0
-8.428869129999999	0.0	0.0	0.0	0.0	0.0	0.0	0.0	0.0	0.0
-8.39786913	0.0	0.0	0.0	0.0	0.0	0.0	0.0	0.0	0.0
-8.366869130000001	0.0	0.0	0.0	0.0	0.0	0.0	0.0	0.0	0.0
-8.335869129999999	0.0	0.0	0.0	0.0	0.0	0.0	0.0	0.0	0.0
-8.305869130000001	0.0	0.0	0.0	0.0	0.0	0.0	0.0	0.0	0.0
-8.274869129999999	6.2483299999999995e-15	2.7687686999999997e-15	2.7491149999999997e-15	2.7491119e-15	0.0	0.0	0.0	0.0	0.0
-8.24386913	1.9892869999999997e-13	8.702617999999999e-14	8.860710000000002e-14	8.754554000000001e-14	0.0	0.0	0.0	0.0	0.0
-8.212869130000001	5.61228e-12	2.4567621999999998e-12	2.498246e-12	2.4703332e-12	0.0	0.0	0.0	0.0	0.0
-8.181869129999999	1.3111390000000003e-10	5.7435459999999994e-11	5.831824000000002e-11	5.771811e-11	0.0	0.0	0.0	0.0	0.0
-8.151869130000001	2.540177e-09	1.1135196000000002e-09	1.1289872000000002e-09	1.1183133e-09	0.0	0.0	0.0	0.0	0.0
-8.120869129999999	4.0811200000000005e-08	1.790402e-08	1.8127274e-08	1.7966751e-08	0.0	0.0	0.0	0.0	0.0
-8.08986913	5.439020000000002e-07	2.3874414e-07	2.414047e-07	2.3942097999999996e-07	0.0	0.0	0.0	0.0	0.0
-8.058869130000001	6.0123e-06	2.6409137e-06	2.6666529999999996e-06	2.6465353000000006e-06	0.0	0.0	0.0	0.0	0.0
-8.02886913	5.512950000000001e-05	2.4233578999999997e-05	2.4435960000000002e-05	2.4268504e-05	0.0	0.0	0.0	0.0	0.0
-7.997869129999999	0.00041939899999999993	0.00018447319000000002	0.00018577202	0.00018460816000000002	0.0	0.0	0.0	0.0	0.0
-7.96686913	0.002646978	0.0011652871	0.0011718256999999998	0.0011652568000000002	0.0	0.0	0.0	0.0	0.0
-7.9358691299999995	0.01386291	0.006107059999999999	0.0061333609999999995	0.006101933	0.0	0.0	0.0	0.0	0.0
-7.90586913	0.06025400000000001	0.026559162999999997	0.02663511	0.026522241000000005	0.0	0.0	0.0	0.0	0.0
-7.8748691299999996	0.2172906	0.09586193000000001	0.09601076999999998	0.09565137000000001	0.0	0.0	0.0	0.0	0.0
-7.843869129999999	0.6504360000000002	0.28712869999999996	0.2871753	0.2862822	0.0	0.0	0.0	0.0	0.0
-7.81286913	1.6159410000000003	0.7137505	0.7129687	0.7111919999999999	0.0	0.0	0.0	0.0	0.0
-7.782869129999999	3.332	1.4729436000000002	1.4691758	1.4665053	0.0	0.0	0.0	0.0	0.0
-7.75186913	5.703070000000001	2.5230314999999996	2.5129859999999997	2.5097799	0.0	0.0	0.0	0.0	0.0
-7.72086913	8.102659999999998	3.5869189999999995	3.5681380000000003	3.565421	0.0	0.0	0.0	0.0	0.0
-7.689869129999999	9.55575	4.233246	4.205439	4.2043919999999995	0.0	0.0	0.0	0.0	0.0
-7.65986913	9.354959999999998	4.147209	4.114347	4.115728000000001	0.0	0.0	0.0	0.0	0.0
-7.628869129999999	7.602180000000001	3.3727607	3.3415749999999997	3.3441359999999998	0.0	0.0	0.0	0.0	0.0
-7.59786913	5.128050000000001	2.2769052	2.2526870999999997	2.2555045	0.0	0.0	0.0	0.0	0.0
-7.56686913	2.8716399999999997	1.2758728000000001	1.2606932999999998	1.2628347	0.0	0.0	0.0	0.0	0.0
-7.535869129999999	1.334836	0.5941248	0.5863669	0.5875117	0.0	0.0	0.0	0.0	0.0
-7.50586913	0.516174	0.23344449	0.23040476	0.23070810999999997	0.0	0.0	0.0	0.0	0.0
-7.474869129999999	0.17138669999999998	0.09443946	0.09454471	0.09340024	0.0	0.0	0.0	0.0	0.0
-7.44386913	0.06994379999999999	0.10330123000000001	0.10741440000000001	0.10268967	0.0	0.0	0.0	0.0	0.0
-7.41286913	0.09588036	0.28115489999999993	0.29375286999999994	0.28029852000000005	0.0	0.0	0.0	0.0	0.0
-7.3828691300000004	0.237742979	0.7600816	0.7892296000000001	0.75880657	0.0	0.0	0.0	0.0	0.0
-7.35186913	0.5364500099999999	1.728385	1.7828222000000002	1.7278911000000001	0.0	0.0	0.0	0.0	0.0
-7.320869129999999	1.0111609366	3.2655115999999995	3.3449297	3.2683253	0.0	0.0	0.0	0.0	0.0
-7.2898691300000005	1.5828103953000001	5.122190000000001	5.209212100000001	5.131835399999999	0.0	0.0	0.0	0.0	0.0
-7.259869129999999	2.0567129522999994	6.668914	6.7350896	6.689889899999998	0.0	0.0	0.0	0.0	0.0
-7.2288691300000005	2.2185139615	7.208222999999999	7.2279971	7.2384607	0.0	0.0	0.0	0.0	0.0
-7.19786913	1.9865125268799997	6.467336	6.440145299999999	6.5018753	0.0	0.0	0.0	0.0	0.0
-7.166869129999999	1.47680933209	4.816884	4.762603	4.8476523	0.0	0.0	0.0	0.0	0.0
-7.13686913	0.9112257723299999	2.9781517	2.9237262000000004	3.0002819000000005	0.0	0.0	0.0	0.0	0.0
-7.105869129999999	0.4667429624	1.52854	1.4897663	1.5414639999999997	0.0	0.0	0.0	0.0	0.0
-7.074869129999999	0.19844126229499995	0.6511885999999999	0.6301196399999999	0.6572501499999999	0.0	0.0	0.0	0.0	0.0
-7.04386913	0.070027446409	0.23026334	0.22119845000000002	0.23264357	0.0	0.0	0.0	0.0	0.0
-7.013869129999999	0.020509130999199997	0.06758488	0.06445407500000001	0.06834023899999998	0.0	0.0	0.0	0.0	0.0
-6.98286913	0.0049855319074	0.016461128	0.015585209999999999	0.016659622000000002	0.0	0.0	0.0	0.0	0.0
-6.9518691299999995	0.0010056764490799998	0.0033270794	0.0031270506	0.0033703152999999997	0.0	0.0	0.0	0.0	0.0
-6.920869129999999	0.00016835108169600002	0.0005580379999999999	0.00052064336	0.0005657706599999999	0.0	0.0	0.0	0.0	0.0
-6.89086913	2.3380150525e-05	7.767125999999999e-05	7.192749e-05	7.8801846e-05	0.0	0.0	0.0	0.0	0.0
-6.859869129999999	2.6942173794e-06	8.968681e-06	8.243388e-06	9.105476e-06	0.0	0.0	0.0	0.0	0.0
-6.82886913	2.5754166443e-07	8.591818e-07	7.838591e-07	8.7300159e-07	0.0	0.0	0.0	0.0	0.0
-6.79786913	2.04251322338e-08	6.826905999999999e-08	6.182828499999999e-08	6.9413842e-08	0.0	0.0	0.0	0.0	0.0
-6.766869129999999	1.3433887135500004e-09	4.5001635e-09	4.0449082000000005e-09	4.5789563e-09	0.0	0.0	0.0	0.0	0.0
-6.73686913	7.3290476225e-11	2.4599841e-10	2.1946426e-10	2.5047539e-10	0.0	0.0	0.0	0.0	0.0
-6.705869129999999	3.3162215839e-12	1.1153902e-11	9.877078e-12	1.1362243e-11	0.0	0.0	0.0	0.0	0.0
-6.67486913	1.24124811072e-13	4.1769538e-13	3.6805840999999997e-13	4.2674932000000005e-13	0.0	0.0	0.0	0.0	0.0
-6.64386913	3.819924208399999e-15	1.3512033999999999e-14	1.0568193000000001e-14	1.3227167000000001e-14	0.0	0.0	0.0	0.0	0.0
-6.61386913	0.0	0.0	0.0	0.0	0.0	0.0	0.0	0.0	0.0
-6.58286913	0.0	0.0	0.0	0.0	0.0	0.0	0.0	0.0	0.0
-6.551869129999999	0.0	0.0	0.0	0.0	0.0	0.0	0.0	0.0	0.0
-6.52086913	0.0	0.0	0.0	0.0	0.0	0.0	0.0	0.0	0.0
-6.490869129999999	0.0	0.0	0.0	0.0	0.0	0.0	0.0	0.0	0.0
-6.45986913	0.0	0.0	0.0	0.0	0.0	0.0	0.0	0.0	0.0
-6.42886913	0.0	0.0	0.0	0.0	0.0	0.0	0.0	0.0	0.0
-6.397869129999999	0.0	0.0	0.0	0.0	0.0	0.0	0.0	0.0	0.0
-6.36786913	0.0	0.0	0.0	0.0	0.0	0.0	0.0	0.0	0.0
-6.336869129999999	0.0	0.0	0.0	0.0	0.0	0.0	0.0	0.0	0.0
-6.3058691300000005	0.0	0.0	0.0	0.0	0.0	0.0	0.0	0.0	0.0
-6.27486913	0.0	0.0	0.0	0.0	0.0	0.0	0.0	0.0	0.0
-6.2448691300000005	0.0	0.0	0.0	0.0	0.0	0.0	0.0	0.0	0.0
-6.21386913	0.0	0.0	0.0	0.0	0.0	0.0	0.0	0.0	0.0
-6.182869129999999	0.0	0.0	0.0	0.0	0.0	0.0	0.0	0.0	0.0
-6.151869130000001	0.0	0.0	0.0	0.0	0.0	0.0	0.0	0.0	0.0
-6.121869129999999	0.0	0.0	0.0	0.0	0.0	0.0	0.0	0.0	0.0
-6.090869129999999	0.0	0.0	0.0	0.0	0.0	0.0	0.0	0.0	0.0
-6.05986913	0.0	0.0	0.0	0.0	0.0	0.0	0.0	0.0	0.0
-6.0288691299999995	0.0	0.0	0.0	0.0	0.0	0.0	0.0	0.0	0.0
-5.997869129999999	0.0	0.0	0.0	0.0	0.0	0.0	0.0	0.0	0.0
-5.9678691299999995	0.0	0.0	0.0	0.0	0.0	0.0	0.0	0.0	0.0
-5.936869129999999	0.0	0.0	0.0	0.0	0.0	0.0	0.0	0.0	0.0
-5.90586913	0.0	0.0	0.0	0.0	0.0	0.0	0.0	0.0	0.0
-5.8748691299999996	0.0	0.0	0.0	0.0	0.0	0.0	0.0	0.0	0.0
-5.84486913	0.0	0.0	0.0	0.0	0.0	0.0	0.0	0.0	0.0
-5.81386913	0.0	0.0	0.0	0.0	0.0	0.0	0.0	0.0	0.0
-5.782869129999999	0.0	0.0	0.0	0.0	0.0	0.0	0.0	0.0	0.0
-5.75186913	0.0	0.0	0.0	0.0	0.0	0.0	0.0	0.0	0.0
-5.721869129999999	0.0	0.0	0.0	0.0	0.0	0.0	0.0	0.0	0.0
-5.69086913	0.0	0.0	0.0	0.0	0.0	0.0	0.0	0.0	0.0
-5.65986913	0.0	0.0	0.0	0.0	0.0	0.0	0.0	0.0	0.0
-5.628869129999999	0.0	0.0	0.0	0.0	0.0	0.0	0.0	0.0	0.0
-5.59886913	0.0	0.0	0.0	0.0	0.0	0.0	0.0	0.0	0.0
-5.567869129999999	0.0	0.0	0.0	0.0	0.0	0.0	0.0	0.0	0.0
-5.53686913	0.0	0.0	0.0	0.0	0.0	0.0	0.0	0.0	0.0
-5.50586913	0.0	0.0	0.0	0.0	0.0	0.0	0.0	0.0	0.0
-5.47586913	0.0	0.0	0.0	0.0	0.0	0.0	0.0	0.0	0.0
-5.44486913	1.073159e-14	7.264544000000001e-15	7.524424999999999e-15	5.8005200000000014e-15	0.0	0.0	0.0	0.0	0.0
-5.413869129999999	3.3352010000000014e-13	2.2544759999999997e-13	2.336698e-13	1.807212e-13	0.0	0.0	0.0	0.0	0.0
-5.3828691300000004	9.00913e-12	6.069372e-12	6.276801e-12	4.937365e-12	0.0	0.0	0.0	0.0	0.0
-5.35186913	2.0182980000000003e-10	1.3562702999999998e-10	1.4001787e-10	1.1158028e-10	0.0	0.0	0.0	0.0	0.0
-5.3218691300000005	3.750486000000001e-09	2.5132629999999998e-09	2.590505e-09	2.0913919999999996e-09	0.0	0.0	0.0	0.0	0.0
-5.29086913	5.7800900000000004e-08	3.862971e-08	3.974409e-08	3.2518049999999996e-08	0.0	0.0	0.0	0.0	0.0
-5.259869129999999	7.389680000000001e-07	4.924851e-07	5.057997e-07	4.19417e-07	0.0	0.0	0.0	0.0	0.0
-5.2288691300000005	7.83725e-06	5.208795e-06	5.33968e-06	4.488051000000001e-06	0.0	0.0	0.0	0.0	0.0
-5.198869129999999	6.896099999999997e-05	4.570199e-05	4.6761430000000005e-05	3.984259e-05	0.0	0.0	0.0	0.0	0.0
-5.167869130000001	0.000503505	0.0003327117999999999	0.0003397534	0.0002934989	0.0	0.0	0.0	0.0	0.0
-5.13686913	0.0030503310000000003	0.0020096669999999997	0.00204816	0.001794127	0.0	0.0	0.0	0.0	0.0
-5.105869129999999	0.01533568	0.010074404	0.010247269	0.009101774	0.0	0.0	0.0	0.0	0.0
-5.07586913	0.06398930000000001	0.041905340000000006	0.042541380000000004	0.03831841	0.0	0.0	0.0	0.0	0.0
-5.0448691299999995	0.2216088	0.14468419000000002	0.1465569	0.13389601	0.0	0.0	0.0	0.0	0.0
-5.013869129999999	0.6369690000000001	0.4146093	0.41910240000000004	0.3883808	0.0	0.0	0.0	0.0	0.0
-4.98286913	1.519861	0.9861986999999999	0.9946233999999999	0.9351343000000001	0.0	0.0	0.0	0.0	0.0
-4.952869129999999	3.010395	1.9472249999999995	1.9598269999999998	1.8690090000000001	0.0	0.0	0.0	0.0	0.0
-4.92186913	4.950509999999999	3.1919859999999995	3.205188	3.1016950000000003	0.0	0.0	0.0	0.0	0.0
-4.89086913	6.7603800000000005	4.346035	4.354191000000001	4.275518000000001	0.0	0.0	0.0	0.0	0.0
-4.859869129999999	7.673870000000001	4.922724	4.920955999999999	4.903355	0.0	0.0	0.0	0.0	0.0
-4.82986913	7.267329999999998	4.667982	4.657537	4.707911000000001	0.0	0.0	0.0	0.0	0.0
-4.798869129999999	5.826190000000001	3.797192	3.786006	3.876277	0.0	0.0	0.0	0.0	0.0
-4.76786913	4.166599999999999	2.8799379999999997	2.879134000000001	2.965615	0.0	0.0	0.0	0.0	0.0
-4.73686913	3.0803789999999998	2.4656038999999996	2.4828070000000007	2.534286	0.0	0.0	0.0	0.0	0.0
-4.70686913	2.8733870000000006	2.7492805999999996	2.782629	2.7908182	0.0	0.0	0.0	0.0	0.0
-4.67586913	3.286098	3.4747065000000004	3.5121502999999996	3.4863995000000005	0.0	0.0	0.0	0.0	0.0
-4.644869129999999	3.7458259999999997	4.104162999999999	4.1289205	4.0859844	0.0	0.0	0.0	0.0	0.0
-4.61386913	3.7515458000000006	4.1618036	4.163217	4.1191642	0.0	0.0	0.0	0.0	0.0
-4.58286913	3.16666428	3.5334671000000006	3.5138971199999993	3.4790993	0.0	0.0	0.0	0.0	0.0
-4.55286913	2.227340409999999	2.4955395	2.4670910200000002	2.4451761999999997	0.0	0.0	0.0	0.0	0.0
-4.52186913	1.3018188000000004	1.4639045	1.43871206	1.4273475	0.0	0.0	0.0	0.0	0.0
-4.490869129999999	0.6334663999999999	0.7133873000000002	0.6970244	0.6923436800000001	0.0	0.0	0.0	0.0	0.0
-4.45986913	0.2648135999999999	0.29199420000000004	0.28362768999999993	0.28206769	0.0	0.0	0.0	0.0	0.0
-4.429869129999999	0.13112290000000001	0.11429534	0.11062742	0.11027724000000001	0.0	0.0	0.0	0.0	0.0
-4.3988691300000005	0.19383499999999998	0.09334054	0.09110684000000001	0.09129704	0.0	0.0	0.0	0.0	0.0
-4.36786913	0.5348470000000001	0.21689599999999998	0.21315894999999999	0.21403623000000002	0.0	0.0	0.0	0.0	0.0
-4.336869129999999	1.38897	0.5646166600000001	0.55617643	0.55868325	0.0	0.0	0.0	0.0	0.0
-4.30686913	3.07075	1.2708612	1.2540689	1.2604853200000001	0.0	0.0	0.0	0.0	0.0
-4.275869129999999	5.730810000000001	2.4152713000000006	2.3886488000000003	2.4023064	0.0	0.0	0.0	0.0	0.0
-4.2448691300000005	9.01994	3.8647230000000006	3.8325331999999994	3.8571543	0.0	0.0	0.0	0.0	0.0
-4.21386913	11.960340000000002	5.1996598	5.171514	5.2099368	0.0	0.0	0.0	0.0	0.0
-4.183869130000001	13.344249999999999	5.8736701	5.860371000000001	5.9100377	0.0	0.0	0.0	0.0	0.0
-4.15286913	12.507169999999999	5.562366300000001	5.5676250000000005	5.621851299999999	0.0	0.0	0.0	0.0	0.0
-4.121869129999999	9.83203	4.4084381	4.4275839999999995	4.4760699	0.0	0.0	0.0	0.0	0.0
-4.090869129999999	6.472589999999999	2.9202066999999996	2.9434702	2.9792533999999997	0.0	0.0	0.0	0.0	0.0
-4.0608691299999995	3.5628679999999995	1.6146676999999998	1.6333092000000002	1.6552422	0.0	0.0	0.0	0.0	0.0
-4.029869129999999	1.6377079999999997	0.7445913999999999	0.7558966000000001	0.7669767	0.0	0.0	0.0	0.0	0.0
-3.99886913	0.6278566000000001	0.28601890999999996	0.29137843	0.29603954000000005	0.0	0.0	0.0	0.0	0.0
-3.9678691299999995	0.20058040000000002	0.09145153	0.09350684000000001	0.09511177300000001	0.0	0.0	0.0	0.0	0.0
-3.93786913	0.05333964	0.024326010000000002	0.024960286999999998	0.025421226999999998	0.0	0.0	0.0	0.0	0.0
-3.9068691299999996	0.011800311999999999	0.0053793498	0.005538917	0.0056480165	0.0	0.0	0.0	0.0	0.0
-3.875869129999999	0.002170494	0.0009887284	0.0010216771000000002	0.00104280551	0.0	0.0	0.0	0.0	0.0
-3.84486913	0.00033179939999999995	0.00015093606	0.00015649934000000002	0.00015994000000000002	0.0	0.0	0.0	0.0	0.0
-3.8138691299999996	4.213557e-05	1.9137153e-05	1.9910846e-05	2.0370558000000003e-05	0.0	0.0	0.0	0.0	0.0
-3.7838691300000002	4.443047e-06	2.0139669e-06	2.1027239999999996e-06	2.1537311999999995e-06	0.0	0.0	0.0	0.0	0.0
-3.7528691299999997	3.8890518000000004e-07	1.7594807999999998e-07	1.8433144e-07	1.8899698000000002e-07	0.0	0.0	0.0	0.0	0.0
-3.721869129999999	2.8253026e-08	1.2756383999999999e-08	1.3407541e-08	1.3762560000000001e-08	0.0	0.0	0.0	0.0	0.0
-3.6908691300000003	1.7031803000000004e-09	7.672083e-10	8.091179e-10	8.3144331e-10	0.0	0.0	0.0	0.0	0.0
-3.660869129999999	8.518000100000002e-11	3.828097799999999e-11	4.051058e-11	4.1664905e-11	0.0	0.0	0.0	0.0	0.0
-3.6298691300000003	3.5332567e-12	1.5846049e-12	1.6814747000000002e-12	1.7315625999999998e-12	0.0	0.0	0.0	0.0	0.0
-3.5988691299999997	1.248506322e-13	5.5496813e-14	5.984284000000001e-14	6.138245499999999e-14	0.0	0.0	0.0	0.0	0.0
-3.567869129999999	0.0	0.0	0.0	0.0	0.0	0.0	0.0	0.0	0.0
-3.53786913	0.0	0.0	0.0	0.0	0.0	0.0	0.0	0.0	0.0
-3.5068691299999992	0.0	0.0	0.0	0.0	0.0	0.0	0.0	0.0	0.0
-3.4758691300000004	0.0	0.0	0.0	0.0	0.0	0.0	0.0	0.0	0.0
-3.44486913	0.0	0.0	0.0	0.0	0.0	0.0	0.0	0.0	0.0
-3.4148691300000005	0.0	0.0	0.0	0.0	0.0	0.0	0.0	0.0	0.0
-3.38386913	0.0	0.0	0.0	0.0	0.0	0.0	0.0	0.0	0.0
-3.3528691299999993	0.0	0.0	0.0	0.0	0.0	0.0	0.0	0.0	0.0
-3.3218691300000005	0.0	0.0	0.0	0.0	0.0	0.0	0.0	0.0	0.0
-3.2918691299999994	0.0	0.0	0.0	0.0	0.0	0.0	0.0	0.0	0.0
-3.2608691299999997	0.0	0.0	0.0	0.0	0.0	0.0	0.0	0.0	0.0
-3.22986913	0.0	0.0	0.0	0.0	0.0	0.0	0.0	0.0	0.0
-3.1988691299999994	0.0	0.0	0.0	0.0	0.0	0.0	0.0	0.0	0.0
-3.1678691299999997	0.0	0.0	0.0	0.0	0.0	0.0	0.0	0.0	0.0
-3.1378691299999995	0.0	0.0	0.0	0.0	0.0	0.0	0.0	0.0	0.0
-3.1068691299999998	0.0	0.0	0.0	0.0	0.0	0.0	0.0	0.0	0.0
-3.07586913	0.0	0.0	0.0	0.0	0.0	0.0	0.0	0.0	0.0
-3.0448691299999995	0.0	0.0	0.0	0.0	0.0	0.0	0.0	0.0	0.0
-3.01486913	0.0	0.0	0.0	0.0	0.0	0.0	0.0	0.0	0.0
-2.9838691299999995	0.0	0.0	0.0	0.0	0.0	0.0	0.0	0.0	0.0
-2.95286913	0.0	0.0	0.0	0.0	0.0	0.0	0.0	0.0	0.0
-2.92186913	0.0	0.0	0.0	0.0	0.0	0.0	0.0	0.0	0.0
-2.89186913	0.0	0.0	0.0	0.0	0.0	0.0	0.0	0.0	0.0
-2.8608691299999993	0.0	0.0	0.0	0.0	0.0	0.0	0.0	0.0	0.0
-2.8298691299999996	0.0	0.0	0.0	0.0	0.0	0.0	0.0	0.0	0.0
-2.79886913	0.0	0.0	0.0	0.0	0.0	0.0	0.0	0.0	0.0
-2.7688691299999997	0.0	0.0	0.0	0.0	0.0	0.0	0.0	0.0	0.0
-2.73786913	0.0	0.0	0.0	0.0	0.0	0.0	0.0	0.0	0.0
-2.7068691299999994	0.0	0.0	0.0	0.0	0.0	0.0	0.0	0.0	0.0
-2.6758691299999997	0.0	0.0	0.0	0.0	0.0	0.0	0.0	0.0	0.0
-2.6458691299999995	0.0	0.0	0.0	0.0	0.0	0.0	0.0	0.0	0.0
-2.6148691299999998	0.0	0.0	0.0	0.0	0.0	0.0	0.0	0.0	0.0
-2.58386913	0.0	0.0	0.0	0.0	0.0	0.0	0.0	0.0	0.0
-2.5528691299999995	0.0	0.0	0.0	0.0	0.0	0.0	0.0	0.0	0.0
-2.52286913	0.0	0.0	0.0	0.0	0.0	0.0	0.0	0.0	0.0
-2.4918691299999995	0.0	0.0	0.0	0.0	0.0	0.0	0.0	0.0	0.0
-2.46086913	0.0	0.0	0.0	0.0	0.0	0.0	0.0	0.0	0.0
-2.42986913	0.0	0.0	0.0	0.0	0.0	0.0	0.0	0.0	0.0
-2.3988691299999996	0.0	0.0	0.0	0.0	0.0	0.0	0.0	0.0	0.0
-2.3688691299999993	0.0	0.0	0.0	0.0	0.0	0.0	0.0	0.0	0.0
-2.3378691299999996	0.0	0.0	0.0	0.0	0.0	0.0	0.0	0.0	0.0
-2.30686913	0.0	0.0	0.0	0.0	0.0	0.0	0.0	0.0	0.0
-2.2758691299999994	0.0	0.0	0.0	0.0	0.0	0.0	0.0	0.0	0.0
-2.24586913	0.0	0.0	0.0	0.0	0.0	0.0	0.0	0.0	0.0
-2.2148691299999994	0.0	0.0	0.0	0.0	0.0	0.0	0.0	0.0	0.0
-2.1838691299999997	0.0	0.0	0.0	0.0	0.0	0.0	0.0	0.0	0.0
-2.15286913	0.0	0.0	0.0	0.0	0.0	0.0	0.0	0.0	0.0
-2.1228691299999998	0.0	0.0	0.0	0.0	0.0	0.0	0.0	0.0	0.0
-2.09186913	0.0	0.0	0.0	0.0	0.0	0.0	0.0	0.0	0.0
-2.0608691299999995	0.0	0.0	0.0	0.0	0.0	0.0	0.0	0.0	0.0
-2.02986913	0.0	0.0	0.0	0.0	0.0	0.0	0.0	0.0	0.0
-1.9998691299999996	0.0	0.0	0.0	0.0	0.0	0.0	0.0	0.0	0.0
-1.9688691299999999	0.0	0.0	0.0	0.0	0.0	0.0	0.0	0.0	0.0
-1.9378691300000002	0.0	0.0	0.0	0.0	0.0	0.0	0.0	0.0	0.0
-1.9068691299999996	0.0	0.0	0.0	0.0	0.0	0.0	0.0	0.0	0.0
-1.8768691299999993	0.0	0.0	0.0	0.0	0.0	0.0	0.0	0.0	0.0
-1.8458691299999996	0.0	0.0	0.0	0.0	0.0	0.0	0.0	0.0	0.0
-1.81486913	0.0	0.0	0.0	0.0	0.0	0.0	0.0	0.0	0.0
-1.7838691299999994	0.0	0.0	0.0	0.0	0.0	0.0	0.0	0.0	0.0
-1.75386913	0.0	0.0	0.0	0.0	0.0	0.0	0.0	0.0	0.0
-1.7228691299999994	0.0	0.0	0.0	0.0	0.0	0.0	0.0	0.0	0.0
-1.6918691299999997	0.0	0.0	0.0	0.0	0.0	0.0	0.0	0.0	0.0
-1.66086913	0.0	0.0	0.0	0.0	0.0	0.0	0.0	0.0	0.0
-1.6298691299999994	0.0	0.0	0.0	0.0	0.0	0.0	0.0	0.0	0.0
-1.59986913	0.0	0.0	0.0	0.0	0.0	0.0	0.0	0.0	0.0
-1.5688691299999995	0.0	0.0	0.0	0.0	0.0	0.0	0.0	0.0	0.0
-1.5378691299999998	0.0	0.0	0.0	0.0	0.0	0.0	0.0	0.0	0.0
-1.5068691300000001	0.0	0.0	0.0	0.0	0.0	0.0	0.0	0.0	0.0
-1.4768691299999999	0.0	0.0	0.0	0.0	0.0	0.0	0.0	0.0	0.0
-1.4458691299999993	0.0	0.0	0.0	0.0	0.0	0.0	0.0	0.0	0.0
-1.4148691299999996	0.0	0.0	0.0	0.0	0.0	0.0	0.0	0.0	0.0
-1.38386913	0.0	0.0	0.0	0.0	0.0	0.0	0.0	0.0	0.0
-1.3538691299999996	0.0	0.0	0.0	0.0	0.0	0.0	0.0	0.0	0.0
-1.32286913	0.0	0.0	0.0	0.0	0.0	0.0	0.0	0.0	0.0
-1.2918691299999994	0.0	0.0	0.0	0.0	0.0	0.0	0.0	0.0	0.0
-1.2608691299999997	0.0	0.0	0.0	0.0	0.0	0.0	0.0	0.0	0.0
-1.2308691299999994	0.0	0.0	0.0	0.0	0.0	0.0	0.0	0.0	0.0
-1.1998691299999997	0.0	0.0	0.0	0.0	0.0	0.0	0.0	0.0	0.0
-1.16886913	0.0	0.0	0.0	0.0	0.0	0.0	0.0	0.0	0.0
-1.1378691299999995	0.0	0.0	0.0	0.0	0.0	0.0	0.0	0.0	0.0
-1.10786913	0.0	0.0	0.0	0.0	0.0	0.0	0.0	0.0	0.0
-1.0768691299999995	0.0	0.0	0.0	0.0	0.0	0.0	0.0	0.0	0.0
-1.0458691299999998	2.31359e-15	6.654800600000001e-15	8.431258999999999e-15	6.6428639e-15	0.0	0.0	0.0	0.0	0.0
-1.0148691300000001	7.103200000000002e-14	1.92334586e-13	2.5377744299999997e-13	2.20965869e-13	0.0	0.0	0.0	0.0	0.0
-0.9838691299999995	1.9551999999999996e-12	5.3537675e-12	6.9158357000000005e-12	6.0908656e-12	0.0	0.0	0.0	0.0	0.0
-0.9538691299999993	4.4498e-11	1.22846283e-10	1.5634219899999998e-10	1.3870976e-10	0.0	0.0	0.0	0.0	0.0
-0.9228691299999996	8.40006e-10	2.33714286e-09	2.93076879e-09	2.62035247e-09	0.0	0.0	0.0	0.0	0.0
-0.8918691299999999	1.315123e-08	3.6892603000000014e-08	4.5574988999999996e-08	4.1040034e-08	0.0	0.0	0.0	0.0	0.0
-0.8608691299999993	1.7074400000000004e-07	4.8280861e-07	5.875602700000001e-07	5.3320734e-07	0.0	0.0	0.0	0.0	0.0
-0.83086913	1.8391000000000003e-06	5.2411504e-06	6.2845572000000005e-06	5.7454283000000015e-06	0.0	0.0	0.0	0.0	0.0
-0.7998691299999994	1.6430999999999996e-05	4.7199068999999995e-05	5.5766505e-05	5.1348658e-05	0.0	0.0	0.0	0.0	0.0
-0.7688691299999997	0.00012179199999999999	0.000352568921	0.00041041806	0.00038079024	0.0	0.0	0.0	0.0	0.0
-0.73786913	0.000749058	0.0021853316399999996	0.0025066579099999996	0.0023429048700000002	0.0	0.0	0.0	0.0	0.0
-0.7078691299999997	0.00382259	0.011239547899999999	0.012698795199999998	0.011959934	0.0	0.0	0.0	0.0	0.0
-0.67686913	0.016186899999999997	0.047963336	0.053394855000000005	0.050661551000000006	0.0	0.0	0.0	0.0	0.0
-0.6458691299999995	0.0568836	0.16987314199999998	0.186306861	0.17806665499999996	0.0	0.0	0.0	0.0	0.0
-0.6148691299999998	0.16590200000000002	0.49932519000000003	0.5394243099999999	0.51947887	0.0	0.0	0.0	0.0	0.0
-0.5848691299999995	0.40158099999999997	1.2177925399999998	1.29635673	1.257515	0.0	0.0	0.0	0.0	0.0
-0.5538691299999998	0.806873	2.46589001	2.5857094800000002	2.5270776200000005	0.0	0.0	0.0	0.0	0.0
-0.5228691300000001	1.34571	4.143437079999999	4.281106200000001	4.213629899999999	0.0	0.0	0.0	0.0	0.0
-0.49186912999999954	1.8627000000000002	5.7782193	5.883037999999999	5.8335643	0.0	0.0	0.0	0.0	0.0
-0.4618691299999993	2.1406199999999997	6.690641899999999	6.710144200000001	6.7020064999999995	0.0	0.0	0.0	0.0	0.0
-0.4308691299999996	2.04156	6.4295336	6.353320400000001	6.3925467	0.0	0.0	0.0	0.0	0.0
-0.3998691299999999	1.6166200000000002	5.1288396	4.992539799999999	5.0614080999999995	0.0	0.0	0.0	0.0	0.0
-0.3688691299999993	1.0624709999999997	3.3955123599999997	3.25679509	3.32591677	0.0	0.0	0.0	0.0	0.0
-0.33886912999999996	0.579626	1.86630255	1.7635051999999998	1.8137879999999997	0.0	0.0	0.0	0.0	0.0
-0.3078691299999994	0.262443	0.8513409799999998	0.7925280000000001	0.8211270799999999	0.0	0.0	0.0	0.0	0.0
-0.2768691299999997	0.09864499999999998	0.3223274029999999	0.295590947	0.30852969099999994	0.0	0.0	0.0	0.0	0.0
-0.24586913	0.0307687	0.101287615	0.09151575900000002	0.09619328399999999	0.0	0.0	0.0	0.0	0.0
-0.2148691299999994	0.0079653	0.026406067599999996	0.0235082068	0.024890558500000003	0.0	0.0	0.0	0.0	0.0
-0.18486913000000005	0.00171114	0.0057143776999999995	0.0050116959	0.005345052	0.0	0.0	0.0	0.0	0.0
-0.15386912999999947	0.000305004	0.00102596562	0.00088648364	0.0009522998500000001	0.0	0.0	0.0	0.0	0.0
-0.12286912999999977	4.51147e-05	0.000152850802	0.00013009763899999997	0.000140778077	0.0	0.0	0.0	0.0	0.0
-0.09186913000000008	5.535990000000001e-06	1.8889481900000002e-05	1.5841035500000003e-05	1.72647628e-05	0.0	0.0	0.0	0.0	0.0
-0.06186912999999983	5.635570000000001e-07	1.93679429e-06	1.5998964799999999e-06	1.75637392e-06	0.0	0.0	0.0	0.0	0.0
-0.030869130000000133	4.75877e-08	1.6471402100000002e-07	1.34043114e-07	1.4822210599999998e-07	0.0	0.0	0.0	0.0	0.0
0.00013087000000044924	3.3333800000000003e-09	1.1618402800000001e-08	9.314912700000001e-09	1.03735441e-08	0.0	0.0	0.0	0.0	0.0
0.031130870000000144	1.9362499999999996e-10	6.796495500000001e-10	5.368154799999999e-10	6.0208236e-10	0.0	0.0	0.0	0.0	0.0
0.06113087000000039	9.327380000000001e-12	3.29702657e-11	2.5660574599999997e-11	2.8980840400000003e-11	0.0	0.0	0.0	0.0	0.0
0.09213087000000009	3.72924e-13	1.3283596499999998e-12	1.01498656e-12	1.15932101e-12	0.0	0.0	0.0	0.0	0.0
0.12313087000000067	1.295502e-14	4.63320601e-14	3.5797456e-14	3.95557149e-14	0.0	0.0	0.0	0.0	0.0
0.15413087000000036	0.0	0.0	0.0	0.0	0.0	0.0	0.0	0.0	0.0
0.1841308700000006	0.0	0.0	0.0	0.0	0.0	0.0	0.0	0.0	0.0
0.2151308700000003	0.0	0.0	0.0	0.0	0.0	0.0	0.0	0.0	0.0
0.24613087	0.0	0.0	0.0	0.0	0.0	0.0	0.0	0.0	0.0
0.2771308700000006	0.0	0.0	0.0	0.0	0.0	0.0	0.0	0.0	0.0
0.30713086999999994	0.0	0.0	0.0	0.0	0.0	0.0	0.0	0.0	0.0
0.3381308700000005	0.0	0.0	0.0	0.0	0.0	0.0	0.0	0.0	0.0
0.3691308700000002	0.0	0.0	0.0	0.0	0.0	0.0	0.0	0.0	0.0
0.4001308699999999	0.0	0.0	0.0	0.0	0.0	0.0	0.0	0.0	0.0
0.43013087000000017	0.0	0.0	0.0	0.0	0.0	0.0	0.0	0.0	0.0
0.46113086999999986	0.0	0.0	0.0	0.0	0.0	0.0	0.0	0.0	0.0
0.49213087000000044	0.0	0.0	0.0	0.0	0.0	0.0	0.0	0.0	0.0
0.5231308700000001	0.0	0.0	0.0	0.0	0.0	0.0	0.0	0.0	0.0
0.5541308700000007	0.0	0.0	0.0	0.0	0.0	0.0	0.0	0.0	0.0
0.5841308700000001	0.0	0.0	0.0	0.0	0.0	0.0	0.0	0.0	0.0
0.6151308700000007	0.0	0.0	0.0	0.0	0.0	0.0	0.0	0.0	0.0
0.6461308700000004	0.0	0.0	0.0	0.0	0.0	0.0	0.0	0.0	0.0
0.67713087	0.0	0.0	0.0	0.0	0.0	0.0	0.0	0.0	0.0
0.7071308700000003	0.0	0.0	0.0	0.0	0.0	0.0	0.0	0.0	0.0
0.7381308700000004	0.0	0.0	0.0	0.0	0.0	0.0	0.0	0.0	0.0
0.7691308700000001	0.0	0.0	0.0	0.0	0.0	0.0	0.0	0.0	0.0
0.8001308700000003	0.0	0.0	0.0	0.0	0.0	0.0	0.0	0.0	0.0
0.8301308700000001	0.0	0.0	0.0	0.0	0.0	0.0	0.0	0.0	0.0
0.8611308700000002	0.0	0.0	0.0	0.0	0.0	0.0	0.0	0.0	0.0
0.8921308700000004	0.0	0.0	0.0	0.0	0.0	0.0	0.0	0.0	0.0
0.9231308700000005	0.0	0.0	0.0	0.0	0.0	0.0	0.0	0.0	0.0
0.9531308700000003	0.0	0.0	0.0	0.0	0.0	0.0	0.0	0.0	0.0
0.9841308700000004	0.0	0.0	0.0	0.0	0.0	0.0	0.0	0.0	0.0
1.0151308700000001	0.0	0.0	0.0	0.0	0.0	0.0	0.0	0.0	0.0
1.0461308700000003	0.0	0.0	0.0	0.0	0.0	0.0	0.0	0.0	0.0
1.07613087	0.0	0.0	0.0	0.0	0.0	0.0	0.0	0.0	0.0
1.1071308700000002	0.0	0.0	0.0	0.0	0.0	0.0	0.0	0.0	0.0
1.1381308700000003	0.0	0.0	0.0	0.0	0.0	0.0	0.0	0.0	0.0
1.1691308700000005	0.0	0.0	0.0	0.0	0.0	0.0	0.0	0.0	0.0
1.2001308700000002	0.0	0.0	0.0	0.0	0.0	0.0	0.0	0.0	0.0
1.2301308700000004	0.0	0.0	0.0	0.0	0.0	0.0	0.0	0.0	0.0
1.2611308700000001	0.0	0.0	0.0	0.0	0.0	0.0	0.0	0.0	0.0
1.2921308700000003	0.0	0.0	0.0	0.0	0.0	0.0	0.0	0.0	0.0
1.3231308700000004	0.0	0.0	0.0	0.0	0.0	0.0	0.0	0.0	0.0
1.3531308700000002	0.0	0.0	0.0	0.0	0.0	0.0	0.0	0.0	0.0
1.3841308700000003	0.0	0.0	0.0	0.0	0.0	0.0	0.0	0.0	0.0
1.4151308700000005	0.0	0.0	0.0	0.0	0.0	0.0	0.0	0.0	0.0
1.4461308700000002	0.0	0.0	0.0	0.0	0.0	0.0	0.0	0.0	0.0
1.4761308700000004	0.0	0.0	0.0	0.0	0.0	0.0	0.0	0.0	0.0
1.5071308700000001	0.0	0.0	0.0	0.0	0.0	0.0	0.0	0.0	0.0
1.5381308700000003	0.0	0.0	0.0	0.0	0.0	0.0	0.0	0.0	0.0
1.5691308700000004	0.0	0.0	0.0	0.0	0.0	0.0	0.0	0.0	0.0
1.5991308700000002	0.0	0.0	0.0	0.0	0.0	0.0	0.0	0.0	0.0
1.6301308700000003	0.0	0.0	0.0	0.0	0.0	0.0	0.0	0.0	0.0
1.6611308700000005	0.0	0.0	0.0	0.0	0.0	0.0	0.0	0.0	0.0
1.6921308700000002	0.0	0.0	0.0	0.0	0.0	0.0	0.0	0.0	0.0
1.7221308700000004	0.0	0.0	0.0	0.0	0.0	0.0	0.0	0.0	0.0
1.7531308700000001	0.0	0.0	0.0	0.0	0.0	0.0	0.0	0.0	0.0
1.7841308700000003	0.0	0.0	0.0	0.0	0.0	0.0	0.0	0.0	0.0
1.8151308700000004	0.0	0.0	0.0	0.0	0.0	0.0	0.0	0.0	0.0
1.8451308700000002	0.0	0.0	0.0	0.0	0.0	0.0	0.0	0.0	0.0
1.8761308700000003	0.0	0.0	0.0	0.0	0.0	0.0	0.0	0.0	0.0
1.9071308700000005	0.0	0.0	0.0	0.0	0.0	0.0	0.0	0.0	0.0
1.9381308700000002	0.0	0.0	0.0	0.0	0.0	0.0	0.0	0.0	0.0
1.9691308700000003	0.0	0.0	0.0	0.0	0.0	0.0	0.0	0.0	0.0
1.9991308700000001	0.0	0.0	0.0	0.0	0.0	0.0	0.0	0.0	0.0
2.0301308700000003	0.0	0.0	0.0	0.0	0.0	0.0	0.0	0.0	0.0
2.0611308700000004	0.0	0.0	0.0	0.0	0.0	0.0	0.0	0.0	0.0
2.09213087	0.0	0.0	0.0	0.0	0.0	0.0	0.0	0.0	0.0
2.1221308700000003	0.0	0.0	0.0	0.0	0.0	0.0	0.0	0.0	0.0
2.1531308700000005	0.0	0.0	0.0	0.0	0.0	0.0	0.0	0.0	0.0
2.18413087	0.0	0.0	0.0	0.0	0.0	0.0	0.0	0.0	0.0
2.2151308700000003	0.0	0.0	0.0	0.0	0.0	0.0	0.0	0.0	0.0
2.24513087	0.0	0.0	0.0	0.0	0.0	0.0	0.0	0.0	0.0
2.2761308700000003	0.0	0.0	0.0	0.0	0.0	0.0	0.0	0.0	0.0
2.3071308700000004	0.0	0.0	0.0	0.0	0.0	0.0	0.0	0.0	0.0
2.33813087	0.0	0.0	0.0	0.0	0.0	0.0	0.0	0.0	0.0
2.3681308700000003	0.0	0.0	0.0	0.0	0.0	0.0	0.0	0.0	0.0
2.3991308700000005	0.0	0.0	0.0	0.0	0.0	0.0	0.0	0.0	0.0
2.43013087	0.0	0.0	0.0	0.0	0.0	0.0	0.0	0.0	0.0
2.4611308700000003	0.0	0.0	0.0	0.0	0.0	0.0	0.0	0.0	0.0
2.49113087	0.0	0.0	0.0	0.0	0.0	0.0	0.0	0.0	0.0
2.5221308700000002	0.0	0.0	0.0	0.0	0.0	0.0	0.0	0.0	0.0
2.5531308700000004	0.0	0.0	0.0	0.0	0.0	0.0	0.0	0.0	0.0
2.58413087	0.0	0.0	0.0	0.0	0.0	0.0	0.0	0.0	0.0
2.6141308700000003	0.0	0.0	0.0	0.0	0.0	0.0	0.0	0.0	0.0
2.6451308700000005	0.0	0.0	0.0	0.0	0.0	0.0	0.0	0.0	0.0
2.67613087	0.0	0.0	0.0	0.0	0.0	0.0	0.0	0.0	0.0
2.7071308700000003	0.0	0.0	0.0	0.0	0.0	0.0	0.0	0.0	0.0
2.73813087	0.0	0.0	0.0	0.0	0.0	0.0	0.0	0.0	0.0
2.7681308700000002	0.0	0.0	0.0	0.0	0.0	0.0	0.0	0.0	0.0
2.7991308700000004	0.0	0.0	0.0	0.0	0.0	0.0	0.0	0.0	0.0
2.8301308700000005	0.0	0.0	0.0	0.0	0.0	0.0	0.0	0.0	0.0
2.86113087	0.0	0.0	0.0	0.0	0.0	0.0	0.0	0.0	0.0
2.8911308700000005	0.0	0.0	0.0	0.0	0.0	0.0	0.0	0.0	0.0
2.92213087	0.0	0.0	0.0	0.0	0.0	0.0	0.0	0.0	0.0
2.9531308700000003	0.0	0.0	0.0	0.0	0.0	0.0	0.0	0.0	0.0
2.9841308700000004	0.0	0.0	0.0	0.0	0.0	0.0	0.0	0.0	0.0
3.0141308700000002	0.0	0.0	0.0	0.0	0.0	0.0	0.0	0.0	0.0
3.0451308700000004	0.0	0.0	0.0	0.0	0.0	0.0	0.0	0.0	0.0
3.07613087	0.0	0.0	0.0	0.0	0.0	0.0	0.0	0.0	0.0
3.10713087	0.0	0.0	0.0	0.0	0.0	0.0	0.0	0.0	0.0
3.13713087	0.0	0.0	0.0	0.0	0.0	0.0	0.0	0.0	0.0
3.1681308700000006	0.0	0.0	0.0	0.0	0.0	0.0	0.0	0.0	0.0
3.1991308700000003	0.0	0.0	0.0	0.0	0.0	0.0	0.0	0.0	0.0
3.23013087	0.0	0.0	0.0	0.0	0.0	0.0	0.0	0.0	0.0
3.2601308700000002	0.0	0.0	0.0	0.0	0.0	0.0	0.0	0.0	0.0
3.2911308700000004	0.0	0.0	0.0	0.0	0.0	0.0	0.0	0.0	0.0
3.3221308700000005	0.0	0.0	0.0	0.0	0.0	0.0	0.0	0.0	0.0
3.35313087	0.0	0.0	0.0	0.0	0.0	0.0	0.0	0.0	0.0
3.3841308700000003	0.0	0.0	0.0	0.0	0.0	0.0	0.0	0.0	0.0
3.41413087	0.0	0.0	0.0	0.0	0.0	0.0	0.0	0.0	0.0
3.4451308700000003	0.0	0.0	0.0	0.0	0.0	0.0	0.0	0.0	0.0
3.4761308700000004	0.0	0.0	0.0	0.0	0.0	0.0	0.0	0.0	0.0
3.50713087	0.0	0.0	0.0	0.0	0.0	0.0	0.0	0.0	0.0
3.5371308700000004	0.0	0.0	0.0	0.0	0.0	0.0	0.0	0.0	0.0
3.56813087	0.0	0.0	0.0	0.0	0.0	0.0	0.0	0.0	0.0
3.59913087	0.0	0.0	0.0	0.0	0.0	0.0	0.0	0.0	0.0
3.6301308700000003	0.0	0.0	0.0	0.0	0.0	0.0	0.0	0.0	0.0
3.6601308700000006	0.0	0.0	0.0	0.0	0.0	0.0	0.0	0.0	0.0
3.6911308700000003	0.0	0.0	0.0	0.0	0.0	0.0	0.0	0.0	0.0
3.7221308700000004	0.0	0.0	0.0	0.0	0.0	0.0	0.0	0.0	0.0
3.75313087	0.0	0.0	0.0	0.0	0.0	0.0	0.0	0.0	0.0
3.7831308700000004	0.0	0.0	0.0	0.0	0.0	0.0	0.0	0.0	0.0
3.8141308700000005	0.0	0.0	0.0	0.0	0.0	0.0	0.0	0.0	0.0
3.84513087	0.0	0.0	0.0	0.0	0.0	0.0	0.0	0.0	0.0
3.8761308700000003	0.0	0.0	0.0	0.0	0.0	0.0	0.0	0.0	0.0
3.90613087	0.0	0.0	0.0	0.0	0.0	0.0	0.0	0.0	0.0
3.9371308700000003	0.0	0.0	0.0	0.0	0.0	0.0	0.0	0.0	0.0
3.9681308700000004	0.0	0.0	0.0	0.0	0.0	0.0	0.0	0.0	0.0
3.99913087	0.0	0.0	0.0	0.0	0.0	0.0	0.0	0.0	0.0
4.02913087	1.3339561e-16	4.4839965e-17	4.46676451e-17	4.38415914e-17	0.0	0.0	0.0	0.0	0.0
4.06013087	3.6685571e-15	1.2330628199999999e-15	1.2282896100000002e-15	1.20557168e-15	0.0	0.0	0.0	0.0	0.0
4.091130870000001	1.0497849000000003e-13	3.5289056999999993e-14	3.5155482e-14	3.4503968000000003e-14	0.0	0.0	0.0	0.0	0.0
4.12213087	2.4730806e-12	8.311976700000001e-13	8.2803839e-13	8.127561630000001e-13	0.0	0.0	0.0	0.0	0.0
4.15313087	4.8300225000000004e-11	1.62368739e-11	1.61727763e-11	1.5873540600000004e-11	0.0	0.0	0.0	0.0	0.0
4.18313087	7.822629100000001e-10	2.6297111000000006e-10	2.6196464199999997e-10	2.57114122e-10	0.0	0.0	0.0	0.0	0.0
4.21413087	1.0507991000000001e-08	3.5323731e-09	3.51886493e-09	3.4537725399999995e-09	0.0	0.0	0.0	0.0	0.0
4.2451308700000006	1.1708025000000001e-07	3.9357092e-08	3.920532389999999e-08	3.8477829699999996e-08	0.0	0.0	0.0	0.0	0.0
4.27613087	1.0820676000000002e-06	3.6371398000000006e-07	3.6230725100000005e-07	3.55598329e-07	0.0	0.0	0.0	0.0	0.0
4.3061308700000005	8.294722399999999e-06	2.7884249e-06	2.7776302e-06	2.7262707200000006e-06	0.0	0.0	0.0	0.0	0.0
4.33713087	5.2761295999999995e-05	1.7736045400000004e-05	1.7668413099999996e-05	1.73413156e-05	0.0	0.0	0.0	0.0	0.0
4.36813087	0.00027844630999999996	9.359278799999999e-05	9.322951859999998e-05	9.150445200000002e-05	0.0	0.0	0.0	0.0	0.0
4.3991308700000005	0.0012191329	0.00040984034	0.000408260921	0.0004007201920000001	0.0	0.0	0.0	0.0	0.0
4.42913087	0.004430212899999999	0.0014892488600000001	0.00148339386	0.0014560200500000004	0.0	0.0	0.0	0.0	0.0
4.46013087	0.013358846999999998	0.004490779300000001	0.004473252069999999	0.00439074162	0.0	0.0	0.0	0.0	0.0
4.49113087	0.033433674	0.011239271999999998	0.011195165699999999	0.010988222699999998	0.0	0.0	0.0	0.0	0.0
4.522130870000001	0.069444144	0.023344030999999998	0.023253502600000003	0.0228236618	0.0	0.0	0.0	0.0	0.0
4.55213087	0.11972005	0.040243914000000006	0.0400880642	0.039346978399999996	0.0	0.0	0.0	0.0	0.0
4.583130870000001	0.17130577	0.057586085999999995	0.05736213419999999	0.05630153040000001	0.0	0.0	0.0	0.0	0.0
4.61413087	0.20348964	0.06839544499999999	0.068136175	0.0668754115	0.0	0.0	0.0	0.0	0.0
4.64513087	0.20063886999999997	0.067453773	0.0671914127	0.06596404789999999	0.0	0.0	0.0	0.0	0.0
4.67513087	0.16443099000000003	0.05530657199999999	0.0550723318	0.05413537709999999	0.0	0.0	0.0	0.0	0.0
4.70613087	0.11269787999999997	0.038007218	0.0377755473	0.037382408000000006	0.0	0.0	0.0	0.0	0.0
4.7371308700000005	0.06685396	0.022876009999999995	0.0225375951	0.0230725437	0.0	0.0	0.0	0.0	0.0
4.76813087	0.04050285000000001	0.01466488	0.013996488999999999	0.016185247	0.0	0.0	0.0	0.0	0.0
4.7981308700000005	0.0369136	0.014692159999999996	0.013404744000000001	0.018366847999999998	0.0	0.0	0.0	0.0	0.0
4.82913087	0.05233006999999999	0.021710270000000004	0.01959919	0.028419375000000004	0.0	0.0	0.0	0.0	0.0
4.86013087	0.07809783999999997	0.032421500000000006	0.029573759999999994	0.042422576999999996	0.0	0.0	0.0	0.0	0.0
4.8911308700000005	0.10173842000000002	0.04186665999999999	0.038745	0.054196049999999996	0.0	0.0	0.0	0.0	0.0
4.92213087	0.11111317000000001	0.04525656	0.04249624	0.0578693	0.0	0.0	0.0	0.0	0.0
4.95213087	0.10120451000000003	0.04079477000000001	0.038853820000000004	0.051524169999999994	0.0	0.0	0.0	0.0	0.0
4.98313087	0.07771031	0.030980709999999998	0.029919461	0.038724030000000007	0.0	0.0	0.0	0.0	0.0
5.014130870000001	0.05338605	0.021038959999999995	0.020546210000000002	0.026246560000000002	0.0	0.0	0.0	0.0	0.0
5.04513087	0.04117668	0.016229410000000003	0.015708272	0.020643999999999996	0.0	0.0	0.0	0.0	0.0
5.075130870000001	0.04955346999999999	0.02048694	0.01880787	0.02645254	0.0	0.0	0.0	0.0	0.0
5.10613087	0.08067204999999998	0.036402	0.031255439999999995	0.04572253	0.0	0.0	0.0	0.0	0.0
5.13713087	0.12861710000000004	0.0648681	0.05243246999999999	0.07706534	0.0	0.0	0.0	0.0	0.0
5.168130870000001	0.1791404	0.10376259999999998	0.0803225	0.1144491	0.0	0.0	0.0	0.0	0.0
5.19813087	0.21517710000000004	0.1468963	0.11346819999999999	0.14813279999999998	0.0	0.0	0.0	0.0	0.0
5.2291308700000005	0.22695949999999998	0.184801	0.1526368	0.1688335	0.0	0.0	0.0	0.0	0.0
5.26013087	0.21714769999999997	0.207652	0.1982072	0.1723414	0.0	0.0	0.0	0.0	0.0
5.29113087	0.19595479999999998	0.20950959999999996	0.24438999999999997	0.1616274	0.0	0.0	0.0	0.0	0.0
5.32113087	0.17258820000000002	0.1924144	0.27725469999999997	0.1456698	0.0	0.0	0.0	0.0	0.0
5.35213087	0.15216969999999996	0.1672347	0.28299699999999994	0.13694420000000002	0.0	0.0	0.0	0.0	0.0
5.3831308700000005	0.1388696	0.1497482	0.2603949000000001	0.14779620000000002	0.0	0.0	0.0	0.0	0.0
5.41413087	0.13791319999999999	0.15370729999999996	0.22429439999999998	0.18510110000000002	0.0	0.0	0.0	0.0	0.0
5.44413087	0.1527738	0.18423449999999997	0.19545569999999998	0.2438637	0.0	0.0	0.0	0.0	0.0
5.47513087	0.181579	0.2349274	0.1859767	0.30573759999999994	0.0	0.0	0.0	0.0	0.0
5.50613087	0.21760399999999996	0.28963459999999996	0.1932482	0.3471073	0.0	0.0	0.0	0.0	0.0
5.53713087	0.252108	0.32797180000000004	0.20545780000000002	0.3523925	0.0	0.0	0.0	0.0	0.0
5.56813087	0.27611800000000003	0.33396709999999996	0.21090799999999996	0.3217203	0.0	0.0	0.0	0.0	0.0
5.59813087	0.281303	0.303849	0.203319	0.2672378	0.0	0.0	0.0	0.0	0.0
5.62913087	0.262274	0.247427	0.18208370000000001	0.20403059999999995	0.0	0.0	0.0	0.0	0.0
5.660130870000001	0.22104500000000002	0.18235990000000002	0.1512701	0.14403349999999998	0.0	0.0	0.0	0.0	0.0
5.69113087	0.1692146	0.1262514	0.1190495	0.09552539999999998	0.0	0.0	0.0	0.0	0.0
5.7211308700000005	0.1240426	0.09171370000000001	0.0964388	0.0639895	0.0	0.0	0.0	0.0	0.0
5.75213087	0.10059069999999999	0.08447579999999999	0.0934786	0.0518224	0.0	0.0	0.0	0.0	0.0
5.783130870000001	0.1053576	0.10241209999999999	0.11414009999999998	0.0573298	0.0	0.0	0.0	0.0	0.0
5.8141308700000005	0.1355863	0.13630530000000002	0.15431820000000002	0.0752199	0.0	0.0	0.0	0.0	0.0
5.844130870000001	0.18350410000000003	0.1745484	0.2052293	0.0993589	0.0	0.0	0.0	0.0	0.0
5.8751308700000004	0.2408081	0.20984339999999999	0.2591196	0.1257262	0.0	0.0	0.0	0.0	0.0
5.90613087	0.2978508	0.24093849999999994	0.30964079999999994	0.15257099999999998	0.0	0.0	0.0	0.0	0.0
5.937130870000001	0.3411773	0.26662259999999993	0.3474534	0.17746399999999996	0.0	0.0	0.0	0.0	0.0
5.96713087	0.3572990000000001	0.28039250000000004	0.3598599	0.19571699999999997	0.0	0.0	0.0	0.0	0.0
5.998130870000001	0.3422329999999999	0.2736967	0.3392663999999999	0.203227	0.0	0.0	0.0	0.0	0.0
6.02913087	0.304981	0.244543	0.2910238	0.19911299999999998	0.0	0.0	0.0	0.0	0.0
6.06013087	0.258753	0.20012900000000003	0.23014899999999996	0.18455600000000003	0.0	0.0	0.0	0.0	0.0
6.09013087	0.2103899	0.1510559	0.1703253	0.1601466	0.0	0.0	0.0	0.0	0.0
6.12113087	0.1604617	0.10523160000000001	0.11818450000000003	0.1268382	0.0	0.0	0.0	0.0	0.0
6.152130870000001	0.11057829999999999	0.0668203	0.0755092	0.0889742	0.0	0.0	0.0	0.0	0.0
6.18313087	0.06656054	0.03782956999999999	0.04315970000000001	0.05392340000000001	0.0	0.0	0.0	0.0	0.0
6.2131308700000005	0.03420095	0.01866011	0.021475400000000002	0.02776204	0.0	0.0	0.0	0.0	0.0
6.24413087	0.014801556999999998	0.007872697	0.009120239999999998	0.01201702	0.0	0.0	0.0	0.0	0.0
6.27513087	0.005357847	0.0028075332	0.00326582	0.004348234	0.0	0.0	0.0	0.0	0.0
6.3061308700000005	0.0016158382	0.0008390992999999999	0.0009788079999999998	0.0013107659999999999	0.0	0.0	0.0	0.0	0.0
6.33713087	0.0004052229	0.00020935748	0.00024464260000000004	0.0003286186	0.0	0.0	0.0	0.0	0.0
6.36713087	8.442135999999998e-05	4.3487044e-05	5.0871289999999995e-05	6.843878e-05	0.0	0.0	0.0	0.0	0.0
6.39813087	1.4599604999999999e-05	7.507987500000001e-06	8.78844e-06	1.183488e-05	0.0	0.0	0.0	0.0	0.0
6.42913087	2.095661e-06	1.07680182e-06	1.2606319999999999e-06	1.6988000000000002e-06	0.0	0.0	0.0	0.0	0.0
6.46013087	2.4959334e-07	1.28166572e-07	1.5008669999999998e-07	2.0230709999999998e-07	0.0	0.0	0.0	0.0	0.0
6.49013087	2.4663397000000005e-08	1.26606977e-08	1.482756e-08	1.9989979999999996e-08	0.0	0.0	0.0	0.0	0.0
6.52113087	2.0212927e-09	1.0373846000000002e-09	1.214993e-09	1.638205e-09	0.0	0.0	0.0	0.0	0.0
6.55213087	1.3739808e-10	7.0520458e-11	8.25887e-11	1.113591e-10	0.0	0.0	0.0	0.0	0.0
6.58313087	7.745772e-12	3.9747825e-12	4.656054e-12	6.278486000000001e-12	0.0	0.0	0.0	0.0	0.0
6.61313087	3.6210407000000003e-13	1.8580446e-13	2.176454e-13	2.93456e-13	0.0	0.0	0.0	0.0	0.0
6.644130870000001	1.4069472e-14	7.2198762e-15	8.45696e-15	1.1402479999999999e-14	0.0	0.0	0.0	0.0	0.0
6.67513087	4.4243784999999994e-16	2.2703685e-16	2.6592949999999996e-16	3.5858670000000003e-16	0.0	0.0	0.0	0.0	0.0
6.706130870000001	0.0	0.0	0.0	0.0	0.0	0.0	0.0	0.0	0.0
6.73613087	0.0	0.0	0.0	0.0	0.0	0.0	0.0	0.0	0.0
6.767130870000001	0.0	0.0	0.0	0.0	0.0	0.0	0.0	0.0	0.0
6.7981308700000005	0.0	0.0	0.0	0.0	0.0	0.0	0.0	0.0	0.0
6.82913087	0.0	0.0	0.0	0.0	0.0	0.0	0.0	0.0	0.0
6.85913087	0.0	0.0	0.0	0.0	0.0	0.0	0.0	0.0	0.0
6.89013087	0.0	0.0	0.0	0.0	0.0	0.0	0.0	0.0	0.0
6.921130870000001	0.0	0.0	0.0	0.0	0.0	0.0	0.0	0.0	0.0
6.95213087	0.0	0.0	0.0	0.0	0.0	0.0	0.0	0.0	0.0
6.982130870000001	0.0	0.0	0.0	0.0	0.0	0.0	0.0	0.0	0.0
7.01313087	0.0	0.0	0.0	0.0	0.0	0.0	0.0	0.0	0.0
7.04413087	0.0	0.0	0.0	0.0	0.0	0.0	0.0	0.0	0.0
7.075130870000001	0.0	0.0	0.0	0.0	0.0	0.0	0.0	0.0	0.0
7.10613087	0.0	0.0	0.0	0.0	0.0	0.0	0.0	0.0	0.0
7.136130870000001	0.0	0.0	0.0	0.0	0.0	0.0	0.0	0.0	0.0
7.16713087	0.0	0.0	0.0	0.0	0.0	0.0	0.0	0.0	0.0
7.19813087	0.0	0.0	0.0	0.0	0.0	0.0	0.0	0.0	0.0
7.2291308700000005	0.0	0.0	0.0	0.0	0.0	0.0	0.0	0.0	0.0
7.25913087	0.0	0.0	0.0	0.0	0.0	0.0	0.0	0.0	0.0
7.2901308700000005	0.0	0.0	0.0	0.0	0.0	0.0	0.0	0.0	0.0
7.32113087	0.0	0.0	0.0	0.0	0.0	0.0	0.0	0.0	0.0
7.35213087	0.0	0.0	0.0	0.0	0.0	0.0	0.0	0.0	0.0
7.38213087	0.0	0.0	0.0	0.0	0.0	0.0	0.0	0.0	0.0
7.41313087	0.0	0.0	0.0	0.0	0.0	0.0	0.0	0.0	0.0
7.44413087	0.0	0.0	0.0	0.0	0.0	0.0	0.0	0.0	0.0
7.47513087	0.0	0.0	0.0	0.0	0.0	0.0	0.0	0.0	0.0
