-22.165	0.0	0.0	0.0	0.0	0.0	0.0	0.0	0.0	0.0
-22.140	0.0	0.0	0.0	0.0	0.0	0.0	0.0	0.0	0.0
-22.115	0.0	0.0	0.0	0.0	0.0	0.0	0.0	0.0	0.0
-22.091	0.0	0.0	0.0	0.0	0.0	0.0	0.0	0.0	0.0
-22.066	0.0	0.0	0.0	0.0	0.0	0.0	0.0	0.0	0.0
-22.041	0.0	0.0	0.0	0.0	0.0	0.0	0.0	0.0	0.0
-22.016	0.0	0.0	0.0	0.0	0.0	0.0	0.0	0.0	0.0
-21.992	0.0	0.0	0.0	0.0	0.0	0.0	0.0	0.0	0.0
-21.967	0.0	0.0	0.0	0.0	0.0	0.0	0.0	0.0	0.0
-21.942	0.0	0.0	0.0	0.0	0.0	0.0	0.0	0.0	0.0
-21.917	0.0	0.0	0.0	0.0	0.0	0.0	0.0	0.0	0.0
-21.893	0.0	0.0	0.0	0.0	0.0	0.0	0.0	0.0	0.0
-21.868	0.0	0.0	0.0	0.0	0.0	0.0	0.0	0.0	0.0
-21.843	0.0	0.0	0.0	0.0	0.0	0.0	0.0	0.0	0.0
-21.818	0.0	0.0	0.0	0.0	0.0	0.0	0.0	0.0	0.0
-21.793	0.0	0.0	0.0	0.0	0.0	0.0	0.0	0.0	0.0
-21.769	0.0	0.0	0.0	0.0	0.0	0.0	0.0	0.0	0.0
-21.744	0.0	0.0	0.0	0.0	0.0	0.0	0.0	0.0	0.0
-21.719	0.0	0.0	0.0	0.0	0.0	0.0	0.0	0.0	0.0
-21.694	0.0	0.0	0.0	0.0	0.0	0.0	0.0	0.0	0.0
-21.670	0.0	0.0	0.0	0.0	0.0	0.0	0.0	0.0	0.0
-21.645	0.0	0.0	0.0	0.0	0.0	0.0	0.0	0.0	0.0
-21.620	5.606260000000001e-15	8.438275e-17	7.729500538300001e-17	1.0565101000000002e-16	0.0	0.0	0.0	0.0	0.0
-21.595	1.009132e-13	1.5188882e-15	1.3912610969e-15	1.9016982e-15	0.0	0.0	0.0	0.0	0.0
-21.571	1.5277249999999997e-12	2.2993063e-14	2.1063021467e-14	2.8788252e-14	0.0	0.0	0.0	0.0	0.0
-21.546	2.062235e-11	3.103905e-13	2.843573198e-13	3.8856676e-13	0.0	0.0	0.0	0.0	0.0
-21.521	2.462942e-10	3.707124399999999e-12	3.3958022365000002e-12	4.6410623000000005e-12	0.0	0.0	0.0	0.0	0.0
-21.496	2.604482e-09	3.9198054e-11	3.5909902501000004e-11	4.9080146e-11	0.0	0.0	0.0	0.0	0.0
-21.472	2.438697e-08	3.6702819e-10	3.3626092342e-10	4.5952781000000003e-10	0.0	0.0	0.0	0.0	0.0
-21.447	2.021942e-07	3.0431608e-09	2.7876721941000003e-09	3.810195000000001e-09	0.0	0.0	0.0	0.0	0.0
-21.422	1.4841280000000003e-06	2.2340180000000005e-08	2.0464901425000002e-08	2.7971461999999998e-08	0.0	0.0	0.0	0.0	0.0
-21.397	9.64851e-06	1.4521724999999998e-07	1.33032709265e-07	1.8182378e-07	0.0	0.0	0.0	0.0	0.0
-21.372	5.55388e-05	8.358814999999999e-07	7.6585005333e-07	1.0467113e-06	0.0	0.0	0.0	0.0	0.0
-21.348	0.00028311359999999997	4.2616305e-06	3.9034842718e-06	5.335266099999999e-06	0.0	0.0	0.0	0.0	0.0
-21.323	0.0012778759999999998	1.9233101e-05	1.7621461227e-05	2.4081711000000004e-05	0.0	0.0	0.0	0.0	0.0
-21.298	0.005108670000000001	7.689035e-05	7.0440004905e-05	9.626421000000001e-05	0.0	0.0	0.0	0.0	0.0
-21.273	0.018083479999999996	0.00027218734	0.00024935271736	0.00034076126000000007	0.0	0.0	0.0	0.0	0.0
-21.249	0.0566936	0.000853259	0.0007816910544400002	0.0010682284	0.0	0.0	0.0	0.0	0.0
-21.224	0.15739749999999997	0.0023692187	0.0021701901511000004	0.0029659276	0.0	0.0	0.0	0.0	0.0
-21.199	0.38698000000000005	0.005825067999999999	0.0053361503716	0.007292620000000001	0.0	0.0	0.0	0.0	0.0
-21.174	0.8427640000000001	0.012683251999999999	0.011619610809200001	0.015880005000000003	0.0	0.0	0.0	0.0	0.0
-21.150	1.625343	0.024462778000000004	0.022411041561000003	0.030626332	0.0	0.0	0.0	0.0	0.0
-21.125	2.7761449999999996	0.04178536	0.03827748266600001	0.052313277000000005	0.0	0.0	0.0	0.0	0.0
-21.100	4.19963	0.06319941	0.05790140403200001	0.07913825799999999	0.0	0.0	0.0	0.0	0.0
-21.075	5.62648	0.08468252	0.077575505402	0.10602133999999999	0.0	0.0	0.0	0.0	0.0
-21.051	6.6764	0.10047895	0.09204570641	0.12580088	0.0	0.0	0.0	0.0	0.0
-21.026	7.01609	0.10560233	0.09674190673699999	0.13220488	0.0	0.0	0.0	0.0	0.0
-21.001	6.530539999999999	0.09828557999999998	0.09003960627	0.12305763	0.0	0.0	0.0	0.0	0.0
-20.976	5.3831500000000005	0.08102514999999999	0.07423690516900001	0.10144151	0.0	0.0	0.0	0.0	0.0
-20.951	3.93014	0.05914898999999999	0.05419320377399999	0.074064038	0.0	0.0	0.0	0.0	0.0
-20.927	2.5414660000000002	0.038253702	0.03504110244	0.047888925	0.0	0.0	0.0	0.0	0.0
-20.902	1.455379	0.021906587999999998	0.020069291398	0.027426359	0.0	0.0	0.0	0.0	0.0
-20.877	0.738191	0.011111105	0.0101779707088	0.013910041	0.0	0.0	0.0	0.0	0.0
-20.852	0.33160000000000006	0.004990423	0.0045719603184	0.0062489576	0.0	0.0	0.0	0.0	0.0
-20.828	0.1319188	0.0019854657	0.0018188581267	0.0024857801	0.0	0.0	0.0	0.0	0.0
-20.803	0.0464793	0.0006994115	0.00064083604463	0.0008757233999999999	0.0	0.0	0.0	0.0	0.0
-20.778	0.01450127	0.00021825219	0.00019993411391999998	0.00027324734000000006	0.0	0.0	0.0	0.0	0.0
-20.753	0.00400728	6.031113000000001e-05	5.5244003847000004e-05	7.550837e-05	0.0	0.0	0.0	0.0	0.0
-20.729	0.000980424	1.4757095000000003e-05	1.3519080941499999e-05	1.84752e-05	0.0	0.0	0.0	0.0	0.0
-20.704	0.00021247079999999998	3.197919e-06	2.929422204e-06	4.0038684000000005e-06	0.0	0.0	0.0	0.0	0.0
-20.679	4.0766399999999996e-05	6.135977000000001e-07	5.6213603915e-07	7.6829214e-07	0.0	0.0	0.0	0.0	0.0
-20.654	6.9273100000000004e-06	1.0426794e-07	9.5518406652e-08	1.3054527000000004e-07	0.0	0.0	0.0	0.0	0.0
-20.630	1.0422699999999998e-06	1.568953e-08	1.4372681000999998e-08	1.9642815e-08	0.0	0.0	0.0	0.0	0.0
-20.605	1.3889660000000003e-07	2.0904293e-09	1.9148471334e-09	2.6171291999999998e-09	0.0	0.0	0.0	0.0	0.0
-20.580	1.638595e-08	2.4661954e-10	2.2591841573e-10	3.0877343e-10	0.0	0.0	0.0	0.0	0.0
-20.555	1.7117219999999998e-09	2.5763033000000003e-11	2.3601451644000004e-11	3.225728e-11	0.0	0.0	0.0	0.0	0.0
-20.530	1.5832210000000003e-10	2.3827209e-12	2.1828831520000002e-12	2.9832948e-12	0.0	0.0	0.0	0.0	0.0
-20.506	1.296752e-11	1.9517348000000002e-13	1.7878051245e-13	2.4437127999999997e-13	0.0	0.0	0.0	0.0	0.0
-20.481	9.36234e-13	1.40914e-14	1.2909250899000002e-14	1.7642696e-14	0.0	0.0	0.0	0.0	0.0
-20.456	6.727540000000001e-14	1.0124743999999999e-15	9.276330645999999e-16	1.2677787000000001e-15	0.0	0.0	0.0	0.0	0.0
-20.431	0.0	0.0	0.0	0.0	0.0	0.0	0.0	0.0	0.0
-20.407	0.0	0.0	0.0	0.0	0.0	0.0	0.0	0.0	0.0
-20.382	0.0	0.0	0.0	0.0	0.0	0.0	0.0	0.0	0.0
-20.357	0.0	0.0	0.0	0.0	0.0	0.0	0.0	0.0	0.0
-20.332	0.0	0.0	0.0	0.0	0.0	0.0	0.0	0.0	0.0
-20.308	0.0	0.0	0.0	0.0	0.0	0.0	0.0	0.0	0.0
-20.283	0.0	0.0	0.0	0.0	0.0	0.0	0.0	0.0	0.0
-20.258	0.0	0.0	0.0	0.0	0.0	0.0	0.0	0.0	0.0
-20.233	0.0	0.0	0.0	0.0	0.0	0.0	0.0	0.0	0.0
-20.208	0.0	0.0	0.0	0.0	0.0	0.0	0.0	0.0	0.0
-20.184	1.140858e-14	3.385343e-16	2.4735791e-16	2.7200740000000003e-16	0.0	0.0	0.0	0.0	0.0
-20.159	1.8254660000000002e-13	5.4161195e-15	3.957332000000001e-15	4.3519867e-15	0.0	0.0	0.0	0.0	0.0
-20.134	2.706956e-12	8.031536e-14	5.868517e-14	6.4537389e-14	0.0	0.0	0.0	0.0	0.0
-20.109	3.5598320000000005e-11	1.0562505999999998e-12	7.718381000000002e-13	8.4877547e-13	0.0	0.0	0.0	0.0	0.0
-20.085	4.1455100000000004e-10	1.2299221999999999e-11	8.987085999999998e-12	9.8827111e-12	0.0	0.0	0.0	0.0	0.0
-20.060	4.2737e-09	1.2677722000000002e-10	9.264957e-11	1.0188635700000001e-10	0.0	0.0	0.0	0.0	0.0
-20.035	3.900516e-08	1.1574148000000001e-09	8.456942999999999e-10	9.299894699999999e-10	0.0	0.0	0.0	0.0	0.0
-20.010	3.1528960000000004e-07	9.354778999999999e-09	6.835593e-09	7.517241100000001e-09	0.0	0.0	0.0	0.0	0.0
-19.986	2.2564899999999996e-06	6.694072100000001e-08	4.892458e-08	5.3798539e-08	0.0	0.0	0.0	0.0	0.0
-19.961	1.430041e-05	4.2428997e-07	3.100391e-07	3.4093536999999997e-07	0.0	0.0	0.0	0.0	0.0
-19.936	8.02477e-05	2.3808262000000003e-06	1.7397873999999999e-06	1.9132666e-06	0.0	0.0	0.0	0.0	0.0
-19.911	0.000398769	1.1831631e-05	8.645794999999999e-06	9.5067287e-06	0.0	0.0	0.0	0.0	0.0
-19.887	0.001754858	5.2074113e-05	3.804446e-05	4.1840781e-05	0.0	0.0	0.0	0.0	0.0
-19.862	0.006839779999999999	0.00020290933000000001	0.00014827714000000003	0.00016305436999999997	0.0	0.0	0.0	0.0	0.0
-19.837	0.02360343	0.00070028522	0.0005117242	0.00056280036	0.0	0.0	0.0	0.0	0.0
-19.812	0.07213629999999999	0.0021402978	0.0015639389	0.0017199281	0.0	0.0	0.0	0.0	0.0
-19.787	0.19525299999999998	0.0057932957	0.0042329130000000005	0.0046558597	0.0	0.0	0.0	0.0	0.0
-19.763	0.46805700000000006	0.013888139	0.010147935	0.011159319000000001	0.0	0.0	0.0	0.0	0.0
-19.738	0.993683	0.029481891	0.021543287999999997	0.023692315	0.0	0.0	0.0	0.0	0.0
-19.713	1.868291	0.055433370999999995	0.04050155	0.044541278999999996	0.0	0.0	0.0	0.0	0.0
-19.688	3.111159	0.09231002	0.06744694	0.07417030299999999	0.0	0.0	0.0	0.0	0.0
-19.664	4.58771	0.13614103	0.09947389999999998	0.10939209899999999	0.0	0.0	0.0	0.0	0.0
-19.639	5.992909999999999	0.17781596000000002	0.12993065	0.142887498	0.0	0.0	0.0	0.0	0.0
-19.614	6.933389999999999	0.2057046	0.15031140999999998	0.1653017	0.0	0.0	0.0	0.0	0.0
-19.589	7.10394	0.21076866	0.15400511	0.16936173999999998	0.0	0.0	0.0	0.0	0.0
-19.565	6.446389999999999	0.19126061000000003	0.13974486	0.153694481	0.0	0.0	0.0	0.0	0.0
-19.540	5.18092	0.15371811999999999	0.11231979	0.12351073500000001	0.0	0.0	0.0	0.0	0.0
-19.515	3.687756	0.10940404999999999	0.07994501999999999	0.08792148	0.0	0.0	0.0	0.0	0.0
-19.490	2.32463	0.06896788499999999	0.050400570000000006	0.05542839299999999	0.0	0.0	0.0	0.0	0.0
-19.466	1.297915	0.038510776999999996	0.028139532999999998	0.03094576	0.0	0.0	0.0	0.0	0.0
-19.441	0.641838	0.019042001000000003	0.013914066000000001	0.015301620799999999	0.0	0.0	0.0	0.0	0.0
-19.416	0.2810767	0.008339616	0.006092990999999999	0.006701099599999998	0.0	0.0	0.0	0.0	0.0
-19.391	0.1089993	0.0032345453	0.0023633970999999998	0.0025990647999999997	0.0	0.0	0.0	0.0	0.0
-19.366	0.03743789	0.0011109486999999999	0.0008118052	0.0008928062799999999	0.0	0.0	0.0	0.0	0.0
-19.342	0.01138851	0.00033794682	0.00024693467	0.00027155621000000003	0.0	0.0	0.0	0.0	0.0
-19.317	0.0030681340000000006	9.103446e-05	6.651722999999999e-05	7.3148891e-05	0.0	0.0	0.0	0.0	0.0
-19.292	0.000731908	2.1716249000000005e-05	1.5868063999999996e-05	1.7450583e-05	0.0	0.0	0.0	0.0	0.0
-19.267	0.0001546321	4.5877205999999995e-06	3.35261e-06	3.6864362000000004e-06	0.0	0.0	0.0	0.0	0.0
-19.243	2.8926639999999998e-05	8.582618e-07	6.271259000000001e-07	6.8960195e-07	0.0	0.0	0.0	0.0	0.0
-19.218	4.791939999999999e-06	1.4216851999999999e-07	1.0388064e-07	1.1424347099999999e-07	0.0	0.0	0.0	0.0	0.0
-19.193	7.03012e-07	2.0856496999999995e-08	1.5238009000000003e-08	1.6759102e-08	0.0	0.0	0.0	0.0	0.0
-19.168	9.13017e-08	2.7088069e-09	1.9794407e-09	2.1768536e-09	0.0	0.0	0.0	0.0	0.0
-19.144	1.05004e-08	3.1151189e-10	2.2766528000000002e-10	2.5037361e-10	0.0	0.0	0.0	0.0	0.0
-19.119	1.069453e-09	3.1725182999999995e-11	2.3185614999999998e-11	2.5497347999999997e-11	0.0	0.0	0.0	0.0	0.0
-19.094	9.64297e-11	2.8610686999999997e-12	2.090685e-12	2.299083e-12	0.0	0.0	0.0	0.0	0.0
-19.069	7.695820000000002e-12	2.2832404000000006e-13	1.6683380999999996e-13	1.8347546999999999e-13	0.0	0.0	0.0	0.0	0.0
-19.045	5.476e-13	1.6247517e-14	1.1873208999999999e-14	1.30569788e-14	0.0	0.0	0.0	0.0	0.0
-19.020	3.422834e-14	1.0155433000000001e-15	7.420984000000002e-16	8.1599016e-16	0.0	0.0	0.0	0.0	0.0
-18.995	0.0	0.0	0.0	0.0	0.0	0.0	0.0	0.0	0.0
-18.970	0.0	0.0	0.0	0.0	0.0	0.0	0.0	0.0	0.0
-18.945	0.0	0.0	0.0	0.0	0.0	0.0	0.0	0.0	0.0
-18.921	0.0	0.0	0.0	0.0	0.0	0.0	0.0	0.0	0.0
-18.896	0.0	0.0	0.0	0.0	0.0	0.0	0.0	0.0	0.0
-18.871	0.0	0.0	0.0	0.0	0.0	0.0	0.0	0.0	0.0
-18.846	0.0	0.0	0.0	0.0	0.0	0.0	0.0	0.0	0.0
-18.822	0.0	0.0	0.0	0.0	0.0	0.0	0.0	0.0	0.0
-18.797	0.0	0.0	0.0	0.0	0.0	0.0	0.0	0.0	0.0
-18.772	0.0	0.0	0.0	0.0	0.0	0.0	0.0	0.0	0.0
-18.747	0.0	0.0	0.0	0.0	0.0	0.0	0.0	0.0	0.0
-18.723	0.0	0.0	0.0	0.0	0.0	0.0	0.0	0.0	0.0
-18.698	0.0	0.0	0.0	0.0	0.0	0.0	0.0	0.0	0.0
-18.673	0.0	0.0	0.0	0.0	0.0	0.0	0.0	0.0	0.0
-18.648	0.0	0.0	0.0	0.0	0.0	0.0	0.0	0.0	0.0
-18.624	0.0	0.0	0.0	0.0	0.0	0.0	0.0	0.0	0.0
-18.599	0.0	0.0	0.0	0.0	0.0	0.0	0.0	0.0	0.0
-18.574	0.0	0.0	0.0	0.0	0.0	0.0	0.0	0.0	0.0
-18.549	0.0	0.0	0.0	0.0	0.0	0.0	0.0	0.0	0.0
-18.524	0.0	0.0	0.0	0.0	0.0	0.0	0.0	0.0	0.0
-18.500	0.0	0.0	0.0	0.0	0.0	0.0	0.0	0.0	0.0
-18.475	0.0	0.0	0.0	0.0	0.0	0.0	0.0	0.0	0.0
-18.450	0.0	0.0	0.0	0.0	0.0	0.0	0.0	0.0	0.0
-18.425	0.0	0.0	0.0	0.0	0.0	0.0	0.0	0.0	0.0
-18.401	0.0	0.0	0.0	0.0	0.0	0.0	0.0	0.0	0.0
-18.376	0.0	0.0	0.0	0.0	0.0	0.0	0.0	0.0	0.0
-18.351	0.0	0.0	0.0	0.0	0.0	0.0	0.0	0.0	0.0
-18.326	0.0	0.0	0.0	0.0	0.0	0.0	0.0	0.0	0.0
-18.302	0.0	0.0	0.0	0.0	0.0	0.0	0.0	0.0	0.0
-18.277	0.0	0.0	0.0	0.0	0.0	0.0	0.0	0.0	0.0
-18.252	0.0	0.0	0.0	0.0	0.0	0.0	0.0	0.0	0.0
-18.227	0.0	0.0	0.0	0.0	0.0	0.0	0.0	0.0	0.0
-18.203	0.0	0.0	0.0	0.0	0.0	0.0	0.0	0.0	0.0
-18.178	2.8349942499999996e-15	1.10238204e-16	4.6688586525e-17	1.825604e-16	0.0	0.0	0.0	0.0	0.0
-18.153	2.83499425e-14	1.10238204e-15	4.6688586525e-16	1.825604e-15	0.0	0.0	0.0	0.0	0.0
-18.128	4.56437805e-13	1.7748595999999994e-14	7.5175949837e-15	2.938903e-14	0.0	0.0	0.0	0.0	0.0
-18.103	6.525364250000001e-12	2.537415899999999e-13	1.07484606346e-13	4.202733e-13	0.0	0.0	0.0	0.0	0.0
-18.079	8.235142210000001e-11	3.2025026e-12	1.3562412352999999e-12	5.302864e-12	0.0	0.0	0.0	0.0	0.0
-18.054	9.201134599999999e-10	3.5783695e-11	1.5153211176999997e-11	5.925743e-11	0.0	0.0	0.0	0.0	0.0
-18.029	9.1036799e-09	3.5393664e-10	1.4991211064e-10	5.861712000000001e-10	0.0	0.0	0.0	0.0	0.0
-18.004	7.97427068e-08	3.1009982e-09	1.3132414920000004e-09	5.135647e-09	0.0	0.0	0.0	0.0	0.0
-17.980	6.184535880000001e-07	2.405329e-08	1.0185643790899999e-08	3.983324e-08	0.0	0.0	0.0	0.0	0.0
-17.955	4.248099870000001e-06	1.6520095999999999e-07	6.9962578432e-08	2.7355769999999994e-07	0.0	0.0	0.0	0.0	0.0
-17.930	2.5837216e-05	1.00461769e-06	4.2542676103999993e-07	1.6637136999999998e-06	0.0	0.0	0.0	0.0	0.0
-17.905	0.000139132998	5.409847299999999e-06	2.2913864879e-06	8.959189e-06	0.0	0.0	0.0	0.0	0.0
-17.881	0.000663512042	2.5799604e-05	1.0927548148600002e-05	4.272416e-05	0.0	0.0	0.0	0.0	0.0
-17.856	0.0028022257699999997	0.00010896652000000001	4.615061608400001e-05	0.00018045759999999998	0.0	0.0	0.0	0.0	0.0
-17.831	0.010481528	0.00040755924999999997	0.00017260495140000002	0.0006749223	0.0	0.0	0.0	0.0	0.0
-17.806	0.0347081235	0.0013498300000000002	0.0005716532043899999	0.002235952	0.0	0.0	0.0	0.0	0.0
-17.782	0.101824806	0.0039591779	0.0016768875602000005	0.006556708999999999	0.0	0.0	0.0	0.0	0.0
-17.757	0.26450092399999997	0.0102855746	0.0043555915784	0.01703236	0.0	0.0	0.0	0.0	0.0
-17.732	0.608497802	0.023660768000000002	0.0100204275797	0.039190819999999994	0.0	0.0	0.0	0.0	0.0
-17.707	1.2397837999999999	0.048213268000000004	0.020418016396999996	0.07983244	0.0	0.0	0.0	0.0	0.0
-17.682	2.2371714799999998	0.08698849099999999	0.036840155436	0.14406513	0.0	0.0	0.0	0.0	0.0
-17.658	3.5750337599999997	0.13902149999999996	0.058878904015	0.23026169999999999	0.0	0.0	0.0	0.0	0.0
-17.633	5.060315170000001	0.1967592	0.08335023077199999	0.32588930000000005	0.0	0.0	0.0	0.0	0.0
-17.608	6.344539869999999	0.24674481	0.10451420870999999	0.4086314	0.0	0.0	0.0	0.0	0.0
-17.583	7.04771983	0.27394277	0.11614352519999999	0.45380149999999997	0.0	0.0	0.0	0.0	0.0
-17.559	6.9416044999999995	0.26963176999999994	0.11460032080000002	0.4469255	0.0	0.0	0.0	0.0	0.0
-17.534	6.080545819999999	0.23543344	0.1010630485	0.39151119999999995	0.0	0.0	0.0	0.0	0.0
-17.509	4.79103514	0.18345864	0.081528443	0.3083069	0.0	0.0	0.0	0.0	0.0
-17.484	3.5257938	0.12994655999999996	0.06468172400000001	0.22662590000000002	0.0	0.0	0.0	0.0	0.0
-17.460	2.6953895	0.08890587999999999	0.0590676958	0.1725905	0.0	0.0	0.0	0.0	0.0
-17.435	2.5500144999999996	0.0678626	0.0708761306	0.1622777	0.0	0.0	0.0	0.0	0.0
-17.410	3.1369316	0.06744598000000003	0.1019834649	0.1986258	0.0	0.0	0.0	0.0	0.0
-17.385	4.2912045	0.08273793999999998	0.1483393459	0.27112090000000005	0.0	0.0	0.0	0.0	0.0
-17.361	5.660625800000001	0.10510920000000001	0.19936298689999998	0.3573363	0.0	0.0	0.0	0.0	0.0
-17.336	6.7829325	0.12460639999999999	0.240182158	0.4282607	0.0	0.0	0.0	0.0	0.0
-17.311	7.2525407	0.13283590999999997	0.25712221949999997	0.45782829999999997	0.0	0.0	0.0	0.0	0.0
-17.286	6.880056999999999	0.12590998000000003	0.24410658229999999	0.4343843	0.0	0.0	0.0	0.0	0.0
-17.261	5.784420099999999	0.10582627	0.20521371569000002	0.3651353	0.0	0.0	0.0	0.0	0.0
-17.237	4.308123500000001	0.07880641	0.15283544374	0.2719708999999999	0.0	0.0	0.0	0.0	0.0
-17.212	2.8415205	0.05197995	0.10080679203000001	0.1793545	0.0	0.0	0.0	0.0	0.0
-17.187	1.6599036	0.030362570000000002	0.05888149454999999	0.10477204999999999	0.0	0.0	0.0	0.0	0.0
-17.162	0.8587937200000001	0.015710053999999994	0.030461931700000004	0.054210600000000005	0.0	0.0	0.0	0.0	0.0
-17.138	0.39349914	0.007197781999999999	0.01395919482	0.0248433	0.0	0.0	0.0	0.0	0.0
-17.113	0.15968292999999997	0.002920965	0.005665211361999999	0.010078820000000002	0.0	0.0	0.0	0.0	0.0
-17.088	0.05738910500000001	0.0010497516000000002	0.0020359664487	0.003623039	0.0	0.0	0.0	0.0	0.0
-17.063	0.018264553	0.00033411700000000004	0.0006480245701000001	0.0011528657	0.0	0.0	0.0	0.0	0.0
-17.039	0.005148471100000001	9.417891e-05	0.00018263471614000002	0.0003249278	0.0	0.0	0.0	0.0	0.0
-17.014	0.0012849344	2.3506401999999998e-05	4.5589299e-05	8.111474e-05	0.0	0.0	0.0	0.0	0.0
-16.989	0.00028404681000000005	5.195738999999999e-06	1.0077688201e-05	1.793045e-05	0.0	0.0	0.0	0.0	0.0
-16.964	5.560226399999999e-05	1.0170174e-06	1.9726052223000005e-06	3.5092560000000005e-06	0.0	0.0	0.0	0.0	0.0
-16.940	9.637649999999999e-06	1.762919e-07	3.419557225e-07	6.083047000000002e-07	0.0	0.0	0.0	0.0	0.0
-16.915	1.4793623e-06	2.706097e-08	5.247829188e-08	9.337427000000001e-08	0.0	0.0	0.0	0.0	0.0
-16.890	2.0105718e-07	3.677876e-09	7.1325709739999984e-09	1.2691962e-08	0.0	0.0	0.0	0.0	0.0
-16.865	2.4197233e-08	4.426286000000001e-10	8.583718579000001e-10	1.527328e-09	0.0	0.0	0.0	0.0	0.0
-16.840	2.5784052e-09	4.716531999999999e-11	9.147500813e-11	1.62758e-10	0.0	0.0	0.0	0.0	0.0
-16.816	2.4329923e-10	4.4503479999999996e-12	8.631631598e-12	1.535659e-11	0.0	0.0	0.0	0.0	0.0
-16.791	2.0322046e-11	3.7179e-13	7.209873005999999e-13	1.2827967999999997e-12	0.0	0.0	0.0	0.0	0.0
-16.766	1.5049221999999999e-12	2.753128e-14	5.339164226e-14	9.499117000000001e-14	0.0	0.0	0.0	0.0	0.0
-16.741	9.840025e-14	1.8001364e-15	3.4907434549999998e-15	6.211764999999999e-15	0.0	0.0	0.0	0.0	0.0
-16.717	5.7885367e-15	1.0588079999999999e-16	2.0535765560999998e-16	3.6537790000000007e-16	0.0	0.0	0.0	0.0	0.0
-16.692	0.0	0.0	0.0	0.0	0.0	0.0	0.0	0.0	0.0
-16.667	0.0	0.0	0.0	0.0	0.0	0.0	0.0	0.0	0.0
-16.642	0.0	0.0	0.0	0.0	0.0	0.0	0.0	0.0	0.0
-16.618	0.0	0.0	0.0	0.0	0.0	0.0	0.0	0.0	0.0
-16.593	0.0	0.0	0.0	0.0	0.0	0.0	0.0	0.0	0.0
-16.568	0.0	0.0	0.0	0.0	0.0	0.0	0.0	0.0	0.0
-16.543	0.0	0.0	0.0	0.0	0.0	0.0	0.0	0.0	0.0
-16.519	0.0	0.0	0.0	0.0	0.0	0.0	0.0	0.0	0.0
-16.494	0.0	0.0	0.0	0.0	0.0	0.0	0.0	0.0	0.0
-16.469	0.0	0.0	0.0	0.0	0.0	0.0	0.0	0.0	0.0
-16.444	0.0	0.0	0.0	0.0	0.0	0.0	0.0	0.0	0.0
-16.419	0.0	0.0	0.0	0.0	0.0	0.0	0.0	0.0	0.0
-16.395	0.0	0.0	0.0	0.0	0.0	0.0	0.0	0.0	0.0
-16.370	0.0	0.0	0.0	0.0	0.0	0.0	0.0	0.0	0.0
-16.345	0.0	0.0	0.0	0.0	0.0	0.0	0.0	0.0	0.0
-16.320	0.0	0.0	0.0	0.0	0.0	0.0	0.0	0.0	0.0
-16.296	0.0	0.0	0.0	0.0	0.0	0.0	0.0	0.0	0.0
-16.271	0.0	0.0	0.0	0.0	0.0	0.0	0.0	0.0	0.0
-16.246	0.0	0.0	0.0	0.0	0.0	0.0	0.0	0.0	0.0
-16.221	0.0	0.0	0.0	0.0	0.0	0.0	0.0	0.0	0.0
-16.197	0.0	0.0	0.0	0.0	0.0	0.0	0.0	0.0	0.0
-16.172	0.0	0.0	0.0	0.0	0.0	0.0	0.0	0.0	0.0
-16.147	0.0	0.0	0.0	0.0	0.0	0.0	0.0	0.0	0.0
-16.122	0.0	0.0	0.0	0.0	0.0	0.0	0.0	0.0	0.0
-16.098	0.0	0.0	0.0	0.0	0.0	0.0	0.0	0.0	0.0
-16.073	0.0	0.0	0.0	0.0	0.0	0.0	0.0	0.0	0.0
-16.048	0.0	0.0	0.0	0.0	0.0	0.0	0.0	0.0	0.0
-16.023	0.0	0.0	0.0	0.0	0.0	0.0	0.0	0.0	0.0
-15.998	0.0	0.0	0.0	0.0	0.0	0.0	0.0	0.0	0.0
-15.974	0.0	0.0	0.0	0.0	0.0	0.0	0.0	0.0	0.0
-15.949	0.0	0.0	0.0	0.0	0.0	0.0	0.0	0.0	0.0
-15.924	0.0	0.0	0.0	0.0	0.0	0.0	0.0	0.0	0.0
-15.899	0.0	0.0	0.0	0.0	0.0	0.0	0.0	0.0	0.0
-15.875	0.0	0.0	0.0	0.0	0.0	0.0	0.0	0.0	0.0
-15.850	0.0	0.0	0.0	0.0	0.0	0.0	0.0	0.0	0.0
-15.825	0.0	0.0	0.0	0.0	0.0	0.0	0.0	0.0	0.0
-15.800	0.0	0.0	0.0	0.0	0.0	0.0	0.0	0.0	0.0
-15.776	0.0	0.0	0.0	0.0	0.0	0.0	0.0	0.0	0.0
-15.751	0.0	0.0	0.0	0.0	0.0	0.0	0.0	0.0	0.0
-15.726	0.0	0.0	0.0	0.0	0.0	0.0	0.0	0.0	0.0
-15.701	7.921630000000001e-15	1.0390136e-15	3.9518853e-16	4.263155639000001e-16	0.0	0.0	0.0	0.0	0.0
-15.677	1.3202680000000001e-13	1.7318177000000002e-14	6.5864752e-15	7.105444365e-15	0.0	0.0	0.0	0.0	0.0
-15.652	1.99355e-12	2.6149011999999996e-13	9.945665000000001e-14	1.0729516158000001e-13	0.0	0.0	0.0	0.0	0.0
-15.627	2.6476100000000003e-11	3.4728277e-12	1.3208303e-12	1.424865416e-12	0.0	0.0	0.0	0.0	0.0
-15.602	3.1157e-10	4.0869638999999995e-11	1.5543289e-11	1.676659931e-11	0.0	0.0	0.0	0.0	0.0
-15.577	3.24604e-09	4.2575304e-10	1.6194341e-10	1.746946091e-10	0.0	0.0	0.0	0.0	0.0
-15.553	2.9944899999999996e-08	3.9275587000000004e-09	1.4938267e-09	1.611520576e-09	0.0	0.0	0.0	0.0	0.0
-15.528	2.446e-07	3.2084392e-08	1.2201610999999999e-08	1.3163683239999999e-08	0.0	0.0	0.0	0.0	0.0
-15.503	1.76913e-06	2.3206231e-07	8.826838400000001e-08	9.520905127000001e-08	0.0	0.0	0.0	0.0	0.0
-15.478	1.133081e-05	1.4862499e-06	5.652889500000001e-07	6.098202105000001e-07	0.0	0.0	0.0	0.0	0.0
-15.454	6.42569e-05	8.428672000000001e-06	3.20607e-06	3.458743552e-06	0.0	0.0	0.0	0.0	0.0
-15.429	0.000322757	4.2334268e-05	1.6101091e-05	1.736913783e-05	0.0	0.0	0.0	0.0	0.0
-15.404	0.0014354039999999997	0.00018826670999999998	7.1605779e-05	7.724481594e-05	0.0	0.0	0.0	0.0	0.0
-15.379	0.005652749999999999	0.0007415584000000002	0.00028201427	0.0003041936697	0.0	0.0	0.0	0.0	0.0
-15.355	0.019716700000000004	0.0025861979999999996	0.0009836674999999999	0.0010610721057000001	0.0	0.0	0.0	0.0	0.0
-15.330	0.06090020000000001	0.007987836	0.0030381583	0.003277419098	0.0	0.0	0.0	0.0	0.0
-15.305	0.166599	0.021850090999999995	0.008311115199999998	0.008965689653	0.0	0.0	0.0	0.0	0.0
-15.280	0.4035560000000001	0.052935249	0.020134328999999996	0.021720040540000003	0.0	0.0	0.0	0.0	0.0
-15.256	0.86587	0.11357528	0.04319764200000001	0.04659342978	0.0	0.0	0.0	0.0	0.0
-15.231	1.645337	0.21580796	0.08208087099999999	0.08854288558000001	0.0	0.0	0.0	0.0	0.0
-15.206	2.76879	0.36317019	0.13813134999999999	0.14901147720000002	0.0	0.0	0.0	0.0	0.0
-15.181	4.12691	0.54125342	0.20587253999999997	0.2220852396	0.0	0.0	0.0	0.0	0.0
-15.156	5.44704	0.7145008000000002	0.27177555000000003	0.2932069302	0.0	0.0	0.0	0.0	0.0
-15.132	6.368609999999999	0.8353726	0.31771621	0.3427556526	0.0	0.0	0.0	0.0	0.0
-15.107	6.594670000000001	0.864862	0.32897548	0.3549334229	0.0	0.0	0.0	0.0	0.0
-15.082	6.04711	0.7932276	0.30169112	0.3254547078	0.0	0.0	0.0	0.0	0.0
-15.057	4.911169999999999	0.6442317	0.24503974	0.26433250560000005	0.0	0.0	0.0	0.0	0.0
-15.033	3.5332600000000007	0.46338937	0.17625290999999998	0.19014030229999998	0.0	0.0	0.0	0.0	0.0
-15.008	2.25088	0.29523486	0.11229928999999998	0.12113846340000001	0.0	0.0	0.0	0.0	0.0
-14.983	1.270178	0.16659564	0.06335783100000002	0.06836135434999999	0.0	0.0	0.0	0.0	0.0
-14.958	0.6347100000000001	0.08326316	0.031662635999999994	0.034160880160000004	0.0	0.0	0.0	0.0	0.0
-14.934	0.28089600000000003	0.036845437	0.014013176000000002	0.015116765900000002	0.0	0.0	0.0	0.0	0.0
-14.909	0.11010890000000001	0.01444134	0.005493095599999999	0.005925452758	0.0	0.0	0.0	0.0	0.0
-14.884	0.0382197	0.0050131927	0.0019065866	0.002056892156	0.0	0.0	0.0	0.0	0.0
-14.859	0.0117495	0.0015411202000000003	0.0005861364700000001	0.0006323571197000001	0.0	0.0	0.0	0.0	0.0
-14.835	0.0031985499999999997	0.00041954974	0.00015956797000000003	0.0001721379769	0.0	0.0	0.0	0.0	0.0
-14.810	0.000771157	0.00010114459	3.8472935000000005e-05	4.150128042e-05	0.0	0.0	0.0	0.0	0.0
-14.785	0.00016463729999999997	2.159514e-05	8.213240700000002e-06	8.861530562999998e-06	0.0	0.0	0.0	0.0	0.0
-14.760	3.11251e-05	4.0832096e-06	1.5529349e-06	1.6751757300000001e-06	0.0	0.0	0.0	0.0	0.0
-14.735	5.210920000000001e-06	6.834816e-07	2.5997897e-07	2.804534894e-07	0.0	0.0	0.0	0.0	0.0
-14.711	7.7253e-07	1.0133095e-07	3.8540312000000006e-08	4.158082949e-08	0.0	0.0	0.0	0.0	0.0
-14.686	1.0141150000000001e-07	1.3301076e-08	5.0587941e-09	5.458191258999999e-09	0.0	0.0	0.0	0.0	0.0
-14.661	1.178863e-08	1.546203e-09	5.880657299999999e-10	6.343872915e-10	0.0	0.0	0.0	0.0	0.0
-14.636	1.2131890000000001e-09	1.591287e-10	6.0527589e-11	6.529272873e-11	0.0	0.0	0.0	0.0	0.0
-14.612	1.105612e-10	1.4501804e-11	5.5172062999999996e-12	5.9517662000000004e-12	0.0	0.0	0.0	0.0	0.0
-14.587	9.08898e-12	1.1859529000000003e-12	4.711672599999999e-13	4.989248e-13	0.0	0.0	0.0	0.0	0.0
-14.562	3.0774299999999997e-12	3.1103780000000005e-13	4.177356e-13	3.127312e-13	0.0	0.0	0.0	0.0	0.0
-14.537	3.199716e-11	2.9847144899999998e-12	5.050907899999999e-12	3.6454566e-12	0.0	0.0	0.0	0.0	0.0
-14.513	3.699752e-10	3.449895306e-11	5.845449499999999e-11	4.2185437e-11	0.0	0.0	0.0	0.0	0.0
-14.488	3.7922840000000005e-09	3.535657349e-10	5.9926284e-10	4.323854600000001e-10	0.0	0.0	0.0	0.0	0.0
-14.463	3.441949e-08	3.20921593e-09	5.4383341999999995e-09	3.9243545e-09	0.0	0.0	0.0	0.0	0.0
-14.438	2.766215e-07	2.579598357e-08	4.371159300000001e-08	3.15379622e-08	0.0	0.0	0.0	0.0	0.0
-14.414	1.968263e-06	1.835380064e-07	3.1102557999999995e-07	2.2441885700000003e-07	0.0	0.0	0.0	0.0	0.0
-14.389	1.2403400000000002e-05	1.156554154e-06	1.95989163e-06	1.41410481e-06	0.0	0.0	0.0	0.0	0.0
-14.364	6.920588e-05	6.45364966e-06	1.0936305700000002e-05	7.8902052e-06	0.0	0.0	0.0	0.0	0.0
-14.339	0.0003419584	3.1889550709999995e-05	5.4039567999999996e-05	3.8992268e-05	0.0	0.0	0.0	0.0	0.0
-14.314	0.0014964020000000002	0.00013952901259999998	0.000236452986	0.000170595148	0.0	0.0	0.0	0.0	0.0
-14.290	0.005798302	0.000540656121	0.00091623796	0.00066108398	0.0	0.0	0.0	0.0	0.0
-14.265	0.019896749999999998	0.0018552238199999998	0.0031434261000000004	0.00226847324	0.0	0.0	0.0	0.0	0.0
-14.240	0.06046966	0.00563759036	0.0095545073	0.0068936697000000005	0.0	0.0	0.0	0.0	0.0
-14.215	0.1627363	0.01517364069	0.025714792000000004	0.0185534271	0.0	0.0	0.0	0.0	0.0
-14.191	0.3878659	0.036162514800000004	0.061285888999999996	0.044225683	0.0	0.0	0.0	0.0	0.0
-14.166	0.8188161999999999	0.07633736479999999	0.12937627	0.09334513199999998	0.0	0.0	0.0	0.0	0.0
-14.141	1.5307939999999998	0.1427234216	0.241867303	0.17452315699999998	0.0	0.0	0.0	0.0	0.0
-14.116	2.53444	0.2363096349	0.40046297000000003	0.28898389199999996	0.0	0.0	0.0	0.0	0.0
-14.092	3.716531	0.34651865499999995	0.58722106	0.42371131999999995	0.0	0.0	0.0	0.0	0.0
-14.067	4.827403	0.450048836	0.7626464000000001	0.55034862	0.0	0.0	0.0	0.0	0.0
-14.042	5.552281000000001	0.517727837	0.8773497	0.63300891	0.0	0.0	0.0	0.0	0.0
-14.017	5.656306000000001	0.527449484	0.8937691600000001	0.6448515400000001	0.0	0.0	0.0	0.0	0.0
-13.993	5.103088000000001	0.47586681900000005	0.8064357500000001	0.58188869	0.0	0.0	0.0	0.0	0.0
-13.968	4.078549	0.38028774	0.64444495	0.46495006000000005	0.0	0.0	0.0	0.0	0.0
-13.943	2.8865570000000003	0.26918309720000005	0.4560632	0.329125402	0.0	0.0	0.0	0.0	0.0
-13.918	1.8093939999999997	0.16871526469999998	0.28590257	0.20627593500000002	0.0	0.0	0.0	0.0	0.0
-13.893	1.004445	0.09366112350000001	0.158720367	0.114512447	0.0	0.0	0.0	0.0	0.0
-13.869	0.4939006000000001	0.04605000859999999	0.07803570100000001	0.056303466999999996	0.0	0.0	0.0	0.0	0.0
-13.844	0.21504530000000002	0.020051686409999995	0.033979753	0.024517188099999997	0.0	0.0	0.0	0.0	0.0
-13.819	0.08292728	0.007732812760000001	0.0131034457	0.0094552015	0.0	0.0	0.0	0.0	0.0
-13.794	0.028322069999999998	0.0026409599299999998	0.004475498499999999	0.00322888431	0.0	0.0	0.0	0.0	0.0
-13.770	0.008566889000000001	0.0007987532469999999	0.0013536273	0.00097654941	0.0	0.0	0.0	0.0	0.0
-13.745	0.002294483	0.00021394532189999998	0.00036259784000000004	0.000261599435	0.0	0.0	0.0	0.0	0.0
-13.720	0.0005441971	5.074893079999999e-05	8.599427000000001e-05	6.205190599999999e-05	0.0	0.0	0.0	0.0	0.0
-13.695	0.0001143095	1.0660229989999999e-05	1.80641847e-05	1.3033775500000002e-05	0.0	0.0	0.0	0.0	0.0
-13.671	2.1265369999999996e-05	1.982817479e-06	3.3605337999999996e-06	2.42445935e-06	0.0	0.0	0.0	0.0	0.0
-13.646	3.502715e-06	3.2655497890000006e-07	5.534037e-07	3.9932684000000004e-07	0.0	0.0	0.0	0.0	0.0
-13.621	5.109083e-07	4.7635039e-08	8.0720729e-08	5.8242481000000004e-08	0.0	0.0	0.0	0.0	0.0
-13.596	6.598013000000001e-08	6.15179481e-09	1.04263123e-08	7.5220161e-09	0.0	0.0	0.0	0.0	0.0
-13.572	7.545385e-09	7.035787589999999e-10	1.19230653e-09	8.6027709e-10	0.0	0.0	0.0	0.0	0.0
-13.547	7.639729999999998e-10	7.12381584e-11	1.2072046300000001e-10	8.711705900000001e-11	0.0	0.0	0.0	0.0	0.0
-13.522	6.84995e-11	6.38679647e-12	1.08243452e-11	7.810187e-12	0.0	0.0	0.0	0.0	0.0
-13.497	5.4333310000000004e-12	5.06593495e-13	8.584890400000001e-13	6.195058300000001e-13	0.0	0.0	0.0	0.0	0.0
-13.472	3.8226980000000003e-13	3.5643932299999996e-14	6.0402803e-14	4.3584605e-14	0.0	0.0	0.0	0.0	0.0
-13.448	2.7305250000000002e-14	2.545977763e-15	4.3144941e-15	3.1130051e-15	0.0	0.0	0.0	0.0	0.0
-13.423	0.0	0.0	0.0	0.0	0.0	0.0	0.0	0.0	0.0
-13.398	0.0	0.0	0.0	0.0	0.0	0.0	0.0	0.0	0.0
-13.373	0.0	0.0	0.0	0.0	0.0	0.0	0.0	0.0	0.0
-13.349	0.0	0.0	0.0	0.0	0.0	0.0	0.0	0.0	0.0
-13.324	0.0	0.0	0.0	0.0	0.0	0.0	0.0	0.0	0.0
-13.299	0.0	0.0	0.0	0.0	0.0	0.0	0.0	0.0	0.0
-13.274	0.0	0.0	0.0	0.0	0.0	0.0	0.0	0.0	0.0
-13.250	0.0	0.0	0.0	0.0	0.0	0.0	0.0	0.0	0.0
-13.225	0.0	0.0	0.0	0.0	0.0	0.0	0.0	0.0	0.0
-13.200	0.0	0.0	0.0	0.0	0.0	0.0	0.0	0.0	0.0
-13.175	0.0	0.0	0.0	0.0	0.0	0.0	0.0	0.0	0.0
-13.150	0.0	0.0	0.0	0.0	0.0	0.0	0.0	0.0	0.0
-13.126	0.0	0.0	0.0	0.0	0.0	0.0	0.0	0.0	0.0
-13.101	0.0	0.0	0.0	0.0	0.0	0.0	0.0	0.0	0.0
-13.076	0.0	0.0	0.0	0.0	0.0	0.0	0.0	0.0	0.0
-13.051	0.0	0.0	0.0	0.0	0.0	0.0	0.0	0.0	0.0
-13.027	0.0	0.0	0.0	0.0	0.0	0.0	0.0	0.0	0.0
-13.002	0.0	0.0	0.0	0.0	0.0	0.0	0.0	0.0	0.0
-12.977	0.0	0.0	0.0	0.0	0.0	0.0	0.0	0.0	0.0
-12.952	0.0	0.0	0.0	0.0	0.0	0.0	0.0	0.0	0.0
-12.928	0.0	0.0	0.0	0.0	0.0	0.0	0.0	0.0	0.0
-12.903	0.0	0.0	0.0	0.0	0.0	0.0	0.0	0.0	0.0
-12.878	0.0	0.0	0.0	0.0	0.0	0.0	0.0	0.0	0.0
-12.853	0.0	0.0	0.0	0.0	0.0	0.0	0.0	0.0	0.0
-12.829	0.0	0.0	0.0	0.0	0.0	0.0	0.0	0.0	0.0
-12.804	0.0	0.0	0.0	0.0	0.0	0.0	0.0	0.0	0.0
-12.779	0.0	0.0	0.0	0.0	0.0	0.0	0.0	0.0	0.0
-12.754	0.0	0.0	0.0	0.0	0.0	0.0	0.0	0.0	0.0
-12.729	0.0	0.0	0.0	0.0	0.0	0.0	0.0	0.0	0.0
-12.705	0.0	0.0	0.0	0.0	0.0	0.0	0.0	0.0	0.0
-12.680	0.0	0.0	0.0	0.0	0.0	0.0	0.0	0.0	0.0
-12.655	0.0	0.0	0.0	0.0	0.0	0.0	0.0	0.0	0.0
-12.630	0.0	0.0	0.0	0.0	0.0	0.0	0.0	0.0	0.0
-12.606	0.0	0.0	0.0	0.0	0.0	0.0	0.0	0.0	0.0
-12.581	0.0	0.0	0.0	0.0	0.0	0.0	0.0	0.0	0.0
-12.556	0.0	0.0	0.0	0.0	0.0	0.0	0.0	0.0	0.0
-12.531	0.0	0.0	0.0	0.0	0.0	0.0	0.0	0.0	0.0
-12.507	0.0	0.0	0.0	0.0	0.0	0.0	0.0	0.0	0.0
-12.482	0.0	0.0	0.0	0.0	0.0	0.0	0.0	0.0	0.0
-12.457	0.0	0.0	0.0	0.0	0.0	0.0	0.0	0.0	0.0
-12.432	0.0	0.0	0.0	0.0	0.0	0.0	0.0	0.0	0.0
-12.408	0.0	0.0	0.0	0.0	0.0	0.0	0.0	0.0	0.0
-12.383	0.0	0.0	0.0	0.0	0.0	0.0	0.0	0.0	0.0
-12.358	0.0	0.0	0.0	0.0	0.0	0.0	0.0	0.0	0.0
-12.333	0.0	0.0	0.0	0.0	0.0	0.0	0.0	0.0	0.0
-12.308	0.0	0.0	0.0	0.0	0.0	0.0	0.0	0.0	0.0
-12.284	0.0	0.0	0.0	0.0	0.0	0.0	0.0	0.0	0.0
-12.259	0.0	0.0	0.0	0.0	0.0	0.0	0.0	0.0	0.0
-12.234	0.0	0.0	0.0	0.0	0.0	0.0	0.0	0.0	0.0
-12.209	0.0	0.0	0.0	0.0	0.0	0.0	0.0	0.0	0.0
-12.185	0.0	0.0	0.0	0.0	0.0	0.0	0.0	0.0	0.0
-12.160	0.0	0.0	0.0	0.0	0.0	0.0	0.0	0.0	0.0
-12.135	5.592919700000001e-15	2.76117741e-15	2.3209328000000003e-15	3.0397269999999995e-15	0.0	0.0	0.0	0.0	0.0
-12.110	9.1709907e-14	4.5277043099999996e-14	3.8060418400000004e-14	4.984794e-14	0.0	0.0	0.0	0.0	0.0
-12.086	1.34555785e-12	6.643113099999999e-13	5.58440538e-13	7.312875e-13	0.0	0.0	0.0	0.0	0.0
-12.061	1.7496010099999998e-11	8.6376968e-12	7.2610534399999995e-12	9.508481999999999e-12	0.0	0.0	0.0	0.0	0.0
-12.036	2.01508069e-10	9.947372000000001e-11	8.36151771e-11	1.094944e-10	0.0	0.0	0.0	0.0	0.0
-12.011	2.0545736899999996e-09	1.01427378e-09	8.52655496e-10	1.116566e-09	0.0	0.0	0.0	0.0	0.0
-11.987	1.85519167e-08	9.157840699999999e-09	7.69896009e-09	1.0082098e-08	0.0	0.0	0.0	0.0	0.0
-11.962	1.4831133100000005e-07	7.3215203e-08	6.15440002e-08	8.059814000000002e-08	0.0	0.0	0.0	0.0	0.0
-11.937	1.0498274100000002e-06	5.183244099999999e-07	4.35653817e-07	5.704993e-07	0.0	0.0	0.0	0.0	0.0
-11.912	6.5816556e-06	3.2489527999999996e-06	2.7310904400000005e-06	3.5762439999999997e-06	0.0	0.0	0.0	0.0	0.0
-11.887	3.653176900000001e-05	1.8035166099999998e-05	1.5160318799999998e-05	1.984911e-05	0.0	0.0	0.0	0.0	0.0
-11.863	0.00017955041700000001	8.8649177e-05	7.452483869999999e-05	9.75877e-05	0.0	0.0	0.0	0.0	0.0
-11.838	0.00078155967	0.000385873397	0.00032437755700000004	0.00042474010000000004	0.0	0.0	0.0	0.0	0.0
-11.813	0.00301280283	0.00148741706	0.00125027869	0.001637337	0.0	0.0	0.0	0.0	0.0
-11.788	0.010285329100000002	0.005077486410000001	0.0042678447299999995	0.005589444000000001	0.0	0.0	0.0	0.0	0.0
-11.764	0.031092055600000005	0.015351233600000002	0.0129043628	0.016898459999999997	0.0	0.0	0.0	0.0	0.0
-11.739	0.08324521999999998	0.0410918376	0.0345499471	0.04524572	0.0	0.0	0.0	0.0	0.0
-11.714	0.19739884400000002	0.09744298600000001	0.0819198841	0.10727540000000002	0.0	0.0	0.0	0.0	0.0
-11.689	0.41451171000000003	0.20463116400000003	0.172020823	0.2253175	0.0	0.0	0.0	0.0	0.0
-11.665	0.7709042100000001	0.380589617	0.31996154	0.4189566	0.0	0.0	0.0	0.0	0.0
-11.640	1.27008562	0.62699769	0.527175904	0.6900833	0.0	0.0	0.0	0.0	0.0
-11.615	1.8534230999999999	0.9148416500000001	0.769517687	1.0069666	0.0	0.0	0.0	0.0	0.0
-11.590	2.3971598000000003	1.1830015600000001	0.99666782	1.301996	0.0	0.0	0.0	0.0	0.0
-11.566	2.7521139999999997	1.3568788399999998	1.14759279	1.4929029999999999	0.0	0.0	0.0	0.0	0.0
-11.541	2.815340999999999	1.3847254	1.1844331200000002	1.521577	0.0	0.0	0.0	0.0	0.0
-11.516	2.5948459999999995	1.2676938	1.11862573	1.388318	0.0	0.0	0.0	0.0	0.0
-11.491	2.218564	1.0644822	1.016201382	1.155429	0.0	0.0	0.0	0.0	0.0
-11.466	1.8783670000000003	0.8646593999999999	0.9737499230000001	0.918647	0.0	0.0	0.0	0.0	0.0
-11.442	1.740304	0.746526	1.071472564	0.7619183000000002	0.0	0.0	0.0	0.0	0.0
-11.417	1.86777	0.742577	1.3319266229999998	0.7222729999999999	0.0	0.0	0.0	0.0	0.0
-11.392	2.1931460000000005	0.829476	1.69585731	0.7786247	0.0	0.0	0.0	0.0	0.0
-11.367	2.549554	0.942027	2.039944564	0.8689331	0.0	0.0	0.0	0.0	0.0
-11.343	2.748819	1.006406	2.227812695	0.9221560000000001	0.0	0.0	0.0	0.0	0.0
-11.318	2.6708110000000005	0.974951	2.174228622	0.8910253	0.0	0.0	0.0	0.0	0.0
-11.293	2.3146221	0.844633	1.88657624	0.7717161300000001	0.0	0.0	0.0	0.0	0.0
-11.268	1.7879046999999997	0.6544464999999999	1.45600094	0.5990814200000001	0.0	0.0	0.0	0.0	0.0
-11.244	1.2466589999999995	0.4625104	1.0087061000000002	0.42767920000000004	0.0	0.0	0.0	0.0	0.0
-11.219	0.8270006999999998	0.322858	0.65260178	0.30874771000000006	0.0	0.0	0.0	0.0	0.0
-11.194	0.6126956	0.27225210000000005	0.44935059	0.28068193999999996	0.0	0.0	0.0	0.0	0.0
-11.169	0.6343322000000001	0.3299658	0.41554749	0.36607584	0.0	0.0	0.0	0.0	0.0
-11.145	0.8805120000000001	0.497204	0.5362338430000001	0.56961781	0.0	0.0	0.0	0.0	0.0
-11.120	1.2983858	0.7520234	0.77133481	0.86930867	0.0	0.0	0.0	0.0	0.0
-11.095	1.7871169000000002	1.0416275999999998	1.05489717	1.2068488800000001	0.0	0.0	0.0	0.0	0.0
-11.070	2.2068904	1.2882691	1.30081642	1.49355716	0.0	0.0	0.0	0.0	0.0
-11.045	2.4211866999999994	1.4138032	1.4265173399999997	1.63939883	0.0	0.0	0.0	0.0	0.0
-11.021	2.3542368000000007	1.3750432000000001	1.38710294	1.59427411	0.0	0.0	0.0	0.0	0.0
-10.996	2.0279191	1.184248	1.19469303	1.37329547	0.0	0.0	0.0	0.0	0.0
-10.971	1.5471363999999999	0.9036093000000001	0.9114446300000001	1.04777001	0.0	0.0	0.0	0.0	0.0
-10.946	1.0453541499999999	0.61056337	0.6158210350000001	0.707885685	0.0	0.0	0.0	0.0	0.0
-10.922	0.6255400999999998	0.36539704	0.36854401	0.423679326	0.0	0.0	0.0	0.0	0.0
-10.897	0.33154996	0.19363552	0.19532829200000001	0.22452998099999996	0.0	0.0	0.0	0.0	0.0
-10.872	0.15562270999999997	0.09088951	0.091688359	0.105391804	0.0	0.0	0.0	0.0	0.0
-10.847	0.06469500199999999	0.037779872	0.03810558409999999	0.0438115227	0.0	0.0	0.0	0.0	0.0
-10.823	0.023817055	0.013909939	0.0140316223	0.0161300149	0.0	0.0	0.0	0.0	0.0
-10.798	0.007766400500000001	0.0045358288	0.0045748566599999995	0.00525947872	0.0	0.0	0.0	0.0	0.0
-10.773	0.0022423575	0.0013095716	0.00132096444	0.0015184541999999999	0.0	0.0	0.0	0.0	0.0
-10.748	0.00057343007	0.00033484440999999993	0.00033785272199999996	0.000388328627	0.0	0.0	0.0	0.0	0.0
-10.724	0.00013015845	7.598099999999999e-05	7.662780910000001e-05	8.80473869e-05	0.0	0.0	0.0	0.0	0.0
-10.699	2.827518e-05	1.6218005e-05	1.6237939200000002e-05	1.84612783e-05	0.0	0.0	0.0	0.0	0.0
-10.674	1.8138609999999997e-05	8.811618e-06	8.1495068e-06	8.137138000000001e-06	0.0	0.0	0.0	0.0	0.0
-10.649	7.288057000000002e-05	3.305251900000001e-05	2.9406119e-05	2.7226928e-05	0.0	0.0	0.0	0.0	0.0
-10.624	0.00034126545	0.000154353138	0.0001370584	0.00012646935	0.0	0.0	0.0	0.0	0.0
-10.600	0.001428411019	0.00064600303	0.00057363872	0.00052929975	0.0	0.0	0.0	0.0	0.0
-10.575	0.00529652112	0.00239486798	0.0021269709	0.0019624702999999997	0.0	0.0	0.0	0.0	0.0
-10.550	0.01739300169	0.007865212	0.0069841969000000005	0.006445159	0.0	0.0	0.0	0.0	0.0
-10.525	0.05058438749999999	0.0228741051	0.020310203000000002	0.018740013	0.0	0.0	0.0	0.0	0.0
-10.501	0.1302557716	0.05891152400000001	0.052307417	0.048258495000000005	0.0	0.0	0.0	0.0	0.0
-10.476	0.297110895	0.13436553199999995	0.11931067999999999	0.11008846	0.0	0.0	0.0	0.0	0.0
-10.451	0.6001986180000001	0.27141450999999994	0.24096968	0.22236662000000004	0.0	0.0	0.0	0.0	0.0
-10.426	1.0738754409999995	0.48557086	0.43118184000000004	0.39778533000000005	0.0	0.0	0.0	0.0	0.0
-10.402	1.701197988	0.76933669	0.6831774799999999	0.6302816	0.0	0.0	0.0	0.0	0.0
-10.377	2.3872332099999998	1.07968171	0.95864213	0.8844717000000002	0.0	0.0	0.0	0.0	0.0
-10.352	2.9668889299999996	1.3417849399999997	1.191465	1.0992777999999999	0.0	0.0	0.0	0.0	0.0
-10.327	3.2659973300000007	1.4769393199999998	1.3114271000000002	1.2099665	0.0	0.0	0.0	0.0	0.0
-10.303	3.1839639500000003	1.4398662899999999	1.2785279999999999	1.1796399999999998	0.0	0.0	0.0	0.0	0.0
-10.278	2.7490119099999997	1.24333257	1.10394889	1.0185692	0.0	0.0	0.0	0.0	0.0
-10.253	2.1022438710000007	0.9507989800000001	0.84416632	0.7789444	0.0	0.0	0.0	0.0	0.0
-10.228	1.4238796850000002	0.6439675999999999	0.57166976	0.5275695699999999	0.0	0.0	0.0	0.0	0.0
-10.203	0.8540266100000001	0.38623976	0.34297276	0.31644377	0.0	0.0	0.0	0.0	0.0
-10.179	0.45372503000000003	0.205153578	0.18218929999999997	0.16810099	0.0	0.0	0.0	0.0	0.0
-10.154	0.21347650200000004	0.096542459	0.08572098800000001	0.07909271000000001	0.0	0.0	0.0	0.0	0.0
-10.129	0.08894234879999999	0.040228812	0.035721563	0.032954323	0.0	0.0	0.0	0.0	0.0
-10.104	0.0328240142	0.014844642400000002	0.013180219	0.012162131000000001	0.0	0.0	0.0	0.0	0.0
-10.080	0.010727352799999998	0.004851935599999999	0.0043077083	0.0039746807	0.0	0.0	0.0	0.0	0.0
-10.055	0.0031073578000000005	0.0014060630699999999	0.0012470162	0.0011515594999999999	0.0	0.0	0.0	0.0	0.0
-10.030	0.0008105831999999998	0.00037131029000000005	0.00032142572	0.00030237975999999997	0.0	0.0	0.0	0.0	0.0
-10.005	0.00025892220000000004	0.0001418762	8.220929999999999e-05	0.00010652124	0.0	0.0	0.0	0.0	0.0
-9.981	0.00040263868	0.00029798821	5.9903059999999996e-05	0.00019869415000000002	0.0	0.0	0.0	0.0	0.0
-9.956	0.00152439064	0.0011696698999999998	0.000190435918	0.0007698421899999999	0.0	0.0	0.0	0.0	0.0
-9.931	0.0055698348399999984	0.0042817244899999995	0.000689750235	0.002816483678	0.0	0.0	0.0	0.0	0.0
-9.906	0.01809860581	0.013911546799999999	0.0022407649290000003	0.00915092701	0.0	0.0	0.0	0.0	0.0
-9.882	0.052085475099999994	0.0400381509	0.00645441751	0.026335882430000002	0.0	0.0	0.0	0.0	0.0
-9.857	0.132777439	0.10205304659999999	0.01647674007	0.06713718121	0.0	0.0	0.0	0.0	0.0
-9.832	0.29987993200000007	0.230413598	0.037328492299999995	0.1516042465	0.0	0.0	0.0	0.0	0.0
-9.807	0.6001151700000001	0.461083061	0.07517742730000002	0.3033751215	0.0	0.0	0.0	0.0	0.0
-9.782	1.0652503500000001	0.8178985	0.135137101	0.5382190902	0.0	0.0	0.0	0.0	0.0
-9.758	1.67939302	1.28769729	0.218459696	0.8474370706	0.0	0.0	0.0	0.0	0.0
-9.733	2.3575539800000005	1.8032315600000002	0.32206669000000004	1.187329316	0.0	0.0	0.0	0.0	0.0
-9.708	2.9641726299999993	2.2560168000000003	0.44322274	1.4866467170000002	0.0	0.0	0.0	0.0	0.0
-9.683	3.37336057	2.5420485	0.5879054	1.678207147	0.0	0.0	0.0	0.0	0.0
-9.659	3.5396859999999997	2.6203813000000005	0.7749060000000001	1.7352746030000001	0.0	0.0	0.0	0.0	0.0
-9.634	3.5238524	2.5337291	1.0254716000000001	1.686524964	0.0	0.0	0.0	0.0	0.0
-9.609	3.4413843999999996	2.3732403	1.3400092000000001	1.591949343	0.0	0.0	0.0	0.0	0.0
-9.584	3.3732044999999995	2.2165424	1.6748247	1.500545478	0.0	0.0	0.0	0.0	0.0
-9.560	3.3104272999999997	2.0775077	1.9474490000000002	1.4191177519999998	0.0	0.0	0.0	0.0	0.0
-9.535	3.1818746999999994	1.9148564	2.0774568	1.3185333799999999	0.0	0.0	0.0	0.0	0.0
-9.510	2.9403299999999994	1.6833245	2.0406771	1.1691228500000002	0.0	0.0	0.0	0.0	0.0
-9.485	2.6351691000000006	1.3786334	1.9031969999999998	0.9721662200000001	0.0	0.0	0.0	0.0	0.0
-9.461	2.4052265000000004	1.0478714	1.7981807	0.7639033	0.0	0.0	0.0	0.0	0.0
-9.436	2.4017966299999993	0.7565294	1.8570359	0.5926473	0.0	0.0	0.0	0.0	0.0
-9.411	2.6838199	0.5508677999999999	2.1305343	0.4890794	0.0	0.0	0.0	0.0	0.0
-9.386	3.159789079999999	0.43665624999999997	2.5465511	0.45133399999999996	0.0	0.0	0.0	0.0	0.0
-9.361	3.6160048399999996	0.38558056	2.93400602	0.4494649	0.0	0.0	0.0	0.0	0.0
-9.337	3.8180664900000005	0.35751519000000004	3.10658277	0.44540437	0.0	0.0	0.0	0.0	0.0
-9.312	3.6296749600000004	0.32160001	2.9561875300000002	0.41263220000000006	0.0	0.0	0.0	0.0	0.0
-9.287	3.0759955199999993	0.26696115	2.5071291779999996	0.34633766000000005	0.0	0.0	0.0	0.0	0.0
-9.262	2.3160688800000004	0.20068809	1.8867738530000002	0.26026481700000004	0.0	0.0	0.0	0.0	0.0
-9.238	1.5527372400000001	0.1386683	1.2606456600000002	0.17592894	0.0	0.0	0.0	0.0	0.0
-9.213	0.9427575099999999	0.09810332	0.75295443	0.11194903100000002	0.0	0.0	0.0	0.0	0.0
-9.188	0.5626937100000001	0.09552585999999999	0.41634193999999997	0.080494569	0.0	0.0	0.0	0.0	0.0
-9.163	0.42756569000000005	0.15063866000000004	0.24674459	0.09005496200000002	0.0	0.0	0.0	0.0	0.0
-9.139	0.5309223000000001	0.28847109	0.21585897999999998	0.14935990000000002	0.0	0.0	0.0	0.0	0.0
-9.114	0.8636933	0.53249817	0.29470780999999996	0.26641244	0.0	0.0	0.0	0.0	0.0
-9.089	1.3988991	0.8861934	0.45627344	0.44025611	0.0	0.0	0.0	0.0	0.0
-9.064	2.0580956999999995	1.3105512	0.6650556400000001	0.65022336	0.0	0.0	0.0	0.0	0.0
-9.040	2.6947803000000006	1.7179953000000003	0.86912615	0.8520566399999999	0.0	0.0	0.0	0.0	0.0
-9.015	3.1281077999999995	1.9944809	1.00865181	0.98914067	0.0	0.0	0.0	0.0	0.0
-8.990	3.2163427	2.0509661	1.0370351199999999	1.0171926699999998	0.0	0.0	0.0	0.0	0.0
-8.965	2.9292314000000004	1.8678887	0.94452779	0.92636922	0.0	0.0	0.0	0.0	0.0
-8.940	2.3628113999999996	1.5066018	0.76181133	0.74726516	0.0	0.0	0.0	0.0	0.0
-8.916	1.6879985000000002	1.076402	0.5442214599999999	0.53381026	0.0	0.0	0.0	0.0	0.0
-8.891	1.0679754899999998	0.6809923	0.34433158	0.33773458999999995	0.0	0.0	0.0	0.0	0.0
-8.866	0.5984058299999999	0.38163972	0.19294986900000002	0.189262082	0.0	0.0	0.0	0.0	0.0
-8.841	0.29700738000000004	0.18940238	0.09575488300000001	0.093929165	0.0	0.0	0.0	0.0	0.0
-8.817	0.13052954800000002	0.083242018	0.042087222	0.041279781	0.0	0.0	0.0	0.0	0.0
-8.792	0.05081390899999999	0.032406304999999996	0.0163835303	0.0160700471	0.0	0.0	0.0	0.0	0.0
-8.767	0.017516416000000007	0.011169222	0.005647715700000001	0.0055391154	0.0	0.0	0.0	0.0	0.0
-8.742	0.005348546	0.0034105194999999996	0.0017243215700000001	0.0016919424200000002	0.0	0.0	0.0	0.0	0.0
-8.718	0.0014497635500000002	0.0009239268699999999	0.00046709888999999996	0.00046177421000000006	0.0	0.0	0.0	0.0	0.0
-8.693	0.00036890621	0.00023149617	0.00011726269	0.00013539755	0.0	0.0	0.0	0.0	0.0
-8.668	0.00018890791	0.00010141165	5.235358e-05	0.0001547931	0.0	0.0	0.0	0.0	0.0
-8.643	0.0005330662599999999	0.00025430358	0.00013339046699999997	0.0005958756799999999	0.0	0.0	0.0	0.0	0.0
-8.619	0.002069390399999999	0.0009788477500000002	0.000514033658	0.00235560299	0.0	0.0	0.0	0.0	0.0
-8.594	0.0072874394	0.00344584891	0.00180983805	0.008300967199999999	0.0	0.0	0.0	0.0	0.0
-8.569	0.022753913	0.01075763255	0.005650629199999999	0.025921193100000003	0.0	0.0	0.0	0.0	0.0
-8.544	0.062920887	0.02974964851	0.015622805500000001	0.07167365299999999	0.0	0.0	0.0	0.0	0.0
-8.519	0.15406233000000005	0.07284595459999998	0.038261662999999994	0.175496951	0.0	0.0	0.0	0.0	0.0
-8.495	0.33407935000000005	0.15796869600000005	0.08296740820000001	0.38060439900000004	0.0	0.0	0.0	0.0	0.0
-8.470	0.64167111	0.3034502227	0.159353667	0.73115571	0.0	0.0	0.0	0.0	0.0
-8.445	1.09172805	0.516110272	0.271130575	1.2435047000000001	0.0	0.0	0.0	0.0	0.0
-8.420	1.6447972999999998	0.777608611	0.40851345	1.8734964500000002	0.0	0.0	0.0	0.0	0.0
-8.396	2.1952617999999995	1.0377814390000002	0.54543102	2.5000029	0.0	0.0	0.0	0.0	0.0
-8.371	2.5968263999999994	1.2274329219999998	0.64599179	2.9545830700000004	0.0	0.0	0.0	0.0	0.0
-8.346	2.7273469	1.287854015	0.6811417	3.09393505	0.0	0.0	0.0	0.0	0.0
-8.321	2.5560152999999994	1.20372567	0.6465578000000001	2.87247515	0.0	0.0	0.0	0.0	0.0
-8.297	2.174693499999999	1.01479935	0.5715881	2.3705753000000005	0.0	0.0	0.0	0.0	0.0
-8.272	1.7618839999999998	0.80123564	0.5124505999999999	1.7528219	0.0	0.0	0.0	0.0	0.0
-8.247	1.5153399	0.64923774	0.5342097	1.1906307	0.0	0.0	0.0	0.0	0.0
-8.222	1.5748178	0.6192389	0.6859780999999999	0.793999	0.0	0.0	0.0	0.0	0.0
-8.198	1.9702919999999997	0.7242506	0.97682009	0.5913335000000001	0.0	0.0	0.0	0.0	0.0
-8.173	2.6015377	0.9264884	1.35984524	0.54311473	0.0	0.0	0.0	0.0	0.0
-8.148	3.260853499999999	1.1484397400000002	1.73549838	0.57635268	0.0	0.0	0.0	0.0	0.0
-8.123	3.7065063	1.3003415209999998	1.9834738699999999	0.6171362699999999	0.0	0.0	0.0	0.0	0.0
-8.098	3.7580467	1.3168490540000002	2.0144961400000003	0.6138095	0.0	0.0	0.0	0.0	0.0
-8.074	3.381436500000001	1.1848103650999997	1.8141027900000002	0.549039002	0.0	0.0	0.0	0.0	0.0
-8.049	2.6975535999999987	0.9450184623	1.4471803699999999	0.43724454	0.0	0.0	0.0	0.0	0.0
-8.024	1.9060460200000002	0.6676078624099999	1.02267983	0.3087778924	0.0	0.0	0.0	0.0	0.0
-7.999	1.19311844	0.41790563199999997	0.640056237	0.19325087159999998	0.0	0.0	0.0	0.0	0.0
-7.975	0.6619546000000002	0.2320483735	0.355088543	0.10727378199999998	0.0	0.0	0.0	0.0	0.0
-7.950	0.32748514	0.115405544	0.175257581	0.053319361	0.0	0.0	0.0	0.0	0.0
-7.925	0.15103001000000002	0.05536345100000001	0.079538403	0.025524283999999998	0.0	0.0	0.0	0.0	0.0
-7.900	0.08518215	0.03739812999999999	0.040994709	0.01730446	0.0	0.0	0.0	0.0	0.0
-7.876	0.10370834999999998	0.05688515	0.042502003000000003	0.027273112999999998	0.0	0.0	0.0	0.0	0.0
-7.851	0.21467230000000004	0.12452502000000003	0.08247677899999999	0.06321411099999999	0.0	0.0	0.0	0.0	0.0
-7.826	0.45809340000000015	0.26472776	0.17302650020000002	0.14472936	0.0	0.0	0.0	0.0	0.0
-7.801	0.8894833000000001	0.5050174100000001	0.331762528	0.30428519	0.0	0.0	0.0	0.0	0.0
-7.777	1.5475980000000003	0.8560936299999999	0.56831744	0.5841987	0.0	0.0	0.0	0.0	0.0
-7.752	2.415526	1.28833746	0.8682927570000002	1.0266579000000002	0.0	0.0	0.0	0.0	0.0
-7.727	3.3947969999999996	1.7231951	1.18595157	1.6534654000000002	0.0	0.0	0.0	0.0	0.0
-7.702	4.316279	2.0507606999999997	1.452901	2.4390294000000003	0.0	0.0	0.0	0.0	0.0
-7.677	4.988761000000001	2.1759959	1.6031212300000002	3.2858793	0.0	0.0	0.0	0.0	0.0
-7.653	5.264090000000001	2.0636624000000006	1.6006990500000002	4.026037	0.0	0.0	0.0	0.0	0.0
-7.628	5.08644	1.7550175000000001	1.4533045400000002	4.4646137999999995	0.0	0.0	0.0	0.0	0.0
-7.603	4.50551	1.3443909	1.2048987699999998	4.460184099999999	0.0	0.0	0.0	0.0	0.0
-7.578	3.6538899999999996	0.9324377000000001	0.91576157	3.99684	0.0	0.0	0.0	0.0	0.0
-7.554	2.706846	0.5910974	0.6410220300000001	3.2032714	0.0	0.0	0.0	0.0	0.0
-7.529	1.8321529999999995	0.35247900000000004	0.42051216	2.2911785	0.0	0.0	0.0	0.0	0.0
-7.504	1.1509040000000001	0.22127319999999998	0.27872747999999997	1.4636029	0.0	0.0	0.0	0.0	0.0
-7.479	0.7246669999999998	0.19599100000000003	0.23319860000000003	0.8440157	0.0	0.0	0.0	0.0	0.0
-7.455	0.5678990000000002	0.2839783	0.30241160000000006	0.46112832000000004	0.0	0.0	0.0	0.0	0.0
-7.430	0.6681579999999998	0.5014256	0.5057155	0.27953171	0.0	0.0	0.0	0.0	0.0
-7.405	0.9934424999999999	0.85610427	0.8501320000000001	0.24020358999999997	0.0	0.0	0.0	0.0	0.0
-7.380	1.4786798500000002	1.3196270200000002	1.3051260099999997	0.28527056	0.0	0.0	0.0	0.0	0.0
-7.356	2.010406550000001	1.80878703	1.7873335900000002	0.36451365999999996	0.0	0.0	0.0	0.0	0.0
-7.331	2.4381320840000003	2.197788192	2.17103188	0.4355987800000001	0.0	0.0	0.0	0.0	0.0
-7.306	2.6231426390000006	2.3653246119999998	2.33674028	0.46709925	0.0	0.0	0.0	0.0	0.0
-7.281	2.5002299209999994	2.2547082460000003	2.22747548	0.44491283000000004	0.0	0.0	0.0	0.0	0.0
-7.256	2.110997078	1.9037418751000001	1.88066092	0.37553568299999995	0.0	0.0	0.0	0.0	0.0
-7.232	1.5784389709000002	1.4235321388	1.4061649549999997	0.2807656970000001	0.0	0.0	0.0	0.0	0.0
-7.207	1.0453680054	0.9427861207	0.9313675960000001	0.18596079499999998	0.0	0.0	0.0	0.0	0.0
-7.182	0.6131612757000001	0.5529958464	0.5462821950000001	0.109068588	0.0	0.0	0.0	0.0	0.0
-7.157	0.31849315349999996	0.287266728	0.283767656	0.05666121700000001	0.0	0.0	0.0	0.0	0.0
-7.133	0.14653516063000002	0.13216212887999998	0.13055873689999997	0.0260710136	0.0	0.0	0.0	0.0	0.0
-7.108	0.05970645678	0.053849353989999994	0.053184873800000004	0.010621959500000002	0.0	0.0	0.0	0.0	0.0
-7.083	0.02154489638	0.019429678656	0.0191932176	0.0038327965400000003	0.0	0.0	0.0	0.0	0.0
-7.058	0.006884477918	0.006209362766	0.00613247071	0.0012247732499999998	0.0	0.0	0.0	0.0	0.0
-7.034	0.0019484585391000005	0.0017571906829	0.0017358958099999997	0.00034666393100000006	0.0	0.0	0.0	0.0	0.0
-7.009	0.0004883271754	0.0004403743962000001	0.0004351073220000001	8.687367800000001e-05	0.0	0.0	0.0	0.0	0.0
-6.984	0.00010837240224000003	9.773819355e-05	9.65601312e-05	1.9277486599999998e-05	0.0	0.0	0.0	0.0	0.0
-6.959	2.130157427e-05	1.9209500558e-05	1.8977510299999998e-05	3.7891224499999998e-06	0.0	0.0	0.0	0.0	0.0
-6.935	3.707251687e-06	3.34344949e-06	3.3031101800000003e-06	6.5944731e-07	0.0	0.0	0.0	0.0	0.0
-6.910	5.713458454000002e-07	5.152777296000001e-07	5.090781599999999e-07	1.0164665e-07	0.0	0.0	0.0	0.0	0.0
-6.885	7.796989757999999e-08	7.031219133e-08	6.94592493e-08	1.38707914e-08	0.0	0.0	0.0	0.0	0.0
-6.860	9.420908540999999e-09	8.496239785e-09	8.393906589999999e-09	1.67604002e-09	0.0	0.0	0.0	0.0	0.0
-6.835	1.0081183859e-09	9.09035205e-10	8.980604139999999e-10	1.7934670700000002e-10	0.0	0.0	0.0	0.0	0.0
-6.811	9.550451603e-11	8.612681837e-11	8.507841979999999e-11	1.6987326900000002e-11	0.0	0.0	0.0	0.0	0.0
-6.786	8.009517860000002e-12	7.223142217999999e-12	7.13474527e-12	1.4248793899999997e-12	0.0	0.0	0.0	0.0	0.0
-6.761	5.953348268999999e-13	5.368956391999999e-13	5.30381779e-13	1.0590271699999999e-13	0.0	0.0	0.0	0.0	0.0
-6.736	3.98220142e-14	3.5913995999999995e-14	3.5478856700000005e-14	7.0843365e-15	0.0	0.0	0.0	0.0	0.0
-6.712	2.0960482099999997e-15	1.8903271422000004e-15	1.86743527e-15	3.7292439199999994e-16	0.0	0.0	0.0	0.0	0.0
-6.687	0.0	0.0	0.0	0.0	0.0	0.0	0.0	0.0	0.0
-6.662	0.0	0.0	0.0	0.0	0.0	0.0	0.0	0.0	0.0
-6.637	0.0	0.0	0.0	0.0	0.0	0.0	0.0	0.0	0.0
-6.613	0.0	0.0	0.0	0.0	0.0	0.0	0.0	0.0	0.0
-6.588	0.0	0.0	0.0	0.0	0.0	0.0	0.0	0.0	0.0
-6.563	0.0	0.0	0.0	0.0	0.0	0.0	0.0	0.0	0.0
-6.538	0.0	0.0	0.0	0.0	0.0	0.0	0.0	0.0	0.0
-6.514	0.0	0.0	0.0	0.0	0.0	0.0	0.0	0.0	0.0
-6.489	0.0	0.0	0.0	0.0	0.0	0.0	0.0	0.0	0.0
-6.464	0.0	0.0	0.0	0.0	0.0	0.0	0.0	0.0	0.0
-6.439	0.0	0.0	0.0	0.0	0.0	0.0	0.0	0.0	0.0
-6.414	0.0	0.0	0.0	0.0	0.0	0.0	0.0	0.0	0.0
-6.390	0.0	0.0	0.0	0.0	0.0	0.0	0.0	0.0	0.0
-6.365	0.0	0.0	0.0	0.0	0.0	0.0	0.0	0.0	0.0
-6.340	0.0	0.0	0.0	0.0	0.0	0.0	0.0	0.0	0.0
-6.315	0.0	0.0	0.0	0.0	0.0	0.0	0.0	0.0	0.0
-6.291	0.0	0.0	0.0	0.0	0.0	0.0	0.0	0.0	0.0
-6.266	0.0	0.0	0.0	0.0	0.0	0.0	0.0	0.0	0.0
-6.241	0.0	0.0	0.0	0.0	0.0	0.0	0.0	0.0	0.0
-6.216	0.0	0.0	0.0	0.0	0.0	0.0	0.0	0.0	0.0
-6.192	0.0	0.0	0.0	0.0	0.0	0.0	0.0	0.0	0.0
-6.167	0.0	0.0	0.0	0.0	0.0	0.0	0.0	0.0	0.0
-6.142	0.0	0.0	0.0	0.0	0.0	0.0	0.0	0.0	0.0
-6.117	0.0	0.0	0.0	0.0	0.0	0.0	0.0	0.0	0.0
-6.092	0.0	0.0	0.0	0.0	0.0	0.0	0.0	0.0	0.0
-6.068	0.0	0.0	0.0	0.0	0.0	0.0	0.0	0.0	0.0
-6.043	0.0	0.0	0.0	0.0	0.0	0.0	0.0	0.0	0.0
-6.018	0.0	0.0	0.0	0.0	0.0	0.0	0.0	0.0	0.0
-5.993	0.0	0.0	0.0	0.0	0.0	0.0	0.0	0.0	0.0
-5.969	0.0	0.0	0.0	0.0	0.0	0.0	0.0	0.0	0.0
-5.944	0.0	0.0	0.0	0.0	0.0	0.0	0.0	0.0	0.0
-5.919	0.0	0.0	0.0	0.0	0.0	0.0	0.0	0.0	0.0
-5.894	0.0	0.0	0.0	0.0	0.0	0.0	0.0	0.0	0.0
-5.870	0.0	0.0	0.0	0.0	0.0	0.0	0.0	0.0	0.0
-5.845	0.0	0.0	0.0	0.0	0.0	0.0	0.0	0.0	0.0
-5.820	0.0	0.0	0.0	0.0	0.0	0.0	0.0	0.0	0.0
-5.795	0.0	0.0	0.0	0.0	0.0	0.0	0.0	0.0	0.0
-5.771	0.0	0.0	0.0	0.0	0.0	0.0	0.0	0.0	0.0
-5.746	0.0	0.0	0.0	0.0	0.0	0.0	0.0	0.0	0.0
-5.721	0.0	0.0	0.0	0.0	0.0	0.0	0.0	0.0	0.0
-5.696	0.0	0.0	0.0	0.0	0.0	0.0	0.0	0.0	0.0
-5.671	0.0	0.0	0.0	0.0	0.0	0.0	0.0	0.0	0.0
-5.647	0.0	0.0	0.0	0.0	0.0	0.0	0.0	0.0	0.0
-5.622	0.0	0.0	0.0	0.0	0.0	0.0	0.0	0.0	0.0
-5.597	0.0	0.0	0.0	0.0	0.0	0.0	0.0	0.0	0.0
-5.572	0.0	0.0	0.0	0.0	0.0	0.0	0.0	0.0	0.0
-5.548	0.0	0.0	0.0	0.0	0.0	0.0	0.0	0.0	0.0
-5.523	0.0	0.0	0.0	0.0	0.0	0.0	0.0	0.0	0.0
-5.498	0.0	0.0	0.0	0.0	0.0	0.0	0.0	0.0	0.0
-5.473	0.0	0.0	0.0	0.0	0.0	0.0	0.0	0.0	0.0
-5.449	0.0	0.0	0.0	0.0	0.0	0.0	0.0	0.0	0.0
-5.424	0.0	0.0	0.0	0.0	0.0	0.0	0.0	0.0	0.0
-5.399	0.0	0.0	0.0	0.0	0.0	0.0	0.0	0.0	0.0
-5.374	0.0	0.0	0.0	0.0	0.0	0.0	0.0	0.0	0.0
-5.350	0.0	0.0	0.0	0.0	0.0	0.0	0.0	0.0	0.0
-5.325	0.0	0.0	0.0	0.0	0.0	0.0	0.0	0.0	0.0
-5.300	0.0	0.0	0.0	0.0	0.0	0.0	0.0	0.0	0.0
-5.275	0.0	0.0	0.0	0.0	0.0	0.0	0.0	0.0	0.0
-5.250	0.0	0.0	0.0	0.0	0.0	0.0	0.0	0.0	0.0
-5.226	0.0	0.0	0.0	0.0	0.0	0.0	0.0	0.0	0.0
-5.201	0.0	0.0	0.0	0.0	0.0	0.0	0.0	0.0	0.0
-5.176	0.0	0.0	0.0	0.0	0.0	0.0	0.0	0.0	0.0
-5.151	0.0	0.0	0.0	0.0	0.0	0.0	0.0	0.0	0.0
-5.127	0.0	0.0	0.0	0.0	0.0	0.0	0.0	0.0	0.0
-5.102	0.0	0.0	0.0	0.0	0.0	0.0	0.0	0.0	0.0
-5.077	0.0	0.0	0.0	0.0	0.0	0.0	0.0	0.0	0.0
-5.052	0.0	0.0	0.0	0.0	0.0	0.0	0.0	0.0	0.0
-5.028	0.0	0.0	0.0	0.0	0.0	0.0	0.0	0.0	0.0
-5.003	0.0	0.0	0.0	0.0	0.0	0.0	0.0	0.0	0.0
-4.978	0.0	0.0	0.0	0.0	0.0	0.0	0.0	0.0	0.0
-4.953	0.0	0.0	0.0	0.0	0.0	0.0	0.0	0.0	0.0
-4.929	0.0	0.0	0.0	0.0	0.0	0.0	0.0	0.0	0.0
-4.904	0.0	0.0	0.0	0.0	0.0	0.0	0.0	0.0	0.0
-4.879	0.0	0.0	0.0	0.0	0.0	0.0	0.0	0.0	0.0
-4.854	0.0	0.0	0.0	0.0	0.0	0.0	0.0	0.0	0.0
-4.829	0.0	0.0	0.0	0.0	0.0	0.0	0.0	0.0	0.0
-4.805	0.0	0.0	0.0	0.0	0.0	0.0	0.0	0.0	0.0
-4.780	0.0	0.0	0.0	0.0	0.0	0.0	0.0	0.0	0.0
-4.755	0.0	0.0	0.0	0.0	0.0	0.0	0.0	0.0	0.0
-4.730	0.0	0.0	0.0	0.0	0.0	0.0	0.0	0.0	0.0
-4.706	0.0	0.0	0.0	0.0	0.0	0.0	0.0	0.0	0.0
-4.681	0.0	0.0	0.0	0.0	0.0	0.0	0.0	0.0	0.0
-4.656	0.0	0.0	0.0	0.0	0.0	0.0	0.0	0.0	0.0
-4.631	0.0	0.0	0.0	0.0	0.0	0.0	0.0	0.0	0.0
-4.607	0.0	0.0	0.0	0.0	0.0	0.0	0.0	0.0	0.0
-4.582	0.0	0.0	0.0	0.0	0.0	0.0	0.0	0.0	0.0
-4.557	0.0	0.0	0.0	0.0	0.0	0.0	0.0	0.0	0.0
-4.532	0.0	0.0	0.0	0.0	0.0	0.0	0.0	0.0	0.0
-4.508	0.0	0.0	0.0	0.0	0.0	0.0	0.0	0.0	0.0
-4.483	0.0	0.0	0.0	0.0	0.0	0.0	0.0	0.0	0.0
-4.458	0.0	0.0	0.0	0.0	0.0	0.0	0.0	0.0	0.0
-4.433	0.0	0.0	0.0	0.0	0.0	0.0	0.0	0.0	0.0
-4.408	0.0	0.0	0.0	0.0	0.0	0.0	0.0	0.0	0.0
-4.384	0.0	0.0	0.0	0.0	0.0	0.0	0.0	0.0	0.0
-4.359	0.0	0.0	0.0	0.0	0.0	0.0	0.0	0.0	0.0
-4.334	0.0	0.0	0.0	0.0	0.0	0.0	0.0	0.0	0.0
-4.309	0.0	0.0	0.0	0.0	0.0	0.0	0.0	0.0	0.0
-4.285	0.0	0.0	0.0	0.0	0.0	0.0	0.0	0.0	0.0
-4.260	0.0	0.0	0.0	0.0	0.0	0.0	0.0	0.0	0.0
-4.235	0.0	0.0	0.0	0.0	0.0	0.0	0.0	0.0	0.0
-4.210	0.0	0.0	0.0	0.0	0.0	0.0	0.0	0.0	0.0
-4.186	0.0	0.0	0.0	0.0	0.0	0.0	0.0	0.0	0.0
-4.161	0.0	0.0	0.0	0.0	0.0	0.0	0.0	0.0	0.0
-4.136	0.0	0.0	0.0	0.0	0.0	0.0	0.0	0.0	0.0
-4.111	0.0	0.0	0.0	0.0	0.0	0.0	0.0	0.0	0.0
-4.087	0.0	0.0	0.0	0.0	0.0	0.0	0.0	0.0	0.0
-4.062	0.0	0.0	0.0	0.0	0.0	0.0	0.0	0.0	0.0
-4.037	0.0	0.0	0.0	0.0	0.0	0.0	0.0	0.0	0.0
-4.012	0.0	0.0	0.0	0.0	0.0	0.0	0.0	0.0	0.0
-3.987	0.0	0.0	0.0	0.0	0.0	0.0	0.0	0.0	0.0
-3.963	0.0	0.0	0.0	0.0	0.0	0.0	0.0	0.0	0.0
-3.938	0.0	0.0	0.0	0.0	0.0	0.0	0.0	0.0	0.0
-3.913	0.0	0.0	0.0	0.0	0.0	0.0	0.0	0.0	0.0
-3.888	0.0	0.0	0.0	0.0	0.0	0.0	0.0	0.0	0.0
-3.864	0.0	0.0	0.0	0.0	0.0	0.0	0.0	0.0	0.0
-3.839	0.0	0.0	0.0	0.0	0.0	0.0	0.0	0.0	0.0
-3.814	0.0	0.0	0.0	0.0	0.0	0.0	0.0	0.0	0.0
-3.789	0.0	0.0	0.0	0.0	0.0	0.0	0.0	0.0	0.0
-3.765	0.0	0.0	0.0	0.0	0.0	0.0	0.0	0.0	0.0
-3.740	0.0	0.0	0.0	0.0	0.0	0.0	0.0	0.0	0.0
-3.715	0.0	0.0	0.0	0.0	0.0	0.0	0.0	0.0	0.0
-3.690	0.0	0.0	0.0	0.0	0.0	0.0	0.0	0.0	0.0
-3.666	0.0	0.0	0.0	0.0	0.0	0.0	0.0	0.0	0.0
-3.641	0.0	0.0	0.0	0.0	0.0	0.0	0.0	0.0	0.0
-3.616	0.0	0.0	0.0	0.0	0.0	0.0	0.0	0.0	0.0
-3.591	0.0	0.0	0.0	0.0	0.0	0.0	0.0	0.0	0.0
-3.566	0.0	0.0	0.0	0.0	0.0	0.0	0.0	0.0	0.0
-3.542	0.0	0.0	0.0	0.0	0.0	0.0	0.0	0.0	0.0
-3.517	0.0	0.0	0.0	0.0	0.0	0.0	0.0	0.0	0.0
-3.492	0.0	0.0	0.0	0.0	0.0	0.0	0.0	0.0	0.0
-3.467	0.0	0.0	0.0	0.0	0.0	0.0	0.0	0.0	0.0
-3.443	0.0	0.0	0.0	0.0	0.0	0.0	0.0	0.0	0.0
-3.418	0.0	0.0	0.0	0.0	0.0	0.0	0.0	0.0	0.0
-3.393	0.0	0.0	0.0	0.0	0.0	0.0	0.0	0.0	0.0
-3.368	0.0	0.0	0.0	0.0	0.0	0.0	0.0	0.0	0.0
-3.344	0.0	0.0	0.0	0.0	0.0	0.0	0.0	0.0	0.0
-3.319	0.0	0.0	0.0	0.0	0.0	0.0	0.0	0.0	0.0
-3.294	0.0	0.0	0.0	0.0	0.0	0.0	0.0	0.0	0.0
-3.269	0.0	0.0	0.0	0.0	0.0	0.0	0.0	0.0	0.0
-3.245	0.0	0.0	0.0	0.0	0.0	0.0	0.0	0.0	0.0
-3.220	0.0	0.0	0.0	0.0	0.0	0.0	0.0	0.0	0.0
-3.195	0.0	0.0	0.0	0.0	0.0	0.0	0.0	0.0	0.0
-3.170	0.0	0.0	0.0	0.0	0.0	0.0	0.0	0.0	0.0
-3.145	0.0	0.0	0.0	0.0	0.0	0.0	0.0	0.0	0.0
-3.121	0.0	0.0	0.0	0.0	0.0	0.0	0.0	0.0	0.0
-3.096	0.0	0.0	0.0	0.0	0.0	0.0	0.0	0.0	0.0
-3.071	0.0	0.0	0.0	0.0	0.0	0.0	0.0	0.0	0.0
-3.046	0.0	0.0	0.0	0.0	0.0	0.0	0.0	0.0	0.0
-3.022	0.0	0.0	0.0	0.0	0.0	0.0	0.0	0.0	0.0
-2.997	0.0	0.0	0.0	0.0	0.0	0.0	0.0	0.0	0.0
-2.972	0.0	0.0	0.0	0.0	0.0	0.0	0.0	0.0	0.0
-2.947	0.0	0.0	0.0	0.0	0.0	0.0	0.0	0.0	0.0
-2.923	0.0	0.0	0.0	0.0	0.0	0.0	0.0	0.0	0.0
-2.898	0.0	0.0	0.0	0.0	0.0	0.0	0.0	0.0	0.0
-2.873	0.0	0.0	0.0	0.0	0.0	0.0	0.0	0.0	0.0
-2.848	0.0	0.0	0.0	0.0	0.0	0.0	0.0	0.0	0.0
-2.824	0.0	0.0	0.0	0.0	0.0	0.0	0.0	0.0	0.0
-2.799	0.0	0.0	0.0	0.0	0.0	0.0	0.0	0.0	0.0
-2.774	0.0	0.0	0.0	0.0	0.0	0.0	0.0	0.0	0.0
-2.749	0.0	0.0	0.0	0.0	0.0	0.0	0.0	0.0	0.0
-2.724	0.0	0.0	0.0	0.0	0.0	0.0	0.0	0.0	0.0
-2.700	0.0	0.0	0.0	0.0	0.0	0.0	0.0	0.0	0.0
-2.675	0.0	0.0	0.0	0.0	0.0	0.0	0.0	0.0	0.0
-2.650	0.0	0.0	0.0	0.0	0.0	0.0	0.0	0.0	0.0
-2.625	0.0	0.0	0.0	0.0	0.0	0.0	0.0	0.0	0.0
-2.601	0.0	0.0	0.0	0.0	0.0	0.0	0.0	0.0	0.0
-2.576	0.0	0.0	0.0	0.0	0.0	0.0	0.0	0.0	0.0
-2.551	0.0	0.0	0.0	0.0	0.0	0.0	0.0	0.0	0.0
-2.526	0.0	0.0	0.0	0.0	0.0	0.0	0.0	0.0	0.0
-2.502	0.0	0.0	0.0	0.0	0.0	0.0	0.0	0.0	0.0
-2.477	0.0	0.0	0.0	0.0	0.0	0.0	0.0	0.0	0.0
-2.452	0.0	0.0	0.0	0.0	0.0	0.0	0.0	0.0	0.0
-2.427	0.0	0.0	0.0	0.0	0.0	0.0	0.0	0.0	0.0
-2.403	0.0	0.0	0.0	0.0	0.0	0.0	0.0	0.0	0.0
-2.378	0.0	0.0	0.0	0.0	0.0	0.0	0.0	0.0	0.0
-2.353	0.0	0.0	0.0	0.0	0.0	0.0	0.0	0.0	0.0
-2.328	0.0	0.0	0.0	0.0	0.0	0.0	0.0	0.0	0.0
-2.303	0.0	0.0	0.0	0.0	0.0	0.0	0.0	0.0	0.0
-2.279	0.0	0.0	0.0	0.0	0.0	0.0	0.0	0.0	0.0
-2.254	0.0	0.0	0.0	0.0	0.0	0.0	0.0	0.0	0.0
-2.229	0.0	0.0	0.0	0.0	0.0	0.0	0.0	0.0	0.0
-2.204	0.0	0.0	0.0	0.0	0.0	0.0	0.0	0.0	0.0
-2.180	0.0	0.0	0.0	0.0	0.0	0.0	0.0	0.0	0.0
-2.155	0.0	0.0	0.0	0.0	0.0	0.0	0.0	0.0	0.0
-2.130	0.0	0.0	0.0	0.0	0.0	0.0	0.0	0.0	0.0
-2.105	0.0	0.0	0.0	0.0	0.0	0.0	0.0	0.0	0.0
-2.081	0.0	0.0	0.0	0.0	0.0	0.0	0.0	0.0	0.0
-2.056	0.0	0.0	0.0	0.0	0.0	0.0	0.0	0.0	0.0
-2.031	0.0	0.0	0.0	0.0	0.0	0.0	0.0	0.0	0.0
-2.006	0.0	0.0	0.0	0.0	0.0	0.0	0.0	0.0	0.0
-1.982	0.0	0.0	0.0	0.0	0.0	0.0	0.0	0.0	0.0
-1.957	0.0	0.0	0.0	0.0	0.0	0.0	0.0	0.0	0.0
-1.932	0.0	0.0	0.0	0.0	0.0	0.0	0.0	0.0	0.0
-1.907	0.0	0.0	0.0	0.0	0.0	0.0	0.0	0.0	0.0
-1.882	0.0	0.0	0.0	0.0	0.0	0.0	0.0	0.0	0.0
-1.858	0.0	0.0	0.0	0.0	0.0	0.0	0.0	0.0	0.0
-1.833	0.0	0.0	0.0	0.0	0.0	0.0	0.0	0.0	0.0
-1.808	0.0	0.0	0.0	0.0	0.0	0.0	0.0	0.0	0.0
-1.783	0.0	0.0	0.0	0.0	0.0	0.0	0.0	0.0	0.0
-1.759	0.0	0.0	0.0	0.0	0.0	0.0	0.0	0.0	0.0
-1.734	0.0	0.0	0.0	0.0	0.0	0.0	0.0	0.0	0.0
-1.709	0.0	0.0	0.0	0.0	0.0	0.0	0.0	0.0	0.0
-1.684	0.0	0.0	0.0	0.0	0.0	0.0	0.0	0.0	0.0
-1.660	0.0	0.0	0.0	0.0	0.0	0.0	0.0	0.0	0.0
-1.635	0.0	0.0	0.0	0.0	0.0	0.0	0.0	0.0	0.0
-1.610	0.0	0.0	0.0	0.0	0.0	0.0	0.0	0.0	0.0
-1.585	0.0	0.0	0.0	0.0	0.0	0.0	0.0	0.0	0.0
-1.561	0.0	0.0	0.0	0.0	0.0	0.0	0.0	0.0	0.0
-1.536	0.0	0.0	0.0	0.0	0.0	0.0	0.0	0.0	0.0
-1.511	0.0	0.0	0.0	0.0	0.0	0.0	0.0	0.0	0.0
-1.486	0.0	0.0	0.0	0.0	0.0	0.0	0.0	0.0	0.0
-1.461	0.0	0.0	0.0	0.0	0.0	0.0	0.0	0.0	0.0
-1.437	0.0	0.0	0.0	0.0	0.0	0.0	0.0	0.0	0.0
-1.412	0.0	0.0	0.0	0.0	0.0	0.0	0.0	0.0	0.0
-1.387	0.0	0.0	0.0	0.0	0.0	0.0	0.0	0.0	0.0
-1.362	0.0	0.0	0.0	0.0	0.0	0.0	0.0	0.0	0.0
-1.338	0.0	0.0	0.0	0.0	0.0	0.0	0.0	0.0	0.0
-1.313	0.0	0.0	0.0	0.0	0.0	0.0	0.0	0.0	0.0
-1.288	0.0	0.0	0.0	0.0	0.0	0.0	0.0	0.0	0.0
-1.263	0.0	0.0	0.0	0.0	0.0	0.0	0.0	0.0	0.0
-1.239	0.0	0.0	0.0	0.0	0.0	0.0	0.0	0.0	0.0
-1.214	0.0	0.0	0.0	0.0	0.0	0.0	0.0	0.0	0.0
-1.189	0.0	0.0	0.0	0.0	0.0	0.0	0.0	0.0	0.0
-1.164	0.0	0.0	0.0	0.0	0.0	0.0	0.0	0.0	0.0
-1.140	0.0	0.0	0.0	0.0	0.0	0.0	0.0	0.0	0.0
-1.115	0.0	0.0	0.0	0.0	0.0	0.0	0.0	0.0	0.0
-1.090	0.0	0.0	0.0	0.0	0.0	0.0	0.0	0.0	0.0
-1.065	0.0	0.0	0.0	0.0	0.0	0.0	0.0	0.0	0.0
-1.040	0.0	0.0	0.0	0.0	0.0	0.0	0.0	0.0	0.0
-1.016	0.0	0.0	0.0	0.0	0.0	0.0	0.0	0.0	0.0
-0.991	0.0	0.0	0.0	0.0	0.0	0.0	0.0	0.0	0.0
-0.966	0.0	0.0	0.0	0.0	0.0	0.0	0.0	0.0	0.0
-0.941	0.0	0.0	0.0	0.0	0.0	0.0	0.0	0.0	0.0
-0.917	0.0	0.0	0.0	0.0	0.0	0.0	0.0	0.0	0.0
-0.892	0.0	0.0	0.0	0.0	0.0	0.0	0.0	0.0	0.0
-0.867	0.0	0.0	0.0	0.0	0.0	0.0	0.0	0.0	0.0
-0.842	0.0	0.0	0.0	0.0	0.0	0.0	0.0	0.0	0.0
-0.818	0.0	0.0	0.0	0.0	0.0	0.0	0.0	0.0	0.0
-0.793	0.0	0.0	0.0	0.0	0.0	0.0	0.0	0.0	0.0
-0.768	0.0	0.0	0.0	0.0	0.0	0.0	0.0	0.0	0.0
-0.743	0.0	0.0	0.0	0.0	0.0	0.0	0.0	0.0	0.0
-0.719	0.0	0.0	0.0	0.0	0.0	0.0	0.0	0.0	0.0
-0.694	0.0	0.0	0.0	0.0	0.0	0.0	0.0	0.0	0.0
-0.669	0.0	0.0	0.0	0.0	0.0	0.0	0.0	0.0	0.0
-0.644	0.0	0.0	0.0	0.0	0.0	0.0	0.0	0.0	0.0
-0.619	0.0	0.0	0.0	0.0	0.0	0.0	0.0	0.0	0.0
-0.595	1.1048367470000002e-16	6.225602999999999e-17	4.673251e-17	6.1072823e-17	0.0	0.0	0.0	0.0	0.0
-0.570	1.823075372e-15	1.0272796e-15	7.710227e-16	1.00767115e-15	0.0	0.0	0.0	0.0	0.0
-0.545	2.81219286e-14	1.5844742000000003e-14	1.1893228999999998e-14	1.55438089e-14	0.0	0.0	0.0	0.0	0.0
-0.520	3.80104495e-13	2.1417118e-13	1.6074679999999997e-13	2.10090662e-13	0.0	0.0	0.0	0.0	0.0
-0.496	4.5544719200000005e-12	2.5665024999999994e-12	1.9262356e-12	2.5172635999999994e-12	0.0	0.0	0.0	0.0	0.0
-0.471	4.83192201e-11	2.7221578000000004e-11	2.043354e-11	2.6707619e-11	0.0	0.0	0.0	0.0	0.0
-0.446	4.53885185e-10	2.5573182e-10	1.9196912999999999e-10	2.5088219599999997e-10	0.0	0.0	0.0	0.0	0.0
-0.421	3.77449185e-09	2.1269689000000002e-09	1.5965225e-09	2.08660766e-09	0.0	0.0	0.0	0.0	0.0
-0.397	2.78019064e-08	1.5664144e-08	1.1757731e-08	1.5366496e-08	0.0	0.0	0.0	0.0	0.0
-0.372	1.813111132e-07	1.0215541e-07	7.668356e-08	1.00212483e-07	0.0	0.0	0.0	0.0	0.0
-0.347	1.0470031189999999e-06	5.899004e-07	4.4286350000000003e-07	5.7877798e-07	0.0	0.0	0.0	0.0	0.0
-0.322	5.353428059999999e-06	3.0169243e-06	2.264322e-06	2.9592830000000004e-06	0.0	0.0	0.0	0.0	0.0
-0.298	2.424575438e-05	1.3660582e-05	1.0253553000000001e-05	1.34012146e-05	0.0	0.0	0.0	0.0	0.0
-0.273	9.72303225e-05	5.478351e-05	4.112296e-05	5.3740598000000006e-05	0.0	0.0	0.0	0.0	0.0
-0.248	0.000345234858	0.00019455767999999998	0.00014603567	0.000190867415	0.0	0.0	0.0	0.0	0.0
-0.223	0.0010858196720000002	0.0006118874	0.00045929850000000003	0.0006001889200000001	0.0	0.0	0.0	0.0	0.0
-0.198	0.0030246151	0.0017042265999999999	0.0012791915999999998	0.0016718283499999999	0.0	0.0	0.0	0.0	0.0
-0.174	0.00746074535	0.004204075999999999	0.003155451	0.0041237031999999995	0.0	0.0	0.0	0.0	0.0
-0.149	0.01629793312	0.009184042000000002	0.00689342	0.009009989999999999	0.0	0.0	0.0	0.0	0.0
-0.124	0.0315338741	0.017767501999999998	0.013336397000000002	0.0174293783	0.0	0.0	0.0	0.0	0.0
-0.099	0.0540400729	0.030449749	0.02285139	0.029866100999999996	0.0	0.0	0.0	0.0	0.0
-0.075	0.0820039342	0.04620244	0.03467979	0.04531771400000001	0.0	0.0	0.0	0.0	0.0
-0.050	0.11022110060000001	0.062108699999999996	0.04662064999999999	0.060934213	0.0	0.0	0.0	0.0	0.0
-0.025	0.1312806639	0.07396016000000001	0.055516619999999996	0.072560785	0.0	0.0	0.0	0.0	0.0
-0.000	0.1385935605	0.07808838000000001	0.058623850000000005	0.07661483499999999	0.0	0.0	0.0	0.0	0.0
0.024	0.13001603469999998	0.07324173	0.05500481	0.07187522499999999	0.0	0.0	0.0	0.0	0.0
0.049	0.10917538	0.06146399	0.04619995	0.060385596	0.0	0.0	0.0	0.0	0.0
0.074	0.084005917	0.04718286	0.03559538	0.046540845	0.0	0.0	0.0	0.0	0.0
0.099	0.063210246	0.03527839	0.026873610000000006	0.03521986	0.0	0.0	0.0	0.0	0.0
0.123	0.05306787999999999	0.02919488	0.022679719	0.029956309999999996	0.0	0.0	0.0	0.0	0.0
0.148	0.055555179999999996	0.03000904	0.023851982000000004	0.03191858	0.0	0.0	0.0	0.0	0.0
0.173	0.06828872	0.03636504	0.029340823	0.039811490000000005	0.0	0.0	0.0	0.0	0.0
0.198	0.08545197	0.04509313	0.036640479999999996	0.05035209999999999	0.0	0.0	0.0	0.0	0.0
0.223	0.09978202000000001	0.052294799999999995	0.04265113000000001	0.05929990000000001	0.0	0.0	0.0	0.0	0.0
0.247	0.10518595	0.0547912	0.04479646999999999	0.0630227	0.0	0.0	0.0	0.0	0.0
0.272	0.09903023000000001	0.051302299999999995	0.042019992000000006	0.0598079	0.0	0.0	0.0	0.0	0.0
0.297	0.08314140000000002	0.042864610000000004	0.03514721	0.0506351	0.0	0.0	0.0	0.0	0.0
0.322	0.06249839	0.03223493	0.026362807000000002	0.0383931	0.0	0.0	0.0	0.0	0.0
0.346	0.04304232	0.022677089999999997	0.018271225999999998	0.02670098	0.0	0.0	0.0	0.0	0.0
0.371	0.029637111	0.017028190000000002	0.013164619999999998	0.01862566	0.0	0.0	0.0	0.0	0.0
0.396	0.025595120000000002	0.0175079	0.013009778000000001	0.01635608	0.0	0.0	0.0	0.0	0.0
0.421	0.033175159999999995	0.025884800000000003	0.019954609999999998	0.02145838	0.0	0.0	0.0	0.0	0.0
0.445	0.054069469999999994	0.043389899999999995	0.03669218	0.0351077	0.0	0.0	0.0	0.0	0.0
0.470	0.08883919	0.0699578	0.06597470999999999	0.057672100000000004	0.0	0.0	0.0	0.0	0.0
0.495	0.13550089999999998	0.10315849999999999	0.10897123	0.0877328	0.0	0.0	0.0	0.0	0.0
0.520	0.1882152	0.1377377	0.16297450000000002	0.12125269999999999	0.0	0.0	0.0	0.0	0.0
0.544	0.23778549999999998	0.16668129999999998	0.21993290000000004	0.1520298	0.0	0.0	0.0	0.0	0.0
0.569	0.2743288	0.18374620000000003	0.2676948	0.17361990000000002	0.0	0.0	0.0	0.0	0.0
0.594	0.2915945	0.18601500000000004	0.294318	0.18223439999999996	0.0	0.0	0.0	0.0	0.0
0.619	0.29022939999999997	0.175471	0.29344359999999997	0.17878280000000002	0.0	0.0	0.0	0.0	0.0
0.644	0.27776069999999997	0.158077	0.26796060000000005	0.1686261	0.0	0.0	0.0	0.0	0.0
0.668	0.2647374	0.141017	0.22846640999999998	0.1589786	0.0	0.0	0.0	0.0	0.0
0.693	0.2593309	0.12966700000000003	0.18795443	0.1553545	0.0	0.0	0.0	0.0	0.0
0.718	0.2631351	0.125791	0.15606799	0.1591979	0.0	0.0	0.0	0.0	0.0
0.743	0.2714027	0.127863	0.13619396	0.167796	0.0	0.0	0.0	0.0	0.0
0.767	0.276959	0.13319419999999998	0.12689540000000002	0.17632420000000001	0.0	0.0	0.0	0.0	0.0
0.792	0.274897	0.1399095	0.1251703	0.18048140000000001	0.0	0.0	0.0	0.0	0.0
0.817	0.265208	0.1476834	0.1289886	0.1782673	0.0	0.0	0.0	0.0	0.0
0.842	0.25153559999999997	0.15686460000000002	0.13742920000000003	0.17038410000000004	0.0	0.0	0.0	0.0	0.0
0.866	0.2378008	0.1667064	0.14916179999999998	0.15912	0.0	0.0	0.0	0.0	0.0
0.891	0.22523700000000002	0.1744898	0.16122479999999995	0.14669249999999998	0.0	0.0	0.0	0.0	0.0
0.916	0.211762	0.176318	0.1692706	0.1340591	0.0	0.0	0.0	0.0	0.0
0.941	0.1940316	0.1689619	0.16926049999999998	0.1207982	0.0	0.0	0.0	0.0	0.0
0.966	0.1698781	0.15170979999999998	0.15908439999999996	0.1060067	0.0	0.0	0.0	0.0	0.0
0.990	0.13998300000000002	0.12670079999999997	0.1394718	0.08915250000000001	0.0	0.0	0.0	0.0	0.0
1.015	0.1075078	0.09809369999999999	0.11351829999999999	0.0708161	0.0	0.0	0.0	0.0	0.0
1.040	0.0765978	0.07029619999999999	0.0855738	0.052544099999999996	0.0	0.0	0.0	0.0	0.0
1.065	0.0508279	0.0468369	0.060126	0.03621825	0.0	0.0	0.0	0.0	0.0
1.089	0.0324141	0.029775799999999998	0.040892200000000004	0.023464310000000002	0.0	0.0	0.0	0.0	0.0
1.114	0.02227235	0.01990964	0.030529840000000003	0.01522863	0.0	0.0	0.0	0.0	0.0
1.139	0.020471	0.017205039999999998	0.03064114	0.01173602	0.0	0.0	0.0	0.0	0.0
1.164	0.02649294	0.021093219999999996	0.04164642	0.012622389999999999	0.0	0.0	0.0	0.0	0.0
1.188	0.038968739999999995	0.030323260000000005	0.062162999999999996	0.017001719999999998	0.0	0.0	0.0	0.0	0.0
1.213	0.05518055000000001	0.04263649	0.0882016	0.023404950000000004	0.0	0.0	0.0	0.0	0.0
1.238	0.07111392999999999	0.05483682000000001	0.11334340000000001	0.029916750000000002	0.0	0.0	0.0	0.0	0.0
1.263	0.08279581	0.06375290000000002	0.1307947	0.034694840000000005	0.0	0.0	0.0	0.0	0.0
1.287	0.08839555	0.0679145	0.1366968	0.036854460000000006	0.0	0.0	0.0	0.0	0.0
1.312	0.08989830000000001	0.06877570000000001	0.1328404	0.03712612	0.0	0.0	0.0	0.0	0.0
1.337	0.0926921	0.07038429999999998	0.12624950000000001	0.03767489	0.0	0.0	0.0	0.0	0.0
1.362	0.1026078	0.0772208	0.1254258	0.040894490000000006	0.0	0.0	0.0	0.0	0.0
1.387	0.12189820000000003	0.09107330000000001	0.1349755	0.04779652	0.0	0.0	0.0	0.0	0.0
1.411	0.14674199999999998	0.1091553	0.15245170000000002	0.056973569999999994	0.0	0.0	0.0	0.0	0.0
1.436	0.1681726	0.12484529999999999	0.16914709999999997	0.06498382000000001	0.0	0.0	0.0	0.0	0.0
1.461	0.1764308	0.1308477	0.1749306	0.06802514999999999	0.0	0.0	0.0	0.0	0.0
1.486	0.16626390000000002	0.1232617	0.1638543	0.06405385999999999	0.0	0.0	0.0	0.0	0.0
1.510	0.13958439999999997	0.1034584	0.1372114	0.05375797	0.0	0.0	0.0	0.0	0.0
1.535	0.1040087	0.07708916999999998	0.10215789999999998	0.040051050000000005	0.0	0.0	0.0	0.0	0.0
1.560	0.06871680000000001	0.050938380000000005	0.0674551	0.026459049999999998	0.0	0.0	0.0	0.0	0.0
1.585	0.04022250000000001	0.02981074	0.03947816999999999	0.01548716	0.0	0.0	0.0	0.0	0.0
1.609	0.020852199999999998	0.015455489999999999	0.020466770000000002	0.008029567999999999	0.0	0.0	0.0	0.0	0.0
1.634	0.00957629	0.007097042999999999	0.009398599999999998	0.003686501	0.0	0.0	0.0	0.0	0.0
1.659	0.00389442	0.0028864069999999997	0.0038221320000000002	0.001499522	0.0	0.0	0.0	0.0	0.0
1.684	0.001402756	0.0010395250000000001	0.0013767050000000002	0.0005400740000000001	0.0	0.0	0.0	0.0	0.0
1.708	0.00044745	0.0003316195	0.0004391373999999999	0.0001722925	0.0	0.0	0.0	0.0	0.0
1.733	0.0001264068	9.368103000000002e-05	0.0001240487	4.8668169999999994e-05	0.0	0.0	0.0	0.0	0.0
1.758	3.1621199999999995e-05	2.343518e-05	3.103325e-05	1.2174204e-05	0.0	0.0	0.0	0.0	0.0
1.783	7.0047e-06	5.191492e-06	6.875021999999999e-06	2.6973129999999997e-06	0.0	0.0	0.0	0.0	0.0
1.808	1.374181e-06	1.0184642e-06	1.3487930000000001e-06	5.291442e-07	0.0	0.0	0.0	0.0	0.0
1.832	2.38723e-07	1.7692929999999999e-07	2.3429969999999997e-07	9.192201e-08	0.0	0.0	0.0	0.0	0.0
1.857	3.67253e-08	2.7219050000000003e-08	3.604492e-08	1.413997e-08	0.0	0.0	0.0	0.0	0.0
1.882	5.00254e-09	3.7080459999999998e-09	4.909308000000001e-09	1.926032e-09	0.0	0.0	0.0	0.0	0.0
1.907	6.033780000000001e-10	4.4716610000000007e-10	5.921995e-10	2.3232899999999998e-10	0.0	0.0	0.0	0.0	0.0
1.931	6.44372e-11	4.77637e-11	6.324071e-11	2.4812599999999998e-11	0.0	0.0	0.0	0.0	0.0
1.956	6.0943999999999996e-12	4.5163650000000004e-12	5.980273999999999e-12	2.346362e-12	0.0	0.0	0.0	0.0	0.0
1.981	5.10161e-13	3.7816110000000006e-13	5.007193000000001e-13	1.9645519999999998e-13	0.0	0.0	0.0	0.0	0.0
2.006	3.78699e-14	2.806644e-14	3.716687e-14	1.458019e-14	0.0	0.0	0.0	0.0	0.0
2.030	2.49677e-15	1.8506190000000003e-15	2.450538e-15	9.61456e-16	0.0	0.0	0.0	0.0	0.0
2.055	1.387034e-16	1.028083e-16	1.361365e-16	5.340896e-17	0.0	0.0	0.0	0.0	0.0
2.080	0.0	0.0	0.0	0.0	0.0	0.0	0.0	0.0	0.0
2.105	0.0	0.0	0.0	0.0	0.0	0.0	0.0	0.0	0.0
2.129	0.0	0.0	0.0	0.0	0.0	0.0	0.0	0.0	0.0
2.154	0.0	0.0	0.0	0.0	0.0	0.0	0.0	0.0	0.0
2.179	0.0	0.0	0.0	0.0	0.0	0.0	0.0	0.0	0.0
2.204	0.0	0.0	0.0	0.0	0.0	0.0	0.0	0.0	0.0
2.229	0.0	0.0	0.0	0.0	0.0	0.0	0.0	0.0	0.0
2.253	0.0	0.0	0.0	0.0	0.0	0.0	0.0	0.0	0.0
2.278	0.0	0.0	0.0	0.0	0.0	0.0	0.0	0.0	0.0
2.303	0.0	0.0	0.0	0.0	0.0	0.0	0.0	0.0	0.0
2.328	0.0	0.0	0.0	0.0	0.0	0.0	0.0	0.0	0.0
2.352	0.0	0.0	0.0	0.0	0.0	0.0	0.0	0.0	0.0
2.377	0.0	0.0	0.0	0.0	0.0	0.0	0.0	0.0	0.0
2.402	0.0	0.0	0.0	0.0	0.0	0.0	0.0	0.0	0.0
2.427	0.0	0.0	0.0	0.0	0.0	0.0	0.0	0.0	0.0
2.451	0.0	0.0	0.0	0.0	0.0	0.0	0.0	0.0	0.0
2.476	0.0	0.0	0.0	0.0	0.0	0.0	0.0	0.0	0.0
2.501	0.0	0.0	0.0	0.0	0.0	0.0	0.0	0.0	0.0
2.526	0.0	0.0	0.0	0.0	0.0	0.0	0.0	0.0	0.0
2.550	0.0	0.0	0.0	0.0	0.0	0.0	0.0	0.0	0.0
2.575	0.0	0.0	0.0	0.0	0.0	0.0	0.0	0.0	0.0
