-15.329555929999998	0.0	0.0	0.0	0.0	0.0	0.0	0.0	0.0	0.0
-15.30455593	0.0	0.0	0.0	0.0	0.0	0.0	0.0	0.0	0.0
-15.279555929999997	0.0	0.0	0.0	0.0	0.0	0.0	0.0	0.0	0.0
-15.25555593	0.0	0.0	0.0	0.0	0.0	0.0	0.0	0.0	0.0
-15.230555929999998	0.0	0.0	0.0	0.0	0.0	0.0	0.0	0.0	0.0
-15.20555593	0.0	0.0	0.0	0.0	0.0	0.0	0.0	0.0	0.0
-15.180555929999997	0.0	0.0	0.0	0.0	0.0	0.0	0.0	0.0	0.0
-15.15655593	0.0	0.0	0.0	0.0	0.0	0.0	0.0	0.0	0.0
-15.131555929999998	0.0	0.0	0.0	0.0	0.0	0.0	0.0	0.0	0.0
-15.106555929999999	0.0	0.0	0.0	0.0	0.0	0.0	0.0	0.0	0.0
-15.08155593	0.0	0.0	0.0	0.0	0.0	0.0	0.0	0.0	0.0
-15.05755593	0.0	0.0	0.0	0.0	0.0	0.0	0.0	0.0	0.0
-15.032555929999997	0.0	0.0	0.0	0.0	0.0	0.0	0.0	0.0	0.0
-15.007555929999999	0.0	0.0	0.0	0.0	0.0	0.0	0.0	0.0	0.0
-14.98255593	0.0	0.0	0.0	0.0	0.0	0.0	0.0	0.0	0.0
-14.957555929999998	0.0	0.0	0.0	0.0	0.0	0.0	0.0	0.0	0.0
-14.933555929999997	0.0	0.0	0.0	0.0	0.0	0.0	0.0	0.0	0.0
-14.908555929999999	0.0	0.0	0.0	0.0	0.0	0.0	0.0	0.0	0.0
-14.88355593	0.0	0.0	0.0	0.0	0.0	0.0	0.0	0.0	0.0
-14.858555929999998	0.0	0.0	0.0	0.0	0.0	0.0	0.0	0.0	0.0
-14.83455593	0.0	0.0	0.0	0.0	0.0	0.0	0.0	0.0	0.0
-14.809555929999998	0.0	0.0	0.0	0.0	0.0	0.0	0.0	0.0	0.0
-14.78455593	5.606260000000001e-15	8.438275e-17	7.729500538300001e-17	1.0565101000000002e-16	0.0	0.0	0.0	0.0	0.0
-14.759555929999998	1.009132e-13	1.5188882e-15	1.3912610969e-15	1.9016982e-15	0.0	0.0	0.0	0.0	0.0
-14.73555593	1.5277249999999997e-12	2.2993063e-14	2.1063021467e-14	2.8788252e-14	0.0	0.0	0.0	0.0	0.0
-14.710555929999998	2.062235e-11	3.103905e-13	2.843573198e-13	3.8856676e-13	0.0	0.0	0.0	0.0	0.0
-14.68555593	2.462942e-10	3.707124399999999e-12	3.3958022365000002e-12	4.6410623000000005e-12	0.0	0.0	0.0	0.0	0.0
-14.660555929999997	2.604482e-09	3.9198054e-11	3.5909902501000004e-11	4.9080146e-11	0.0	0.0	0.0	0.0	0.0
-14.63655593	2.438697e-08	3.6702819e-10	3.3626092342e-10	4.5952781000000003e-10	0.0	0.0	0.0	0.0	0.0
-14.611555929999998	2.021942e-07	3.0431608e-09	2.7876721941000003e-09	3.810195000000001e-09	0.0	0.0	0.0	0.0	0.0
-14.58655593	1.4841280000000003e-06	2.2340180000000005e-08	2.0464901425000002e-08	2.7971461999999998e-08	0.0	0.0	0.0	0.0	0.0
-14.561555929999997	9.64851e-06	1.4521724999999998e-07	1.33032709265e-07	1.8182378e-07	0.0	0.0	0.0	0.0	0.0
-14.536555929999999	5.55388e-05	8.358814999999999e-07	7.6585005333e-07	1.0467113e-06	0.0	0.0	0.0	0.0	0.0
-14.512555929999998	0.00028311359999999997	4.2616305e-06	3.9034842718e-06	5.335266099999999e-06	0.0	0.0	0.0	0.0	0.0
-14.48755593	0.0012778759999999998	1.9233101e-05	1.7621461227e-05	2.4081711000000004e-05	0.0	0.0	0.0	0.0	0.0
-14.462555929999997	0.005108670000000001	7.689035e-05	7.0440004905e-05	9.626421000000001e-05	0.0	0.0	0.0	0.0	0.0
-14.437555929999998	0.018083479999999996	0.00027218734	0.00024935271736	0.00034076126000000007	0.0	0.0	0.0	0.0	0.0
-14.413555929999998	0.0566936	0.000853259	0.0007816910544400002	0.0010682284	0.0	0.0	0.0	0.0	0.0
-14.388555929999999	0.15739749999999997	0.0023692187	0.0021701901511000004	0.0029659276	0.0	0.0	0.0	0.0	0.0
-14.36355593	0.38698000000000005	0.005825067999999999	0.0053361503716	0.007292620000000001	0.0	0.0	0.0	0.0	0.0
-14.338555929999998	0.8427640000000001	0.012683251999999999	0.011619610809200001	0.015880005000000003	0.0	0.0	0.0	0.0	0.0
-14.314555929999997	1.625343	0.024462778000000004	0.022411041561000003	0.030626332	0.0	0.0	0.0	0.0	0.0
-14.289555929999999	2.7761449999999996	0.04178536	0.03827748266600001	0.052313277000000005	0.0	0.0	0.0	0.0	0.0
-14.26455593	4.19963	0.06319941	0.05790140403200001	0.07913825799999999	0.0	0.0	0.0	0.0	0.0
-14.239555929999998	5.62648	0.08468252	0.077575505402	0.10602133999999999	0.0	0.0	0.0	0.0	0.0
-14.215555929999997	6.6764	0.10047895	0.09204570641	0.12580088	0.0	0.0	0.0	0.0	0.0
-14.190555929999999	7.01609	0.10560233	0.09674190673699999	0.13220488	0.0	0.0	0.0	0.0	0.0
-14.16555593	6.530539999999999	0.09828557999999998	0.09003960627	0.12305763	0.0	0.0	0.0	0.0	0.0
-14.140555929999998	5.3831500000000005	0.08102514999999999	0.07423690516900001	0.10144151	0.0	0.0	0.0	0.0	0.0
-14.11555593	3.93014	0.05914898999999999	0.05419320377399999	0.074064038	0.0	0.0	0.0	0.0	0.0
-14.091555929999998	2.5414660000000002	0.038253702	0.03504110244	0.047888925	0.0	0.0	0.0	0.0	0.0
-14.06655593	1.455379	0.021906587999999998	0.020069291398	0.027426359	0.0	0.0	0.0	0.0	0.0
-14.041555929999998	0.738191	0.011111105	0.0101779707088	0.013910041	0.0	0.0	0.0	0.0	0.0
-14.016555929999999	0.33160000000000006	0.004990423	0.0045719603184	0.0062489576	0.0	0.0	0.0	0.0	0.0
-13.992555929999998	0.1319188	0.0019854657	0.0018188581267	0.0024857801	0.0	0.0	0.0	0.0	0.0
-13.96755593	0.0464793	0.0006994115	0.00064083604463	0.0008757233999999999	0.0	0.0	0.0	0.0	0.0
-13.942555929999997	0.01450127	0.00021825219	0.00019993411391999998	0.00027324734000000006	0.0	0.0	0.0	0.0	0.0
-13.917555929999999	0.00400728	6.031113000000001e-05	5.5244003847000004e-05	7.550837e-05	0.0	0.0	0.0	0.0	0.0
-13.893555929999998	0.000980424	1.4757095000000003e-05	1.3519080941499999e-05	1.84752e-05	0.0	0.0	0.0	0.0	0.0
-13.86855593	0.00021247079999999998	3.197919e-06	2.929422204e-06	4.0038684000000005e-06	0.0	0.0	0.0	0.0	0.0
-13.843555929999997	4.0766399999999996e-05	6.135977000000001e-07	5.6213603915e-07	7.6829214e-07	0.0	0.0	0.0	0.0	0.0
-13.818555929999999	6.9273100000000004e-06	1.0426794e-07	9.5518406652e-08	1.3054527000000004e-07	0.0	0.0	0.0	0.0	0.0
-13.794555929999998	1.0422699999999998e-06	1.568953e-08	1.4372681000999998e-08	1.9642815e-08	0.0	0.0	0.0	0.0	0.0
-13.76955593	1.3889660000000003e-07	2.0904293e-09	1.9148471334e-09	2.6171291999999998e-09	0.0	0.0	0.0	0.0	0.0
-13.744555929999997	1.638595e-08	2.4661954e-10	2.2591841573e-10	3.0877343e-10	0.0	0.0	0.0	0.0	0.0
-13.719555929999999	1.7117219999999998e-09	2.5763033000000003e-11	2.3601451644000004e-11	3.225728e-11	0.0	0.0	0.0	0.0	0.0
-13.69455593	1.5832210000000003e-10	2.3827209e-12	2.1828831520000002e-12	2.9832948e-12	0.0	0.0	0.0	0.0	0.0
-13.670555929999999	1.296752e-11	1.9517348000000002e-13	1.7878051245e-13	2.4437127999999997e-13	0.0	0.0	0.0	0.0	0.0
-13.64555593	9.36234e-13	1.40914e-14	1.2909250899000002e-14	1.7642696e-14	0.0	0.0	0.0	0.0	0.0
-13.620555929999998	6.727540000000001e-14	1.0124743999999999e-15	9.276330645999999e-16	1.2677787000000001e-15	0.0	0.0	0.0	0.0	0.0
-13.59555593	0.0	0.0	0.0	0.0	0.0	0.0	0.0	0.0	0.0
-13.571555929999999	0.0	0.0	0.0	0.0	0.0	0.0	0.0	0.0	0.0
-13.54655593	0.0	0.0	0.0	0.0	0.0	0.0	0.0	0.0	0.0
-13.521555929999998	0.0	0.0	0.0	0.0	0.0	0.0	0.0	0.0	0.0
-13.49655593	0.0	0.0	0.0	0.0	0.0	0.0	0.0	0.0	0.0
-13.472555929999999	0.0	0.0	0.0	0.0	0.0	0.0	0.0	0.0	0.0
-13.44755593	0.0	0.0	0.0	0.0	0.0	0.0	0.0	0.0	0.0
-13.422555929999998	0.0	0.0	0.0	0.0	0.0	0.0	0.0	0.0	0.0
-13.39755593	0.0	0.0	0.0	0.0	0.0	0.0	0.0	0.0	0.0
-13.372555929999997	0.0	0.0	0.0	0.0	0.0	0.0	0.0	0.0	0.0
-13.34855593	1.140858e-14	3.385343e-16	2.4735791e-16	2.7200740000000003e-16	0.0	0.0	0.0	0.0	0.0
-13.323555929999998	1.8254660000000002e-13	5.4161195e-15	3.957332000000001e-15	4.3519867e-15	0.0	0.0	0.0	0.0	0.0
-13.29855593	2.706956e-12	8.031536e-14	5.868517e-14	6.4537389e-14	0.0	0.0	0.0	0.0	0.0
-13.27355593	3.5598320000000005e-11	1.0562505999999998e-12	7.718381000000002e-13	8.4877547e-13	0.0	0.0	0.0	0.0	0.0
-13.24955593	4.1455100000000004e-10	1.2299221999999999e-11	8.987085999999998e-12	9.8827111e-12	0.0	0.0	0.0	0.0	0.0
-13.224555929999998	4.2737e-09	1.2677722000000002e-10	9.264957e-11	1.0188635700000001e-10	0.0	0.0	0.0	0.0	0.0
-13.199555929999999	3.900516e-08	1.1574148000000001e-09	8.456942999999999e-10	9.299894699999999e-10	0.0	0.0	0.0	0.0	0.0
-13.17455593	3.1528960000000004e-07	9.354778999999999e-09	6.835593e-09	7.517241100000001e-09	0.0	0.0	0.0	0.0	0.0
-13.15055593	2.2564899999999996e-06	6.694072100000001e-08	4.892458e-08	5.3798539e-08	0.0	0.0	0.0	0.0	0.0
-13.125555929999997	1.430041e-05	4.2428997e-07	3.100391e-07	3.4093536999999997e-07	0.0	0.0	0.0	0.0	0.0
-13.100555929999999	8.02477e-05	2.3808262000000003e-06	1.7397873999999999e-06	1.9132666e-06	0.0	0.0	0.0	0.0	0.0
-13.07555593	0.000398769	1.1831631e-05	8.645794999999999e-06	9.5067287e-06	0.0	0.0	0.0	0.0	0.0
-13.05155593	0.001754858	5.2074113e-05	3.804446e-05	4.1840781e-05	0.0	0.0	0.0	0.0	0.0
-13.026555929999997	0.006839779999999999	0.00020290933000000001	0.00014827714000000003	0.00016305436999999997	0.0	0.0	0.0	0.0	0.0
-13.001555929999999	0.02360343	0.00070028522	0.0005117242	0.00056280036	0.0	0.0	0.0	0.0	0.0
-12.97655593	0.07213629999999999	0.0021402978	0.0015639389	0.0017199281	0.0	0.0	0.0	0.0	0.0
-12.951555929999998	0.19525299999999998	0.0057932957	0.0042329130000000005	0.0046558597	0.0	0.0	0.0	0.0	0.0
-12.92755593	0.46805700000000006	0.013888139	0.010147935	0.011159319000000001	0.0	0.0	0.0	0.0	0.0
-12.902555929999998	0.993683	0.029481891	0.021543287999999997	0.023692315	0.0	0.0	0.0	0.0	0.0
-12.87755593	1.868291	0.055433370999999995	0.04050155	0.044541278999999996	0.0	0.0	0.0	0.0	0.0
-12.852555929999998	3.111159	0.09231002	0.06744694	0.07417030299999999	0.0	0.0	0.0	0.0	0.0
-12.82855593	4.58771	0.13614103	0.09947389999999998	0.10939209899999999	0.0	0.0	0.0	0.0	0.0
-12.803555929999998	5.992909999999999	0.17781596000000002	0.12993065	0.142887498	0.0	0.0	0.0	0.0	0.0
-12.77855593	6.933389999999999	0.2057046	0.15031140999999998	0.1653017	0.0	0.0	0.0	0.0	0.0
-12.753555929999997	7.10394	0.21076866	0.15400511	0.16936173999999998	0.0	0.0	0.0	0.0	0.0
-12.72955593	6.446389999999999	0.19126061000000003	0.13974486	0.153694481	0.0	0.0	0.0	0.0	0.0
-12.704555929999998	5.18092	0.15371811999999999	0.11231979	0.12351073500000001	0.0	0.0	0.0	0.0	0.0
-12.67955593	3.687756	0.10940404999999999	0.07994501999999999	0.08792148	0.0	0.0	0.0	0.0	0.0
-12.654555929999997	2.32463	0.06896788499999999	0.050400570000000006	0.05542839299999999	0.0	0.0	0.0	0.0	0.0
-12.63055593	1.297915	0.038510776999999996	0.028139532999999998	0.03094576	0.0	0.0	0.0	0.0	0.0
-12.605555929999998	0.641838	0.019042001000000003	0.013914066000000001	0.015301620799999999	0.0	0.0	0.0	0.0	0.0
-12.58055593	0.2810767	0.008339616	0.006092990999999999	0.006701099599999998	0.0	0.0	0.0	0.0	0.0
-12.555555929999997	0.1089993	0.0032345453	0.0023633970999999998	0.0025990647999999997	0.0	0.0	0.0	0.0	0.0
-12.530555929999998	0.03743789	0.0011109486999999999	0.0008118052	0.0008928062799999999	0.0	0.0	0.0	0.0	0.0
-12.506555929999998	0.01138851	0.00033794682	0.00024693467	0.00027155621000000003	0.0	0.0	0.0	0.0	0.0
-12.481555929999999	0.0030681340000000006	9.103446e-05	6.651722999999999e-05	7.3148891e-05	0.0	0.0	0.0	0.0	0.0
-12.45655593	0.000731908	2.1716249000000005e-05	1.5868063999999996e-05	1.7450583e-05	0.0	0.0	0.0	0.0	0.0
-12.431555929999998	0.0001546321	4.5877205999999995e-06	3.35261e-06	3.6864362000000004e-06	0.0	0.0	0.0	0.0	0.0
-12.407555929999997	2.8926639999999998e-05	8.582618e-07	6.271259000000001e-07	6.8960195e-07	0.0	0.0	0.0	0.0	0.0
-12.382555929999999	4.791939999999999e-06	1.4216851999999999e-07	1.0388064e-07	1.1424347099999999e-07	0.0	0.0	0.0	0.0	0.0
-12.35755593	7.03012e-07	2.0856496999999995e-08	1.5238009000000003e-08	1.6759102e-08	0.0	0.0	0.0	0.0	0.0
-12.332555929999998	9.13017e-08	2.7088069e-09	1.9794407e-09	2.1768536e-09	0.0	0.0	0.0	0.0	0.0
-12.308555929999997	1.05004e-08	3.1151189e-10	2.2766528000000002e-10	2.5037361e-10	0.0	0.0	0.0	0.0	0.0
-12.283555929999999	1.069453e-09	3.1725182999999995e-11	2.3185614999999998e-11	2.5497347999999997e-11	0.0	0.0	0.0	0.0	0.0
-12.25855593	9.64297e-11	2.8610686999999997e-12	2.090685e-12	2.299083e-12	0.0	0.0	0.0	0.0	0.0
-12.233555929999998	7.695820000000002e-12	2.2832404000000006e-13	1.6683380999999996e-13	1.8347546999999999e-13	0.0	0.0	0.0	0.0	0.0
-12.20955593	5.476e-13	1.6247517e-14	1.1873208999999999e-14	1.30569788e-14	0.0	0.0	0.0	0.0	0.0
-12.184555929999998	3.422834e-14	1.0155433000000001e-15	7.420984000000002e-16	8.1599016e-16	0.0	0.0	0.0	0.0	0.0
-12.15955593	0.0	0.0	0.0	0.0	0.0	0.0	0.0	0.0	0.0
-12.134555929999998	0.0	0.0	0.0	0.0	0.0	0.0	0.0	0.0	0.0
-12.109555929999999	0.0	0.0	0.0	0.0	0.0	0.0	0.0	0.0	0.0
-12.085555929999998	0.0	0.0	0.0	0.0	0.0	0.0	0.0	0.0	0.0
-12.06055593	0.0	0.0	0.0	0.0	0.0	0.0	0.0	0.0	0.0
-12.035555929999997	0.0	0.0	0.0	0.0	0.0	0.0	0.0	0.0	0.0
-12.010555929999999	0.0	0.0	0.0	0.0	0.0	0.0	0.0	0.0	0.0
-11.986555929999998	0.0	0.0	0.0	0.0	0.0	0.0	0.0	0.0	0.0
-11.96155593	0.0	0.0	0.0	0.0	0.0	0.0	0.0	0.0	0.0
-11.936555929999997	0.0	0.0	0.0	0.0	0.0	0.0	0.0	0.0	0.0
-11.911555929999999	0.0	0.0	0.0	0.0	0.0	0.0	0.0	0.0	0.0
-11.887555929999998	0.0	0.0	0.0	0.0	0.0	0.0	0.0	0.0	0.0
-11.86255593	0.0	0.0	0.0	0.0	0.0	0.0	0.0	0.0	0.0
-11.837555929999997	0.0	0.0	0.0	0.0	0.0	0.0	0.0	0.0	0.0
-11.812555929999998	0.0	0.0	0.0	0.0	0.0	0.0	0.0	0.0	0.0
-11.788555929999998	0.0	0.0	0.0	0.0	0.0	0.0	0.0	0.0	0.0
-11.763555929999999	0.0	0.0	0.0	0.0	0.0	0.0	0.0	0.0	0.0
-11.73855593	0.0	0.0	0.0	0.0	0.0	0.0	0.0	0.0	0.0
-11.713555929999998	0.0	0.0	0.0	0.0	0.0	0.0	0.0	0.0	0.0
-11.68855593	0.0	0.0	0.0	0.0	0.0	0.0	0.0	0.0	0.0
-11.664555929999999	0.0	0.0	0.0	0.0	0.0	0.0	0.0	0.0	0.0
-11.63955593	0.0	0.0	0.0	0.0	0.0	0.0	0.0	0.0	0.0
-11.614555929999998	0.0	0.0	0.0	0.0	0.0	0.0	0.0	0.0	0.0
-11.58955593	0.0	0.0	0.0	0.0	0.0	0.0	0.0	0.0	0.0
-11.565555929999999	0.0	0.0	0.0	0.0	0.0	0.0	0.0	0.0	0.0
-11.54055593	0.0	0.0	0.0	0.0	0.0	0.0	0.0	0.0	0.0
-11.515555929999998	0.0	0.0	0.0	0.0	0.0	0.0	0.0	0.0	0.0
-11.49055593	0.0	0.0	0.0	0.0	0.0	0.0	0.0	0.0	0.0
-11.466555929999998	0.0	0.0	0.0	0.0	0.0	0.0	0.0	0.0	0.0
-11.44155593	0.0	0.0	0.0	0.0	0.0	0.0	0.0	0.0	0.0
-11.416555929999998	0.0	0.0	0.0	0.0	0.0	0.0	0.0	0.0	0.0
-11.391555929999999	0.0	0.0	0.0	0.0	0.0	0.0	0.0	0.0	0.0
-11.367555929999998	0.0	0.0	0.0	0.0	0.0	0.0	0.0	0.0	0.0
-11.34255593	2.8349942499999996e-15	1.10238204e-16	4.6688586525e-17	1.825604e-16	0.0	0.0	0.0	0.0	0.0
-11.317555929999997	2.83499425e-14	1.10238204e-15	4.6688586525e-16	1.825604e-15	0.0	0.0	0.0	0.0	0.0
-11.292555929999999	4.56437805e-13	1.7748595999999994e-14	7.5175949837e-15	2.938903e-14	0.0	0.0	0.0	0.0	0.0
-11.26755593	6.525364250000001e-12	2.537415899999999e-13	1.07484606346e-13	4.202733e-13	0.0	0.0	0.0	0.0	0.0
-11.24355593	8.235142210000001e-11	3.2025026e-12	1.3562412352999999e-12	5.302864e-12	0.0	0.0	0.0	0.0	0.0
-11.218555929999997	9.201134599999999e-10	3.5783695e-11	1.5153211176999997e-11	5.925743e-11	0.0	0.0	0.0	0.0	0.0
-11.193555929999999	9.1036799e-09	3.5393664e-10	1.4991211064e-10	5.861712000000001e-10	0.0	0.0	0.0	0.0	0.0
-11.16855593	7.97427068e-08	3.1009982e-09	1.3132414920000004e-09	5.135647e-09	0.0	0.0	0.0	0.0	0.0
-11.14455593	6.184535880000001e-07	2.405329e-08	1.0185643790899999e-08	3.983324e-08	0.0	0.0	0.0	0.0	0.0
-11.119555929999997	4.248099870000001e-06	1.6520095999999999e-07	6.9962578432e-08	2.7355769999999994e-07	0.0	0.0	0.0	0.0	0.0
-11.094555929999999	2.5837216e-05	1.00461769e-06	4.2542676103999993e-07	1.6637136999999998e-06	0.0	0.0	0.0	0.0	0.0
-11.06955593	0.000139132998	5.409847299999999e-06	2.2913864879e-06	8.959189e-06	0.0	0.0	0.0	0.0	0.0
-11.045555929999999	0.000663512042	2.5799604e-05	1.0927548148600002e-05	4.272416e-05	0.0	0.0	0.0	0.0	0.0
-11.02055593	0.0028022257699999997	0.00010896652000000001	4.615061608400001e-05	0.00018045759999999998	0.0	0.0	0.0	0.0	0.0
-10.995555929999998	0.010481528	0.00040755924999999997	0.00017260495140000002	0.0006749223	0.0	0.0	0.0	0.0	0.0
-10.97055593	0.0347081235	0.0013498300000000002	0.0005716532043899999	0.002235952	0.0	0.0	0.0	0.0	0.0
-10.946555929999999	0.101824806	0.0039591779	0.0016768875602000005	0.006556708999999999	0.0	0.0	0.0	0.0	0.0
-10.92155593	0.26450092399999997	0.0102855746	0.0043555915784	0.01703236	0.0	0.0	0.0	0.0	0.0
-10.896555929999998	0.608497802	0.023660768000000002	0.0100204275797	0.039190819999999994	0.0	0.0	0.0	0.0	0.0
-10.87155593	1.2397837999999999	0.048213268000000004	0.020418016396999996	0.07983244	0.0	0.0	0.0	0.0	0.0
-10.846555929999997	2.2371714799999998	0.08698849099999999	0.036840155436	0.14406513	0.0	0.0	0.0	0.0	0.0
-10.82255593	3.5750337599999997	0.13902149999999996	0.058878904015	0.23026169999999999	0.0	0.0	0.0	0.0	0.0
-10.797555929999998	5.060315170000001	0.1967592	0.08335023077199999	0.32588930000000005	0.0	0.0	0.0	0.0	0.0
-10.77255593	6.344539869999999	0.24674481	0.10451420870999999	0.4086314	0.0	0.0	0.0	0.0	0.0
-10.747555929999997	7.04771983	0.27394277	0.11614352519999999	0.45380149999999997	0.0	0.0	0.0	0.0	0.0
-10.72355593	6.9416044999999995	0.26963176999999994	0.11460032080000002	0.4469255	0.0	0.0	0.0	0.0	0.0
-10.698555929999998	6.080545819999999	0.23543344	0.1010630485	0.39151119999999995	0.0	0.0	0.0	0.0	0.0
-10.67355593	4.79103514	0.18345864	0.081528443	0.3083069	0.0	0.0	0.0	0.0	0.0
-10.64855593	3.5257938	0.12994655999999996	0.06468172400000001	0.22662590000000002	0.0	0.0	0.0	0.0	0.0
-10.62455593	2.6953895	0.08890587999999999	0.0590676958	0.1725905	0.0	0.0	0.0	0.0	0.0
-10.599555929999998	2.5500144999999996	0.0678626	0.0708761306	0.1622777	0.0	0.0	0.0	0.0	0.0
-10.574555929999999	3.1369316	0.06744598000000003	0.1019834649	0.1986258	0.0	0.0	0.0	0.0	0.0
-10.54955593	4.2912045	0.08273793999999998	0.1483393459	0.27112090000000005	0.0	0.0	0.0	0.0	0.0
-10.52555593	5.660625800000001	0.10510920000000001	0.19936298689999998	0.3573363	0.0	0.0	0.0	0.0	0.0
-10.500555929999997	6.7829325	0.12460639999999999	0.240182158	0.4282607	0.0	0.0	0.0	0.0	0.0
-10.475555929999999	7.2525407	0.13283590999999997	0.25712221949999997	0.45782829999999997	0.0	0.0	0.0	0.0	0.0
-10.45055593	6.880056999999999	0.12590998000000003	0.24410658229999999	0.4343843	0.0	0.0	0.0	0.0	0.0
-10.425555929999998	5.784420099999999	0.10582627	0.20521371569000002	0.3651353	0.0	0.0	0.0	0.0	0.0
-10.401555929999997	4.308123500000001	0.07880641	0.15283544374	0.2719708999999999	0.0	0.0	0.0	0.0	0.0
-10.376555929999999	2.8415205	0.05197995	0.10080679203000001	0.1793545	0.0	0.0	0.0	0.0	0.0
-10.35155593	1.6599036	0.030362570000000002	0.05888149454999999	0.10477204999999999	0.0	0.0	0.0	0.0	0.0
-10.326555929999998	0.8587937200000001	0.015710053999999994	0.030461931700000004	0.054210600000000005	0.0	0.0	0.0	0.0	0.0
-10.30255593	0.39349914	0.007197781999999999	0.01395919482	0.0248433	0.0	0.0	0.0	0.0	0.0
-10.277555929999998	0.15968292999999997	0.002920965	0.005665211361999999	0.010078820000000002	0.0	0.0	0.0	0.0	0.0
-10.25255593	0.05738910500000001	0.0010497516000000002	0.0020359664487	0.003623039	0.0	0.0	0.0	0.0	0.0
-10.227555929999998	0.018264553	0.00033411700000000004	0.0006480245701000001	0.0011528657	0.0	0.0	0.0	0.0	0.0
-10.20355593	0.005148471100000001	9.417891e-05	0.00018263471614000002	0.0003249278	0.0	0.0	0.0	0.0	0.0
-10.178555929999998	0.0012849344	2.3506401999999998e-05	4.5589299e-05	8.111474e-05	0.0	0.0	0.0	0.0	0.0
-10.15355593	0.00028404681000000005	5.195738999999999e-06	1.0077688201e-05	1.793045e-05	0.0	0.0	0.0	0.0	0.0
-10.128555929999997	5.560226399999999e-05	1.0170174e-06	1.9726052223000005e-06	3.5092560000000005e-06	0.0	0.0	0.0	0.0	0.0
-10.10455593	9.637649999999999e-06	1.762919e-07	3.419557225e-07	6.083047000000002e-07	0.0	0.0	0.0	0.0	0.0
-10.079555929999998	1.4793623e-06	2.706097e-08	5.247829188e-08	9.337427000000001e-08	0.0	0.0	0.0	0.0	0.0
-10.05455593	2.0105718e-07	3.677876e-09	7.1325709739999984e-09	1.2691962e-08	0.0	0.0	0.0	0.0	0.0
-10.029555929999997	2.4197233e-08	4.426286000000001e-10	8.583718579000001e-10	1.527328e-09	0.0	0.0	0.0	0.0	0.0
-10.004555929999999	2.5784052e-09	4.716531999999999e-11	9.147500813e-11	1.62758e-10	0.0	0.0	0.0	0.0	0.0
-9.980555929999998	2.4329923e-10	4.4503479999999996e-12	8.631631598e-12	1.535659e-11	0.0	0.0	0.0	0.0	0.0
-9.95555593	2.0322046e-11	3.7179e-13	7.209873005999999e-13	1.2827967999999997e-12	0.0	0.0	0.0	0.0	0.0
-9.930555929999997	1.5049221999999999e-12	2.753128e-14	5.339164226e-14	9.499117000000001e-14	0.0	0.0	0.0	0.0	0.0
-9.905555929999998	9.840025e-14	1.8001364e-15	3.4907434549999998e-15	6.211764999999999e-15	0.0	0.0	0.0	0.0	0.0
-9.881555929999998	5.7885367e-15	1.0588079999999999e-16	2.0535765560999998e-16	3.6537790000000007e-16	0.0	0.0	0.0	0.0	0.0
-9.856555929999999	0.0	0.0	0.0	0.0	0.0	0.0	0.0	0.0	0.0
-9.83155593	0.0	0.0	0.0	0.0	0.0	0.0	0.0	0.0	0.0
-9.806555929999998	0.0	0.0	0.0	0.0	0.0	0.0	0.0	0.0	0.0
-9.782555929999997	0.0	0.0	0.0	0.0	0.0	0.0	0.0	0.0	0.0
-9.757555929999999	0.0	0.0	0.0	0.0	0.0	0.0	0.0	0.0	0.0
-9.73255593	0.0	0.0	0.0	0.0	0.0	0.0	0.0	0.0	0.0
-9.707555929999998	0.0	0.0	0.0	0.0	0.0	0.0	0.0	0.0	0.0
-9.683555929999997	0.0	0.0	0.0	0.0	0.0	0.0	0.0	0.0	0.0
-9.658555929999999	0.0	0.0	0.0	0.0	0.0	0.0	0.0	0.0	0.0
-9.63355593	0.0	0.0	0.0	0.0	0.0	0.0	0.0	0.0	0.0
-9.608555929999998	0.0	0.0	0.0	0.0	0.0	0.0	0.0	0.0	0.0
-9.58355593	0.0	0.0	0.0	0.0	0.0	0.0	0.0	0.0	0.0
-9.559555929999998	0.0	0.0	0.0	0.0	0.0	0.0	0.0	0.0	0.0
-9.53455593	0.0	0.0	0.0	0.0	0.0	0.0	0.0	0.0	0.0
-9.509555929999998	0.0	0.0	0.0	0.0	0.0	0.0	0.0	0.0	0.0
-9.484555929999999	0.0	0.0	0.0	0.0	0.0	0.0	0.0	0.0	0.0
-9.460555929999998	0.0	0.0	0.0	0.0	0.0	0.0	0.0	0.0	0.0
-9.43555593	0.0	0.0	0.0	0.0	0.0	0.0	0.0	0.0	0.0
-9.410555929999997	0.0	0.0	0.0	0.0	0.0	0.0	0.0	0.0	0.0
-9.385555929999999	0.0	0.0	0.0	0.0	0.0	0.0	0.0	0.0	0.0
-9.361555929999998	0.0	0.0	0.0	0.0	0.0	0.0	0.0	0.0	0.0
-9.33655593	0.0	0.0	0.0	0.0	0.0	0.0	0.0	0.0	0.0
-9.311555929999997	0.0	0.0	0.0	0.0	0.0	0.0	0.0	0.0	0.0
-9.286555929999999	0.0	0.0	0.0	0.0	0.0	0.0	0.0	0.0	0.0
-9.262555929999998	0.0	0.0	0.0	0.0	0.0	0.0	0.0	0.0	0.0
-9.23755593	0.0	0.0	0.0	0.0	0.0	0.0	0.0	0.0	0.0
-9.212555929999997	0.0	0.0	0.0	0.0	0.0	0.0	0.0	0.0	0.0
-9.187555929999998	0.0	0.0	0.0	0.0	0.0	0.0	0.0	0.0	0.0
-9.16255593	0.0	0.0	0.0	0.0	0.0	0.0	0.0	0.0	0.0
-9.138555929999999	0.0	0.0	0.0	0.0	0.0	0.0	0.0	0.0	0.0
-9.11355593	0.0	0.0	0.0	0.0	0.0	0.0	0.0	0.0	0.0
-9.088555929999998	0.0	0.0	0.0	0.0	0.0	0.0	0.0	0.0	0.0
-9.06355593	0.0	0.0	0.0	0.0	0.0	0.0	0.0	0.0	0.0
-9.039555929999999	0.0	0.0	0.0	0.0	0.0	0.0	0.0	0.0	0.0
-9.01455593	0.0	0.0	0.0	0.0	0.0	0.0	0.0	0.0	0.0
-8.989555929999998	0.0	0.0	0.0	0.0	0.0	0.0	0.0	0.0	0.0
-8.96455593	0.0	0.0	0.0	0.0	0.0	0.0	0.0	0.0	0.0
-8.940555929999999	0.0	0.0	0.0	0.0	0.0	0.0	0.0	0.0	0.0
-8.91555593	0.0	0.0	0.0	0.0	0.0	0.0	0.0	0.0	0.0
-8.890555930000001	0.0	0.0	0.0	0.0	0.0	0.0	0.0	0.0	0.0
-8.86555593	7.921630000000001e-15	1.0390136e-15	3.9518853e-16	4.263155639000001e-16	0.0	0.0	0.0	0.0	0.0
-8.841555929999998	1.3202680000000001e-13	1.7318177000000002e-14	6.5864752e-15	7.105444365e-15	0.0	0.0	0.0	0.0	0.0
-8.81655593	1.99355e-12	2.6149011999999996e-13	9.945665000000001e-14	1.0729516158000001e-13	0.0	0.0	0.0	0.0	0.0
-8.791555930000001	2.6476100000000003e-11	3.4728277e-12	1.3208303e-12	1.424865416e-12	0.0	0.0	0.0	0.0	0.0
-8.766555929999999	3.1157e-10	4.0869638999999995e-11	1.5543289e-11	1.676659931e-11	0.0	0.0	0.0	0.0	0.0
-8.74155593	3.24604e-09	4.2575304e-10	1.6194341e-10	1.746946091e-10	0.0	0.0	0.0	0.0	0.0
-8.71755593	2.9944899999999996e-08	3.9275587000000004e-09	1.4938267e-09	1.611520576e-09	0.0	0.0	0.0	0.0	0.0
-8.692555930000001	2.446e-07	3.2084392e-08	1.2201610999999999e-08	1.3163683239999999e-08	0.0	0.0	0.0	0.0	0.0
-8.667555929999999	1.76913e-06	2.3206231e-07	8.826838400000001e-08	9.520905127000001e-08	0.0	0.0	0.0	0.0	0.0
-8.64255593	1.133081e-05	1.4862499e-06	5.652889500000001e-07	6.098202105000001e-07	0.0	0.0	0.0	0.0	0.0
-8.61855593	6.42569e-05	8.428672000000001e-06	3.20607e-06	3.458743552e-06	0.0	0.0	0.0	0.0	0.0
-8.59355593	0.000322757	4.2334268e-05	1.6101091e-05	1.736913783e-05	0.0	0.0	0.0	0.0	0.0
-8.568555929999999	0.0014354039999999997	0.00018826670999999998	7.1605779e-05	7.724481594e-05	0.0	0.0	0.0	0.0	0.0
-8.54355593	0.005652749999999999	0.0007415584000000002	0.00028201427	0.0003041936697	0.0	0.0	0.0	0.0	0.0
-8.51955593	0.019716700000000004	0.0025861979999999996	0.0009836674999999999	0.0010610721057000001	0.0	0.0	0.0	0.0	0.0
-8.49455593	0.06090020000000001	0.007987836	0.0030381583	0.003277419098	0.0	0.0	0.0	0.0	0.0
-8.469555929999999	0.166599	0.021850090999999995	0.008311115199999998	0.008965689653	0.0	0.0	0.0	0.0	0.0
-8.44455593	0.4035560000000001	0.052935249	0.020134328999999996	0.021720040540000003	0.0	0.0	0.0	0.0	0.0
-8.420555929999999	0.86587	0.11357528	0.04319764200000001	0.04659342978	0.0	0.0	0.0	0.0	0.0
-8.39555593	1.645337	0.21580796	0.08208087099999999	0.08854288558000001	0.0	0.0	0.0	0.0	0.0
-8.370555929999998	2.76879	0.36317019	0.13813134999999999	0.14901147720000002	0.0	0.0	0.0	0.0	0.0
-8.34555593	4.12691	0.54125342	0.20587253999999997	0.2220852396	0.0	0.0	0.0	0.0	0.0
-8.320555930000001	5.44704	0.7145008000000002	0.27177555000000003	0.2932069302	0.0	0.0	0.0	0.0	0.0
-8.29655593	6.368609999999999	0.8353726	0.31771621	0.3427556526	0.0	0.0	0.0	0.0	0.0
-8.271555929999998	6.594670000000001	0.864862	0.32897548	0.3549334229	0.0	0.0	0.0	0.0	0.0
-8.24655593	6.04711	0.7932276	0.30169112	0.3254547078	0.0	0.0	0.0	0.0	0.0
-8.221555930000001	4.911169999999999	0.6442317	0.24503974	0.26433250560000005	0.0	0.0	0.0	0.0	0.0
-8.19755593	3.5332600000000007	0.46338937	0.17625290999999998	0.19014030229999998	0.0	0.0	0.0	0.0	0.0
-8.172555929999998	2.25088	0.29523486	0.11229928999999998	0.12113846340000001	0.0	0.0	0.0	0.0	0.0
-8.14755593	1.270178	0.16659564	0.06335783100000002	0.06836135434999999	0.0	0.0	0.0	0.0	0.0
-8.12255593	0.6347100000000001	0.08326316	0.031662635999999994	0.034160880160000004	0.0	0.0	0.0	0.0	0.0
-8.09855593	0.28089600000000003	0.036845437	0.014013176000000002	0.015116765900000002	0.0	0.0	0.0	0.0	0.0
-8.073555930000001	0.11010890000000001	0.01444134	0.005493095599999999	0.005925452758	0.0	0.0	0.0	0.0	0.0
-8.04855593	0.0382197	0.0050131927	0.0019065866	0.002056892156	0.0	0.0	0.0	0.0	0.0
-8.02355593	0.0117495	0.0015411202000000003	0.0005861364700000001	0.0006323571197000001	0.0	0.0	0.0	0.0	0.0
-7.9995559300000005	0.0031985499999999997	0.00041954974	0.00015956797000000003	0.0001721379769	0.0	0.0	0.0	0.0	0.0
-7.97455593	0.000771157	0.00010114459	3.8472935000000005e-05	4.150128042e-05	0.0	0.0	0.0	0.0	0.0
-7.94955593	0.00016463729999999997	2.159514e-05	8.213240700000002e-06	8.861530562999998e-06	0.0	0.0	0.0	0.0	0.0
-7.9245559299999995	3.11251e-05	4.0832096e-06	1.5529349e-06	1.6751757300000001e-06	0.0	0.0	0.0	0.0	0.0
-7.899555929999999	5.210920000000001e-06	6.834816e-07	2.5997897e-07	2.804534894e-07	0.0	0.0	0.0	0.0	0.0
-7.87555593	7.7253e-07	1.0133095e-07	3.8540312000000006e-08	4.158082949e-08	0.0	0.0	0.0	0.0	0.0
-7.85055593	1.0141150000000001e-07	1.3301076e-08	5.0587941e-09	5.458191258999999e-09	0.0	0.0	0.0	0.0	0.0
-7.825555929999999	1.178863e-08	1.546203e-09	5.880657299999999e-10	6.343872915e-10	0.0	0.0	0.0	0.0	0.0
-7.800555929999999	1.2131890000000001e-09	1.591287e-10	6.0527589e-11	6.529272873e-11	0.0	0.0	0.0	0.0	0.0
-7.77655593	1.105612e-10	1.4501804e-11	5.5172062999999996e-12	5.9517662000000004e-12	0.0	0.0	0.0	0.0	0.0
-7.751555929999999	9.08898e-12	1.1859529000000003e-12	4.711672599999999e-13	4.989248e-13	0.0	0.0	0.0	0.0	0.0
-7.726555929999999	3.0774299999999997e-12	3.1103780000000005e-13	4.177356e-13	3.127312e-13	0.0	0.0	0.0	0.0	0.0
-7.7015559300000005	3.199716e-11	2.9847144899999998e-12	5.050907899999999e-12	3.6454566e-12	0.0	0.0	0.0	0.0	0.0
-7.67755593	3.699752e-10	3.449895306e-11	5.845449499999999e-11	4.2185437e-11	0.0	0.0	0.0	0.0	0.0
-7.652555929999999	3.7922840000000005e-09	3.535657349e-10	5.9926284e-10	4.323854600000001e-10	0.0	0.0	0.0	0.0	0.0
-7.627555929999999	3.441949e-08	3.20921593e-09	5.4383341999999995e-09	3.9243545e-09	0.0	0.0	0.0	0.0	0.0
-7.60255593	2.766215e-07	2.579598357e-08	4.371159300000001e-08	3.15379622e-08	0.0	0.0	0.0	0.0	0.0
-7.578555929999999	1.968263e-06	1.835380064e-07	3.1102557999999995e-07	2.2441885700000003e-07	0.0	0.0	0.0	0.0	0.0
-7.553555929999999	1.2403400000000002e-05	1.156554154e-06	1.95989163e-06	1.41410481e-06	0.0	0.0	0.0	0.0	0.0
-7.5285559300000005	6.920588e-05	6.45364966e-06	1.0936305700000002e-05	7.8902052e-06	0.0	0.0	0.0	0.0	0.0
-7.50355593	0.0003419584	3.1889550709999995e-05	5.4039567999999996e-05	3.8992268e-05	0.0	0.0	0.0	0.0	0.0
-7.47855593	0.0014964020000000002	0.00013952901259999998	0.000236452986	0.000170595148	0.0	0.0	0.0	0.0	0.0
-7.454555929999999	0.005798302	0.000540656121	0.00091623796	0.00066108398	0.0	0.0	0.0	0.0	0.0
-7.42955593	0.019896749999999998	0.0018552238199999998	0.0031434261000000004	0.00226847324	0.0	0.0	0.0	0.0	0.0
-7.40455593	0.06046966	0.00563759036	0.0095545073	0.0068936697000000005	0.0	0.0	0.0	0.0	0.0
-7.3795559299999995	0.1627363	0.01517364069	0.025714792000000004	0.0185534271	0.0	0.0	0.0	0.0	0.0
-7.35555593	0.3878659	0.036162514800000004	0.061285888999999996	0.044225683	0.0	0.0	0.0	0.0	0.0
-7.33055593	0.8188161999999999	0.07633736479999999	0.12937627	0.09334513199999998	0.0	0.0	0.0	0.0	0.0
-7.30555593	1.5307939999999998	0.1427234216	0.241867303	0.17452315699999998	0.0	0.0	0.0	0.0	0.0
-7.280555929999999	2.53444	0.2363096349	0.40046297000000003	0.28898389199999996	0.0	0.0	0.0	0.0	0.0
-7.25655593	3.716531	0.34651865499999995	0.58722106	0.42371131999999995	0.0	0.0	0.0	0.0	0.0
-7.23155593	4.827403	0.450048836	0.7626464000000001	0.55034862	0.0	0.0	0.0	0.0	0.0
-7.2065559299999995	5.552281000000001	0.517727837	0.8773497	0.63300891	0.0	0.0	0.0	0.0	0.0
-7.181555929999999	5.656306000000001	0.527449484	0.8937691600000001	0.6448515400000001	0.0	0.0	0.0	0.0	0.0
-7.15755593	5.103088000000001	0.47586681900000005	0.8064357500000001	0.58188869	0.0	0.0	0.0	0.0	0.0
-7.13255593	4.078549	0.38028774	0.64444495	0.46495006000000005	0.0	0.0	0.0	0.0	0.0
-7.107555929999999	2.8865570000000003	0.26918309720000005	0.4560632	0.329125402	0.0	0.0	0.0	0.0	0.0
-7.082555929999999	1.8093939999999997	0.16871526469999998	0.28590257	0.20627593500000002	0.0	0.0	0.0	0.0	0.0
-7.05755593	1.004445	0.09366112350000001	0.158720367	0.114512447	0.0	0.0	0.0	0.0	0.0
-7.0335559299999995	0.4939006000000001	0.04605000859999999	0.07803570100000001	0.056303466999999996	0.0	0.0	0.0	0.0	0.0
-7.008555929999999	0.21504530000000002	0.020051686409999995	0.033979753	0.024517188099999997	0.0	0.0	0.0	0.0	0.0
-6.9835559300000005	0.08292728	0.007732812760000001	0.0131034457	0.0094552015	0.0	0.0	0.0	0.0	0.0
-6.95855593	0.028322069999999998	0.0026409599299999998	0.004475498499999999	0.00322888431	0.0	0.0	0.0	0.0	0.0
-6.934555929999999	0.008566889000000001	0.0007987532469999999	0.0013536273	0.00097654941	0.0	0.0	0.0	0.0	0.0
-6.909555929999999	0.002294483	0.00021394532189999998	0.00036259784000000004	0.000261599435	0.0	0.0	0.0	0.0	0.0
-6.88455593	0.0005441971	5.074893079999999e-05	8.599427000000001e-05	6.205190599999999e-05	0.0	0.0	0.0	0.0	0.0
-6.85955593	0.0001143095	1.0660229989999999e-05	1.80641847e-05	1.3033775500000002e-05	0.0	0.0	0.0	0.0	0.0
-6.835555929999999	2.1265369999999996e-05	1.982817479e-06	3.3605337999999996e-06	2.42445935e-06	0.0	0.0	0.0	0.0	0.0
-6.8105559300000005	3.502715e-06	3.2655497890000006e-07	5.534037e-07	3.9932684000000004e-07	0.0	0.0	0.0	0.0	0.0
-6.78555593	5.109083e-07	4.7635039e-08	8.0720729e-08	5.8242481000000004e-08	0.0	0.0	0.0	0.0	0.0
-6.76055593	6.598013000000001e-08	6.15179481e-09	1.04263123e-08	7.5220161e-09	0.0	0.0	0.0	0.0	0.0
-6.736555929999999	7.545385e-09	7.035787589999999e-10	1.19230653e-09	8.6027709e-10	0.0	0.0	0.0	0.0	0.0
-6.71155593	7.639729999999998e-10	7.12381584e-11	1.2072046300000001e-10	8.711705900000001e-11	0.0	0.0	0.0	0.0	0.0
-6.68655593	6.84995e-11	6.38679647e-12	1.08243452e-11	7.810187e-12	0.0	0.0	0.0	0.0	0.0
-6.66155593	5.4333310000000004e-12	5.06593495e-13	8.584890400000001e-13	6.195058300000001e-13	0.0	0.0	0.0	0.0	0.0
-6.636555929999999	3.8226980000000003e-13	3.5643932299999996e-14	6.0402803e-14	4.3584605e-14	0.0	0.0	0.0	0.0	0.0
-6.61255593	2.7305250000000002e-14	2.545977763e-15	4.3144941e-15	3.1130051e-15	0.0	0.0	0.0	0.0	0.0
-6.58755593	0.0	0.0	0.0	0.0	0.0	0.0	0.0	0.0	0.0
-6.562555929999999	0.0	0.0	0.0	0.0	0.0	0.0	0.0	0.0	0.0
-6.537555929999999	0.0	0.0	0.0	0.0	0.0	0.0	0.0	0.0	0.0
-6.51355593	0.0	0.0	0.0	0.0	0.0	0.0	0.0	0.0	0.0
-6.4885559299999995	0.0	0.0	0.0	0.0	0.0	0.0	0.0	0.0	0.0
-6.463555929999999	0.0	0.0	0.0	0.0	0.0	0.0	0.0	0.0	0.0
-6.438555929999999	0.0	0.0	0.0	0.0	0.0	0.0	0.0	0.0	0.0
-6.41455593	0.0	0.0	0.0	0.0	0.0	0.0	0.0	0.0	0.0
-6.389555929999999	0.0	0.0	0.0	0.0	0.0	0.0	0.0	0.0	0.0
-6.364555929999999	0.0	0.0	0.0	0.0	0.0	0.0	0.0	0.0	0.0
-6.33955593	0.0	0.0	0.0	0.0	0.0	0.0	0.0	0.0	0.0
-6.31455593	0.0	0.0	0.0	0.0	0.0	0.0	0.0	0.0	0.0
-6.290555929999999	0.0	0.0	0.0	0.0	0.0	0.0	0.0	0.0	0.0
-6.2655559300000006	0.0	0.0	0.0	0.0	0.0	0.0	0.0	0.0	0.0
-6.24055593	0.0	0.0	0.0	0.0	0.0	0.0	0.0	0.0	0.0
-6.21555593	0.0	0.0	0.0	0.0	0.0	0.0	0.0	0.0	0.0
-6.191555929999999	0.0	0.0	0.0	0.0	0.0	0.0	0.0	0.0	0.0
-6.16655593	0.0	0.0	0.0	0.0	0.0	0.0	0.0	0.0	0.0
-6.14155593	0.0	0.0	0.0	0.0	0.0	0.0	0.0	0.0	0.0
-6.11655593	0.0	0.0	0.0	0.0	0.0	0.0	0.0	0.0	0.0
-6.0925559300000005	0.0	0.0	0.0	0.0	0.0	0.0	0.0	0.0	0.0
-6.06755593	0.0	0.0	0.0	0.0	0.0	0.0	0.0	0.0	0.0
-6.04255593	0.0	0.0	0.0	0.0	0.0	0.0	0.0	0.0	0.0
-6.017555929999999	0.0	0.0	0.0	0.0	0.0	0.0	0.0	0.0	0.0
-5.99355593	0.0	0.0	0.0	0.0	0.0	0.0	0.0	0.0	0.0
-5.96855593	0.0	0.0	0.0	0.0	0.0	0.0	0.0	0.0	0.0
-5.94355593	0.0	0.0	0.0	0.0	0.0	0.0	0.0	0.0	0.0
-5.918555929999999	0.0	0.0	0.0	0.0	0.0	0.0	0.0	0.0	0.0
-5.893555929999999	0.0	0.0	0.0	0.0	0.0	0.0	0.0	0.0	0.0
-5.86955593	0.0	0.0	0.0	0.0	0.0	0.0	0.0	0.0	0.0
-5.844555929999999	0.0	0.0	0.0	0.0	0.0	0.0	0.0	0.0	0.0
-5.819555929999999	0.0	0.0	0.0	0.0	0.0	0.0	0.0	0.0	0.0
-5.7945559300000005	0.0	0.0	0.0	0.0	0.0	0.0	0.0	0.0	0.0
-5.77055593	0.0	0.0	0.0	0.0	0.0	0.0	0.0	0.0	0.0
-5.745555929999999	0.0	0.0	0.0	0.0	0.0	0.0	0.0	0.0	0.0
-5.720555929999999	0.0	0.0	0.0	0.0	0.0	0.0	0.0	0.0	0.0
-5.69555593	0.0	0.0	0.0	0.0	0.0	0.0	0.0	0.0	0.0
-5.671555929999999	0.0	0.0	0.0	0.0	0.0	0.0	0.0	0.0	0.0
-5.646555929999999	0.0	0.0	0.0	0.0	0.0	0.0	0.0	0.0	0.0
-5.62155593	0.0	0.0	0.0	0.0	0.0	0.0	0.0	0.0	0.0
-5.59655593	0.0	0.0	0.0	0.0	0.0	0.0	0.0	0.0	0.0
-5.572555929999999	0.0	0.0	0.0	0.0	0.0	0.0	0.0	0.0	0.0
-5.547555929999999	0.0	0.0	0.0	0.0	0.0	0.0	0.0	0.0	0.0
-5.52255593	0.0	0.0	0.0	0.0	0.0	0.0	0.0	0.0	0.0
-5.49755593	0.0	0.0	0.0	0.0	0.0	0.0	0.0	0.0	0.0
-5.4725559299999995	0.0	0.0	0.0	0.0	0.0	0.0	0.0	0.0	0.0
-5.44855593	0.0	0.0	0.0	0.0	0.0	0.0	0.0	0.0	0.0
-5.42355593	0.0	0.0	0.0	0.0	0.0	0.0	0.0	0.0	0.0
-5.39855593	0.0	0.0	0.0	0.0	0.0	0.0	0.0	0.0	0.0
-5.373555929999999	0.0	0.0	0.0	0.0	0.0	0.0	0.0	0.0	0.0
-5.34955593	0.0	0.0	0.0	0.0	0.0	0.0	0.0	0.0	0.0
-5.32455593	0.0	0.0	0.0	0.0	0.0	0.0	0.0	0.0	0.0
-5.2995559299999995	5.592919700000001e-15	2.76117741e-15	2.3209328000000003e-15	3.0397269999999995e-15	0.0	0.0	0.0	0.0	0.0
-5.274555929999999	9.1709907e-14	4.5277043099999996e-14	3.8060418400000004e-14	4.984794e-14	0.0	0.0	0.0	0.0	0.0
-5.25055593	1.34555785e-12	6.643113099999999e-13	5.58440538e-13	7.312875e-13	0.0	0.0	0.0	0.0	0.0
-5.22555593	1.7496010099999998e-11	8.6376968e-12	7.2610534399999995e-12	9.508481999999999e-12	0.0	0.0	0.0	0.0	0.0
-5.200555929999999	2.01508069e-10	9.947372000000001e-11	8.36151771e-11	1.094944e-10	0.0	0.0	0.0	0.0	0.0
-5.175555929999999	2.0545736899999996e-09	1.01427378e-09	8.52655496e-10	1.116566e-09	0.0	0.0	0.0	0.0	0.0
-5.15155593	1.85519167e-08	9.157840699999999e-09	7.69896009e-09	1.0082098e-08	0.0	0.0	0.0	0.0	0.0
-5.126555929999999	1.4831133100000005e-07	7.3215203e-08	6.15440002e-08	8.059814000000002e-08	0.0	0.0	0.0	0.0	0.0
-5.101555929999999	1.0498274100000002e-06	5.183244099999999e-07	4.35653817e-07	5.704993e-07	0.0	0.0	0.0	0.0	0.0
-5.0765559300000005	6.5816556e-06	3.2489527999999996e-06	2.7310904400000005e-06	3.5762439999999997e-06	0.0	0.0	0.0	0.0	0.0
-5.05155593	3.653176900000001e-05	1.8035166099999998e-05	1.5160318799999998e-05	1.984911e-05	0.0	0.0	0.0	0.0	0.0
-5.027555929999999	0.00017955041700000001	8.8649177e-05	7.452483869999999e-05	9.75877e-05	0.0	0.0	0.0	0.0	0.0
-5.002555929999999	0.00078155967	0.000385873397	0.00032437755700000004	0.00042474010000000004	0.0	0.0	0.0	0.0	0.0
-4.97755593	0.00301280283	0.00148741706	0.00125027869	0.001637337	0.0	0.0	0.0	0.0	0.0
-4.95255593	0.010285329100000002	0.005077486410000001	0.0042678447299999995	0.005589444000000001	0.0	0.0	0.0	0.0	0.0
-4.928555929999999	0.031092055600000005	0.015351233600000002	0.0129043628	0.016898459999999997	0.0	0.0	0.0	0.0	0.0
-4.9035559300000005	0.08324521999999998	0.0410918376	0.0345499471	0.04524572	0.0	0.0	0.0	0.0	0.0
-4.87855593	0.19739884400000002	0.09744298600000001	0.0819198841	0.10727540000000002	0.0	0.0	0.0	0.0	0.0
-4.85355593	0.41451171000000003	0.20463116400000003	0.172020823	0.2253175	0.0	0.0	0.0	0.0	0.0
-4.829555929999999	0.7709042100000001	0.380589617	0.31996154	0.4189566	0.0	0.0	0.0	0.0	0.0
-4.80455593	1.27008562	0.62699769	0.527175904	0.6900833	0.0	0.0	0.0	0.0	0.0
-4.77955593	1.8534230999999999	0.9148416500000001	0.769517687	1.0069666	0.0	0.0	0.0	0.0	0.0
-4.7545559299999995	2.3971598000000003	1.1830015600000001	0.99666782	1.301996	0.0	0.0	0.0	0.0	0.0
-4.73055593	2.7521139999999997	1.3568788399999998	1.14759279	1.4929029999999999	0.0	0.0	0.0	0.0	0.0
-4.70555593	2.815340999999999	1.3847254	1.1844331200000002	1.521577	0.0	0.0	0.0	0.0	0.0
-4.68055593	2.5948459999999995	1.2676938	1.11862573	1.388318	0.0	0.0	0.0	0.0	0.0
-4.655555929999999	2.218564	1.0644822	1.016201382	1.155429	0.0	0.0	0.0	0.0	0.0
-4.630555929999999	1.8783670000000003	0.8646593999999999	0.9737499230000001	0.918647	0.0	0.0	0.0	0.0	0.0
-4.60655593	1.740304	0.746526	1.071472564	0.7619183000000002	0.0	0.0	0.0	0.0	0.0
-4.5815559299999995	1.86777	0.742577	1.3319266229999998	0.7222729999999999	0.0	0.0	0.0	0.0	0.0
-4.556555929999999	2.1931460000000005	0.829476	1.69585731	0.7786247	0.0	0.0	0.0	0.0	0.0
-4.531555930000001	2.549554	0.942027	2.039944564	0.8689331	0.0	0.0	0.0	0.0	0.0
-4.50755593	2.748819	1.006406	2.227812695	0.9221560000000001	0.0	0.0	0.0	0.0	0.0
-4.482555929999999	2.6708110000000005	0.974951	2.174228622	0.8910253	0.0	0.0	0.0	0.0	0.0
-4.457555929999999	2.3146221	0.844633	1.88657624	0.7717161300000001	0.0	0.0	0.0	0.0	0.0
-4.43255593	1.7879046999999997	0.6544464999999999	1.45600094	0.5990814200000001	0.0	0.0	0.0	0.0	0.0
-4.4085559299999995	1.2466589999999995	0.4625104	1.0087061000000002	0.42767920000000004	0.0	0.0	0.0	0.0	0.0
-4.383555929999999	0.8270006999999998	0.322858	0.65260178	0.30874771000000006	0.0	0.0	0.0	0.0	0.0
-4.3585559300000005	0.6126956	0.27225210000000005	0.44935059	0.28068193999999996	0.0	0.0	0.0	0.0	0.0
-4.33355593	0.6343322000000001	0.3299658	0.41554749	0.36607584	0.0	0.0	0.0	0.0	0.0
-4.309555929999999	0.8805120000000001	0.497204	0.5362338430000001	0.56961781	0.0	0.0	0.0	0.0	0.0
-4.284555929999999	1.2983858	0.7520234	0.77133481	0.86930867	0.0	0.0	0.0	0.0	0.0
-4.25955593	1.7871169000000002	1.0416275999999998	1.05489717	1.2068488800000001	0.0	0.0	0.0	0.0	0.0
-4.23455593	2.2068904	1.2882691	1.30081642	1.49355716	0.0	0.0	0.0	0.0	0.0
-4.20955593	2.4211866999999994	1.4138032	1.4265173399999997	1.63939883	0.0	0.0	0.0	0.0	0.0
-4.1855559300000005	2.3542368000000007	1.3750432000000001	1.38710294	1.59427411	0.0	0.0	0.0	0.0	0.0
-4.16055593	2.0279191	1.184248	1.19469303	1.37329547	0.0	0.0	0.0	0.0	0.0
-4.13555593	1.5471363999999999	0.9036093000000001	0.9114446300000001	1.04777001	0.0	0.0	0.0	0.0	0.0
-4.110555929999999	1.0453541499999999	0.61056337	0.6158210350000001	0.707885685	0.0	0.0	0.0	0.0	0.0
-4.08655593	0.6255400999999998	0.36539704	0.36854401	0.423679326	0.0	0.0	0.0	0.0	0.0
-4.06155593	0.33154996	0.19363552	0.19532829200000001	0.22452998099999996	0.0	0.0	0.0	0.0	0.0
-4.03655593	0.15562270999999997	0.09088951	0.091688359	0.105391804	0.0	0.0	0.0	0.0	0.0
-4.011555929999999	0.06469500199999999	0.037779872	0.03810558409999999	0.0438115227	0.0	0.0	0.0	0.0	0.0
-3.98755593	0.023817055	0.013909939	0.0140316223	0.0161300149	0.0	0.0	0.0	0.0	0.0
-3.9625559299999997	0.007766400500000001	0.0045358288	0.0045748566599999995	0.00525947872	0.0	0.0	0.0	0.0	0.0
-3.9375559299999994	0.0022423575	0.0013095716	0.00132096444	0.0015184541999999999	0.0	0.0	0.0	0.0	0.0
-3.912555929999999	0.00057343007	0.00033484440999999993	0.00033785272199999996	0.000388328627	0.0	0.0	0.0	0.0	0.0
-3.88855593	0.00013015845	7.598099999999999e-05	7.662780910000001e-05	8.80473869e-05	0.0	0.0	0.0	0.0	0.0
-3.8635559299999995	2.827518e-05	1.6218005e-05	1.6237939200000002e-05	1.84612783e-05	0.0	0.0	0.0	0.0	0.0
-3.838555929999999	1.8138609999999997e-05	8.811618e-06	8.1495068e-06	8.137138000000001e-06	0.0	0.0	0.0	0.0	0.0
-3.813555929999999	7.288057000000002e-05	3.305251900000001e-05	2.9406119e-05	2.7226928e-05	0.0	0.0	0.0	0.0	0.0
-3.7885559300000002	0.00034126545	0.000154353138	0.0001370584	0.00012646935	0.0	0.0	0.0	0.0	0.0
-3.7645559299999993	0.001428411019	0.00064600303	0.00057363872	0.00052929975	0.0	0.0	0.0	0.0	0.0
-3.739555929999999	0.00529652112	0.00239486798	0.0021269709	0.0019624702999999997	0.0	0.0	0.0	0.0	0.0
-3.7145559300000004	0.01739300169	0.007865212	0.0069841969000000005	0.006445159	0.0	0.0	0.0	0.0	0.0
-3.68955593	0.05058438749999999	0.0228741051	0.020310203000000002	0.018740013	0.0	0.0	0.0	0.0	0.0
-3.665555929999999	0.1302557716	0.05891152400000001	0.052307417	0.048258495000000005	0.0	0.0	0.0	0.0	0.0
-3.6405559300000006	0.297110895	0.13436553199999995	0.11931067999999999	0.11008846	0.0	0.0	0.0	0.0	0.0
-3.61555593	0.6001986180000001	0.27141450999999994	0.24096968	0.22236662000000004	0.0	0.0	0.0	0.0	0.0
-3.59055593	1.0738754409999995	0.48557086	0.43118184000000004	0.39778533000000005	0.0	0.0	0.0	0.0	0.0
-3.566555929999999	1.701197988	0.76933669	0.6831774799999999	0.6302816	0.0	0.0	0.0	0.0	0.0
-3.5415559300000004	2.3872332099999998	1.07968171	0.95864213	0.8844717000000002	0.0	0.0	0.0	0.0	0.0
-3.51655593	2.9668889299999996	1.3417849399999997	1.191465	1.0992777999999999	0.0	0.0	0.0	0.0	0.0
-3.4915559299999996	3.2659973300000007	1.4769393199999998	1.3114271000000002	1.2099665	0.0	0.0	0.0	0.0	0.0
-3.4675559300000005	3.1839639500000003	1.4398662899999999	1.2785279999999999	1.1796399999999998	0.0	0.0	0.0	0.0	0.0
-3.44255593	2.7490119099999997	1.24333257	1.10394889	1.0185692	0.0	0.0	0.0	0.0	0.0
-3.41755593	2.1022438710000007	0.9507989800000001	0.84416632	0.7789444	0.0	0.0	0.0	0.0	0.0
-3.3925559299999994	1.4238796850000002	0.6439675999999999	0.57166976	0.5275695699999999	0.0	0.0	0.0	0.0	0.0
-3.367555929999999	0.8540266100000001	0.38623976	0.34297276	0.31644377	0.0	0.0	0.0	0.0	0.0
-3.34355593	0.45372503000000003	0.205153578	0.18218929999999997	0.16810099	0.0	0.0	0.0	0.0	0.0
-3.3185559299999996	0.21347650200000004	0.096542459	0.08572098800000001	0.07909271000000001	0.0	0.0	0.0	0.0	0.0
-3.2935559299999992	0.08894234879999999	0.040228812	0.035721563	0.032954323	0.0	0.0	0.0	0.0	0.0
-3.268555929999999	0.0328240142	0.014844642400000002	0.013180219	0.012162131000000001	0.0	0.0	0.0	0.0	0.0
-3.2445559299999998	0.010727352799999998	0.004851935599999999	0.0043077083	0.0039746807	0.0	0.0	0.0	0.0	0.0
-3.2195559299999994	0.0031073578000000005	0.0014060630699999999	0.0012470162	0.0011515594999999999	0.0	0.0	0.0	0.0	0.0
-3.194555929999999	0.0008105831999999998	0.00037131029000000005	0.00032142572	0.00030237975999999997	0.0	0.0	0.0	0.0	0.0
-3.1695559300000005	0.00025892220000000004	0.0001418762	8.220929999999999e-05	0.00010652124	0.0	0.0	0.0	0.0	0.0
-3.1455559299999996	0.00040263868	0.00029798821	5.9903059999999996e-05	0.00019869415000000002	0.0	0.0	0.0	0.0	0.0
-3.120555929999999	0.00152439064	0.0011696698999999998	0.000190435918	0.0007698421899999999	0.0	0.0	0.0	0.0	0.0
-3.095555929999999	0.0055698348399999984	0.0042817244899999995	0.000689750235	0.002816483678	0.0	0.0	0.0	0.0	0.0
-3.0705559300000003	0.01809860581	0.013911546799999999	0.0022407649290000003	0.00915092701	0.0	0.0	0.0	0.0	0.0
-3.0465559299999994	0.052085475099999994	0.0400381509	0.00645441751	0.026335882430000002	0.0	0.0	0.0	0.0	0.0
-3.021555929999999	0.132777439	0.10205304659999999	0.01647674007	0.06713718121	0.0	0.0	0.0	0.0	0.0
-2.9965559300000004	0.29987993200000007	0.230413598	0.037328492299999995	0.1516042465	0.0	0.0	0.0	0.0	0.0
-2.97155593	0.6001151700000001	0.461083061	0.07517742730000002	0.3033751215	0.0	0.0	0.0	0.0	0.0
-2.9465559299999997	1.0652503500000001	0.8178985	0.135137101	0.5382190902	0.0	0.0	0.0	0.0	0.0
-2.922555929999999	1.67939302	1.28769729	0.218459696	0.8474370706	0.0	0.0	0.0	0.0	0.0
-2.8975559300000002	2.3575539800000005	1.8032315600000002	0.32206669000000004	1.187329316	0.0	0.0	0.0	0.0	0.0
-2.87255593	2.9641726299999993	2.2560168000000003	0.44322274	1.4866467170000002	0.0	0.0	0.0	0.0	0.0
-2.8475559299999995	3.37336057	2.5420485	0.5879054	1.678207147	0.0	0.0	0.0	0.0	0.0
-2.8235559300000004	3.5396859999999997	2.6203813000000005	0.7749060000000001	1.7352746030000001	0.0	0.0	0.0	0.0	0.0
-2.79855593	3.5238524	2.5337291	1.0254716000000001	1.686524964	0.0	0.0	0.0	0.0	0.0
-2.7735559299999997	3.4413843999999996	2.3732403	1.3400092000000001	1.591949343	0.0	0.0	0.0	0.0	0.0
-2.7485559299999993	3.3732044999999995	2.2165424	1.6748247	1.500545478	0.0	0.0	0.0	0.0	0.0
-2.72455593	3.3104272999999997	2.0775077	1.9474490000000002	1.4191177519999998	0.0	0.0	0.0	0.0	0.0
-2.69955593	3.1818746999999994	1.9148564	2.0774568	1.3185333799999999	0.0	0.0	0.0	0.0	0.0
-2.6745559299999995	2.9403299999999994	1.6833245	2.0406771	1.1691228500000002	0.0	0.0	0.0	0.0	0.0
-2.649555929999999	2.6351691000000006	1.3786334	1.9031969999999998	0.9721662200000001	0.0	0.0	0.0	0.0	0.0
-2.62555593	2.4052265000000004	1.0478714	1.7981807	0.7639033	0.0	0.0	0.0	0.0	0.0
-2.6005559299999996	2.4017966299999993	0.7565294	1.8570359	0.5926473	0.0	0.0	0.0	0.0	0.0
-2.5755559299999993	2.6838199	0.5508677999999999	2.1305343	0.4890794	0.0	0.0	0.0	0.0	0.0
-2.550555929999999	3.159789079999999	0.43665624999999997	2.5465511	0.45133399999999996	0.0	0.0	0.0	0.0	0.0
-2.5255559300000003	3.6160048399999996	0.38558056	2.93400602	0.4494649	0.0	0.0	0.0	0.0	0.0
-2.5015559299999994	3.8180664900000005	0.35751519000000004	3.10658277	0.44540437	0.0	0.0	0.0	0.0	0.0
-2.476555929999999	3.6296749600000004	0.32160001	2.9561875300000002	0.41263220000000006	0.0	0.0	0.0	0.0	0.0
-2.4515559300000005	3.0759955199999993	0.26696115	2.5071291779999996	0.34633766000000005	0.0	0.0	0.0	0.0	0.0
-2.42655593	2.3160688800000004	0.20068809	1.8867738530000002	0.26026481700000004	0.0	0.0	0.0	0.0	0.0
-2.4025559299999992	1.5527372400000001	0.1386683	1.2606456600000002	0.17592894	0.0	0.0	0.0	0.0	0.0
-2.377555929999999	0.9427575099999999	0.09810332	0.75295443	0.11194903100000002	0.0	0.0	0.0	0.0	0.0
-2.3525559300000003	0.5626937100000001	0.09552585999999999	0.41634193999999997	0.080494569	0.0	0.0	0.0	0.0	0.0
-2.32755593	0.42756569000000005	0.15063866000000004	0.24674459	0.09005496200000002	0.0	0.0	0.0	0.0	0.0
-2.303555929999999	0.5309223000000001	0.28847109	0.21585897999999998	0.14935990000000002	0.0	0.0	0.0	0.0	0.0
-2.2785559300000005	0.8636933	0.53249817	0.29470780999999996	0.26641244	0.0	0.0	0.0	0.0	0.0
-2.25355593	1.3988991	0.8861934	0.45627344	0.44025611	0.0	0.0	0.0	0.0	0.0
-2.2285559299999997	2.0580956999999995	1.3105512	0.6650556400000001	0.65022336	0.0	0.0	0.0	0.0	0.0
-2.204555929999999	2.6947803000000006	1.7179953000000003	0.86912615	0.8520566399999999	0.0	0.0	0.0	0.0	0.0
-2.1795559300000003	3.1281077999999995	1.9944809	1.00865181	0.98914067	0.0	0.0	0.0	0.0	0.0
-2.15455593	3.2163427	2.0509661	1.0370351199999999	1.0171926699999998	0.0	0.0	0.0	0.0	0.0
-2.1295559299999995	2.9292314000000004	1.8678887	0.94452779	0.92636922	0.0	0.0	0.0	0.0	0.0
-2.104555929999999	2.3628113999999996	1.5066018	0.76181133	0.74726516	0.0	0.0	0.0	0.0	0.0
-2.08055593	1.6879985000000002	1.076402	0.5442214599999999	0.53381026	0.0	0.0	0.0	0.0	0.0
-2.0555559299999997	1.0679754899999998	0.6809923	0.34433158	0.33773458999999995	0.0	0.0	0.0	0.0	0.0
-2.0305559299999993	0.5984058299999999	0.38163972	0.19294986900000002	0.189262082	0.0	0.0	0.0	0.0	0.0
-2.005555929999999	0.29700738000000004	0.18940238	0.09575488300000001	0.093929165	0.0	0.0	0.0	0.0	0.0
-1.9815559299999999	0.13052954800000002	0.083242018	0.042087222	0.041279781	0.0	0.0	0.0	0.0	0.0
-1.9565559299999995	0.05081390899999999	0.032406304999999996	0.0163835303	0.0160700471	0.0	0.0	0.0	0.0	0.0
-1.9315559299999991	0.017516416000000007	0.011169222	0.005647715700000001	0.0055391154	0.0	0.0	0.0	0.0	0.0
-1.9065559300000006	0.005348546	0.0034105194999999996	0.0017243215700000001	0.0016919424200000002	0.0	0.0	0.0	0.0	0.0
-1.8825559299999997	0.0014497635500000002	0.0009239268699999999	0.00046709888999999996	0.00046177421000000006	0.0	0.0	0.0	0.0	0.0
-1.8575559299999993	0.00036890621	0.00023149617	0.00011726269	0.00013539755	0.0	0.0	0.0	0.0	0.0
-1.832555929999999	0.00018890791	0.00010141165	5.235358e-05	0.0001547931	0.0	0.0	0.0	0.0	0.0
-1.8075559300000004	0.0005330662599999999	0.00025430358	0.00013339046699999997	0.0005958756799999999	0.0	0.0	0.0	0.0	0.0
-1.7835559299999995	0.002069390399999999	0.0009788477500000002	0.000514033658	0.00235560299	0.0	0.0	0.0	0.0	0.0
-1.758555929999999	0.0072874394	0.00344584891	0.00180983805	0.008300967199999999	0.0	0.0	0.0	0.0	0.0
-1.7335559300000005	0.022753913	0.01075763255	0.005650629199999999	0.025921193100000003	0.0	0.0	0.0	0.0	0.0
-1.7085559300000002	0.062920887	0.02974964851	0.015622805500000001	0.07167365299999999	0.0	0.0	0.0	0.0	0.0
-1.6835559299999998	0.15406233000000005	0.07284595459999998	0.038261662999999994	0.175496951	0.0	0.0	0.0	0.0	0.0
-1.659555929999999	0.33407935000000005	0.15796869600000005	0.08296740820000001	0.38060439900000004	0.0	0.0	0.0	0.0	0.0
-1.6345559300000003	0.64167111	0.3034502227	0.159353667	0.73115571	0.0	0.0	0.0	0.0	0.0
-1.60955593	1.09172805	0.516110272	0.271130575	1.2435047000000001	0.0	0.0	0.0	0.0	0.0
-1.5845559299999996	1.6447972999999998	0.777608611	0.40851345	1.8734964500000002	0.0	0.0	0.0	0.0	0.0
-1.5605559300000005	2.1952617999999995	1.0377814390000002	0.54543102	2.5000029	0.0	0.0	0.0	0.0	0.0
-1.5355559300000001	2.5968263999999994	1.2274329219999998	0.64599179	2.9545830700000004	0.0	0.0	0.0	0.0	0.0
-1.5105559299999998	2.7273469	1.287854015	0.6811417	3.09393505	0.0	0.0	0.0	0.0	0.0
-1.4855559299999994	2.5560152999999994	1.20372567	0.6465578000000001	2.87247515	0.0	0.0	0.0	0.0	0.0
-1.4615559300000003	2.174693499999999	1.01479935	0.5715881	2.3705753000000005	0.0	0.0	0.0	0.0	0.0
-1.43655593	1.7618839999999998	0.80123564	0.5124505999999999	1.7528219	0.0	0.0	0.0	0.0	0.0
-1.4115559299999996	1.5153399	0.64923774	0.5342097	1.1906307	0.0	0.0	0.0	0.0	0.0
-1.3865559299999992	1.5748178	0.6192389	0.6859780999999999	0.793999	0.0	0.0	0.0	0.0	0.0
-1.36255593	1.9702919999999997	0.7242506	0.97682009	0.5913335000000001	0.0	0.0	0.0	0.0	0.0
-1.3375559299999997	2.6015377	0.9264884	1.35984524	0.54311473	0.0	0.0	0.0	0.0	0.0
-1.3125559299999994	3.260853499999999	1.1484397400000002	1.73549838	0.57635268	0.0	0.0	0.0	0.0	0.0
-1.287555929999999	3.7065063	1.3003415209999998	1.9834738699999999	0.6171362699999999	0.0	0.0	0.0	0.0	0.0
-1.2625559300000004	3.7580467	1.3168490540000002	2.0144961400000003	0.6138095	0.0	0.0	0.0	0.0	0.0
-1.2385559299999995	3.381436500000001	1.1848103650999997	1.8141027900000002	0.549039002	0.0	0.0	0.0	0.0	0.0
-1.2135559299999992	2.6975535999999987	0.9450184623	1.4471803699999999	0.43724454	0.0	0.0	0.0	0.0	0.0
-1.1885559299999988	1.9060460200000002	0.6676078624099999	1.02267983	0.3087778924	0.0	0.0	0.0	0.0	0.0
-1.1635559299999993	1.19311844	0.41790563199999997	0.640056237	0.19325087159999998	0.0	0.0	0.0	0.0	0.0
-1.1395559299999993	0.6619546000000002	0.2320483735	0.355088543	0.10727378199999998	0.0	0.0	0.0	0.0	0.0
-1.1145559299999999	0.32748514	0.115405544	0.175257581	0.053319361	0.0	0.0	0.0	0.0	0.0
-1.0895559299999995	0.15103001000000002	0.05536345100000001	0.079538403	0.025524283999999998	0.0	0.0	0.0	0.0	0.0
-1.06455593	0.08518215	0.03739812999999999	0.040994709	0.01730446	0.0	0.0	0.0	0.0	0.0
-1.04055593	0.10370834999999998	0.05688515	0.042502003000000003	0.027273112999999998	0.0	0.0	0.0	0.0	0.0
-1.0155559299999997	0.21467230000000004	0.12452502000000003	0.08247677899999999	0.06321411099999999	0.0	0.0	0.0	0.0	0.0
-0.9905559299999993	0.45809340000000015	0.26472776	0.17302650020000002	0.14472936	0.0	0.0	0.0	0.0	0.0
-0.9655559299999998	0.8894833000000001	0.5050174100000001	0.331762528	0.30428519	0.0	0.0	0.0	0.0	0.0
-0.9415559299999998	1.5475980000000003	0.8560936299999999	0.56831744	0.5841987	0.0	0.0	0.0	0.0	0.0
-0.9165559299999995	2.415526	1.28833746	0.8682927570000002	1.0266579000000002	0.0	0.0	0.0	0.0	0.0
-0.89155593	3.3947969999999996	1.7231951	1.18595157	1.6534654000000002	0.0	0.0	0.0	0.0	0.0
-0.8665559299999996	4.316279	2.0507606999999997	1.452901	2.4390294000000003	0.0	0.0	0.0	0.0	0.0
-0.8415559299999993	4.988761000000001	2.1759959	1.6031212300000002	3.2858793	0.0	0.0	0.0	0.0	0.0
-0.8175559299999993	5.264090000000001	2.0636624000000006	1.6006990500000002	4.026037	0.0	0.0	0.0	0.0	0.0
-0.7925559299999998	5.08644	1.7550175000000001	1.4533045400000002	4.4646137999999995	0.0	0.0	0.0	0.0	0.0
-0.7675559299999994	4.50551	1.3443909	1.2048987699999998	4.460184099999999	0.0	0.0	0.0	0.0	0.0
-0.74255593	3.6538899999999996	0.9324377000000001	0.91576157	3.99684	0.0	0.0	0.0	0.0	0.0
-0.71855593	2.706846	0.5910974	0.6410220300000001	3.2032714	0.0	0.0	0.0	0.0	0.0
-0.6935559299999996	1.8321529999999995	0.35247900000000004	0.42051216	2.2911785	0.0	0.0	0.0	0.0	0.0
-0.6685559299999992	1.1509040000000001	0.22127319999999998	0.27872747999999997	1.4636029	0.0	0.0	0.0	0.0	0.0
-0.6435559299999998	0.7246669999999998	0.19599100000000003	0.23319860000000003	0.8440157	0.0	0.0	0.0	0.0	0.0
-0.6195559299999998	0.5678990000000002	0.2839783	0.30241160000000006	0.46112832000000004	0.0	0.0	0.0	0.0	0.0
-0.5945559299999994	0.6681579999999998	0.5014256	0.5057155	0.27953171	0.0	0.0	0.0	0.0	0.0
-0.5695559299999999	0.9934424999999999	0.85610427	0.8501320000000001	0.24020358999999997	0.0	0.0	0.0	0.0	0.0
-0.5445559299999996	1.4786798500000002	1.3196270200000002	1.3051260099999997	0.28527056	0.0	0.0	0.0	0.0	0.0
-0.5205559299999996	2.010406550000001	1.80878703	1.7873335900000002	0.36451365999999996	0.0	0.0	0.0	0.0	0.0
-0.4955559300000001	2.4381320840000003	2.197788192	2.17103188	0.4355987800000001	0.0	0.0	0.0	0.0	0.0
-0.47055592999999973	2.6231426390000006	2.3653246119999998	2.33674028	0.46709925	0.0	0.0	0.0	0.0	0.0
-0.4455559299999994	2.5002299209999994	2.2547082460000003	2.22747548	0.44491283000000004	0.0	0.0	0.0	0.0	0.0
-0.4205559299999999	2.110997078	1.9037418751000001	1.88066092	0.37553568299999995	0.0	0.0	0.0	0.0	0.0
-0.3965559299999999	1.5784389709000002	1.4235321388	1.4061649549999997	0.2807656970000001	0.0	0.0	0.0	0.0	0.0
-0.37155592999999953	1.0453680054	0.9427861207	0.9313675960000001	0.18596079499999998	0.0	0.0	0.0	0.0	0.0
-0.34655593000000007	0.6131612757000001	0.5529958464	0.5462821950000001	0.109068588	0.0	0.0	0.0	0.0	0.0
-0.3215559299999997	0.31849315349999996	0.287266728	0.283767656	0.05666121700000001	0.0	0.0	0.0	0.0	0.0
-0.2975559299999997	0.14653516063000002	0.13216212887999998	0.13055873689999997	0.0260710136	0.0	0.0	0.0	0.0	0.0
-0.27255592999999934	0.05970645678	0.053849353989999994	0.053184873800000004	0.010621959500000002	0.0	0.0	0.0	0.0	0.0
-0.24755592999999987	0.02154489638	0.019429678656	0.0191932176	0.0038327965400000003	0.0	0.0	0.0	0.0	0.0
-0.2225559299999995	0.006884477918	0.006209362766	0.00613247071	0.0012247732499999998	0.0	0.0	0.0	0.0	0.0
-0.1985559299999995	0.0019484585391000005	0.0017571906829	0.0017358958099999997	0.00034666393100000006	0.0	0.0	0.0	0.0	0.0
-0.17355593000000002	0.0004883271754	0.0004403743962000001	0.0004351073220000001	8.687367800000001e-05	0.0	0.0	0.0	0.0	0.0
-0.14855592999999967	0.00010837240224000003	9.773819355e-05	9.65601312e-05	1.9277486599999998e-05	0.0	0.0	0.0	0.0	0.0
-0.12355592999999931	2.130157427e-05	1.9209500558e-05	1.8977510299999998e-05	3.7891224499999998e-06	0.0	0.0	0.0	0.0	0.0
-0.09955592999999929	3.707251687e-06	3.34344949e-06	3.3031101800000003e-06	6.5944731e-07	0.0	0.0	0.0	0.0	0.0
-0.07455592999999983	5.713458454000002e-07	5.152777296000001e-07	5.090781599999999e-07	1.0164665e-07	0.0	0.0	0.0	0.0	0.0
-0.04955592999999947	7.796989757999999e-08	7.031219133e-08	6.94592493e-08	1.38707914e-08	0.0	0.0	0.0	0.0	0.0
-0.024555930000000004	9.420908540999999e-09	8.496239785e-09	8.393906589999999e-09	1.67604002e-09	0.0	0.0	0.0	0.0	0.0
0.0004440700000003517	1.0081183859e-09	9.09035205e-10	8.980604139999999e-10	1.7934670700000002e-10	0.0	0.0	0.0	0.0	0.0
0.024444070000000373	9.550451603e-11	8.612681837e-11	8.507841979999999e-11	1.6987326900000002e-11	0.0	0.0	0.0	0.0	0.0
0.04944407000000073	8.009517860000002e-12	7.223142217999999e-12	7.13474527e-12	1.4248793899999997e-12	0.0	0.0	0.0	0.0	0.0
0.0744440700000002	5.953348268999999e-13	5.368956391999999e-13	5.30381779e-13	1.0590271699999999e-13	0.0	0.0	0.0	0.0	0.0
0.09944407000000055	3.98220142e-14	3.5913995999999995e-14	3.5478856700000005e-14	7.0843365e-15	0.0	0.0	0.0	0.0	0.0
0.12344407000000057	2.0960482099999997e-15	1.8903271422000004e-15	1.86743527e-15	3.7292439199999994e-16	0.0	0.0	0.0	0.0	0.0
0.14844407000000004	0.0	0.0	0.0	0.0	0.0	0.0	0.0	0.0	0.0
0.1734440700000004	0.0	0.0	0.0	0.0	0.0	0.0	0.0	0.0	0.0
0.19844407000000075	0.0	0.0	0.0	0.0	0.0	0.0	0.0	0.0	0.0
0.22244406999999988	0.0	0.0	0.0	0.0	0.0	0.0	0.0	0.0	0.0
0.24744407000000024	0.0	0.0	0.0	0.0	0.0	0.0	0.0	0.0	0.0
0.2724440700000006	0.0	0.0	0.0	0.0	0.0	0.0	0.0	0.0	0.0
0.29744407000000006	0.0	0.0	0.0	0.0	0.0	0.0	0.0	0.0	0.0
0.3214440700000001	0.0	0.0	0.0	0.0	0.0	0.0	0.0	0.0	0.0
0.34644407000000044	0.0	0.0	0.0	0.0	0.0	0.0	0.0	0.0	0.0
0.3714440699999999	0.0	0.0	0.0	0.0	0.0	0.0	0.0	0.0	0.0
0.39644407000000026	0.0	0.0	0.0	0.0	0.0	0.0	0.0	0.0	0.0
0.4214440700000006	0.0	0.0	0.0	0.0	0.0	0.0	0.0	0.0	0.0
0.44544407000000064	0.0	0.0	0.0	0.0	0.0	0.0	0.0	0.0	0.0
0.4704440700000001	0.0	0.0	0.0	0.0	0.0	0.0	0.0	0.0	0.0
0.49544407000000046	0.0	0.0	0.0	0.0	0.0	0.0	0.0	0.0	0.0
0.5204440699999999	0.0	0.0	0.0	0.0	0.0	0.0	0.0	0.0	0.0
0.54444407	0.0	0.0	0.0	0.0	0.0	0.0	0.0	0.0	0.0
0.5694440700000003	0.0	0.0	0.0	0.0	0.0	0.0	0.0	0.0	0.0
0.5944440700000007	0.0	0.0	0.0	0.0	0.0	0.0	0.0	0.0	0.0
0.6194440700000001	0.0	0.0	0.0	0.0	0.0	0.0	0.0	0.0	0.0
0.6434440700000001	0.0	0.0	0.0	0.0	0.0	0.0	0.0	0.0	0.0
0.6684440700000005	0.0	0.0	0.0	0.0	0.0	0.0	0.0	0.0	0.0
0.69344407	0.0	0.0	0.0	0.0	0.0	0.0	0.0	0.0	0.0
0.7184440700000003	0.0	0.0	0.0	0.0	0.0	0.0	0.0	0.0	0.0
0.7434440700000007	0.0	0.0	0.0	0.0	0.0	0.0	0.0	0.0	0.0
0.7674440700000007	0.0	0.0	0.0	0.0	0.0	0.0	0.0	0.0	0.0
0.7924440700000002	0.0	0.0	0.0	0.0	0.0	0.0	0.0	0.0	0.0
0.8174440700000005	0.0	0.0	0.0	0.0	0.0	0.0	0.0	0.0	0.0
0.84244407	0.0	0.0	0.0	0.0	0.0	0.0	0.0	0.0	0.0
0.86644407	0.0	0.0	0.0	0.0	0.0	0.0	0.0	0.0	0.0
0.8914440700000004	0.0	0.0	0.0	0.0	0.0	0.0	0.0	0.0	0.0
0.9164440700000007	0.0	0.0	0.0	0.0	0.0	0.0	0.0	0.0	0.0
0.9414440700000002	0.0	0.0	0.0	0.0	0.0	0.0	0.0	0.0	0.0
0.9654440700000002	0.0	0.0	0.0	0.0	0.0	0.0	0.0	0.0	0.0
0.9904440700000006	0.0	0.0	0.0	0.0	0.0	0.0	0.0	0.0	0.0
1.01544407	0.0	0.0	0.0	0.0	0.0	0.0	0.0	0.0	0.0
1.0404440700000004	0.0	0.0	0.0	0.0	0.0	0.0	0.0	0.0	0.0
1.0644440700000004	0.0	0.0	0.0	0.0	0.0	0.0	0.0	0.0	0.0
1.0894440699999999	0.0	0.0	0.0	0.0	0.0	0.0	0.0	0.0	0.0
1.1144440700000002	0.0	0.0	0.0	0.0	0.0	0.0	0.0	0.0	0.0
1.1394440700000006	0.0	0.0	0.0	0.0	0.0	0.0	0.0	0.0	0.0
1.16444407	0.0	0.0	0.0	0.0	0.0	0.0	0.0	0.0	0.0
1.18844407	0.0	0.0	0.0	0.0	0.0	0.0	0.0	0.0	0.0
1.2134440700000004	0.0	0.0	0.0	0.0	0.0	0.0	0.0	0.0	0.0
1.23844407	0.0	0.0	0.0	0.0	0.0	0.0	0.0	0.0	0.0
1.2634440700000003	0.0	0.0	0.0	0.0	0.0	0.0	0.0	0.0	0.0
1.2874440700000003	0.0	0.0	0.0	0.0	0.0	0.0	0.0	0.0	0.0
1.3124440700000006	0.0	0.0	0.0	0.0	0.0	0.0	0.0	0.0	0.0
1.33744407	0.0	0.0	0.0	0.0	0.0	0.0	0.0	0.0	0.0
1.3624440700000005	0.0	0.0	0.0	0.0	0.0	0.0	0.0	0.0	0.0
1.3864440700000005	0.0	0.0	0.0	0.0	0.0	0.0	0.0	0.0	0.0
1.41144407	0.0	0.0	0.0	0.0	0.0	0.0	0.0	0.0	0.0
1.4364440700000003	0.0	0.0	0.0	0.0	0.0	0.0	0.0	0.0	0.0
1.4614440700000007	0.0	0.0	0.0	0.0	0.0	0.0	0.0	0.0	0.0
1.4854440700000007	0.0	0.0	0.0	0.0	0.0	0.0	0.0	0.0	0.0
1.5104440700000001	0.0	0.0	0.0	0.0	0.0	0.0	0.0	0.0	0.0
1.5354440700000005	0.0	0.0	0.0	0.0	0.0	0.0	0.0	0.0	0.0
1.56044407	0.0	0.0	0.0	0.0	0.0	0.0	0.0	0.0	0.0
1.5854440700000003	0.0	0.0	0.0	0.0	0.0	0.0	0.0	0.0	0.0
1.6094440700000003	0.0	0.0	0.0	0.0	0.0	0.0	0.0	0.0	0.0
1.6344440700000007	0.0	0.0	0.0	0.0	0.0	0.0	0.0	0.0	0.0
1.6594440700000002	0.0	0.0	0.0	0.0	0.0	0.0	0.0	0.0	0.0
1.6844440700000005	0.0	0.0	0.0	0.0	0.0	0.0	0.0	0.0	0.0
1.7084440700000005	0.0	0.0	0.0	0.0	0.0	0.0	0.0	0.0	0.0
1.73344407	0.0	0.0	0.0	0.0	0.0	0.0	0.0	0.0	0.0
1.7584440700000004	0.0	0.0	0.0	0.0	0.0	0.0	0.0	0.0	0.0
1.7834440700000007	0.0	0.0	0.0	0.0	0.0	0.0	0.0	0.0	0.0
1.8074440700000007	0.0	0.0	0.0	0.0	0.0	0.0	0.0	0.0	0.0
1.8324440700000002	0.0	0.0	0.0	0.0	0.0	0.0	0.0	0.0	0.0
1.8574440700000006	0.0	0.0	0.0	0.0	0.0	0.0	0.0	0.0	0.0
1.88244407	0.0	0.0	0.0	0.0	0.0	0.0	0.0	0.0	0.0
1.90644407	0.0	0.0	0.0	0.0	0.0	0.0	0.0	0.0	0.0
1.9314440700000004	0.0	0.0	0.0	0.0	0.0	0.0	0.0	0.0	0.0
1.9564440700000008	0.0	0.0	0.0	0.0	0.0	0.0	0.0	0.0	0.0
1.9814440700000002	0.0	0.0	0.0	0.0	0.0	0.0	0.0	0.0	0.0
2.0064440700000006	0.0	0.0	0.0	0.0	0.0	0.0	0.0	0.0	0.0
2.0304440700000006	0.0	0.0	0.0	0.0	0.0	0.0	0.0	0.0	0.0
2.05544407	0.0	0.0	0.0	0.0	0.0	0.0	0.0	0.0	0.0
2.0804440700000004	0.0	0.0	0.0	0.0	0.0	0.0	0.0	0.0	0.0
2.10544407	0.0	0.0	0.0	0.0	0.0	0.0	0.0	0.0	0.0
2.12944407	0.0	0.0	0.0	0.0	0.0	0.0	0.0	0.0	0.0
2.1544440700000003	0.0	0.0	0.0	0.0	0.0	0.0	0.0	0.0	0.0
2.1794440700000006	0.0	0.0	0.0	0.0	0.0	0.0	0.0	0.0	0.0
2.20444407	0.0	0.0	0.0	0.0	0.0	0.0	0.0	0.0	0.0
2.22844407	0.0	0.0	0.0	0.0	0.0	0.0	0.0	0.0	0.0
2.2534440700000005	0.0	0.0	0.0	0.0	0.0	0.0	0.0	0.0	0.0
2.27844407	0.0	0.0	0.0	0.0	0.0	0.0	0.0	0.0	0.0
2.3034440700000003	0.0	0.0	0.0	0.0	0.0	0.0	0.0	0.0	0.0
2.3274440700000003	0.0	0.0	0.0	0.0	0.0	0.0	0.0	0.0	0.0
2.3524440700000007	0.0	0.0	0.0	0.0	0.0	0.0	0.0	0.0	0.0
2.37744407	0.0	0.0	0.0	0.0	0.0	0.0	0.0	0.0	0.0
2.4024440700000005	0.0	0.0	0.0	0.0	0.0	0.0	0.0	0.0	0.0
2.42744407	0.0	0.0	0.0	0.0	0.0	0.0	0.0	0.0	0.0
2.45144407	0.0	0.0	0.0	0.0	0.0	0.0	0.0	0.0	0.0
2.4764440700000003	0.0	0.0	0.0	0.0	0.0	0.0	0.0	0.0	0.0
2.5014440700000007	0.0	0.0	0.0	0.0	0.0	0.0	0.0	0.0	0.0
2.52644407	0.0	0.0	0.0	0.0	0.0	0.0	0.0	0.0	0.0
2.55044407	0.0	0.0	0.0	0.0	0.0	0.0	0.0	0.0	0.0
2.5754440700000005	0.0	0.0	0.0	0.0	0.0	0.0	0.0	0.0	0.0
2.60044407	0.0	0.0	0.0	0.0	0.0	0.0	0.0	0.0	0.0
2.6254440700000004	0.0	0.0	0.0	0.0	0.0	0.0	0.0	0.0	0.0
2.6494440700000004	0.0	0.0	0.0	0.0	0.0	0.0	0.0	0.0	0.0
2.6744440700000007	0.0	0.0	0.0	0.0	0.0	0.0	0.0	0.0	0.0
2.69944407	0.0	0.0	0.0	0.0	0.0	0.0	0.0	0.0	0.0
2.7244440700000006	0.0	0.0	0.0	0.0	0.0	0.0	0.0	0.0	0.0
2.7484440700000006	0.0	0.0	0.0	0.0	0.0	0.0	0.0	0.0	0.0
2.77344407	0.0	0.0	0.0	0.0	0.0	0.0	0.0	0.0	0.0
2.7984440700000004	0.0	0.0	0.0	0.0	0.0	0.0	0.0	0.0	0.0
2.8234440700000007	0.0	0.0	0.0	0.0	0.0	0.0	0.0	0.0	0.0
2.84844407	0.0	0.0	0.0	0.0	0.0	0.0	0.0	0.0	0.0
2.8724440700000002	0.0	0.0	0.0	0.0	0.0	0.0	0.0	0.0	0.0
2.89744407	0.0	0.0	0.0	0.0	0.0	0.0	0.0	0.0	0.0
2.9224440700000005	0.0	0.0	0.0	0.0	0.0	0.0	0.0	0.0	0.0
2.9474440700000004	0.0	0.0	0.0	0.0	0.0	0.0	0.0	0.0	0.0
2.9714440700000004	0.0	0.0	0.0	0.0	0.0	0.0	0.0	0.0	0.0
2.9964440700000003	0.0	0.0	0.0	0.0	0.0	0.0	0.0	0.0	0.0
3.0214440700000003	0.0	0.0	0.0	0.0	0.0	0.0	0.0	0.0	0.0
3.04644407	0.0	0.0	0.0	0.0	0.0	0.0	0.0	0.0	0.0
3.07044407	0.0	0.0	0.0	0.0	0.0	0.0	0.0	0.0	0.0
3.09544407	0.0	0.0	0.0	0.0	0.0	0.0	0.0	0.0	0.0
3.1204440700000005	0.0	0.0	0.0	0.0	0.0	0.0	0.0	0.0	0.0
3.1454440700000004	0.0	0.0	0.0	0.0	0.0	0.0	0.0	0.0	0.0
3.1694440700000004	0.0	0.0	0.0	0.0	0.0	0.0	0.0	0.0	0.0
3.1944440700000003	0.0	0.0	0.0	0.0	0.0	0.0	0.0	0.0	0.0
3.21944407	0.0	0.0	0.0	0.0	0.0	0.0	0.0	0.0	0.0
3.24444407	0.0	0.0	0.0	0.0	0.0	0.0	0.0	0.0	0.0
3.2694440700000005	0.0	0.0	0.0	0.0	0.0	0.0	0.0	0.0	0.0
3.2934440700000005	0.0	0.0	0.0	0.0	0.0	0.0	0.0	0.0	0.0
3.3184440700000004	0.0	0.0	0.0	0.0	0.0	0.0	0.0	0.0	0.0
3.3434440700000003	0.0	0.0	0.0	0.0	0.0	0.0	0.0	0.0	0.0
3.3684440700000002	0.0	0.0	0.0	0.0	0.0	0.0	0.0	0.0	0.0
3.3924440700000003	0.0	0.0	0.0	0.0	0.0	0.0	0.0	0.0	0.0
3.41744407	0.0	0.0	0.0	0.0	0.0	0.0	0.0	0.0	0.0
3.4424440700000005	0.0	0.0	0.0	0.0	0.0	0.0	0.0	0.0	0.0
3.4674440700000004	0.0	0.0	0.0	0.0	0.0	0.0	0.0	0.0	0.0
3.4914440700000005	0.0	0.0	0.0	0.0	0.0	0.0	0.0	0.0	0.0
3.5164440700000004	0.0	0.0	0.0	0.0	0.0	0.0	0.0	0.0	0.0
3.5414440700000003	0.0	0.0	0.0	0.0	0.0	0.0	0.0	0.0	0.0
3.56644407	0.0	0.0	0.0	0.0	0.0	0.0	0.0	0.0	0.0
3.59044407	0.0	0.0	0.0	0.0	0.0	0.0	0.0	0.0	0.0
3.61544407	0.0	0.0	0.0	0.0	0.0	0.0	0.0	0.0	0.0
3.6404440700000005	0.0	0.0	0.0	0.0	0.0	0.0	0.0	0.0	0.0
3.6654440700000004	0.0	0.0	0.0	0.0	0.0	0.0	0.0	0.0	0.0
3.6904440700000003	0.0	0.0	0.0	0.0	0.0	0.0	0.0	0.0	0.0
3.7144440700000003	0.0	0.0	0.0	0.0	0.0	0.0	0.0	0.0	0.0
3.7394440700000002	0.0	0.0	0.0	0.0	0.0	0.0	0.0	0.0	0.0
3.76444407	0.0	0.0	0.0	0.0	0.0	0.0	0.0	0.0	0.0
3.7894440700000005	0.0	0.0	0.0	0.0	0.0	0.0	0.0	0.0	0.0
3.8134440700000005	0.0	0.0	0.0	0.0	0.0	0.0	0.0	0.0	0.0
3.8384440700000004	0.0	0.0	0.0	0.0	0.0	0.0	0.0	0.0	0.0
3.8634440700000003	0.0	0.0	0.0	0.0	0.0	0.0	0.0	0.0	0.0
3.8884440700000003	0.0	0.0	0.0	0.0	0.0	0.0	0.0	0.0	0.0
3.9124440700000003	0.0	0.0	0.0	0.0	0.0	0.0	0.0	0.0	0.0
3.93744407	0.0	0.0	0.0	0.0	0.0	0.0	0.0	0.0	0.0
3.96244407	0.0	0.0	0.0	0.0	0.0	0.0	0.0	0.0	0.0
3.9874440700000005	0.0	0.0	0.0	0.0	0.0	0.0	0.0	0.0	0.0
4.0114440700000005	0.0	0.0	0.0	0.0	0.0	0.0	0.0	0.0	0.0
4.03644407	0.0	0.0	0.0	0.0	0.0	0.0	0.0	0.0	0.0
4.06144407	0.0	0.0	0.0	0.0	0.0	0.0	0.0	0.0	0.0
4.086444070000001	0.0	0.0	0.0	0.0	0.0	0.0	0.0	0.0	0.0
4.11144407	0.0	0.0	0.0	0.0	0.0	0.0	0.0	0.0	0.0
4.13544407	0.0	0.0	0.0	0.0	0.0	0.0	0.0	0.0	0.0
4.1604440700000005	0.0	0.0	0.0	0.0	0.0	0.0	0.0	0.0	0.0
4.185444070000001	0.0	0.0	0.0	0.0	0.0	0.0	0.0	0.0	0.0
4.21044407	0.0	0.0	0.0	0.0	0.0	0.0	0.0	0.0	0.0
4.23444407	0.0	0.0	0.0	0.0	0.0	0.0	0.0	0.0	0.0
4.259444070000001	0.0	0.0	0.0	0.0	0.0	0.0	0.0	0.0	0.0
4.28444407	0.0	0.0	0.0	0.0	0.0	0.0	0.0	0.0	0.0
4.3094440700000005	0.0	0.0	0.0	0.0	0.0	0.0	0.0	0.0	0.0
4.3334440700000005	0.0	0.0	0.0	0.0	0.0	0.0	0.0	0.0	0.0
4.358444070000001	0.0	0.0	0.0	0.0	0.0	0.0	0.0	0.0	0.0
4.38344407	0.0	0.0	0.0	0.0	0.0	0.0	0.0	0.0	0.0
4.40844407	0.0	0.0	0.0	0.0	0.0	0.0	0.0	0.0	0.0
4.432444070000001	0.0	0.0	0.0	0.0	0.0	0.0	0.0	0.0	0.0
4.45744407	0.0	0.0	0.0	0.0	0.0	0.0	0.0	0.0	0.0
4.48244407	0.0	0.0	0.0	0.0	0.0	0.0	0.0	0.0	0.0
4.50744407	0.0	0.0	0.0	0.0	0.0	0.0	0.0	0.0	0.0
4.53244407	0.0	0.0	0.0	0.0	0.0	0.0	0.0	0.0	0.0
4.55644407	0.0	0.0	0.0	0.0	0.0	0.0	0.0	0.0	0.0
4.58144407	0.0	0.0	0.0	0.0	0.0	0.0	0.0	0.0	0.0
4.60644407	0.0	0.0	0.0	0.0	0.0	0.0	0.0	0.0	0.0
4.631444070000001	0.0	0.0	0.0	0.0	0.0	0.0	0.0	0.0	0.0
4.65544407	0.0	0.0	0.0	0.0	0.0	0.0	0.0	0.0	0.0
4.68044407	0.0	0.0	0.0	0.0	0.0	0.0	0.0	0.0	0.0
4.70544407	0.0	0.0	0.0	0.0	0.0	0.0	0.0	0.0	0.0
4.730444070000001	0.0	0.0	0.0	0.0	0.0	0.0	0.0	0.0	0.0
4.75444407	0.0	0.0	0.0	0.0	0.0	0.0	0.0	0.0	0.0
4.77944407	0.0	0.0	0.0	0.0	0.0	0.0	0.0	0.0	0.0
4.804444070000001	0.0	0.0	0.0	0.0	0.0	0.0	0.0	0.0	0.0
4.829444070000001	0.0	0.0	0.0	0.0	0.0	0.0	0.0	0.0	0.0
4.85344407	0.0	0.0	0.0	0.0	0.0	0.0	0.0	0.0	0.0
4.8784440700000005	0.0	0.0	0.0	0.0	0.0	0.0	0.0	0.0	0.0
4.903444070000001	0.0	0.0	0.0	0.0	0.0	0.0	0.0	0.0	0.0
4.92844407	0.0	0.0	0.0	0.0	0.0	0.0	0.0	0.0	0.0
4.953444070000001	0.0	0.0	0.0	0.0	0.0	0.0	0.0	0.0	0.0
4.977444070000001	0.0	0.0	0.0	0.0	0.0	0.0	0.0	0.0	0.0
5.00244407	0.0	0.0	0.0	0.0	0.0	0.0	0.0	0.0	0.0
5.0274440700000005	0.0	0.0	0.0	0.0	0.0	0.0	0.0	0.0	0.0
5.05244407	0.0	0.0	0.0	0.0	0.0	0.0	0.0	0.0	0.0
5.076444070000001	0.0	0.0	0.0	0.0	0.0	0.0	0.0	0.0	0.0
5.10144407	0.0	0.0	0.0	0.0	0.0	0.0	0.0	0.0	0.0
5.12644407	0.0	0.0	0.0	0.0	0.0	0.0	0.0	0.0	0.0
5.15144407	0.0	0.0	0.0	0.0	0.0	0.0	0.0	0.0	0.0
5.17544407	0.0	0.0	0.0	0.0	0.0	0.0	0.0	0.0	0.0
5.2004440700000005	0.0	0.0	0.0	0.0	0.0	0.0	0.0	0.0	0.0
5.22544407	0.0	0.0	0.0	0.0	0.0	0.0	0.0	0.0	0.0
5.25044407	0.0	0.0	0.0	0.0	0.0	0.0	0.0	0.0	0.0
5.27444407	0.0	0.0	0.0	0.0	0.0	0.0	0.0	0.0	0.0
5.29944407	0.0	0.0	0.0	0.0	0.0	0.0	0.0	0.0	0.0
5.32444407	0.0	0.0	0.0	0.0	0.0	0.0	0.0	0.0	0.0
5.3494440700000006	0.0	0.0	0.0	0.0	0.0	0.0	0.0	0.0	0.0
5.37444407	0.0	0.0	0.0	0.0	0.0	0.0	0.0	0.0	0.0
5.39844407	0.0	0.0	0.0	0.0	0.0	0.0	0.0	0.0	0.0
5.42344407	0.0	0.0	0.0	0.0	0.0	0.0	0.0	0.0	0.0
5.448444070000001	0.0	0.0	0.0	0.0	0.0	0.0	0.0	0.0	0.0
5.47344407	0.0	0.0	0.0	0.0	0.0	0.0	0.0	0.0	0.0
5.49744407	0.0	0.0	0.0	0.0	0.0	0.0	0.0	0.0	0.0
5.522444070000001	0.0	0.0	0.0	0.0	0.0	0.0	0.0	0.0	0.0
5.54744407	0.0	0.0	0.0	0.0	0.0	0.0	0.0	0.0	0.0
5.57244407	0.0	0.0	0.0	0.0	0.0	0.0	0.0	0.0	0.0
5.59644407	0.0	0.0	0.0	0.0	0.0	0.0	0.0	0.0	0.0
5.621444070000001	0.0	0.0	0.0	0.0	0.0	0.0	0.0	0.0	0.0
5.64644407	0.0	0.0	0.0	0.0	0.0	0.0	0.0	0.0	0.0
5.671444070000001	0.0	0.0	0.0	0.0	0.0	0.0	0.0	0.0	0.0
5.695444070000001	0.0	0.0	0.0	0.0	0.0	0.0	0.0	0.0	0.0
5.72044407	0.0	0.0	0.0	0.0	0.0	0.0	0.0	0.0	0.0
5.7454440700000005	0.0	0.0	0.0	0.0	0.0	0.0	0.0	0.0	0.0
5.77044407	0.0	0.0	0.0	0.0	0.0	0.0	0.0	0.0	0.0
5.79544407	0.0	0.0	0.0	0.0	0.0	0.0	0.0	0.0	0.0
5.81944407	0.0	0.0	0.0	0.0	0.0	0.0	0.0	0.0	0.0
5.844444070000001	0.0	0.0	0.0	0.0	0.0	0.0	0.0	0.0	0.0
5.86944407	0.0	0.0	0.0	0.0	0.0	0.0	0.0	0.0	0.0
5.8944440700000005	0.0	0.0	0.0	0.0	0.0	0.0	0.0	0.0	0.0
5.9184440700000005	0.0	0.0	0.0	0.0	0.0	0.0	0.0	0.0	0.0
5.94344407	0.0	0.0	0.0	0.0	0.0	0.0	0.0	0.0	0.0
5.96844407	0.0	0.0	0.0	0.0	0.0	0.0	0.0	0.0	0.0
5.993444070000001	0.0	0.0	0.0	0.0	0.0	0.0	0.0	0.0	0.0
6.017444070000001	0.0	0.0	0.0	0.0	0.0	0.0	0.0	0.0	0.0
6.04244407	0.0	0.0	0.0	0.0	0.0	0.0	0.0	0.0	0.0
6.0674440700000005	0.0	0.0	0.0	0.0	0.0	0.0	0.0	0.0	0.0
6.09244407	0.0	0.0	0.0	0.0	0.0	0.0	0.0	0.0	0.0
6.11644407	0.0	0.0	0.0	0.0	0.0	0.0	0.0	0.0	0.0
6.14144407	0.0	0.0	0.0	0.0	0.0	0.0	0.0	0.0	0.0
6.166444070000001	0.0	0.0	0.0	0.0	0.0	0.0	0.0	0.0	0.0
6.19144407	0.0	0.0	0.0	0.0	0.0	0.0	0.0	0.0	0.0
6.2164440700000005	0.0	0.0	0.0	0.0	0.0	0.0	0.0	0.0	0.0
6.240444070000001	1.1048367470000002e-16	6.225602999999999e-17	4.673251e-17	6.1072823e-17	0.0	0.0	0.0	0.0	0.0
6.26544407	1.823075372e-15	1.0272796e-15	7.710227e-16	1.00767115e-15	0.0	0.0	0.0	0.0	0.0
6.29044407	2.81219286e-14	1.5844742000000003e-14	1.1893228999999998e-14	1.55438089e-14	0.0	0.0	0.0	0.0	0.0
6.31544407	3.80104495e-13	2.1417118e-13	1.6074679999999997e-13	2.10090662e-13	0.0	0.0	0.0	0.0	0.0
6.339444070000001	4.5544719200000005e-12	2.5665024999999994e-12	1.9262356e-12	2.5172635999999994e-12	0.0	0.0	0.0	0.0	0.0
6.36444407	4.83192201e-11	2.7221578000000004e-11	2.043354e-11	2.6707619e-11	0.0	0.0	0.0	0.0	0.0
6.389444070000001	4.53885185e-10	2.5573182e-10	1.9196912999999999e-10	2.5088219599999997e-10	0.0	0.0	0.0	0.0	0.0
6.41444407	3.77449185e-09	2.1269689000000002e-09	1.5965225e-09	2.08660766e-09	0.0	0.0	0.0	0.0	0.0
6.43844407	2.78019064e-08	1.5664144e-08	1.1757731e-08	1.5366496e-08	0.0	0.0	0.0	0.0	0.0
6.46344407	1.813111132e-07	1.0215541e-07	7.668356e-08	1.00212483e-07	0.0	0.0	0.0	0.0	0.0
6.48844407	1.0470031189999999e-06	5.899004e-07	4.4286350000000003e-07	5.7877798e-07	0.0	0.0	0.0	0.0	0.0
6.51344407	5.353428059999999e-06	3.0169243e-06	2.264322e-06	2.9592830000000004e-06	0.0	0.0	0.0	0.0	0.0
6.53744407	2.424575438e-05	1.3660582e-05	1.0253553000000001e-05	1.34012146e-05	0.0	0.0	0.0	0.0	0.0
6.562444070000001	9.72303225e-05	5.478351e-05	4.112296e-05	5.3740598000000006e-05	0.0	0.0	0.0	0.0	0.0
6.58744407	0.000345234858	0.00019455767999999998	0.00014603567	0.000190867415	0.0	0.0	0.0	0.0	0.0
6.6124440700000005	0.0010858196720000002	0.0006118874	0.00045929850000000003	0.0006001889200000001	0.0	0.0	0.0	0.0	0.0
6.63744407	0.0030246151	0.0017042265999999999	0.0012791915999999998	0.0016718283499999999	0.0	0.0	0.0	0.0	0.0
6.66144407	0.00746074535	0.004204075999999999	0.003155451	0.0041237031999999995	0.0	0.0	0.0	0.0	0.0
6.68644407	0.01629793312	0.009184042000000002	0.00689342	0.009009989999999999	0.0	0.0	0.0	0.0	0.0
6.711444070000001	0.0315338741	0.017767501999999998	0.013336397000000002	0.0174293783	0.0	0.0	0.0	0.0	0.0
6.73644407	0.0540400729	0.030449749	0.02285139	0.029866100999999996	0.0	0.0	0.0	0.0	0.0
6.76044407	0.0820039342	0.04620244	0.03467979	0.04531771400000001	0.0	0.0	0.0	0.0	0.0
6.7854440700000005	0.11022110060000001	0.062108699999999996	0.04662064999999999	0.060934213	0.0	0.0	0.0	0.0	0.0
6.81044407	0.1312806639	0.07396016000000001	0.055516619999999996	0.072560785	0.0	0.0	0.0	0.0	0.0
6.83544407	0.1385935605	0.07808838000000001	0.058623850000000005	0.07661483499999999	0.0	0.0	0.0	0.0	0.0
6.85944407	0.13001603469999998	0.07324173	0.05500481	0.07187522499999999	0.0	0.0	0.0	0.0	0.0
6.884444070000001	0.10917538	0.06146399	0.04619995	0.060385596	0.0	0.0	0.0	0.0	0.0
6.90944407	0.084005917	0.04718286	0.03559538	0.046540845	0.0	0.0	0.0	0.0	0.0
6.9344440700000005	0.063210246	0.03527839	0.026873610000000006	0.03521986	0.0	0.0	0.0	0.0	0.0
6.9584440700000005	0.05306787999999999	0.02919488	0.022679719	0.029956309999999996	0.0	0.0	0.0	0.0	0.0
6.98344407	0.055555179999999996	0.03000904	0.023851982000000004	0.03191858	0.0	0.0	0.0	0.0	0.0
7.00844407	0.06828872	0.03636504	0.029340823	0.039811490000000005	0.0	0.0	0.0	0.0	0.0
7.033444070000001	0.08545197	0.04509313	0.036640479999999996	0.05035209999999999	0.0	0.0	0.0	0.0	0.0
7.05844407	0.09978202000000001	0.052294799999999995	0.04265113000000001	0.05929990000000001	0.0	0.0	0.0	0.0	0.0
7.08244407	0.10518595	0.0547912	0.04479646999999999	0.0630227	0.0	0.0	0.0	0.0	0.0
7.107444070000001	0.09903023000000001	0.051302299999999995	0.042019992000000006	0.0598079	0.0	0.0	0.0	0.0	0.0
7.13244407	0.08314140000000002	0.042864610000000004	0.03514721	0.0506351	0.0	0.0	0.0	0.0	0.0
7.15744407	0.06249839	0.03223493	0.026362807000000002	0.0383931	0.0	0.0	0.0	0.0	0.0
7.18144407	0.04304232	0.022677089999999997	0.018271225999999998	0.02670098	0.0	0.0	0.0	0.0	0.0
7.20644407	0.029637111	0.017028190000000002	0.013164619999999998	0.01862566	0.0	0.0	0.0	0.0	0.0
7.23144407	0.025595120000000002	0.0175079	0.013009778000000001	0.01635608	0.0	0.0	0.0	0.0	0.0
7.256444070000001	0.033175159999999995	0.025884800000000003	0.019954609999999998	0.02145838	0.0	0.0	0.0	0.0	0.0
7.280444070000001	0.054069469999999994	0.043389899999999995	0.03669218	0.0351077	0.0	0.0	0.0	0.0	0.0
7.30544407	0.08883919	0.0699578	0.06597470999999999	0.057672100000000004	0.0	0.0	0.0	0.0	0.0
7.33044407	0.13550089999999998	0.10315849999999999	0.10897123	0.0877328	0.0	0.0	0.0	0.0	0.0
7.355444070000001	0.1882152	0.1377377	0.16297450000000002	0.12125269999999999	0.0	0.0	0.0	0.0	0.0
7.37944407	0.23778549999999998	0.16668129999999998	0.21993290000000004	0.1520298	0.0	0.0	0.0	0.0	0.0
7.40444407	0.2743288	0.18374620000000003	0.2676948	0.17361990000000002	0.0	0.0	0.0	0.0	0.0
7.429444070000001	0.2915945	0.18601500000000004	0.294318	0.18223439999999996	0.0	0.0	0.0	0.0	0.0
7.45444407	0.29022939999999997	0.175471	0.29344359999999997	0.17878280000000002	0.0	0.0	0.0	0.0	0.0
7.47944407	0.27776069999999997	0.158077	0.26796060000000005	0.1686261	0.0	0.0	0.0	0.0	0.0
7.5034440700000005	0.2647374	0.141017	0.22846640999999998	0.1589786	0.0	0.0	0.0	0.0	0.0
7.52844407	0.2593309	0.12966700000000003	0.18795443	0.1553545	0.0	0.0	0.0	0.0	0.0
7.55344407	0.2631351	0.125791	0.15606799	0.1591979	0.0	0.0	0.0	0.0	0.0
7.578444070000001	0.2714027	0.127863	0.13619396	0.167796	0.0	0.0	0.0	0.0	0.0
7.602444070000001	0.276959	0.13319419999999998	0.12689540000000002	0.17632420000000001	0.0	0.0	0.0	0.0	0.0
7.62744407	0.274897	0.1399095	0.1251703	0.18048140000000001	0.0	0.0	0.0	0.0	0.0
7.6524440700000005	0.265208	0.1476834	0.1289886	0.1782673	0.0	0.0	0.0	0.0	0.0
7.67744407	0.25153559999999997	0.15686460000000002	0.13742920000000003	0.17038410000000004	0.0	0.0	0.0	0.0	0.0
7.70144407	0.2378008	0.1667064	0.14916179999999998	0.15912	0.0	0.0	0.0	0.0	0.0
7.72644407	0.22523700000000002	0.1744898	0.16122479999999995	0.14669249999999998	0.0	0.0	0.0	0.0	0.0
7.751444070000001	0.211762	0.176318	0.1692706	0.1340591	0.0	0.0	0.0	0.0	0.0
7.77644407	0.1940316	0.1689619	0.16926049999999998	0.1207982	0.0	0.0	0.0	0.0	0.0
7.8014440700000005	0.1698781	0.15170979999999998	0.15908439999999996	0.1060067	0.0	0.0	0.0	0.0	0.0
7.8254440700000005	0.13998300000000002	0.12670079999999997	0.1394718	0.08915250000000001	0.0	0.0	0.0	0.0	0.0
7.85044407	0.1075078	0.09809369999999999	0.11351829999999999	0.0708161	0.0	0.0	0.0	0.0	0.0
7.87544407	0.0765978	0.07029619999999999	0.0855738	0.052544099999999996	0.0	0.0	0.0	0.0	0.0
7.900444070000001	0.0508279	0.0468369	0.060126	0.03621825	0.0	0.0	0.0	0.0	0.0
7.92444407	0.0324141	0.029775799999999998	0.040892200000000004	0.023464310000000002	0.0	0.0	0.0	0.0	0.0
7.94944407	0.02227235	0.01990964	0.030529840000000003	0.01522863	0.0	0.0	0.0	0.0	0.0
7.9744440700000006	0.020471	0.017205039999999998	0.03064114	0.01173602	0.0	0.0	0.0	0.0	0.0
7.99944407	0.02649294	0.021093219999999996	0.04164642	0.012622389999999999	0.0	0.0	0.0	0.0	0.0
8.02344407	0.038968739999999995	0.030323260000000005	0.062162999999999996	0.017001719999999998	0.0	0.0	0.0	0.0	0.0
8.04844407	0.05518055000000001	0.04263649	0.0882016	0.023404950000000004	0.0	0.0	0.0	0.0	0.0
8.07344407	0.07111392999999999	0.05483682000000001	0.11334340000000001	0.029916750000000002	0.0	0.0	0.0	0.0	0.0
8.09844407	0.08279581	0.06375290000000002	0.1307947	0.034694840000000005	0.0	0.0	0.0	0.0	0.0
8.12244407	0.08839555	0.0679145	0.1366968	0.036854460000000006	0.0	0.0	0.0	0.0	0.0
8.14744407	0.08989830000000001	0.06877570000000001	0.1328404	0.03712612	0.0	0.0	0.0	0.0	0.0
8.172444070000001	0.0926921	0.07038429999999998	0.12624950000000001	0.03767489	0.0	0.0	0.0	0.0	0.0
8.19744407	0.1026078	0.0772208	0.1254258	0.040894490000000006	0.0	0.0	0.0	0.0	0.0
8.22244407	0.12189820000000003	0.09107330000000001	0.1349755	0.04779652	0.0	0.0	0.0	0.0	0.0
8.24644407	0.14674199999999998	0.1091553	0.15245170000000002	0.056973569999999994	0.0	0.0	0.0	0.0	0.0
8.271444070000001	0.1681726	0.12484529999999999	0.16914709999999997	0.06498382000000001	0.0	0.0	0.0	0.0	0.0
8.29644407	0.1764308	0.1308477	0.1749306	0.06802514999999999	0.0	0.0	0.0	0.0	0.0
8.32144407	0.16626390000000002	0.1232617	0.1638543	0.06405385999999999	0.0	0.0	0.0	0.0	0.0
8.345444070000001	0.13958439999999997	0.1034584	0.1372114	0.05375797	0.0	0.0	0.0	0.0	0.0
8.37044407	0.1040087	0.07708916999999998	0.10215789999999998	0.040051050000000005	0.0	0.0	0.0	0.0	0.0
8.39544407	0.06871680000000001	0.050938380000000005	0.0674551	0.026459049999999998	0.0	0.0	0.0	0.0	0.0
8.42044407	0.04022250000000001	0.02981074	0.03947816999999999	0.01548716	0.0	0.0	0.0	0.0	0.0
8.44444407	0.020852199999999998	0.015455489999999999	0.020466770000000002	0.008029567999999999	0.0	0.0	0.0	0.0	0.0
8.46944407	0.00957629	0.007097042999999999	0.009398599999999998	0.003686501	0.0	0.0	0.0	0.0	0.0
8.49444407	0.00389442	0.0028864069999999997	0.0038221320000000002	0.001499522	0.0	0.0	0.0	0.0	0.0
8.51944407	0.001402756	0.0010395250000000001	0.0013767050000000002	0.0005400740000000001	0.0	0.0	0.0	0.0	0.0
8.54344407	0.00044745	0.0003316195	0.0004391373999999999	0.0001722925	0.0	0.0	0.0	0.0	0.0
8.56844407	0.0001264068	9.368103000000002e-05	0.0001240487	4.8668169999999994e-05	0.0	0.0	0.0	0.0	0.0
8.59344407	3.1621199999999995e-05	2.343518e-05	3.103325e-05	1.2174204e-05	0.0	0.0	0.0	0.0	0.0
8.61844407	7.0047e-06	5.191492e-06	6.875021999999999e-06	2.6973129999999997e-06	0.0	0.0	0.0	0.0	0.0
8.643444070000001	1.374181e-06	1.0184642e-06	1.3487930000000001e-06	5.291442e-07	0.0	0.0	0.0	0.0	0.0
8.66744407	2.38723e-07	1.7692929999999999e-07	2.3429969999999997e-07	9.192201e-08	0.0	0.0	0.0	0.0	0.0
8.69244407	3.67253e-08	2.7219050000000003e-08	3.604492e-08	1.413997e-08	0.0	0.0	0.0	0.0	0.0
8.71744407	5.00254e-09	3.7080459999999998e-09	4.909308000000001e-09	1.926032e-09	0.0	0.0	0.0	0.0	0.0
8.742444070000001	6.033780000000001e-10	4.4716610000000007e-10	5.921995e-10	2.3232899999999998e-10	0.0	0.0	0.0	0.0	0.0
8.76644407	6.44372e-11	4.77637e-11	6.324071e-11	2.4812599999999998e-11	0.0	0.0	0.0	0.0	0.0
8.79144407	6.0943999999999996e-12	4.5163650000000004e-12	5.980273999999999e-12	2.346362e-12	0.0	0.0	0.0	0.0	0.0
8.816444070000001	5.10161e-13	3.7816110000000006e-13	5.007193000000001e-13	1.9645519999999998e-13	0.0	0.0	0.0	0.0	0.0
8.84144407	3.78699e-14	2.806644e-14	3.716687e-14	1.458019e-14	0.0	0.0	0.0	0.0	0.0
8.86544407	2.49677e-15	1.8506190000000003e-15	2.450538e-15	9.61456e-16	0.0	0.0	0.0	0.0	0.0
8.890444070000001	1.387034e-16	1.028083e-16	1.361365e-16	5.340896e-17	0.0	0.0	0.0	0.0	0.0
8.91544407	0.0	0.0	0.0	0.0	0.0	0.0	0.0	0.0	0.0
8.94044407	0.0	0.0	0.0	0.0	0.0	0.0	0.0	0.0	0.0
8.96444407	0.0	0.0	0.0	0.0	0.0	0.0	0.0	0.0	0.0
8.989444070000001	0.0	0.0	0.0	0.0	0.0	0.0	0.0	0.0	0.0
9.01444407	0.0	0.0	0.0	0.0	0.0	0.0	0.0	0.0	0.0
9.03944407	0.0	0.0	0.0	0.0	0.0	0.0	0.0	0.0	0.0
9.06444407	0.0	0.0	0.0	0.0	0.0	0.0	0.0	0.0	0.0
9.088444070000001	0.0	0.0	0.0	0.0	0.0	0.0	0.0	0.0	0.0
9.11344407	0.0	0.0	0.0	0.0	0.0	0.0	0.0	0.0	0.0
9.13844407	0.0	0.0	0.0	0.0	0.0	0.0	0.0	0.0	0.0
9.16344407	0.0	0.0	0.0	0.0	0.0	0.0	0.0	0.0	0.0
9.18744407	0.0	0.0	0.0	0.0	0.0	0.0	0.0	0.0	0.0
9.21244407	0.0	0.0	0.0	0.0	0.0	0.0	0.0	0.0	0.0
9.23744407	0.0	0.0	0.0	0.0	0.0	0.0	0.0	0.0	0.0
9.26244407	0.0	0.0	0.0	0.0	0.0	0.0	0.0	0.0	0.0
9.28644407	0.0	0.0	0.0	0.0	0.0	0.0	0.0	0.0	0.0
9.31144407	0.0	0.0	0.0	0.0	0.0	0.0	0.0	0.0	0.0
9.33644407	0.0	0.0	0.0	0.0	0.0	0.0	0.0	0.0	0.0
9.361444070000001	0.0	0.0	0.0	0.0	0.0	0.0	0.0	0.0	0.0
9.38544407	0.0	0.0	0.0	0.0	0.0	0.0	0.0	0.0	0.0
9.41044407	0.0	0.0	0.0	0.0	0.0	0.0	0.0	0.0	0.0
