-16.47094	0.0
-16.443939999999998	0.0
-16.41594	0.0
-16.388939999999998	0.0
-16.36194	0.0
-16.33494	0.0
-16.30694	0.0
-16.27994	0.0
-16.25294	0.0
-16.22494	0.0
-16.19794	0.0
-16.170939999999998	0.0
-16.14394	0.0
-16.11594	0.0
-16.08894	0.0
-16.06194	0.0
-16.03494	0.0
-16.00694	0.0
-15.97994	0.0
-15.952939999999998	0.0
-15.92494	0.0
-15.897939999999998	0.0
-15.870939999999997	0.0
-15.84394	0.0
-15.815939999999998	2.7376558294e-15
-15.78894	8.486843499e-14
-15.76194	1.6753985445999996e-12
-15.734939999999998	2.9119852027e-11
-15.70694	4.3666498931999996e-10
-15.679939999999998	5.650074383199999e-09
-15.652939999999997	6.309622650299999e-08
-15.62594	6.080456255900001e-07
-15.597939999999998	5.057658320900001e-06
-15.57094	3.6309557869e-05
-15.54394	0.00022498846737000004
-15.51594	0.0012033875194000002
-15.48894	0.005555792351499999
-15.461939999999998	0.022142948261
-15.434939999999997	0.07617363182999999
-15.406939999999999	0.2262773915
-15.379939999999998	0.5801801807299999
-15.35294	1.2844794545999998
-15.32594	2.4545872254999996
-15.29794	4.050143296100001
-15.27094	5.7693590466
-15.243939999999998	7.096852881999999
-15.21594	7.536080967
-15.188939999999999	6.9100043719999995
-15.161939999999998	5.469758689899999
-15.13494	3.7382413448
-15.106939999999998	2.2058437597
-15.07994	1.1236769834
-15.05294	0.49417558041
-15.025939999999999	0.187674197
-14.99794	0.061521558374
-14.970939999999999	0.017409515554999998
-14.943939999999998	0.004253356816700001
-14.91694	0.0008968933019
-14.888939999999998	0.00016327155872
-14.86194	2.5652353077000004e-05
-14.83494	3.4790066317e-06
-14.80694	4.0725086242999993e-07
-14.77994	4.1134092973e-08
-14.752939999999999	3.5864629096000002e-09
-14.725939999999998	2.6982960682e-10
-14.69794	1.7521280079999998e-11
-14.670939999999998	9.801188798e-13
-14.64394	4.9280118239000005e-14
-14.61694	0.0
-14.588940000000001	0.0
-14.56194	0.0
-14.534939999999999	0.0
-14.50694	0.0
-14.47994	0.0
-14.452939999999998	0.0
-14.42594	2.9126442479999997e-15
-14.397939999999998	3.495329331999999e-14
-14.370939999999997	7.369264394e-13
-14.34394	1.3396204466999998e-11
-14.316939999999999	2.0994040561000002e-10
-14.28894	2.8391230359999997e-09
-14.26194	3.313077608e-08
-14.234939999999998	3.336753197e-07
-14.20794	2.900333991e-06
-14.179939999999998	2.175895689e-05
-14.152939999999997	0.00014089959781
-14.12594	0.0007875466023
-14.097939999999998	0.003799219629
-14.07094	0.015822121019
-14.04394	0.056888306449999995
-14.016939999999998	0.17653521154000001
-13.98894	0.473047977
-13.961939999999998	1.0942663883000001
-13.934939999999997	2.1850276620000004
-13.90794	3.767334119
-13.879939999999998	5.608078209
-13.85294	7.207632891000001
-13.82594	7.9972822599999995
-13.79794	7.661852253
-13.77094	6.336920509
-13.743939999999998	4.525617283999999
-13.716939999999997	2.790652292
-13.688939999999999	1.4855504628
-13.661939999999998	0.6827325653999999
-13.63494	0.270886956
-13.60794	0.09278541098
-13.57994	0.027439321800000003
-13.55294	0.007004647435
-13.525939999999999	0.0015435563118999997
-13.49794	0.0002936156165
-13.470939999999999	4.821132309e-05
-13.443939999999998	6.8315430329999994e-06
-13.41694	8.356621608e-07
-13.388939999999998	8.822358205e-08
-13.36194	8.038746939e-09
-13.33494	6.319761888e-10
-13.307939999999999	4.288758754e-11
-13.27994	2.510740318e-12
-13.252939999999999	1.2816666397e-13
-13.225939999999998	5.825674253e-15
-13.19894	0.0
-13.170939999999998	0.0
-13.14394	0.0
-13.11694	0.0
-13.088940000000001	0.0
-13.06194	0.0
-13.034939999999999	0.0
-13.007939999999998	0.0
-12.97994	1.2697617326999999e-14
-12.952939999999998	3.016058105e-13
-12.92594	5.736313405e-12
-12.89894	9.432415299e-11
-12.870939999999997	1.3387299134000002e-09
-12.84394	1.639645223e-08
-12.816939999999999	1.733166788e-07
-12.78894	1.5810518790000002e-06
-12.76194	1.2446256568999998e-05
-12.734939999999998	8.458684649000001e-05
-12.70794	0.0004961474721
-12.679939999999998	0.002511866713
-12.652939999999997	0.010979157596000001
-12.62594	0.0414156603
-12.598939999999999	0.13488995696
-12.57094	0.3793275903
-12.54394	0.9206486023
-12.516939999999998	1.9292678829999999
-12.48994	3.490538451
-12.461939999999998	5.452494889
-12.434939999999997	7.353379427
-12.40794	8.561724219999999
-12.379939999999998	8.607588138999999
-12.35294	7.470623158
-12.32594	5.598552143
-12.298939999999998	3.622282167
-12.27094	2.0235941610000006
-12.243939999999998	0.9759626396000001
-12.216939999999997	0.4062883085
-12.18994	0.1460557543
-12.161939999999998	0.04532271115
-12.13494	0.012141852861999999
-12.10794	0.0028078773989999996
-12.07994	0.000560516912
-12.05294	9.657615743e-05
-12.025939999999999	1.43636978e-05
-11.998939999999997	1.843991129e-06
-11.970939999999999	2.0429542609999997e-07
-11.943939999999998	1.953572927e-08
-11.91694	1.6121030910000001e-09
-11.88994	1.1479278691000001e-10
-11.86194	7.054186133e-12
-11.83494	3.746575731e-13
-11.807939999999999	1.904898549e-14
-11.780939999999998	0.0
-11.752939999999999	0.0
-11.725939999999998	0.0
-11.69894	0.0
-11.670939999999998	0.0
-11.64394	0.0
-11.61694	0.0
-11.589939999999999	0.0
-11.56194	0.0
-11.534939999999999	0.0
-11.507939999999998	0.0
-11.48094	2.6947201660000003e-14
-11.452939999999998	5.448940027e-13
-11.42594	1.004745039e-11
-11.39894	1.600797692e-10
-11.370939999999997	2.2003766000000004e-09
-11.34394	2.6103103500000004e-08
-11.316939999999999	2.672351263e-07
-11.289939999999998	2.361262062e-06
-11.26194	1.8006932319999997e-05
-11.234939999999998	0.0001185255548
-11.20794	0.0006733850802
-11.18094	0.0033021211220000003
-11.152939999999997	0.013979475279999999
-11.12594	0.0510844405
-11.098939999999999	0.1611562647
-11.071939999999998	0.4389123639
-11.04394	1.032050441
-11.016939999999998	2.094955598
-10.98994	3.6712757810000007
-10.961939999999998	5.555101932000001
-10.934939999999997	7.25647509
-10.90794	8.18524129
-10.880939999999999	7.9707620200000004
-10.85294	6.701800876
-10.82594	4.864859744
-10.798939999999998	3.049084922
-10.77194	1.64989816
-10.743939999999998	0.770676245
-10.716939999999997	0.3108338269
-10.68994	0.1082362973
-10.661939999999998	0.032533114
-10.63494	0.008440723139999998
-10.60794	0.001890898318
-10.580939999999998	0.00036561194990000003
-10.55294	6.102243681e-05
-10.525939999999999	8.79047199e-06
-10.498939999999997	1.0930694749999999e-06
-10.47194	1.1730036390000001e-07
-10.443939999999998	1.0862951330000002e-08
-10.41694	8.68232517e-10
-10.38994	5.989091585e-11
-10.36194	3.568876121e-12
-10.33494	1.79627957e-13
-10.307939999999999	1.197628978e-14
-10.280939999999998	0.0
-10.252939999999999	0.0
-10.225939999999998	0.0
-10.19894	0.0
-10.17194	0.0
-10.14394	0.0
-10.11694	0.0
-10.089939999999999	0.0
-10.062939999999998	0.0
-10.034939999999999	0.0
-10.007939999999998	0.0
-9.98094	0.0
-9.952940000000002	0.0
-9.92594	0.0
-9.89894	0.0
-9.871939999999999	0.0
-9.84394	0.0
-9.816939999999999	0.0
-9.789940000000001	0.0
-9.76294	0.0
-9.734940000000002	0.0
-9.70794	0.0
-9.68094	0.0
-9.652940000000001	0.0
-9.62594	0.0
-9.598939999999999	0.0
-9.571940000000001	0.0
-9.54394	0.0
-9.516940000000002	0.0
-9.48994	0.0
-9.46294	0.0
-9.434940000000001	0.0
-9.40794	0.0
-9.380939999999999	1.1799797399999998e-14
-9.353940000000001	2.71401702e-13
-9.32594	5.18600099e-12
-9.298940000000002	8.53744293e-11
-9.27194	1.2134422399999997e-09
-9.243939999999998	1.48810906e-08
-9.216940000000001	1.5753388899999998e-07
-9.18994	1.43901018e-06
-9.162939999999999	1.1346635849999998e-05
-9.13494	7.72176462e-05
-9.10794	0.00045354491999999996
-9.080940000000002	0.00229938674
-9.05394	0.010063096329999998
-9.025939999999999	0.038022525099999996
-8.998940000000001	0.12400471250000003
-8.97194	0.349173966
-8.943940000000001	0.8487189180000001
-8.91694	1.7813374599999996
-8.88994	3.22709232
-8.862939999999998	5.047893340000001
-8.83494	6.81794662
-8.807939999999999	7.94936574
-8.780940000000001	8.00314996
-8.75394	6.9562653999999995
-8.725940000000001	5.220505389999999
-8.69894	3.3824769499999996
-8.67194	1.8921450700000002
-8.644939999999998	0.9138725639999999
-8.61694	0.38105571699999996
-8.589939999999999	0.13715549400000002
-8.562940000000001	0.0426235999
-8.534939999999999	0.011435305160000001
-8.507940000000001	0.0026480594
-8.48094	0.000529353899
-8.45394	9.13451697e-05
-8.42594	1.36044517e-05
-8.39894	1.7487798599999999e-06
-8.371939999999999	1.94053772e-07
-8.344940000000001	1.85804708e-08
-8.316939999999999	1.5354361499999998e-09
-8.289940000000001	1.0949748439999999e-10
-8.26294	6.73757394e-12
-8.234940000000002	3.59900234e-13
-8.20794	1.76982432e-14
-8.18094	0.0
-8.153939999999999	0.0
-8.12594	0.0
-8.098939999999999	0.0
-8.071940000000001	0.0
-8.04494	0.0
-8.016940000000002	0.0
-7.98994	0.0
-7.962940000000001	1.465941575e-14
-7.9359399999999996	3.3719077700000003e-13
-7.907940000000001	6.36233657e-12
-7.88094	1.0362140240000001e-10
-7.853940000000001	1.4569299889999999e-09
-7.82594	1.76771506e-08
-7.798940000000001	1.8509484419999998e-07
-7.77194	1.672737071e-06
-7.744940000000001	1.3045545509999998e-05
-7.71694	8.7831167e-05
-7.689940000000001	0.000510349337
-7.66294	0.002559842024
-7.635940000000001	0.01108306207
-7.60794	0.041428450400000004
-7.580940000000001	0.1336589483
-7.55394	0.37225071600000004
-7.525939999999999	0.8952827769999999
-7.49894	1.858536062
-7.471940000000001	3.3312049700000004
-7.44494	5.15542857
-7.416939999999999	6.88732347
-7.38994	7.944866400000001
-7.362939999999999	7.912486329999999
-7.33594	6.804301970000001
-7.307939999999999	5.051057400000001
-7.28094	3.23787672
-7.253939999999999	1.7917325110000002
-7.2259400000000005	0.8561035899999999
-7.1989399999999995	0.35310799400000004
-7.17194	0.1257521529
-7.144939999999999	0.0386586619
-7.1169400000000005	0.01025883904
-7.0899399999999995	0.002350298826
-7.06294	0.000464832584
-7.035939999999999	7.933679280000001e-05
-7.0079400000000005	1.169027866e-05
-6.9809399999999995	1.486563346e-06
-6.95394	1.63180224e-07
-6.926939999999999	1.5457263160000003e-08
-6.8989400000000005	1.263474151e-09
-6.8719399999999995	8.91393384e-11
-6.84494	5.424267850000001e-12
-6.81694	2.87336031e-13
-6.7899400000000005	1.1728112810000001e-14
-6.7629399999999995	0.0
-6.73594	0.0
-6.70794	0.0
-6.6809400000000005	0.0
-6.6539399999999995	0.0
-6.62694	0.0
-6.59894	0.0
-6.571940000000001	0.0
-6.5449399999999995	8.5933268704e-15
-6.516940000000001	2.2174841899999998e-13
-6.48994	4.26708587e-12
-6.462940000000001	7.166639e-11
-6.4359399999999996	1.0400006059999998e-09
-6.407940000000001	1.3037944200000001e-08
-6.38094	1.41262931e-07
-6.353940000000001	1.3228955e-06
-6.32694	1.071006326e-05
-6.298940000000001	7.497699350000001e-05
-6.27194	0.000453998839
-6.244940000000001	0.00237845159
-6.21794	0.0107820232
-6.189940000000001	0.0423025187
-6.16294	0.143702782
-6.135940000000001	0.42276192900000004
-6.10794	1.0772754900000001
-6.080940000000001	2.3786574
-6.05394	4.55158152
-6.026940000000001	7.5488249000000005
-5.99894	10.8536215
-5.971940000000001	13.5318386
-5.94494	14.6284616
-5.917940000000001	13.7124046
-5.88994	11.1476146
-5.862939999999999	7.8588507000000005
-5.83594	4.80396598
-5.807939999999999	2.54650995
-5.78094	1.16996286
-5.753939999999999	0.465915818
-5.72694	0.16080414399999998
-5.6989399999999995	0.04808397269999999
-5.67194	0.012453731400000001
-5.644939999999999	0.00279327641
-5.61794	0.000542361967
-5.5899399999999995	9.1156677e-05
-5.56294	1.3255608700000002e-05
-5.535939999999999	1.6674836099999998e-06
-5.50894	1.81441233e-07
-5.4809399999999995	1.72702919e-08
-5.45394	4.09277109e-09
-5.426939999999999	3.157307647e-08
-5.3989400000000005	3.1611216687e-07
-5.3719399999999995	2.7397252747e-06
-5.34494	2.0496750873000003e-05
-5.317939999999999	0.00013234688183999998
-5.2899400000000005	0.000737561564
-5.2629399999999995	0.0035485947764
-5.23594	0.014737507188
-5.208939999999999	0.052832192859999995
-5.1809400000000005	0.16350305992
-5.1539399999999995	0.4368350205
-5.12694	1.0075534376
-5.09894	2.0064999601
-5.071940000000001	3.4499436662000003
-5.0449399999999995	5.120801965
-5.01794	6.563107808
-4.98994	7.26162438
-4.962940000000001	6.936842952
-4.9359399999999996	5.721798058000001
-4.90894	4.0748522220000005
-4.88094	2.5053765637
-4.853940000000001	1.3300277559
-4.82694	0.6095398501
-4.79994	0.24114772867
-4.77194	0.08236844223999998
-4.744940000000001	0.024288794141
-4.71794	0.006182786673999999
-4.689940000000001	0.0013587233224
-4.66294	0.0002588285409
-4.635940000000001	5.1243698900000004e-05
-4.60894	6.8322613e-05
-4.580940000000001	0.0003717119448
-4.55394	0.0019048697093000003
-4.526940000000001	0.008442346373800001
-4.49994	0.0323018754416
-4.471940000000001	0.10669395385699999
-4.44494	0.30419872069500004
-4.417940000000001	0.74880575346
-4.38994	1.59137163933
-4.362939999999999	2.9198139162000003
-4.33594	4.625769558
-4.308940000000001	6.329369203000001
-4.28094	7.4860389099999995
-4.253939999999999	7.6741636
-4.22694	6.88443321
-4.199940000000001	5.57111239
-4.17194	4.425058
-4.144939999999999	4.013425600000001
-4.11794	4.5096456
-4.0899399999999995	5.620486999999999
-4.06294	6.7314007
-4.035939999999999	7.212989390000001
-4.00894	6.74370833
-3.9809399999999995	5.46136327
-3.9539400000000002	3.82228516
-3.926939999999999	2.309988243
-3.89994	1.205509982
-3.8719399999999995	0.5431296075
-3.8449400000000002	0.21125666480000002
-3.8179399999999992	0.0709339636
-3.79094	0.02056650542
-3.7629399999999995	0.00514666849
-3.7359400000000003	0.00111284877
-3.7089399999999992	0.00021521535300000002
-3.6809400000000005	8.82922958e-05
-3.6539399999999995	0.0003338302024
-3.6269400000000003	0.0017037802939
-3.5999399999999993	0.0076058243410000006
-3.5719400000000006	0.02932152966
-3.5449399999999995	0.09758604046000002
-3.5179400000000003	0.28037158562000003
-3.4909399999999993	0.6954084388
-3.4629400000000006	1.4890903417999997
-3.4359399999999996	2.7530399104
-3.4089400000000003	4.3941750166
-3.38094	6.0552382819999995
-3.3539400000000006	7.2045952720000015
-3.3269399999999996	7.400345356
-3.2999400000000003	6.563927901
-3.27194	5.0262609124
-3.2449400000000006	3.3229328833999996
-3.2179399999999996	1.8968424825999999
-3.1909400000000003	0.9347187214
-3.16294	0.39768730881000003
-3.1359400000000006	0.14606022638
-3.1089399999999996	0.046318408989
-3.0819400000000003	0.012679538233
-3.05394	0.0029961242616
-3.0269400000000006	0.0006111474562000001
-2.9999399999999996	0.0001076053275
-2.971940000000001	1.6353978112e-05
-2.94494	2.1452503566e-06
-2.9179400000000006	2.4291314008e-07
-2.8909399999999996	2.4210645909999997e-08
-2.862939999999999	8.1383784e-09
-2.83594	6.834527359999999e-08
-2.8089400000000007	6.541168855400001e-07
-2.7819399999999996	5.41422899893e-06
-2.753939999999999	3.86826328589e-05
-2.72694	0.00023853060159299998
-2.6999400000000007	0.00126971500127
-2.67194	0.005833922155689999
-2.644939999999999	0.023137793997700003
-2.61794	0.07922114151100002
-2.5909400000000007	0.23419198464000002
-2.56294	0.5976317383099999
-2.535939999999999	1.31706592639
-2.50894	2.5060659624
-2.4819400000000007	4.1220254616
-2.4539400000000002	5.868989882999999
-2.426939999999999	7.265677808
-2.39994	7.9095200299999995
-2.3729400000000007	7.786492710000001
-2.3449400000000002	7.359801209999999
-2.3179399999999992	7.3167463
-2.29094	8.13515183
-2.2629399999999995	9.77336986
-2.2359400000000003	11.68398337
-2.2089399999999992	13.10640719
-2.18194	13.42934953
-2.1539399999999995	12.429294420000002
-2.1269400000000003	10.32484411
-2.0999399999999993	7.6569624
-2.07294	5.03654646
-2.0449399999999995	2.921823071
-2.0179400000000003	1.487025354
-1.9909399999999993	0.661064942
-1.9629399999999997	0.2557848109
-1.9359400000000004	0.08594211279999998
-1.9089400000000003	0.025027391219999997
-1.8819400000000002	0.00630960645
-1.8539399999999997	0.001375740322
-1.8269400000000005	0.000259215925
-1.7999400000000003	4.22027936e-05
-1.7729400000000002	5.932977800000001e-06
-1.7449399999999997	7.20267832e-07
-1.7179400000000005	7.549422293000002e-08
-1.6909400000000003	6.829049641e-09
-1.6639400000000002	5.332071183000001e-10
-1.6359399999999997	3.593097495e-11
-1.6089399999999996	2.0881875778999995e-12
-1.5819400000000003	1.0524187996999999e-13
-1.5539399999999999	5.538818629999999e-15
-1.5269399999999997	0.0
-1.4999399999999996	0.0
-1.4729400000000004	0.0
-1.44494	0.0
-1.4179399999999998	0.0
-1.3909399999999996	0.0
-1.3639400000000004	0.0
-1.33594	0.0
-1.3089399999999998	0.0
-1.2819399999999996	0.0
-1.25394	0.0
-1.22694	0.0
-1.1999399999999998	0.0
-1.1729399999999996	0.0
-1.14494	0.0
-1.11794	0.0
-1.0909399999999998	0.0
-1.0639399999999997	1.05706996722e-14
-1.03594	2.432659862e-13
-1.00894	4.5943399111e-12
-0.9819399999999998	7.5549119809e-11
-0.9549399999999997	1.07258985357e-09
-0.9269400000000001	1.3159961323e-08
-0.89994	1.3955495925e-07
-0.8729399999999998	1.27939118863e-06
-0.8449400000000002	1.01434700695e-05
-0.8179400000000001	6.956880444e-05
-0.79094	0.00041288450116000003
-0.7639399999999998	0.0021213943499
-0.7359400000000003	0.0094388370154
-0.7089400000000001	0.036381319211000004
-0.68194	0.12157118615
-0.6549399999999999	0.35216165645
-0.6269400000000003	0.88510279246
-0.5999400000000001	1.9304775287
-0.57294	3.6551933887
-0.5449400000000004	6.0102046554
-0.5179400000000003	8.585311394000001
-0.49094000000000015	10.652569949
-0.46394	11.488193907
-0.43594000000000044	10.765047123999999
-0.4089400000000003	8.762806116
-0.38194000000000017	6.2000034961
-0.35494000000000003	3.8094304757
-0.32694000000000045	2.0326737619
-0.2999400000000003	0.9416424454
-0.2729400000000002	0.37846812690000003
-0.2449399999999997	0.13196182256
-0.21794000000000047	0.039892227715
-0.19094000000000033	0.010454012225
-0.1639400000000002	0.0023729245656
-0.13593999999999973	0.0004664187934
-0.10893999999999959	7.937467565e-05
-0.08194000000000035	1.1686852388000001e-05
-0.05494000000000021	1.4884060943999998e-06
-0.026939999999999742	1.6393970293999998e-07
6.000000000039307e-05	1.561072568e-08
0.02705999999999964	1.2846801959000001e-09
0.054059999999999775	9.136014911999999e-11
0.08206000000000024	5.615382359e-12
0.10906000000000038	2.9651671324e-13
0.13605999999999963	1.289672518e-14
0.1640600000000001	0.0
0.19106000000000023	0.0
0.21806000000000036	0.0
0.2450599999999996	0.0
0.2730600000000001	0.0
0.3000600000000002	0.0
0.32706000000000035	0.0
0.3540599999999996	0.0
0.38206000000000007	0.0
0.4090600000000002	0.0
0.43606000000000034	0.0
0.4640599999999999	0.0
0.49106000000000005	0.0
0.5180600000000002	0.0
0.5450600000000003	0.0
0.5730599999999999	0.0
0.60006	0.0
0.6270600000000002	0.0
0.6540600000000003	0.0
0.6820599999999999	0.0
0.70906	0.0
0.7360600000000002	0.0
0.7630600000000003	0.0
0.7910599999999999	0.0
0.81806	0.0
0.8450600000000001	0.0
0.8730599999999997	0.0
0.9000599999999999	0.0
0.92706	0.0
0.9540600000000001	0.0
0.9820599999999997	0.0
1.0090599999999998	0.0
1.03606	0.0
1.0630600000000001	0.0
1.0910599999999997	0.0
1.1180599999999998	0.0
1.14506	0.0
1.1730599999999995	0.0
1.2000599999999997	0.0
1.2270599999999998	0.0
1.25406	0.0
1.2820599999999995	0.0
1.3090599999999997	0.0
1.3360599999999998	0.0
1.36306	0.0
1.3910600000000004	0.0
1.4180599999999997	0.0
1.4450599999999998	0.0
1.47206	0.0
1.5000600000000004	0.0
1.5270599999999996	0.0
1.5540599999999998	0.0
1.5820600000000002	0.0
1.6090600000000004	0.0
1.6360599999999996	0.0
1.6630599999999998	0.0
1.6910600000000002	0.0
1.7180600000000004	0.0
1.7450599999999996	0.0
1.7720599999999997	0.0
1.8000600000000002	0.0
1.8270600000000004	0.0
1.8540599999999996	0.0
1.88206	0.0
1.9090600000000002	0.0
1.9360600000000003	0.0
1.9630599999999996	0.0
1.99106	0.0
2.01806	0.0
2.04506	0.0
2.07206	0.0
2.10006	0.0
2.12706	0.0
2.15406	0.0
2.18106	0.0
2.20906	0.0
2.23606	0.0
2.26306	0.0
2.29106	0.0
2.31806	0.0
2.34506	0.0
2.37206	0.0
2.40006	0.0
2.42706	0.0
2.45406	0.0
2.48106	0.0
2.50906	0.0
2.53606	0.0
2.56306	0.0
2.59106	0.0
2.61806	0.0
2.64506	0.0
2.67206	0.0
2.70006	0.0
2.72706	0.0
2.75406	0.0
2.78106	0.0
2.80906	0.0
2.83606	0.0
2.86306	0.0
2.89106	0.0
2.91806	0.0
2.94506	0.0
2.97206	0.0
3.00006	0.0
3.02706	0.0
3.0540599999999998	0.0
3.08106	0.0
3.10906	0.0
3.13606	0.0
3.1630599999999998	0.0
3.19006	0.0
3.21806	0.0
3.24506	0.0
3.2720599999999997	0.0
3.3000599999999998	0.0
3.32706	0.0
3.35406	0.0
3.38106	0.0
3.4090599999999998	0.0
3.43606	0.0
3.46306	0.0
3.49006	0.0
3.51806	0.0
3.54506	0.0
3.57206	0.0
3.60006	0.0
3.62706	0.0
3.65406	0.0
3.68106	0.0
3.70906	0.0
3.73606	0.0
3.76306	0.0
3.79006	0.0
3.81806	0.0
3.84506	0.0
3.87206	0.0
3.89906	0.0
3.92706	0.0
3.95406	0.0
3.98106	0.0
4.00906	0.0
4.03606	0.0
4.06306	0.0
4.09006	0.0
4.11806	0.0
4.14506	0.0
4.17206	0.0
4.19906	0.0
4.22706	0.0
4.25406	0.0
4.28106	0.0
4.30906	0.0
4.33606	0.0
4.36306	0.0
4.39006	0.0
4.41806	0.0
4.44506	0.0
4.47206	0.0
4.49906	0.0
4.52706	0.0
4.55406	0.0
4.58106	0.0
4.60806	0.0
4.6360600000000005	0.0
4.66306	0.0
4.69006	0.0
4.7180599999999995	0.0
4.7450600000000005	0.0
4.77206	0.0
4.79906	0.0
4.8270599999999995	0.0
4.8540600000000005	0.0
4.88106	0.0
4.90806	0.0
4.9360599999999994	0.0
4.9630600000000005	0.0
4.99006	0.0
5.01806	0.0
5.04506	0.0
5.0720600000000005	0.0
5.09906	0.0
5.12706	0.0
5.15406	0.0
5.18106	0.0
5.20806	0.0
5.23606	0.0
5.26306	0.0
5.29006	0.0
5.31706	0.0
5.34506	0.0
5.37206	0.0
5.39906	6.3515605e-16
5.42706	1.286146852e-14
5.45406	2.48359393e-13
5.48106	4.1134844900000004e-12
5.50806	5.8811961e-11
5.53606	7.256881760000001e-10
5.56306	7.727507059999999e-09
5.59006	7.10134447e-08
5.61706	5.632584450000001e-07
5.64506	3.8561083800000006e-06
5.67206	2.2786025499999998e-05
5.69906	0.0001162219961
5.72706	0.000511688413
5.75406	0.0019446599099999999
5.78106	0.00638086481
5.80806	0.0180731496
5.83606	0.044195102400000005
5.86306	0.0933048152
5.89006	0.170063342
5.91706	0.267615775
5.94506	0.363652992
5.97206	0.42678698900000006
5.99906	0.43310095
6.02706	0.381722774
6.05406	0.297161945
6.08106	0.216685125
6.10806	0.17310411
6.13606	0.18282204999999999
6.16306	0.24201078999999998
6.19006	0.32826962
6.21706	0.40778686000000003
6.24506	0.45018839
6.27206	0.44729756000000004
6.29906	0.42631007
6.32606	0.44824455999999996
6.35406	0.5889445799999999
6.38106	0.9067810800000001
6.40806	1.40685988
6.43606	2.02124428
6.46306	2.6259328999999996
6.49006	3.0973655
6.51706	3.3702775000000003
6.54506	3.4586907
6.5720600000000005	3.4255338
6.59906	3.3395694
6.62606	3.249326
6.65406	3.1813386
6.68106	3.1385367
6.70806	3.0936072
6.73606	2.9954854
6.76306	2.8032827
6.79006	2.5209291
6.81706	2.2019485
6.84506	1.9174177000000001
6.87206	1.7157385
6.89906	1.6048962999999998
6.92606	1.5600610000000001
6.95406	1.5383335999999999
6.98106	1.4922327000000002
7.00806	1.3808748
7.03506	1.1876223
7.06306	0.93232605
7.09006	0.6664236600000001
7.11706	0.45116412
7.14506	0.33062089
7.17206	0.31858719
7.19906	0.39796500999999995
7.22606	0.527942
7.25406	0.6569085
7.28106	0.7411862
7.30806	0.7633537
7.33506	0.7381212
7.36306	0.7007827
7.39006	0.6857803
7.41706	0.7108135
7.44506	0.7737196
7.47206	0.8582699999999999
7.49906	0.942762
7.52606	1.0066410000000001
7.55406	1.0346060000000001
7.58106	1.0185285
7.60806	0.9560601000000001
7.63506	0.8495097
7.66306	0.7067126
7.69006	0.5428227
7.71706	0.37978520000000004
7.74406	0.23936998999999998
7.77206	0.13592531
7.79906	0.07296407
7.82606	0.046630782
7.8540600000000005	0.051637982000000006
7.88106	0.08496466999999999
7.90806	0.1451079
7.93506	0.22880063
7.9630600000000005	0.3291885
7.99006	0.437301
8.01706	0.5455369999999999
8.04406	0.649324
8.07206	0.7462356000000001
8.09906	0.8338918
8.126059999999999	0.910096
8.15406	0.9733804999999999
8.18106	1.0219103
8.20806	1.0499699
8.23506	1.046317
8.26306	0.9992987999999999
8.29006	0.9069678999999999
8.31706	0.7831680000000001
8.344059999999999	0.654061
8.37206	0.5470872
8.39906	0.482262
8.42606	0.46994389999999997
8.45306	0.5124584
8.48106	0.6059689
8.50806	0.7413482
8.53506	0.9048754
8.56306	1.0785269
8.59006	1.239399
8.61706	1.360034
8.64406	1.4135659999999999
8.67206	1.384627
8.69906	1.280101
8.72606	1.130156
8.75306	0.977869
8.78106	0.8609198
8.80806	0.7988153
8.83506	0.7904837
8.86306	0.8228099
8.89006	0.8829949999999999
8.91706	0.96422
8.94406	1.061695
8.972059999999999	1.1662059999999999
8.99906	1.261501
9.02606	1.3292539999999997
9.05306	1.356868
9.08106	1.342699
9.10806	1.297201
9.13506	1.2395530000000001
9.16306	1.192015
9.190059999999999	1.172137
9.21706	1.188787
9.244060000000001	1.240491
9.27206	1.3175189999999999
9.29906	1.4040499999999998
9.32606	1.482463
9.35306	1.53783
9.38106	1.5607656
9.408059999999999	1.5456256000000002
9.43506	1.487069
9.462060000000001	1.3793100000000003
9.49006	1.220914
9.51706	1.019806
9.54406	0.79469
9.57206	0.5711337
9.59906	0.37433089999999997
9.626059999999999	0.2214053
9.65306	0.11706710000000001
9.68106	0.054898520000000006
9.70806	0.02268769
9.73506	0.008223596000000001
9.76206	0.002604595
9.79006	0.0007189593
9.81706	0.00017260247000000002
9.844059999999999	3.59847e-05
9.87206	6.508129e-06
9.89906	1.0201833e-06
9.92606	1.3850181e-07
9.95306	1.6280312999999998e-08
9.98106	1.6558196e-09
10.00806	1.4565158000000002e-10
10.03506	1.1080686e-11
10.062059999999999	7.284006e-13
10.090060000000001	4.1492250000000007e-14
10.11706	2.1213338999999998e-15
10.14406	0.0
10.17106	0.0
10.19906	0.0
10.22606	0.0
10.25306	0.0
10.28106	0.0
10.308060000000001	0.0
10.33506	0.0
10.36206	0.0
10.39006	0.0
10.41706	0.0
10.44406	0.0
10.47106	0.0
10.49906	0.0
10.526060000000001	0.0
10.55306	0.0
10.58106	0.0
10.60806	0.0
10.63506	0.0
10.66206	0.0
10.690059999999999	0.0
10.71706	0.0
10.744060000000001	0.0
10.77106	0.0
