-16.53101725	0.0	0.0	0.0	0.0	0.0	0.0	0.0	0.0	0.0
-16.50401725	0.0	0.0	0.0	0.0	0.0	0.0	0.0	0.0	0.0
-16.47701725	0.0	0.0	0.0	0.0	0.0	0.0	0.0	0.0	0.0
-16.450017250000002	0.0	0.0	0.0	0.0	0.0	0.0	0.0	0.0	0.0
-16.42301725	0.0	0.0	0.0	0.0	0.0	0.0	0.0	0.0	0.0
-16.39601725	0.0	0.0	0.0	0.0	0.0	0.0	0.0	0.0	0.0
-16.36801725	0.0	0.0	0.0	0.0	0.0	0.0	0.0	0.0	0.0
-16.34101725	0.0	0.0	0.0	0.0	0.0	0.0	0.0	0.0	0.0
-16.31401725	0.0	0.0	0.0	0.0	0.0	0.0	0.0	0.0	0.0
-16.28701725	0.0	0.0	0.0	0.0	0.0	0.0	0.0	0.0	0.0
-16.26001725	0.0	0.0	0.0	0.0	0.0	0.0	0.0	0.0	0.0
-16.23301725	0.0	0.0	0.0	0.0	0.0	0.0	0.0	0.0	0.0
-16.206017250000002	0.0	0.0	0.0	0.0	0.0	0.0	0.0	0.0	0.0
-16.17801725	0.0	0.0	0.0	0.0	0.0	0.0	0.0	0.0	0.0
-16.15101725	0.0	0.0	0.0	0.0	0.0	0.0	0.0	0.0	0.0
-16.12401725	0.0	0.0	0.0	0.0	0.0	0.0	0.0	0.0	0.0
-16.09701725	0.0	0.0	0.0	0.0	0.0	0.0	0.0	0.0	0.0
-16.07001725	0.0	0.0	0.0	0.0	0.0	0.0	0.0	0.0	0.0
-16.043017250000002	0.0	0.0	0.0	0.0	0.0	0.0	0.0	0.0	0.0
-16.01601725	0.0	0.0	0.0	0.0	0.0	0.0	0.0	0.0	0.0
-15.988017250000002	0.0	0.0	0.0	0.0	0.0	0.0	0.0	0.0	0.0
-15.961017250000001	0.0	0.0	0.0	0.0	0.0	0.0	0.0	0.0	0.0
-15.93401725	0.0	0.0	0.0	0.0	0.0	0.0	0.0	0.0	0.0
-15.907017249999999	0.0	0.0	0.0	0.0	0.0	0.0	0.0	0.0	0.0
-15.880017250000002	5.22789e-15	9.630839e-17	7.676098815e-17	8.436236869999998e-17	0.0	0.0	0.0	0.0	0.0
-15.85301725	1.0456879999999999e-13	1.9259976e-15	1.535429862e-15	1.6871769699999999e-15	0.0	0.0	0.0	0.0	0.0
-15.82601725	2.073007e-12	3.818334e-14	3.043612392e-14	3.34468476e-14	0.0	0.0	0.0	0.0	0.0
-15.798017250000001	3.5080399999999995e-11	6.462042000000001e-13	5.15046737e-13	5.66027982e-13	0.0	0.0	0.0	0.0	0.0
-15.77101725	5.133679999999999e-10	9.455060999999998e-12	7.53755813e-12	8.28247588e-12	0.0	0.0	0.0	0.0	0.0
-15.744017249999999	6.490450000000001e-09	1.1955155999999999e-10	9.530743941e-11	1.0472818120000001e-10	0.0	0.0	0.0	0.0	0.0
-15.717017250000001	7.09209e-08	1.3062944e-09	1.0414522289999998e-09	1.144220443e-09	0.0	0.0	0.0	0.0	0.0
-15.69001725	6.696329999999999e-07	1.2334323e-08	9.832308435000001e-09	1.080520028e-08	0.0	0.0	0.0	0.0	0.0
-15.66301725	5.4641299999999995e-06	1.0065322000000001e-07	8.024117512999999e-08	8.81712835e-08	0.0	0.0	0.0	0.0	0.0
-15.636017250000002	3.8538299999999997e-05	7.098659999999999e-07	5.658836873999999e-07	6.21776145e-07	0.0	0.0	0.0	0.0	0.0
-15.60801725	0.000234912	4.327134e-06	3.44925169e-06	3.7904726499999996e-06	0.0	0.0	0.0	0.0	0.0
-15.581017250000002	0.001237527	2.2796282999999994e-05	1.8171668509999998e-05	1.99690599e-05	0.0	0.0	0.0	0.0	0.0
-15.554017250000001	0.005635579999999999	0.00010380949999999999	8.274810758e-05	9.09287915e-05	0.0	0.0	0.0	0.0	0.0
-15.52701725	0.02218328	0.0004086196	0.00032569810440000006	0.000357917628	0.0	0.0	0.0	0.0	0.0
-15.500017249999999	0.0754707	0.0013901496999999998	0.001108281559	0.001217783921	0.0	0.0	0.0	0.0	0.0
-15.473017250000002	0.22198790000000002	0.004088249	0.003259192554	0.0035818622999999996	0.0	0.0	0.0	0.0	0.0
-15.44601725	0.564388	0.010395701000000002	0.00828687282	0.009106213230000002	0.0	0.0	0.0	0.0	0.0
-15.418017250000002	1.2404620000000002	0.022847380000000004	0.018213608710000002	0.0200141602	0.0	0.0	0.0	0.0	0.0
-15.39101725	2.356838	0.04341313	0.03460604446	0.0380267274	0.0	0.0	0.0	0.0	0.0
-15.36401725	3.87142	0.07131494	0.056846850010000005	0.0624643863	0.0	0.0	0.0	0.0	0.0
-15.337017249999999	5.497439999999999	0.10126464	0.08072586761	0.088710547	0.0	0.0	0.0	0.0	0.0
-15.310017250000001	6.74896	0.12432205	0.09910845811000002	0.1088971084	0.0	0.0	0.0	0.0	0.0
-15.28301725	7.16379	0.13195964	0.10518498809999999	0.11558875179999999	0.0	0.0	0.0	0.0	0.0
-15.25601725	6.5734	0.12106843	0.09651405538999999	0.1060603899	0.0	0.0	0.0	0.0	0.0
-15.22801725	5.21432	0.09604242999999998	0.07656067706000001	0.0841378373	0.0	0.0	0.0	0.0	0.0
-15.20101725	3.5760500000000004	0.06586573	0.052503808639999996	0.057697775300000004	0.0	0.0	0.0	0.0	0.0
-15.174017250000002	2.120091	0.03905092	0.031131448340000003	0.034208942500000006	0.0	0.0	0.0	0.0	0.0
-15.147017250000001	1.0866419999999999	0.020017407	0.01595593159	0.017533334	0.0	0.0	0.0	0.0	0.0
-15.12001725	0.481501	0.008868691	0.007070466824999999	0.0077687845299999995	0.0	0.0	0.0	0.0	0.0
-15.093017249999999	0.1844286	0.003397102	0.002708017539	0.0029757973600000004	0.0	0.0	0.0	0.0	0.0
-15.06501725	0.0610707	0.0011248612999999999	0.0008966327162	0.000985377409	0.0	0.0	0.0	0.0	0.0
-15.03801725	0.01747973	0.00032196330000000003	0.0002566335942	0.00028203723499999994	0.0	0.0	0.0	0.0	0.0
-15.011017250000002	0.0043247599999999995	7.965481e-05	6.349832274e-05	6.97746839e-05	0.0	0.0	0.0	0.0	0.0
-14.98401725	0.0009248189999999999	1.7034444999999997e-05	1.3579906890000001e-05	1.492368707e-05	0.0	0.0	0.0	0.0	0.0
-14.95701725	0.00017095299999999997	3.1490799999999995e-06	2.510093564e-06	2.75844594e-06	0.0	0.0	0.0	0.0	0.0
-14.930017249999999	2.7313600000000002e-05	5.031323e-07	4.0107980530000003e-07	4.407062670000001e-07	0.0	0.0	0.0	0.0	0.0
-14.903017250000001	3.77139e-06	6.946843000000001e-08	5.538098276e-08	6.084788580000001e-08	0.0	0.0	0.0	0.0	0.0
-14.875017249999999	4.5009699999999996e-07	8.290243e-09	6.608272545e-09	7.261825239999999e-09	0.0	0.0	0.0	0.0	0.0
-14.848017250000002	4.64137e-08	8.549245999999999e-10	6.814970567e-10	7.488630709999999e-10	0.0	0.0	0.0	0.0	0.0
-14.82101725	4.136660000000001e-09	7.620110000000001e-11	6.073772914e-11	6.67467442e-11	0.0	0.0	0.0	0.0	0.0
-14.79401725	3.18614e-10	5.868265e-12	4.677771043e-12	5.1415274399999995e-12	0.0	0.0	0.0	0.0	0.0
-14.767017250000002	2.1200799999999998e-11	3.905081e-13	3.112942732e-13	3.4207732499999996e-13	0.0	0.0	0.0	0.0	0.0
-14.740017250000001	1.254948e-12	2.3627992000000004e-14	1.8322380849999997e-14	2.1089858e-14	0.0	0.0	0.0	0.0	0.0
-14.71301725	6.87032e-13	2.2851275e-14	8.035949991e-15	2.78127e-14	0.0	0.0	0.0	0.0	0.0
-14.685017250000001	1.121561e-11	3.8977849999999997e-13	1.278305296e-13	4.8148385e-13	0.0	0.0	0.0	0.0	0.0
-14.65801725	1.742528e-10	6.056652000000001e-12	1.985963916e-12	7.480886e-12	0.0	0.0	0.0	0.0	0.0
-14.63101725	2.3393979999999998e-09	8.131322e-11	2.666111375e-11	1.0043e-10	0.0	0.0	0.0	0.0	0.0
-14.604017250000002	2.7140810000000004e-08	9.433034e-10	3.0930052509999995e-10	1.1652321000000002e-09	0.0	0.0	0.0	0.0	0.0
-14.57701725	2.720939e-07	9.457126999999999e-09	3.10092896e-09	1.1680789000000001e-08	0.0	0.0	0.0	0.0	0.0
-14.55001725	2.3574150000000003e-06	8.193263999999999e-08	2.6866642979999997e-08	1.0119465999999998e-07	0.0	0.0	0.0	0.0	0.0
-14.523017249999999	1.765097e-05	6.135738000000001e-07	2.0116725440000002e-07	7.577015e-07	0.0	0.0	0.0	0.0	0.0
-14.49501725	0.0001142261	3.970274e-06	1.301888143e-06	4.9035827e-06	0.0	0.0	0.0	0.0	0.0
-14.468017249999999	0.000638909	2.2207045000000002e-05	7.281765023999999e-06	2.7431187000000004e-05	0.0	0.0	0.0	0.0	0.0
-14.441017250000002	0.003088912	0.00010735826999999999	3.520450328e-05	0.00013259842999999998	0.0	0.0	0.0	0.0	0.0
-14.41401725	0.01290808	0.0004486506	0.0001471199381	0.0005541821999999999	0.0	0.0	0.0	0.0	0.0
-14.38701725	0.046626799999999996	0.0016205040000000003	0.0005313354529	0.0020017047000000002	0.0	0.0	0.0	0.0	0.0
-14.360017250000002	0.1455831	0.005059769	0.0016591890109999999	0.0062497441	0.0	0.0	0.0	0.0	0.0
-14.333017250000001	0.39295500000000005	0.013657442000000002	0.004478407096999999	0.016869116	0.0	0.0	0.0	0.0	0.0
-14.305017249999999	0.9168970000000001	0.03186898	0.010449522760000001	0.039357352000000005	0.0	0.0	0.0	0.0	0.0
-14.278017250000001	1.849365	0.06427677	0.02107786252	0.07939836	0.0	0.0	0.0	0.0	0.0
-14.25101725	3.2249640000000004	0.11208671999999999	0.03675562501	0.13846309	0.0	0.0	0.0	0.0	0.0
-14.22401725	4.861460000000001	0.16897371	0.05540847982000001	0.20870977999999998	0.0	0.0	0.0	0.0	0.0
-14.197017250000002	6.3357	0.22022902	0.07222181557	0.27202756	0.0	0.0	0.0	0.0	0.0
-14.17001725	7.138399999999998	0.24814017	0.08137075578	0.30645298	0.0	0.0	0.0	0.0	0.0
-14.14301725	6.953800000000001	0.24169202	0.07925925441999998	0.29858929	0.0	0.0	0.0	0.0	0.0
-14.115017250000001	5.855620000000001	0.20353011000000001	0.06674619046000001	0.25142243999999997	0.0	0.0	0.0	0.0	0.0
-14.08801725	4.26351	0.14818125000000001	0.048586693210000004	0.18302881000000001	0.0	0.0	0.0	0.0	0.0
-14.061017249999999	2.683482	0.0932642	0.030581375119999997	0.11520751000000001	0.0	0.0	0.0	0.0	0.0
-14.034017250000002	1.4601570000000001	0.05075458	0.01664002567	0.06268525600000001	0.0	0.0	0.0	0.0	0.0
-14.00701725	0.6867630000000001	0.023872154	0.007827564333	0.029490369000000002	0.0	0.0	0.0	0.0	0.0
-13.98001725	0.2792865	0.009707592999999999	0.003182889451	0.011990826999999999	0.0	0.0	0.0	0.0	0.0
-13.953017250000002	0.0981827	0.003412054	0.001118823278	0.004214502300000001	0.0	0.0	0.0	0.0	0.0
-13.92501725	0.02983188	0.0010368564	0.00033999115930000005	0.0012806926	0.0	0.0	0.0	0.0	0.0
-13.898017249999999	0.00783513	0.000272353	8.930104564e-05	0.00033632558	0.0	0.0	0.0	0.0	0.0
-13.871017250000001	0.0017791520000000002	6.183206e-05	2.027650862e-05	7.638341000000002e-05	0.0	0.0	0.0	0.0	0.0
-13.84401725	0.00034915449999999997	1.2134652999999999e-05	3.9790698400000004e-06	1.4988667999999998e-05	0.0	0.0	0.0	0.0	0.0
-13.81701725	5.92221e-05	2.0583572000000002e-06	6.749503029999999e-07	2.5425213e-06	0.0	0.0	0.0	0.0	0.0
-13.790017250000002	8.68178e-06	3.017937e-07	9.893735440000001e-08	3.7273495e-07	0.0	0.0	0.0	0.0	0.0
-13.76301725	1.1000999999999999e-06	3.8232209999999995e-08	1.2536866989999999e-08	4.7226218999999996e-08	0.0	0.0	0.0	0.0	0.0
-13.735017250000002	1.20455e-07	4.187035e-09	1.3729589920000001e-09	5.1714063e-09	0.0	0.0	0.0	0.0	0.0
-13.708017250000001	1.139973e-08	3.9620230000000005e-10	1.298994189e-10	4.8939563e-10	0.0	0.0	0.0	0.0	0.0
-13.68101725	9.32172e-10	3.2396650000000004e-11	1.0622375950000001e-11	4.0015120999999996e-11	0.0	0.0	0.0	0.0	0.0
-13.654017249999999	6.58615e-11	2.2892386e-12	7.506755374999999e-13	2.8276953000000003e-12	0.0	0.0	0.0	0.0	0.0
-13.627017250000002	4.023680000000001e-12	1.3984553e-13	4.5857832160000005e-14	1.7273951999999996e-13	0.0	0.0	0.0	0.0	0.0
-13.60001725	2.098377e-13	7.293208e-15	2.391432368e-15	9.008998000000001e-15	0.0	0.0	0.0	0.0	0.0
-13.57301725	1.049245e-14	3.6465629999999997e-16	1.1957472340000002e-16	4.503908999999999e-16	0.0	0.0	0.0	0.0	0.0
-13.54501725	0.0	0.0	0.0	0.0	0.0	0.0	0.0	0.0	0.0
-13.51801725	0.0	0.0	0.0	0.0	0.0	0.0	0.0	0.0	0.0
-13.491017249999999	0.0	0.0	0.0	0.0	0.0	0.0	0.0	0.0	0.0
-13.464017250000001	0.0	0.0	0.0	0.0	0.0	0.0	0.0	0.0	0.0
-13.43701725	0.0	0.0	0.0	0.0	0.0	0.0	0.0	0.0	0.0
-13.41001725	0.0	0.0	0.0	0.0	0.0	0.0	0.0	0.0	0.0
-13.383017250000002	0.0	0.0	0.0	0.0	0.0	0.0	0.0	0.0	0.0
-13.35501725	0.0	0.0	0.0	0.0	0.0	0.0	0.0	0.0	0.0
-13.328017250000002	0.0	0.0	0.0	0.0	0.0	0.0	0.0	0.0	0.0
-13.301017250000001	0.0	0.0	0.0	0.0	0.0	0.0	0.0	0.0	0.0
-13.27401725	0.0	0.0	0.0	0.0	0.0	0.0	0.0	0.0	0.0
-13.247017249999999	0.0	0.0	0.0	0.0	0.0	0.0	0.0	0.0	0.0
-13.220017250000001	0.0	0.0	0.0	0.0	0.0	0.0	0.0	0.0	0.0
-13.19201725	0.0	0.0	0.0	0.0	0.0	0.0	0.0	0.0	0.0
-13.165017250000002	0.0	0.0	0.0	0.0	0.0	0.0	0.0	0.0	0.0
-13.13801725	0.0	0.0	0.0	0.0	0.0	0.0	0.0	0.0	0.0
-13.11101725	0.0	0.0	0.0	0.0	0.0	0.0	0.0	0.0	0.0
-13.084017250000002	7.7619e-15	3.2567048700000003e-16	1.4509243244999999e-16	6.221979500000001e-16	0.0	0.0	0.0	0.0	0.0
-13.057017250000001	1.707542e-13	7.164096100000002e-15	3.191965078e-15	1.3689256e-14	0.0	0.0	0.0	0.0	0.0
-13.03001725	3.24411e-12	1.36116941e-13	6.064948648e-14	2.6008552e-13	0.0	0.0	0.0	0.0	0.0
-13.002017250000002	5.3708000000000003e-11	2.25351533e-12	1.0039356736e-12	4.3055476e-12	0.0	0.0	0.0	0.0	0.0
-12.97501725	7.67848e-10	3.22142264e-11	1.4355367144e-11	6.1566578e-11	0.0	0.0	0.0	0.0	0.0
-12.94801725	9.485410000000002e-09	3.97972709e-10	1.7733490639999999e-10	7.6053435e-10	0.0	0.0	0.0	0.0	0.0
-12.921017250000002	1.0127600000000001e-07	4.2492308e-09	1.893216802e-09	8.1184041e-09	0.0	0.0	0.0	0.0	0.0
-12.894017250000001	9.342840000000001e-07	3.919876070000001e-08	1.746664007e-08	7.490295e-08	0.0	0.0	0.0	0.0	0.0
-12.86701725	7.44894e-06	3.12548927e-07	1.3926170266e-07	5.9723083e-07	0.0	0.0	0.0	0.0	0.0
-12.840017249999999	5.1322499999999995e-05	2.15390057e-06	9.597809147e-07	4.1154866999999994e-06	0.0	0.0	0.0	0.0	0.0
-12.81201725	0.000305731	1.28278096e-05	5.715498820999999e-06	2.4510299e-05	0.0	0.0	0.0	0.0	0.0
-12.78501725	0.0015737250000000002	6.6023812e-05	2.9421232150000004e-05	0.00012617022	0.0	0.0	0.0	0.0	0.0
-12.758017250000002	0.00700253	0.000293863393	0.00013090467221999998	0.00056141603	0.0	0.0	0.0	0.0	0.0
-12.73101725	0.026930399999999997	0.00112992574	0.0005034562877	0.0021594874999999996	0.0	0.0	0.0	0.0	0.0
-12.70401725	0.08952650000000001	0.00375656911	0.00167369613	0.0071781086	0.0	0.0	0.0	0.0	0.0
-12.677017250000002	0.257298	0.010796192500000001	0.004810105031000001	0.020627577	0.0	0.0	0.0	0.0	0.0
-12.650017250000001	0.6391560000000001	0.026824046700000003	0.011950472179	0.051245491	0.0	0.0	0.0	0.0	0.0
-12.622017249999999	1.3728160000000003	0.057603274999999995	0.02566376401	0.11005327	0.0	0.0	0.0	0.0	0.0
-12.595017250000001	2.5486800000000005	0.10693767100000001	0.047645233020000004	0.20432114	0.0	0.0	0.0	0.0	0.0
-12.56801725	4.0906899999999995	0.17164892199999998	0.07647502178	0.32793831999999995	0.0	0.0	0.0	0.0	0.0
-12.54101725	5.6753100000000005	0.238167996	0.10611239308	0.45506666	0.0	0.0	0.0	0.0	0.0
-12.514017250000002	6.80955	0.285719561	0.12729312987000002	0.54594718	0.0	0.0	0.0	0.0	0.0
-12.487017250000001	7.061779999999999	0.296298262	0.13202031593999997	0.56615991	0.0	0.0	0.0	0.0	0.0
-12.46001725	6.331449999999999	0.265677577	0.11835267705	0.50767719	0.0	0.0	0.0	0.0	0.0
-12.432017250000001	4.9074100000000005	0.205906063	0.09174892473000001	0.39349155999999996	0.0	0.0	0.0	0.0	0.0
-12.40501725	3.28872	0.137993796	0.06148028901999999	0.26365167	0.0	0.0	0.0	0.0	0.0
-12.37801725	1.9051369999999999	0.079944362	0.03561749719	0.15274833000000002	0.0	0.0	0.0	0.0	0.0
-12.351017250000002	0.95412	0.0400341525	0.01783859481	0.07650170999999999	0.0	0.0	0.0	0.0	0.0
-12.32401725	0.41310800000000003	0.017332800199999998	0.007722871127	0.033122698	0.0	0.0	0.0	0.0	0.0
-12.29701725	0.15462229999999996	0.006487450600000001	0.0028905191820000004	0.012395835000000001	0.0	0.0	0.0	0.0	0.0
-12.270017250000002	0.050027199999999994	0.0020989814699999996	0.0009351419488000001	0.00400981	0.0	0.0	0.0	0.0	0.0
-12.24201725	0.01399073	0.0005870316100000001	0.0002615418303	0.0011216559000000001	0.0	0.0	0.0	0.0	0.0
-12.215017249999999	0.0033820199999999995	0.00014191715800000002	6.323143816e-05	0.0002711325	0.0	0.0	0.0	0.0	0.0
-12.188017250000001	0.0007067059999999999	2.96529338e-05	1.3211432001e-05	5.6658336e-05	0.0	0.0	0.0	0.0	0.0
-12.16101725	0.0001276504	5.355966300000001e-06	2.3864332830000003e-06	1.0232988e-05	0.0	0.0	0.0	0.0	0.0
-12.13401725	1.9927049999999998e-05	8.360623899999999e-07	3.725117225e-07	1.597453e-06	0.0	0.0	0.0	0.0	0.0
-12.107017250000002	2.68833e-06	1.1279950999999999e-07	5.025926572e-08	2.1554636e-07	0.0	0.0	0.0	0.0	0.0
-12.080017250000001	3.1345900000000003e-07	1.31516833e-08	5.860327514999999e-09	2.5132926e-08	0.0	0.0	0.0	0.0	0.0
-12.052017250000002	3.1585800000000005e-08	1.32527887e-09	5.905377344e-10	2.5321647999999995e-09	0.0	0.0	0.0	0.0	0.0
-12.025017250000001	2.75062e-09	1.1540382100000001e-10	5.1421131470000006e-11	2.2052723e-10	0.0	0.0	0.0	0.0	0.0
-11.99801725	2.0697459999999998e-10	8.6848665e-12	3.869386919e-12	1.6593672e-11	0.0	0.0	0.0	0.0	0.0
-11.97101725	1.3452490000000002e-11	5.644057e-13	2.514973367e-13	1.0785161000000001e-12	0.0	0.0	0.0	0.0	0.0
-11.944017250000002	7.554710000000001e-13	3.17013461e-14	1.4121437992999999e-14	6.0563568e-14	0.0	0.0	0.0	0.0	0.0
-11.91701725	4.13928e-14	1.7368532999999998e-15	7.738641737000001e-16	3.3185576e-15	0.0	0.0	0.0	0.0	0.0
-11.89001725	0.0	0.0	0.0	0.0	0.0	0.0	0.0	0.0	0.0
-11.862017250000001	0.0	0.0	0.0	0.0	0.0	0.0	0.0	0.0	0.0
-11.83501725	0.0	0.0	0.0	0.0	0.0	0.0	0.0	0.0	0.0
-11.808017249999999	0.0	0.0	0.0	0.0	0.0	0.0	0.0	0.0	0.0
-11.781017250000001	0.0	0.0	0.0	0.0	0.0	0.0	0.0	0.0	0.0
-11.75401725	0.0	0.0	0.0	0.0	0.0	0.0	0.0	0.0	0.0
-11.72701725	0.0	0.0	0.0	0.0	0.0	0.0	0.0	0.0	0.0
-11.700017250000002	0.0	0.0	0.0	0.0	0.0	0.0	0.0	0.0	0.0
-11.67201725	0.0	0.0	0.0	0.0	0.0	0.0	0.0	0.0	0.0
-11.645017250000002	0.0	0.0	0.0	0.0	0.0	0.0	0.0	0.0	0.0
-11.618017250000001	0.0	0.0	0.0	0.0	0.0	0.0	0.0	0.0	0.0
-11.59101725	0.0	0.0	0.0	0.0	0.0	0.0	0.0	0.0	0.0
-11.56401725	0.0	0.0	0.0	0.0	0.0	0.0	0.0	0.0	0.0
-11.537017250000002	0.0	0.0	0.0	0.0	0.0	0.0	0.0	0.0	0.0
-11.50901725	0.0	0.0	0.0	0.0	0.0	0.0	0.0	0.0	0.0
-11.482017250000002	0.0	0.0	0.0	0.0	0.0	0.0	0.0	0.0	0.0
-11.455017250000001	0.0	0.0	0.0	0.0	0.0	0.0	0.0	0.0	0.0
-11.42801725	0.0	0.0	0.0	0.0	0.0	0.0	0.0	0.0	0.0
-11.401017249999999	0.0	0.0	0.0	0.0	0.0	0.0	0.0	0.0	0.0
-11.374017250000001	9.822812e-15	3.50088457e-16	6.4943702e-16	9.551569999999999e-16	0.0	0.0	0.0	0.0	0.0
-11.34701725	1.817304e-13	6.4772309e-15	1.20157396e-14	1.766919e-14	0.0	0.0	0.0	0.0	0.0
-11.319017250000002	3.4626799999999995e-12	1.2342294100000001e-13	2.28929663e-13	3.366907e-13	0.0	0.0	0.0	0.0	0.0
-11.29201725	5.6979049999999994e-11	2.03107366e-12	3.76764872e-12	5.5400300000000006e-12	0.0	0.0	0.0	0.0	0.0
-11.26501725	8.097161e-10	2.8864034799999997e-11	5.353907499999999e-11	7.8741e-11	0.0	0.0	0.0	0.0	0.0
-11.238017250000002	9.944977e-09	3.54454183e-10	6.5747853e-10	9.66958e-10	0.0	0.0	0.0	0.0	0.0
-11.211017250000001	1.0553790999999998e-07	3.761622e-09	6.9786805e-09	1.0260849999999999e-08	0.0	0.0	0.0	0.0	0.0
-11.18401725	9.679372999999999e-07	3.45036357e-08	6.3999953e-08	9.410410000000001e-08	0.0	0.0	0.0	0.0	0.0
-11.157017249999999	7.671839e-06	2.7343860399999996e-07	5.0731595e-07	7.45952e-07	0.0	0.0	0.0	0.0	0.0
-11.12901725	5.255462e-05	1.8731476400000001e-06	3.47426014e-06	5.10947e-06	0.0	0.0	0.0	0.0	0.0
-11.10201725	0.00031113600000000005	1.1089026900000002e-05	2.05707895e-05	3.025002e-05	0.0	0.0	0.0	0.0	0.0
-11.075017250000002	0.0015920582	5.6756606e-05	0.00010527121200000001	0.0001548013	0.0	0.0	0.0	0.0	0.0
-11.048017250000001	0.0070429509999999996	0.00025099739300000004	0.00046566672	0.0006846720000000001	0.0	0.0	0.0	0.0	0.0
-11.02101725	0.02692268	0.00095964643	0.00178006202	0.002617884	0.0	0.0	0.0	0.0	0.0
-10.994017249999999	0.08898603	0.00317124342	0.005883648500000001	0.008651440000000002	0.0	0.0	0.0	0.0	0.0
-10.967017250000001	0.2541796	0.009060279899999999	0.0168059066	0.024715189999999998	0.0	0.0	0.0	0.0	0.0
-10.93901725	0.6277551	0.0223756186	0.0415049335	0.0610387	0.0	0.0	0.0	0.0	0.0
-10.912017250000002	1.3401913	0.0477678798	0.088602113	0.1303169	0.0	0.0	0.0	0.0	0.0
-10.88501725	2.473506	0.088159031	0.16353506099999998	0.2404863	0.0	0.0	0.0	0.0	0.0
-10.85801725	3.9465369999999997	0.14066227299999998	0.260930312	0.3837012000000001	0.0	0.0	0.0	0.0	0.0
-10.831017250000002	5.4440479999999996	0.194048598	0.35990156	0.529263	0.0	0.0	0.0	0.0	0.0
-10.804017250000001	6.492163	0.23138561999999996	0.42927424999999997	0.631228	0.0	0.0	0.0	0.0	0.0
-10.77701725	6.692726	0.238544752	0.44245643999999995	0.650642	0.0	0.0	0.0	0.0	0.0
-10.749017250000001	5.964928999999999	0.212613325	0.39435510499999993	0.579957	0.0	0.0	0.0	0.0	0.0
-10.72201725	4.5961669999999994	0.163822603	0.30386185400000004	0.446931	0.0	0.0	0.0	0.0	0.0
-10.69501725	3.0619810000000003	0.10913919599999998	0.202436308	0.2977274	0.0	0.0	0.0	0.0	0.0
-10.668017250000002	1.7632980000000005	0.062851172	0.11657113499999999	0.1714502	0.0	0.0	0.0	0.0	0.0
-10.64101725	0.8778349	0.0312944731	0.058045877	0.0853579	0.0	0.0	0.0	0.0	0.0
-10.61401725	0.37780040000000004	0.013465845799999999	0.024980854	0.03673375	0.0	0.0	0.0	0.0	0.0
-10.587017249999999	0.14057496	0.0050105899	0.009294669200000001	0.01366768	0.0	0.0	0.0	0.0	0.0
-10.55901725	0.04521090999999999	0.00161148731	0.00298861636	0.004396105000000001	0.0	0.0	0.0	0.0	0.0
-10.532017249999999	0.012568151	0.00044804880899999996	0.0008310707	0.00122211	0.0	0.0	0.0	0.0	0.0
-10.505017250000002	0.003020495	0.000107668054	0.000199716629	0.0002936886	0.0	0.0	0.0	0.0	0.0
-10.47801725	0.0006274739	2.2364784100000004e-05	4.14870981e-05	6.1010099999999994e-05	0.0	0.0	0.0	0.0	0.0
-10.45101725	0.00011265199	4.01538472e-06	7.4479617e-06	1.0953469999999999e-05	0.0	0.0	0.0	0.0	0.0
-10.424017250000002	1.748101e-05	6.231012899999999e-07	1.15589929e-06	1.699734e-06	0.0	0.0	0.0	0.0	0.0
-10.397017250000001	2.344676e-06	8.357702300000001e-08	1.5501271399999998e-07	2.279796e-07	0.0	0.0	0.0	0.0	0.0
-10.369017249999999	2.717683e-07	9.686383e-09	1.79669701e-08	2.642082e-08	0.0	0.0	0.0	0.0	0.0
-10.342017250000001	2.7221510000000003e-08	9.7027907e-10	1.79977465e-09	2.646369e-09	0.0	0.0	0.0	0.0	0.0
-10.31501725	2.356441e-09	8.399300500000001e-11	1.5580928100000002e-10	2.290901e-10	0.0	0.0	0.0	0.0	0.0
-10.28801725	1.7625959999999997e-10	6.2830359e-12	1.1654569999999998e-11	1.7137949999999998e-11	0.0	0.0	0.0	0.0	0.0
-10.261017250000002	1.1394488e-11	4.0616352e-13	7.534297499999999e-13	1.1079840000000002e-12	0.0	0.0	0.0	0.0	0.0
-10.23401725	6.385057000000001e-13	2.2758145899999998e-14	4.2212290300000005e-14	6.20874e-14	0.0	0.0	0.0	0.0	0.0
-10.20701725	2.9470540000000003e-14	1.05036707e-15	1.94832376e-15	2.865441e-15	0.0	0.0	0.0	0.0	0.0
-10.179017250000001	0.0	0.0	0.0	0.0	0.0	0.0	0.0	0.0	0.0
-10.15201725	0.0	0.0	0.0	0.0	0.0	0.0	0.0	0.0	0.0
-10.125017249999999	0.0	0.0	0.0	0.0	0.0	0.0	0.0	0.0	0.0
-10.098017249999998	0.0	0.0	0.0	0.0	0.0	0.0	0.0	0.0	0.0
-10.07101725	0.0	0.0	0.0	0.0	0.0	0.0	0.0	0.0	0.0
-10.04401725	0.0	0.0	0.0	0.0	0.0	0.0	0.0	0.0	0.0
-10.017017249999999	0.0	0.0	0.0	0.0	0.0	0.0	0.0	0.0	0.0
-9.98901725	0.0	0.0	0.0	0.0	0.0	0.0	0.0	0.0	0.0
-9.962017249999999	0.0	0.0	0.0	0.0	0.0	0.0	0.0	0.0	0.0
-9.935017250000001	0.0	0.0	0.0	0.0	0.0	0.0	0.0	0.0	0.0
-9.90801725	0.0	0.0	0.0	0.0	0.0	0.0	0.0	0.0	0.0
-9.88101725	0.0	0.0	0.0	0.0	0.0	0.0	0.0	0.0	0.0
-9.854017249999998	0.0	0.0	0.0	0.0	0.0	0.0	0.0	0.0	0.0
-9.82601725	0.0	0.0	0.0	0.0	0.0	0.0	0.0	0.0	0.0
-9.799017249999999	0.0	0.0	0.0	0.0	0.0	0.0	0.0	0.0	0.0
-9.772017250000001	0.0	0.0	0.0	0.0	0.0	0.0	0.0	0.0	0.0
-9.74501725	0.0	0.0	0.0	0.0	0.0	0.0	0.0	0.0	0.0
-9.718017249999999	0.0	0.0	0.0	0.0	0.0	0.0	0.0	0.0	0.0
-9.691017249999998	0.0	0.0	0.0	0.0	0.0	0.0	0.0	0.0	0.0
-9.66401725	0.0	0.0	0.0	0.0	0.0	0.0	0.0	0.0	0.0
-9.636017249999998	0.0	0.0	0.0	0.0	0.0	0.0	0.0	0.0	0.0
-9.60901725	0.0	0.0	0.0	0.0	0.0	0.0	0.0	0.0	0.0
-9.58201725	0.0	0.0	0.0	0.0	0.0	0.0	0.0	0.0	0.0
-9.555017249999999	0.0	0.0	0.0	0.0	0.0	0.0	0.0	0.0	0.0
-9.528017250000001	0.0	0.0	0.0	0.0	0.0	0.0	0.0	0.0	0.0
-9.50101725	0.0	0.0	0.0	0.0	0.0	0.0	0.0	0.0	0.0
-9.47401725	0.0	0.0	0.0	0.0	0.0	0.0	0.0	0.0	0.0
-9.44601725	0.0	0.0	0.0	0.0	0.0	0.0	0.0	0.0	0.0
-9.41901725	0.0	0.0	0.0	0.0	0.0	0.0	0.0	0.0	0.0
-9.392017249999999	2.3682199999999998e-14	2.04292e-15	1.86033374e-15	2.1144520000000003e-15	0.0	0.0	0.0	0.0	0.0
-9.365017250000001	4.87871e-13	4.208441e-14	3.8324213e-14	4.355553e-14	0.0	0.0	0.0	0.0	0.0
-9.33801725	8.82844e-12	7.616027e-13	6.9356549e-13	7.881911e-13	0.0	0.0	0.0	0.0	0.0
-9.311017249999999	1.381502e-10	1.1916685e-11	1.0851976600000002e-11	1.233307e-11	0.0	0.0	0.0	0.0	0.0
-9.284017249999998	1.8679200000000003e-09	1.6112202e-10	1.4672471099999997e-10	1.6675289999999999e-10	0.0	0.0	0.0	0.0	0.0
-9.25601725	2.18231e-08	1.8824869999999996e-09	1.71438147e-09	1.948356e-09	0.0	0.0	0.0	0.0	0.0
-9.229017249999998	2.2036199999999997e-07	1.900875e-08	1.7310096499999997e-08	1.967238e-08	0.0	0.0	0.0	0.0	0.0
-9.20201725	1.92283e-06	1.6585889999999998e-07	1.51041354e-07	1.7166379999999998e-07	0.0	0.0	0.0	0.0	0.0
-9.17501725	1.4501269999999997e-05	1.2508242999999998e-06	1.13904377e-06	1.294566e-06	0.0	0.0	0.0	0.0	0.0
-9.148017249999999	9.45068e-05	8.151952e-06	7.4233708e-06	8.437265999999998e-06	0.0	0.0	0.0	0.0	0.0
-9.121017250000001	0.000532352	4.592050000000001e-05	4.1822766e-05	4.752823e-05	0.0	0.0	0.0	0.0	0.0
-9.09401725	0.0025918599999999997	0.00022357460000000003	0.000203613427	0.0002314086	0.0	0.0	0.0	0.0	0.0
-9.066017249999998	0.010908079999999999	0.0009409791999999998	0.00085690414	0.0009738466	0.0	0.0	0.0	0.0	0.0
-9.03901725	0.0396818	0.0034235549999999996	0.0031170263	0.0035429389999999997	0.0	0.0	0.0	0.0	0.0
-9.01201725	0.1247794	0.010764018	0.0098032168	0.011140242999999998	0.0	0.0	0.0	0.0	0.0
-8.985017249999999	0.339187	0.02925979	0.026644360500000002	0.030278430000000002	0.0	0.0	0.0	0.0	0.0
-8.958017250000001	0.797083	0.06875902	0.06261568	0.0711634	0.0	0.0	0.0	0.0	0.0
-8.93101725	1.61927	0.13968731	0.12720079899999998	0.1445451	0.0	0.0	0.0	0.0	0.0
-8.904017249999999	2.8439099999999997	0.245319	0.22338342800000002	0.2538723	0.0	0.0	0.0	0.0	0.0
-8.87601725	4.31719	0.37247310000000006	0.33915961	0.38547560000000003	0.0	0.0	0.0	0.0	0.0
-8.84901725	5.66709	0.48889140000000003	0.44516129	0.5058804	0.0	0.0	0.0	0.0	0.0
-8.822017249999998	6.4305	0.5546941000000001	0.50507456	0.5740643	0.0	0.0	0.0	0.0	0.0
-8.79501725	6.30793	0.5441249	0.49550667	0.5631174999999999	0.0	0.0	0.0	0.0	0.0
-8.76801725	5.350339999999999	0.4614873	0.42027687	0.477589	0.0	0.0	0.0	0.0	0.0
-8.741017249999999	3.9224900000000003	0.3384094	0.30814400999999997	0.3501519	0.0	0.0	0.0	0.0	0.0
-8.714017250000001	2.48638	0.2144974	0.19530852299999998	0.22197030000000004	0.0	0.0	0.0	0.0	0.0
-8.686017249999999	1.362533	0.11753209	0.10703291399999999	0.1216427	0.0	0.0	0.0	0.0	0.0
-8.659017249999998	0.6454770000000001	0.05567483000000001	0.050706972	0.05762059	0.0	0.0	0.0	0.0	0.0
-8.63201725	0.264362	0.022809509999999998	0.020765953700000003	0.023600630000000004	0.0	0.0	0.0	0.0	0.0
-8.60501725	0.0937734	0.008115843	0.0073602862	0.008373857999999998	0.0	0.0	0.0	0.0	0.0
-8.578017249999998	0.029658200000000003	0.0027022220000000002	0.0023010647	0.0026559590000000003	0.0	0.0	0.0	0.0	0.0
-8.551017250000001	0.0121994	0.0017044229999999998	0.0008283791	0.0011260541999999999	0.0	0.0	0.0	0.0	0.0
-8.52401725	0.019852660000000005	0.004268708500000001	0.0010504288999999998	0.0019177271999999998	0.0	0.0	0.0	0.0	0.0
-8.496017250000001	0.06174059999999999	0.013984372799999999	0.00312462483	0.006003222999999999	0.0	0.0	0.0	0.0	0.0
-8.46901725	0.17987001	0.040881384	0.00907670801	0.017500349	0.0	0.0	0.0	0.0	0.0
-8.44201725	0.45521208	0.103480586	0.022971362135999998	0.044286686	0.0	0.0	0.0	0.0	0.0
-8.415017249999998	0.9964093	0.226468211	0.05027199407	0.09693314	0.0	0.0	0.0	0.0	0.0
-8.38801725	1.8851959999999999	0.42853786000000005	0.09512279047700001	0.18340031	0.0	0.0	0.0	0.0	0.0
-8.36101725	3.0837063000000002	0.70092784	0.155581129891	0.30003043	0.0	0.0	0.0	0.0	0.0
-8.334017249999999	4.3609453	0.9911529399999999	0.22001982456999997	0.42424233000000006	0.0	0.0	0.0	0.0	0.0
-8.30601725	5.3303264	1.2117677799999997	0.26902419636	0.51861615	0.0	0.0	0.0	0.0	0.0
-8.279017249999999	5.6346678	1.28069879	0.28425078723999997	0.54817089	0.0	0.0	0.0	0.0	0.0
-8.252017249999998	5.147701100000001	1.17022872	0.25980653584	0.50087236	0.0	0.0	0.0	0.0	0.0
-8.22501725	4.0666903	0.9243936700000002	0.20519669272000002	0.39566722000000004	0.0	0.0	0.0	0.0	0.0
-8.19801725	2.7770384	0.63128873	0.14013519100400001	0.27017165	0.0	0.0	0.0	0.0	0.0
-8.171017249999998	1.6396548000000002	0.37271445799999997	0.08273684202500001	0.15951954	0.0	0.0	0.0	0.0	0.0
-8.144017250000001	0.8368851999999999	0.19023138299999995	0.042227983912	0.08140891999999998	0.0	0.0	0.0	0.0	0.0
-8.116017249999999	0.36924513000000003	0.08393768	0.018632183163999998	0.035922267	0.0	0.0	0.0	0.0	0.0
-8.089017250000001	0.14085608	0.0320182454	0.0071074053759	0.013701629	0.0	0.0	0.0	0.0	0.0
-8.06201725	0.046443617	0.010555578500000001	0.0023431791538	0.0045183626999999995	0.0	0.0	0.0	0.0	0.0
-8.03501725	0.013236408000000002	0.0030082542200000006	0.00066788890615	0.0012876396	0.0	0.0	0.0	0.0	0.0
-8.008017249999998	0.0032610998	0.0007412763799999999	0.000164545212398	0.0003172161	0.0	0.0	0.0	0.0	0.0
-7.98101725	0.0006944109000000001	0.000157860804	3.5041350801e-05	6.755872e-05	0.0	0.0	0.0	0.0	0.0
-7.953017249999999	0.00012783828	2.9054705399999998e-05	6.4501604684e-06	1.2436439e-05	0.0	0.0	0.0	0.0	0.0
-7.92601725	2.0337712000000003e-05	4.6226839e-06	1.0261825296100002e-06	1.9784152e-06	0.0	0.0	0.0	0.0	0.0
-7.899017249999999	2.7964273e-06	6.356666000000001e-07	1.4108767705900002e-07	2.7203871e-07	0.0	0.0	0.0	0.0	0.0
-7.87201725	3.3228871e-07	7.552633100000001e-08	1.67669845576e-08	3.2333275e-08	0.0	0.0	0.0	0.0	0.0
-7.845017249999999	3.4125654999999997e-08	7.7569982e-09	1.7219289483499998e-09	3.3203388999999998e-09	0.0	0.0	0.0	0.0	0.0
-7.81801725	3.0287190000000004e-09	6.8837194e-10	1.52814489728e-10	2.946162e-10	0.0	0.0	0.0	0.0	0.0
-7.79101725	2.3227543999999998e-10	5.279242e-11	1.1720472169400001e-11	2.2598989000000003e-11	0.0	0.0	0.0	0.0	0.0
-7.76301725	1.5390819999999996e-11	3.49887576e-12	7.7656045235e-13	1.4968331000000002e-12	0.0	0.0	0.0	0.0	0.0
-7.736017249999999	8.845692000000002e-13	2.0104751299999997e-13	4.4622944148999994e-14	8.604175999999999e-14	0.0	0.0	0.0	0.0	0.0
-7.70901725	4.5256159000000005e-14	1.02857644e-14	2.2833151804e-15	4.4025697e-15	0.0	0.0	0.0	0.0	0.0
-7.68201725	0.0	0.0	0.0	0.0	0.0	0.0	0.0	0.0	0.0
-7.655017249999999	0.0	0.0	0.0	0.0	0.0	0.0	0.0	0.0	0.0
-7.62801725	0.0	0.0	0.0	0.0	0.0	0.0	0.0	0.0	0.0
-7.601017249999999	0.0	0.0	0.0	0.0	0.0	0.0	0.0	0.0	0.0
-7.57301725	0.0	0.0	0.0	0.0	0.0	0.0	0.0	0.0	0.0
-7.546017249999999	0.0	0.0	0.0	0.0	0.0	0.0	0.0	0.0	0.0
-7.51901725	0.0	0.0	0.0	0.0	0.0	0.0	0.0	0.0	0.0
-7.492017249999999	0.0	0.0	0.0	0.0	0.0	0.0	0.0	0.0	0.0
-7.46501725	0.0	0.0	0.0	0.0	0.0	0.0	0.0	0.0	0.0
-7.438017249999999	0.0	0.0	0.0	0.0	0.0	0.0	0.0	0.0	0.0
-7.41101725	0.0	0.0	0.0	0.0	0.0	0.0	0.0	0.0	0.0
-7.383017249999999	0.0	0.0	0.0	0.0	0.0	0.0	0.0	0.0	0.0
-7.35601725	0.0	0.0	0.0	0.0	0.0	0.0	0.0	0.0	0.0
-7.329017249999999	0.0	0.0	0.0	0.0	0.0	0.0	0.0	0.0	0.0
-7.30201725	0.0	0.0	0.0	0.0	0.0	0.0	0.0	0.0	0.0
-7.27501725	0.0	0.0	0.0	0.0	0.0	0.0	0.0	0.0	0.0
-7.248017249999999	0.0	0.0	0.0	0.0	0.0	0.0	0.0	0.0	0.0
-7.22101725	0.0	0.0	0.0	0.0	0.0	0.0	0.0	0.0	0.0
-7.19301725	0.0	0.0	0.0	0.0	0.0	0.0	0.0	0.0	0.0
-7.16601725	0.0	0.0	0.0	0.0	0.0	0.0	0.0	0.0	0.0
-7.139017249999999	0.0	0.0	0.0	0.0	0.0	0.0	0.0	0.0	0.0
-7.11201725	0.0	0.0	0.0	0.0	0.0	0.0	0.0	0.0	0.0
-7.085017249999999	0.0	0.0	0.0	0.0	0.0	0.0	0.0	0.0	0.0
-7.05801725	0.0	0.0	0.0	0.0	0.0	0.0	0.0	0.0	0.0
-7.031017249999999	0.0	0.0	0.0	0.0	0.0	0.0	0.0	0.0	0.0
-7.00301725	0.0	0.0	0.0	0.0	0.0	0.0	0.0	0.0	0.0
-6.976017249999999	0.0	0.0	0.0	0.0	0.0	0.0	0.0	0.0	0.0
-6.94901725	0.0	0.0	0.0	0.0	0.0	0.0	0.0	0.0	0.0
-6.922017249999999	0.0	0.0	0.0	0.0	0.0	0.0	0.0	0.0	0.0
-6.8950172499999995	0.0	0.0	0.0	0.0	0.0	0.0	0.0	0.0	0.0
-6.86801725	0.0	0.0	0.0	0.0	0.0	0.0	0.0	0.0	0.0
-6.841017249999999	0.0	0.0	0.0	0.0	0.0	0.0	0.0	0.0	0.0
-6.813017249999999	0.0	0.0	0.0	0.0	0.0	0.0	0.0	0.0	0.0
-6.78601725	0.0	0.0	0.0	0.0	0.0	0.0	0.0	0.0	0.0
-6.75901725	3.061910000000001e-15	2.00180119529e-15	7.1312608e-16	1.931987776e-15	0.0	0.0	0.0	0.0	0.0
-6.732017249999999	6.429333999999999e-14	4.2036207738e-14	1.49743747e-14	4.0577516260000005e-14	0.0	0.0	0.0	0.0	0.0
-6.70501725	1.2279625000000002e-12	8.027202670099999e-13	2.85894162e-13	7.747882297e-13	0.0	0.0	0.0	0.0	0.0
-6.678017249999999	2.0357794e-11	1.3309274383599999e-11	4.741275900000001e-12	1.2846468100000001e-11	0.0	0.0	0.0	0.0	0.0
-6.65101725	2.9168189999999995e-10	1.90701119892e-10	6.7922685e-11	1.8406647849999998e-10	0.0	0.0	0.0	0.0	0.0
-6.623017249999999	3.6112990000000002e-09	2.3614248487999998e-09	8.409900200000001e-10	2.2788864970000003e-09	0.0	0.0	0.0	0.0	0.0
-6.59601725	3.8633979999999994e-08	2.5258655364000002e-08	8.9978702e-09	2.43757021e-08	0.0	0.0	0.0	0.0	0.0
-6.569017249999999	3.572003999999999e-07	2.3349331077e-07	8.318391100000001e-08	2.2537652369999998e-07	0.0	0.0	0.0	0.0	0.0
-6.54201725	2.854075e-06	1.8660379790199997e-06	6.647110400000001e-07	1.800932367e-06	0.0	0.0	0.0	0.0	0.0
-6.515017249999999	1.9708312999999998e-05	1.2885706714e-05	4.589799500000001e-06	1.24358777e-05	0.0	0.0	0.0	0.0	0.0
-6.4880172499999995	0.00011762459999999997	7.6907316946e-05	2.73934149e-05	7.422338802000001e-05	0.0	0.0	0.0	0.0	0.0
-6.46101725	0.0006068009999999999	0.00039675501329	0.00014131144500000001	0.00038288261689999997	0.0	0.0	0.0	0.0	0.0
-6.43301725	0.002705788	0.00176901950255	0.0006300806099999998	0.001707487353	0.0	0.0	0.0	0.0	0.0
-6.406017249999999	0.010429102	0.0068190667543	0.0024287621	0.006579997750000001	0.0	0.0	0.0	0.0	0.0
-6.3790172499999995	0.03474385	0.022714455507	0.008090875899999999	0.02192389572	0.0	0.0	0.0	0.0	0.0
-6.35201725	0.10005125000000002	0.065410697416	0.023305938300000002	0.06314041886	0.0	0.0	0.0	0.0	0.0
-6.325017249999999	0.24910779999999993	0.162858662608	0.05801428399999999	0.15717788990000003	0.0	0.0	0.0	0.0	0.0
-6.29801725	0.5361425	0.35058356016	0.124853882	0.33832343670000004	0.0	0.0	0.0	0.0	0.0
-6.2700172499999995	0.9974390000000001	0.65209317506	0.232307801	0.6294714672	0.0	0.0	0.0	0.0	0.0
-6.24301725	1.6043789999999998	1.04887716836	0.3736693200000001	1.012337484	0.0	0.0	0.0	0.0	0.0
-6.216017249999999	2.2308941	1.45862553825	0.5195055399999999	1.407767139	0.0	0.0	0.0	0.0	0.0
-6.18901725	2.681986	1.75341602387	0.6245742299999999	1.6922551949999998	0.0	0.0	0.0	0.0	0.0
-6.162017249999999	2.787140999999999	1.8224121673499998	0.64913118	1.758953906	0.0	0.0	0.0	0.0	0.0
-6.13501725	2.5043539999999997	1.63728094742	0.5832456800000001	1.580283991	0.0	0.0	0.0	0.0	0.0
-6.108017249999999	1.9453635000000002	1.2719040846699998	0.45306410999999996	1.22752313	0.0	0.0	0.0	0.0	0.0
-6.08001725	1.3064113	0.8541156845000001	0.304217308	0.8243403540000002	0.0	0.0	0.0	0.0	0.0
-6.053017249999999	0.7586430999999999	0.49604613319999996	0.17674193700000002	0.47863361899999995	0.0	0.0	0.0	0.0	0.0
-6.02601725	0.381774	0.249758928	0.08918289400000001	0.24053489200000003	0.0	0.0	0.0	0.0	0.0
-5.999017249999999	0.16988620000000001	0.11174836399999999	0.040698429	0.10561818700000002	0.0	0.0	0.0	0.0	0.0
-5.9720172499999995	0.0791136	0.054160458	0.022536615000000003	0.044146399999999995	0.0	0.0	0.0	0.0	0.0
-5.94501725	0.07390039999999999	0.055917194999999996	0.030095551	0.028521219999999996	0.0	0.0	0.0	0.0	0.0
-5.918017249999999	0.1514303	0.1196104652	0.070164292	0.046492418	0.0	0.0	0.0	0.0	0.0
-5.890017249999999	0.3428323999999999	0.27241498999999997	0.161587334	0.10141310900000002	0.0	0.0	0.0	0.0	0.0
-5.8630172499999995	0.6916254000000003	0.5499372899999999	0.32655712	0.203768235	0.0	0.0	0.0	0.0	0.0
-5.83601725	1.2101149999999998	0.9621245239999999	0.5715272	0.35640744600000007	0.0	0.0	0.0	0.0	0.0
-5.809017249999999	1.8310080000000002	1.4557754590000003	0.86465622	0.5392100099999999	0.0	0.0	0.0	0.0	0.0
-5.78201725	2.3949409999999998	1.9042719929999998	1.1311944999999999	0.70536877	0.0	0.0	0.0	0.0	0.0
-5.755017249999999	2.708636	2.153470768	1.27917295	0.79761655	0.0	0.0	0.0	0.0	0.0
-5.72801725	2.648139	2.1055025580000004	1.25063977	0.77993007	0.0	0.0	0.0	0.0	0.0
-5.700017249999999	2.238295	1.779719106	1.05715253	0.6591329300000001	0.0	0.0	0.0	0.0	0.0
-5.67301725	1.6356459999999997	1.3004569	0.7723693300000001	0.48163676	0.0	0.0	0.0	0.0	0.0
-5.646017249999999	1.0334147	0.821580095	0.48799155	0.304256943	0.0	0.0	0.0	0.0	0.0
-5.61901725	0.5642623999999999	0.4486188850000001	0.26651567	0.166178739	0.0	0.0	0.0	0.0	0.0
-5.5920172500000005	0.26642	0.2118394992	0.12583277399999998	0.07845585299999999	0.0	0.0	0.0	0.0	0.0
-5.5650172499999995	0.10874163	0.0864635531	0.05135840399999999	0.0320286981	0.0	0.0	0.0	0.0	0.0
-5.53801725	0.038409240000000004	0.03053709052	0.0181279329	0.0113616773	0.0	0.0	0.0	0.0	0.0
-5.51001725	0.011941589999999998	0.0094821547	0.0055693202	0.0037908754999999997	0.0	0.0	0.0	0.0	0.0
-5.483017249999999	0.004220187000000001	0.0032976464999999993	0.0016609123	0.002549098	0.0	0.0	0.0	0.0	0.0
-5.4560172499999995	0.005366781000000001	0.0040299824	0.0011697805799999999	0.0069459959999999986	0.0	0.0	0.0	0.0	0.0
-5.42901725	0.016696116000000004	0.012432027999999998	0.0030398478	0.023973413	0.0	0.0	0.0	0.0	0.0
-5.402017249999999	0.05084554299999999	0.037849744000000005	0.00914058277	0.073470785	0.0	0.0	0.0	0.0	0.0
-5.37501725	0.134874002	0.10036664999999999	0.02422485332	0.19493059	0.0	0.0	0.0	0.0	0.0
-5.348017249999999	0.30933912	0.23020976000000004	0.05556970437000001	0.44719999	0.0	0.0	0.0	0.0	0.0
-5.32001725	0.61344457	0.45653784000000003	0.11019665020000001	0.8866866800000001	0.0	0.0	0.0	0.0	0.0
-5.293017249999999	1.0515634900000002	0.7825532	0.1888830758	1.5198154	0.0	0.0	0.0	0.0	0.0
-5.26601725	1.5584533499999997	1.1597809000000001	0.279916884	2.2524609	0.0	0.0	0.0	0.0	0.0
-5.239017249999999	1.99663448	1.4858544	0.3586467198	2.8858631	0.0	0.0	0.0	0.0	0.0
-5.21201725	2.21145394	1.6456947000000002	0.3972803361	3.1965234000000002	0.0	0.0	0.0	0.0	0.0
-5.1850172500000005	2.11770173	1.5759835	0.38044914280000003	3.0608801	0.0	0.0	0.0	0.0	0.0
-5.158017249999999	1.75316763	1.3046882	0.31494303329999995	2.5340517999999994	0.0	0.0	0.0	0.0	0.0
-5.130017249999999	1.2547798900000002	0.9337759000000001	0.22539936409999997	1.8135804	0.0	0.0	0.0	0.0	0.0
-5.10301725	0.7763684399999999	0.5777562099999999	0.13946970332999997	1.1220919900000002	0.0	0.0	0.0	0.0	0.0
-5.0760172500000005	0.4153350799999999	0.30911003	0.07459972441	0.60023731	0.0	0.0	0.0	0.0	0.0
-5.0490172499999995	0.19207076499999998	0.14294508	0.03449983401	0.27758882	0.0	0.0	0.0	0.0	0.0
-5.02201725	0.07693907400000001	0.057224840000000006	0.01383182612	0.111034403	0.0	0.0	0.0	0.0	0.0
-4.995017249999999	0.027350453	0.020258342	0.0049829068999999995	0.03870295	0.0	0.0	0.0	0.0	0.0
-4.96801725	0.011536397	0.008162585999999998	0.0023763460999999997	0.013032884000000002	0.0	0.0	0.0	0.0	0.0
-4.9400172499999995	0.015766647	0.010125565000000001	0.0039870195	0.008952702999999998	0.0	0.0	0.0	0.0	0.0
-4.91301725	0.045502896	0.028585749	0.0119661416	0.020342405	0.0	0.0	0.0	0.0	0.0
-4.886017249999999	0.12794079	0.0802314197	0.033741692999999996	0.055988555	0.0	0.0	0.0	0.0	0.0
-4.85901725	0.31370227000000006	0.196695673	0.082766035	0.13707589900000003	0.0	0.0	0.0	0.0	0.0
-4.832017249999999	0.6653045200000001	0.417187368	0.175548072	0.290681097	0.0	0.0	0.0	0.0	0.0
-4.80501725	1.2199392	0.764911765	0.32186344	0.53307033	0.0	0.0	0.0	0.0	0.0
-4.77801725	1.9335668	1.2125947810000002	0.5101092300000001	0.8448190999999999	0.0	0.0	0.0	0.0	0.0
-4.75001725	2.6499007000000003	1.6615856900000001	0.6991181	1.15769308	0.0	0.0	0.0	0.0	0.0
-4.723017249999999	3.139394200000001	1.9684704199999998	0.82830136	1.37164671	0.0	0.0	0.0	0.0	0.0
-4.69601725	3.2154926999999995	2.01613855	0.8482724399999999	1.4048504099999999	0.0	0.0	0.0	0.0	0.0
-4.6690172500000005	2.8470506	1.78521609	0.75119056	1.24388237	0.0	0.0	0.0	0.0	0.0
-4.642017249999999	2.1795331	1.3665926400000001	0.5750548000000001	0.9523092	0.0	0.0	0.0	0.0	0.0
-4.61501725	1.4423515999999998	0.904488229	0.38054902999999995	0.6302544999999999	0.0	0.0	0.0	0.0	0.0
-4.588017249999999	0.8251500000000002	0.517496029	0.21776830500000002	0.360585376	0.0	0.0	0.0	0.0	0.0
-4.5600172500000005	0.40816952999999995	0.255946352	0.10768850199999999	0.17834027100000002	0.0	0.0	0.0	0.0	0.0
-4.533017249999999	0.17453416	0.10943278530000002	0.046050221999999995	0.07624777699999999	0.0	0.0	0.0	0.0	0.0
-4.50601725	0.064510298	0.04044711	0.0170225085	0.028186032099999998	0.0	0.0	0.0	0.0	0.0
-4.479017249999999	0.020613736000000004	0.012923310080000002	0.0054382449999999995	0.0090054869	0.0	0.0	0.0	0.0	0.0
-4.45201725	0.0056934503	0.0035700062000000006	0.00150205751	0.00248752464	0.0	0.0	0.0	0.0	0.0
-4.425017249999999	0.0013592651000000002	0.000852281429	0.00035871259999999995	0.00059401346	0.0	0.0	0.0	0.0	0.0
-4.39701725	0.0002809869300000001	0.00017600029699999997	7.501873599999999e-05	0.000122659811	0.0	0.0	0.0	0.0	0.0
-4.370017249999999	5.3688080000000004e-05	3.2246040000000005e-05	2.093422e-05	2.2652402e-05	0.0	0.0	0.0	0.0	0.0
-4.34301725	3.1989591e-05	1.067238e-05	5.3177705e-05	8.661204e-06	0.0	0.0	0.0	0.0	0.0
-4.316017249999999	0.0001404403	3.4659627e-05	0.000292573374	3.1146696e-05	0.0	0.0	0.0	0.0	0.0
-4.28901725	0.0006935624799999998	0.00017275873199999996	0.0014442100399999999	0.00015492640000000003	0.0	0.0	0.0	0.0	0.0
-4.26201725	0.0029902089	0.0007656879000000001	0.006168159	0.00068096383	0.0	0.0	0.0	0.0	0.0
-4.235017249999999	0.011191329	0.0029746563	0.022775405500000002	0.002616623	0.0	0.0	0.0	0.0	0.0
-4.207017249999999	0.036404572	0.0101631931	0.0727126929	0.008817284	0.0	0.0	0.0	0.0	0.0
-4.18001725	0.10314679000000002	0.030672952999999996	0.200774448	0.026154919	0.0	0.0	0.0	0.0	0.0
-4.15301725	0.2552985900000001	0.08208257000000001	0.479520437	0.06859309	0.0	0.0	0.0	0.0	0.0
-4.126017249999999	0.5537080999999999	0.19541934	0.99079247	0.15963111000000002	0.0	0.0	0.0	0.0	0.0
-4.09901725	1.0560342999999999	0.41460305	1.7718763199999998	0.33068129000000007	0.0	0.0	0.0	0.0	0.0
-4.072017249999999	1.7789492000000002	0.7839086	2.7438922199999998	0.6104802000000001	0.0	0.0	0.0	0.0	0.0
-4.04501725	2.6572169999999993	1.3186019999999998	3.6818411299999996	1.0042639	0.0	0.0	0.0	0.0	0.0
-4.017017249999999	3.5303189999999995	1.9675406	4.2846715	1.4689436	0.0	0.0	0.0	0.0	0.0
-3.99001725	4.180262	2.5937397000000004	4.3308178	1.9043151	0.0	0.0	0.0	0.0	0.0
-3.963017249999999	4.411782	3.0081181999999997	3.8060964999999998	2.1792536000000005	0.0	0.0	0.0	0.0	0.0
-3.93601725	4.143012	3.0582416000000006	2.9163303999999997	2.192231	0.0	0.0	0.0	0.0	0.0
-3.909017249999999	3.4509830000000004	2.7161811	1.9534756	1.9315953000000001	0.0	0.0	0.0	0.0	0.0
-3.8820172499999996	2.5397689999999993	2.1019691	1.1478606	1.4860453400000002	0.0	0.0	0.0	0.0	0.0
-3.8550172500000004	1.6447462000000002	1.4143601000000001	0.59381834	0.9955982999999999	0.0	0.0	0.0	0.0	0.0
-3.82701725	0.9338369999999999	0.82617452	0.27160955000000003	0.57972329	0.0	0.0	0.0	0.0	0.0
-3.800017249999999	0.4631978	0.41847046	0.11026237000000001	0.29293080000000005	0.0	0.0	0.0	0.0	0.0
-3.7730172499999997	0.20017156	0.18362084	0.03984439	0.12834304600000002	0.0	0.0	0.0	0.0	0.0
-3.7460172500000004	0.07521319000000001	0.069755146	0.012834568	0.048702802	0.0	0.0	0.0	0.0	0.0
-3.7190172499999994	0.024536985000000004	0.022933327	0.0036823280000000003	0.0159991954	0.0	0.0	0.0	0.0	0.0
-3.69201725	0.006939858000000001	0.0065228794	0.0009395085	0.0045478881	0.0	0.0	0.0	0.0	0.0
-3.665017249999999	0.0017004507	0.0016044702	0.0002123627	0.0011182424	0.0	0.0	0.0	0.0	0.0
-3.6370172500000004	0.0003606414	0.00034129623999999996	4.236013e-05	0.00023776713	0.0	0.0	0.0	0.0	0.0
-3.6100172499999994	6.619571000000001e-05	6.2752048e-05	7.425589999999999e-06	4.3711889e-05	0.0	0.0	0.0	0.0	0.0
-3.58301725	1.0506437000000003e-05	9.976513e-06	1.1395846000000001e-06	6.9480303999999995e-06	0.0	0.0	0.0	0.0	0.0
-3.556017249999999	1.4424298999999998e-06	1.3708154e-06	1.5265152000000002e-07	9.5455326e-07	0.0	0.0	0.0	0.0	0.0
-3.52901725	1.7167122000000003e-07	1.6310038e-07	1.7887535e-08	1.13690573e-07	0.0	0.0	0.0	0.0	0.0
-3.502017249999999	2.3268339999999993e-08	2.024084e-08	2.8601480999999997e-09	1.5465201e-08	0.0	0.0	0.0	0.0	0.0
-3.4750172499999996	6.133766000000001e-08	3.8456206999999994e-08	1.1229796299999998e-08	4.1139495599999995e-08	0.0	0.0	0.0	0.0	0.0
-3.447017249999999	5.413952e-07	3.34893678e-07	1.0025923599999998e-07	3.632279615e-07	0.0	0.0	0.0	0.0	0.0
-3.42001725	4.235702999999999e-06	2.61973777e-06	7.8445819e-07	2.8417860384999997e-06	0.0	0.0	0.0	0.0	0.0
-3.393017249999999	2.864505e-05	1.77171069e-05	5.3053870999999994e-06	1.9218094665e-05	0.0	0.0	0.0	0.0	0.0
-3.3660172499999996	0.00016744486	0.00010355978499999998	3.1010902400000003e-05	0.000112344665156	0.0	0.0	0.0	0.0	0.0
-3.3390172500000004	0.0008459790000000003	0.000523276039	0.00015663383	0.0005676001581500001	0.0	0.0	0.0	0.0	0.0
-3.3120172499999994	0.003694099	0.00228481974	0.0006842223100000001	0.0024786973679	0.0	0.0	0.0	0.0	0.0
-3.28501725	0.013944117	0.0086253968	0.0025826156300000004	0.009356337715899998	0.0	0.0	0.0	0.0	0.0
-3.2570172499999996	0.04550025000000001	0.028144734299999998	0.0084259993	0.030527097745	0.0	0.0	0.0	0.0	0.0
-3.2300172500000004	0.12832638	0.079375208	0.0237704	0.086110140085	0.0	0.0	0.0	0.0	0.0
-3.2030172499999994	0.31290740000000006	0.193524661	0.057950026999999994	0.20995666686999997	0.0	0.0	0.0	0.0	0.0
-3.17601725	0.6595794999999999	0.40791600799999994	0.122152495	0.44251696520999995	0.0	0.0	0.0	0.0	0.0
-3.149017249999999	1.2018429	0.74330345	0.22259720799999996	0.8063859515299999	0.0	0.0	0.0	0.0	0.0
-3.12201725	1.893397	1.17105144	0.350698926	1.2703238801799999	0.0	0.0	0.0	0.0	0.0
-3.095017249999999	2.5784219999999998	1.5947991400000001	0.47759968	1.7300553664	0.0	0.0	0.0	0.0	0.0
-3.06701725	3.0360589999999994	1.8779429699999999	0.5623508100000001	2.0369999650999997	0.0	0.0	0.0	0.0	0.0
-3.040017249999999	3.0915760000000008	1.91244086	0.57261182	2.0737717302	0.0	0.0	0.0	0.0	0.0
-3.01301725	2.7258590000000007	1.6868233499999998	0.5045797399999999	1.8265995329999998	0.0	0.0	0.0	0.0	0.0
-2.986017249999999	2.092281	1.29732448	0.3865850899999999	1.395271614	0.0	0.0	0.0	0.0	0.0
-2.9590172499999996	1.4344622	0.89700972	0.26258745	0.9356362	0.0	0.0	0.0	0.0	0.0
-2.9320172500000004	0.9718028	0.62758753	0.17166141699999998	0.5799989600000001	0.0	0.0	0.0	0.0	0.0
-2.9050172499999993	0.8400049999999999	0.5811453	0.136276326	0.39657146000000004	0.0	0.0	0.0	0.0	0.0
-2.877017249999999	1.0838857000000004	0.7937911	0.162006131	0.3921228	0.0	0.0	0.0	0.0	0.0
-2.8500172499999996	1.6585456999999997	1.240066	0.240036207	0.531664	0.0	0.0	0.0	0.0	0.0
-2.8230172500000004	2.41605243	1.81545547	0.34683598899999996	0.7500182999999999	0.0	0.0	0.0	0.0	0.0
-2.7960172499999993	3.111899170000001	2.3409611000000004	0.4459456880000001	0.9591753	0.0	0.0	0.0	0.0	0.0
-2.76901725	3.4820846	2.62009997	0.498737705	1.0714491	0.0	0.0	0.0	0.0	0.0
-2.742017249999999	3.3718887100000003	2.53726574	0.482952214	1.037204	0.0	0.0	0.0	0.0	0.0
-2.7140172500000004	2.8235862900000006	2.1246509099999997	0.40440182199999997	0.8685406	0.0	0.0	0.0	0.0	0.0
-2.6870172499999994	2.04405644	1.5380706849999999	0.292760183	0.6288107000000001	0.0	0.0	0.0	0.0	0.0
-2.66001725	1.2793553100000004	0.9626468130000001	0.1832303278	0.39352781	0.0	0.0	0.0	0.0	0.0
-2.633017249999999	0.69222526	0.520883282	0.09916096370000001	0.21293117	0.0	0.0	0.0	0.0	0.0
-2.60601725	0.32384903300000006	0.24364217700000002	0.046455617	0.09960422	0.0	0.0	0.0	0.0	0.0
-2.579017249999999	0.13128239999999994	0.09853885920000001	0.019192009	0.040327767	0.0	0.0	0.0	0.0	0.0
-2.5520172499999996	0.047472054	0.034562172099999997	0.008631661	0.01432634	0.0	0.0	0.0	0.0	0.0
-2.524017249999999	0.020777898000000006	0.0109110318	0.010452794000000001	0.005271311999999999	0.0	0.0	0.0	0.0	0.0
-2.49701725	0.028134349999999995	0.0045136562000000005	0.030394461	0.004702378	0.0	0.0	0.0	0.0	0.0
-2.470017249999999	0.075641717	0.0061360277	0.091194543	0.0112109971	0.0	0.0	0.0	0.0	0.0
-2.4430172499999996	0.19771940799999999	0.014927913000000001	0.240029831	0.0290003356	0.0	0.0	0.0	0.0	0.0
-2.4160172500000003	0.451850472	0.03490476	0.5467926999999999	0.066265163	0.0	0.0	0.0	0.0	0.0
-2.3890172499999993	0.89651696	0.07320163	1.0771149699999998	0.131810696	0.0	0.0	0.0	0.0	0.0
-2.36201725	1.5495428299999998	0.13984339999999998	1.8345009	0.229138048	0.0	0.0	0.0	0.0	0.0
-2.3340172499999996	2.349509	0.25034912	2.7028262999999995	0.35268855099999996	0.0	0.0	0.0	0.0	0.0
-2.3070172500000004	3.1659806999999995	0.43153045000000007	3.4460160999999996	0.492766252	0.0	0.0	0.0	0.0	0.0
-2.2800172499999993	3.875638	0.7232164000000001	3.808124	0.65458338	0.0	0.0	0.0	0.0	0.0
-2.25301725	4.451471000000001	1.1623426599999997	3.656416	0.8790052299999999	0.0	0.0	0.0	0.0	0.0
-2.226017249999999	4.967617999999999	1.7442394200000002	3.0669340000000003	1.2461906900000002	0.0	0.0	0.0	0.0	0.0
-2.19901725	5.4941629999999995	2.38252271	2.2755011	1.8385133099999997	0.0	0.0	0.0	0.0	0.0
-2.1720172499999997	5.982908000000001	2.9126806100000002	1.5320704	2.66881021	0.0	0.0	0.0	0.0	0.0
-2.144017249999999	6.25284	3.16032583	0.9808492999999999	3.615596708	0.0	0.0	0.0	0.0	0.0
-2.11701725	6.105569999999998	3.03665001	0.6372104000000001	4.420273023999999	0.0	0.0	0.0	0.0	0.0
-2.09001725	5.4664600000000005	2.58703617	0.4393424	4.793040599999999	0.0	0.0	0.0	0.0	0.0
-2.0630172499999997	4.43554	1.95962043	0.31638465	4.5633973779999994	0.0	0.0	0.0	0.0	0.0
-2.0360172499999996	3.2385550000000007	1.3244792099999998	0.2243234	3.794535695	0.0	0.0	0.0	0.0	0.0
-2.0090172499999994	2.115025	0.8004958200000001	0.14818102	2.7470607119999997	0.0	0.0	0.0	0.0	0.0
-1.9820172499999993	1.2287020000000002	0.4328603900000001	0.08816080000000001	1.7274500898999998	0.0	0.0	0.0	0.0	0.0
-1.9540172499999997	0.6315829999999999	0.20905506000000001	0.04641137	0.9421716175	0.0	0.0	0.0	0.0	0.0
-1.9270172499999996	0.2857709	0.08987181	0.021423102	0.44538272236	0.0	0.0	0.0	0.0	0.0
-1.9000172499999994	0.11332369999999999	0.03422965900000001	0.008627579	0.18225432805999997	0.0	0.0	0.0	0.0	0.0
-1.8730172499999993	0.0392437	0.011498485900000001	0.0030220138	0.064547223561	0.0	0.0	0.0	0.0	0.0
-1.84601725	0.011834889999999995	0.0033897587999999995	0.0009188151	0.019777845008000002	0.0	0.0	0.0	0.0	0.0
-1.81901725	0.003101431	0.0008738934099999999	0.00024218979	0.0052400569958	0.0	0.0	0.0	0.0	0.0
-1.7920172499999998	0.0007051360000000001	0.00019637344000000002	5.5288886e-05	0.0012006951635699999	0.0	0.0	0.0	0.0	0.0
-1.7640172499999993	0.0001389382	3.8374506999999996e-05	1.0926226400000001e-05	0.00023787720510299999	0.0	0.0	0.0	0.0	0.0
-1.7370172499999992	2.370575e-05	6.508534699999999e-06	1.86782281e-06	4.07399196909e-05	0.0	0.0	0.0	0.0	0.0
-1.71001725	3.5000869999999996e-06	9.572006299999999e-07	2.76171183e-07	6.03142708357e-06	0.0	0.0	0.0	0.0	0.0
-1.6830172499999998	4.470197e-07	1.2192397e-07	3.53069782e-08	7.71669109042e-07	0.0	0.0	0.0	0.0	0.0
-1.6560172499999997	4.937897e-08	1.3439613e-08	3.90147098e-09	8.53364718739e-08	0.0	0.0	0.0	0.0	0.0
-1.6290172499999995	4.714646000000001e-09	1.28166614e-09	3.7279706800000003e-10	8.15550007522e-09	0.0	0.0	0.0	0.0	0.0
-1.6020172499999994	3.892299000000001e-10	1.0568807900000001e-10	3.07763386e-11	6.73500005737e-10	0.0	0.0	0.0	0.0	0.0
-1.5740172499999998	2.7766452999999996e-11	7.537048900000001e-12	2.1965825700000003e-12	4.80776633895e-11	0.0	0.0	0.0	0.0	0.0
-1.5470172499999997	1.7107476000000002e-12	4.635540462e-13	1.3539987600000003e-13	2.96489543064e-12	0.0	0.0	0.0	0.0	0.0
-1.5200172499999995	9.1677194e-14	2.4844902700000002e-14	7.256114900000001e-15	1.58885548106e-13	0.0	0.0	0.0	0.0	0.0
-1.4930172499999994	3.6672737999999994e-15	9.939317479e-16	2.90253124e-16	6.3554199442400006e-15	0.0	0.0	0.0	0.0	0.0
-1.4660172499999993	0.0	0.0	0.0	0.0	0.0	0.0	0.0	0.0	0.0
-1.43901725	0.0	0.0	0.0	0.0	0.0	0.0	0.0	0.0	0.0
-1.41201725	0.0	0.0	0.0	0.0	0.0	0.0	0.0	0.0	0.0
-1.3840172499999994	0.0	0.0	0.0	0.0	0.0	0.0	0.0	0.0	0.0
-1.3570172499999993	0.0	0.0	0.0	0.0	0.0	0.0	0.0	0.0	0.0
-1.33001725	0.0	0.0	0.0	0.0	0.0	0.0	0.0	0.0	0.0
-1.30301725	0.0	0.0	0.0	0.0	0.0	0.0	0.0	0.0	0.0
-1.2760172499999998	0.0	0.0	0.0	0.0	0.0	0.0	0.0	0.0	0.0
-1.2490172499999996	0.0	0.0	0.0	0.0	0.0	0.0	0.0	0.0	0.0
-1.2220172499999995	0.0	0.0	0.0	0.0	0.0	0.0	0.0	0.0	0.0
-1.19401725	0.0	0.0	0.0	0.0	0.0	0.0	0.0	0.0	0.0
-1.1670172499999998	0.0	0.0	0.0	0.0	0.0	0.0	0.0	0.0	0.0
-1.1400172499999996	0.0	0.0	0.0	0.0	0.0	0.0	0.0	0.0	0.0
-1.1130172499999995	0.0	0.0	0.0	0.0	0.0	0.0	0.0	0.0	0.0
-1.0860172499999994	0.0	0.0	0.0	0.0	0.0	0.0	0.0	0.0	0.0
-1.0590172499999992	1.6873743179999999e-16	7.782594400000001e-17	1.7130884899999999e-15	7.64680624e-17	0.0	0.0	0.0	0.0	0.0
-1.03201725	2.531033072e-15	1.16737756e-15	2.5694843299999995e-14	1.1470165509e-15	0.0	0.0	0.0	0.0	0.0
-1.0040172499999995	5.36514397e-14	2.4746426e-14	5.44750032e-13	2.4312812799999998e-14	0.0	0.0	0.0	0.0	0.0
-0.9770172499999994	9.50171988e-13	4.3818301e-13	9.64621229e-12	4.305946943999999e-13	0.0	0.0	0.0	0.0	0.0
-0.9500172499999993	1.455371153e-11	6.7123174999999996e-12	1.47768966e-10	6.594766243e-12	0.0	0.0	0.0	0.0	0.0
-0.92301725	1.925809351e-10	8.883472500000001e-11	1.95548531e-09	8.729619054000002e-11	0.0	0.0	0.0	0.0	0.0
-0.8960172499999999	2.2027608870000004e-09	1.01602736e-09	2.2360611699999998e-08	9.983267365000003e-10	0.0	0.0	0.0	0.0	0.0
-0.8690172499999997	2.176892218e-08	1.0041533300000002e-08	2.2106472399999995e-07	9.865635799e-09	0.0	0.0	0.0	0.0	0.0
-0.8410172499999993	1.8595156420000002e-07	8.575573e-08	1.88783567e-06	8.426711681999999e-08	0.0	0.0	0.0	0.0	0.0
-0.81401725	1.372451569e-06	6.3295e-07	1.39354258e-05	6.219529229999998e-07	0.0	0.0	0.0	0.0	0.0
-0.7870172499999999	8.755429959999997e-06	4.0382171e-06	8.88973954e-05	3.967492152e-06	0.0	0.0	0.0	0.0	0.0
-0.7600172499999998	4.8272612600000005e-05	2.2267021e-05	0.000490165602	2.188410342e-05	0.0	0.0	0.0	0.0	0.0
-0.7330172499999996	0.00023008539320000003	0.00010612521500000001	0.00233599822	0.00010428158618	0.0	0.0	0.0	0.0	0.0
-0.7060172499999995	0.000947892664	0.00043725777	0.009623967819999997	0.0004294755338	0.0	0.0	0.0	0.0	0.0
-0.6790172499999994	0.0033750341379999993	0.0015567624	0.03427133410000001	0.0015295980680999999	0.0	0.0	0.0	0.0	0.0
-0.6510172499999998	0.010388390300000001	0.0047917499	0.1054910649	0.004707583972000002	0.0	0.0	0.0	0.0	0.0
-0.6240172499999996	0.027646397510000004	0.012750592699999999	0.28068864699999996	0.012529148109999999	0.0	0.0	0.0	0.0	0.0
-0.5970172499999995	0.0635850251	0.029334033	0.6456266810000001	0.028817328350000004	0.0	0.0	0.0	0.0	0.0
-0.5700172499999994	0.12644423280000003	0.05832330000000001	1.283821887	0.05731003851999999	0.0	0.0	0.0	0.0	0.0
-0.5430172499999992	0.21736935789999998	0.10025292999999999	2.20688707	0.09851778490999999	0.0	0.0	0.0	0.0	0.0
-0.51601725	0.32300368969999993	0.14900031800000002	3.27946573	0.14640520308	0.0	0.0	0.0	0.0	0.0
-0.48901724999999985	0.415068207	0.19143659	4.21391788	0.18813382669999998	0.0	0.0	0.0	0.0	0.0
-0.4610172499999994	0.4609984949999999	0.21263169	4.680573399999999	0.2089715186	0.0	0.0	0.0	0.0	0.0
-0.43401724999999924	0.4427630000000002	0.20419795999999998	4.4953340399999995	0.20058924390000002	0.0	0.0	0.0	0.0	0.0
-0.40701725	0.36757546259999996	0.16952092800000002	3.7320465399999994	0.16656743453000003	0.0	0.0	0.0	0.0	0.0
-0.38001724999999986	0.2637481910000001	0.121664293	2.67802272	0.11954102784000001	0.0	0.0	0.0	0.0	0.0
-0.3530172499999997	0.1637225682	0.075489941	1.6618058099999997	0.0741694651	0.0	0.0	0.0	0.0	0.0
-0.3260172499999996	0.08779465209999998	0.040485632	0.8914116120000001	0.03978894558	0.0	0.0	0.0	0.0	0.0
-0.29901724999999946	0.04071668619999999	0.0187773193	0.413348759	0.01845414647	0.0	0.0	0.0	0.0	0.0
-0.2710172499999999	0.016323438290000002	0.0075271960999999995	0.165703061	0.007396349598000001	0.0	0.0	0.0	0.0	0.0
-0.24401724999999974	0.005656129039999998	0.0026089642	0.05741876780000001	0.002563505455	0.0	0.0	0.0	0.0	0.0
-0.2170172499999996	0.0016939758869999998	0.00078144187	0.0172012004	0.0007677783057	0.0	0.0	0.0	0.0	0.0
-0.19001724999999947	0.000438735657	0.00020234455000000002	0.00445471724	0.0001987901028	0.0	0.0	0.0	0.0	0.0
-0.16301724999999934	9.819266260000003e-05	4.5286698e-05	0.0009969616650000001	4.449159525e-05	0.0	0.0	0.0	0.0	0.0
-0.1360172499999992	1.89988507e-05	8.7620486e-06	0.000192870685	8.609639186e-06	0.0	0.0	0.0	0.0	0.0
-0.10901724999999995	3.176686122e-06	1.4651847e-06	3.2247864299999996e-05	1.4395753169999999e-06	0.0	0.0	0.0	0.0	0.0
-0.08101724999999949	4.5905757399999986e-07	2.1174204e-07	4.66074615e-06	2.080702281e-07	0.0	0.0	0.0	0.0	0.0
-0.05401724999999935	5.73371988e-08	2.6445759000000003e-08	5.82204516e-07	2.5982524750000002e-08	0.0	0.0	0.0	0.0	0.0
-0.027017249999999216	6.189405709999999e-09	2.8543862e-09	6.28416955e-08	2.804779292e-09	0.0	0.0	0.0	0.0	0.0
-1.724999999996868e-05	5.773762300000001e-10	2.6630978000000004e-10	5.86276055e-09	2.616289785e-10	0.0	0.0	0.0	0.0	0.0
0.026982750000000166	4.6547514199999997e-11	2.1467684999999996e-11	4.72483933e-10	2.109527797e-11	0.0	0.0	0.0	0.0	0.0
0.0539827500000003	3.242439619000001e-12	1.49536875e-12	3.2921336200000003e-11	1.4693069338e-12	0.0	0.0	0.0	0.0	0.0
0.08098275000000044	1.9501670069999998e-13	8.996974300000001e-14	1.98040177e-12	8.839741017e-14	0.0	0.0	0.0	0.0	0.0
0.10898275000000002	1.0124043489999998e-14	4.6691548000000005e-15	1.0279158820000001e-13	4.587495604e-15	0.0	0.0	0.0	0.0	0.0
0.13598275000000015	6.749368659999998e-16	3.1135125000000004e-16	6.852145209999999e-15	3.059170336e-16	0.0	0.0	0.0	0.0	0.0
0.1629827500000003	0.0	0.0	0.0	0.0	0.0	0.0	0.0	0.0	0.0
0.18998275000000042	0.0	0.0	0.0	0.0	0.0	0.0	0.0	0.0	0.0
0.21698275000000056	0.0	0.0	0.0	0.0	0.0	0.0	0.0	0.0	0.0
0.2439827500000007	0.0	0.0	0.0	0.0	0.0	0.0	0.0	0.0	0.0
0.2709827500000008	0.0	0.0	0.0	0.0	0.0	0.0	0.0	0.0	0.0
0.2989827500000004	0.0	0.0	0.0	0.0	0.0	0.0	0.0	0.0	0.0
0.32598275000000054	0.0	0.0	0.0	0.0	0.0	0.0	0.0	0.0	0.0
0.3529827500000007	0.0	0.0	0.0	0.0	0.0	0.0	0.0	0.0	0.0
0.3799827500000008	0.0	0.0	0.0	0.0	0.0	0.0	0.0	0.0	0.0
0.40698275000000006	0.0	0.0	0.0	0.0	0.0	0.0	0.0	0.0	0.0
0.4339827500000002	0.0	0.0	0.0	0.0	0.0	0.0	0.0	0.0	0.0
0.46098275000000033	0.0	0.0	0.0	0.0	0.0	0.0	0.0	0.0	0.0
0.4889827500000008	0.0	0.0	0.0	0.0	0.0	0.0	0.0	0.0	0.0
0.51598275	0.0	0.0	0.0	0.0	0.0	0.0	0.0	0.0	0.0
0.5429827500000002	0.0	0.0	0.0	0.0	0.0	0.0	0.0	0.0	0.0
0.5699827500000003	0.0	0.0	0.0	0.0	0.0	0.0	0.0	0.0	0.0
0.5969827500000005	0.0	0.0	0.0	0.0	0.0	0.0	0.0	0.0	0.0
0.6239827500000006	0.0	0.0	0.0	0.0	0.0	0.0	0.0	0.0	0.0
0.6509827500000007	0.0	0.0	0.0	0.0	0.0	0.0	0.0	0.0	0.0
0.6789827500000003	0.0	0.0	0.0	0.0	0.0	0.0	0.0	0.0	0.0
0.7059827500000004	0.0	0.0	0.0	0.0	0.0	0.0	0.0	0.0	0.0
0.7329827500000006	0.0	0.0	0.0	0.0	0.0	0.0	0.0	0.0	0.0
0.7599827500000007	0.0	0.0	0.0	0.0	0.0	0.0	0.0	0.0	0.0
0.78698275	0.0	0.0	0.0	0.0	0.0	0.0	0.0	0.0	0.0
0.8139827500000001	0.0	0.0	0.0	0.0	0.0	0.0	0.0	0.0	0.0
0.8419827500000006	0.0	0.0	0.0	0.0	0.0	0.0	0.0	0.0	0.0
0.8689827500000007	0.0	0.0	0.0	0.0	0.0	0.0	0.0	0.0	0.0
0.8959827500000008	0.0	0.0	0.0	0.0	0.0	0.0	0.0	0.0	0.0
0.9229827500000001	0.0	0.0	0.0	0.0	0.0	0.0	0.0	0.0	0.0
0.9499827500000002	0.0	0.0	0.0	0.0	0.0	0.0	0.0	0.0	0.0
0.9769827500000003	0.0	0.0	0.0	0.0	0.0	0.0	0.0	0.0	0.0
1.0039827500000005	0.0	0.0	0.0	0.0	0.0	0.0	0.0	0.0	0.0
1.03198275	0.0	0.0	0.0	0.0	0.0	0.0	0.0	0.0	0.0
1.0589827500000002	0.0	0.0	0.0	0.0	0.0	0.0	0.0	0.0	0.0
1.0859827500000003	0.0	0.0	0.0	0.0	0.0	0.0	0.0	0.0	0.0
1.1129827500000005	0.0	0.0	0.0	0.0	0.0	0.0	0.0	0.0	0.0
1.1399827500000006	0.0	0.0	0.0	0.0	0.0	0.0	0.0	0.0	0.0
1.1669827500000007	0.0	0.0	0.0	0.0	0.0	0.0	0.0	0.0	0.0
1.19398275	0.0	0.0	0.0	0.0	0.0	0.0	0.0	0.0	0.0
1.2219827500000005	0.0	0.0	0.0	0.0	0.0	0.0	0.0	0.0	0.0
1.2489827500000006	0.0	0.0	0.0	0.0	0.0	0.0	0.0	0.0	0.0
1.2759827500000007	0.0	0.0	0.0	0.0	0.0	0.0	0.0	0.0	0.0
1.30298275	0.0	0.0	0.0	0.0	0.0	0.0	0.0	0.0	0.0
1.32998275	0.0	0.0	0.0	0.0	0.0	0.0	0.0	0.0	0.0
1.3569827500000002	0.0	0.0	0.0	0.0	0.0	0.0	0.0	0.0	0.0
1.3839827500000004	0.0	0.0	0.0	0.0	0.0	0.0	0.0	0.0	0.0
1.41198275	0.0	0.0	0.0	0.0	0.0	0.0	0.0	0.0	0.0
1.43898275	0.0	0.0	0.0	0.0	0.0	0.0	0.0	0.0	0.0
1.4659827500000002	0.0	0.0	0.0	0.0	0.0	0.0	0.0	0.0	0.0
1.4929827500000004	0.0	0.0	0.0	0.0	0.0	0.0	0.0	0.0	0.0
1.5199827500000005	0.0	0.0	0.0	0.0	0.0	0.0	0.0	0.0	0.0
1.5469827500000006	0.0	0.0	0.0	0.0	0.0	0.0	0.0	0.0	0.0
1.5739827500000008	0.0	0.0	0.0	0.0	0.0	0.0	0.0	0.0	0.0
1.6019827500000003	0.0	0.0	0.0	0.0	0.0	0.0	0.0	0.0	0.0
1.6289827500000005	0.0	0.0	0.0	0.0	0.0	0.0	0.0	0.0	0.0
1.6559827500000006	0.0	0.0	0.0	0.0	0.0	0.0	0.0	0.0	0.0
1.6829827500000007	0.0	0.0	0.0	0.0	0.0	0.0	0.0	0.0	0.0
1.70998275	0.0	0.0	0.0	0.0	0.0	0.0	0.0	0.0	0.0
1.7369827500000001	0.0	0.0	0.0	0.0	0.0	0.0	0.0	0.0	0.0
1.7639827500000003	0.0	0.0	0.0	0.0	0.0	0.0	0.0	0.0	0.0
1.7919827500000003	0.0	0.0	0.0	0.0	0.0	0.0	0.0	0.0	0.0
1.8189827500000004	0.0	0.0	0.0	0.0	0.0	0.0	0.0	0.0	0.0
1.8459827500000006	0.0	0.0	0.0	0.0	0.0	0.0	0.0	0.0	0.0
1.8729827500000003	0.0	0.0	0.0	0.0	0.0	0.0	0.0	0.0	0.0
1.8999827500000004	0.0	0.0	0.0	0.0	0.0	0.0	0.0	0.0	0.0
1.9269827500000005	0.0	0.0	0.0	0.0	0.0	0.0	0.0	0.0	0.0
1.9539827500000002	0.0	0.0	0.0	0.0	0.0	0.0	0.0	0.0	0.0
1.9819827500000002	0.0	0.0	0.0	0.0	0.0	0.0	0.0	0.0	0.0
2.0089827500000004	0.0	0.0	0.0	0.0	0.0	0.0	0.0	0.0	0.0
2.0359827500000005	0.0	0.0	0.0	0.0	0.0	0.0	0.0	0.0	0.0
2.06298275	0.0	0.0	0.0	0.0	0.0	0.0	0.0	0.0	0.0
2.0899827500000003	0.0	0.0	0.0	0.0	0.0	0.0	0.0	0.0	0.0
2.1169827500000005	0.0	0.0	0.0	0.0	0.0	0.0	0.0	0.0	0.0
2.1439827500000006	0.0	0.0	0.0	0.0	0.0	0.0	0.0	0.0	0.0
2.17198275	0.0	0.0	0.0	0.0	0.0	0.0	0.0	0.0	0.0
2.1989827500000003	0.0	0.0	0.0	0.0	0.0	0.0	0.0	0.0	0.0
2.2259827500000005	0.0	0.0	0.0	0.0	0.0	0.0	0.0	0.0	0.0
2.2529827500000006	0.0	0.0	0.0	0.0	0.0	0.0	0.0	0.0	0.0
2.2799827500000003	0.0	0.0	0.0	0.0	0.0	0.0	0.0	0.0	0.0
2.3069827500000004	0.0	0.0	0.0	0.0	0.0	0.0	0.0	0.0	0.0
2.3339827500000006	0.0	0.0	0.0	0.0	0.0	0.0	0.0	0.0	0.0
2.3619827500000006	0.0	0.0	0.0	0.0	0.0	0.0	0.0	0.0	0.0
2.3889827500000003	0.0	0.0	0.0	0.0	0.0	0.0	0.0	0.0	0.0
2.4159827500000004	0.0	0.0	0.0	0.0	0.0	0.0	0.0	0.0	0.0
2.4429827500000005	0.0	0.0	0.0	0.0	0.0	0.0	0.0	0.0	0.0
2.4699827500000002	0.0	0.0	0.0	0.0	0.0	0.0	0.0	0.0	0.0
2.4969827500000004	0.0	0.0	0.0	0.0	0.0	0.0	0.0	0.0	0.0
2.5249827500000004	0.0	0.0	0.0	0.0	0.0	0.0	0.0	0.0	0.0
2.5519827500000005	0.0	0.0	0.0	0.0	0.0	0.0	0.0	0.0	0.0
2.57898275	0.0	0.0	0.0	0.0	0.0	0.0	0.0	0.0	0.0
2.6059827500000003	0.0	0.0	0.0	0.0	0.0	0.0	0.0	0.0	0.0
2.6329827500000005	0.0	0.0	0.0	0.0	0.0	0.0	0.0	0.0	0.0
2.65998275	0.0	0.0	0.0	0.0	0.0	0.0	0.0	0.0	0.0
2.6869827500000003	0.0	0.0	0.0	0.0	0.0	0.0	0.0	0.0	0.0
2.7149827500000003	0.0	0.0	0.0	0.0	0.0	0.0	0.0	0.0	0.0
2.7419827500000005	0.0	0.0	0.0	0.0	0.0	0.0	0.0	0.0	0.0
2.7689827500000006	0.0	0.0	0.0	0.0	0.0	0.0	0.0	0.0	0.0
2.7959827500000003	0.0	0.0	0.0	0.0	0.0	0.0	0.0	0.0	0.0
2.8229827500000004	0.0	0.0	0.0	0.0	0.0	0.0	0.0	0.0	0.0
2.8499827500000006	0.0	0.0	0.0	0.0	0.0	0.0	0.0	0.0	0.0
2.8769827500000003	0.0	0.0	0.0	0.0	0.0	0.0	0.0	0.0	0.0
2.9049827500000003	0.0	0.0	0.0	0.0	0.0	0.0	0.0	0.0	0.0
2.9319827500000004	0.0	0.0	0.0	0.0	0.0	0.0	0.0	0.0	0.0
2.9589827500000006	0.0	0.0	0.0	0.0	0.0	0.0	0.0	0.0	0.0
2.9859827500000002	0.0	0.0	0.0	0.0	0.0	0.0	0.0	0.0	0.0
3.0129827500000004	0.0	0.0	0.0	0.0	0.0	0.0	0.0	0.0	0.0
3.0399827500000005	0.0	0.0	0.0	0.0	0.0	0.0	0.0	0.0	0.0
3.06698275	0.0	0.0	0.0	0.0	0.0	0.0	0.0	0.0	0.0
3.0949827500000002	0.0	0.0	0.0	0.0	0.0	0.0	0.0	0.0	0.0
3.1219827500000004	0.0	0.0	0.0	0.0	0.0	0.0	0.0	0.0	0.0
3.1489827500000005	0.0	0.0	0.0	0.0	0.0	0.0	0.0	0.0	0.0
3.17598275	0.0	0.0	0.0	0.0	0.0	0.0	0.0	0.0	0.0
3.2029827500000003	0.0	0.0	0.0	0.0	0.0	0.0	0.0	0.0	0.0
3.2299827500000005	0.0	0.0	0.0	0.0	0.0	0.0	0.0	0.0	0.0
3.2569827500000006	0.0	0.0	0.0	0.0	0.0	0.0	0.0	0.0	0.0
3.28498275	0.0	0.0	0.0	0.0	0.0	0.0	0.0	0.0	0.0
3.3119827500000003	0.0	0.0	0.0	0.0	0.0	0.0	0.0	0.0	0.0
3.3389827500000004	0.0	0.0	0.0	0.0	0.0	0.0	0.0	0.0	0.0
3.3659827500000006	0.0	0.0	0.0	0.0	0.0	0.0	0.0	0.0	0.0
3.3929827500000003	0.0	0.0	0.0	0.0	0.0	0.0	0.0	0.0	0.0
3.4199827500000004	0.0	0.0	0.0	0.0	0.0	0.0	0.0	0.0	0.0
3.4469827500000005	0.0	0.0	0.0	0.0	0.0	0.0	0.0	0.0	0.0
3.4749827500000006	0.0	0.0	0.0	0.0	0.0	0.0	0.0	0.0	0.0
3.5019827500000003	0.0	0.0	0.0	0.0	0.0	0.0	0.0	0.0	0.0
3.5289827500000004	0.0	0.0	0.0	0.0	0.0	0.0	0.0	0.0	0.0
3.5559827500000005	0.0	0.0	0.0	0.0	0.0	0.0	0.0	0.0	0.0
3.58298275	0.0	0.0	0.0	0.0	0.0	0.0	0.0	0.0	0.0
3.6099827500000004	0.0	0.0	0.0	0.0	0.0	0.0	0.0	0.0	0.0
3.6369827500000005	0.0	0.0	0.0	0.0	0.0	0.0	0.0	0.0	0.0
3.6649827500000005	0.0	0.0	0.0	0.0	0.0	0.0	0.0	0.0	0.0
3.69198275	0.0	0.0	0.0	0.0	0.0	0.0	0.0	0.0	0.0
3.7189827500000003	0.0	0.0	0.0	0.0	0.0	0.0	0.0	0.0	0.0
3.7459827500000005	0.0	0.0	0.0	0.0	0.0	0.0	0.0	0.0	0.0
3.7729827500000006	0.0	0.0	0.0	0.0	0.0	0.0	0.0	0.0	0.0
3.7999827500000003	0.0	0.0	0.0	0.0	0.0	0.0	0.0	0.0	0.0
3.8269827500000004	0.0	0.0	0.0	0.0	0.0	0.0	0.0	0.0	0.0
3.8549827500000005	0.0	0.0	0.0	0.0	0.0	0.0	0.0	0.0	0.0
3.8819827500000006	0.0	0.0	0.0	0.0	0.0	0.0	0.0	0.0	0.0
3.9089827500000003	0.0	0.0	0.0	0.0	0.0	0.0	0.0	0.0	0.0
3.9359827500000004	0.0	0.0	0.0	0.0	0.0	0.0	0.0	0.0	0.0
3.96298275	0.0	0.0	0.0	0.0	0.0	0.0	0.0	0.0	0.0
3.9899827500000002	0.0	0.0	0.0	0.0	0.0	0.0	0.0	0.0	0.0
4.01698275	0.0	0.0	0.0	0.0	0.0	0.0	0.0	0.0	0.0
4.044982750000001	0.0	0.0	0.0	0.0	0.0	0.0	0.0	0.0	0.0
4.07198275	0.0	0.0	0.0	0.0	0.0	0.0	0.0	0.0	0.0
4.09898275	0.0	0.0	0.0	0.0	0.0	0.0	0.0	0.0	0.0
4.12598275	0.0	0.0	0.0	0.0	0.0	0.0	0.0	0.0	0.0
4.1529827500000005	0.0	0.0	0.0	0.0	0.0	0.0	0.0	0.0	0.0
4.179982750000001	0.0	0.0	0.0	0.0	0.0	0.0	0.0	0.0	0.0
4.20698275	0.0	0.0	0.0	0.0	0.0	0.0	0.0	0.0	0.0
4.23498275	0.0	0.0	0.0	0.0	0.0	0.0	0.0	0.0	0.0
4.2619827500000005	0.0	0.0	0.0	0.0	0.0	0.0	0.0	0.0	0.0
4.288982750000001	0.0	0.0	0.0	0.0	0.0	0.0	0.0	0.0	0.0
4.31598275	0.0	0.0	0.0	0.0	0.0	0.0	0.0	0.0	0.0
4.342982750000001	0.0	0.0	0.0	0.0	0.0	0.0	0.0	0.0	0.0
4.36998275	0.0	0.0	0.0	0.0	0.0	0.0	0.0	0.0	0.0
4.397982750000001	0.0	0.0	0.0	0.0	0.0	0.0	0.0	0.0	0.0
4.42498275	0.0	0.0	0.0	0.0	0.0	0.0	0.0	0.0	0.0
4.451982750000001	0.0	0.0	0.0	0.0	0.0	0.0	0.0	0.0	0.0
4.47898275	0.0	0.0	0.0	0.0	0.0	0.0	0.0	0.0	0.0
4.50598275	0.0	0.0	0.0	0.0	0.0	0.0	0.0	0.0	0.0
4.53298275	0.0	0.0	0.0	0.0	0.0	0.0	0.0	0.0	0.0
4.5599827500000005	0.0	0.0	0.0	0.0	0.0	0.0	0.0	0.0	0.0
4.58798275	0.0	0.0	0.0	0.0	0.0	0.0	0.0	0.0	0.0
4.61498275	0.0	0.0	0.0	0.0	0.0	0.0	0.0	0.0	0.0
4.64198275	0.0	0.0	0.0	0.0	0.0	0.0	0.0	0.0	0.0
4.6689827500000005	0.0	0.0	0.0	0.0	0.0	0.0	0.0	0.0	0.0
4.695982750000001	0.0	0.0	0.0	0.0	0.0	0.0	0.0	0.0	0.0
4.72298275	0.0	0.0	0.0	0.0	0.0	0.0	0.0	0.0	0.0
4.749982750000001	0.0	0.0	0.0	0.0	0.0	0.0	0.0	0.0	0.0
4.7779827500000005	0.0	0.0	0.0	0.0	0.0	0.0	0.0	0.0	0.0
4.804982750000001	0.0	0.0	0.0	0.0	0.0	0.0	0.0	0.0	0.0
4.831982750000001	0.0	0.0	0.0	0.0	0.0	0.0	0.0	0.0	0.0
4.85898275	0.0	0.0	0.0	0.0	0.0	0.0	0.0	0.0	0.0
4.88598275	5.895938900000002e-16	4.574428847e-16	1.055036016e-14	2.08478475e-16	0.0	0.0	0.0	0.0	0.0
4.91298275	1.1454890900000002e-14	8.887620827999999e-15	2.04937324e-13	4.050925569999999e-15	0.0	0.0	0.0	0.0	0.0
4.93998275	2.1287542599999998e-13	1.651487477e-13	3.80909671e-12	7.525548799999999e-14	0.0	0.0	0.0	0.0	0.0
4.96798275	3.3970921e-12	2.636178985e-12	6.079396590000001e-11	1.2011148499999999e-12	0.0	0.0	0.0	0.0	0.0
4.99498275	4.6875425099999996e-11	3.63642274e-11	8.386126260000001e-10	1.6569828300000002e-11	0.0	0.0	0.0	0.0	0.0
5.02198275	5.58684644e-10	4.334331604e-10	9.9967337e-09	1.9753049799999998e-10	0.0	0.0	0.0	0.0	0.0
5.04898275	5.754811800000001e-09	4.4654810470000005e-09	1.029762664e-07	2.0344699400000005e-09	0.0	0.0	0.0	0.0	0.0
5.0759827500000005	5.123250739999999e-08	3.9753304210000005e-08	9.1669054e-07	1.81139733e-08	0.0	0.0	0.0	0.0	0.0
5.102982750000001	3.94195803e-07	3.058450457e-07	7.05382236e-06	1.3936953600000002e-07	0.0	0.0	0.0	0.0	0.0
5.12998275	2.6214408700000002e-06	2.033971656e-06	4.690430140000001e-05	9.26648e-07	0.0	0.0	0.0	0.0	0.0
5.15798275	1.5063372400000002e-05	1.1688093090000002e-05	0.00026954099859999997	5.32543623e-06	0.0	0.0	0.0	0.0	0.0
5.1849827500000005	7.4825458e-05	5.805683664e-05	0.0013389209509999998	2.6459268300000003e-05	0.0	0.0	0.0	0.0	0.0
5.211982750000001	0.00032131525300000004	0.0002492181508	0.00574846824	0.000113584479	0.0	0.0	0.0	0.0	0.0
5.23898275	0.0011923241099999998	0.000925102842	0.0213300794	0.00042147642499999993	0.0	0.0	0.0	0.0	0.0
5.26598275	0.0038252386699999994	0.0029683467180000003	0.06844009720000002	0.0013523278	0.0	0.0	0.0	0.0	0.0
5.29298275	0.010607966700000002	0.008229791008	0.18981327550000002	0.0037513197199999996	0.0	0.0	0.0	0.0	0.0
5.31998275	0.025430555900000006	0.0197280706	0.455021153	0.008990865599999998	0.0	0.0	0.0	0.0	0.0
5.347982750000001	0.0527051754	0.04089777287	0.943026486	0.018634111699999997	0.0	0.0	0.0	0.0	0.0
5.37498275	0.09442594299999998	0.07326207633000001	1.68953627	0.0333856006	0.0	0.0	0.0	0.0	0.0
5.40198275	0.146254416	0.1134713395	2.61722097	0.051716657700000015	0.0	0.0	0.0	0.0	0.0
5.42898275	0.19584355199999998	0.151946411	3.503954402	0.069240885	0.0	0.0	0.0	0.0	0.0
5.45598275	0.22669867	0.17590611509999998	4.05751564	0.08014974300000001	0.0	0.0	0.0	0.0	0.0
5.482982750000001	0.22689942000000005	0.1760452238	4.059738440000001	0.080214921	0.0	0.0	0.0	0.0	0.0
5.509982750000001	0.19635935799999998	0.152348677	3.5125422200000003	0.06942550100000001	0.0	0.0	0.0	0.0	0.0
5.53798275	0.14703255299999995	0.114049469	2.6280390700000003	0.051989444999999995	0.0	0.0	0.0	0.0	0.0
5.56498275	0.09563622	0.07408449999999998	1.69972138	0.033836149999999995	0.0	0.0	0.0	0.0	0.0
5.591982750000001	0.05520246000000001	0.04248855	0.9517878100000001	0.01960502	0.0	0.0	0.0	0.0	0.0
5.618982750000001	0.031360830000000006	0.02340841	0.46421284000000007	0.01132742	0.0	0.0	0.0	0.0	0.0
5.64598275	0.024028399999999995	0.01648983	0.20392411999999996	0.00905813	0.0	0.0	0.0	0.0	0.0
5.67298275	0.03073089	0.019495520000000002	0.09367929000000001	0.01199964	0.0	0.0	0.0	0.0	0.0
5.69998275	0.04805151	0.02970805	0.06419299	0.018971698	0.0	0.0	0.0	0.0	0.0
5.727982750000001	0.07097822000000001	0.0436388	0.0700381	0.028082735999999997	0.0	0.0	0.0	0.0	0.0
5.754982750000001	0.09219300000000001	0.05664066000000001	0.08507362	0.0364979	0.0	0.0	0.0	0.0	0.0
5.78198275	0.10394743	0.06384211000000002	0.09469085	0.041147457	0.0	0.0	0.0	0.0	0.0
5.80898275	0.10157514000000001	0.06240048999999999	0.09226429000000001	0.04022597	0.0	0.0	0.0	0.0	0.0
5.83598275	0.086558769	0.05321180000000001	0.07834292999999999	0.0343194	0.0	0.0	0.0	0.0	0.0
5.8629827500000005	0.06578138400000001	0.04057547	0.0588591	0.026206222000000005	0.0	0.0	0.0	0.0	0.0
5.889982750000001	0.048062529	0.029976999999999997	0.041372780000000005	0.019455155	0.0	0.0	0.0	0.0	0.0
5.91798275	0.040123160000000005	0.02568108	0.03141362	0.016827403	0.0	0.0	0.0	0.0	0.0
5.94498275	0.044319660000000004	0.029256249999999998	0.030679739999999997	0.01934391	0.0	0.0	0.0	0.0	0.0
5.9719827500000005	0.05824568000000001	0.039249000000000006	0.037108489999999994	0.026041949999999998	0.0	0.0	0.0	0.0	0.0
5.998982750000001	0.07570225000000001	0.05170040000000001	0.046115930000000006	0.03426356	0.0	0.0	0.0	0.0	0.0
6.025982750000001	0.08892561999999998	0.061667400000000004	0.052540909999999996	0.04061483	0.0	0.0	0.0	0.0	0.0
6.05298275	0.09203273	0.06577630000000001	0.05277510999999999	0.04250605	0.0	0.0	0.0	0.0	0.0
6.08098275	0.08407745	0.0647862	0.04638316000000001	0.039660100000000004	0.0	0.0	0.0	0.0	0.0
6.107982750000001	0.06967553000000001	0.06443738	0.035998230000000006	0.03448506	0.0	0.0	0.0	0.0	0.0
6.134982750000001	0.05651163000000001	0.07339292	0.02568362	0.03094612	0.0	0.0	0.0	0.0	0.0
6.16198275	0.05146987	0.09856531	0.01905128	0.03250491999999999	0.0	0.0	0.0	0.0	0.0
6.18898275	0.05785309	0.13996512	0.018538620000000002	0.040343550000000006	0.0	0.0	0.0	0.0	0.0
6.21598275	0.07539868	0.18832379000000002	0.02605768	0.052951929999999994	0.0	0.0	0.0	0.0	0.0
6.24298275	0.10228053	0.22819592	0.04396789999999999	0.06731498000000001	0.0	0.0	0.0	0.0	0.0
6.27098275	0.13736428	0.24604502	0.07473680000000002	0.08085790000000001	0.0	0.0	0.0	0.0	0.0
6.29798275	0.17957746	0.23801846	0.1183096	0.09251739999999999	0.0	0.0	0.0	0.0	0.0
6.32498275	0.22478331	0.21122055000000003	0.1685431	0.1020766	0.0	0.0	0.0	0.0	0.0
6.35198275	0.26311945	0.17768882	0.2124281	0.1083764	0.0	0.0	0.0	0.0	0.0
6.3789827500000005	0.28202554	0.14722116	0.23492999999999997	0.1092029	0.0	0.0	0.0	0.0	0.0
6.405982750000001	0.27405077	0.12466313000000001	0.22763980000000003	0.10320060000000002	0.0	0.0	0.0	0.0	0.0
6.432982750000001	0.24347819999999998	0.11167540000000001	0.1944223	0.09208519999999999	0.0	0.0	0.0	0.0	0.0
6.46098275	0.2048383	0.10917450000000001	0.1494525	0.08051090000000001	0.0	0.0	0.0	0.0	0.0
6.4879827500000005	0.174617	0.1174375	0.10917710000000001	0.0737772	0.0	0.0	0.0	0.0	0.0
6.514982750000001	0.1628361	0.13479449999999998	0.0845442	0.0752898	0.0	0.0	0.0	0.0	0.0
6.541982750000001	0.17019550000000003	0.15712569999999998	0.07857179999999998	0.0854711	0.0	0.0	0.0	0.0	0.0
6.56898275	0.19058540000000002	0.1789919	0.0883512	0.10193549999999998	0.0	0.0	0.0	0.0	0.0
6.59598275	0.21500650000000002	0.1953245	0.10800860000000001	0.1202761	0.0	0.0	0.0	0.0	0.0
6.62298275	0.23483570000000004	0.20267490000000002	0.1306328	0.13516109999999998	0.0	0.0	0.0	0.0	0.0
6.650982750000001	0.24327000000000001	0.19959599999999994	0.14922380000000002	0.141715	0.0	0.0	0.0	0.0	0.0
6.67798275	0.23635710000000001	0.1861683	0.15794060000000001	0.13721840000000002	0.0	0.0	0.0	0.0	0.0
6.70498275	0.2137461	0.16391529999999999	0.1537261	0.122113	0.0	0.0	0.0	0.0	0.0
6.73198275	0.17875560000000001	0.13543	0.1371669	0.099737	0.0	0.0	0.0	0.0	0.0
6.75898275	0.13762939999999996	0.1044853	0.1121138	0.0748365	0.0	0.0	0.0	0.0	0.0
6.7859827500000005	0.0974617	0.07557060000000002	0.0840622	0.051836799999999995	0.0	0.0	0.0	0.0	0.0
6.812982750000001	0.0644528	0.053351	0.0584732	0.0337379	0.0	0.0	0.0	0.0	0.0
6.84098275	0.042855899999999995	0.04236620000000001	0.0396792	0.022058809999999998	0.0	0.0	0.0	0.0	0.0
6.86798275	0.0350103	0.04664912	0.030763959999999996	0.01733117	0.0	0.0	0.0	0.0	0.0
6.8949827500000005	0.0417454	0.06862388000000001	0.03347501	0.0194797	0.0	0.0	0.0	0.0	0.0
6.921982750000001	0.0620053	0.10675885	0.04777178000000001	0.027662049999999997	0.0	0.0	0.0	0.0	0.0
6.948982750000001	0.0919721	0.15342182	0.07081324	0.0398222	0.0	0.0	0.0	0.0	0.0
6.97598275	0.1248692	0.19556594000000002	0.09644690000000002	0.052698499999999995	0.0	0.0	0.0	0.0	0.0
7.00298275	0.1529913	0.21995909	0.11665099999999999	0.06289879999999999	0.0	0.0	0.0	0.0	0.0
7.030982750000001	0.170959	0.22054298	0.1251291	0.06873209999999999	0.0	0.0	0.0	0.0	0.0
7.057982750000001	0.1782541	0.2025995	0.12083809999999999	0.0714591	0.0	0.0	0.0	0.0	0.0
7.08498275	0.1789084	0.1796639	0.10903270000000001	0.0750008	0.0	0.0	0.0	0.0	0.0
7.11198275	0.1793767	0.1659985	0.09862749999999999	0.08395150000000001	0.0	0.0	0.0	0.0	0.0
7.13898275	0.186091	0.16926820000000004	0.0981208	0.1010586	0.0	0.0	0.0	0.0	0.0
7.16598275	0.20385700000000004	0.18798760000000003	0.11218059999999999	0.1256921	0.0	0.0	0.0	0.0	0.0
7.1929827500000005	0.234051	0.21436819999999998	0.13981519999999997	0.15364899999999998	0.0	0.0	0.0	0.0	0.0
7.22098275	0.273157	0.23929180000000003	0.17477679999999998	0.17890520000000001	0.0	0.0	0.0	0.0	0.0
7.24798275	0.312878	0.25695250000000003	0.20780749999999998	0.19596300000000003	0.0	0.0	0.0	0.0	0.0
7.27498275	0.342898	0.26587849999999996	0.2303359	0.201845	0.0	0.0	0.0	0.0	0.0
7.3019827500000005	0.35468099999999997	0.266817	0.23764070000000004	0.196542	0.0	0.0	0.0	0.0	0.0
7.328982750000001	0.34416699999999995	0.260055	0.22968200000000003	0.181837	0.0	0.0	0.0	0.0	0.0
7.355982750000001	0.312287	0.24425600000000003	0.2093232	0.1599757	0.0	0.0	0.0	0.0	0.0
7.38298275	0.26409799999999994	0.218025	0.1801454	0.1332267	0.0	0.0	0.0	0.0	0.0
7.4109827500000005	0.2070196	0.18200159999999999	0.1455618	0.10391799999999998	0.0	0.0	0.0	0.0	0.0
7.437982750000001	0.14930970000000005	0.1399744	0.10913550000000001	0.0749841	0.0	0.0	0.0	0.0	0.0
7.464982750000001	0.0982508	0.097877	0.07485599999999999	0.0494084	0.0	0.0	0.0	0.0	0.0
7.49198275	0.0585145	0.0616328	0.04638829999999999	0.029435589999999998	0.0	0.0	0.0	0.0	0.0
7.51898275	0.031564199999999994	0.03482717	0.02583106	0.01583541	0.0	0.0	0.0	0.0	0.0
7.54598275	0.016227309999999995	0.018172090000000002	0.0133193	0.008048860000000001	0.0	0.0	0.0	0.0	0.0
7.57298275	0.010550790000000003	0.0105326	0.0077745900000000005	0.005010493	0.0	0.0	0.0	0.0	0.0
7.60098275	0.01358996	0.010656699999999998	0.00816795	0.006038656	0.0	0.0	0.0	0.0	0.0
7.62798275	0.026210699999999997	0.0183272	0.01432396	0.011224940000000001	0.0	0.0	0.0	0.0	0.0
7.65498275	0.05009091000000001	0.034133000000000004	0.026561979999999995	0.02100988	0.0	0.0	0.0	0.0	0.0
7.68198275	0.08518730000000001	0.05818240000000001	0.044403939999999996	0.03513927	0.0	0.0	0.0	0.0	0.0
7.7089827500000006	0.127296	0.0890031	0.0653868	0.05181842999999999	0.0	0.0	0.0	0.0	0.0
7.735982750000001	0.1682879	0.124013	0.0853883	0.06807769999999999	0.0	0.0	0.0	0.0	0.0
7.762982750000001	0.1999134	0.161494	0.1008896	0.08142920000000002	0.0	0.0	0.0	0.0	0.0
7.79098275	0.21869400000000003	0.20167900000000002	0.1113289	0.0917342	0.0	0.0	0.0	0.0	0.0
7.8179827500000005	0.22741699999999998	0.24491700000000002	0.1195804	0.1011618	0.0	0.0	0.0	0.0	0.0
7.84498275	0.23181100000000002	0.28822499999999995	0.12929380000000001	0.112282	0.0	0.0	0.0	0.0	0.0
7.871982750000001	0.23593399999999998	0.324213	0.14193829999999996	0.125791	0.0	0.0	0.0	0.0	0.0
7.89898275	0.24041	0.3448570000000001	0.1559074	0.14004500000000003	0.0	0.0	0.0	0.0	0.0
7.92598275	0.244352	0.3473780000000001	0.1684084	0.15252900000000003	0.0	0.0	0.0	0.0	0.0
7.95398275	0.24741100000000002	0.336404	0.17810660000000003	0.161593	0.0	0.0	0.0	0.0	0.0
7.980982750000001	0.24955499999999997	0.32068700000000006	0.186133	0.166759	0.0	0.0	0.0	0.0	0.0
8.00798275	0.24967799999999998	0.30708599999999997	0.19462499999999996	0.167928	0.0	0.0	0.0	0.0	0.0
8.034982750000001	0.245092	0.296569	0.20422859999999998	0.164424	0.0	0.0	0.0	0.0	0.0
8.06198275	0.23283900000000002	0.284316	0.2121215	0.155162	0.0	0.0	0.0	0.0	0.0
8.08898275	0.212067	0.264015	0.21276589999999998	0.139744	0.0	0.0	0.0	0.0	0.0
8.11598275	0.18604900000000002	0.23345500000000002	0.2017585	0.12008200000000001	0.0	0.0	0.0	0.0	0.0
8.143982750000001	0.16231299999999999	0.197918	0.1801135	0.1010078	0.0	0.0	0.0	0.0	0.0
8.17098275	0.15081	0.168698	0.1552347	0.08906820000000001	0.0	0.0	0.0	0.0	0.0
8.197982750000001	0.15959600000000002	0.15713699999999997	0.13701739999999998	0.08980129999999999	0.0	0.0	0.0	0.0	0.0
8.22498275	0.190628	0.16830199999999998	0.13205279999999997	0.1051682	0.0	0.0	0.0	0.0	0.0
8.25198275	0.237959	0.19833399999999998	0.1407164	0.132939	0.0	0.0	0.0	0.0	0.0
8.27898275	0.290409	0.237135	0.1587033	0.168243	0.0	0.0	0.0	0.0	0.0
8.30598275	0.33699500000000004	0.273687	0.18097749999999999	0.20579	0.0	0.0	0.0	0.0	0.0
8.33398275	0.371413	0.30101	0.2043322	0.24081700000000003	0.0	0.0	0.0	0.0	0.0
8.36098275	0.393378	0.317324	0.22722030000000001	0.2687880000000001	0.0	0.0	0.0	0.0	0.0
8.38798275	0.405133	0.324423	0.2480016	0.284802	0.0	0.0	0.0	0.0	0.0
8.41498275	0.40769099999999997	0.3248400000000001	0.2638025	0.28482599999999997	0.0	0.0	0.0	0.0	0.0
8.441982750000001	0.39935699999999996	0.32073100000000004	0.27077470000000003	0.267979	0.0	0.0	0.0	0.0	0.0
8.46898275	0.377991	0.31436	0.26598499999999997	0.237985	0.0	0.0	0.0	0.0	0.0
8.49598275	0.34417	0.308078	0.24905860000000002	0.201687	0.0	0.0	0.0	0.0	0.0
8.52398275	0.302858	0.303639	0.2231538	0.16625800000000002	0.0	0.0	0.0	0.0	0.0
8.55098275	0.262269	0.301799	0.1948352	0.137012	0.0	0.0	0.0	0.0	0.0
8.57798275	0.23179899999999995	0.303952	0.1726391	0.11727499999999999	0.0	0.0	0.0	0.0	0.0
8.604982750000001	0.21979400000000002	0.31392500000000007	0.16455180000000003	0.108918	0.0	0.0	0.0	0.0	0.0
8.63198275	0.230437	0.33627	0.1745253	0.11219399999999999	0.0	0.0	0.0	0.0	0.0
8.65898275	0.260818	0.37085399999999996	0.19958830000000002	0.12462000000000001	0.0	0.0	0.0	0.0	0.0
8.68598275	0.30080399999999996	0.409418	0.22993929999999999	0.14105800000000002	0.0	0.0	0.0	0.0	0.0
8.71398275	0.33740400000000004	0.438981	0.2537293	0.156186	0.0	0.0	0.0	0.0	0.0
8.74098275	0.362443	0.45092099999999996	0.26382970000000006	0.16815999999999998	0.0	0.0	0.0	0.0	0.0
8.76798275	0.376743	0.446912	0.2615819	0.18043599999999999	0.0	0.0	0.0	0.0	0.0
8.79498275	0.387794	0.43593699999999996	0.254352	0.199271	0.0	0.0	0.0	0.0	0.0
8.82198275	0.40253999999999995	0.425897	0.24923199999999998	0.22828600000000002	0.0	0.0	0.0	0.0	0.0
8.848982750000001	0.42169999999999996	0.417548	0.248298	0.26425099999999996	0.0	0.0	0.0	0.0	0.0
8.87598275	0.44039	0.406091	0.24887700000000001	0.297837	0.0	0.0	0.0	0.0	0.0
8.90398275	0.45388000000000006	0.387497	0.24769299999999994	0.31932900000000003	0.0	0.0	0.0	0.0	0.0
8.93098275	0.4621699999999999	0.362691	0.244599	0.32538899999999993	0.0	0.0	0.0	0.0	0.0
8.95798275	0.470108	0.33686399999999994	0.243087	0.32109100000000007	0.0	0.0	0.0	0.0	0.0
8.98498275	0.482684	0.315606	0.24750000000000003	0.315731	0.0	0.0	0.0	0.0	0.0
9.011982750000001	0.49973899999999993	0.301209	0.258953	0.315659	0.0	0.0	0.0	0.0	0.0
9.03898275	0.513966	0.29167699999999996	0.273325	0.319855	0.0	0.0	0.0	0.0	0.0
9.06598275	0.5142140000000001	0.28214300000000003	0.2827253	0.321404	0.0	0.0	0.0	0.0	0.0
9.09398275	0.49199400000000004	0.268005	0.2798778	0.31308699999999995	0.0	0.0	0.0	0.0	0.0
9.12098275	0.447166	0.24765500000000001	0.2619462	0.29267300000000007	0.0	0.0	0.0	0.0	0.0
9.14798275	0.38865400000000005	0.223205	0.2321038	0.264202	0.0	0.0	0.0	0.0	0.0
9.17498275	0.329655	0.19913999999999998	0.1972837	0.234897	0.0	0.0	0.0	0.0	0.0
9.20198275	0.281238	0.17936899999999997	0.164911	0.21087099999999998	0.0	0.0	0.0	0.0	0.0
9.22898275	0.24776099999999998	0.16551900000000003	0.1400087	0.193863	0.0	0.0	0.0	0.0	0.0
9.255982750000001	0.226684	0.156544	0.12420439999999999	0.181085	0.0	0.0	0.0	0.0	0.0
9.28398275	0.211348	0.149645	0.11594279999999998	0.167652	0.0	0.0	0.0	0.0	0.0
9.31098275	0.19486199999999998	0.141409	0.11135850000000001	0.149904	0.0	0.0	0.0	0.0	0.0
9.33798275	0.17283300000000001	0.129009	0.10573070000000002	0.127025	0.0	0.0	0.0	0.0	0.0
9.36498275	0.14431109999999997	0.11108420000000001	0.09534909999999999	0.10085960000000001	0.0	0.0	0.0	0.0	0.0
9.39198275	0.11153289999999999	0.08848879999999998	0.0792025	0.0743892	0.0	0.0	0.0	0.0	0.0
9.418982750000001	0.07867240000000002	0.0641017	0.0593146	0.0504734	0.0	0.0	0.0	0.0	0.0
9.44598275	0.050000100000000006	0.041622099999999995	0.0394824	0.031153399999999998	0.0	0.0	0.0	0.0	0.0
9.473982750000001	0.02832787	0.0239783	0.023145270000000003	0.01729694	0.0	0.0	0.0	0.0	0.0
9.50098275	0.01418666	0.01215534	0.011877289999999999	0.008546350000000001	0.0	0.0	0.0	0.0	0.0
9.52798275	0.00623927	0.005391689999999999	0.005311163	0.003725963	0.0	0.0	0.0	0.0	0.0
9.55498275	0.0023975689999999996	0.002084567	0.0020651880000000004	0.001424136	0.0	0.0	0.0	0.0	0.0
9.58198275	0.000802404	0.0007005749999999998	0.0006966593000000001	0.00047502110000000004	0.0	0.0	0.0	0.0	0.0
9.608982750000001	0.00023331220000000002	0.0002043163	0.0002036554	0.00013786383999999998	0.0	0.0	0.0	0.0	0.0
9.636982750000001	5.88519e-05	5.162099999999999e-05	5.155253e-05	3.472941e-05	0.0	0.0	0.0	0.0	0.0
9.66398275	1.285896e-05	1.1297409999999999e-05	1.1293915e-05	7.583133e-06	0.0	0.0	0.0	0.0	0.0
9.69098275	2.43246e-06	2.1389749999999993e-06	2.1401109999999997e-06	1.4338181e-06	0.0	0.0	0.0	0.0	0.0
9.717982750000001	3.9815039999999997e-07	3.50343e-07	3.507116e-07	2.3463282000000002e-07	0.0	0.0	0.0	0.0	0.0
9.74498275	5.63723e-08	4.961960000000001e-08	4.9692580000000005e-08	3.321136e-08	0.0	0.0	0.0	0.0	0.0
9.77198275	6.9000000000000006e-09	6.0750999999999994e-09	6.085312e-09	4.0651900000000005e-09	0.0	0.0	0.0	0.0	0.0
9.79898275	7.302319999999999e-10	6.431030000000001e-10	6.441494e-10	4.3018840000000005e-10	0.0	0.0	0.0	0.0	0.0
9.826982749999999	6.67942e-11	5.884040000000001e-11	5.894375e-11	3.935021999999999e-11	0.0	0.0	0.0	0.0	0.0
9.85398275	5.280389e-12	4.65174e-12	4.660907000000001e-12	3.1110510000000003e-12	0.0	0.0	0.0	0.0	0.0
9.880982750000001	3.608169e-13	3.1786899999999997e-13	3.1850760000000005e-13	2.1255738999999998e-13	0.0	0.0	0.0	0.0	0.0
9.90798275	2.1335079999999996e-14	1.880052e-14	1.8839791e-14	1.2568511e-14	0.0	0.0	0.0	0.0	0.0
9.93498275	1.0748769999999998e-15	9.471460000000001e-16	9.491245e-16	6.331166e-16	0.0	0.0	0.0	0.0	0.0
9.96198275	5.374720999999999e-17	4.735120000000001e-17	4.7459820000000006e-17	3.165985e-17	0.0	0.0	0.0	0.0	0.0
9.988982750000002	0.0	0.0	0.0	0.0	0.0	0.0	0.0	0.0	0.0
10.01698275	0.0	0.0	0.0	0.0	0.0	0.0	0.0	0.0	0.0
10.043982750000001	0.0	0.0	0.0	0.0	0.0	0.0	0.0	0.0	0.0
10.07098275	0.0	0.0	0.0	0.0	0.0	0.0	0.0	0.0	0.0
10.09798275	0.0	0.0	0.0	0.0	0.0	0.0	0.0	0.0	0.0
10.124982750000001	0.0	0.0	0.0	0.0	0.0	0.0	0.0	0.0	0.0
10.15198275	0.0	0.0	0.0	0.0	0.0	0.0	0.0	0.0	0.0
10.17898275	0.0	0.0	0.0	0.0	0.0	0.0	0.0	0.0	0.0
10.206982750000002	0.0	0.0	0.0	0.0	0.0	0.0	0.0	0.0	0.0
10.23398275	0.0	0.0	0.0	0.0	0.0	0.0	0.0	0.0	0.0
10.26098275	0.0	0.0	0.0	0.0	0.0	0.0	0.0	0.0	0.0
10.287982750000001	0.0	0.0	0.0	0.0	0.0	0.0	0.0	0.0	0.0
10.31498275	0.0	0.0	0.0	0.0	0.0	0.0	0.0	0.0	0.0
10.34198275	0.0	0.0	0.0	0.0	0.0	0.0	0.0	0.0	0.0
10.36898275	0.0	0.0	0.0	0.0	0.0	0.0	0.0	0.0	0.0
10.39698275	0.0	0.0	0.0	0.0	0.0	0.0	0.0	0.0	0.0
10.42398275	0.0	0.0	0.0	0.0	0.0	0.0	0.0	0.0	0.0
10.450982750000001	0.0	0.0	0.0	0.0	0.0	0.0	0.0	0.0	0.0
10.47798275	0.0	0.0	0.0	0.0	0.0	0.0	0.0	0.0	0.0
10.50498275	0.0	0.0	0.0	0.0	0.0	0.0	0.0	0.0	0.0
10.531982750000001	0.0	0.0	0.0	0.0	0.0	0.0	0.0	0.0	0.0
10.55898275	0.0	0.0	0.0	0.0	0.0	0.0	0.0	0.0	0.0
10.58698275	0.0	0.0	0.0	0.0	0.0	0.0	0.0	0.0	0.0
