-28.765	0.0	0.0	0.0	0.0	0.0	0.0	0.0	0.0	0.0
-28.731	0.0	0.0	0.0	0.0	0.0	0.0	0.0	0.0	0.0
-28.697	0.0	0.0	0.0	0.0	0.0	0.0	0.0	0.0	0.0
-28.663	0.0	0.0	0.0	0.0	0.0	0.0	0.0	0.0	0.0
-28.629	0.0	0.0	0.0	0.0	0.0	0.0	0.0	0.0	0.0
-28.595	0.0	0.0	0.0	0.0	0.0	0.0	0.0	0.0	0.0
-28.561	0.0	0.0	0.0	0.0	0.0	0.0	0.0	0.0	0.0
-28.527	0.0	0.0	0.0	0.0	0.0	0.0	0.0	0.0	0.0
-28.493	0.0	0.0	0.0	0.0	0.0	0.0	0.0	0.0	0.0
-28.459	0.0	0.0	0.0	0.0	0.0	0.0	0.0	0.0	0.0
-28.425	0.0	0.0	0.0	0.0	0.0	0.0	0.0	0.0	0.0
-28.391	0.0	0.0	0.0	0.0	0.0	0.0	0.0	0.0	0.0
-28.357	0.0	0.0	0.0	0.0	0.0	0.0	0.0	0.0	0.0
-28.323	0.0	0.0	0.0	0.0	0.0	0.0	0.0	0.0	0.0
-28.289	0.0	0.0	0.0	0.0	0.0	0.0	0.0	0.0	0.0
-28.255	0.0	0.0	0.0	0.0	0.0	0.0	0.0	0.0	0.0
-28.221	0.0	0.0	0.0	0.0	0.0	0.0	0.0	0.0	0.0
-28.187	0.0	0.0	0.0	0.0	0.0	0.0	0.0	0.0	0.0
-28.153	0.0	0.0	0.0	0.0	0.0	0.0	0.0	0.0	0.0
-28.119	0.0	0.0	0.0	0.0	0.0	0.0	0.0	0.0	0.0
-28.085	0.0	0.0	0.0	0.0	0.0	0.0	0.0	0.0	0.0
-28.051	0.0	0.0	0.0	0.0	0.0	0.0	0.0	0.0	0.0
-28.017	0.0	0.0	0.0	0.0	0.0	0.0	0.0	0.0	0.0
-27.983	0.0	0.0	0.0	0.0	0.0	0.0	0.0	0.0	0.0
-27.949	0.0	0.0	0.0	0.0	0.0	0.0	0.0	0.0	0.0
-27.915	0.0	0.0	0.0	0.0	0.0	0.0	0.0	0.0	0.0
-27.882	0.0	0.0	0.0	0.0	0.0	0.0	0.0	0.0	0.0
-27.848	0.0	0.0	0.0	0.0	0.0	0.0	0.0	0.0	0.0
-27.814	2.6570838e-15	8.4090574818e-17	4.9094175e-17	9.774659171e-17	0.0	0.0	0.0	0.0	0.0
-27.780	7.439860599999999e-14	2.3539270303e-15	1.3746539e-15	2.7371425799e-15	0.0	0.0	0.0	0.0	0.0
-27.746	3.0980323e-12	9.805338525e-14	5.724569399999999e-14	1.1397171615e-13	0.0	0.0	0.0	0.0	0.0
-27.712	1.0261535800000001e-10	3.2478600669e-12	1.8959208000000003e-12	3.7749194e-12	0.0	0.0	0.0	0.0	0.0
-27.678	2.7051993000000003e-09	8.562853377500001e-11	4.9989983e-11	9.953748709e-11	0.0	0.0	0.0	0.0	0.0
-27.644	5.6776729e-08	1.7969670351999998e-09	1.0492211e-09	2.0894235426e-09	0.0	0.0	0.0	0.0	0.0
-27.610	9.4888606e-07	3.0030373998e-08	1.7534516e-08	3.4902337397e-08	0.0	0.0	0.0	0.0	0.0
-27.576	1.2627876000000001e-05	3.9961100566e-07	2.3335619e-07	4.6454739844e-07	0.0	0.0	0.0	0.0	0.0
-27.542	0.00013383657	4.2355201062e-06	2.4735307e-06	4.924618142999998e-06	0.0	0.0	0.0	0.0	0.0
-27.508	0.0011303035000000002	3.5770460835999994e-05	2.0891592e-05	4.1574861811000004e-05	0.0	0.0	0.0	0.0	0.0
-27.474	0.007604578600000002	0.00024065876026	0.0001405226	0.00027976083928000004	0.0	0.0	0.0	0.0	0.0
-27.440	0.04077198699999999	0.0012902779021999999	0.0007534082	0.0014998378178	0.0	0.0	0.0	0.0	0.0
-27.406	0.17416671	0.005512822435	0.0032186606999999997	0.006407690658	0.0	0.0	0.0	0.0	0.0
-27.372	0.5931766499999999	0.018770321524000003	0.010962063	0.021822689623999997	0.0	0.0	0.0	0.0	0.0
-27.338	1.6106517999999999	0.050960668823	0.029761019000000003	0.059239905550000006	0.0	0.0	0.0	0.0	0.0
-27.304	3.4858268999999997	0.11031057900999999	0.06440516	0.12822872717	0.0	0.0	0.0	0.0	0.0
-27.270	6.0146806	0.19037816880999997	0.11113714	0.22132017689	0.0	0.0	0.0	0.0	0.0
-27.236	8.2750398	0.26186457044	0.15290839	0.30449169451	0.0	0.0	0.0	0.0	0.0
-27.202	9.0779518	0.28727894254999997	0.16775186	0.33406014077	0.0	0.0	0.0	0.0	0.0
-27.168	7.941606199999999	0.25128528556	0.14674834	0.29218535190999995	0.0	0.0	0.0	0.0	0.0
-27.134	5.5388741999999995	0.17529266067	0.10235335	0.20379087317999997	0.0	0.0	0.0	0.0	0.0
-27.100	3.0801358	0.09748303239100001	0.056919244	0.11332320000999999	0.0	0.0	0.0	0.0	0.0
-27.066	1.3655828999999997	0.04322928457	0.025238895	0.05024713065	0.0	0.0	0.0	0.0	0.0
-27.032	0.48282207	0.015279892375999998	0.008921248	0.017761900764	0.0	0.0	0.0	0.0	0.0
-26.998	0.13603996999999998	0.0043051389703	0.0025134112	0.0050049389610000005	0.0	0.0	0.0	0.0	0.0
-26.964	0.030554382	0.0009669561730999999	0.00056457864	0.0011240057982	0.0	0.0	0.0	0.0	0.0
-26.930	0.0054687473	0.00017306750914000002	0.00010105749	0.00020120690263	0.0	0.0	0.0	0.0	0.0
-26.896	0.00077992448	2.4685793229999997e-05	1.441355e-05	2.8691132080000003e-05	0.0	0.0	0.0	0.0	0.0
-26.862	8.862587399999999e-05	2.8048421705e-06	1.6377147e-06	3.2603732909e-06	0.0	0.0	0.0	0.0	0.0
-26.828	8.0221799e-06	2.5384519892000003e-07	1.4823851e-07	2.9515251253999997e-07	0.0	0.0	0.0	0.0	0.0
-26.794	5.7838426e-07	1.8307637086e-08	1.0687279999999998e-08	2.1282402509e-08	0.0	0.0	0.0	0.0	0.0
-26.760	3.3200677e-08	1.0508841087e-09	6.13523e-10	1.2216095587999998e-09	0.0	0.0	0.0	0.0	0.0
-26.726	1.5173533000000002e-09	4.803904059299999e-11	2.8053756e-11	5.584266683e-11	0.0	0.0	0.0	0.0	0.0
-26.692	5.5235628e-11	1.7483296069e-12	1.020687e-12	2.0325015306e-12	0.0	0.0	0.0	0.0	0.0
-26.658	1.6766237e-12	5.44915384e-14	3.0737408999999996e-14	6.146129247e-14	0.0	0.0	0.0	0.0	0.0
-26.624	3.32411396e-12	1.657334509e-13	5.10139903e-14	1.128472993446e-13	0.0	0.0	0.0	0.0	0.0
-26.590	1.0845239040000001e-10	5.427833488e-12	1.66034029e-12	3.678035651803e-12	0.0	0.0	0.0	0.0	0.0
-26.557	2.8498000599999997e-09	1.4259259120000002e-10	4.36220527e-11	9.661599294736999e-11	0.0	0.0	0.0	0.0	0.0
-26.523	5.9601381800000005e-08	2.982040687e-09	9.12325931e-10	2.0211896009909e-09	0.0	0.0	0.0	0.0	0.0
-26.489	9.92571848e-07	4.96643168e-08	1.51942941e-08	3.36592802165e-08	0.0	0.0	0.0	0.0	0.0
-26.455	1.3158678560000002e-05	6.58804392e-07	2.0154235700000002e-07	4.4640770421889996e-07	0.0	0.0	0.0	0.0	0.0
-26.421	0.0001390373879	6.959053713e-06	2.12831898e-06	4.715824322312e-06	0.0	0.0	0.0	0.0	0.0
-26.387	0.001170277228	5.856434871e-05	1.79136843e-05	3.9678270119460005e-05	0.0	0.0	0.0	0.0	0.0
-26.353	0.007846207740000001	0.0003926249861	0.000120114229	0.00026604028413040003	0.0	0.0	0.0	0.0	0.0
-26.319	0.0419193095	0.002097443289	0.0006417144589999999	0.0014214796606969	0.0	0.0	0.0	0.0	0.0
-26.285	0.1785212696	0.00893220758	0.0027326506399999997	0.0060527974229679996	0.0	0.0	0.0	0.0	0.0
-26.251	0.605820919	0.03031707458	0.00927394401	0.020541564810070002	0.0	0.0	0.0	0.0	0.0
-26.217	1.6389329789999998	0.0820287974	0.025086868300000002	0.05557680802724999	0.0	0.0	0.0	0.0	0.0
-26.183	3.53529567	0.1769145726	0.0541132446	0.11987981815878	0.0	0.0	0.0	0.0	0.0
-26.149	6.079322329999999	0.3042663505	0.09306650440000001	0.2062025411011	0.0	0.0	0.0	0.0	0.0
-26.115	8.336582869999999	0.4171509415	0.127614762	0.2826910631386	0.0	0.0	0.0	0.0	0.0
-26.081	9.113836099999999	0.45615708689999995	0.139525773	0.3090222521515	0.0	0.0	0.0	0.0	0.0
-26.047	7.94567997	0.3975911735	0.12163109100000001	0.2694490831321	0.0	0.0	0.0	0.0	0.0
-26.013	5.5233742900000005	0.2764436327	0.08455647529999999	0.18727444209182997	0.0	0.0	0.0	0.0	0.0
-25.979	3.06062144	0.15318927200000002	0.0468688572	0.10379267835089001	0.0	0.0	0.0	0.0	0.0
-25.945	1.3523762940000001	0.06769079256	0.0207026305	0.045868505922490005	0.0	0.0	0.0	0.0	0.0
-25.911	0.47648991800000007	0.02384862727	0.00729435204	0.016158189407921998	0.0	0.0	0.0	0.0	0.0
-25.877	0.1338070343	0.006696503193000001	0.00204838796	0.004537657332225	0.0	0.0	0.0	0.0	0.0
-25.843	0.029950555	0.0014987574950000003	0.00045854268899999995	0.0010155741854979	0.0	0.0	0.0	0.0	0.0
-25.809	0.005341745600000001	0.00026731437310000006	8.178550470000002e-05	0.00018118582508882	0.0	0.0	0.0	0.0	0.0
-25.775	0.000759261146	3.80015642e-05	1.16239308e-05	2.5751208412619998e-05	0.0	0.0	0.0	0.0	0.0
-25.741	8.59834488e-05	4.3037843709999995e-06	1.3163074799999998e-06	2.9153943814299996e-06	0.0	0.0	0.0	0.0	0.0
-25.707	7.756192269999999e-06	3.881963705e-07	1.1874545200000001e-07	2.63062571129e-07	0.0	0.0	0.0	0.0	0.0
-25.673	5.573121949999999e-07	2.7888798139999995e-08	8.53113589e-09	1.8892500209265e-08	0.0	0.0	0.0	0.0	0.0
-25.639	3.18873363e-08	1.5957590609999998e-09	4.880435470000001e-10	1.0812402285301e-09	0.0	0.0	0.0	0.0	0.0
-25.605	1.4529093480000002e-09	7.269826890000001e-11	2.22382198e-11	4.925325092415e-11	0.0	0.0	0.0	0.0	0.0
-25.571	5.26722866e-11	2.635991441e-12	8.06321372e-13	1.7861061108757e-12	0.0	0.0	0.0	0.0	0.0
-25.537	1.52639712e-12	7.638484980000002e-14	2.3363010500000005e-14	5.1753090425379996e-14	0.0	0.0	0.0	0.0	0.0
-25.503	3.2018759100000005e-14	1.6023502150000003e-15	4.90163337e-16	1.0858414125323998e-15	0.0	0.0	0.0	0.0	0.0
-25.469	0.0	0.0	0.0	0.0	0.0	0.0	0.0	0.0	0.0
-25.435	0.0	0.0	0.0	0.0	0.0	0.0	0.0	0.0	0.0
-25.401	0.0	0.0	0.0	0.0	0.0	0.0	0.0	0.0	0.0
-25.367	0.0	0.0	0.0	0.0	0.0	0.0	0.0	0.0	0.0
-25.333	0.0	0.0	0.0	0.0	0.0	0.0	0.0	0.0	0.0
-25.299	0.0	0.0	0.0	0.0	0.0	0.0	0.0	0.0	0.0
-25.266	0.0	0.0	0.0	0.0	0.0	0.0	0.0	0.0	0.0
-25.232	0.0	0.0	0.0	0.0	0.0	0.0	0.0	0.0	0.0
-25.198	0.0	0.0	0.0	0.0	0.0	0.0	0.0	0.0	0.0
-25.164	0.0	0.0	0.0	0.0	0.0	0.0	0.0	0.0	0.0
-25.130	0.0	0.0	0.0	0.0	0.0	0.0	0.0	0.0	0.0
-25.096	0.0	0.0	0.0	0.0	0.0	0.0	0.0	0.0	0.0
-25.062	0.0	0.0	0.0	0.0	0.0	0.0	0.0	0.0	0.0
-25.028	0.0	0.0	0.0	0.0	0.0	0.0	0.0	0.0	0.0
-24.994	0.0	0.0	0.0	0.0	0.0	0.0	0.0	0.0	0.0
-24.960	0.0	0.0	0.0	0.0	0.0	0.0	0.0	0.0	0.0
-24.926	0.0	0.0	0.0	0.0	0.0	0.0	0.0	0.0	0.0
-24.892	0.0	0.0	0.0	0.0	0.0	0.0	0.0	0.0	0.0
-24.858	0.0	0.0	0.0	0.0	0.0	0.0	0.0	0.0	0.0
-24.824	0.0	0.0	0.0	0.0	0.0	0.0	0.0	0.0	0.0
-24.790	0.0	0.0	0.0	0.0	0.0	0.0	0.0	0.0	0.0
-24.756	0.0	0.0	0.0	0.0	0.0	0.0	0.0	0.0	0.0
-24.722	0.0	0.0	0.0	0.0	0.0	0.0	0.0	0.0	0.0
-24.688	0.0	0.0	0.0	0.0	0.0	0.0	0.0	0.0	0.0
-24.654	0.0	0.0	0.0	0.0	0.0	0.0	0.0	0.0	0.0
-24.620	0.0	0.0	0.0	0.0	0.0	0.0	0.0	0.0	0.0
-24.586	0.0	0.0	0.0	0.0	0.0	0.0	0.0	0.0	0.0
-24.552	0.0	0.0	0.0	0.0	0.0	0.0	0.0	0.0	0.0
-24.518	0.0	0.0	0.0	0.0	0.0	0.0	0.0	0.0	0.0
-24.484	0.0	0.0	0.0	0.0	0.0	0.0	0.0	0.0	0.0
-24.450	0.0	0.0	0.0	0.0	0.0	0.0	0.0	0.0	0.0
-24.416	0.0	0.0	0.0	0.0	0.0	0.0	0.0	0.0	0.0
-24.382	0.0	0.0	0.0	0.0	0.0	0.0	0.0	0.0	0.0
-24.348	0.0	0.0	0.0	0.0	0.0	0.0	0.0	0.0	0.0
-24.314	0.0	0.0	0.0	0.0	0.0	0.0	0.0	0.0	0.0
-24.280	0.0	0.0	0.0	0.0	0.0	0.0	0.0	0.0	0.0
-24.246	0.0	0.0	0.0	0.0	0.0	0.0	0.0	0.0	0.0
-24.212	0.0	0.0	0.0	0.0	0.0	0.0	0.0	0.0	0.0
-24.178	0.0	0.0	0.0	0.0	0.0	0.0	0.0	0.0	0.0
-24.144	0.0	0.0	0.0	0.0	0.0	0.0	0.0	0.0	0.0
-24.110	0.0	0.0	0.0	0.0	0.0	0.0	0.0	0.0	0.0
-24.076	0.0	0.0	0.0	0.0	0.0	0.0	0.0	0.0	0.0
-24.042	0.0	0.0	0.0	0.0	0.0	0.0	0.0	0.0	0.0
-24.008	0.0	0.0	0.0	0.0	0.0	0.0	0.0	0.0	0.0
-23.975	0.0	0.0	0.0	0.0	0.0	0.0	0.0	0.0	0.0
-23.941	0.0	0.0	0.0	0.0	0.0	0.0	0.0	0.0	0.0
-23.907	0.0	0.0	0.0	0.0	0.0	0.0	0.0	0.0	0.0
-23.873	0.0	0.0	0.0	0.0	0.0	0.0	0.0	0.0	0.0
-23.839	0.0	0.0	0.0	0.0	0.0	0.0	0.0	0.0	0.0
-23.805	0.0	0.0	0.0	0.0	0.0	0.0	0.0	0.0	0.0
-23.771	0.0	0.0	0.0	0.0	0.0	0.0	0.0	0.0	0.0
-23.737	0.0	0.0	0.0	0.0	0.0	0.0	0.0	0.0	0.0
-23.703	0.0	0.0	0.0	0.0	0.0	0.0	0.0	0.0	0.0
-23.669	0.0	0.0	0.0	0.0	0.0	0.0	0.0	0.0	0.0
-23.635	0.0	0.0	0.0	0.0	0.0	0.0	0.0	0.0	0.0
-23.601	0.0	0.0	0.0	0.0	0.0	0.0	0.0	0.0	0.0
-23.567	0.0	0.0	0.0	0.0	0.0	0.0	0.0	0.0	0.0
-23.533	0.0	0.0	0.0	0.0	0.0	0.0	0.0	0.0	0.0
-23.499	0.0	0.0	0.0	0.0	0.0	0.0	0.0	0.0	0.0
-23.465	0.0	0.0	0.0	0.0	0.0	0.0	0.0	0.0	0.0
-23.431	0.0	0.0	0.0	0.0	0.0	0.0	0.0	0.0	0.0
-23.397	0.0	0.0	0.0	0.0	0.0	0.0	0.0	0.0	0.0
-23.363	0.0	0.0	0.0	0.0	0.0	0.0	0.0	0.0	0.0
-23.329	0.0	0.0	0.0	0.0	0.0	0.0	0.0	0.0	0.0
-23.295	0.0	0.0	0.0	0.0	0.0	0.0	0.0	0.0	0.0
-23.261	0.0	0.0	0.0	0.0	0.0	0.0	0.0	0.0	0.0
-23.227	0.0	0.0	0.0	0.0	0.0	0.0	0.0	0.0	0.0
-23.193	0.0	0.0	0.0	0.0	0.0	0.0	0.0	0.0	0.0
-23.159	0.0	0.0	0.0	0.0	0.0	0.0	0.0	0.0	0.0
-23.125	0.0	0.0	0.0	0.0	0.0	0.0	0.0	0.0	0.0
-23.091	0.0	0.0	0.0	0.0	0.0	0.0	0.0	0.0	0.0
-23.057	0.0	0.0	0.0	0.0	0.0	0.0	0.0	0.0	0.0
-23.023	0.0	0.0	0.0	0.0	0.0	0.0	0.0	0.0	0.0
-22.989	0.0	0.0	0.0	0.0	0.0	0.0	0.0	0.0	0.0
-22.955	0.0	0.0	0.0	0.0	0.0	0.0	0.0	0.0	0.0
-22.921	0.0	0.0	0.0	0.0	0.0	0.0	0.0	0.0	0.0
-22.887	0.0	0.0	0.0	0.0	0.0	0.0	0.0	0.0	0.0
-22.853	0.0	0.0	0.0	0.0	0.0	0.0	0.0	0.0	0.0
-22.819	0.0	0.0	0.0	0.0	0.0	0.0	0.0	0.0	0.0
-22.785	0.0	0.0	0.0	0.0	0.0	0.0	0.0	0.0	0.0
-22.751	0.0	0.0	0.0	0.0	0.0	0.0	0.0	0.0	0.0
-22.717	0.0	0.0	0.0	0.0	0.0	0.0	0.0	0.0	0.0
-22.684	0.0	0.0	0.0	0.0	0.0	0.0	0.0	0.0	0.0
-22.650	0.0	0.0	0.0	0.0	0.0	0.0	0.0	0.0	0.0
-22.616	0.0	0.0	0.0	0.0	0.0	0.0	0.0	0.0	0.0
-22.582	0.0	0.0	0.0	0.0	0.0	0.0	0.0	0.0	0.0
-22.548	0.0	0.0	0.0	0.0	0.0	0.0	0.0	0.0	0.0
-22.514	0.0	0.0	0.0	0.0	0.0	0.0	0.0	0.0	0.0
-22.480	0.0	0.0	0.0	0.0	0.0	0.0	0.0	0.0	0.0
-22.446	0.0	0.0	0.0	0.0	0.0	0.0	0.0	0.0	0.0
-22.412	0.0	0.0	0.0	0.0	0.0	0.0	0.0	0.0	0.0
-22.378	0.0	0.0	0.0	0.0	0.0	0.0	0.0	0.0	0.0
-22.344	0.0	0.0	0.0	0.0	0.0	0.0	0.0	0.0	0.0
-22.310	0.0	0.0	0.0	0.0	0.0	0.0	0.0	0.0	0.0
-22.276	0.0	0.0	0.0	0.0	0.0	0.0	0.0	0.0	0.0
-22.242	0.0	0.0	0.0	0.0	0.0	0.0	0.0	0.0	0.0
-22.208	0.0	0.0	0.0	0.0	0.0	0.0	0.0	0.0	0.0
-22.174	0.0	0.0	0.0	0.0	0.0	0.0	0.0	0.0	0.0
-22.140	0.0	0.0	0.0	0.0	0.0	0.0	0.0	0.0	0.0
-22.106	0.0	0.0	0.0	0.0	0.0	0.0	0.0	0.0	0.0
-22.072	0.0	0.0	0.0	0.0	0.0	0.0	0.0	0.0	0.0
-22.038	0.0	0.0	0.0	0.0	0.0	0.0	0.0	0.0	0.0
-22.004	0.0	0.0	0.0	0.0	0.0	0.0	0.0	0.0	0.0
-21.970	0.0	0.0	0.0	0.0	0.0	0.0	0.0	0.0	0.0
-21.936	0.0	0.0	0.0	0.0	0.0	0.0	0.0	0.0	0.0
-21.902	0.0	0.0	0.0	0.0	0.0	0.0	0.0	0.0	0.0
-21.868	0.0	0.0	0.0	0.0	0.0	0.0	0.0	0.0	0.0
-21.834	0.0	0.0	0.0	0.0	0.0	0.0	0.0	0.0	0.0
-21.800	0.0	0.0	0.0	0.0	0.0	0.0	0.0	0.0	0.0
-21.766	0.0	0.0	0.0	0.0	0.0	0.0	0.0	0.0	0.0
-21.732	0.0	0.0	0.0	0.0	0.0	0.0	0.0	0.0	0.0
-21.698	0.0	0.0	0.0	0.0	0.0	0.0	0.0	0.0	0.0
-21.664	0.0	0.0	0.0	0.0	0.0	0.0	0.0	0.0	0.0
-21.630	0.0	0.0	0.0	0.0	0.0	0.0	0.0	0.0	0.0
-21.596	0.0	0.0	0.0	0.0	0.0	0.0	0.0	0.0	0.0
-21.562	0.0	0.0	0.0	0.0	0.0	0.0	0.0	0.0	0.0
-21.528	0.0	0.0	0.0	0.0	0.0	0.0	0.0	0.0	0.0
-21.494	0.0	0.0	0.0	0.0	0.0	0.0	0.0	0.0	0.0
-21.460	0.0	0.0	0.0	0.0	0.0	0.0	0.0	0.0	0.0
-21.426	0.0	0.0	0.0	0.0	0.0	0.0	0.0	0.0	0.0
-21.392	0.0	0.0	0.0	0.0	0.0	0.0	0.0	0.0	0.0
-21.359	0.0	0.0	0.0	0.0	0.0	0.0	0.0	0.0	0.0
-21.325	0.0	0.0	0.0	0.0	0.0	0.0	0.0	0.0	0.0
-21.291	0.0	0.0	0.0	0.0	0.0	0.0	0.0	0.0	0.0
-21.257	0.0	0.0	0.0	0.0	0.0	0.0	0.0	0.0	0.0
-21.223	2.2854699999999998e-14	7.4399745e-16	1.2734409999999999e-15	6.9881306000000005e-16	0.0	0.0	0.0	0.0	0.0
-21.189	1.030584e-12	3.3549285199999996e-14	5.742401000000001e-14	3.1514294e-14	0.0	0.0	0.0	0.0	0.0
-21.155	3.5947499999999994e-11	1.1700844800000002e-12	2.002798e-12	1.09905567e-12	0.0	0.0	0.0	0.0	0.0
-21.121	9.999809999999998e-10	3.25482601e-11	5.5709080000000006e-11	3.0574816000000005e-11	0.0	0.0	0.0	0.0	0.0
-21.087	2.2142199999999998e-08	7.2078366e-10	1.233707e-09	6.7705358e-10	0.0	0.0	0.0	0.0	0.0
-21.053	3.90418e-07	1.2708100200000001e-08	2.175104e-08	1.1936905300000003e-08	0.0	0.0	0.0	0.0	0.0
-21.019	5.48216e-06	1.78446196e-07	3.054631e-07	1.6760315000000004e-07	0.0	0.0	0.0	0.0	0.0
-20.985	6.13032e-05	1.9953862799999998e-06	3.415482e-06	1.8742759000000002e-06	0.0	0.0	0.0	0.0	0.0
-20.951	0.0005460840000000001	1.77755879e-05	3.042199e-05	1.6696249999999998e-05	0.0	0.0	0.0	0.0	0.0
-20.917	0.0038754499999999995	0.000126154679	0.0002159265	0.00011849888999999998	0.0	0.0	0.0	0.0	0.0
-20.883	0.021917799999999998	0.00071340088	0.001221168	0.0006701114800000001	0.0	0.0	0.0	0.0	0.0
-20.849	0.09878079999999999	0.00321572802	0.0055041660000000004	0.0030201718999999998	0.0	0.0	0.0	0.0	0.0
-20.815	0.354852	0.011550431	0.01977013	0.0108493365	0.0	0.0	0.0	0.0	0.0
-20.781	1.016122	0.0330782434	0.05661317999999999	0.031070152	0.0	0.0	0.0	0.0	0.0
-20.747	2.31962	0.075510352	0.129233	0.070933381	0.0	0.0	0.0	0.0	0.0
-20.713	4.22206	0.137417963	0.2352256	0.12908625699999998	0.0	0.0	0.0	0.0	0.0
-20.679	6.1266099999999994	0.199435725	0.3413845	0.18732108	0.0	0.0	0.0	0.0	0.0
-20.645	7.0889299999999995	0.23076291399999999	0.39503299999999997	0.21674651	0.0	0.0	0.0	0.0	0.0
-20.611	6.54135	0.21291516400000002	0.3644525	0.19998169999999998	0.0	0.0	0.0	0.0	0.0
-20.577	4.81194	0.15663454699999999	0.2680816	0.14712977000000002	0.0	0.0	0.0	0.0	0.0
-20.543	2.82259	0.091880515	0.15725499999999998	0.086299346	0.0	0.0	0.0	0.0	0.0
-20.509	1.319966	0.042967982999999994	0.0735409	0.040358406000000006	0.0	0.0	0.0	0.0	0.0
-20.475	0.4921499999999999	0.016021003699999998	0.027417320000000002	0.015047841	0.0	0.0	0.0	0.0	0.0
-20.441	0.146278	0.004761563	0.008149799999999999	0.0044727251999999995	0.0	0.0	0.0	0.0	0.0
-20.407	0.034655200000000004	0.0011281854200000001	0.0019307830000000004	0.00105959181	0.0	0.0	0.0	0.0	0.0
-20.373	0.006543129999999999	0.00021299406600000002	0.000364585	0.0002000593	0.0	0.0	0.0	0.0	0.0
-20.339	0.000984491	3.20413974e-05	5.484803999999999e-05	3.0104092e-05	0.0	0.0	0.0	0.0	0.0
-20.305	0.00011800109999999999	3.84129979e-06	6.5747200000000005e-06	3.6080856000000005e-06	0.0	0.0	0.0	0.0	0.0
-20.271	1.1268889999999999e-05	3.66875843e-07	6.27816e-07	3.4456367999999997e-07	0.0	0.0	0.0	0.0	0.0
-20.237	8.570879999999999e-07	2.7902233000000002e-08	4.775193e-08	2.6208260000000006e-08	0.0	0.0	0.0	0.0	0.0
-20.203	5.1919199999999994e-08	1.69011758e-09	2.8923869999999996e-09	1.5874380999999999e-09	0.0	0.0	0.0	0.0	0.0
-20.169	2.5041900000000002e-09	8.1518244e-11	1.395268e-10	7.65695e-11	0.0	0.0	0.0	0.0	0.0
-20.135	9.615470000000001e-11	3.13001486e-12	5.356812e-12	2.9401361e-12	0.0	0.0	0.0	0.0	0.0
-20.101	2.9378799999999996e-12	9.564191000000001e-14	1.6369160000000002e-13	8.9834092e-14	0.0	0.0	0.0	0.0	0.0
-20.068	7.480479999999999e-14	2.43484535e-15	4.167442000000001e-15	2.2870127999999996e-15	0.0	0.0	0.0	0.0	0.0
-20.034	0.0	0.0	0.0	0.0	0.0	0.0	0.0	0.0	0.0
-20.000	0.0	0.0	0.0	0.0	0.0	0.0	0.0	0.0	0.0
-19.966	0.0	0.0	0.0	0.0	0.0	0.0	0.0	0.0	0.0
-19.932	0.0	0.0	0.0	0.0	0.0	0.0	0.0	0.0	0.0
-19.898	0.0	0.0	0.0	0.0	0.0	0.0	0.0	0.0	0.0
-19.864	0.0	0.0	0.0	0.0	0.0	0.0	0.0	0.0	0.0
-19.830	0.0	0.0	0.0	0.0	0.0	0.0	0.0	0.0	0.0
-19.796	0.0	0.0	0.0	0.0	0.0	0.0	0.0	0.0	0.0
-19.762	0.0	0.0	0.0	0.0	0.0	0.0	0.0	0.0	0.0
-19.728	0.0	0.0	0.0	0.0	0.0	0.0	0.0	0.0	0.0
-19.694	0.0	0.0	0.0	0.0	0.0	0.0	0.0	0.0	0.0
-19.660	0.0	0.0	0.0	0.0	0.0	0.0	0.0	0.0	0.0
-19.626	0.0	0.0	0.0	0.0	0.0	0.0	0.0	0.0	0.0
-19.592	0.0	0.0	0.0	0.0	0.0	0.0	0.0	0.0	0.0
-19.558	0.0	0.0	0.0	0.0	0.0	0.0	0.0	0.0	0.0
-19.524	0.0	0.0	0.0	0.0	0.0	0.0	0.0	0.0	0.0
-19.490	0.0	0.0	0.0	0.0	0.0	0.0	0.0	0.0	0.0
-19.456	0.0	0.0	0.0	0.0	0.0	0.0	0.0	0.0	0.0
-19.422	0.0	0.0	0.0	0.0	0.0	0.0	0.0	0.0	0.0
-19.388	0.0	0.0	0.0	0.0	0.0	0.0	0.0	0.0	0.0
-19.354	3.0913689999999996e-14	2.7354039e-15	8.3987e-16	7.813773e-16	0.0	0.0	0.0	0.0	0.0
-19.320	1.304533e-12	1.1543312e-13	3.544106e-14	3.2975519999999994e-14	0.0	0.0	0.0	0.0	0.0
-19.286	4.488937999999999e-11	3.9724812999999996e-12	1.21978e-12	1.1347713e-12	0.0	0.0	0.0	0.0	0.0
-19.252	1.2299219999999998e-09	1.0882250999999998e-10	3.3410760000000003e-11	3.1086173e-11	0.0	0.0	0.0	0.0	0.0
-19.218	2.681877e-08	2.3732617000000003e-09	7.28655e-10	6.779012999999999e-10	0.0	0.0	0.0	0.0	0.0
-19.184	4.657055e-07	4.1201776e-08	1.2651319999999998e-08	1.1772000999999998e-08	0.0	0.0	0.0	0.0	0.0
-19.150	6.438789999999999e-06	5.698429399999998e-07	1.7495719999999998e-07	1.627713e-07	0.0	0.0	0.0	0.0	0.0
-19.116	7.091143e-05	6.274985899999999e-06	1.926876e-06	1.7926722e-06	0.0	0.0	0.0	0.0	0.0
-19.082	0.0006221365000000001	5.5057293e-05	1.6905e-05	1.5728109e-05	0.0	0.0	0.0	0.0	0.0
-19.048	0.004348816	0.000384825	0.00011816389999999998	0.00010992582	0.0	0.0	0.0	0.0	0.0
-19.014	0.024223459999999995	0.00214366671	0.0006580712	0.0006122493200000001	0.0	0.0	0.0	0.0	0.0
-18.980	0.10752020000000001	0.0095139341	0.002921247	0.002717901	0.0	0.0	0.0	0.0	0.0
-18.946	0.38039239999999996	0.033657806	0.010334600000000001	0.009616387999999998	0.0	0.0	0.0	0.0	0.0
-18.912	1.0729129999999998	0.09492979199999999	0.02914728	0.027120638000000002	0.0	0.0	0.0	0.0	0.0
-18.878	2.4122049999999997	0.21339960300000002	0.06553074	0.060979491000000004	0.0	0.0	0.0	0.0	0.0
-18.844	4.324402	0.38264061000000005	0.1174804	0.10930470999999999	0.0	0.0	0.0	0.0	0.0
-18.810	6.180266	0.5469003699999999	0.16790650000000001	0.15621414	0.0	0.0	0.0	0.0	0.0
-18.777	7.043557	0.6232215000000001	0.19136280000000003	0.17802727	0.0	0.0	0.0	0.0	0.0
-18.743	6.4007629999999995	0.56634879	0.1738907	0.16179108	0.0	0.0	0.0	0.0	0.0
-18.709	4.637097	0.41032299	0.12600460000000002	0.11722447000000001	0.0	0.0	0.0	0.0	0.0
-18.675	2.679206	0.23702517	0.0727933	0.06771983999999999	0.0	0.0	0.0	0.0	0.0
-18.641	1.2340799999999996	0.109202557	0.033530920000000006	0.031194211000000003	0.0	0.0	0.0	0.0	0.0
-18.607	0.4532188	0.040104958999999996	0.012312940000000001	0.011456031	0.0	0.0	0.0	0.0	0.0
-18.573	0.13265809999999997	0.0117388133	0.003604139	0.0033528251	0.0	0.0	0.0	0.0	0.0
-18.539	0.03095145	0.002738864	0.0008409340000000001	0.0007824317	0.0	0.0	0.0	0.0	0.0
-18.505	0.0057560169999999996	0.00050934118	0.0001563844	0.00014548957000000003	0.0	0.0	0.0	0.0	0.0
-18.471	0.0008528443000000001	7.5473587e-05	2.3172840000000002e-05	2.1558949999999995e-05	0.0	0.0	0.0	0.0	0.0
-18.437	0.0001006975	8.9101495e-06	2.735561e-06	2.5451577000000005e-06	0.0	0.0	0.0	0.0	0.0
-18.403	9.468717e-06	8.378682e-07	2.572817e-07	2.3937516999999997e-07	0.0	0.0	0.0	0.0	0.0
-18.369	7.093594e-07	6.276567900000001e-08	1.927287e-08	1.7931244e-08	0.0	0.0	0.0	0.0	0.0
-18.335	4.2311760000000005e-08	3.7444836e-09	1.149755e-09	1.0697229e-09	0.0	0.0	0.0	0.0	0.0
-18.301	2.0099820000000003e-09	1.77848675e-10	5.460227999999999e-11	5.080582799999999e-11	0.0	0.0	0.0	0.0	0.0
-18.267	7.600731000000002e-11	6.725938e-12	2.0651769999999998e-12	1.9214561999999996e-12	0.0	0.0	0.0	0.0	0.0
-18.233	2.283538e-12	2.0199638e-13	6.203902e-14	5.7720672e-14	0.0	0.0	0.0	0.0	0.0
-18.199	5.771091e-14	5.1056293e-15	1.5678430000000003e-15	1.4586276999999998e-15	0.0	0.0	0.0	0.0	0.0
-18.165	0.0	0.0	0.0	0.0	0.0	0.0	0.0	0.0	0.0
-18.131	0.0	0.0	0.0	0.0	0.0	0.0	0.0	0.0	0.0
-18.097	0.0	0.0	0.0	0.0	0.0	0.0	0.0	0.0	0.0
-18.063	0.0	0.0	0.0	0.0	0.0	0.0	0.0	0.0	0.0
-18.029	0.0	0.0	0.0	0.0	0.0	0.0	0.0	0.0	0.0
-17.995	0.0	0.0	0.0	0.0	0.0	0.0	0.0	0.0	0.0
-17.961	0.0	0.0	0.0	0.0	0.0	0.0	0.0	0.0	0.0
-17.927	0.0	0.0	0.0	0.0	0.0	0.0	0.0	0.0	0.0
-17.893	0.0	0.0	0.0	0.0	0.0	0.0	0.0	0.0	0.0
-17.859	0.0	0.0	0.0	0.0	0.0	0.0	0.0	0.0	0.0
-17.825	0.0	0.0	0.0	0.0	0.0	0.0	0.0	0.0	0.0
-17.791	0.0	0.0	0.0	0.0	0.0	0.0	0.0	0.0	0.0
-17.757	0.0	0.0	0.0	0.0	0.0	0.0	0.0	0.0	0.0
-17.723	0.0	0.0	0.0	0.0	0.0	0.0	0.0	0.0	0.0
-17.689	0.0	0.0	0.0	0.0	0.0	0.0	0.0	0.0	0.0
-17.655	0.0	0.0	0.0	0.0	0.0	0.0	0.0	0.0	0.0
-17.621	0.0	0.0	0.0	0.0	0.0	0.0	0.0	0.0	0.0
-17.587	0.0	0.0	0.0	0.0	0.0	0.0	0.0	0.0	0.0
-17.553	0.0	0.0	0.0	0.0	0.0	0.0	0.0	0.0	0.0
-17.519	0.0	0.0	0.0	0.0	0.0	0.0	0.0	0.0	0.0
-17.486	0.0	0.0	0.0	0.0	0.0	0.0	0.0	0.0	0.0
-17.452	0.0	0.0	0.0	0.0	0.0	0.0	0.0	0.0	0.0
-17.418	0.0	0.0	0.0	0.0	0.0	0.0	0.0	0.0	0.0
-17.384	0.0	0.0	0.0	0.0	0.0	0.0	0.0	0.0	0.0
-17.350	0.0	0.0	0.0	0.0	0.0	0.0	0.0	0.0	0.0
-17.316	0.0	0.0	0.0	0.0	0.0	0.0	0.0	0.0	0.0
-17.282	0.0	0.0	0.0	0.0	0.0	0.0	0.0	0.0	0.0
-17.248	0.0	0.0	0.0	0.0	0.0	0.0	0.0	0.0	0.0
-17.214	0.0	0.0	0.0	0.0	0.0	0.0	0.0	0.0	0.0
-17.180	0.0	0.0	0.0	0.0	0.0	0.0	0.0	0.0	0.0
-17.146	1.778529e-15	3.235521332e-16	1.7496835999999999e-16	2.4018830800000003e-16	0.0	0.0	0.0	0.0	0.0
-17.112	7.82498e-14	1.423519606e-14	7.6986e-15	1.0566835840000001e-14	0.0	0.0	0.0	0.0	0.0
-17.078	3.1567270000000003e-12	5.74358869e-13	3.1057852000000004e-13	4.2635541700000005e-13	0.0	0.0	0.0	0.0	0.0
-17.044	1.0184100000000002e-10	1.852637181e-11	1.0019275e-11	1.3752039219999998e-11	0.0	0.0	0.0	0.0	0.0
-17.010	2.614206e-09	4.755191368e-10	2.5715042e-10	3.5301756199999996e-10	0.0	0.0	0.0	0.0	0.0
-16.976	5.342478e-08	9.719061010000002e-09	5.256428000000002e-09	7.2143035200000006e-09	0.0	0.0	0.0	0.0	0.0
-16.942	8.693410000000001e-07	1.581500218e-07	8.552765999999998e-08	1.1739785259999999e-07	0.0	0.0	0.0	0.0	0.0
-16.908	1.1267119999999999e-05	2.0495427439999997e-06	1.1083392999999999e-06	1.521430366e-06	0.0	0.0	0.0	0.0	0.0
-16.874	0.0001162955	2.1155658329999997e-05	1.1441303e-05	1.570377925e-05	0.0	0.0	0.0	0.0	0.0
-16.840	0.000956306	0.0001739670529	9.408102000000001e-05	0.0001291425969	0.0	0.0	0.0	0.0	0.0
-16.806	0.0062652969999999995	0.0011398314259999998	0.0006164074999999999	0.000845998022	0.0	0.0	0.0	0.0	0.0
-16.772	0.03270973	0.005950066967999999	0.0032183122	0.00441772285	0.0	0.0	0.0	0.0	0.0
-16.738	0.13611979999999999	0.024761073149999993	0.013390755	0.01837961477	0.0	0.0	0.0	0.0	0.0
-16.704	0.45141679999999995	0.08212648	0.044407804	0.060969040599999996	0.0	0.0	0.0	0.0	0.0
-16.670	1.193496	0.2171179907	0.1174176	0.16117352440000002	0.0	0.0	0.0	0.0	0.0
-16.636	2.5157719999999997	0.45765101280000003	0.24747455	0.339747611	0.0	0.0	0.0	0.0	0.0
-16.602	4.228258	0.76904203	0.41594312000000006	0.570944733	0.0	0.0	0.0	0.0	0.0
-16.568	5.6646090000000004	1.0306398799999998	0.5573571	0.76503361	0.0	0.0	0.0	0.0	0.0
-16.534	6.052846999999999	1.101148874	0.5954696	0.8173149210000001	0.0	0.0	0.0	0.0	0.0
-16.500	5.156855	0.9380463560000001	0.5072553000000001	0.6963170149999999	0.0	0.0	0.0	0.0	0.0
-16.466	3.5028189999999997	0.6372119533000001	0.34459899	0.47305882999999993	0.0	0.0	0.0	0.0	0.0
-16.432	1.8972569999999997	0.3451447621	0.18665276	0.2562030778	0.0	0.0	0.0	0.0	0.0
-16.398	0.8192159999999999	0.1490376896	0.08060355	0.1106317846	0.0	0.0	0.0	0.0	0.0
-16.364	0.2820338	0.05130490869999999	0.027751755000000003	0.03808617260000001	0.0	0.0	0.0	0.0	0.0
-16.330	0.077392	0.014079263850000003	0.00761407	0.0104506818	0.0	0.0	0.0	0.0	0.0
-16.296	0.01692746	0.0030794121229999996	0.0016652866000000002	0.0022857216729999996	0.0	0.0	0.0	0.0	0.0
-16.262	0.002950775	0.0005367876187	0.00029023619	0.000398504132	0.0	0.0	0.0	0.0	0.0
-16.228	0.0004098331	7.454745982e-05	4.031549e-05	5.5340152800000004e-05	0.0	0.0	0.0	0.0	0.0
-16.195	4.534846e-05	8.24876505e-06	4.461219699999999e-06	6.12294454e-06	0.0	0.0	0.0	0.0	0.0
-16.161	3.9970829999999996e-06	7.271194736e-07	3.9318947999999996e-07	5.39776791e-07	0.0	0.0	0.0	0.0	0.0
-16.127	2.8061079999999996e-07	5.1051298349999997e-08	2.7604025e-08	3.7885709299999994e-08	0.0	0.0	0.0	0.0	0.0
-16.093	1.5687699999999998e-08	2.853781821e-09	1.5433206000000002e-09	2.117946858e-09	0.0	0.0	0.0	0.0	0.0
-16.059	6.982355999999999e-10	1.2702515010000001e-10	6.870008999999999e-11	9.430103060000001e-11	0.0	0.0	0.0	0.0	0.0
-16.025	2.474626e-11	4.5013260279999986e-12	2.4342129e-12	3.34180553e-12	0.0	0.0	0.0	0.0	0.0
-15.991	6.971211e-13	1.268202898e-13	6.858649e-14	9.4139068e-14	0.0	0.0	0.0	0.0	0.0
-15.957	1.4227379999999998e-14	2.5884104659999996e-15	1.3998269e-15	1.9213742279999997e-15	0.0	0.0	0.0	0.0	0.0
-15.923	0.0	0.0	0.0	0.0	0.0	0.0	0.0	0.0	0.0
-15.889	0.0	0.0	0.0	0.0	0.0	0.0	0.0	0.0	0.0
-15.855	0.0	0.0	0.0	0.0	0.0	0.0	0.0	0.0	0.0
-15.821	0.0	0.0	0.0	0.0	0.0	0.0	0.0	0.0	0.0
-15.787	0.0	0.0	0.0	0.0	0.0	0.0	0.0	0.0	0.0
-15.753	0.0	0.0	0.0	0.0	0.0	0.0	0.0	0.0	0.0
-15.719	0.0	0.0	0.0	0.0	0.0	0.0	0.0	0.0	0.0
-15.685	0.0	0.0	0.0	0.0	0.0	0.0	0.0	0.0	0.0
-15.651	0.0	0.0	0.0	0.0	0.0	0.0	0.0	0.0	0.0
-15.617	3.19604e-15	2.17123745e-16	7.897501799999999e-16	7.616745479999999e-16	0.0	0.0	0.0	0.0	0.0
-15.583	1.2464290000000002e-13	8.467316000000001e-15	3.080023189999999e-14	2.970921759999999e-14	0.0	0.0	0.0	0.0	0.0
-15.549	4.9284299999999994e-12	3.34766896e-13	1.21786482e-12	1.1745338160000001e-12	0.0	0.0	0.0	0.0	0.0
-15.515	1.5338910000000002e-10	1.0419320799999999e-11	3.7902198e-11	3.65582077e-11	0.0	0.0	0.0	0.0	0.0
-15.481	3.80097e-09	2.5826019500000004e-10	9.391979400000002e-10	9.05871186e-10	0.0	0.0	0.0	0.0	0.0
-15.447	7.499160000000002e-08	5.0945870899999995e-09	1.8531790800000003e-08	1.78707804e-08	0.0	0.0	0.0	0.0	0.0
-15.413	1.1780050000000001e-06	8.0036516e-08	2.9110668099999994e-07	2.807534404e-07	0.0	0.0	0.0	0.0	0.0
-15.379	1.473968e-05	1.00129434e-06	3.6426600999999996e-06	3.5128939900000003e-06	0.0	0.0	0.0	0.0	0.0
-15.345	0.00014690130000000003	9.978033900000001e-06	3.6298047000000006e-05	3.500561250000001e-05	0.0	0.0	0.0	0.0	0.0
-15.311	0.0011661390000000003	7.922259300000001e-05	0.00028815908699999994	0.0002779473908	0.0	0.0	0.0	0.0	0.0
-15.277	0.0073767699999999995	0.000501164238	0.0018228911100000003	0.0017576446710000002	0.0	0.0	0.0	0.0	0.0
-15.243	0.0371859	0.00252635256	0.0091889729	0.008862727100000002	0.0	0.0	0.0	0.0	0.0
-15.209	0.14942500000000003	0.0101489596	0.036918907	0.03560233949999999	0.0	0.0	0.0	0.0	0.0
-15.175	0.47843500000000005	0.0324993862	0.11822356899999999	0.114019868	0.0	0.0	0.0	0.0	0.0
-15.141	1.221383	0.082966003	0.301812522	0.29105500529999995	0.0	0.0	0.0	0.0	0.0
-15.107	2.4858100000000003	0.168867071	0.61421258	0.592486775	0.0	0.0	0.0	0.0	0.0
-15.073	4.0339599999999995	0.27397041499999997	0.9967657799999999	0.9613452739999998	0.0	0.0	0.0	0.0	0.0
-15.039	5.21991	0.354520189	1.28967312	1.24386658	0.0	0.0	0.0	0.0	0.0
-15.005	5.385079999999999	0.365761877	1.3305964200000002	1.2832750739999998	0.0	0.0	0.0	0.0	0.0
-14.971	4.429599999999999	0.30085795000000004	1.0946089	1.055674793	0.0	0.0	0.0	0.0	0.0
-14.937	2.90555	0.197371942	0.71791689	0.6924632839999999	0.0	0.0	0.0	0.0	0.0
-14.903	1.519519	0.103223693	0.37548427	0.36210189600000003	0.0	0.0	0.0	0.0	0.0
-14.870	0.633567	0.043040742900000005	0.15657059099999998	0.1509960031	0.0	0.0	0.0	0.0	0.0
-14.836	0.21060299999999996	0.0143051893	0.05203485900000001	0.05018824189999999	0.0	0.0	0.0	0.0	0.0
-14.802	0.0558009	0.00379095227	0.0137888396	0.01329859701	0.0	0.0	0.0	0.0	0.0
-14.768	0.01178379	0.0008005114600000001	0.00291178183	0.002807805606	0.0	0.0	0.0	0.0	0.0
-14.734	0.0019830200000000003	0.000134708001	0.0004900266200000001	0.0004726292999999999	0.0	0.0	0.0	0.0	0.0
-14.700	0.00026593399999999995	1.8064691799999998e-05	6.5710595e-05	6.33799845e-05	0.0	0.0	0.0	0.0	0.0
-14.666	2.841e-05	1.93008393e-06	7.0197938000000005e-06	6.771307619999999e-06	0.0	0.0	0.0	0.0	0.0
-14.632	2.41778e-06	1.6423743800000002e-07	5.9741805e-07	5.7618384e-07	0.0	0.0	0.0	0.0	0.0
-14.598	1.6385610000000003e-07	1.11303691e-08	4.0488790999999996e-08	3.9046649200000006e-08	0.0	0.0	0.0	0.0	0.0
-14.564	8.84368e-09	6.007778639999999e-10	2.1853236699999997e-09	2.1074387739999998e-09	0.0	0.0	0.0	0.0	0.0
-14.530	3.8000900000000006e-10	2.58107754e-11	9.3903794e-11	9.05636066e-11	0.0	0.0	0.0	0.0	0.0
-14.496	1.299821e-11	8.829812699999999e-13	3.2119204000000005e-12	3.0981128899999996e-12	0.0	0.0	0.0	0.0	0.0
-14.462	3.5476699999999995e-13	2.40993012e-14	8.7657195e-14	8.45529382e-14	0.0	0.0	0.0	0.0	0.0
-14.428	6.393e-15	4.34257509e-16	1.5795213499999998e-15	1.523346967e-15	0.0	0.0	0.0	0.0	0.0
-14.394	0.0	0.0	0.0	0.0	0.0	0.0	0.0	0.0	0.0
-14.360	0.0	0.0	0.0	0.0	0.0	0.0	0.0	0.0	0.0
-14.326	0.0	0.0	0.0	0.0	0.0	0.0	0.0	0.0	0.0
-14.292	0.0	0.0	0.0	0.0	0.0	0.0	0.0	0.0	0.0
-14.258	0.0	0.0	0.0	0.0	0.0	0.0	0.0	0.0	0.0
-14.224	0.0	0.0	0.0	0.0	0.0	0.0	0.0	0.0	0.0
-14.190	0.0	0.0	0.0	0.0	0.0	0.0	0.0	0.0	0.0
-14.156	0.0	0.0	0.0	0.0	0.0	0.0	0.0	0.0	0.0
-14.122	0.0	0.0	0.0	0.0	0.0	0.0	0.0	0.0	0.0
-14.088	0.0	0.0	0.0	0.0	0.0	0.0	0.0	0.0	0.0
-14.054	0.0	0.0	0.0	0.0	0.0	0.0	0.0	0.0	0.0
-14.020	1.891636e-14	6.125688702000001e-15	1.55078729e-14	1.68913789e-14	0.0	0.0	0.0	0.0	0.0
-13.986	7.763476999999999e-13	2.514522663e-13	6.3659023e-13	6.931581999999999e-13	0.0	0.0	0.0	0.0	0.0
-13.952	2.5977679999999996e-11	8.412630197000001e-12	2.12982825e-11	2.3192344e-11	0.0	0.0	0.0	0.0	0.0
-13.918	6.922043999999999e-10	2.2414402769999998e-10	5.676540499999998e-10	6.1813353e-10	0.0	0.0	0.0	0.0	0.0
-13.884	1.468295e-08	4.7547706359999995e-09	1.20381994e-08	1.3111654600000001e-08	0.0	0.0	0.0	0.0	0.0
-13.850	2.4801180000000003e-07	8.031366590999999e-08	2.0336635999999998e-07	2.2148216000000002e-07	0.0	0.0	0.0	0.0	0.0
-13.816	3.336052e-06	1.0802905573e-06	2.7357238999999994e-06	2.9792978e-06	0.0	0.0	0.0	0.0	0.0
-13.782	3.573778e-05	1.1573440411e-05	2.9303259000000002e-05	3.1910066e-05	0.0	0.0	0.0	0.0	0.0
-13.748	0.0003050472	9.876519508000001e-05	0.00025012659400000005	0.00027235094	0.0	0.0	0.0	0.0	0.0
-13.714	0.002073983	0.0006715485693999999	0.0017007428200000003	0.00185162811	0.0	0.0	0.0	0.0	0.0
-13.680	0.011236819999999998	0.003638690668	0.009214249200000002	0.010034509399999999	0.0	0.0	0.0	0.0	0.0
-13.646	0.048529409999999995	0.015714797649999997	0.039793434	0.04333283599999999	0.0	0.0	0.0	0.0	0.0
-13.612	0.16703059999999997	0.05408902622000001	0.136911764	0.14914258800000002	0.0	0.0	0.0	0.0	0.0
-13.579	0.4583201	0.1484392862	0.37578877999999993	0.40917873000000005	0.0	0.0	0.0	0.0	0.0
-13.545	1.002349	0.32453322140000007	0.8219078800000003	0.8950107999999999	0.0	0.0	0.0	0.0	0.0
-13.511	1.7480379999999998	0.5660530208	1.4335076200000003	1.56098055	0.0	0.0	0.0	0.0	0.0
-13.477	2.430628	0.7871232239	1.99270028	2.17040483	0.0	0.0	0.0	0.0	0.0
-13.443	2.6949840000000003	0.8727227776	2.2095400299999994	2.4065904000000002	0.0	0.0	0.0	0.0	0.0
-13.409	2.3826889999999996	0.7715259699999998	1.95390761	2.1273533700000002	0.0	0.0	0.0	0.0	0.0
-13.375	1.6794879999999999	0.5438238762999998	1.3772398300000002	1.49966846	0.0	0.0	0.0	0.0	0.0
-13.341	0.9439709999999999	0.3057299922	0.77406608	0.84283182	0.0	0.0	0.0	0.0	0.0
-13.307	0.4230782999999999	0.13697153832999998	0.34683879999999995	0.37767830999999996	0.0	0.0	0.0	0.0	0.0
-13.273	0.1511279	0.04893821793	0.123897628	0.134945391	0.0	0.0	0.0	0.0	0.0
-13.239	0.043041720000000006	0.013934843959000002	0.035292000999999996	0.038427654	0.0	0.0	0.0	0.0	0.0
-13.205	0.009768009999999999	0.003163546126	0.008010305300000001	0.008722007600000001	0.0	0.0	0.0	0.0	0.0
-13.171	0.0017671989999999997	0.00057224185	0.0014487915600000002	0.00157788012	0.0	0.0	0.0	0.0	0.0
-13.137	0.0002547177	8.248236222e-05	0.000208872649	0.00022742704999999998	0.0	0.0	0.0	0.0	0.0
-13.103	2.9253919999999996e-05	9.472993296000002e-06	2.3983081600000005e-05	2.6123388999999998e-05	0.0	0.0	0.0	0.0	0.0
-13.069	2.676136e-06	8.666533794999999e-07	2.19428101e-06	2.3901031e-06	0.0	0.0	0.0	0.0	0.0
-13.035	1.950086e-07	6.315019709000001e-08	1.59883983e-07	1.74130257e-07	0.0	0.0	0.0	0.0	0.0
-13.001	1.1388579999999999e-08	3.76078617e-09	9.3176489e-09	1.0142800399999998e-08	0.0	0.0	0.0	0.0	0.0
-12.967	2.3137799999999994e-09	2.5475073e-09	1.391829e-09	1.4214620999999998e-09	0.0	0.0	0.0	0.0	0.0
-12.933	3.50881e-08	4.6584924199999996e-08	1.8876354e-08	1.8714292e-08	0.0	0.0	0.0	0.0	0.0
-12.899	5.469619999999999e-07	7.26345374e-07	2.9412164e-07	2.9164012e-07	0.0	0.0	0.0	0.0	0.0
-12.865	6.793450000000001e-06	9.02064205e-06	3.6535116e-06	3.621849e-06	0.0	0.0	0.0	0.0	0.0
-12.831	6.720859999999999e-05	8.92542443e-05	3.614246199999999e-05	3.5826139999999995e-05	0.0	0.0	0.0	0.0	0.0
-12.797	0.0005296889999999999	0.0007034592259999999	0.00028486889000000005	0.00028241038	0.0	0.0	0.0	0.0	0.0
-12.763	0.0033264099999999997	0.0044169914199999995	0.0017887964	0.0017732124	0.0	0.0	0.0	0.0	0.0
-12.729	0.016644290000000003	0.022103780200000003	0.0089518375	0.008873815	0.0	0.0	0.0	0.0	0.0
-12.695	0.06638609999999999	0.0881528872	0.03570603800000001	0.03539389	0.0	0.0	0.0	0.0	0.0
-12.661	0.211048	0.28027120299999997	0.113495371	0.11251379	0.0	0.0	0.0	0.0	0.0
-12.627	0.534853	0.7102948699999999	0.28766462	0.28513232	0.0	0.0	0.0	0.0	0.0
-12.593	1.080685	1.435036434	0.5811918199999999	0.5760449999999999	0.0	0.0	0.0	0.0	0.0
-12.559	1.740826	2.31168217	0.9361585700000001	0.9280225000000001	0.0	0.0	0.0	0.0	0.0
-12.525	2.2361400000000002	2.9695151100000006	1.202527	1.1919528999999998	0.0	0.0	0.0	0.0	0.0
-12.491	2.29018	3.0414195700000004	1.2316686000000001	1.2208067	0.0	0.0	0.0	0.0	0.0
-12.457	1.8701599999999996	2.48376418	1.00583154	0.9970727000000001	0.0	0.0	0.0	0.0	0.0
-12.423	1.217795	1.6172068099999999	0.65489914	0.6492852	0.0	0.0	0.0	0.0	0.0
-12.389	0.632312	0.8396752029999999	0.34000288999999995	0.337077	0.0	0.0	0.0	0.0	0.0
-12.355	0.261702	0.34756033599999997	0.14074558	0.13951066999999998	0.0	0.0	0.0	0.0	0.0
-12.321	0.08636239999999999	0.1146833479	0.046442553000000004	0.046032670000000005	0.0	0.0	0.0	0.0	0.0
-12.288	0.022715799999999998	0.0301650641	0.012216387	0.012109077	0.0	0.0	0.0	0.0	0.0
-12.254	0.004762569999999999	0.006324380690000001	0.0025610894999999996	0.0025385508000000004	0.0	0.0	0.0	0.0	0.0
-12.220	0.000795558	0.001056512498	0.00042786249000000004	0.00042412039999999997	0.0	0.0	0.0	0.0	0.0
-12.186	0.00010590250000000002	0.00014063410489999998	5.6952782e-05	5.6459410000000004e-05	0.0	0.0	0.0	0.0	0.0
-12.152	1.123186e-05	1.491431397e-05	6.0403968e-06	5.988034e-06	0.0	0.0	0.0	0.0	0.0
-12.118	9.48718e-07	1.2600963069999999e-06	5.1034449e-07	5.057515e-07	0.0	0.0	0.0	0.0	0.0
-12.084	6.38403e-08	8.47840255e-08	3.4333742e-08	3.40289e-08	0.0	0.0	0.0	0.0	0.0
-12.050	3.42036e-09	4.542194460000001e-09	1.8394066000000001e-09	1.8232717e-09	0.0	0.0	0.0	0.0	0.0
-12.016	1.4769559999999998e-10	1.9507991e-10	8.0767308e-11	7.890783e-11	0.0	0.0	0.0	0.0	0.0
-11.982	6.106945000000001e-11	4.789755e-11	7.45463424e-11	3.817291e-11	0.0	0.0	0.0	0.0	0.0
-11.948	1.39024627e-09	1.0238033000000001e-09	1.7806880442999997e-09	8.8051308e-10	0.0	0.0	0.0	0.0	0.0
-11.914	2.7416646e-08	2.0183924999999997e-08	3.511489256e-08	1.73638316e-08	0.0	0.0	0.0	0.0	0.0
-11.880	4.3059331999999997e-07	3.1704068e-07	5.514446074e-07	2.72709323e-07	0.0	0.0	0.0	0.0	0.0
-11.846	5.3862615e-06	3.966072600000001e-06	6.897892668999999e-06	3.4104852999999994e-06	0.0	0.0	0.0	0.0	0.0
-11.812	5.3655502e-05	3.9506983e-05	6.871617255999999e-05	3.3978975e-05	0.0	0.0	0.0	0.0	0.0
-11.778	0.0004258696599999999	0.00031359262999999994	0.0005455075073	0.00026970249499999995	0.0	0.0	0.0	0.0	0.0
-11.744	0.0026926652000000004	0.0019828108	0.0034500009249999997	0.00170554264	0.0	0.0	0.0	0.0	0.0
-11.710	0.013570491300000001	0.009992940999999998	0.017382401441000003	0.008595047900000001	0.0	0.0	0.0	0.0	0.0
-11.676	0.054507619	0.040136772	0.06981177110999999	0.034523052	0.0	0.0	0.0	0.0	0.0
-11.642	0.17447459000000004	0.12847483	0.2234971154	0.11050669800000001	0.0	0.0	0.0	0.0	0.0
-11.608	0.44531010000000004	0.32789658999999993	0.5702958289000001	0.28202955999999996	0.0	0.0	0.0	0.0	0.0
-11.574	0.9060655900000002	0.6671426	1.160431754	0.57374202	0.0	0.0	0.0	0.0	0.0
-11.540	1.46971791	1.0822323	1.8826153826	0.9308409299999998	0.0	0.0	0.0	0.0	0.0
-11.506	1.9008851000000002	1.3999326	2.435062857	1.20404584	0.0	0.0	0.0	0.0	0.0
-11.472	1.9609568	1.4439766	2.511785243	1.24203195	0.0	0.0	0.0	0.0	0.0
-11.438	1.6141127	1.1882424	2.0666132829999997	1.0234795600000002	0.0	0.0	0.0	0.0	0.0
-11.404	1.0659950999999999	0.7839167	1.36089114	0.6822826700000001	0.0	0.0	0.0	0.0	0.0
-11.370	0.5903549000000002	0.43000093	0.73646612	0.40479702000000006	0.0	0.0	0.0	0.0	0.0
-11.336	0.359373	0.24844797	0.3923126	0.33350144	0.0	0.0	0.0	0.0	0.0
-11.302	0.4294827000000001	0.271956	0.3640021	0.56173458	0.0	0.0	0.0	0.0	0.0
-11.268	0.7901447	0.48527845999999997	0.60609902	1.1326357	0.0	0.0	0.0	0.0	0.0
-11.234	1.3434418000000001	0.8211595700000001	1.01451409	1.95059817	0.0	0.0	0.0	0.0	0.0
-11.200	1.8580199999999998	1.1351739800000002	1.4003111999999998	2.7021139	0.0	0.0	0.0	0.0	0.0
-11.166	2.053951	1.2546907500000002	1.5476929999999998	2.9871923000000002	0.0	0.0	0.0	0.0	0.0
-11.132	1.811088	1.10621189	1.3645939999999999	2.6342773999999998	0.0	0.0	0.0	0.0	0.0
-11.098	1.2732721	0.7779030299999998	0.9593963699999999	1.8520577699999998	0.0	0.0	0.0	0.0	0.0
-11.064	0.7138147	0.43606641	0.53782357	1.03814236	0.0	0.0	0.0	0.0	0.0
-11.030	0.3191128	0.19494715900000004	0.24042925	0.46406227	0.0	0.0	0.0	0.0	0.0
-10.997	0.11438870000000001	0.06991137500000001	0.08596302900000001	0.165768263	0.0	0.0	0.0	0.0	0.0
-10.963	0.03672198	0.022642511000000004	0.0262427	0.049532067	0.0	0.0	0.0	0.0	0.0
-10.929	0.029236220000000004	0.018896835	0.014973574	0.023296020999999997	0.0	0.0	0.0	0.0	0.0
-10.895	0.087730897	0.05767802439999999	0.038298250000000006	0.0518353652	0.0	0.0	0.0	0.0	0.0
-10.861	0.2716284996	0.1787645569	0.11733102	0.15705572279999996	0.0	0.0	0.0	0.0	0.0
-10.827	0.6797767933999999	0.44730760100000005	0.2934389	0.3926008611000001	0.0	0.0	0.0	0.0	0.0
-10.793	1.3570162895	0.893142811	0.5858521000000001	0.7838973328	0.0	0.0	0.0	0.0	0.0
-10.759	2.1600654538	1.421682234	0.9325595	1.2476734250000001	0.0	0.0	0.0	0.0	0.0
-10.725	2.7416075755	1.804330376	1.1835788999999999	1.583554582	0.0	0.0	0.0	0.0	0.0
-10.691	2.7743965823999996	1.825956207	1.1978748	1.602529102	0.0	0.0	0.0	0.0	0.0
-10.657	2.2387114699999997	1.473503171	0.9666286	1.293281873	0.0	0.0	0.0	0.0	0.0
-10.623	1.4404603024	0.9480579299999999	0.6219758	0.8320489836	0.0	0.0	0.0	0.0	0.0
-10.589	0.7389024551	0.4863538969999999	0.31907810000000003	0.4268313333	0.0	0.0	0.0	0.0	0.0
-10.555	0.30223246349	0.19892571899999997	0.13047997	0.1745879054	0.0	0.0	0.0	0.0	0.0
-10.521	0.09854442148999999	0.0648562649	0.04254606	0.05691938062	0.0	0.0	0.0	0.0	0.0
-10.487	0.02561859552	0.016861803130000002	0.0110591	0.0147968439	0.0	0.0	0.0	0.0	0.0
-10.453	0.005374527599999999	0.0035436168299999996	0.002316516	0.00310400616	0.0	0.0	0.0	0.0	0.0
-10.419	0.0014376711999999998	0.0009976001	0.0005902819	0.0008281927	0.0	0.0	0.0	0.0	0.0
-10.385	0.003717641	0.0027771038	0.0014099797999999998	0.0021333001	0.0	0.0	0.0	0.0	0.0
-10.351	0.018420576999999997	0.01380877372	0.0069546007	0.01056682	0.0	0.0	0.0	0.0	0.0
-10.317	0.07496347	0.0562080305	0.028300878	0.043006517	0.0	0.0	0.0	0.0	0.0
-10.283	0.24334457	0.18242031579999998	0.091873933	0.13959301999999998	0.0	0.0	0.0	0.0	0.0
-10.249	0.6296506000000001	0.472075734	0.23776123000000002	0.3612899	0.0	0.0	0.0	0.0	0.0
-10.215	1.2990249000000003	0.973704053	0.49044690999999996	0.7451401299999999	0.0	0.0	0.0	0.0	0.0
-10.181	2.136551700000001	1.601853328	0.8067032099999999	1.2256522000000003	0.0	0.0	0.0	0.0	0.0
-10.147	2.8018248	2.100556738	1.05788552	1.6073559999999998	0.0	0.0	0.0	0.0	0.0
-10.113	2.9297676000000004	2.1967046089999998	1.10623183	1.6807634999999999	0.0	0.0	0.0	0.0	0.0
-10.079	2.4431436	1.8316015780000001	0.9224904799999999	1.4015993	0.0	0.0	0.0	0.0	0.0
-10.045	1.6250491000000002	1.2178958489999998	0.61391173	0.9320611	0.0	0.0	0.0	0.0	0.0
-10.011	0.8658570000000002	0.6462782659999999	0.32932522000000003	0.49640709999999993	0.0	0.0	0.0	0.0	0.0
-9.977	0.3875316000000001	0.2766393729	0.15847316	0.22094316	0.0	0.0	0.0	0.0	0.0
-9.943	0.21541299999999997	0.107124152	0.12911804	0.11823423	0.0	0.0	0.0	0.0	0.0
-9.909	0.3235704	0.072328691	0.27177622	0.168891714	0.0	0.0	0.0	0.0	0.0
-9.875	0.7323879999999999	0.124191639	0.6498855299999999	0.37842622099999995	0.0	0.0	0.0	0.0	0.0
-9.841	1.4446095999999995	0.23754594	1.2885428690000003	0.7457232500000001	0.0	0.0	0.0	0.0	0.0
-9.807	2.2903858999999995	0.3755181899999999	2.043496749	1.182147818	0.0	0.0	0.0	0.0	0.0
-9.773	2.8966697999999997	0.4749464499999999	2.5847007929999997	1.4952926401	0.0	0.0	0.0	0.0	0.0
-9.739	2.9216832999999998	0.47902680000000003	2.6071913196	1.5083006777999999	0.0	0.0	0.0	0.0	0.0
-9.705	2.3498822999999995	0.3853125	2.0969698536000005	1.2131337399	0.0	0.0	0.0	0.0	0.0
-9.672	1.5073170000000005	0.24706555000000002	1.3449820988999999	0.7779868173	0.0	0.0	0.0	0.0	0.0
-9.638	0.7706707999999999	0.12634611099999998	0.6877753942	0.3978581133	0.0	0.0	0.0	0.0	0.0
-9.604	0.31419147	0.051511053	0.28034641749	0.16218786677	0.0	0.0	0.0	0.0	0.0
-9.570	0.10219591000000001	0.016797522	0.09116461709	0.05283269353000001	0.0	0.0	0.0	0.0	0.0
-9.536	0.0271376	0.004785620500000001	0.023974513399999998	0.014594001	0.0	0.0	0.0	0.0	0.0
-9.502	0.009661267999999999	0.0036182530999999997	0.00714856467	0.008529405999999998	0.0	0.0	0.0	0.0	0.0
-9.468	0.021197956600000005	0.013305159999999996	0.0117971642	0.028053770000000006	0.0	0.0	0.0	0.0	0.0
-9.434	0.07829477800000002	0.050695905000000006	0.04245140099999999	0.10634128999999999	0.0	0.0	0.0	0.0	0.0
-9.400	0.24002209150000006	0.15557282	0.13001351300000002	0.32627948999999995	0.0	0.0	0.0	0.0	0.0
-9.366	0.5875394515	0.38080418	0.31824125999999997	0.79860009	0.0	0.0	0.0	0.0	0.0
-9.332	1.1477855360000002	0.7435617400000001	0.6216306500000001	1.5592122	0.0	0.0	0.0	0.0	0.0
-9.298	1.7931808770000002	1.1599895999999998	0.97096691	2.4313542	0.0	0.0	0.0	0.0	0.0
-9.264	2.2576386470000003	1.4530585	1.2215985999999999	3.0413313000000004	0.0	0.0	0.0	0.0	0.0
-9.230	2.349770676	1.4872712000000001	1.268687	3.0972072	0.0	0.0	0.0	0.0	0.0
-9.196	2.1787814990000003	1.3124737	1.168816	2.6923163	0.0	0.0	0.0	0.0	0.0
-9.162	2.0935913920000004	1.1352924000000002	1.1086891	2.2478373	0.0	0.0	0.0	0.0	0.0
-9.128	2.3311948760000005	1.1183281999999999	1.2179908	2.1093471999999998	0.0	0.0	0.0	0.0	0.0
-9.094	2.7421784160000002	1.2226639	1.4219914	2.23022342	0.0	0.0	0.0	0.0	0.0
-9.060	2.911347386	1.2627593999999998	1.5061602999999997	2.2732979	0.0	0.0	0.0	0.0	0.0
-9.026	2.5695804550000005	1.1049230799999998	1.3282329	1.98066647	0.0	0.0	0.0	0.0	0.0
-8.992	1.8307663029999999	0.785190587	0.94601336	1.405635712	0.0	0.0	0.0	0.0	0.0
-8.958	1.0436022850000002	0.44725180999999997	0.5391787299999999	0.80033619	0.0	0.0	0.0	0.0	0.0
-8.924	0.4746843212	0.20343274079999998	0.24528301	0.36396067100000007	0.0	0.0	0.0	0.0	0.0
-8.890	0.1722268076	0.073799002	0.088988253	0.1320377666	0.0	0.0	0.0	0.0	0.0
-8.856	0.0498143149	0.02134653601	0.0257380398	0.038186648499999996	0.0	0.0	0.0	0.0	0.0
-8.822	0.0115060314	0.004965894699999999	0.0059531833000000004	0.00882067049	0.0	0.0	0.0	0.0	0.0
-8.788	0.0023104340000000005	0.0012912437	0.00127069409	0.00176955053	0.0	0.0	0.0	0.0	0.0
-8.754	0.001669939	0.00276126537	0.0013866734300000002	0.0012667716	0.0	0.0	0.0	0.0	0.0
-8.720	0.007398599999999999	0.01423875213	0.0066569757	0.005599575599999999	0.0	0.0	0.0	0.0	0.0
-8.686	0.031750458999999995	0.0613254903	0.02862677	0.024032944	0.0	0.0	0.0	0.0	0.0
-8.652	0.10909483	0.2107626591	0.09838184	0.08257463799999999	0.0	0.0	0.0	0.0	0.0
-8.618	0.29889896000000005	0.577430035	0.26953629999999995	0.22621088	0.0	0.0	0.0	0.0	0.0
-8.584	0.6528352799999999	1.261043845	0.58863786	0.49405598999999994	0.0	0.0	0.0	0.0	0.0
-8.550	1.1367409000000002	2.1959176400000002	1.0248218900000001	0.86031688	0.0	0.0	0.0	0.0	0.0
-8.516	1.578403	3.0484001950000006	1.42313678	1.1944137	0.0	0.0	0.0	0.0	0.0
-8.482	1.7472577	3.37416988	1.57491963	1.3223468999999999	0.0	0.0	0.0	0.0	0.0
-8.448	1.5422836	2.9792761359999997	1.390716	1.1673406	0.0	0.0	0.0	0.0	0.0
-8.414	1.0856531	2.0970046580000004	0.9787963399999999	0.8215755	0.0	0.0	0.0	0.0	0.0
-8.381	0.6092636600000001	1.1769450389999998	0.54933004	0.46112306999999997	0.0	0.0	0.0	0.0	0.0
-8.347	0.27260295999999995	0.526647349	0.24577055999999997	0.20635548	0.0	0.0	0.0	0.0	0.0
-8.313	0.09723729	0.1878424756	0.08767155200000001	0.07358948900000001	0.0	0.0	0.0	0.0	0.0
-8.279	0.027649635	0.05341871670000001	0.024931261000000003	0.020931622	0.0	0.0	0.0	0.0	0.0
-8.245	0.0062664830999999985	0.012106048159999999	0.0056500669	0.004742229999999999	0.0	0.0	0.0	0.0	0.0
-8.211	0.0011319201	0.0021865357400000004	0.0010205454899999999	0.00085666546	0.0	0.0	0.0	0.0	0.0
-8.177	0.00016292198000000002	0.0003147108666	0.00014688406099999999	0.00012329147	0.0	0.0	0.0	0.0	0.0
-8.143	1.8681821e-05	3.60900389e-05	1.68427348e-05	1.4138604999999999e-05	0.0	0.0	0.0	0.0	0.0
-8.109	1.7065955e-06	3.29625892e-06	1.53911365e-06	1.2915732000000002e-06	0.0	0.0	0.0	0.0	0.0
-8.075	1.2416140999999997e-07	2.398522457e-07	1.1195317399999999e-07	9.396567999999999e-08	0.0	0.0	0.0	0.0	0.0
-8.041	7.227353e-09	1.394857294e-08	6.510817099999999e-09	5.4639795e-09	0.0	0.0	0.0	0.0	0.0
-8.007	1.192623e-09	2.005966e-09	9.302024e-10	7.463537000000001e-10	0.0	0.0	0.0	0.0	0.0
-7.973	1.7656627000000004e-08	2.7995943000000003e-08	1.2942513e-08	1.0158223e-08	0.0	0.0	0.0	0.0	0.0
-7.939	2.87962093e-07	4.565914e-07	2.1106301999999998e-07	1.6562491999999998e-07	0.0	0.0	0.0	0.0	0.0
-7.905	3.7429888799999995e-06	5.935070000000001e-06	2.7437645999999994e-06	2.1530466e-06	0.0	0.0	0.0	0.0	0.0
-7.871	3.874927790000001e-05	6.1447746e-05	2.8399055e-05	2.2292102e-05	0.0	0.0	0.0	0.0	0.0
-7.837	0.00031956551	0.00050670638	0.00023426142999999997	0.00018388330000000002	0.0	0.0	0.0	0.0	0.0
-7.803	0.00209982882	0.0033299061099999997	0.0015389731	0.0012080276000000004	0.0	0.0	0.0	0.0	0.0
-7.769	0.010996183030000002	0.0174354223	0.008059438	0.006325279399999999	0.0	0.0	0.0	0.0	0.0
-7.735	0.045889727299999995	0.072755883	0.033636232	0.026394997	0.0	0.0	0.0	0.0	0.0
-7.701	0.15264264499999997	0.24204613199999997	0.11188024	0.08780686	0.0	0.0	0.0	0.0	0.0
-7.667	0.404756899	0.6418261500000001	0.29669230999999996	0.23280418	0.0	0.0	0.0	0.0	0.0
-7.633	0.8557343160000002	1.3567365200000001	0.6271679000000001	0.49225333	0.0	0.0	0.0	0.0	0.0
-7.599	1.4421947720000003	2.28697878	1.057101	0.8295788000000002	0.0	0.0	0.0	0.0	0.0
-7.565	1.9382816	3.0733560100000004	1.4207570999999999	1.1149387000000002	0.0	0.0	0.0	0.0	0.0
-7.531	2.07686596	3.29326724	1.5223734999999998	1.1947716000000004	0.0	0.0	0.0	0.0	0.0
-7.497	1.7747464700000002	2.81435134	1.3008044	1.0208291999999999	0.0	0.0	0.0	0.0	0.0
-7.463	1.2090458590000002	1.91716304	0.8862194	0.6954869	0.0	0.0	0.0	0.0	0.0
-7.429	0.656789341	1.0412942499999998	0.48141045	0.37778868	0.0	0.0	0.0	0.0	0.0
-7.395	0.28444456700000004	0.45106805	0.20851284	0.16364791	0.0	0.0	0.0	0.0	0.0
-7.361	0.098214189	0.15572700899999997	0.07198805	0.05649593099999999	0.0	0.0	0.0	0.0	0.0
-7.327	0.0270285069	0.042857805	0.019807166	0.015549213	0.0	0.0	0.0	0.0	0.0
-7.293	0.0059290820000000004	0.009401018099999998	0.004345995700000001	0.0034109393	0.0	0.0	0.0	0.0	0.0
-7.259	0.0010364266560000002	0.00164355014	0.0007596889000000001	0.0005962438699999999	0.0	0.0	0.0	0.0	0.0
-7.225	0.00014440705	0.00022898977	0.00010586592	8.307303000000001e-05	0.0	0.0	0.0	0.0	0.0
-7.191	1.630898e-05	2.6542859e-05	1.2380609999999999e-05	9.394961e-06	0.0	0.0	0.0	0.0	0.0
-7.157	4.898762e-06	1.6156734e-05	8.834281e-06	2.9949621000000007e-06	0.0	0.0	0.0	0.0	0.0
-7.123	3.413644400000001e-05	0.00013613804	7.628512859999999e-05	2.1361175600000003e-05	0.0	0.0	0.0	0.0	0.0
-7.090	0.00026508136000000004	0.001058932	0.000593504345	0.000165918042	0.0	0.0	0.0	0.0	0.0
-7.056	0.0016448537500000002	0.006571357999999999	0.0036829569709999994	0.00102968694	0.0	0.0	0.0	0.0	0.0
-7.022	0.0081346193	0.032495816000000004	0.018211793579999996	0.005092213020000001	0.0	0.0	0.0	0.0	0.0
-6.988	0.032056545	0.12807342	0.07177847059999999	0.020071757199999995	0.0	0.0	0.0	0.0	0.0
-6.954	0.10071677600000001	0.4023427	0.22546886990000004	0.0630444952	0.0	0.0	0.0	0.0	0.0
-6.920	0.25222494	1.0075721	0.564769361	0.157887481	0.0	0.0	0.0	0.0	0.0
-6.886	0.50361243	2.011815	1.1275753400000001	0.315281533	0.0	0.0	0.0	0.0	0.0
-6.852	0.8016619300000001	3.2025716999999996	1.795364218	0.5018223300000001	0.0	0.0	0.0	0.0	0.0
-6.818	1.0176804899999998	4.065359	2.278045234	0.637000055	0.0	0.0	0.0	0.0	0.0
-6.784	1.02986413	4.114799199999999	2.306149691	0.6447562509999999	0.0	0.0	0.0	0.0	0.0
-6.750	0.8311791000000001	3.3196617999999996	1.861535126	0.520340142	0.0	0.0	0.0	0.0	0.0
-6.716	0.5348863100000001	2.1367038	1.1975576609999998	0.3347979059999999	0.0	0.0	0.0	0.0	0.0
-6.682	0.27443167	1.0960856	0.6143914349999999	0.17182503399999996	0.0	0.0	0.0	0.0	0.0
-6.648	0.11224033800000001	0.4483705999999999	0.25135649749999994	0.07026611469999999	0.0	0.0	0.0	0.0	0.0
-6.614	0.036595687	0.14620049	0.0819458127	0.0229116152	0.0	0.0	0.0	0.0	0.0
-6.580	0.0095138281	0.037999392	0.02130503284	0.00595511614	0.0	0.0	0.0	0.0	0.0
-6.546	0.0019708513	0.007872707000000001	0.004412368539999999	0.0012337790599999997	0.0	0.0	0.0	0.0	0.0
-6.512	0.00032538133	0.0012996333	0.0007284675970000001	0.000203687192	0.0	0.0	0.0	0.0	0.0
-6.478	4.2798619e-05	0.00017097717	9.583281060000002e-05	2.67888845e-05	0.0	0.0	0.0	0.0	0.0
-6.444	4.4855313e-06	1.7916731999999998e-05	1.0042562759999999e-05	2.8072834999999996e-06	0.0	0.0	0.0	0.0	0.0
-6.410	3.7446291000000005e-07	1.4956369999999999e-06	8.388589019999999e-07	2.3464282800000003e-07	0.0	0.0	0.0	0.0	0.0
-6.376	2.7360239999999992e-08	9.991715999999999e-08	6.697031520000002e-08	2.0737813599999997e-08	0.0	0.0	0.0	0.0	0.0
-6.342	4.562535999999999e-08	1.3900537000000001e-08	2.0459165509999997e-07	9.337557980000001e-08	0.0	0.0	0.0	0.0	0.0
-6.308	6.336694800000001e-07	1.2369372087999998e-07	2.8830745320000008e-06	1.3232043420000002e-06	0.0	0.0	0.0	0.0	0.0
-6.274	7.2152635e-06	1.4061421299e-06	3.2828282249999995e-05	1.5074041620000001e-05	0.0	0.0	0.0	0.0	0.0
-6.240	6.5454332e-05	1.2755681326999999e-05	0.00029784405960000003	0.00013672658930000004	0.0	0.0	0.0	0.0	0.0
-6.206	0.00047306298999999995	9.218880557000001e-05	0.0021519280279999995	0.0009878948750000002	0.0	0.0	0.0	0.0	0.0
-6.172	0.0027236563999999998	0.0005308433221000001	0.012397920319999998	0.005688848561000001	0.0	0.0	0.0	0.0	0.0
-6.138	0.0125016043	0.0024364150554	0.056890454449999996	0.026110094789999996	0.0	0.0	0.0	0.0	0.0
-6.104	0.04572950299999999	0.008912520553	0.2080798616	0.0955123297	0.0	0.0	0.0	0.0	0.0
-6.070	0.13334306499999998	0.025986913923	0.6066953646000001	0.27853278870000003	0.0	0.0	0.0	0.0	0.0
-6.036	0.30993471	0.060395962969999994	1.410834932	0.6473415321999998	0.0	0.0	0.0	0.0	0.0
-6.002	0.5744590699999998	0.11193806799999999	2.614050795	1.199575123	0.0	0.0	0.0	0.0	0.0
-5.968	0.84875645	0.16543253778	3.862700199	1.7723219900000005	0.0	0.0	0.0	0.0	0.0
-5.934	1.00009884	0.19490295544	4.550462532	2.0890206150000004	0.0	0.0	0.0	0.0	0.0
-5.900	0.93951854	0.18305598407999998	4.274944937999999	1.9621001370000002	0.0	0.0	0.0	0.0	0.0
-5.866	0.7037873599999999	0.13715810497	3.202769848	1.469917612	0.0	0.0	0.0	0.0	0.0
-5.832	0.42037371000000007	0.08192327935	1.9130251999999999	0.8779812379999998	0.0	0.0	0.0	0.0	0.0
-5.799	0.20017499599999997	0.039012331016	0.9108674771999999	0.41812733420000003	0.0	0.0	0.0	0.0	0.0
-5.765	0.07599693500000002	0.014810826895999999	0.34583593650000005	0.15869361060000003	0.0	0.0	0.0	0.0	0.0
-5.731	0.022996586000000003	0.004482852084099999	0.10466089333	0.048037599529999996	0.0	0.0	0.0	0.0	0.0
-5.697	0.005548449799999998	0.0010813501411	0.02525089607	0.01158736251	0.0	0.0	0.0	0.0	0.0
-5.663	0.0010667582499999998	0.00020786522046	0.004853716923999999	0.0022280082540000004	0.0	0.0	0.0	0.0	0.0
-5.629	0.000163418056	3.1852790939000004e-05	0.0007436692587	0.0003413316756	0.0	0.0	0.0	0.0	0.0
-5.595	1.9949433299999998e-05	3.887838550899999e-06	9.078653695999999e-05	4.166975147e-05	0.0	0.0	0.0	0.0	0.0
-5.561	1.9400816100000003e-06	3.7809359295e-07	8.828529664e-06	4.052155086e-06	0.0	0.0	0.0	0.0	0.0
-5.527	1.5024440400000001e-07	2.9282944873e-08	6.83785559e-07	3.13848958e-07	0.0	0.0	0.0	0.0	0.0
-5.493	9.269625199999998e-09	1.8063218356999998e-09	4.218254019e-08	1.935658015e-08	0.0	0.0	0.0	0.0	0.0
-5.459	4.5524813e-10	8.873381595e-11	2.071860661e-09	9.509286299999998e-10	0.0	0.0	0.0	0.0	0.0
-5.425	1.7807374000000004e-11	3.4696573084000006e-12	8.101084327999998e-11	3.717925266e-11	0.0	0.0	0.0	0.0	0.0
-5.391	5.5401832e-13	1.0797253347e-13	2.5207542290000004e-12	1.157576615e-12	0.0	0.0	0.0	0.0	0.0
-5.357	1.4117481299999998e-14	2.7507889890999997e-15	6.423377574999999e-14	2.9486737009999995e-14	0.0	0.0	0.0	0.0	0.0
-5.323	0.0	0.0	0.0	0.0	0.0	0.0	0.0	0.0	0.0
-5.289	0.0	0.0	0.0	0.0	0.0	0.0	0.0	0.0	0.0
-5.255	0.0	0.0	0.0	0.0	0.0	0.0	0.0	0.0	0.0
-5.221	0.0	0.0	0.0	0.0	0.0	0.0	0.0	0.0	0.0
-5.187	0.0	0.0	0.0	0.0	0.0	0.0	0.0	0.0	0.0
-5.153	0.0	0.0	0.0	0.0	0.0	0.0	0.0	0.0	0.0
-5.119	0.0	0.0	0.0	0.0	0.0	0.0	0.0	0.0	0.0
-5.085	0.0	0.0	0.0	0.0	0.0	0.0	0.0	0.0	0.0
-5.051	0.0	0.0	0.0	0.0	0.0	0.0	0.0	0.0	0.0
-5.017	0.0	0.0	0.0	0.0	0.0	0.0	0.0	0.0	0.0
-4.983	0.0	0.0	0.0	0.0	0.0	0.0	0.0	0.0	0.0
-4.949	0.0	0.0	0.0	0.0	0.0	0.0	0.0	0.0	0.0
-4.915	0.0	0.0	0.0	0.0	0.0	0.0	0.0	0.0	0.0
-4.881	0.0	0.0	0.0	0.0	0.0	0.0	0.0	0.0	0.0
-4.847	0.0	0.0	0.0	0.0	0.0	0.0	0.0	0.0	0.0
-4.813	0.0	0.0	0.0	0.0	0.0	0.0	0.0	0.0	0.0
-4.779	0.0	0.0	0.0	0.0	0.0	0.0	0.0	0.0	0.0
-4.745	0.0	0.0	0.0	0.0	0.0	0.0	0.0	0.0	0.0
-4.711	0.0	0.0	0.0	0.0	0.0	0.0	0.0	0.0	0.0
-4.677	0.0	0.0	0.0	0.0	0.0	0.0	0.0	0.0	0.0
-4.643	0.0	0.0	0.0	0.0	0.0	0.0	0.0	0.0	0.0
-4.609	0.0	0.0	0.0	0.0	0.0	0.0	0.0	0.0	0.0
-4.575	0.0	0.0	0.0	0.0	0.0	0.0	0.0	0.0	0.0
-4.541	0.0	0.0	0.0	0.0	0.0	0.0	0.0	0.0	0.0
-4.507	0.0	0.0	0.0	0.0	0.0	0.0	0.0	0.0	0.0
-4.474	0.0	0.0	0.0	0.0	0.0	0.0	0.0	0.0	0.0
-4.440	0.0	0.0	0.0	0.0	0.0	0.0	0.0	0.0	0.0
-4.406	0.0	0.0	0.0	0.0	0.0	0.0	0.0	0.0	0.0
-4.372	0.0	0.0	0.0	0.0	0.0	0.0	0.0	0.0	0.0
-4.338	0.0	0.0	0.0	0.0	0.0	0.0	0.0	0.0	0.0
-4.304	0.0	0.0	0.0	0.0	0.0	0.0	0.0	0.0	0.0
-4.270	0.0	0.0	0.0	0.0	0.0	0.0	0.0	0.0	0.0
-4.236	0.0	0.0	0.0	0.0	0.0	0.0	0.0	0.0	0.0
-4.202	0.0	0.0	0.0	0.0	0.0	0.0	0.0	0.0	0.0
-4.168	0.0	0.0	0.0	0.0	0.0	0.0	0.0	0.0	0.0
-4.134	0.0	0.0	0.0	0.0	0.0	0.0	0.0	0.0	0.0
-4.100	0.0	0.0	0.0	0.0	0.0	0.0	0.0	0.0	0.0
-4.066	0.0	0.0	0.0	0.0	0.0	0.0	0.0	0.0	0.0
-4.032	0.0	0.0	0.0	0.0	0.0	0.0	0.0	0.0	0.0
-3.998	0.0	0.0	0.0	0.0	0.0	0.0	0.0	0.0	0.0
-3.964	0.0	0.0	0.0	0.0	0.0	0.0	0.0	0.0	0.0
-3.930	0.0	0.0	0.0	0.0	0.0	0.0	0.0	0.0	0.0
-3.896	0.0	0.0	0.0	0.0	0.0	0.0	0.0	0.0	0.0
-3.862	0.0	0.0	0.0	0.0	0.0	0.0	0.0	0.0	0.0
-3.828	0.0	0.0	0.0	0.0	0.0	0.0	0.0	0.0	0.0
-3.794	0.0	0.0	0.0	0.0	0.0	0.0	0.0	0.0	0.0
-3.760	0.0	0.0	0.0	0.0	0.0	0.0	0.0	0.0	0.0
-3.726	0.0	0.0	0.0	0.0	0.0	0.0	0.0	0.0	0.0
-3.692	0.0	0.0	0.0	0.0	0.0	0.0	0.0	0.0	0.0
-3.658	0.0	0.0	0.0	0.0	0.0	0.0	0.0	0.0	0.0
-3.624	0.0	0.0	0.0	0.0	0.0	0.0	0.0	0.0	0.0
-3.590	0.0	0.0	0.0	0.0	0.0	0.0	0.0	0.0	0.0
-3.556	0.0	0.0	0.0	0.0	0.0	0.0	0.0	0.0	0.0
-3.522	0.0	0.0	0.0	0.0	0.0	0.0	0.0	0.0	0.0
-3.488	0.0	0.0	0.0	0.0	0.0	0.0	0.0	0.0	0.0
-3.454	0.0	0.0	0.0	0.0	0.0	0.0	0.0	0.0	0.0
-3.420	0.0	0.0	0.0	0.0	0.0	0.0	0.0	0.0	0.0
-3.386	0.0	0.0	0.0	0.0	0.0	0.0	0.0	0.0	0.0
-3.352	0.0	0.0	0.0	0.0	0.0	0.0	0.0	0.0	0.0
-3.318	0.0	0.0	0.0	0.0	0.0	0.0	0.0	0.0	0.0
-3.284	0.0	0.0	0.0	0.0	0.0	0.0	0.0	0.0	0.0
-3.250	0.0	0.0	0.0	0.0	0.0	0.0	0.0	0.0	0.0
-3.216	0.0	0.0	0.0	0.0	0.0	0.0	0.0	0.0	0.0
-3.183	0.0	0.0	0.0	0.0	0.0	0.0	0.0	0.0	0.0
-3.149	0.0	0.0	0.0	0.0	0.0	0.0	0.0	0.0	0.0
-3.115	0.0	0.0	0.0	0.0	0.0	0.0	0.0	0.0	0.0
-3.081	0.0	0.0	0.0	0.0	0.0	0.0	0.0	0.0	0.0
-3.047	0.0	0.0	0.0	0.0	0.0	0.0	0.0	0.0	0.0
-3.013	0.0	0.0	0.0	0.0	0.0	0.0	0.0	0.0	0.0
-2.979	0.0	0.0	0.0	0.0	0.0	0.0	0.0	0.0	0.0
-2.945	0.0	0.0	0.0	0.0	0.0	0.0	0.0	0.0	0.0
-2.911	0.0	0.0	0.0	0.0	0.0	0.0	0.0	0.0	0.0
-2.877	0.0	0.0	0.0	0.0	0.0	0.0	0.0	0.0	0.0
-2.843	0.0	0.0	0.0	0.0	0.0	0.0	0.0	0.0	0.0
-2.809	0.0	0.0	0.0	0.0	0.0	0.0	0.0	0.0	0.0
-2.775	0.0	0.0	0.0	0.0	0.0	0.0	0.0	0.0	0.0
-2.741	0.0	0.0	0.0	0.0	0.0	0.0	0.0	0.0	0.0
-2.707	0.0	0.0	0.0	0.0	0.0	0.0	0.0	0.0	0.0
-2.673	0.0	0.0	0.0	0.0	0.0	0.0	0.0	0.0	0.0
-2.639	0.0	0.0	0.0	0.0	0.0	0.0	0.0	0.0	0.0
-2.605	0.0	0.0	0.0	0.0	0.0	0.0	0.0	0.0	0.0
-2.571	0.0	0.0	0.0	0.0	0.0	0.0	0.0	0.0	0.0
-2.537	0.0	0.0	0.0	0.0	0.0	0.0	0.0	0.0	0.0
-2.503	0.0	0.0	0.0	0.0	0.0	0.0	0.0	0.0	0.0
-2.469	0.0	0.0	0.0	0.0	0.0	0.0	0.0	0.0	0.0
-2.435	0.0	0.0	0.0	0.0	0.0	0.0	0.0	0.0	0.0
-2.401	0.0	0.0	0.0	0.0	0.0	0.0	0.0	0.0	0.0
-2.367	0.0	0.0	0.0	0.0	0.0	0.0	0.0	0.0	0.0
-2.333	0.0	0.0	0.0	0.0	0.0	0.0	0.0	0.0	0.0
-2.299	0.0	0.0	0.0	0.0	0.0	0.0	0.0	0.0	0.0
-2.265	0.0	0.0	0.0	0.0	0.0	0.0	0.0	0.0	0.0
-2.231	0.0	0.0	0.0	0.0	0.0	0.0	0.0	0.0	0.0
-2.197	0.0	0.0	0.0	0.0	0.0	0.0	0.0	0.0	0.0
-2.163	0.0	0.0	0.0	0.0	0.0	0.0	0.0	0.0	0.0
-2.129	0.0	0.0	0.0	0.0	0.0	0.0	0.0	0.0	0.0
-2.095	0.0	0.0	0.0	0.0	0.0	0.0	0.0	0.0	0.0
-2.061	0.0	0.0	0.0	0.0	0.0	0.0	0.0	0.0	0.0
-2.027	0.0	0.0	0.0	0.0	0.0	0.0	0.0	0.0	0.0
-1.993	0.0	0.0	0.0	0.0	0.0	0.0	0.0	0.0	0.0
-1.959	0.0	0.0	0.0	0.0	0.0	0.0	0.0	0.0	0.0
-1.925	0.0	0.0	0.0	0.0	0.0	0.0	0.0	0.0	0.0
-1.892	0.0	0.0	0.0	0.0	0.0	0.0	0.0	0.0	0.0
-1.858	0.0	0.0	0.0	0.0	0.0	0.0	0.0	0.0	0.0
-1.824	0.0	0.0	0.0	0.0	0.0	0.0	0.0	0.0	0.0
-1.790	0.0	0.0	0.0	0.0	0.0	0.0	0.0	0.0	0.0
-1.756	0.0	0.0	0.0	0.0	0.0	0.0	0.0	0.0	0.0
-1.722	0.0	0.0	0.0	0.0	0.0	0.0	0.0	0.0	0.0
-1.688	0.0	0.0	0.0	0.0	0.0	0.0	0.0	0.0	0.0
-1.654	0.0	0.0	0.0	0.0	0.0	0.0	0.0	0.0	0.0
-1.620	0.0	0.0	0.0	0.0	0.0	0.0	0.0	0.0	0.0
-1.586	0.0	0.0	0.0	0.0	0.0	0.0	0.0	0.0	0.0
-1.552	0.0	0.0	0.0	0.0	0.0	0.0	0.0	0.0	0.0
-1.518	0.0	0.0	0.0	0.0	0.0	0.0	0.0	0.0	0.0
-1.484	0.0	0.0	0.0	0.0	0.0	0.0	0.0	0.0	0.0
-1.450	0.0	0.0	0.0	0.0	0.0	0.0	0.0	0.0	0.0
-1.416	0.0	0.0	0.0	0.0	0.0	0.0	0.0	0.0	0.0
-1.382	0.0	0.0	0.0	0.0	0.0	0.0	0.0	0.0	0.0
-1.348	0.0	0.0	0.0	0.0	0.0	0.0	0.0	0.0	0.0
-1.314	0.0	0.0	0.0	0.0	0.0	0.0	0.0	0.0	0.0
-1.280	0.0	0.0	0.0	0.0	0.0	0.0	0.0	0.0	0.0
-1.246	0.0	0.0	0.0	0.0	0.0	0.0	0.0	0.0	0.0
-1.212	0.0	0.0	0.0	0.0	0.0	0.0	0.0	0.0	0.0
-1.178	0.0	0.0	0.0	0.0	0.0	0.0	0.0	0.0	0.0
-1.144	0.0	0.0	0.0	0.0	0.0	0.0	0.0	0.0	0.0
-1.110	0.0	0.0	0.0	0.0	0.0	0.0	0.0	0.0	0.0
-1.076	0.0	0.0	0.0	0.0	0.0	0.0	0.0	0.0	0.0
-1.042	0.0	0.0	0.0	0.0	0.0	0.0	0.0	0.0	0.0
-1.008	0.0	0.0	0.0	0.0	0.0	0.0	0.0	0.0	0.0
-0.974	0.0	0.0	0.0	0.0	0.0	0.0	0.0	0.0	0.0
-0.940	0.0	0.0	0.0	0.0	0.0	0.0	0.0	0.0	0.0
-0.906	0.0	0.0	0.0	0.0	0.0	0.0	0.0	0.0	0.0
-0.872	0.0	0.0	0.0	0.0	0.0	0.0	0.0	0.0	0.0
-0.838	0.0	0.0	0.0	0.0	0.0	0.0	0.0	0.0	0.0
-0.804	1.7517483999999996e-15	1.49014656e-15	9.5184421e-16	1.036522e-15	0.0	0.0	0.0	0.0	0.0
-0.770	7.301438e-14	6.2110746e-14	3.9674735999999996e-14	4.320038e-14	0.0	0.0	0.0	0.0	0.0
-0.736	2.4791976000000004e-12	2.1089349e-12	1.34727525e-12	1.466862e-12	0.0	0.0	0.0	0.0	0.0
-0.702	6.696104e-11	5.6973298999999996e-11	3.6394461999999994e-11	3.9617490000000006e-11	0.0	0.0	0.0	0.0	0.0
-0.668	1.4399834e-09	1.2250217e-09	7.824254899999999e-10	8.520192000000001e-10	0.0	0.0	0.0	0.0	0.0
-0.634	2.4654999999999998e-08	2.0973687000000003e-08	1.3397517799999999e-08	1.4588660000000003e-08	0.0	0.0	0.0	0.0	0.0
-0.601	3.3621780999999997e-07	2.8596700999999997e-07	1.8268155800000003e-07	1.9891489999999999e-07	0.0	0.0	0.0	0.0	0.0
-0.567	3.6509271999999996e-06	3.1055377e-06	1.9839848599999997e-06	2.160519e-06	0.0	0.0	0.0	0.0	0.0
-0.533	3.1582392e-05	2.6868411000000005e-05	1.71644895e-05	1.868784e-05	0.0	0.0	0.0	0.0	0.0
-0.499	0.00021769609999999998	0.00018519734	0.00011829616099999999	0.0001288098	0.0	0.0	0.0	0.0	0.0
-0.465	0.0011957258999999998	0.0010171406400000002	0.00064971128	0.000707485	0.0	0.0	0.0	0.0	0.0
-0.431	0.0052334140000000005	0.004452281099999999	0.0028443132000000003	0.0030967079999999997	0.0	0.0	0.0	0.0	0.0
-0.397	0.018259728	0.015533710300000001	0.0099241244	0.01080431	0.0	0.0	0.0	0.0	0.0
-0.363	0.05077782	0.043197308	0.027597659100000005	0.030052680000000005	0.0	0.0	0.0	0.0	0.0
-0.329	0.11261248000000001	0.095782702	0.061186542999999996	0.06662674	0.0	0.0	0.0	0.0	0.0
-0.295	0.19904265000000004	0.16931456000000003	0.108168681	0.11777709999999998	0.0	0.0	0.0	0.0	0.0
-0.261	0.28057674	0.23866	0.15244876399999996	0.16601780000000002	0.0	0.0	0.0	0.0	0.0
-0.227	0.31528698	0.26820342	0.171325735	0.18656929999999997	0.0	0.0	0.0	0.0	0.0
-0.193	0.28256216	0.24035645	0.153539613	0.16713540000000002	0.0	0.0	0.0	0.0	0.0
-0.159	0.20189549	0.17174706	0.10972206600000001	0.11946399999999999	0.0	0.0	0.0	0.0	0.0
-0.125	0.11506221	0.097881416	0.06253643100000002	0.068074	0.0	0.0	0.0	0.0	0.0
-0.091	0.05249621	0.044646795	0.028577395	0.03100896	0.0	0.0	0.0	0.0	0.0
-0.057	0.020066564	0.017036634	0.011128064799999999	0.01163505	0.0	0.0	0.0	0.0	0.0
-0.023	0.009630228000000001	0.008070055	0.0060476244	0.004835545000000001	0.0	0.0	0.0	0.0	0.0
0.011	0.013340640199999998	0.010987165	0.0096100795	0.00540038	0.0	0.0	0.0	0.0	0.0
0.045	0.028179366999999997	0.023109499199999998	0.020797002000000002	0.010946780000000001	0.0	0.0	0.0	0.0	0.0
0.079	0.05169283799999999	0.042279971000000006	0.03834132900000001	0.020194099999999996	0.0	0.0	0.0	0.0	0.0
0.113	0.07665824799999998	0.06228963400000001	0.05728635	0.03062741	0.0	0.0	0.0	0.0	0.0
0.147	0.09224887999999999	0.07378559100000001	0.07025536	0.03889161	0.0	0.0	0.0	0.0	0.0
0.181	0.09250304	0.07136827000000001	0.0738526	0.04372269	0.0	0.0	0.0	0.0	0.0
0.215	0.08249756999999999	0.05921914	0.07306309999999999	0.047413739999999996	0.0	0.0	0.0	0.0	0.0
0.249	0.07424710999999999	0.04838550999999999	0.0778083	0.05340338	0.0	0.0	0.0	0.0	0.0
0.283	0.07715699999999999	0.04814067	0.0951542	0.06357996	0.0	0.0	0.0	0.0	0.0
0.317	0.09332371	0.059994610000000004	0.12408540000000003	0.07940100000000001	0.0	0.0	0.0	0.0	0.0
0.351	0.11896081000000001	0.07727282999999999	0.155529	0.1039932	0.0	0.0	0.0	0.0	0.0
0.385	0.14755735000000003	0.08989090000000001	0.1771262	0.1390312	0.0	0.0	0.0	0.0	0.0
0.419	0.1724347	0.0911736	0.18208439999999998	0.1781059	0.0	0.0	0.0	0.0	0.0
0.453	0.18917719999999996	0.0821466	0.17493999999999998	0.2055176	0.0	0.0	0.0	0.0	0.0
0.487	0.1972511	0.0693561	0.1672186	0.20678699999999994	0.0	0.0	0.0	0.0	0.0
0.521	0.1987163	0.0594143	0.1658306	0.18165109999999998	0.0	0.0	0.0	0.0	0.0
0.555	0.19516670000000003	0.0555692	0.16717390000000001	0.144147	0.0	0.0	0.0	0.0	0.0
0.589	0.1880108	0.0582775	0.16374930000000001	0.11069400000000003	0.0	0.0	0.0	0.0	0.0
0.623	0.18166	0.0666414	0.15501440000000002	0.0900277	0.0	0.0	0.0	0.0	0.0
0.657	0.18183249999999995	0.07794430000000001	0.1478487	0.08214020000000001	0.0	0.0	0.0	0.0	0.0
0.691	0.1883217	0.08705310000000001	0.1463255	0.08246640000000001	0.0	0.0	0.0	0.0	0.0
0.724	0.1939416	0.08927360000000001	0.1469503	0.08649230000000001	0.0	0.0	0.0	0.0	0.0
0.758	0.1930204	0.0845787	0.1454947	0.0924614	0.0	0.0	0.0	0.0	0.0
0.792	0.1868814	0.07799829999999999	0.1431512	0.1001936	0.0	0.0	0.0	0.0	0.0
0.826	0.17989129999999998	0.07494239999999999	0.14269020000000002	0.1082548	0.0	0.0	0.0	0.0	0.0
0.860	0.1738417	0.0766085	0.1425441	0.11391380000000001	0.0	0.0	0.0	0.0	0.0
0.894	0.167114	0.0792086	0.13773059999999998	0.1153139	0.0	0.0	0.0	0.0	0.0
0.928	0.1561492	0.0769976	0.1248998	0.1121206	0.0	0.0	0.0	0.0	0.0
0.962	0.1376537	0.06728959999999999	0.1051429	0.1039122	0.0	0.0	0.0	0.0	0.0
0.996	0.1128043	0.0534325	0.0839572	0.09157900000000001	0.0	0.0	0.0	0.0	0.0
1.030	0.09059590000000002	0.0437266	0.07035009999999998	0.0811433	0.0	0.0	0.0	0.0	0.0
1.064	0.0851474	0.0461394	0.07400999999999999	0.0837298	0.0	0.0	0.0	0.0	0.0
1.098	0.1065864	0.06275320000000001	0.0991486	0.10782889999999999	0.0	0.0	0.0	0.0	0.0
1.132	0.152089	0.0869332	0.13859870000000002	0.1494607	0.0	0.0	0.0	0.0	0.0
1.166	0.20497479999999998	0.1065771	0.1755583	0.19119730000000001	0.0	0.0	0.0	0.0	0.0
1.200	0.24554199999999998	0.1128717	0.19473200000000002	0.2136953	0.0	0.0	0.0	0.0	0.0
1.234	0.2651792	0.10689349999999997	0.193164	0.2104084	0.0	0.0	0.0	0.0	0.0
1.268	0.2695403	0.0974237	0.180251	0.19085090000000002	0.0	0.0	0.0	0.0	0.0
1.302	0.267298	0.09213320000000001	0.167445	0.17042929999999998	0.0	0.0	0.0	0.0	0.0
1.336	0.2603479	0.0923307	0.160619	0.15998039999999997	0.0	0.0	0.0	0.0	0.0
1.370	0.2476443	0.0958117	0.161277	0.1651128	0.0	0.0	0.0	0.0	0.0
1.404	0.23383830000000003	0.10104270000000001	0.16995200000000002	0.18842849999999997	0.0	0.0	0.0	0.0	0.0
1.438	0.22677100000000003	0.10707620000000001	0.184431	0.225717	0.0	0.0	0.0	0.0	0.0
1.472	0.228589	0.11185650000000001	0.19784799999999997	0.26212119999999994	0.0	0.0	0.0	0.0	0.0
1.506	0.233988	0.11331000000000001	0.20299499999999998	0.27878000000000003	0.0	0.0	0.0	0.0	0.0
1.540	0.235761	0.1111493	0.19777999999999998	0.2660743	0.0	0.0	0.0	0.0	0.0
1.574	0.22829299999999997	0.10566479999999999	0.18413700000000002	0.22921000000000002	0.0	0.0	0.0	0.0	0.0
1.608	0.20788399999999999	0.09582969999999999	0.16337700000000002	0.1813048	0.0	0.0	0.0	0.0	0.0
1.642	0.173358	0.0802238	0.135216	0.1334238	0.0	0.0	0.0	0.0	0.0
1.676	0.12881900000000002	0.0598099	0.1012526	0.0910656	0.0	0.0	0.0	0.0	0.0
1.710	0.08394529999999999	0.0391814	0.0671628	0.0570818	0.0	0.0	0.0	0.0	0.0
1.744	0.050443600000000005	0.024481799999999998	0.041199799999999995	0.0349096	0.0	0.0	0.0	0.0	0.0
1.778	0.03768769999999999	0.02112944	0.030912000000000002	0.0289297	0.0	0.0	0.0	0.0	0.0
1.812	0.051362099999999994	0.03279917	0.041453	0.043295530000000006	0.0	0.0	0.0	0.0	0.0
1.846	0.09253080000000001	0.0598988	0.07414280000000001	0.07933491	0.0	0.0	0.0	0.0	0.0
1.880	0.15492640000000002	0.0965135	0.12338750000000001	0.13217584000000002	0.0	0.0	0.0	0.0	0.0
1.914	0.22501369999999998	0.1306605	0.17570100000000002	0.19173369999999995	0.0	0.0	0.0	0.0	0.0
1.948	0.29017499999999996	0.1516781	0.21614099999999997	0.25057070000000004	0.0	0.0	0.0	0.0	0.0
1.982	0.3472101	0.15926	0.238733	0.30920179999999997	0.0	0.0	0.0	0.0	0.0
2.015	0.3987359999999999	0.162948	0.249346	0.368693	0.0	0.0	0.0	0.0	0.0
2.049	0.441791	0.17186200000000001	0.25721800000000006	0.41988	0.0	0.0	0.0	0.0	0.0
2.083	0.465369	0.185719	0.265498	0.446807	0.0	0.0	0.0	0.0	0.0
2.117	0.46061599999999997	0.196464	0.270638	0.4423079999999999	0.0	0.0	0.0	0.0	0.0
2.151	0.42890700000000004	0.19658400000000004	0.26839099999999994	0.414016	0.0	0.0	0.0	0.0	0.0
2.185	0.37880899999999995	0.184671	0.257455	0.37386	0.0	0.0	0.0	0.0	0.0
2.219	0.318994	0.164359	0.23759000000000005	0.32658699999999996	0.0	0.0	0.0	0.0	0.0
2.253	0.256905	0.140327	0.208599	0.27258	0.0	0.0	0.0	0.0	0.0
2.287	0.20369800000000002	0.116749	0.175105	0.220103	0.0	0.0	0.0	0.0	0.0
2.321	0.177772	0.099777	0.15155700000000003	0.19053699999999998	0.0	0.0	0.0	0.0	0.0
2.355	0.198902	0.09785250000000001	0.15838290000000002	0.20785099999999995	0.0	0.0	0.0	0.0	0.0
2.389	0.27227700000000005	0.11625250000000001	0.206739	0.27797900000000003	0.0	0.0	0.0	0.0	0.0
2.423	0.3747859	0.149555	0.284191	0.37698399999999993	0.0	0.0	0.0	0.0	0.0
2.457	0.4616401	0.181955	0.3575	0.462344	0.0	0.0	0.0	0.0	0.0
2.491	0.494721	0.198224	0.395273	0.502171	0.0	0.0	0.0	0.0	0.0
2.525	0.469067	0.19474899999999998	0.390989	0.495849	0.0	0.0	0.0	0.0	0.0
2.559	0.41265199999999996	0.18055000000000002	0.363054	0.46695499999999995	0.0	0.0	0.0	0.0	0.0
2.593	0.361845	0.16831500000000002	0.333433	0.43954799999999994	0.0	0.0	0.0	0.0	0.0
2.627	0.337427	0.165377	0.31071099999999996	0.4225205999999999	0.0	0.0	0.0	0.0	0.0
2.661	0.338601	0.17173099999999997	0.293031	0.41423	0.0	0.0	0.0	0.0	0.0
2.695	0.35334	0.1825443	0.280056	0.4133767	0.0	0.0	0.0	0.0	0.0
2.729	0.371201	0.19156600000000001	0.27614	0.420281	0.0	0.0	0.0	0.0	0.0
2.763	0.390132	0.194389	0.284194	0.430877	0.0	0.0	0.0	0.0	0.0
2.797	0.414004	0.190385	0.300958	0.436475	0.0	0.0	0.0	0.0	0.0
2.831	0.443687	0.18180000000000002	0.31737	0.43011400000000005	0.0	0.0	0.0	0.0	0.0
2.865	0.469992	0.17101	0.322775	0.41120599999999996	0.0	0.0	0.0	0.0	0.0
2.899	0.477671	0.15979900000000002	0.311933	0.3837350000000001	0.0	0.0	0.0	0.0	0.0
2.933	0.458625	0.151447	0.289699	0.35409599999999997	0.0	0.0	0.0	0.0	0.0
2.967	0.42246300000000003	0.151922	0.26928700000000005	0.333168	0.0	0.0	0.0	0.0	0.0
3.001	0.391924	0.167523	0.2648	0.335952	0.0	0.0	0.0	0.0	0.0
3.035	0.385213	0.199015	0.282428	0.37157300000000004	0.0	0.0	0.0	0.0	0.0
3.069	0.398998	0.23675799999999997	0.315056	0.429732	0.0	0.0	0.0	0.0	0.0
3.103	0.41036999999999996	0.26335200000000003	0.345808	0.481545	0.0	0.0	0.0	0.0	0.0
3.137	0.39925299999999997	0.26564	0.360119	0.5000330000000001	0.0	0.0	0.0	0.0	0.0
3.171	0.368717	0.24559200000000003	0.35648799999999997	0.48186900000000005	0.0	0.0	0.0	0.0	0.0
3.205	0.341788	0.218696	0.345478	0.447299	0.0	0.0	0.0	0.0	0.0
3.239	0.34060899999999994	0.20084300000000002	0.338703	0.41940599999999995	0.0	0.0	0.0	0.0	0.0
3.273	0.36845400000000006	0.197057	0.33946400000000004	0.406971	0.0	0.0	0.0	0.0	0.0
3.306	0.40743199999999996	0.200966	0.34195400000000004	0.404503	0.0	0.0	0.0	0.0	0.0
3.340	0.43028800000000006	0.20192000000000002	0.336224	0.401066	0.0	0.0	0.0	0.0	0.0
3.374	0.41843500000000006	0.192553	0.31504	0.38771	0.0	0.0	0.0	0.0	0.0
3.408	0.37410999999999994	0.172778	0.27942900000000004	0.361362	0.0	0.0	0.0	0.0	0.0
3.442	0.315328	0.14827300000000002	0.237377	0.323812	0.0	0.0	0.0	0.0	0.0
3.476	0.26028999999999997	0.126413	0.196771	0.27792	0.0	0.0	0.0	0.0	0.0
3.510	0.220212	0.11455200000000001	0.161831	0.22683599999999998	0.0	0.0	0.0	0.0	0.0
3.544	0.20190799999999998	0.11940189999999999	0.1355869	0.1767219	0.0	0.0	0.0	0.0	0.0
3.578	0.206705	0.1417023	0.12025390000000001	0.1356312	0.0	0.0	0.0	0.0	0.0
3.612	0.22201	0.1689532	0.1128533	0.10686619999999998	0.0	0.0	0.0	0.0	0.0
3.646	0.22311699999999998	0.17925739999999998	0.1040817	0.0857743	0.0	0.0	0.0	0.0	0.0
3.680	0.19264799999999999	0.15860290000000002	0.0860406	0.06535974	0.0	0.0	0.0	0.0	0.0
3.714	0.1368707	0.11387463	0.059918599999999995	0.043728300000000005	0.0	0.0	0.0	0.0	0.0
3.748	0.07856300000000001	0.06565721000000001	0.03408458000000001	0.02441714	0.0	0.0	0.0	0.0	0.0
3.782	0.036146899999999996	0.03027008	0.015617999999999998	0.011096971	0.0	0.0	0.0	0.0	0.0
3.816	0.013291280000000003	0.011141045000000002	0.005731785	0.00405753	0.0	0.0	0.0	0.0	0.0
3.850	0.0038993399999999994	0.003270087	0.001680554	0.0011875753999999999	0.0	0.0	0.0	0.0	0.0
3.884	0.000912254	0.0007651312	0.0003929913	0.0002775636	0.0	0.0	0.0	0.0	0.0
3.918	0.00017013139999999996	0.00014272316000000002	7.328802999999998e-05	5.172992e-05	0.0	0.0	0.0	0.0	0.0
3.952	2.528738e-05	2.1211460000000002e-05	1.0890970000000001e-05	7.686115e-06	0.0	0.0	0.0	0.0	0.0
3.986	2.9944400000000008e-06	2.5121678e-06	1.2896720000000002e-06	9.102153999999998e-07	0.0	0.0	0.0	0.0	0.0
4.020	2.8250099999999997e-07	2.3699702e-07	1.216703e-07	8.586047999999998e-08	0.0	0.0	0.0	0.0	0.0
4.054	2.122732e-08	1.7806263e-08	9.14267e-09	6.451619000000001e-09	0.0	0.0	0.0	0.0	0.0
4.088	1.27015e-09	1.0655858999999998e-09	5.471121999999999e-10	3.860806e-10	0.0	0.0	0.0	0.0	0.0
4.122	6.05169e-11	5.076422e-11	2.6066000000000005e-11	1.8394675e-11	0.0	0.0	0.0	0.0	0.0
4.156	2.295725e-12	1.9258046e-12	9.886570000000002e-13	6.976325999999999e-13	0.0	0.0	0.0	0.0	0.0
4.190	6.94269e-14	5.823797e-14	2.9903019999999997e-14	2.1098979e-14	0.0	0.0	0.0	0.0	0.0
4.224	1.664329e-15	1.3960813e-15	7.167109e-16	5.058008000000001e-16	0.0	0.0	0.0	0.0	0.0
4.258	0.0	0.0	0.0	0.0	0.0	0.0	0.0	0.0	0.0
4.292	0.0	0.0	0.0	0.0	0.0	0.0	0.0	0.0	0.0
4.326	0.0	0.0	0.0	0.0	0.0	0.0	0.0	0.0	0.0
4.360	0.0	0.0	0.0	0.0	0.0	0.0	0.0	0.0	0.0
4.394	0.0	0.0	0.0	0.0	0.0	0.0	0.0	0.0	0.0
4.428	0.0	0.0	0.0	0.0	0.0	0.0	0.0	0.0	0.0
4.462	0.0	0.0	0.0	0.0	0.0	0.0	0.0	0.0	0.0
4.496	0.0	0.0	0.0	0.0	0.0	0.0	0.0	0.0	0.0
4.530	0.0	0.0	0.0	0.0	0.0	0.0	0.0	0.0	0.0
4.564	0.0	0.0	0.0	0.0	0.0	0.0	0.0	0.0	0.0
4.597	0.0	0.0	0.0	0.0	0.0	0.0	0.0	0.0	0.0
4.631	0.0	0.0	0.0	0.0	0.0	0.0	0.0	0.0	0.0
4.665	0.0	0.0	0.0	0.0	0.0	0.0	0.0	0.0	0.0
4.699	0.0	0.0	0.0	0.0	0.0	0.0	0.0	0.0	0.0
4.733	0.0	0.0	0.0	0.0	0.0	0.0	0.0	0.0	0.0
4.767	0.0	0.0	0.0	0.0	0.0	0.0	0.0	0.0	0.0
4.801	0.0	0.0	0.0	0.0	0.0	0.0	0.0	0.0	0.0
4.835	0.0	0.0	0.0	0.0	0.0	0.0	0.0	0.0	0.0
4.869	0.0	0.0	0.0	0.0	0.0	0.0	0.0	0.0	0.0
4.903	0.0	0.0	0.0	0.0	0.0	0.0	0.0	0.0	0.0
4.937	0.0	0.0	0.0	0.0	0.0	0.0	0.0	0.0	0.0
4.971	0.0	0.0	0.0	0.0	0.0	0.0	0.0	0.0	0.0
5.005	0.0	0.0	0.0	0.0	0.0	0.0	0.0	0.0	0.0
5.039	0.0	0.0	0.0	0.0	0.0	0.0	0.0	0.0	0.0
5.073	0.0	0.0	0.0	0.0	0.0	0.0	0.0	0.0	0.0
5.107	0.0	0.0	0.0	0.0	0.0	0.0	0.0	0.0	0.0
5.141	0.0	0.0	0.0	0.0	0.0	0.0	0.0	0.0	0.0
5.175	0.0	0.0	0.0	0.0	0.0	0.0	0.0	0.0	0.0
