-16.56170266	0.0
-16.535702660000002	0.0
-16.51070266	0.0
-16.48570266	0.0
-16.46070266	0.0
-16.43470266	0.0
-16.40970266	0.0
-16.384702660000002	0.0
-16.35970266	0.0
-16.33370266	0.0
-16.30870266	0.0
-16.28370266	0.0
-16.25870266	0.0
-16.23270266	0.0
-16.20770266	0.0
-16.18270266	0.0
-16.15770266	0.0
-16.13270266	0.0
-16.10670266	0.0
-16.08170266	0.0
-16.05670266	0.0
-16.03170266	0.0
-16.00570266	3.4451017293693223e-15
-15.980702660000002	3.445101729369322e-14
-15.95570266	6.16682188952409e-13
-15.930702660000001	9.202784879685151e-12
-15.904702660000002	1.210403705724353e-10
-15.87970266	1.40266735412823e-09
-15.854702660000001	1.4329317970288342e-08
-15.829702659999999	1.289989453325955e-07
-15.803702659999999	1.023462547830592e-06
-15.77870266	7.155031183943941e-06
-15.753702660000002	4.4088777213887096e-05
-15.72870266	0.00023940878288481715
-15.70270266	0.001145902229523053
-15.677702660000001	0.004833756462097251
-15.65270266	0.017970427718361593
-15.62770266	0.0589048946301852
-15.60170266	0.17017254626342318
-15.576702660000002	0.433185501408716
-15.55170266	0.9723164929495598
-15.526702660000002	1.923790983838701
-15.500702660000002	3.3540958206674985
-15.47570266	5.15654939290375
-15.450702660000001	6.987894367940569
-15.425702659999999	8.34620549786796
-15.399702659999999	8.78851424017679
-15.37470266	8.15775847976413
-15.349702660000002	6.674868938034299
-15.32470266	4.814327660196861
-15.29870266	3.0602749925615798
-15.273702660000001	1.71554806393451
-15.24870266	0.847313940997051
-15.22370266	0.36892505526742303
-15.197702660000001	0.14163044553284973
-15.172702660000002	0.047911135579964
-15.14770266	0.014287849266287516
-15.122702660000002	0.0037554024589755704
-15.096702660000002	0.0008700557731775049
-15.07170266	0.00017764321698357516
-15.046702660000001	3.196895705664331e-05
-15.021702659999999	5.07111328480204e-06
-14.99570266	7.08840377764266e-07
-14.97070266	8.733770334875739e-08
-14.945702660000002	9.481352506390722e-09
-14.92070266	9.07134626708248e-10
-14.89470266	7.64761623105391e-11
-14.869702660000002	5.677694342714231e-12
-14.84470266	3.72083585567486e-13
-14.81970266	2.756601363455451e-14
-14.793702660000001	0.0
-14.768702659999999	0.0
-14.74370266	0.0
-14.718702660000002	0.0
-14.692702660000002	0.0
-14.66770266	0.0
-14.642702660000001	0.0
-14.617702659999999	0.0
-14.59170266	0.0
-14.56670266	0.0
-14.541702660000002	0.0
-14.51670266	0.0
-14.491702660000001	0.0
-14.465702660000002	0.0
-14.44070266	0.0
-14.415702660000001	0.0
-14.390702660000002	0.0
-14.364702659999999	0.0
-14.33970266	0.0
-14.314702660000002	0.0
-14.28970266	0.0
-14.26370266	0.0
-14.238702660000001	0.0
-14.21370266	0.0
-14.18870266	0.0
-14.16270266	0.0
-14.137702660000002	0.0
-14.11270266	0.0
-14.087702660000001	0.0
-14.061702660000002	0.0
-14.03670266	0.0
-14.011702660000001	0.0
-13.986702659999999	0.0
-13.960702659999999	0.0
-13.93570266	0.0
-13.910702660000002	0.0
-13.88570266	0.0
-13.85970266	0.0
-13.834702660000001	0.0
-13.80970266	0.0
-13.78470266	0.0
-13.75870266	0.0
-13.733702660000002	0.0
-13.70870266	0.0
-13.683702660000002	0.0
-13.657702660000002	0.0
-13.63270266	0.0
-13.607702660000001	0.0
-13.582702659999999	0.0
-13.55670266	0.0
-13.53170266	0.0
-13.506702660000002	0.0
-13.48170266	0.0
-13.45570266	0.0
-13.430702660000001	0.0
-13.40570266	0.0
-13.38070266	0.0
-13.354702660000001	0.0
-13.329702659999999	0.0
-13.30470266	0.0
-13.279702660000002	0.0
-13.253702660000002	0.0
-13.22870266	0.0
-13.203702660000001	0.0
-13.178702659999999	0.0
-13.15270266	0.0
-13.12770266	0.0
-13.102702660000002	0.0
-13.07770266	0.0
-13.05170266	0.0
-13.026702660000002	0.0
-13.00170266	0.0
-12.97670266	0.0
-12.951702660000002	0.0
-12.925702659999999	0.0
-12.90070266	0.0
-12.875702660000002	0.0
-12.85070266	0.0
-12.82470266	0.0
-12.799702660000001	0.0
-12.774702659999999	0.0
-12.74970266	0.0
-12.72370266	0.0
-12.698702660000002	0.0
-12.67370266	0.0
-12.648702660000001	0.0
-12.622702660000002	0.0
-12.59770266	0.0
-12.572702660000001	0.0
-12.547702660000002	0.0
-12.521702659999999	0.0
-12.49670266	0.0
-12.471702660000002	0.0
-12.44670266	0.0
-12.42070266	0.0
-12.395702660000001	0.0
-12.37070266	0.0
-12.34570266	0.0
-12.31970266	0.0
-12.294702660000002	0.0
-12.26970266	0.0
-12.244702660000002	0.0
-12.218702660000002	0.0
-12.19370266	0.0
-12.168702660000001	0.0
-12.143702659999999	0.0
-12.117702659999999	0.0
-12.09270266	0.0
-12.067702660000002	0.0
-12.04270266	0.0
-12.01670266	0.0
-11.991702660000001	0.0
-11.96670266	0.0
-11.94170266	0.0
-11.915702660000001	0.0
-11.890702660000002	0.0
-11.86570266	0.0
-11.840702660000002	0.0
-11.814702660000002	0.0
-11.78970266	0.0
-11.764702660000001	0.0
-11.739702659999999	0.0
-11.71370266	0.0
-11.68870266	0.0
-11.663702660000002	0.0
-11.63870266	0.0
-11.61270266	0.0
-11.587702660000001	0.0
-11.56270266	0.0
-11.53770266	0.0
-11.511702660000001	0.0
-11.486702659999999	0.0
-11.46170266	0.0
-11.436702660000002	0.0
-11.410702660000002	0.0
-11.38570266	0.0
-11.360702660000001	0.0
-11.335702659999999	0.0
-11.31070266	0.0
-11.28470266	2.6865603305319626e-14
-11.259702660000002	4.365404870864415e-13
-11.23470266	6.602351701307384e-12
-11.209702660000001	8.815390101745847e-11
-11.183702660000002	1.0369415702053173e-09
-11.15870266	1.0746519902128252e-08
-11.13370266	9.816911601944057e-08
-11.108702660000002	7.901877101564656e-07
-11.082702659999999	5.6065282811101744e-06
-11.05770266	3.5049097006940345e-05
-11.032702660000002	0.0001931382590382405
-11.00770266	0.0009380054401856967
-10.98170266	0.004014725090794941
-10.956702660000001	0.015148172402999174
-10.93170266	0.05036552920997355
-10.90670266	0.14766805102923095
-10.88070266	0.38154448007552993
-10.855702660000002	0.8687940001719822
-10.83070266	1.7439490103453656
-10.805702660000001	3.086226800611047
-10.779702660000002	4.8132532409531095
-10.75470266	6.618096001310388
-10.729702660000001	8.02286510158868
-10.704702659999999	8.571170101696797
-10.678702659999999	8.072846901598693
-10.65370266	6.702286301327405
-10.628702660000002	4.9042707409711275
-10.60370266	3.1647070806264628
-10.57770266	1.7992670203562768
-10.552702660000001	0.901996850178589
-10.52770266	0.39855546007890347
-10.50270266	0.15520639503073252
-10.47670266	0.05328838711055117
-10.451702660000002	0.01612382140319238
-10.42670266	0.004300149790851501
-10.401702660000002	0.0010108784402001118
-10.375702660000002	0.00020946109804147393
-10.35070266	3.824965960757302e-05
-10.325702660000001	6.156286301219289e-06
-10.300702659999999	8.733120701728829e-07
-10.274702659999999	1.0914866702161287e-07
-10.24970266	1.2025670902380519e-08
-10.224702660000002	1.1675063202311446e-09
-10.19970266	9.988211401977095e-11
-10.17370266	7.529652901490578e-12
-10.148702660000001	5.036552920997355e-13
-10.12370266	2.6865603305319626e-14
-10.09870266	0.0
-10.072702660000001	0.0
-10.047702660000002	0.0
-10.02270266	0.0
-9.997702660000002	0.0
-9.971702660000002	0.0
-9.94670266	0.0
-9.921702660000001	0.0
-9.896702659999999	0.0
-9.87070266	0.0
-9.84570266	0.0
-9.820702660000002	0.0
-9.79570266	0.0
-9.770702660000001	0.0
-9.744702660000002	0.0
-9.71970266	0.0
-9.69470266	0.0
-9.669702660000002	0.0
-9.643702659999999	0.0
-9.61870266	0.0
-9.593702660000002	0.0
-9.56870266	0.0
-9.54270266	0.0
-9.517702660000001	0.0
-9.492702659999999	0.0
-9.46770266	0.0
-9.44170266	0.0
-9.416702660000002	0.0
-9.39170266	0.0
-9.366702660000001	0.0
-9.340702660000002	0.0
-9.31570266	0.0
-9.290702660000001	0.0
-9.265702660000002	0.0
-9.239702659999999	0.0
-9.21470266	0.0
-9.189702660000002	0.0
-9.16470266	0.0
-9.13870266	0.0
-9.113702660000001	0.0
-9.08870266	0.0
-9.06370266	0.0
-9.03770266	0.0
-9.012702659999999	0.0
-8.98770266	0.0
-8.962702659999998	0.0
-8.936702659999998	0.0
-8.91170266	0.0
-8.886702660000001	0.0
-8.861702659999999	0.0
-8.835702659999999	0.0
-8.81070266	0.0
-8.785702659999998	0.0
-8.76070266	0.0
-8.73470266	0.0
-8.709702660000001	0.0
-8.68470266	0.0
-8.65970266	0.0
-8.63370266	0.0
-8.608702659999999	0.0
-8.58370266	0.0
-8.558702659999998	0.0
-8.532702659999998	0.0
-8.50770266	0.0
-8.482702660000001	0.0
-8.457702659999999	0.0
-8.43170266	0.0
-8.40670266	0.0
-8.381702659999998	0.0
-8.35670266	0.0
-8.33070266	0.0
-8.305702660000001	0.0
-8.28070266	0.0
-8.25570266	0.0
-8.230702659999999	0.0
-8.204702659999999	0.0
-8.17970266	0.0
-8.154702659999998	0.0
-8.12970266	0.0
-8.10370266	0.0
-8.078702660000001	0.0
-8.053702659999999	0.0
-8.02870266	0.0
-8.00270266	0.0
-7.977702659999999	0.0
-7.952702659999999	0.0
-7.9277026600000005	0.0
-7.901702659999999	0.0
-7.87670266	0.0
-7.85170266	0.0
-7.82670266	0.0
-7.80070266	0.0
-7.775702659999999	0.0
-7.750702659999999	0.0
-7.7257026600000005	0.0
-7.699702659999999	0.0
-7.67470266	0.0
-7.64970266	0.0
-7.62470266	0.0
-7.59870266	0.0
-7.5737026599999995	0.0
-7.548702659999999	0.0
-7.5237026600000005	0.0
-7.497702659999999	0.0
-7.47270266	0.0
-7.44770266	0.0
-7.42270266	0.0
-7.39670266	0.0
-7.3717026599999995	0.0
-7.346702659999999	0.0
-7.321702659999999	0.0
-7.295702659999999	0.0
-7.27070266	0.0
-7.24570266	0.0
-7.22070266	0.0
-7.19470266	0.0
-7.16970266	0.0
-7.144702659999999	0.0
-7.119702659999999	0.0
-7.093702659999999	0.0
-7.0687026600000005	0.0
-7.04370266	0.0
-7.01870266	0.0
-6.99270266	0.0
-6.96770266	0.0
-6.942702659999999	0.0
-6.917702659999999	0.0
-6.891702659999999	0.0
-6.8667026600000005	0.0
-6.84170266	0.0
-6.81670266	0.0
-6.79070266	0.0
-6.76570266	0.0
-6.740702659999999	0.0
-6.715702659999999	0.0
-6.689702659999999	0.0
-6.6647026600000006	0.0
-6.63970266	0.0
-6.61470266	0.0
-6.5897026599999995	0.0
-6.56370266	0.0
-6.538702659999999	0.0
-6.513702659999999	0.0
-6.48870266	0.0
-6.462702659999999	0.0
-6.43770266	0.0
-6.41270266	0.0
-6.3877026599999995	0.0
-6.36170266	0.0
-6.336702659999999	0.0
-6.311702659999999	0.0
-6.28670266	0.0
-6.260702659999999	0.0
-6.23570266	0.0
-6.21070266	0.0
-6.18570266	0.0
-6.15970266	0.0
-6.134702659999999	0.0
-6.109702659999999	0.0
-6.0847026600000005	0.0
-6.058702659999999	0.0
-6.03370266	0.0
-6.00870266	0.0
-5.98370266	0.0
-5.95770266	0.0
-5.9327026599999995	0.0
-5.907702659999999	0.0
-5.8827026600000005	0.0
-5.856702659999999	0.0
-5.83170266	0.0
-5.80670266	0.0
-5.78170266	0.0
-5.75570266	0.0
-5.7307026599999995	0.0
-5.705702659999999	0.0
-5.680702660000001	0.0
-5.654702659999999	0.0
-5.62970266	0.0
-5.60470266	0.0
-5.57970266	0.0
-5.55370266	0.0
-5.5287026599999995	0.0
-5.503702659999999	0.0
-5.478702659999999	0.0
-5.452702659999999	0.0
-5.4277026600000005	0.0
-5.40270266	0.0
-5.37770266	0.0
-5.35170266	0.0
-5.32670266	0.0
-5.301702659999999	0.0
-5.276702659999999	0.0
-5.250702659999999	0.0
-5.2257026600000005	0.0
-5.20070266	0.0
-5.17570266	0.0
-5.14970266	0.0
-5.12470266	3.187769075638e-14
-5.099702659999999	5.303030135878e-13
-5.074702659999999	8.149304208547e-12
-5.04970266	1.1050418282938999e-10
-5.0237026600000005	1.3207567338422999e-09
-4.99870266	1.3907939356711e-08
-4.97370266	1.2908460331399e-07
-4.9487026599999995	1.0558846271234002e-06
-4.92270266	7.611146195722999e-06
-4.897702659999999	4.835018124384e-05
-4.872702659999999	0.000270679306971
-4.84770266	0.0013357704344279
-4.821702659999999	0.005809387149882
-4.79670266	0.022268660574931
-4.77170266	0.07524058194385
-4.7467026599999995	0.22407771579485
-4.72070266	0.5882578152211
-4.695702659999999	1.3609675352577
-4.670702659999999	2.7760580719670003
-4.64570266	4.991325129543999
-4.619702659999999	7.91070820544
-4.59470266	11.049081287225
-4.56970266	13.607325353971001
-4.54470266	14.771916384547
-4.51870266	14.134353368286
-4.493702659999999	11.92287331098
-4.468702659999999	8.866667231428
-4.4437026600000005	5.811737151777
-4.417702659999999	3.357747087773
-4.39270266	1.7100159447394
-4.36770266	0.7677071201039
-4.34270266	0.30379920796119997
-4.31670266	0.10596489277932
-4.2917026599999994	0.03257980085526
-4.266702659999999	0.008828639232595
-4.2417026600000005	0.00210882966406
-4.215702659999999	0.00044396650677
-4.19070266	8.2400717738e-05
-4.16570266	1.3730037228e-05
-4.14070266	3.893476689e-06
-4.11470266	1.325036423e-05
-4.0897026599999995	7.638434040000001e-05
-4.064702659999999	0.00039508371209
-4.0397026600000006	0.00180198020176
-4.013702659999999	0.007244447972949999
-3.9887026600000004	0.02566592276497
-3.96370266	0.0801619764894
-3.9387026599999997	0.2206476290964
-3.91270266	0.5354032798329
-3.8877026599999995	1.145151640134
-3.862702659999999	2.158925401592
-3.837702659999999	3.58782077235
-3.811702659999999	5.256459398969
-3.7867026600000004	6.786433088498001
-3.76170266	7.72652949288
-3.7367026599999997	7.75238595798
-3.71070266	6.858031012748
-3.6857026599999996	5.347261156299
-3.660702659999999	3.6754646044649997
-3.635702659999999	2.226754812937
-3.609702659999999	1.1891087067919999
-3.5847026600000005	0.5598250376206
-3.55970266	0.2323110798785
-3.5347026599999998	0.08497169073670001
-3.50870266	0.027397767272890002
-3.4837026599999996	0.0077847108541
-3.4587026599999993	0.001950134934739
-3.433702659999999	0.0004305338022839
-3.4087026600000003	8.37708424024e-05
-3.3827026600000005	1.436550018185e-05
-3.35770266	2.171226277037e-06
-3.33270266	2.892436352139e-07
-3.3077026599999995	3.3949619076540005e-08
-3.2817026599999997	3.5126245095770004e-09
-3.2567026599999993	3.2017778317560005e-10
-3.231702659999999	2.572449611584e-11
-3.2067026600000004	1.8175227308599998e-12
-3.1807026600000006	1.170636434125e-13
-3.15570266	6.161431586238e-15
-3.13070266	0.0
-3.1057026599999995	0.0
-3.0797026599999997	0.0
-3.0547026599999993	0.0
-3.029702659999999	0.0
-3.0047026600000004	0.0
-2.978702659999999	0.0
-2.9537026600000003	0.0
-2.92870266	0.0
-2.9037026599999995	0.0
-2.8777026599999997	0.0
-2.8527026599999994	0.0
-2.827702659999999	0.0
-2.8027026600000005	0.0
-2.776702659999999	0.0
-2.7517026600000003	0.0
-2.72670266	0.0
-2.7017026599999996	0.0
-2.67570266	0.0
-2.6507026599999994	0.0
-2.625702659999999	0.0
-2.6007026600000005	0.0
-2.574702659999999	0.0
-2.5497026600000003	0.0
-2.52470266	0.0
-2.4997026599999996	0.0
-2.47370266	0.0
-2.4487026599999995	0.0
-2.423702659999999	0.0
-2.3987026600000005	0.0
-2.372702659999999	0.0
-2.3477026600000004	0.0
-2.32270266	0.0
-2.2977026599999997	0.0
-2.27170266	0.0
-2.2467026599999995	0.0
-2.221702659999999	0.0
-2.196702659999999	0.0
-2.170702659999999	0.0
-2.1457026600000004	0.0
-2.12070266	0.0
-2.0957026599999997	0.0
-2.06970266	0.0
-2.0447026599999996	0.0
-2.019702659999999	0.0
-1.9947026599999989	0.0
-1.968702659999999	0.0
-1.9437026600000005	0.0
-1.9187026600000001	0.0
-1.8937026599999998	0.0
-1.8687026599999994	0.0
-1.8427026599999996	0.0
-1.8177026599999992	0.0
-1.792702659999999	0.0
-1.7677026600000003	0.0
-1.7417026600000005	0.0
-1.7167026600000002	0.0
-1.6917026599999998	0.0
-1.6667026599999994	0.0
-1.6407026599999996	0.0
-1.6157026599999993	0.0
-1.590702659999999	0.0
-1.5657026600000004	0.0
-1.5397026600000006	0.0
-1.5147026600000002	0.0
-1.4897026599999998	0.0
-1.4647026599999995	0.0
-1.4387026599999997	0.0
-1.4137026599999993	0.0
-1.388702659999999	0.0
-1.3637026600000004	0.0
-1.3377026599999988	0.0
-1.3127026600000002	0.0
-1.2877026599999999	0.0
-1.2627026599999995	0.0
-1.2367026599999997	0.0
-1.2117026599999994	0.0
-1.18670266	0.0
-1.1617026599999996	0.0
-1.1357026599999998	0.0
-1.1107026599999994	0.0
-1.08570266	0.0
-1.0607026599999996	5.9157211242099996e-15
-1.0347026599999998	8.87252843631e-14
-1.0097026599999994	1.478703006118e-12
-0.98470266	2.1756877089810002e-11
-0.9597026599999996	2.817990411628e-10
-0.9337026599999998	3.216745913268e-09
-0.9087026599999994	3.236174713341e-08
-0.88370266	2.868198611821e-07
-0.8587026599999996	2.240848909231e-06
-0.8327026599999998	1.542699506352e-05
-0.8077026599999995	9.36151073853e-05
-0.78270266	0.0005005441120598
-0.7577026599999996	0.0023592805097030004
-0.7317026599999998	0.009801785840290001
-0.7067026599999995	0.03588707914747
-0.68170266	0.11581543047569999
-0.6567026599999997	0.3294822913527
-0.6307026599999999	0.826168573391
-0.6057026599999995	1.8260762074899999
-0.58070266	3.557487514588
-0.5557026599999997	6.10957122504
-0.5297026599999999	9.2495333379
-0.5047026599999995	12.34273905055
-0.47970266000000006	14.51937005943
-0.4547026599999997	15.0543740616
-0.4287026599999999	13.761482056279998
-0.40370265999999955	11.08768404533
-0.3787026600000001	7.87508453218
-0.3537026599999997	4.930556020138
-0.32870265999999937	2.721345311111
-0.30270265999999957	1.323842605404
-0.2777026600000001	0.567737522316
-0.25270265999999975	0.2145932708751
-0.2277026599999994	0.0714986532914
-0.2017026599999996	0.02099677208555
-0.17670266000000012	0.005435235122130001
-0.15170265999999977	0.001239904205048
-0.1267026599999994	0.00024935259101469996
-0.10070265999999961	4.419284117974e-05
-0.07570265999999926	6.90141592807e-06
-0.05070265999999979	9.50065733862e-07
-0.025702659999999433	1.152644104682e-07
0.00029734000000036787	1.232286705004e-08
0.025297340000000723	1.160943704712e-09
0.05029734000000019	9.63935773911e-11
0.07529734000000055	7.05062632859e-12
0.10129734000000035	4.554659618413e-13
0.1262973400000007	2.365943209682e-14
0.15129734000000017	0.0
0.17629734000000052	0.0
0.20229734000000033	0.0
0.22729734000000068	0.0
0.25229734000000015	0.0
0.2772973400000005	0.0
0.3032973400000003	0.0
0.32829734000000066	0.0
0.3532973400000001	0.0
0.3782973400000005	0.0
0.4042973400000003	0.0
0.42929734000000064	0.0
0.4542973400000001	0.0
0.47929734000000046	0.0
0.5052973400000003	0.0
0.5302973400000006	0.0
0.5552973400000001	0.0
0.5802973400000004	0.0
0.6062973400000002	0.0
0.6312973400000006	0.0
0.6562973400000001	0.0
0.6812973400000004	0.0
0.7072973400000002	0.0
0.7322973400000006	0.0
0.75729734	0.0
0.7822973400000004	0.0
0.8082973400000002	0.0
0.8332973400000006	0.0
0.85829734	0.0
0.8832973400000004	0.0
0.9092973400000002	0.0
0.9342973400000005	0.0
0.95929734	0.0
0.9842973400000004	0.0
1.0102973400000002	0.0
1.0352973400000005	0.0
1.06029734	0.0
1.0852973400000003	0.0
1.1112973400000001	0.0
1.1362973400000005	0.0
1.16129734	0.0
1.1862973400000003	0.0
1.2122973400000001	0.0
1.2372973400000005	0.0
1.26229734	0.0
1.2872973400000003	0.0
1.3122973400000006	0.0
1.3382973400000004	0.0
1.36329734	0.0
1.3882973400000003	0.0
1.4132973400000006	0.0
1.4392973400000004	0.0
1.46429734	0.0
1.4892973400000002	0.0
1.5142973400000006	0.0
1.5402973400000004	0.0
1.5652973399999999	0.0
1.5902973400000002	0.0
1.6152973400000006	0.0
1.6412973400000004	0.0
1.6662973400000007	0.0
1.6912973400000002	0.0
1.7162973400000006	0.0
1.7422973400000004	0.0
1.7672973400000007	0.0
1.7922973400000002	0.0
1.8172973400000005	0.0
1.8432973400000003	0.0
1.8682973400000007	0.0
1.8932973400000002	0.0
1.9182973400000005	0.0
1.9442973400000003	0.0
1.9692973400000007	0.0
1.9942973400000001	0.0
2.0192973400000005	0.0
2.0452973400000003	0.0
2.0702973400000007	0.0
2.09529734	0.0
2.1202973400000005	0.0
2.1462973400000003	0.0
2.1712973400000006	0.0
2.19629734	0.0
2.2212973400000005	0.0
2.2472973400000003	0.0
2.2722973400000006	0.0
2.29729734	0.0
2.3222973400000004	0.0
2.3482973400000002	0.0
2.3732973400000006	0.0
2.39829734	0.0
2.4232973400000004	0.0
2.44929734	0.0
2.4742973400000006	0.0
2.49929734	0.0
2.5242973400000004	0.0
2.55029734	0.0
2.5752973400000005	0.0
2.60029734	0.0
2.6252973400000004	0.0
2.65129734	0.0
2.6762973400000005	0.0
2.70129734	0.0
2.7262973400000003	0.0
2.75229734	0.0
2.7772973400000005	0.0
2.80229734	0.0
2.8272973400000003	0.0
2.8522973400000002	0.0
2.8782973400000005	0.0
2.9032973400000004	0.0
2.9282973400000003	0.0
2.95329734	0.0
2.9792973400000005	0.0
3.0042973400000004	0.0
3.0292973400000003	0.0
3.05429734	0.0
3.0802973400000004	0.0
3.1052973400000004	0.0
3.1302973400000003	0.0
3.15529734	0.0
3.1812973400000004	0.0
3.2062973400000003	0.0
3.2312973400000002	0.0
3.25629734	0.0
3.2822973400000004	0.0
3.3072973400000003	0.0
3.33229734	0.0
3.35729734	0.0
3.3832973400000004	0.0
3.4082973400000003	0.0
3.43329734	0.0
3.45829734	0.0
3.4842973400000004	0.0
3.5092973400000003	0.0
3.53429734	0.0
3.5592973400000005	0.0
3.5852973400000003	0.0
3.6102973400000002	0.0
3.63529734	0.0
3.6602973400000005	0.0
3.6862973400000003	0.0
3.7112973400000002	0.0
3.73629734	0.0
3.7612973400000005	0.0
3.7872973400000003	0.0
3.81229734	0.0
3.83729734	0.0
3.8622973400000005	0.0
3.8882973400000003	0.0
3.91329734	0.0
3.93829734	0.0
3.9632973400000004	0.0
3.9892973400000002	0.0
4.014297340000001	0.0
4.039297340000001	0.0
4.06429734	0.0
4.09029734	0.0
4.11529734	0.0
4.14029734	0.0
4.16529734	0.0
4.19129734	0.0
4.216297340000001	0.0
4.241297340000001	0.0
4.26629734	0.0
4.29229734	0.0
4.31729734	0.0
4.34229734	0.0
4.36729734	0.0
4.39329734	0.0
4.4182973400000005	0.0
4.443297340000001	0.0
4.46829734	0.0
4.49329734	0.0
4.5192973400000005	0.0
4.54429734	0.0
4.56929734	0.0
4.594297340000001	0.0
4.6202973400000005	0.0
4.645297340000001	0.0
4.67029734	0.0
4.69529734	0.0
4.7212973400000005	0.0
4.74629734	0.0
4.77129734	0.0
4.796297340000001	0.0
4.82229734	0.0
4.847297340000001	0.0
4.87229734	0.0
4.897297340000001	0.0
4.92329734	0.0
4.94829734	0.0
4.97329734	0.0
4.998297340000001	0.0
5.02429734	0.0
5.049297340000001	0.0
5.07429734	0.0
5.099297340000001	0.0
5.12529734	0.0
5.15029734	0.0
5.17529734	0.0
5.2002973400000005	0.0
5.22629734	0.0
5.251297340000001	0.0
5.27629734	0.0
5.3012973400000005	0.0
5.32729734	0.0
5.35229734	0.0
5.37729734	0.0
5.4022973400000005	0.0
5.42829734	0.0
5.453297340000001	0.0
5.47829734	0.0
5.5032973400000005	0.0
5.52929734	0.0
5.554297340000001	0.0
5.57929734	0.0
5.6042973400000005	0.0
5.63029734	0.0
5.655297340000001	0.0
5.68029734	0.0
5.70529734	0.0
5.73129734	0.0
5.756297340000001	0.0
5.78129734	0.0
5.80629734	0.0
5.83229734	0.0
5.857297340000001	0.0
5.88229734	0.0
5.90729734	0.0
5.93329734	0.0
5.9582973400000006	0.0
5.98329734	0.0
6.00829734	0.0
6.033297340000001	9.973893706e-16
6.0592973400000005	1.9949248421999998e-14
6.08429734	3.1367574737e-13
6.10929734	4.4216745135999994e-12
6.13429734	5.4883907747e-11
6.1602973400000005	6.0023820279e-10
6.18529734	5.7846102612e-09
6.21029734	4.9139872641e-08
6.235297340000001	3.6783842812e-07
6.2612973400000005	2.4263424603000003e-06
6.28629734	1.4107653913999999e-05
6.31129734	7.2295547687e-05
6.336297340000001	0.00032642802713999996
6.3622973400000005	0.0012995988677999997
6.38729734	0.0045596535406
6.41229734	0.014100861793999999
6.437297340000001	0.038441439096
6.4632973400000004	0.09236735666
6.48829734	0.19562855995
6.51329734	0.36524667239999997
6.538297340000001	0.6010585159099999
6.56429734	0.8719668322999999
6.58929734	1.1149405567
6.61429734	1.2568110103
6.639297340000001	1.2489589940999999
6.66529734	1.0946711894999999
6.690297340000001	0.8470849201999999
6.71529734	0.5819031289
6.740297340000001	0.3623374578
6.76629734	0.220646023
6.791297340000001	0.15878144900000002
6.81629734	0.160427798
6.841297340000001	0.20108774000000001
6.86729734	0.25418163
6.892297340000001	0.29543211
6.91729734	0.30881530999999995
6.9422973400000005	0.29087204
6.96829734	0.25067212
6.993297340000001	0.2025015
7.01829734	0.15820410999999998
7.0432973400000005	0.12317295
7.06929734	0.09807795
7.094297340000001	0.08371754
7.11929734	0.08383130000000001
7.1442973400000005	0.10428314000000001
7.17029734	0.1485574
7.195297340000001	0.2124628
7.22029734	0.28160442
7.2452973400000005	0.334924
7.27129734	0.353356
7.296297340000001	0.3299012
7.32129734	0.2735727
7.3462973400000005	0.205074
7.37229734	0.14694633000000001
7.397297340000001	0.1151526
7.42229734	0.1150645
7.44729734	0.1414398
7.47329734	0.1808877
7.498297340000001	0.21590190000000004
7.52329734	0.2310487
7.54829734	0.2190332
7.57329734	0.18326789999999998
7.599297340000001	0.1352119
7.62429734	0.0879566
7.64929734	0.05043215000000001
7.674297340000001	0.025496300000000003
7.7002973400000005	0.01135951
7.72529734	0.004461138
7.75029734	0.00154438
7.77529734	0.0004712386
7.8012973400000005	0.0001267463
7.82629734	3.004551e-05
7.85129734	6.27728e-06
7.876297340000001	1.155975e-06
7.9022973400000005	1.876139e-07
7.927297340000001	2.6834940000000002e-08
7.95229734	3.383229e-09
7.97729734	3.7585950000000003e-10
8.00329734	3.679347e-11
8.02829734	3.173731e-12
8.05329734	2.412019e-13
8.07829734	1.608019e-14
8.10429734	1.0840750000000002e-15
8.12929734	0.0
8.15429734	0.0
8.17929734	0.0
8.20529734	0.0
8.23029734	0.0
8.25529734	0.0
8.28029734	0.0
8.30629734	0.0
8.33129734	0.0
8.356297340000001	0.0
8.38129734	0.0
8.40729734	0.0
8.43229734	0.0
8.45729734	0.0
8.48229734	0.0
8.50829734	0.0
8.53329734	0.0
8.558297340000001	0.0
8.58329734	0.0
8.609297340000001	0.0
8.63429734	0.0
8.65929734	0.0
