-28.470	0.0	0.0	0.0	0.0	0.0	0.0	0.0	0.0	0.0
-28.436	0.0	0.0	0.0	0.0	0.0	0.0	0.0	0.0	0.0
-28.402	0.0	0.0	0.0	0.0	0.0	0.0	0.0	0.0	0.0
-28.369	0.0	0.0	0.0	0.0	0.0	0.0	0.0	0.0	0.0
-28.335	0.0	0.0	0.0	0.0	0.0	0.0	0.0	0.0	0.0
-28.302	0.0	0.0	0.0	0.0	0.0	0.0	0.0	0.0	0.0
-28.268	0.0	0.0	0.0	0.0	0.0	0.0	0.0	0.0	0.0
-28.234	0.0	0.0	0.0	0.0	0.0	0.0	0.0	0.0	0.0
-28.201	0.0	0.0	0.0	0.0	0.0	0.0	0.0	0.0	0.0
-28.167	0.0	0.0	0.0	0.0	0.0	0.0	0.0	0.0	0.0
-28.134	0.0	0.0	0.0	0.0	0.0	0.0	0.0	0.0	0.0
-28.100	0.0	0.0	0.0	0.0	0.0	0.0	0.0	0.0	0.0
-28.066	0.0	0.0	0.0	0.0	0.0	0.0	0.0	0.0	0.0
-28.033	0.0	0.0	0.0	0.0	0.0	0.0	0.0	0.0	0.0
-27.999	0.0	0.0	0.0	0.0	0.0	0.0	0.0	0.0	0.0
-27.966	0.0	0.0	0.0	0.0	0.0	0.0	0.0	0.0	0.0
-27.932	0.0	0.0	0.0	0.0	0.0	0.0	0.0	0.0	0.0
-27.898	0.0	0.0	0.0	0.0	0.0	0.0	0.0	0.0	0.0
-27.865	0.0	0.0	0.0	0.0	0.0	0.0	0.0	0.0	0.0
-27.831	0.0	0.0	0.0	0.0	0.0	0.0	0.0	0.0	0.0
-27.798	0.0	0.0	0.0	0.0	0.0	0.0	0.0	0.0	0.0
-27.764	0.0	0.0	0.0	0.0	0.0	0.0	0.0	0.0	0.0
-27.730	0.0	0.0	0.0	0.0	0.0	0.0	0.0	0.0	0.0
-27.697	0.0	0.0	0.0	0.0	0.0	0.0	0.0	0.0	0.0
-27.663	0.0	0.0	0.0	0.0	0.0	0.0	0.0	0.0	0.0
-27.630	0.0	0.0	0.0	0.0	0.0	0.0	0.0	0.0	0.0
-27.596	0.0	0.0	0.0	0.0	0.0	0.0	0.0	0.0	0.0
-27.562	0.0	0.0	0.0	0.0	0.0	0.0	0.0	0.0	0.0
-27.529	2.6691241025999995e-15	7.867138005999999e-17	6.9885333616e-17	9.016568152899999e-17	0.0	0.0	0.0	0.0	0.0
-27.495	1.4949817575000003e-13	4.4060392249999995e-15	3.9135370220000005e-15	5.0492510695e-15	0.0	0.0	0.0	0.0	0.0
-27.462	5.675695681e-12	1.6726741204999996e-13	1.48578454258e-13	1.91695711209e-13	0.0	0.0	0.0	0.0	0.0
-27.428	1.7449130277e-10	5.141711282e-12	4.566695647300001e-12	5.8928995404000005e-12	0.0	0.0	0.0	0.0	0.0
-27.394	4.28952822e-09	1.2641330414e-10	1.1229331140199998e-10	1.4487658898300003e-10	0.0	0.0	0.0	0.0	0.0
-27.361	8.436390964e-08	2.4862591065e-09	2.2082499355699993e-09	2.8491220572e-09	0.0	0.0	0.0	0.0	0.0
-27.327	1.3275884861000002e-06	3.9114571640000005e-08	3.4757933165e-08	4.4839383872000006e-08	0.0	0.0	0.0	0.0	0.0
-27.294	1.6719491935000002e-05	4.927339968999999e-07	4.377259114100001e-07	5.646927828699999e-07	0.0	0.0	0.0	0.0	0.0
-27.260	0.00016854566923	4.9660784979999995e-06	4.4121595058e-06	5.6926323988e-06	0.0	0.0	0.0	0.0	0.0
-27.226	0.0013601081027	4.008711966e-05	3.5595278716e-05	4.5937045153999996e-05	0.0	0.0	0.0	0.0	0.0
-27.193	0.00878649722	0.00025894368784000005	0.00023000017591299997	0.00029677945691000007	0.0	0.0	0.0	0.0	0.0
-27.159	0.045461304999999994	0.0013396074349000002	0.0011897361652700002	0.0015351092238200003	0.0	0.0	0.0	0.0	0.0
-27.126	0.18831266174	0.005549714746	0.004929254707599999	0.0063602182355000005	0.0	0.0	0.0	0.0	0.0
-27.092	0.6247720647999999	0.018415313705	0.0163552812141	0.0211027101298	0.0	0.0	0.0	0.0	0.0
-27.058	1.6607365765	0.04894682875	0.043474409842	0.056086952192	0.0	0.0	0.0	0.0	0.0
-27.025	3.5351892920999997	0.10420485667999999	0.09256408954399999	0.11941905033200002	0.0	0.0	0.0	0.0	0.0
-26.991	6.031166585	0.17774876279000001	0.15789477804799998	0.203699355421	0.0	0.0	0.0	0.0	0.0
-26.957	8.243105346	0.24290160111999995	0.21576746608400002	0.27837189752	0.0	0.0	0.0	0.0	0.0
-26.924	9.025000903999999	0.26596484561	0.23623436547400004	0.30477257676	0.0	0.0	0.0	0.0	0.0
-26.890	7.917488545	0.23331614978	0.20724086034900002	0.26740316429999994	0.0	0.0	0.0	0.0	0.0
-26.857	5.5642865200000005	0.16397379334	0.14565374148299998	0.187923611461	0.0	0.0	0.0	0.0	0.0
-26.823	3.1327619915	0.09233387809	0.082018951547	0.105818928975	0.0	0.0	0.0	0.0	0.0
-26.789	1.4134343998999999	0.04165457475	0.036999878342	0.04774063349	0.0	0.0	0.0	0.0	0.0
-26.756	0.5112768697000001	0.015080278131000002	0.013390156006399999	0.017266692374699997	0.0	0.0	0.0	0.0	0.0
-26.722	0.15203704570000004	0.004544889955	0.004001790086099999	0.005109097032899999	0.0	0.0	0.0	0.0	0.0
-26.689	0.05810339650000001	0.0020769020231	0.0016476672904500002	0.00181332920396	0.0	0.0	0.0	0.0	0.0
-26.655	0.11479549575999999	0.005042313874199999	0.00358112280748	0.00319973656264	0.0	0.0	0.0	0.0	0.0
-26.621	0.39610099685000005	0.017720507229500002	0.012469353209600001	0.010910077776519998	0.0	0.0	0.0	0.0	0.0
-26.588	1.1536575278	0.051657353784800006	0.0363319621116	0.03175434414293999	0.0	0.0	0.0	0.0	0.0
-26.554	2.6975805386000005	0.12077760216870001	0.08495559904200001	0.074250870071	0.0	0.0	0.0	0.0	0.0
-26.521	5.052560174000002	0.22626364416249997	0.15914612214200002	0.1390909785244	0.0	0.0	0.0	0.0	0.0
-26.487	7.584506261	0.3396260937485999	0.23884886849599996	0.2087591766907	0.0	0.0	0.0	0.0	0.0
-26.453	9.119345507999997	0.4083660710817	0.287218193783	0.25097975547160006	0.0	0.0	0.0	0.0	0.0
-26.420	8.785978743	0.3933506359472	0.276668066543	0.2418017265684	0.0	0.0	0.0	0.0	0.0
-26.386	6.782155131999999	0.30364317547950004	0.21358694311400003	0.1866807966489	0.0	0.0	0.0	0.0	0.0
-26.353	4.194084376000001	0.1877868741389	0.132088414997	0.11544588337329999	0.0	0.0	0.0	0.0	0.0
-26.319	2.0784860482	0.09303331648810001	0.06543365547000002	0.057201302492390006	0.0	0.0	0.0	0.0	0.0
-26.285	0.8246722756	0.03692355532875	0.0259775712633	0.0227009971197	0.0	0.0	0.0	0.0	0.0
-26.252	0.26225316505999996	0.011739868294309999	0.0082570916824	0.007216875733499998	0.0	0.0	0.0	0.0	0.0
-26.218	0.06676902853000001	0.002989820413618	0.0021026654455700003	0.0018380470625470001	0.0	0.0	0.0	0.0	0.0
-26.185	0.013616578848	0.0006097520176230001	0.00042880449057600004	0.0003748060280899	0.0	0.0	0.0	0.0	0.0
-26.151	0.0022232884490000003	9.956687813579998e-05	7.002954735499999e-05	6.120817859516999e-05	0.0	0.0	0.0	0.0	0.0
-26.117	0.00029070534359999995	1.301705934211e-05	9.156981507300001e-06	8.00358289503e-06	0.0	0.0	0.0	0.0	0.0
-26.084	3.0429332258000003e-05	1.362702087491e-06	9.5835894146e-07	8.37652590947e-07	0.0	0.0	0.0	0.0	0.0
-26.050	2.5496463161e-06	1.141575341798e-07	8.0289127909e-08	7.017648110410002e-08	0.0	0.0	0.0	0.0	0.0
-26.017	1.7094525871000002e-07	7.65406617729e-09	5.38334234089e-09	4.704935472678e-09	0.0	0.0	0.0	0.0	0.0
-25.983	9.171326590999998e-09	4.106212379355e-10	2.88811788011e-10	2.524611791636e-10	0.0	0.0	0.0	0.0	0.0
-25.949	3.9370702496000004e-10	1.7626747544e-11	1.23987496983e-11	1.083676413081e-11	0.0	0.0	0.0	0.0	0.0
-25.916	1.3512032068000002e-11	6.050100839952001e-13	4.254861918989999e-13	3.7190004759569993e-13	0.0	0.0	0.0	0.0	0.0
-25.882	3.7105519759999997e-13	1.6614100083329998e-14	1.1685356153300003e-14	1.021373260001e-14	0.0	0.0	0.0	0.0	0.0
-25.849	1.0913463662000001e-14	4.886118532039001e-16	3.436746101e-16	3.0036059550270004e-16	0.0	0.0	0.0	0.0	0.0
-25.815	0.0	0.0	0.0	0.0	0.0	0.0	0.0	0.0	0.0
-25.781	0.0	0.0	0.0	0.0	0.0	0.0	0.0	0.0	0.0
-25.748	0.0	0.0	0.0	0.0	0.0	0.0	0.0	0.0	0.0
-25.714	0.0	0.0	0.0	0.0	0.0	0.0	0.0	0.0	0.0
-25.680	0.0	0.0	0.0	0.0	0.0	0.0	0.0	0.0	0.0
-25.647	0.0	0.0	0.0	0.0	0.0	0.0	0.0	0.0	0.0
-25.613	0.0	0.0	0.0	0.0	0.0	0.0	0.0	0.0	0.0
-25.580	0.0	0.0	0.0	0.0	0.0	0.0	0.0	0.0	0.0
-25.546	0.0	0.0	0.0	0.0	0.0	0.0	0.0	0.0	0.0
-25.512	0.0	0.0	0.0	0.0	0.0	0.0	0.0	0.0	0.0
-25.479	0.0	0.0	0.0	0.0	0.0	0.0	0.0	0.0	0.0
-25.445	0.0	0.0	0.0	0.0	0.0	0.0	0.0	0.0	0.0
-25.412	0.0	0.0	0.0	0.0	0.0	0.0	0.0	0.0	0.0
-25.378	0.0	0.0	0.0	0.0	0.0	0.0	0.0	0.0	0.0
-25.344	0.0	0.0	0.0	0.0	0.0	0.0	0.0	0.0	0.0
-25.311	0.0	0.0	0.0	0.0	0.0	0.0	0.0	0.0	0.0
-25.277	0.0	0.0	0.0	0.0	0.0	0.0	0.0	0.0	0.0
-25.244	0.0	0.0	0.0	0.0	0.0	0.0	0.0	0.0	0.0
-25.210	0.0	0.0	0.0	0.0	0.0	0.0	0.0	0.0	0.0
-25.176	0.0	0.0	0.0	0.0	0.0	0.0	0.0	0.0	0.0
-25.143	0.0	0.0	0.0	0.0	0.0	0.0	0.0	0.0	0.0
-25.109	0.0	0.0	0.0	0.0	0.0	0.0	0.0	0.0	0.0
-25.076	0.0	0.0	0.0	0.0	0.0	0.0	0.0	0.0	0.0
-25.042	0.0	0.0	0.0	0.0	0.0	0.0	0.0	0.0	0.0
-25.008	0.0	0.0	0.0	0.0	0.0	0.0	0.0	0.0	0.0
-24.975	0.0	0.0	0.0	0.0	0.0	0.0	0.0	0.0	0.0
-24.941	0.0	0.0	0.0	0.0	0.0	0.0	0.0	0.0	0.0
-24.908	0.0	0.0	0.0	0.0	0.0	0.0	0.0	0.0	0.0
-24.874	0.0	0.0	0.0	0.0	0.0	0.0	0.0	0.0	0.0
-24.840	0.0	0.0	0.0	0.0	0.0	0.0	0.0	0.0	0.0
-24.807	0.0	0.0	0.0	0.0	0.0	0.0	0.0	0.0	0.0
-24.773	0.0	0.0	0.0	0.0	0.0	0.0	0.0	0.0	0.0
-24.740	0.0	0.0	0.0	0.0	0.0	0.0	0.0	0.0	0.0
-24.706	0.0	0.0	0.0	0.0	0.0	0.0	0.0	0.0	0.0
-24.672	0.0	0.0	0.0	0.0	0.0	0.0	0.0	0.0	0.0
-24.639	0.0	0.0	0.0	0.0	0.0	0.0	0.0	0.0	0.0
-24.605	0.0	0.0	0.0	0.0	0.0	0.0	0.0	0.0	0.0
-24.572	0.0	0.0	0.0	0.0	0.0	0.0	0.0	0.0	0.0
-24.538	0.0	0.0	0.0	0.0	0.0	0.0	0.0	0.0	0.0
-24.504	0.0	0.0	0.0	0.0	0.0	0.0	0.0	0.0	0.0
-24.471	0.0	0.0	0.0	0.0	0.0	0.0	0.0	0.0	0.0
-24.437	0.0	0.0	0.0	0.0	0.0	0.0	0.0	0.0	0.0
-24.404	0.0	0.0	0.0	0.0	0.0	0.0	0.0	0.0	0.0
-24.370	0.0	0.0	0.0	0.0	0.0	0.0	0.0	0.0	0.0
-24.336	0.0	0.0	0.0	0.0	0.0	0.0	0.0	0.0	0.0
-24.303	0.0	0.0	0.0	0.0	0.0	0.0	0.0	0.0	0.0
-24.269	0.0	0.0	0.0	0.0	0.0	0.0	0.0	0.0	0.0
-24.235	0.0	0.0	0.0	0.0	0.0	0.0	0.0	0.0	0.0
-24.202	0.0	0.0	0.0	0.0	0.0	0.0	0.0	0.0	0.0
-24.168	0.0	0.0	0.0	0.0	0.0	0.0	0.0	0.0	0.0
-24.135	0.0	0.0	0.0	0.0	0.0	0.0	0.0	0.0	0.0
-24.101	0.0	0.0	0.0	0.0	0.0	0.0	0.0	0.0	0.0
-24.067	0.0	0.0	0.0	0.0	0.0	0.0	0.0	0.0	0.0
-24.034	0.0	0.0	0.0	0.0	0.0	0.0	0.0	0.0	0.0
-24.000	0.0	0.0	0.0	0.0	0.0	0.0	0.0	0.0	0.0
-23.967	0.0	0.0	0.0	0.0	0.0	0.0	0.0	0.0	0.0
-23.933	0.0	0.0	0.0	0.0	0.0	0.0	0.0	0.0	0.0
-23.899	0.0	0.0	0.0	0.0	0.0	0.0	0.0	0.0	0.0
-23.866	0.0	0.0	0.0	0.0	0.0	0.0	0.0	0.0	0.0
-23.832	0.0	0.0	0.0	0.0	0.0	0.0	0.0	0.0	0.0
-23.799	0.0	0.0	0.0	0.0	0.0	0.0	0.0	0.0	0.0
-23.765	0.0	0.0	0.0	0.0	0.0	0.0	0.0	0.0	0.0
-23.731	0.0	0.0	0.0	0.0	0.0	0.0	0.0	0.0	0.0
-23.698	0.0	0.0	0.0	0.0	0.0	0.0	0.0	0.0	0.0
-23.664	0.0	0.0	0.0	0.0	0.0	0.0	0.0	0.0	0.0
-23.631	0.0	0.0	0.0	0.0	0.0	0.0	0.0	0.0	0.0
-23.597	0.0	0.0	0.0	0.0	0.0	0.0	0.0	0.0	0.0
-23.563	0.0	0.0	0.0	0.0	0.0	0.0	0.0	0.0	0.0
-23.530	0.0	0.0	0.0	0.0	0.0	0.0	0.0	0.0	0.0
-23.496	0.0	0.0	0.0	0.0	0.0	0.0	0.0	0.0	0.0
-23.463	0.0	0.0	0.0	0.0	0.0	0.0	0.0	0.0	0.0
-23.429	0.0	0.0	0.0	0.0	0.0	0.0	0.0	0.0	0.0
-23.395	0.0	0.0	0.0	0.0	0.0	0.0	0.0	0.0	0.0
-23.362	0.0	0.0	0.0	0.0	0.0	0.0	0.0	0.0	0.0
-23.328	0.0	0.0	0.0	0.0	0.0	0.0	0.0	0.0	0.0
-23.295	0.0	0.0	0.0	0.0	0.0	0.0	0.0	0.0	0.0
-23.261	0.0	0.0	0.0	0.0	0.0	0.0	0.0	0.0	0.0
-23.227	0.0	0.0	0.0	0.0	0.0	0.0	0.0	0.0	0.0
-23.194	0.0	0.0	0.0	0.0	0.0	0.0	0.0	0.0	0.0
-23.160	0.0	0.0	0.0	0.0	0.0	0.0	0.0	0.0	0.0
-23.127	0.0	0.0	0.0	0.0	0.0	0.0	0.0	0.0	0.0
-23.093	0.0	0.0	0.0	0.0	0.0	0.0	0.0	0.0	0.0
-23.059	0.0	0.0	0.0	0.0	0.0	0.0	0.0	0.0	0.0
-23.026	0.0	0.0	0.0	0.0	0.0	0.0	0.0	0.0	0.0
-22.992	0.0	0.0	0.0	0.0	0.0	0.0	0.0	0.0	0.0
-22.959	0.0	0.0	0.0	0.0	0.0	0.0	0.0	0.0	0.0
-22.925	0.0	0.0	0.0	0.0	0.0	0.0	0.0	0.0	0.0
-22.891	0.0	0.0	0.0	0.0	0.0	0.0	0.0	0.0	0.0
-22.858	0.0	0.0	0.0	0.0	0.0	0.0	0.0	0.0	0.0
-22.824	0.0	0.0	0.0	0.0	0.0	0.0	0.0	0.0	0.0
-22.790	0.0	0.0	0.0	0.0	0.0	0.0	0.0	0.0	0.0
-22.757	0.0	0.0	0.0	0.0	0.0	0.0	0.0	0.0	0.0
-22.723	0.0	0.0	0.0	0.0	0.0	0.0	0.0	0.0	0.0
-22.690	0.0	0.0	0.0	0.0	0.0	0.0	0.0	0.0	0.0
-22.656	0.0	0.0	0.0	0.0	0.0	0.0	0.0	0.0	0.0
-22.622	0.0	0.0	0.0	0.0	0.0	0.0	0.0	0.0	0.0
-22.589	0.0	0.0	0.0	0.0	0.0	0.0	0.0	0.0	0.0
-22.555	0.0	0.0	0.0	0.0	0.0	0.0	0.0	0.0	0.0
-22.522	0.0	0.0	0.0	0.0	0.0	0.0	0.0	0.0	0.0
-22.488	0.0	0.0	0.0	0.0	0.0	0.0	0.0	0.0	0.0
-22.454	0.0	0.0	0.0	0.0	0.0	0.0	0.0	0.0	0.0
-22.421	0.0	0.0	0.0	0.0	0.0	0.0	0.0	0.0	0.0
-22.387	0.0	0.0	0.0	0.0	0.0	0.0	0.0	0.0	0.0
-22.354	0.0	0.0	0.0	0.0	0.0	0.0	0.0	0.0	0.0
-22.320	0.0	0.0	0.0	0.0	0.0	0.0	0.0	0.0	0.0
-22.286	0.0	0.0	0.0	0.0	0.0	0.0	0.0	0.0	0.0
-22.253	0.0	0.0	0.0	0.0	0.0	0.0	0.0	0.0	0.0
-22.219	0.0	0.0	0.0	0.0	0.0	0.0	0.0	0.0	0.0
-22.186	0.0	0.0	0.0	0.0	0.0	0.0	0.0	0.0	0.0
-22.152	0.0	0.0	0.0	0.0	0.0	0.0	0.0	0.0	0.0
-22.118	0.0	0.0	0.0	0.0	0.0	0.0	0.0	0.0	0.0
-22.085	0.0	0.0	0.0	0.0	0.0	0.0	0.0	0.0	0.0
-22.051	0.0	0.0	0.0	0.0	0.0	0.0	0.0	0.0	0.0
-22.018	0.0	0.0	0.0	0.0	0.0	0.0	0.0	0.0	0.0
-21.984	0.0	0.0	0.0	0.0	0.0	0.0	0.0	0.0	0.0
-21.950	0.0	0.0	0.0	0.0	0.0	0.0	0.0	0.0	0.0
-21.917	0.0	0.0	0.0	0.0	0.0	0.0	0.0	0.0	0.0
-21.883	0.0	0.0	0.0	0.0	0.0	0.0	0.0	0.0	0.0
-21.850	0.0	0.0	0.0	0.0	0.0	0.0	0.0	0.0	0.0
-21.816	0.0	0.0	0.0	0.0	0.0	0.0	0.0	0.0	0.0
-21.782	0.0	0.0	0.0	0.0	0.0	0.0	0.0	0.0	0.0
-21.749	0.0	0.0	0.0	0.0	0.0	0.0	0.0	0.0	0.0
-21.715	0.0	0.0	0.0	0.0	0.0	0.0	0.0	0.0	0.0
-21.682	0.0	0.0	0.0	0.0	0.0	0.0	0.0	0.0	0.0
-21.648	0.0	0.0	0.0	0.0	0.0	0.0	0.0	0.0	0.0
-21.614	0.0	0.0	0.0	0.0	0.0	0.0	0.0	0.0	0.0
-21.581	0.0	0.0	0.0	0.0	0.0	0.0	0.0	0.0	0.0
-21.547	0.0	0.0	0.0	0.0	0.0	0.0	0.0	0.0	0.0
-21.514	8.44113e-15	1.9573354600000002e-16	1.3922193435000003e-16	2.732909321e-16	0.0	0.0	0.0	0.0	0.0
-21.480	3.292254e-13	7.6327375e-15	5.42859134e-15	1.065952858e-14	0.0	0.0	0.0	0.0	0.0
-21.446	1.1944380000000001e-11	2.7694458e-13	1.969972486e-13	3.86825573e-13	0.0	0.0	0.0	0.0	0.0
-21.413	3.449189e-10	7.9965948e-12	5.688231403e-12	1.116855752e-11	0.0	0.0	0.0	0.0	0.0
-21.379	7.96747e-09	1.84708075e-10	1.3138733242e-10	2.579494632e-10	0.0	0.0	0.0	0.0	0.0
-21.345	1.4724039999999998e-07	3.4136597500000003e-09	2.4281315991e-09	4.767030929999999e-09	0.0	0.0	0.0	0.0	0.0
-21.312	2.177192e-06	5.0472165000000007e-08	3.5905388859e-08	7.0496201e-08	0.0	0.0	0.0	0.0	0.0
-21.278	2.576895e-05	5.9747001e-07	4.249491048e-07	8.34386267e-07	0.0	0.0	0.0	0.0	0.0
-21.245	0.0002440946	5.659449800000001e-06	4.025720993199999e-06	7.90328539e-06	0.0	0.0	0.0	0.0	0.0
-21.211	0.001851135	4.29175031e-05	3.0528027532e-05	5.994530040000001e-05	0.0	0.0	0.0	0.0	0.0
-21.177	0.011238960000000001	0.000260574261	0.00018536094573	0.00036394898799999996	0.0	0.0	0.0	0.0	0.0
-21.144	0.054643399999999995	0.00126691908	0.0009011352223	0.0017694065269999997	0.0	0.0	0.0	0.0	0.0
-21.110	0.2127797	0.0049329892100000005	0.0035092398658	0.00688962982	0.0	0.0	0.0	0.0	0.0
-21.077	0.663608	0.0153852344	0.010944602700000002	0.021487360889999998	0.0	0.0	0.0	0.0	0.0
-21.043	1.6578569999999997	0.038442488999999996	0.027340526746000002	0.053682264	0.0	0.0	0.0	0.0	0.0
-21.009	3.31772	0.076926577	0.054716513499999994	0.10743741440000001	0.0	0.0	0.0	0.0	0.0
-20.976	5.319341999999999	0.1233374	0.08773852165000001	0.17223859600000002	0.0	0.0	0.0	0.0	0.0
-20.942	6.833489999999999	0.158431876	0.1127042278	0.22125963619999994	0.0	0.0	0.0	0.0	0.0
-20.909	7.03355	0.163058329	0.11598512862	0.2277321691	0.0	0.0	0.0	0.0	0.0
-20.875	5.7993749999999995	0.134459304	0.09565162360000001	0.1877862072	0.0	0.0	0.0	0.0	0.0
-20.841	3.8305219999999998	0.088836267	0.06319221559000002	0.1240684951	0.0	0.0	0.0	0.0	0.0
-20.808	2.027971	0.04701372559999999	0.033445888252000004	0.0656715822	0.0	0.0	0.0	0.0	0.0
-20.774	0.8600019999999999	0.019938863	0.014181393499	0.02784415507	0.0	0.0	0.0	0.0	0.0
-20.741	0.2920723	0.0067719502	0.004816951188	0.009457817419999999	0.0	0.0	0.0	0.0	0.0
-20.707	0.07946160000000001	0.0018424314499999998	0.0013105943233	0.0025725270559999996	0.0	0.0	0.0	0.0	0.0
-20.673	0.01731415	0.00040144267300000003	0.00028554567044999994	0.000560678401	0.0	0.0	0.0	0.0	0.0
-20.640	0.003020981	7.003987900000001e-05	4.982401229000001e-05	9.78278623e-05	0.0	0.0	0.0	0.0	0.0
-20.606	0.00042214100000000006	9.785225799999999e-06	6.960551717000001e-06	1.366686336e-05	0.0	0.0	0.0	0.0	0.0
-20.573	4.720381e-05	1.09446591e-06	7.785361920999999e-07	1.5286490739999998e-06	0.0	0.0	0.0	0.0	0.0
-20.539	4.225981e-06	9.7986811e-08	6.969781720000001e-08	1.3684863790000003e-07	0.0	0.0	0.0	0.0	0.0
-20.505	3.02816e-07	7.0214802e-09	4.9940412320000005e-09	9.80517009e-09	0.0	0.0	0.0	0.0	0.0
-20.472	1.736207e-08	4.0254979600000003e-10	2.8634037065000003e-10	5.622101420000001e-10	0.0	0.0	0.0	0.0	0.0
-20.438	7.96475e-10	1.8469126399999995e-11	1.3136673241e-11	2.5792706079999998e-11	0.0	0.0	0.0	0.0	0.0
-20.405	2.92326e-11	6.7780153e-13	4.821291189e-13	9.46627518e-13	0.0	0.0	0.0	0.0	0.0
-20.371	8.56809e-13	1.9865204499999997e-14	1.4130903485999999e-14	2.774319696e-14	0.0	0.0	0.0	0.0	0.0
-20.337	2.1104199999999998e-14	4.8927974e-16	3.4803668586999997e-16	6.83329224e-16	0.0	0.0	0.0	0.0	0.0
-20.304	0.0	0.0	0.0	0.0	0.0	0.0	0.0	0.0	0.0
-20.270	0.0	0.0	0.0	0.0	0.0	0.0	0.0	0.0	0.0
-20.237	0.0	0.0	0.0	0.0	0.0	0.0	0.0	0.0	0.0
-20.203	0.0	0.0	0.0	0.0	0.0	0.0	0.0	0.0	0.0
-20.169	0.0	0.0	0.0	0.0	0.0	0.0	0.0	0.0	0.0
-20.136	0.0	0.0	0.0	0.0	0.0	0.0	0.0	0.0	0.0
-20.102	0.0	0.0	0.0	0.0	0.0	0.0	0.0	0.0	0.0
-20.069	0.0	0.0	0.0	0.0	0.0	0.0	0.0	0.0	0.0
-20.035	0.0	0.0	0.0	0.0	0.0	0.0	0.0	0.0	0.0
-20.001	6.06721e-15	6.00268351e-16	1.7950118000000002e-16	3.1943077721000004e-16	0.0	0.0	0.0	0.0	0.0
-19.968	2.669827e-13	2.6411866800000003e-14	7.898545e-15	1.40530674286e-14	0.0	0.0	0.0	0.0	0.0
-19.934	9.75674e-12	9.65228734e-13	2.8862432e-13	5.135892509200001e-13	0.0	0.0	0.0	0.0	0.0
-19.900	2.8459000000000005e-10	2.81562751e-11	8.419932e-12	1.49818369927e-11	0.0	0.0	0.0	0.0	0.0
-19.867	6.642270000000001e-09	6.570809359999999e-10	1.9646839e-10	3.4968056227e-10	0.0	0.0	0.0	0.0	0.0
-19.833	1.240074e-07	1.226810846e-08	3.6681492999999998e-09	6.5273144902e-09	0.0	0.0	0.0	0.0	0.0
-19.800	1.8526469999999999e-06	1.83287155e-07	5.481232000000001e-08	9.7530302381e-08	0.0	0.0	0.0	0.0	0.0
-19.766	2.215141e-05	2.19141233e-06	6.553343999999998e-07	1.16606472892e-06	0.0	0.0	0.0	0.0	0.0
-19.732	0.0002119909	2.0972566699999998e-05	6.271492e-06	1.115955037e-05	0.0	0.0	0.0	0.0	0.0
-19.699	0.0016241069999999999	0.00016067811080000002	4.8046566e-05	8.549662548000001e-05	0.0	0.0	0.0	0.0	0.0
-19.665	0.00996212	0.000985707564	0.00029476717999999996	0.00052445993955	0.0	0.0	0.0	0.0	0.0
-19.632	0.04893660000000001	0.004840924559999999	0.0014478661	0.0025762992950999998	0.0	0.0	0.0	0.0	0.0
-19.598	0.1925071	0.0190442433	0.005695004	0.010134214050300001	0.0	0.0	0.0	0.0	0.0
-19.564	0.606513	0.060004662900000005	0.017942685	0.03192772639	0.0	0.0	0.0	0.0	0.0
-19.531	1.530762	0.15144550830000003	0.04528915	0.080585782494	0.0	0.0	0.0	0.0	0.0
-19.497	3.09493	0.30619361599999995	0.09155316000000001	0.16291725259	0.0	0.0	0.0	0.0	0.0
-19.464	5.01298	0.4960321350000001	0.14830221999999998	0.2638473431700001	0.0	0.0	0.0	0.0	0.0
-19.430	6.504740000000001	0.643636826	0.19246047000000002	0.34240274425000006	0.0	0.0	0.0	0.0	0.0
-19.396	6.763200000000001	0.669172187	0.20010784	0.35601629034000004	0.0	0.0	0.0	0.0	0.0
-19.363	5.63405	0.5574368479999999	0.16669877	0.29657214787999997	0.0	0.0	0.0	0.0	0.0
-19.329	3.7607600000000003	0.372096585	0.11126321000000002	0.19796306153000004	0.0	0.0	0.0	0.0	0.0
-19.296	2.0109969999999997	0.19895921400000002	0.05948845999999999	0.105868965466	0.0	0.0	0.0	0.0	0.0
-19.262	0.861569	0.0852307837	0.025485408	0.04534659214100001	0.0	0.0	0.0	0.0	0.0
-19.228	0.295601	0.0292453255	0.008744999000000002	0.0155606210264	0.0	0.0	0.0	0.0	0.0
-19.195	0.0812477	0.008038451509999997	0.0024035620000000006	0.0042773100291	0.0	0.0	0.0	0.0	0.0
-19.161	0.01788443	0.0017694363299999999	0.0005290877	0.0009414335738399999	0.0	0.0	0.0	0.0	0.0
-19.128	0.00315248	0.00031188103999999997	9.326342999999997e-05	0.00016594854666700002	0.0	0.0	0.0	0.0	0.0
-19.094	0.0004449479999999999	4.4025074699999996e-05	1.3162715000000001e-05	2.3418172354e-05	0.0	0.0	0.0	0.0	0.0
-19.060	5.02778e-05	4.9744208399999995e-06	1.4874691e-06	2.6462683421999994e-06	0.0	0.0	0.0	0.0	0.0
-19.027	4.54751e-06	4.49943484e-07	1.3453847000000002e-07	2.3936858623999997e-07	0.0	0.0	0.0	0.0	0.0
-18.993	3.29207e-07	3.25683931e-08	9.739181000000002e-09	1.7329408909000002e-08	0.0	0.0	0.0	0.0	0.0
-18.960	1.906935e-08	1.88674189e-09	5.641208999999999e-10	1.00380013947e-09	0.0	0.0	0.0	0.0	0.0
-18.926	8.838529999999999e-10	8.74476588e-11	2.615231e-11	4.652304431e-11	0.0	0.0	0.0	0.0	0.0
-18.892	3.27727e-11	3.24233382e-12	9.695660999999998e-13	1.7251728805000003e-12	0.0	0.0	0.0	0.0	0.0
-18.859	9.70843e-13	9.603247450000001e-14	2.8718257e-14	5.1108962377e-14	0.0	0.0	0.0	0.0	0.0
-18.825	2.427094e-14	2.4011147599999996e-15	7.179801000000001e-16	1.27763130442e-15	0.0	0.0	0.0	0.0	0.0
-18.792	0.0	0.0	0.0	0.0	0.0	0.0	0.0	0.0	0.0
-18.758	0.0	0.0	0.0	0.0	0.0	0.0	0.0	0.0	0.0
-18.724	0.0	0.0	0.0	0.0	0.0	0.0	0.0	0.0	0.0
-18.691	0.0	0.0	0.0	0.0	0.0	0.0	0.0	0.0	0.0
-18.657	0.0	0.0	0.0	0.0	0.0	0.0	0.0	0.0	0.0
-18.624	0.0	0.0	0.0	0.0	0.0	0.0	0.0	0.0	0.0
-18.590	0.0	0.0	0.0	0.0	0.0	0.0	0.0	0.0	0.0
-18.556	0.0	0.0	0.0	0.0	0.0	0.0	0.0	0.0	0.0
-18.523	0.0	0.0	0.0	0.0	0.0	0.0	0.0	0.0	0.0
-18.489	0.0	0.0	0.0	0.0	0.0	0.0	0.0	0.0	0.0
-18.455	0.0	0.0	0.0	0.0	0.0	0.0	0.0	0.0	0.0
-18.422	0.0	0.0	0.0	0.0	0.0	0.0	0.0	0.0	0.0
-18.388	0.0	0.0	0.0	0.0	0.0	0.0	0.0	0.0	0.0
-18.355	0.0	0.0	0.0	0.0	0.0	0.0	0.0	0.0	0.0
-18.321	0.0	0.0	0.0	0.0	0.0	0.0	0.0	0.0	0.0
-18.287	0.0	0.0	0.0	0.0	0.0	0.0	0.0	0.0	0.0
-18.254	0.0	0.0	0.0	0.0	0.0	0.0	0.0	0.0	0.0
-18.220	0.0	0.0	0.0	0.0	0.0	0.0	0.0	0.0	0.0
-18.187	0.0	0.0	0.0	0.0	0.0	0.0	0.0	0.0	0.0
-18.153	1.9938080000000003e-15	2.9762603928e-16	1.238846634e-16	3.477562600000001e-17	0.0	0.0	0.0	0.0	0.0
-18.119	1.3557234e-13	2.0240390199e-14	8.42387571e-15	2.3648647000000003e-15	0.0	0.0	0.0	0.0	0.0
-18.086	5.1067983e-12	7.625947403900001e-13	3.1739855199999995e-13	8.910660999999998e-14	0.0	0.0	0.0	0.0	0.0
-18.052	1.5515109e-10	2.3162744445e-11	9.63994573e-12	2.7062541e-12	0.0	0.0	0.0	0.0	0.0
-18.019	3.769317699999999e-09	5.628154767000001e-10	2.341872e-10	6.575370999999999e-11	0.0	0.0	0.0	0.0	0.0
-17.985	7.3269862e-08	1.0939070397e-08	4.551837540000001e-09	1.2779974999999998e-09	0.0	0.0	0.0	0.0	0.0
-17.951	1.1396214e-06	1.7013475117e-07	7.08068806e-08	1.9876447999999996e-08	0.0	0.0	0.0	0.0	0.0
-17.918	1.4184571e-05	2.117627011e-06	8.812820640000001e-07	2.4740957000000004e-07	0.0	0.0	0.0	0.0	0.0
-17.884	0.00014130849	2.1098041300999998e-05	8.78003348e-06	2.464800300000001e-06	0.0	0.0	0.0	0.0	0.0
-17.851	0.0011270488	0.00016825908894	7.00251767e-05	1.9657451999999998e-05	0.0	0.0	0.0	0.0	0.0
-17.817	0.0071951867999999995	0.0010743391973000002	0.000447151114	0.00012552586	0.0	0.0	0.0	0.0	0.0
-17.783	0.03679138	0.0054938227511	0.0022862573200000003	0.0006418175	0.0	0.0	0.0	0.0	0.0
-17.750	0.15064792	0.022491606466000003	0.009360806349999999	0.0026278461999999997	0.0	0.0	0.0	0.0	0.0
-17.716	0.49412180000000006	0.07375833774300002	0.030698196	0.008617756	0.0	0.0	0.0	0.0	0.0
-17.683	1.2977839000000002	0.19378272897	0.0806353293	0.022639427	0.0	0.0	0.0	0.0	0.0
-17.649	2.7311412	0.40773430933000004	0.16970950029999998	0.04764003299999999	0.0	0.0	0.0	0.0	0.0
-17.615	4.604864	0.68744406148	0.286084347	0.08030193000000001	0.0	0.0	0.0	0.0	0.0
-17.582	6.2186666	0.9284458401	0.386436214	0.10848252	0.0	0.0	0.0	0.0	0.0
-17.548	6.7303166999999995	1.0048541490999998	0.418128171	0.11740095	0.0	0.0	0.0	0.0	0.0
-17.515	5.8360774	0.8712192632999999	0.362609795	0.10179531000000001	0.0	0.0	0.0	0.0	0.0
-17.481	4.0532964	0.60531202174	0.251826267	0.07070878	0.0	0.0	0.0	0.0	0.0
-17.447	2.256179	0.33684869492	0.14018982419999998	0.039353967000000004	0.0	0.0	0.0	0.0	0.0
-17.414	1.0059475	0.1501833748	0.0625033495	0.017546376	0.0	0.0	0.0	0.0	0.0
-17.380	0.35929073	0.053646828358	0.022324473499999997	0.006266307	0.0	0.0	0.0	0.0	0.0
-17.347	0.10278762	0.015346455819	0.00638620263	0.0017929487000000004	0.0	0.0	0.0	0.0	0.0
-17.313	0.023551835	0.0035161131568000005	0.0014634065459999995	0.00041080881999999995	0.0	0.0	0.0	0.0	0.0
-17.279	0.0043219095	0.0006451621164699999	0.00026848320999999994	7.538738999999999e-05	0.0	0.0	0.0	0.0	0.0
-17.246	0.00063497639	9.478926723999999e-05	3.94464754e-05	1.1075310000000001e-05	0.0	0.0	0.0	0.0	0.0
-17.212	7.4691589e-05	1.1150920122e-05	4.63981098e-06	1.3026547000000002e-06	0.0	0.0	0.0	0.0	0.0
-17.178	7.032264099999999e-06	1.0497934544e-06	4.3689306399999993e-07	1.2266017000000002e-07	0.0	0.0	0.0	0.0	0.0
-17.145	5.2996418e-07	7.9119287377e-08	3.2930409e-08	9.243454999999998e-09	0.0	0.0	0.0	0.0	0.0
-17.111	3.1956491e-08	4.7713725655000005e-09	1.985888933e-09	5.5740888e-10	0.0	0.0	0.0	0.0	0.0
-17.078	1.5420469000000001e-09	2.3022377329e-10	9.58114745e-11	2.6897812e-11	0.0	0.0	0.0	0.0	0.0
-17.044	5.9539779e-11	8.888265553000001e-12	3.699385320000001e-12	1.0383223e-12	0.0	0.0	0.0	0.0	0.0
-17.010	1.8341864e-12	2.7385584746000004e-13	1.139624943e-13	3.1994514e-14	0.0	0.0	0.0	0.0	0.0
-16.977	4.7844332000000004e-14	7.1431715467e-15	2.9732558200000005e-15	8.347054999999999e-16	0.0	0.0	0.0	0.0	0.0
-16.943	0.0	0.0	0.0	0.0	0.0	0.0	0.0	0.0	0.0
-16.910	0.0	0.0	0.0	0.0	0.0	0.0	0.0	0.0	0.0
-16.876	0.0	0.0	0.0	0.0	0.0	0.0	0.0	0.0	0.0
-16.842	0.0	0.0	0.0	0.0	0.0	0.0	0.0	0.0	0.0
-16.809	0.0	0.0	0.0	0.0	0.0	0.0	0.0	0.0	0.0
-16.775	0.0	0.0	0.0	0.0	0.0	0.0	0.0	0.0	0.0
-16.742	0.0	0.0	0.0	0.0	0.0	0.0	0.0	0.0	0.0
-16.708	0.0	0.0	0.0	0.0	0.0	0.0	0.0	0.0	0.0
-16.674	0.0	0.0	0.0	0.0	0.0	0.0	0.0	0.0	0.0
-16.641	0.0	0.0	0.0	0.0	0.0	0.0	0.0	0.0	0.0
-16.607	0.0	0.0	0.0	0.0	0.0	0.0	0.0	0.0	0.0
-16.574	0.0	0.0	0.0	0.0	0.0	0.0	0.0	0.0	0.0
-16.540	0.0	0.0	0.0	0.0	0.0	0.0	0.0	0.0	0.0
-16.506	0.0	0.0	0.0	0.0	0.0	0.0	0.0	0.0	0.0
-16.473	0.0	0.0	0.0	0.0	0.0	0.0	0.0	0.0	0.0
-16.439	0.0	0.0	0.0	0.0	0.0	0.0	0.0	0.0	0.0
-16.406	0.0	0.0	0.0	0.0	0.0	0.0	0.0	0.0	0.0
-16.372	0.0	0.0	0.0	0.0	0.0	0.0	0.0	0.0	0.0
-16.338	0.0	0.0	0.0	0.0	0.0	0.0	0.0	0.0	0.0
-16.305	0.0	0.0	0.0	0.0	0.0	0.0	0.0	0.0	0.0
-16.271	0.0	0.0	0.0	0.0	0.0	0.0	0.0	0.0	0.0
-16.238	9.098075e-15	1.2703727099999997e-15	1.5057777999999998e-15	9.2428712e-16	0.0	0.0	0.0	0.0	0.0
-16.204	4.203224e-13	5.8688466e-14	6.9562601e-14	4.26999788e-14	0.0	0.0	0.0	0.0	0.0
-16.170	1.4790466e-11	2.0649705999999998e-12	2.4481406999999997e-12	1.5026691199999998e-12	0.0	0.0	0.0	0.0	0.0
-16.137	4.171938e-10	5.8252575e-11	6.904547499999999e-11	4.2382989e-11	0.0	0.0	0.0	0.0	0.0
-16.103	9.413223e-09	1.3144840899999998e-09	1.5582166000000002e-09	9.565161100000002e-10	0.0	0.0	0.0	0.0	0.0
-16.070	1.6998889000000003e-07	2.3732935999999998e-08	2.8136335e-08	1.72696484e-08	0.0	0.0	0.0	0.0	0.0
-16.036	2.455733e-06	3.4288802000000004e-07	4.0640465e-07	2.4954593099999996e-07	0.0	0.0	0.0	0.0	0.0
-16.002	2.8392589999999996e-05	3.9653032000000006e-06	4.6998367e-06	2.8850330700000002e-06	0.0	0.0	0.0	0.0	0.0
-15.969	0.0002627942	3.6695762e-05	4.3496588e-05	2.67013496e-05	0.0	0.0	0.0	0.0	0.0
-15.935	0.0019469297000000003	0.00027187967	0.00032231180000000004	0.00019786033299999998	0.0	0.0	0.0	0.0	0.0
-15.902	0.011551555000000002	0.0016129331499999998	0.0019121765	0.00117362547	0.0	0.0	0.0	0.0	0.0
-15.868	0.05487274999999999	0.0076613559	0.009081887000000002	0.0055754449000000005	0.0	0.0	0.0	0.0	0.0
-15.834	0.20876709	0.029150486000000003	0.034548134	0.021212589899999995	0.0	0.0	0.0	0.0	0.0
-15.801	0.6361581	0.08883791299999999	0.10529538000000001	0.064634273	0.0	0.0	0.0	0.0	0.0
-15.767	1.5528918999999999	0.21682808000000003	0.25702184	0.15776924300000003	0.0	0.0	0.0	0.0	0.0
-15.733	3.0365979999999997	0.42392349	0.5026202000000001	0.308498306	0.0	0.0	0.0	0.0	0.0
-15.700	4.757419	0.66427942	0.7873622600000001	0.4833597	0.0	0.0	0.0	0.0	0.0
-15.666	5.971214000000001	0.8339011600000001	0.9882411	0.6067057600000001	0.0	0.0	0.0	0.0	0.0
-15.633	6.004762	0.83844153	0.9939003999999999	0.61009382	0.0	0.0	0.0	0.0	0.0
-15.599	4.838259	0.6755355700000001	0.80076553	0.49157733	0.0	0.0	0.0	0.0	0.0
-15.565	3.1233229999999996	0.43607186	0.51686649	0.31736280499999997	0.0	0.0	0.0	0.0	0.0
-15.532	1.6152920000000002	0.22553014	0.26733625	0.16410254900000004	0.0	0.0	0.0	0.0	0.0
-15.498	0.6691504	0.093446412	0.11076299999999999	0.06799060800000001	0.0	0.0	0.0	0.0	0.0
-15.465	0.22210441	0.031011039000000004	0.03676159999999999	0.022560564900000003	0.0	0.0	0.0	0.0	0.0
-15.431	0.059038400000000005	0.0082432084	0.009771505	0.005998471799999999	0.0	0.0	0.0	0.0	0.0
-15.397	0.012570697	0.00175514186	0.0020801847000000004	0.00127749227	0.0	0.0	0.0	0.0	0.0
-15.364	0.002170951	0.00030132289999999995	0.00035921417	0.00022365184999999997	0.0	0.0	0.0	0.0	0.0
-15.330	0.000552531	6.03786e-05	9.0316e-05	8.452558e-05	0.0	0.0	0.0	0.0	0.0
-15.297	0.0019432968	0.00014811801	0.0003133336	0.0004061756	0.0	0.0	0.0	0.0	0.0
-15.263	0.01125121	0.00084587685	0.001813403	0.002371379	0.0	0.0	0.0	0.0	0.0
-15.229	0.053010872	0.003983913100000001	0.008543433999999999	0.011174676	0.0	0.0	0.0	0.0	0.0
-15.196	0.20007771000000002	0.015036955999999999	0.032245369999999995	0.04217758	0.0	0.0	0.0	0.0	0.0
-15.162	0.6048008	0.045453749	0.09747019000000001	0.1274996	0.0	0.0	0.0	0.0	0.0
-15.129	1.4645465000000002	0.11008062799999999	0.2360625	0.3087669	0.0	0.0	0.0	0.0	0.0
-15.095	2.8412018000000003	0.21352700000000002	0.4578588	0.5988908	0.0	0.0	0.0	0.0	0.0
-15.061	4.4156455999999995	0.33188510000000004	0.711734	0.930782	0.0	0.0	0.0	0.0	0.0
-15.028	5.4982064	0.41325709	0.8861829999999999	1.1589825999999999	0.0	0.0	0.0	0.0	0.0
-14.994	5.4852444	0.41229800999999994	0.8841549000000001	1.1562565	0.0	0.0	0.0	0.0	0.0
-14.961	4.384450999999999	0.32957571	0.7066399000000001	0.9243707000000001	0.0	0.0	0.0	0.0	0.0
-14.927	2.8077669000000003	0.21102117	0.4525285	0.5919146	0.0	0.0	0.0	0.0	0.0
-14.893	1.4404269	0.108281234	0.23217919999999997	0.30364539999999995	0.0	0.0	0.0	0.0	0.0
-14.860	0.59209891	0.044498323	0.09543779	0.12482297	0.0	0.0	0.0	0.0	0.0
-14.826	0.19493894000000003	0.014651383999999998	0.031418049999999996	0.0410914	0.0	0.0	0.0	0.0	0.0
-14.793	0.051406032000000004	0.0038635034	0.008284829	0.010836593	0.0	0.0	0.0	0.0	0.0
-14.759	0.010856031999999998	0.0008160172400000001	0.0017496719999999999	0.0022885500000000003	0.0	0.0	0.0	0.0	0.0
-14.725	0.0018361025999999998	0.00013798782	0.0002959105	0.0003870678	0.0	0.0	0.0	0.0	0.0
-14.692	0.00024862691	1.8685825999999998e-05	4.006928e-05	5.241214e-05	0.0	0.0	0.0	0.0	0.0
-14.658	2.6951902e-05	2.0259319e-06	4.343808000000001e-06	5.681405999999999e-06	0.0	0.0	0.0	0.0	0.0
-14.625	2.3385571999999997e-06	1.7576746000000002e-07	3.769146e-07	4.929617000000001e-07	0.0	0.0	0.0	0.0	0.0
-14.591	1.6239111e-07	1.2207019400000001e-08	2.617437e-08	3.4233200000000004e-08	0.0	0.0	0.0	0.0	0.0
-14.557	9.02402e-09	6.7830365e-10	1.45437e-09	1.9022741e-09	0.0	0.0	0.0	0.0	0.0
-14.524	4.0121456999999994e-10	3.0155187e-11	6.466223e-11	8.457965e-11	0.0	0.0	0.0	0.0	0.0
-14.490	1.4272159e-11	1.0726368299999998e-12	2.299905e-12	3.007862e-12	0.0	0.0	0.0	0.0	0.0
-14.457	4.0382696000000005e-13	3.0348432999999996e-14	6.508986e-14	8.512156e-14	0.0	0.0	0.0	0.0	0.0
-14.423	1.0010987e-14	7.526062800000001e-16	1.61363e-15	2.1105836000000006e-15	0.0	0.0	0.0	0.0	0.0
-14.389	0.0	0.0	0.0	0.0	0.0	0.0	0.0	0.0	0.0
-14.356	0.0	0.0	0.0	0.0	0.0	0.0	0.0	0.0	0.0
-14.322	0.0	0.0	0.0	0.0	0.0	0.0	0.0	0.0	0.0
-14.288	0.0	0.0	0.0	0.0	0.0	0.0	0.0	0.0	0.0
-14.255	0.0	0.0	0.0	0.0	0.0	0.0	0.0	0.0	0.0
-14.221	0.0	0.0	0.0	0.0	0.0	0.0	0.0	0.0	0.0
-14.188	0.0	0.0	0.0	0.0	0.0	0.0	0.0	0.0	0.0
-14.154	0.0	0.0	0.0	0.0	0.0	0.0	0.0	0.0	0.0
-14.120	0.0	0.0	0.0	0.0	0.0	0.0	0.0	0.0	0.0
-14.087	0.0	0.0	0.0	0.0	0.0	0.0	0.0	0.0	0.0
-14.053	0.0	0.0	0.0	0.0	0.0	0.0	0.0	0.0	0.0
-14.020	0.0	0.0	0.0	0.0	0.0	0.0	0.0	0.0	0.0
-13.986	0.0	0.0	0.0	0.0	0.0	0.0	0.0	0.0	0.0
-13.952	1.46811728e-15	7.116620055000001e-16	9.483668249999998e-16	1.7191699899999999e-15	0.0	0.0	0.0	0.0	0.0
-13.919	7.8540283e-14	3.8074244190000003e-14	5.0734587639999996e-14	9.197519749999999e-14	0.0	0.0	0.0	0.0	0.0
-13.885	2.8903261999999997e-12	1.4014173961000001e-12	1.8673602810000002e-12	3.38544613e-12	0.0	0.0	0.0	0.0	0.0
-13.852	8.543499400000001e-11	4.141500074e-11	5.518502919e-11	1.0004201810000001e-10	0.0	0.0	0.0	0.0	0.0
-13.818	2.0197341000000013e-09	9.790908352999999e-10	1.3047798850000003e-09	2.3650834599999996e-09	0.0	0.0	0.0	0.0	0.0
-13.784	3.8199378000000005e-08	1.8522435819e-08	2.4677887400000005e-08	4.47313443e-08	0.0	0.0	0.0	0.0	0.0
-13.751	5.781934600000001e-07	2.8028738029999996e-07	3.7355385630000003e-07	6.771901149999999e-07	0.0	0.0	0.0	0.0	0.0
-13.717	7.0028277e-06	3.395004799e-06	4.524307828e-06	8.200450409999998e-06	0.0	0.0	0.0	0.0	0.0
-13.684	6.789554299999998e-05	3.291065824e-05	4.3854187339999996e-05	7.950911199999999e-05	0.0	0.0	0.0	0.0	0.0
-13.650	0.00052685278	0.00025539176216000004	0.00034042913040000005	0.0006170451170000001	0.0	0.0	0.0	0.0	0.0
-13.616	0.0032736003000000003	0.0015876131410999998	0.002114951815	0.00383395641	0.0	0.0	0.0	0.0	0.0
-13.583	0.016290462500000002	0.00789741501	0.01052284194	0.019075977900000003	0.0	0.0	0.0	0.0	0.0
-13.549	0.06492881000000002	0.0314708023	0.04193591580000001	0.0760100738	0.0	0.0	0.0	0.0	0.0
-13.516	0.20718969999999998	0.10043979937999999	0.13383143	0.242580535	0.0	0.0	0.0	0.0	0.0
-13.482	0.52970244	0.25678192987	0.3421840623	0.620322634	0.0	0.0	0.0	0.0	0.0
-13.448	1.08480916	0.5258974195999999	0.700721666	1.270346908	0.0	0.0	0.0	0.0	0.0
-13.415	1.7798836	0.8628329895	1.149693093	2.0847665099999997	0.0	0.0	0.0	0.0	0.0
-13.381	2.3397845000000004	1.1342980169999999	1.511408522	2.7395967100000003	0.0	0.0	0.0	0.0	0.0
-13.348	2.4641445000000006	1.1946314161	1.591900203	2.8853045400000004	0.0	0.0	0.0	0.0	0.0
-13.314	2.0794699999999997	1.0080027683	1.3434060579999998	2.4349751700000004	0.0	0.0	0.0	0.0	0.0
-13.280	1.40579185	0.6814688309999999	0.908163927	1.64633064	0.0	0.0	0.0	0.0	0.0
-13.247	0.7614699400000001	0.3691737498	0.49193134720000004	0.8917346030000001	0.0	0.0	0.0	0.0	0.0
-13.213	0.3303805900000001	0.16017890486	0.21345960569999994	0.386948382	0.0	0.0	0.0	0.0	0.0
-13.180	0.11485959700000002	0.05567274159999999	0.07419368600000001	0.1344992561	0.0	0.0	0.0	0.0	0.0
-13.146	0.031977224	0.015503898162	0.020656520150000003	0.037447737800000006	0.0	0.0	0.0	0.0	0.0
-13.112	0.0071302691	0.0034567128949999997	0.004605714531999999	0.008349562630000001	0.0	0.0	0.0	0.0	0.0
-13.079	0.0012732049299999998	0.0006172361752000001	0.0008225402980000001	0.0014910033870000003	0.0	0.0	0.0	0.0	0.0
-13.045	0.00018203977	8.824792793e-05	0.00011759928050000001	0.0002132044	0.0	0.0	0.0	0.0	0.0
-13.012	2.0838147000000005e-05	1.010182853e-05	1.3460878939999999e-05	2.4403564300000004e-05	0.0	0.0	0.0	0.0	0.0
-12.978	1.9153152e-06	9.29981571e-07	1.2425294809999999e-06	2.23758588e-06	0.0	0.0	0.0	0.0	0.0
-12.944	2.4594808e-07	1.45324801e-07	2.4726191900000003e-07	1.9044940699999998e-07	0.0	0.0	0.0	0.0	0.0
-12.911	1.4847711999999999e-06	1.0833378199999998e-06	2.1906199239999997e-06	3.7871575999999996e-07	0.0	0.0	0.0	0.0	0.0
-12.877	1.6469013999999996e-05	1.2039096499999998e-05	2.4372720170000003e-05	4.1175455e-06	0.0	0.0	0.0	0.0	0.0
-12.843	0.00014703059	0.00010747947100000001	0.0002176108034	3.6757954e-05	0.0	0.0	0.0	0.0	0.0
-12.810	0.0010509329000000002	0.00076826419	0.001555256084	0.00026270088	0.0	0.0	0.0	0.0	0.0
-12.776	0.006014181700000001	0.0043969136999999995	0.008899918419999998	0.0015034795	0.0	0.0	0.0	0.0	0.0
-12.743	0.027565746000000002	0.0201477085	0.040779105360000005	0.006890007199999999	0.0	0.0	0.0	0.0	0.0
-12.709	0.10116829000000001	0.073947934	0.14968838819999997	0.025286461000000003	0.0	0.0	0.0	0.0	0.0
-12.675	0.29735336000000007	0.21737108700000002	0.440059902	0.07435412599999999	0.0	0.0	0.0	0.0	0.0
-12.642	0.70039134	0.51190649	1.036307261	0.17508435	0.0	0.0	0.0	0.0	0.0
-12.608	1.3211986999999998	0.96586826	1.955323849	0.33033362	0.0	0.0	0.0	0.0	0.0
-12.575	1.9970477	1.45989927	2.954922959	0.49927026999999996	0.0	0.0	0.0	0.0	0.0
-12.541	2.4182892	1.7678234000000002	3.5786871510000005	0.6045542899999999	0.0	0.0	0.0	0.0	0.0
-12.507	2.346311300000001	1.7152403700000003	3.4720909600000005	0.58662127	0.0	0.0	0.0	0.0	0.0
-12.474	1.8238376	1.33323431	2.698557433	0.45601106999999996	0.0	0.0	0.0	0.0	0.0
-12.440	1.1358660000000003	0.83037656	1.6806249950000003	0.28400403	0.0	0.0	0.0	0.0	0.0
-12.407	0.5666843300000001	0.41426072999999997	0.8386371909999999	0.14169513	0.0	0.0	0.0	0.0	0.0
-12.373	0.2265382	0.16560222900000002	0.3351885206	0.056646002	0.0	0.0	0.0	0.0	0.0
-12.339	0.07263243000000001	0.05307181	0.1073550128	0.018209701	0.0	0.0	0.0	0.0	0.0
-12.306	0.019345479999999998	0.0140412278	0.027769794000000004	0.0052332	0.0	0.0	0.0	0.0	0.0
-12.272	0.00829414	0.0054551487	0.007144658199999999	0.0044568914	0.0	0.0	0.0	0.0	0.0
-12.239	0.022132279999999997	0.013259558600000002	0.0080999843	0.016985739300000004	0.0	0.0	0.0	0.0	0.0
-12.205	0.08285120000000001	0.04933090799999999	0.027722021	0.0647933168	0.0	0.0	0.0	0.0	0.0
-12.171	0.25522244	0.151907908	0.085111152	0.19971426115	0.0	0.0	0.0	0.0	0.0
-12.138	0.6302032999999999	0.375092038	0.21015798	0.49324858289999995	0.0	0.0	0.0	0.0	0.0
-12.104	1.2468762999999998	0.7421107599999999	0.41580176	0.9757543917999999	0.0	0.0	0.0	0.0	0.0
-12.071	1.9762684999999998	1.1763566699999999	0.6589304899999999	1.5465536571	0.0	0.0	0.0	0.0	0.0
-12.037	2.5095921999999997	1.4938799	0.8368658800000001	1.9639209903000001	0.0	0.0	0.0	0.0	0.0
-12.003	2.5533239000000005	1.5198631900000001	0.8514449399999999	1.9980786672	0.0	0.0	0.0	0.0	0.0
-11.970	2.0814399000000003	1.2389277400000003	0.69399771	1.6288901412999999	0.0	0.0	0.0	0.0	0.0
-11.936	1.3594073000000002	0.80912511	0.45330602999999997	1.0638183381	0.0	0.0	0.0	0.0	0.0
-11.903	0.711256	0.42339280900000004	0.23715966	0.5565915839	0.0	0.0	0.0	0.0	0.0
-11.869	0.29815121000000006	0.177470825	0.099430003	0.23329135162	0.0	0.0	0.0	0.0	0.0
-11.835	0.10010377000000002	0.059590883	0.033382013	0.07833621051	0.0	0.0	0.0	0.0	0.0
-11.802	0.026924568	0.016026606500000002	0.0089786557	0.021067847688999997	0.0	0.0	0.0	0.0	0.0
-11.768	0.005812076	0.0034655293	0.0019513526	0.004540224614	0.0	0.0	0.0	0.0	0.0
-11.735	0.0011228825999999997	0.0007179716000000002	0.0004914113000000001	0.00080027984	0.0	0.0	0.0	0.0	0.0
-11.701	0.0010151187999999998	0.0009590632500000001	0.0011754693	0.0002333298	0.0	0.0	0.0	0.0	0.0
-11.667	0.005037719300000002	0.005030089399	0.0064737037	0.0007292657899999999	0.0	0.0	0.0	0.0	0.0
-11.634	0.023036685499999997	0.02303181688	0.029666242	0.0032905362000000002	0.0	0.0	0.0	0.0	0.0
-11.600	0.08460664149999997	0.08459575331	0.10897098999999999	0.012082914300000002	0.0	0.0	0.0	0.0	0.0
-11.567	0.2489343918	0.2488812866	0.32058222000000003	0.0355479998	0.0	0.0	0.0	0.0	0.0
-11.533	0.5866806219999999	0.5865293882	0.75547321	0.0837683129	0.0	0.0	0.0	0.0	0.0
-11.499	1.1077415959999999	1.1075385594	1.4265103000000001	0.15816579800000002	0.0	0.0	0.0	0.0	0.0
-11.466	1.6754608610000001	1.675140491	2.1576277	0.239255708	0.0	0.0	0.0	0.0	0.0
-11.432	2.030367162	2.030042099	2.6148164	0.289939578	0.0	0.0	0.0	0.0	0.0
-11.398	1.9714133870000004	1.9710552179999998	2.5388857	0.281518768	0.0	0.0	0.0	0.0	0.0
-11.365	1.533771925	1.5333807179999999	1.9750709	0.21900161099999998	0.0	0.0	0.0	0.0	0.0
-11.331	0.9559241909999999	0.9558002779	1.2310587	0.136487479	0.0	0.0	0.0	0.0	0.0
-11.298	0.4773627390000001	0.4772128834	0.61465711	0.0681590896	0.0	0.0	0.0	0.0	0.0
-11.264	0.19092351860000004	0.1908932234	0.24587641	0.0272632015	0.0	0.0	0.0	0.0	0.0
-11.230	0.0611768641	0.06115779499000001	0.07877937900000001	0.008736365440000001	0.0	0.0	0.0	0.0	0.0
-11.197	0.01570084246	0.01569665722	0.020218462	0.00224209031	0.0	0.0	0.0	0.0	0.0
-11.163	0.003227372220000001	0.0032265401500000002	0.0041563123	0.00046155819000000004	0.0	0.0	0.0	0.0	0.0
-11.130	0.00053624288	0.000534749772	0.00068606889	8.501858599999998e-05	0.0	0.0	0.0	0.0	0.0
-11.096	0.00011995580000000001	0.00010639079	0.00011043803999999999	9.938317999999999e-05	0.0	0.0	0.0	0.0	0.0
-11.062	0.00039744100000000006	0.00029171289	0.00016809888	0.00069888218	0.0	0.0	0.0	0.0	0.0
-11.029	0.0024384719999999997	0.0017776964000000002	0.0009919563	0.004361251070000001	0.0	0.0	0.0	0.0	0.0
-10.995	0.012200434999999997	0.008894887399999999	0.0049610005	0.0218277987	0.0	0.0	0.0	0.0	0.0
-10.962	0.04890177000000001	0.035648387	0.0198819841	0.0874910901	0.0	0.0	0.0	0.0	0.0
-10.928	0.15698379	0.114439042	0.063827385	0.280837035	0.0	0.0	0.0	0.0	0.0
-10.894	0.4036572	0.29427061000000004	0.164148149	0.722157765	0.0	0.0	0.0	0.0	0.0
-10.861	0.8315409999999999	0.60622027	0.338087297	1.4876423600000002	0.0	0.0	0.0	0.0	0.0
-10.827	1.3723597	1.00040248	0.55790157	2.4549501	0.0	0.0	0.0	0.0	0.0
-10.794	1.8144512999999995	1.32274325	0.73773122	3.2459736499999994	0.0	0.0	0.0	0.0	0.0
-10.760	1.9220170000000003	1.4010717200000002	0.7814196	3.4384765900000005	0.0	0.0	0.0	0.0	0.0
-10.726	1.6313355999999997	1.18928791	0.66328531	2.91845886	0.0	0.0	0.0	0.0	0.0
-10.693	1.1093998000000003	0.80870764	0.45100251100000005	1.98442316	0.0	0.0	0.0	0.0	0.0
-10.659	0.6044101000000001	0.44051945	0.24572685	1.0811672799999998	0.0	0.0	0.0	0.0	0.0
-10.626	0.2637709	0.19229984800000002	0.107256224	0.47181805	0.0	0.0	0.0	0.0	0.0
-10.592	0.09228591999999998	0.06726765299999998	0.0375267009	0.16504715199999997	0.0	0.0	0.0	0.0	0.0
-10.558	0.02632807	0.019120768	0.0107468074	0.046663772199999995	0.0	0.0	0.0	0.0	0.0
-10.525	0.008957614999999999	0.006087985000000001	0.003907625499999999	0.013311915	0.0	0.0	0.0	0.0	0.0
-10.491	0.016995943999999995	0.0101609911	0.008246382	0.016725715000000002	0.0	0.0	0.0	0.0	0.0
-10.458	0.064534879	0.0380536575	0.031635642	0.060256325900000005	0.0	0.0	0.0	0.0	0.0
-10.424	0.20814908	0.12264785543	0.10207119	0.1939380419	0.0	0.0	0.0	0.0	0.0
-10.390	0.53895966	0.3175898738	0.26421697	0.502072705	0.0	0.0	0.0	0.0	0.0
-10.357	1.117776	0.6585931383000001	0.5480766	1.041323392	0.0	0.0	0.0	0.0	0.0
-10.323	1.8572939	1.0944582424	0.9106745	1.7302842729999999	0.0	0.0	0.0	0.0	0.0
-10.290	2.4725211999999996	1.4571674588999999	1.2123948	2.303614747	0.0	0.0	0.0	0.0	0.0
-10.256	2.6372765	1.5542428833	1.2931892999999999	2.4570353400000005	0.0	0.0	0.0	0.0	0.0
-10.222	2.2542727999999994	1.3283951403	1.1053261	2.10018745	0.0	0.0	0.0	0.0	0.0
-10.189	1.5460047000000001	0.910794262	0.7580903999999999	1.4395030700000002	0.0	0.0	0.0	0.0	0.0
-10.155	0.8607359200000002	0.5060311900000001	0.42249487	0.7979588699999999	0.0	0.0	0.0	0.0	0.0
-10.122	0.4308806500000001	0.24897186	0.21306561000000002	0.38505009	0.0	0.0	0.0	0.0	0.0
-10.088	0.32654420999999995	0.17605116	0.16607548	0.2498049	0.0	0.0	0.0	0.0	0.0
-10.054	0.5575625269999998	0.28491991	0.289164952	0.37452628	0.0	0.0	0.0	0.0	0.0
-10.021	1.11823716	0.56603001	0.582075454	0.7329816600000001	0.0	0.0	0.0	0.0	0.0
-9.987	1.8972546499999996	0.9593367829999998	0.9880179760000001	1.2401520700000002	0.0	0.0	0.0	0.0	0.0
-9.953	2.5947479899999992	1.311660719	1.3510668072	1.69531388	0.0	0.0	0.0	0.0	0.0
-9.920	2.84482818	1.438190813	1.4812662194	1.85860914	0.0	0.0	0.0	0.0	0.0
-9.886	2.49897664	1.263241747	1.3013305882	1.63282002	0.0	0.0	0.0	0.0	0.0
-9.853	1.75869181	0.8891924609999999	0.9158867650500001	1.1491750299999999	0.0	0.0	0.0	0.0	0.0
-9.819	0.9921839249999999	0.5017436428	0.51716435215	0.64812282	0.0	0.0	0.0	0.0	0.0
-9.785	0.451119272	0.22896857320000003	0.23776726643999999	0.29344383	0.0	0.0	0.0	0.0	0.0
-9.752	0.17743326999999998	0.09409879560000001	0.1065663219	0.1095573	0.0	0.0	0.0	0.0	0.0
-9.718	0.10754326	0.0717851939	0.11209877409999999	0.04510812	0.0	0.0	0.0	0.0	0.0
-9.685	0.20271534700000002	0.1576514681	0.28323343100000004	0.05273965	0.0	0.0	0.0	0.0	0.0
-9.651	0.4885686300000001	0.3870952201	0.705319657	0.117037473	0.0	0.0	0.0	0.0	0.0
-9.617	0.989438174	0.784761932	1.43156789	0.23540118	0.0	0.0	0.0	0.0	0.0
-9.584	1.6104998199999998	1.277604955	2.33058049	0.38305602	0.0	0.0	0.0	0.0	0.0
-9.550	2.10129967	1.6666503700000002	3.04065419	0.4996569	0.0	0.0	0.0	0.0	0.0
-9.517	2.1964073099999997	1.742178484	3.1782456800000003	0.5222445700000001	0.0	0.0	0.0	0.0	0.0
-9.483	1.8392783700000002	1.458932842	2.6617362100000004	0.43735773	0.0	0.0	0.0	0.0	0.0
-9.449	1.2341366799999998	0.978877834	1.78595613	0.29347897	0.0	0.0	0.0	0.0	0.0
-9.416	0.6635775599999998	0.526491252	0.960111039	0.157810788	0.0	0.0	0.0	0.0	0.0
-9.382	0.28673747999999993	0.22841555690000004	0.41418010499999997	0.068323477	0.0	0.0	0.0	0.0	0.0
-9.349	0.10430120000000002	0.0882543775	0.14653539999999998	0.025634457	0.0	0.0	0.0	0.0	0.0
-9.315	0.05304590000000001	0.0667543379	0.056913080000000005	0.016339108999999997	0.0	0.0	0.0	0.0	0.0
-9.281	0.09870149999999998	0.1669101425	0.07157731	0.03684427	0.0	0.0	0.0	0.0	0.0
-9.248	0.26760215	0.4671160561	0.18231279	0.10211135	0.0	0.0	0.0	0.0	0.0
-9.214	0.6141006899999999	1.0742015001	0.4166787	0.23467218999999997	0.0	0.0	0.0	0.0	0.0
-9.181	1.1331939000000002	1.9822454189999998	0.76850605	0.43297810000000003	0.0	0.0	0.0	0.0	0.0
-9.147	1.6755795	2.930795566	1.1363648	0.6401704	0.0	0.0	0.0	0.0	0.0
-9.113	1.9847538000000002	3.4720499489999996	1.3460538	0.7583956000000001	0.0	0.0	0.0	0.0	0.0
-9.080	1.8838260000000002	3.295624967	1.2775983	0.7199373	0.0	0.0	0.0	0.0	0.0
-9.046	1.4324507999999998	2.505850549	0.9715418199999999	0.5474384999999999	0.0	0.0	0.0	0.0	0.0
-9.013	0.8726868200000002	1.5267168789999999	0.5918724999999999	0.33355305999999996	0.0	0.0	0.0	0.0	0.0
-8.979	0.42594776000000006	0.7452560259000001	0.28890545999999995	0.16278545	0.0	0.0	0.0	0.0	0.0
-8.945	0.1667703	0.2914893	0.11304295999999997	0.06381565	0.0	0.0	0.0	0.0	0.0
-8.912	0.053651239999999996	0.09191196102999999	0.035976657	0.021131575	0.0	0.0	0.0	0.0	0.0
-8.878	0.021396300000000004	0.026608273339999995	0.012205047	0.011730394	0.0	0.0	0.0	0.0	0.0
-8.845	0.04001798	0.0213322413	0.016781506600000003	0.031286734999999996	0.0	0.0	0.0	0.0	0.0
-8.811	0.13528569000000001	0.06110011900000001	0.054511352000000006	0.109349496	0.0	0.0	0.0	0.0	0.0
-8.777	0.39018882000000005	0.17485208899999996	0.15775388799999998	0.315836948	0.0	0.0	0.0	0.0	0.0
-8.744	0.9074852100000002	0.407105482	0.37128451300000004	0.73409327	0.0	0.0	0.0	0.0	0.0
-8.710	1.70393108	0.7669387799999999	0.71603097	1.37704587	0.0	0.0	0.0	0.0	0.0
-8.676	2.6084259999999997	1.1825110500000002	1.15883479	2.1026317100000003	0.0	0.0	0.0	0.0	0.0
-8.643	3.3188964000000003	1.5272108	1.6399230299999998	2.66157485	0.0	0.0	0.0	0.0	0.0
-8.609	3.6360581000000005	1.7190346399999998	2.1324031	2.88791438	0.0	0.0	0.0	0.0	0.0
-8.576	3.6033469999999994	1.77273828	2.6217477600000003	2.81942768	0.0	0.0	0.0	0.0	0.0
-8.542	3.3635210000000004	1.7275100099999998	2.99248361	2.58433225	0.0	0.0	0.0	0.0	0.0
-8.508	2.9629939999999997	1.56714751	3.0280414700000002	2.23397509	0.0	0.0	0.0	0.0	0.0
-8.475	2.4129100000000006	1.26544906	2.61968997	1.7662495599999999	0.0	0.0	0.0	0.0	0.0
-8.441	1.88729	0.87924914	1.9551017199999998	1.2666571	0.0	0.0	0.0	0.0	0.0
-8.408	1.7250276	0.53549843	1.413105637	0.91649694	0.0	0.0	0.0	0.0	0.0
-8.374	2.1727057999999997	0.330344869	1.270438019	0.8520166100000001	0.0	0.0	0.0	0.0	0.0
-8.340	3.1060226	0.264653827	1.504222808	1.03670143	0.0	0.0	0.0	0.0	0.0
-8.307	3.995573909999999	0.26926849899999994	1.8274767189999999	1.2718011900000001	0.0	0.0	0.0	0.0	0.0
-8.273	4.237842700000001	0.268180547	1.9120083570000002	1.33386016	0.0	0.0	0.0	0.0	0.0
-8.240	3.6254251400000004	0.226081294	1.63041877	1.13802949	0.0	0.0	0.0	0.0	0.0
-8.206	2.4882576300000006	0.15462629700000002	1.118292005	0.78065262	0.0	0.0	0.0	0.0	0.0
-8.172	1.36863985	0.08499273870000001	0.614965472	0.42933589000000005	0.0	0.0	0.0	0.0	0.0
-8.139	0.6031602669999999	0.0374424989	0.2710309651	0.189197366	0.0	0.0	0.0	0.0	0.0
-8.105	0.21293724230000002	0.013220330499999999	0.09567738129999999	0.066802124	0.0	0.0	0.0	0.0	0.0
-8.072	0.06021334119999999	0.00373821988	0.0270537934	0.018887011999999998	0.0	0.0	0.0	0.0	0.0
-8.038	0.01363624647	0.0008472066080000002	0.00612700124	0.0042783389	0.0	0.0	0.0	0.0	0.0
-8.004	0.0024797591099999993	0.00016159513	0.00111708079	0.00078221778	0.0	0.0	0.0	0.0	0.0
-7.971	0.00042404555000000003	9.925100000000002e-05	0.00021738123	0.00017446714000000002	0.0	0.0	0.0	0.0	0.0
-7.937	0.00053822369	0.0005911221000000001	0.000447099	0.00048576307999999996	0.0	0.0	0.0	0.0	0.0
-7.904	0.0030435448000000003	0.003603065	0.0026242393500000003	0.0028951308100000003	0.0	0.0	0.0	0.0	0.0
-7.870	0.014901596999999999	0.017663087	0.012856650069999998	0.014187287199999999	0.0	0.0	0.0	0.0	0.0
-7.836	0.05850283500000001	0.06934741	0.050481280389999994	0.05569992519999999	0.0	0.0	0.0	0.0	0.0
-7.803	0.18398486000000003	0.21805982000000002	0.1587367203	0.175193927	0.0	0.0	0.0	0.0	0.0
-7.769	0.46343634000000006	0.5493271	0.3997813111	0.44116545999999995	0.0	0.0	0.0	0.0	0.0
-7.736	0.9352065	1.1084828	0.806914895	0.890237921	0.0	0.0	0.0	0.0	0.0
-7.702	1.5119309000000003	1.7920253000000002	1.3043102849999997	1.43929627	0.0	0.0	0.0	0.0	0.0
-7.668	1.9583989999999998	2.3211627	1.6895193889999998	1.8636877799999998	0.0	0.0	0.0	0.0	0.0
-7.635	2.0320665	2.408478	1.7532327060000004	1.9341467599999995	0.0	0.0	0.0	0.0	0.0
-7.601	1.6896477	2.0024246000000003	1.4576717659999998	1.60849084	0.0	0.0	0.0	0.0	0.0
-7.568	1.1256327	1.3340718999999999	0.9710176160000001	1.071467331	0.0	0.0	0.0	0.0	0.0
-7.534	0.60065731	0.7119618000000001	0.5182213276000001	0.571766875	0.0	0.0	0.0	0.0	0.0
-7.500	0.25681447999999996	0.30438279999999995	0.22155872510000002	0.244434229	0.0	0.0	0.0	0.0	0.0
-7.467	0.08794802699999998	0.10425277	0.0758857998	0.0837290484	0.0	0.0	0.0	0.0	0.0
-7.433	0.024128704000000004	0.028597586	0.02081719406	0.0229677479	0.0	0.0	0.0	0.0	0.0
-7.400	0.005300526800000002	0.006282019	0.004573761062999999	0.00504597701	0.0	0.0	0.0	0.0	0.0
-7.366	0.00093250031	0.0011053603	0.0008045246410000002	0.0008877994289999999	0.0	0.0	0.0	0.0	0.0
-7.332	0.000131379325	0.00015571343	0.0001133434303	0.00012506695699999998	0.0	0.0	0.0	0.0	0.0
-7.299	1.4815207e-05	1.7560464e-05	1.278255937e-05	1.40992081e-05	0.0	0.0	0.0	0.0	0.0
-7.265	1.3376030099999998e-06	1.5852873e-06	1.1538766899999998e-06	1.27321461e-06	0.0	0.0	0.0	0.0	0.0
-7.231	9.663053099999999e-08	1.1452584000000002e-07	8.337108840000001e-08	9.19862498e-08	0.0	0.0	0.0	0.0	0.0
-7.198	5.5873149999999985e-09	6.621887e-09	4.819734514e-09	5.3187413600000005e-09	0.0	0.0	0.0	0.0	0.0
-7.164	2.5844012000000006e-10	3.0631420000000005e-10	2.2297739770000005e-10	2.4607303600000003e-10	0.0	0.0	0.0	0.0	0.0
-7.131	9.5655228e-12	1.1337107e-11	8.251658689999999e-12	9.106090540000003e-12	0.0	0.0	0.0	0.0	0.0
-7.097	2.8211587999999995e-13	3.3437729999999994e-13	2.4339963509999997e-13	2.68523269e-13	0.0	0.0	0.0	0.0	0.0
-7.063	1.2344427e-14	3.2693534e-14	2.7798750600000003e-14	1.47591916e-14	0.0	0.0	0.0	0.0	0.0
-7.030	2.0153372299999994e-13	9.600173540000001e-13	8.585830839999999e-13	3.118758308e-13	0.0	0.0	0.0	0.0	0.0
-6.996	6.493369899999999e-12	3.093275682e-11	2.7664955069999997e-11	1.0051428239999998e-11	0.0	0.0	0.0	0.0	0.0
-6.963	1.6737901700000004e-10	7.97358788e-10	7.13113427e-10	2.590683642e-10	0.0	0.0	0.0	0.0	0.0
-6.929	3.4514233399999996e-09	1.6443287620000002e-08	1.4706234759999999e-08	5.343268368000001e-09	0.0	0.0	0.0	0.0	0.0
-6.895	5.6952041e-08	2.7133744990000004e-07	2.4269654269999996e-07	8.81671823e-08	0.0	0.0	0.0	0.0	0.0
-6.862	7.521380600000001e-07	3.5827351900000004e-06	3.204034149e-06	1.1641018239999998e-06	0.0	0.0	0.0	0.0	0.0
-6.828	7.948640900000003e-06	3.7860483799999994e-05	3.3867636809999995e-05	1.230408583e-05	0.0	0.0	0.0	0.0	0.0
-6.795	6.724688699999999e-05	0.00032029752399999995	0.0002864609426	0.00010409405779999997	0.0	0.0	0.0	0.0	0.0
-6.761	0.00045548578	0.002169668398	0.0019408946810000002	0.0007051436840000001	0.0	0.0	0.0	0.0	0.0
-6.727	0.0024706306699999996	0.011767235510000003	0.010523630909999998	0.0038259109779999996	0.0	0.0	0.0	0.0	0.0
-6.694	0.010730743900000003	0.0511112369	0.045711344400000006	0.016626844620000004	0.0	0.0	0.0	0.0	0.0
-6.660	0.03734840200000001	0.17782394899999998	0.1590416184	0.057967119260000005	0.0	0.0	0.0	0.0	0.0
-6.627	0.10424344700000002	0.495807987	0.4433879676	0.1624622084	0.0	0.0	0.0	0.0	0.0
-6.593	0.23360389999999998	1.108917409	0.991533907	0.36815874769999996	0.0	0.0	0.0	0.0	0.0
-6.559	0.4224527200000001	1.993432083	1.781962217	0.6843293579999999	0.0	0.0	0.0	0.0	0.0
-6.526	0.6226470000000002	2.8931384029999996	2.584113276	1.0775086159999998	0.0	0.0	0.0	0.0	0.0
-6.492	0.7668003000000001	3.435014676	3.062782367	1.5271617149999999	0.0	0.0	0.0	0.0	0.0
-6.459	0.8303033000000001	3.4325724950000005	3.047960598	2.100089742	0.0	0.0	0.0	0.0	0.0
-6.425	0.8519594900000003	3.055145058999999	2.691238535	2.88373029	0.0	0.0	0.0	0.0	0.0
-6.391	0.8723044600000004	2.612657686	2.27298766	3.756564694	0.0	0.0	0.0	0.0	0.0
-6.358	0.86771836	2.231899249	1.9177882039999998	4.3075082909999995	0.0	0.0	0.0	0.0	0.0
-6.324	0.7781072369999997	1.8300779569999999	1.5590893675	4.130383488	0.0	0.0	0.0	0.0	0.0
-6.291	0.5915631950000001	1.3338082916	1.1315744258999998	3.230427313	0.0	0.0	0.0	0.0	0.0
-6.257	0.369113779	0.8176578678	0.6923345752	2.037961656	0.0	0.0	0.0	0.0	0.0
-6.223	0.18627960600000001	0.409702479	0.34665650150000005	1.0328537231	0.0	0.0	0.0	0.0	0.0
-6.190	0.07556244039999997	0.16579419890000002	0.1402486118	0.41976378349000004	0.0	0.0	0.0	0.0	0.0
-6.156	0.0245896508	0.05389993958	0.04559603397	0.13667632206	0.0	0.0	0.0	0.0	0.0
-6.123	0.006415590099999998	0.014054217737999999	0.011888520533	0.035670822446	0.0	0.0	0.0	0.0	0.0
-6.089	0.0013403847010000003	0.0029366400030000003	0.0024833694333	0.007453457285699999	0.0	0.0	0.0	0.0	0.0
-6.055	0.00022429148900000002	0.0004912474124	0.00041556490050000003	0.0012477190253	0.0	0.0	0.0	0.0	0.0
-6.022	3.0049433900000005e-05	6.581964467e-05	5.5677609779999995e-05	0.00016710766783999996	0.0	0.0	0.0	0.0	0.0
-5.988	3.2229747399999993e-06	7.059542929000001e-06	5.970854381e-06	1.7921854305000006e-05	0.0	0.0	0.0	0.0	0.0
-5.955	2.7670648000000004e-07	6.060666263e-07	5.126571381e-07	1.5384593219e-06	0.0	0.0	0.0	0.0	0.0
-5.921	1.90158137e-08	4.164628139e-08	3.5226508940000005e-08	1.0573959926999996e-07	0.0	0.0	0.0	0.0	0.0
-5.887	1.0453812960000002e-09	2.2892285445e-09	1.9363164251000002e-09	5.8133746853000005e-09	0.0	0.0	0.0	0.0	0.0
-5.854	4.598651880000001e-11	1.0072117942e-10	8.520278944999999e-11	2.5577239067000005e-10	0.0	0.0	0.0	0.0	0.0
-5.820	1.6187128699999999e-12	3.54533297e-12	2.9989721703000003e-12	9.001957522700001e-12	0.0	0.0	0.0	0.0	0.0
-5.786	4.550669839999999e-14	9.967919741e-14	8.431207857e-14	2.5312149073e-13	0.0	0.0	0.0	0.0	0.0
-5.753	8.922986019999998e-16	1.9549209705000002e-15	1.6531332346999999e-15	4.9623054655e-15	0.0	0.0	0.0	0.0	0.0
-5.719	0.0	0.0	0.0	0.0	0.0	0.0	0.0	0.0	0.0
-5.686	0.0	0.0	0.0	0.0	0.0	0.0	0.0	0.0	0.0
-5.652	0.0	0.0	0.0	0.0	0.0	0.0	0.0	0.0	0.0
-5.618	0.0	0.0	0.0	0.0	0.0	0.0	0.0	0.0	0.0
-5.585	0.0	0.0	0.0	0.0	0.0	0.0	0.0	0.0	0.0
-5.551	0.0	0.0	0.0	0.0	0.0	0.0	0.0	0.0	0.0
-5.518	0.0	0.0	0.0	0.0	0.0	0.0	0.0	0.0	0.0
-5.484	0.0	0.0	0.0	0.0	0.0	0.0	0.0	0.0	0.0
-5.450	0.0	0.0	0.0	0.0	0.0	0.0	0.0	0.0	0.0
-5.417	0.0	0.0	0.0	0.0	0.0	0.0	0.0	0.0	0.0
-5.383	0.0	0.0	0.0	0.0	0.0	0.0	0.0	0.0	0.0
-5.350	0.0	0.0	0.0	0.0	0.0	0.0	0.0	0.0	0.0
-5.316	0.0	0.0	0.0	0.0	0.0	0.0	0.0	0.0	0.0
-5.282	0.0	0.0	0.0	0.0	0.0	0.0	0.0	0.0	0.0
-5.249	0.0	0.0	0.0	0.0	0.0	0.0	0.0	0.0	0.0
-5.215	0.0	0.0	0.0	0.0	0.0	0.0	0.0	0.0	0.0
-5.182	0.0	0.0	0.0	0.0	0.0	0.0	0.0	0.0	0.0
-5.148	0.0	0.0	0.0	0.0	0.0	0.0	0.0	0.0	0.0
-5.114	0.0	0.0	0.0	0.0	0.0	0.0	0.0	0.0	0.0
-5.081	0.0	0.0	0.0	0.0	0.0	0.0	0.0	0.0	0.0
-5.047	0.0	0.0	0.0	0.0	0.0	0.0	0.0	0.0	0.0
-5.014	0.0	0.0	0.0	0.0	0.0	0.0	0.0	0.0	0.0
-4.980	0.0	0.0	0.0	0.0	0.0	0.0	0.0	0.0	0.0
-4.946	0.0	0.0	0.0	0.0	0.0	0.0	0.0	0.0	0.0
-4.913	0.0	0.0	0.0	0.0	0.0	0.0	0.0	0.0	0.0
-4.879	0.0	0.0	0.0	0.0	0.0	0.0	0.0	0.0	0.0
-4.846	0.0	0.0	0.0	0.0	0.0	0.0	0.0	0.0	0.0
-4.812	0.0	0.0	0.0	0.0	0.0	0.0	0.0	0.0	0.0
-4.778	0.0	0.0	0.0	0.0	0.0	0.0	0.0	0.0	0.0
-4.745	0.0	0.0	0.0	0.0	0.0	0.0	0.0	0.0	0.0
-4.711	0.0	0.0	0.0	0.0	0.0	0.0	0.0	0.0	0.0
-4.678	0.0	0.0	0.0	0.0	0.0	0.0	0.0	0.0	0.0
-4.644	0.0	0.0	0.0	0.0	0.0	0.0	0.0	0.0	0.0
-4.610	0.0	0.0	0.0	0.0	0.0	0.0	0.0	0.0	0.0
-4.577	0.0	0.0	0.0	0.0	0.0	0.0	0.0	0.0	0.0
-4.543	0.0	0.0	0.0	0.0	0.0	0.0	0.0	0.0	0.0
-4.510	0.0	0.0	0.0	0.0	0.0	0.0	0.0	0.0	0.0
-4.476	0.0	0.0	0.0	0.0	0.0	0.0	0.0	0.0	0.0
-4.442	0.0	0.0	0.0	0.0	0.0	0.0	0.0	0.0	0.0
-4.409	0.0	0.0	0.0	0.0	0.0	0.0	0.0	0.0	0.0
-4.375	0.0	0.0	0.0	0.0	0.0	0.0	0.0	0.0	0.0
-4.341	0.0	0.0	0.0	0.0	0.0	0.0	0.0	0.0	0.0
-4.308	0.0	0.0	0.0	0.0	0.0	0.0	0.0	0.0	0.0
-4.274	0.0	0.0	0.0	0.0	0.0	0.0	0.0	0.0	0.0
-4.241	0.0	0.0	0.0	0.0	0.0	0.0	0.0	0.0	0.0
-4.207	0.0	0.0	0.0	0.0	0.0	0.0	0.0	0.0	0.0
-4.173	0.0	0.0	0.0	0.0	0.0	0.0	0.0	0.0	0.0
-4.140	0.0	0.0	0.0	0.0	0.0	0.0	0.0	0.0	0.0
-4.106	0.0	0.0	0.0	0.0	0.0	0.0	0.0	0.0	0.0
-4.073	0.0	0.0	0.0	0.0	0.0	0.0	0.0	0.0	0.0
-4.039	0.0	0.0	0.0	0.0	0.0	0.0	0.0	0.0	0.0
-4.005	0.0	0.0	0.0	0.0	0.0	0.0	0.0	0.0	0.0
-3.972	0.0	0.0	0.0	0.0	0.0	0.0	0.0	0.0	0.0
-3.938	0.0	0.0	0.0	0.0	0.0	0.0	0.0	0.0	0.0
-3.905	0.0	0.0	0.0	0.0	0.0	0.0	0.0	0.0	0.0
-3.871	0.0	0.0	0.0	0.0	0.0	0.0	0.0	0.0	0.0
-3.837	0.0	0.0	0.0	0.0	0.0	0.0	0.0	0.0	0.0
-3.804	0.0	0.0	0.0	0.0	0.0	0.0	0.0	0.0	0.0
-3.770	0.0	0.0	0.0	0.0	0.0	0.0	0.0	0.0	0.0
-3.737	0.0	0.0	0.0	0.0	0.0	0.0	0.0	0.0	0.0
-3.703	0.0	0.0	0.0	0.0	0.0	0.0	0.0	0.0	0.0
-3.669	0.0	0.0	0.0	0.0	0.0	0.0	0.0	0.0	0.0
-3.636	0.0	0.0	0.0	0.0	0.0	0.0	0.0	0.0	0.0
-3.602	0.0	0.0	0.0	0.0	0.0	0.0	0.0	0.0	0.0
-3.569	0.0	0.0	0.0	0.0	0.0	0.0	0.0	0.0	0.0
-3.535	0.0	0.0	0.0	0.0	0.0	0.0	0.0	0.0	0.0
-3.501	0.0	0.0	0.0	0.0	0.0	0.0	0.0	0.0	0.0
-3.468	0.0	0.0	0.0	0.0	0.0	0.0	0.0	0.0	0.0
-3.434	0.0	0.0	0.0	0.0	0.0	0.0	0.0	0.0	0.0
-3.401	0.0	0.0	0.0	0.0	0.0	0.0	0.0	0.0	0.0
-3.367	0.0	0.0	0.0	0.0	0.0	0.0	0.0	0.0	0.0
-3.333	0.0	0.0	0.0	0.0	0.0	0.0	0.0	0.0	0.0
-3.300	0.0	0.0	0.0	0.0	0.0	0.0	0.0	0.0	0.0
-3.266	0.0	0.0	0.0	0.0	0.0	0.0	0.0	0.0	0.0
-3.233	0.0	0.0	0.0	0.0	0.0	0.0	0.0	0.0	0.0
-3.199	0.0	0.0	0.0	0.0	0.0	0.0	0.0	0.0	0.0
-3.165	0.0	0.0	0.0	0.0	0.0	0.0	0.0	0.0	0.0
-3.132	0.0	0.0	0.0	0.0	0.0	0.0	0.0	0.0	0.0
-3.098	0.0	0.0	0.0	0.0	0.0	0.0	0.0	0.0	0.0
-3.065	0.0	0.0	0.0	0.0	0.0	0.0	0.0	0.0	0.0
-3.031	0.0	0.0	0.0	0.0	0.0	0.0	0.0	0.0	0.0
-2.997	0.0	0.0	0.0	0.0	0.0	0.0	0.0	0.0	0.0
-2.964	0.0	0.0	0.0	0.0	0.0	0.0	0.0	0.0	0.0
-2.930	0.0	0.0	0.0	0.0	0.0	0.0	0.0	0.0	0.0
-2.896	0.0	0.0	0.0	0.0	0.0	0.0	0.0	0.0	0.0
-2.863	0.0	0.0	0.0	0.0	0.0	0.0	0.0	0.0	0.0
-2.829	0.0	0.0	0.0	0.0	0.0	0.0	0.0	0.0	0.0
-2.796	0.0	0.0	0.0	0.0	0.0	0.0	0.0	0.0	0.0
-2.762	0.0	0.0	0.0	0.0	0.0	0.0	0.0	0.0	0.0
-2.728	0.0	0.0	0.0	0.0	0.0	0.0	0.0	0.0	0.0
-2.695	0.0	0.0	0.0	0.0	0.0	0.0	0.0	0.0	0.0
-2.661	0.0	0.0	0.0	0.0	0.0	0.0	0.0	0.0	0.0
-2.628	0.0	0.0	0.0	0.0	0.0	0.0	0.0	0.0	0.0
-2.594	0.0	0.0	0.0	0.0	0.0	0.0	0.0	0.0	0.0
-2.560	0.0	0.0	0.0	0.0	0.0	0.0	0.0	0.0	0.0
-2.527	0.0	0.0	0.0	0.0	0.0	0.0	0.0	0.0	0.0
-2.493	0.0	0.0	0.0	0.0	0.0	0.0	0.0	0.0	0.0
-2.460	0.0	0.0	0.0	0.0	0.0	0.0	0.0	0.0	0.0
-2.426	0.0	0.0	0.0	0.0	0.0	0.0	0.0	0.0	0.0
-2.392	0.0	0.0	0.0	0.0	0.0	0.0	0.0	0.0	0.0
-2.359	0.0	0.0	0.0	0.0	0.0	0.0	0.0	0.0	0.0
-2.325	0.0	0.0	0.0	0.0	0.0	0.0	0.0	0.0	0.0
-2.292	0.0	0.0	0.0	0.0	0.0	0.0	0.0	0.0	0.0
-2.258	0.0	0.0	0.0	0.0	0.0	0.0	0.0	0.0	0.0
-2.224	0.0	0.0	0.0	0.0	0.0	0.0	0.0	0.0	0.0
-2.191	0.0	0.0	0.0	0.0	0.0	0.0	0.0	0.0	0.0
-2.157	0.0	0.0	0.0	0.0	0.0	0.0	0.0	0.0	0.0
-2.124	0.0	0.0	0.0	0.0	0.0	0.0	0.0	0.0	0.0
-2.090	0.0	0.0	0.0	0.0	0.0	0.0	0.0	0.0	0.0
-2.056	0.0	0.0	0.0	0.0	0.0	0.0	0.0	0.0	0.0
-2.023	0.0	0.0	0.0	0.0	0.0	0.0	0.0	0.0	0.0
-1.989	0.0	0.0	0.0	0.0	0.0	0.0	0.0	0.0	0.0
-1.956	0.0	0.0	0.0	0.0	0.0	0.0	0.0	0.0	0.0
-1.922	0.0	0.0	0.0	0.0	0.0	0.0	0.0	0.0	0.0
-1.888	0.0	0.0	0.0	0.0	0.0	0.0	0.0	0.0	0.0
-1.855	0.0	0.0	0.0	0.0	0.0	0.0	0.0	0.0	0.0
-1.821	0.0	0.0	0.0	0.0	0.0	0.0	0.0	0.0	0.0
-1.788	0.0	0.0	0.0	0.0	0.0	0.0	0.0	0.0	0.0
-1.754	0.0	0.0	0.0	0.0	0.0	0.0	0.0	0.0	0.0
-1.720	0.0	0.0	0.0	0.0	0.0	0.0	0.0	0.0	0.0
-1.687	0.0	0.0	0.0	0.0	0.0	0.0	0.0	0.0	0.0
-1.653	0.0	0.0	0.0	0.0	0.0	0.0	0.0	0.0	0.0
-1.620	0.0	0.0	0.0	0.0	0.0	0.0	0.0	0.0	0.0
-1.586	0.0	0.0	0.0	0.0	0.0	0.0	0.0	0.0	0.0
-1.552	0.0	0.0	0.0	0.0	0.0	0.0	0.0	0.0	0.0
-1.519	0.0	0.0	0.0	0.0	0.0	0.0	0.0	0.0	0.0
-1.485	0.0	0.0	0.0	0.0	0.0	0.0	0.0	0.0	0.0
-1.451	0.0	0.0	0.0	0.0	0.0	0.0	0.0	0.0	0.0
-1.418	0.0	0.0	0.0	0.0	0.0	0.0	0.0	0.0	0.0
-1.384	0.0	0.0	0.0	0.0	0.0	0.0	0.0	0.0	0.0
-1.351	0.0	0.0	0.0	0.0	0.0	0.0	0.0	0.0	0.0
-1.317	0.0	0.0	0.0	0.0	0.0	0.0	0.0	0.0	0.0
-1.283	0.0	0.0	0.0	0.0	0.0	0.0	0.0	0.0	0.0
-1.250	0.0	0.0	0.0	0.0	0.0	0.0	0.0	0.0	0.0
-1.216	0.0	0.0	0.0	0.0	0.0	0.0	0.0	0.0	0.0
-1.183	0.0	0.0	0.0	0.0	0.0	0.0	0.0	0.0	0.0
-1.149	0.0	0.0	0.0	0.0	0.0	0.0	0.0	0.0	0.0
-1.115	0.0	0.0	0.0	0.0	0.0	0.0	0.0	0.0	0.0
-1.082	0.0	0.0	0.0	0.0	0.0	0.0	0.0	0.0	0.0
-1.048	0.0	0.0	0.0	0.0	0.0	0.0	0.0	0.0	0.0
-1.015	0.0	0.0	0.0	0.0	0.0	0.0	0.0	0.0	0.0
-0.981	0.0	0.0	0.0	0.0	0.0	0.0	0.0	0.0	0.0
-0.947	0.0	0.0	0.0	0.0	0.0	0.0	0.0	0.0	0.0
-0.914	0.0	0.0	0.0	0.0	0.0	0.0	0.0	0.0	0.0
-0.880	0.0	0.0	0.0	0.0	0.0	0.0	0.0	0.0	0.0
-0.847	0.0	0.0	0.0	0.0	0.0	0.0	0.0	0.0	0.0
-0.813	0.0	0.0	0.0	0.0	0.0	0.0	0.0	0.0	0.0
-0.779	0.0	0.0	0.0	0.0	0.0	0.0	0.0	0.0	0.0
-0.746	3.6636677e-16	1.72499047e-16	5.176147000000001e-16	3.6849939999999993e-16	0.0	0.0	0.0	0.0	0.0
-0.712	1.6119981e-14	7.589751200000001e-15	2.2775829000000002e-14	1.6213201e-14	0.0	0.0	0.0	0.0	0.0
-0.679	5.628681700000001e-13	2.6498039e-13	7.95102e-13	5.6608423e-13	0.0	0.0	0.0	0.0	0.0
-0.645	1.5749793999999998e-11	7.415487400000001e-12	2.2249854999999998e-11	1.5840879999999998e-11	0.0	0.0	0.0	0.0	0.0
-0.611	3.5252292999999996e-10	1.65981763e-10	4.980194e-10	3.5455021e-10	0.0	0.0	0.0	0.0	0.0
-0.578	6.3129167e-09	2.9726164999999997e-09	8.919592e-09	6.349551e-09	0.0	0.0	0.0	0.0	0.0
-0.544	9.046399999999998e-08	4.2600945000000004e-08	1.2781419e-07	9.0994553e-08	0.0	0.0	0.0	0.0	0.0
-0.511	1.0376047e-06	4.885246400000001e-07	1.4658838999999998e-06	1.04364692e-06	0.0	0.0	0.0	0.0	0.0
-0.477	9.525514999999998e-06	4.484432e-06	1.3459226999999999e-05	9.580246300000001e-06	0.0	0.0	0.0	0.0	0.0
-0.443	7.000588e-05	3.2959606e-05	9.890976e-05	7.040769899999999e-05	0.0	0.0	0.0	0.0	0.0
-0.410	0.00041196701999999993	0.0001939567	0.000581927	0.00041428730000000005	0.0	0.0	0.0	0.0	0.0
-0.376	0.0019410204999999999	0.0009139550500000001	0.0027423860000000003	0.0019522313000000001	0.0	0.0	0.0	0.0	0.0
-0.343	0.0073260521	0.0034493706	0.010350202000000001	0.007368057799999999	0.0	0.0	0.0	0.0	0.0
-0.309	0.022140718000000004	0.010425081199999998	0.03128499	0.022270137000000002	0.0	0.0	0.0	0.0	0.0
-0.275	0.053608950999999995	0.02524565	0.07574839	0.053925294	0.0	0.0	0.0	0.0	0.0
-0.242	0.10399414	0.048956349999999996	0.14692214	0.10460491200000001	0.0	0.0	0.0	0.0	0.0
-0.208	0.16160491	0.076084747	0.22832656	0.16253784999999998	0.0	0.0	0.0	0.0	0.0
-0.174	0.20121783	0.094740219	0.2843134	0.20237305	0.0	0.0	0.0	0.0	0.0
-0.141	0.20076098999999997	0.094520098	0.2836016	0.20189506000000002	0.0	0.0	0.0	0.0	0.0
-0.107	0.16068424999999997	0.075600761	0.2269158	0.16142248	0.0	0.0	0.0	0.0	0.0
-0.074	0.10397582000000001	0.048707240000000006	0.1464419	0.10370248	0.0	0.0	0.0	0.0	0.0
-0.040	0.057555149	0.02616428	0.07944199999999997	0.05453528	0.0	0.0	0.0	0.0	0.0
-0.006	0.036727278	0.01451227	0.04610308	0.0267642	0.0	0.0	0.0	0.0	0.0
0.027	0.045109459000000005	0.014705189999999996	0.04921048	0.0207121	0.0	0.0	0.0	0.0	0.0
0.061	0.08055711000000002	0.026104490000000004	0.08390099	0.03353549	0.0	0.0	0.0	0.0	0.0
0.094	0.1369925	0.04880809999999999	0.14188768000000004	0.06555855000000001	0.0	0.0	0.0	0.0	0.0
0.128	0.20430641	0.0831208	0.2115994	0.11965279999999999	0.0	0.0	0.0	0.0	0.0
0.162	0.27073959999999997	0.12656050000000002	0.27960709999999994	0.19411569999999997	0.0	0.0	0.0	0.0	0.0
0.195	0.32351902	0.1694744	0.33124750000000003	0.2724221	0.0	0.0	0.0	0.0	0.0
0.229	0.34654708	0.1947643	0.3496575999999999	0.3227625	0.0	0.0	0.0	0.0	0.0
0.262	0.32576696	0.1882242	0.3230332	0.3171078	0.0	0.0	0.0	0.0	0.0
0.296	0.26422484999999996	0.1519908	0.2592928	0.2566038	0.0	0.0	0.0	0.0	0.0
0.330	0.18846969	0.10573039999999999	0.1899729	0.1738429	0.0	0.0	0.0	0.0	0.0
0.363	0.1325445	0.0717788	0.1503873	0.1078779	0.0	0.0	0.0	0.0	0.0
0.397	0.11546575	0.05993470000000001	0.1548077	0.0801303	0.0	0.0	0.0	0.0	0.0
0.430	0.13373078000000002	0.06523759	0.18907690000000002	0.09074089999999999	0.0	0.0	0.0	0.0	0.0
0.464	0.17143129000000001	0.07696899999999998	0.22519989999999998	0.1283105	0.0	0.0	0.0	0.0	0.0
0.498	0.2147829	0.08910390000000003	0.2433187	0.17792679999999997	0.0	0.0	0.0	0.0	0.0
0.531	0.25805520000000004	0.1030255	0.24212480000000003	0.2241624	0.0	0.0	0.0	0.0	0.0
0.565	0.29926454	0.1214877	0.2317755	0.25399829999999995	0.0	0.0	0.0	0.0	0.0
0.598	0.3322154	0.14093629999999996	0.22074560000000001	0.26018169999999996	0.0	0.0	0.0	0.0	0.0
0.632	0.3450928	0.1516533	0.2108818	0.24248959999999997	0.0	0.0	0.0	0.0	0.0
0.666	0.32866139999999994	0.146083	0.2009694	0.20678899999999997	0.0	0.0	0.0	0.0	0.0
0.699	0.28661369999999997	0.12585970000000002	0.19060410000000003	0.1637347	0.0	0.0	0.0	0.0	0.0
0.733	0.2348227	0.1000894	0.18035990000000002	0.1251023	0.0	0.0	0.0	0.0	0.0
0.766	0.19074470000000002	0.07779520000000001	0.17190310000000003	0.0990201	0.0	0.0	0.0	0.0	0.0
0.800	0.16374629999999998	0.06320120000000001	0.16981880000000002	0.08761399999999998	0.0	0.0	0.0	0.0	0.0
0.834	0.15325160000000002	0.05628029999999999	0.1785572	0.08809399999999999	0.0	0.0	0.0	0.0	0.0
0.867	0.1517571	0.054665000000000005	0.19479429999999998	0.09426869999999998	0.0	0.0	0.0	0.0	0.0
0.901	0.1496401	0.055170800000000006	0.2056281	0.0985266	0.0	0.0	0.0	0.0	0.0
0.934	0.1413938	0.0552381	0.19922120000000001	0.09578020000000001	0.0	0.0	0.0	0.0	0.0
0.968	0.12963750000000002	0.0546833	0.1782682	0.0871235	0.0	0.0	0.0	0.0	0.0
1.002	0.12350750000000002	0.05584599999999999	0.15923790000000002	0.07981150000000001	0.0	0.0	0.0	0.0	0.0
1.035	0.131747	0.0615596	0.1585536	0.08326739999999999	0.0	0.0	0.0	0.0	0.0
1.069	0.15671200000000002	0.0726168	0.17957519999999996	0.10456049999999999	0.0	0.0	0.0	0.0	0.0
1.102	0.19308960000000003	0.08719790000000001	0.21200200000000002	0.1441847	0.0	0.0	0.0	0.0	0.0
1.136	0.23039579999999998	0.10211110000000001	0.240932	0.19281200000000004	0.0	0.0	0.0	0.0	0.0
1.170	0.2571635	0.1137483	0.25488099999999997	0.23250600000000005	0.0	0.0	0.0	0.0	0.0
1.203	0.2670518	0.1190027	0.25034399999999996	0.247224	0.0	0.0	0.0	0.0	0.0
1.237	0.26431119999999997	0.11734479999999999	0.23325749999999998	0.23528200000000002	0.0	0.0	0.0	0.0	0.0
1.271	0.260852	0.1118517	0.21579749999999998	0.20936139999999998	0.0	0.0	0.0	0.0	0.0
1.304	0.264876	0.1070002	0.2069882	0.1832942	0.0	0.0	0.0	0.0	0.0
1.338	0.274597	0.1053772	0.2073091	0.1626907	0.0	0.0	0.0	0.0	0.0
1.371	0.2852167	0.1073856	0.213906	0.14838500000000002	0.0	0.0	0.0	0.0	0.0
1.405	0.2956013	0.1124569	0.226762	0.1422924	0.0	0.0	0.0	0.0	0.0
1.439	0.304571	0.1184384	0.245859	0.14525	0.0	0.0	0.0	0.0	0.0
1.472	0.30631600000000003	0.1218071	0.26548350000000004	0.1530242	0.0	0.0	0.0	0.0	0.0
1.506	0.295491	0.1204079	0.27705409999999997	0.1588878	0.0	0.0	0.0	0.0	0.0
1.539	0.274067	0.1153613	0.276305	0.15898079999999995	0.0	0.0	0.0	0.0	0.0
1.573	0.24821800000000002	0.108757	0.263307	0.15296310000000002	0.0	0.0	0.0	0.0	0.0
1.607	0.21992899999999999	0.10018669999999999	0.237534	0.1403164	0.0	0.0	0.0	0.0	0.0
1.640	0.185664	0.0871989	0.19774350000000004	0.1194358	0.0	0.0	0.0	0.0	0.0
1.674	0.14482070000000002	0.0695853	0.1481692	0.09150960000000001	0.0	0.0	0.0	0.0	0.0
1.707	0.10789940000000002	0.0529929	0.1020344	0.0640488	0.0	0.0	0.0	0.0	0.0
1.741	0.09590969999999999	0.04810919999999999	0.0774649	0.049063199999999994	0.0	0.0	0.0	0.0	0.0
1.775	0.1313356	0.0660481	0.09054789999999999	0.0582529	0.0	0.0	0.0	0.0	0.0
1.808	0.22348099999999999	0.11067720000000003	0.1471876	0.09732959999999999	0.0	0.0	0.0	0.0	0.0
1.842	0.35340560000000004	0.17125520000000005	0.23508559999999998	0.1598449	0.0	0.0	0.0	0.0	0.0
1.875	0.47441599999999995	0.22357159999999998	0.3231444	0.22523539999999997	0.0	0.0	0.0	0.0	0.0
1.909	0.5394720000000001	0.2450465	0.37810620000000006	0.2685013	0.0	0.0	0.0	0.0	0.0
1.943	0.535293	0.2320526	0.38805599999999996	0.2778096	0.0	0.0	0.0	0.0	0.0
1.976	0.48608699999999994	0.20060180000000002	0.368292	0.2628568	0.0	0.0	0.0	0.0	0.0
2.010	0.425838	0.1707193	0.34516199999999997	0.24512589999999998	0.0	0.0	0.0	0.0	0.0
2.043	0.37433200000000005	0.152625	0.33813599999999994	0.24046000000000003	0.0	0.0	0.0	0.0	0.0
2.077	0.33591099999999996	0.14533799999999997	0.35427	0.250737	0.0	0.0	0.0	0.0	0.0
2.111	0.30770600000000004	0.1422789	0.388838	0.269578	0.0	0.0	0.0	0.0	0.0
2.144	0.285048	0.1370038	0.427204	0.2924047	0.0	0.0	0.0	0.0	0.0
2.178	0.26458499999999996	0.1272314	0.4500370000000001	0.3176961	0.0	0.0	0.0	0.0	0.0
2.211	0.247187	0.11565680000000002	0.442509	0.3411389	0.0	0.0	0.0	0.0	0.0
2.245	0.23792600000000003	0.1078672	0.40251400000000004	0.3559451	0.0	0.0	0.0	0.0	0.0
2.279	0.24214999999999998	0.10908999999999999	0.341734	0.3611623	0.0	0.0	0.0	0.0	0.0
2.312	0.25859400000000005	0.1199701	0.27787	0.36104289999999994	0.0	0.0	0.0	0.0	0.0
2.346	0.275358	0.1340874	0.22469740000000002	0.3541852	0.0	0.0	0.0	0.0	0.0
2.379	0.2777404	0.1417977	0.1884099	0.33279270000000005	0.0	0.0	0.0	0.0	0.0
2.413	0.26340399999999997	0.13998960000000002	0.1707861	0.29760889999999995	0.0	0.0	0.0	0.0	0.0
2.447	0.24689099999999994	0.1373806	0.172595	0.26557369999999997	0.0	0.0	0.0	0.0	0.0
2.480	0.24547400000000003	0.1466574	0.193212	0.2555915	0.0	0.0	0.0	0.0	0.0
2.514	0.261824	0.1704797	0.22898000000000002	0.268915	0.0	0.0	0.0	0.0	0.0
2.547	0.28326100000000004	0.1974286	0.274608	0.28874	0.0	0.0	0.0	0.0	0.0
2.581	0.29641700000000004	0.2129356	0.32681	0.2976029	0.0	0.0	0.0	0.0	0.0
2.615	0.29932	0.21279330000000002	0.38502	0.2913248	0.0	0.0	0.0	0.0	0.0
2.648	0.299624	0.2052107	0.44646899999999995	0.2764496	0.0	0.0	0.0	0.0	0.0
2.682	0.305122	0.2016244	0.500038	0.259371	0.0	0.0	0.0	0.0	0.0
2.716	0.31983399999999995	0.2078303	0.5284639999999999	0.24422699999999997	0.0	0.0	0.0	0.0	0.0
2.749	0.347438	0.2225889	0.520826	0.24023	0.0	0.0	0.0	0.0	0.0
2.783	0.39295099999999994	0.24082499999999998	0.48348899999999995	0.263497	0.0	0.0	0.0	0.0	0.0
2.816	0.457251	0.256773	0.438356	0.32488500000000003	0.0	0.0	0.0	0.0	0.0
2.850	0.528872	0.265652	0.408331	0.414154	0.0	0.0	0.0	0.0	0.0
2.884	0.583983	0.264112	0.401728	0.49940599999999996	0.0	0.0	0.0	0.0	0.0
2.917	0.598768	0.25084799999999996	0.408377	0.547403	0.0	0.0	0.0	0.0	0.0
2.951	0.566774	0.22814199999999998	0.411392	0.546909	0.0	0.0	0.0	0.0	0.0
2.984	0.504626	0.20288500000000004	0.40418400000000004	0.512415	0.0	0.0	0.0	0.0	0.0
3.018	0.43923700000000004	0.183229	0.39488300000000004	0.4648520000000001	0.0	0.0	0.0	0.0	0.0
3.052	0.38952200000000003	0.173519	0.39479100000000006	0.41485000000000005	0.0	0.0	0.0	0.0	0.0
3.085	0.35972999999999994	0.17260200000000003	0.4050330000000001	0.36502499999999993	0.0	0.0	0.0	0.0	0.0
3.119	0.34444	0.17689400000000002	0.41512499999999997	0.320212	0.0	0.0	0.0	0.0	0.0
3.152	0.335462	0.18346899999999997	0.413746	0.287416	0.0	0.0	0.0	0.0	0.0
3.186	0.325982	0.190259	0.40003599999999995	0.26903599999999994	0.0	0.0	0.0	0.0	0.0
3.220	0.313002	0.195388	0.38281400000000004	0.260426	0.0	0.0	0.0	0.0	0.0
3.253	0.297716	0.19732599999999997	0.368323	0.25467200000000006	0.0	0.0	0.0	0.0	0.0
3.287	0.284738	0.19611330000000005	0.35274	0.247861	0.0	0.0	0.0	0.0	0.0
3.320	0.27939400000000003	0.19399220000000003	0.32862500000000006	0.24001099999999997	0.0	0.0	0.0	0.0	0.0
3.354	0.283517	0.19426790000000002	0.294605	0.23246699999999998	0.0	0.0	0.0	0.0	0.0
3.388	0.293529	0.1985305	0.256375	0.22551700000000002	0.0	0.0	0.0	0.0	0.0
3.421	0.303511	0.205153	0.221629	0.21971000000000002	0.0	0.0	0.0	0.0	0.0
3.455	0.31078500000000003	0.21080980000000002	0.19618	0.218915	0.0	0.0	0.0	0.0	0.0
3.488	0.31626600000000005	0.21295450000000002	0.18208499999999997	0.22839900000000002	0.0	0.0	0.0	0.0	0.0
3.522	0.317825	0.20956	0.17513600000000001	0.246516	0.0	0.0	0.0	0.0	0.0
3.556	0.305373	0.19647399999999998	0.1648754	0.25873100000000004	0.0	0.0	0.0	0.0	0.0
3.589	0.2672339999999999	0.1689208	0.1417456	0.24551299999999998	0.0	0.0	0.0	0.0	0.0
3.623	0.20377599999999998	0.12770930000000003	0.1056463	0.199881	0.0	0.0	0.0	0.0	0.0
3.656	0.131251	0.0821237	0.0662389	0.13551370000000001	0.0	0.0	0.0	0.0	0.0
3.690	0.0700877	0.043937699999999996	0.0343678	0.075295	0.0	0.0	0.0	0.0	0.0
3.724	0.030675900000000002	0.01929917	0.01463068	0.0340103	0.0	0.0	0.0	0.0	0.0
3.757	0.010931640000000001	0.00690491	0.00508179	0.012426300000000001	0.0	0.0	0.0	0.0	0.0
3.791	0.00315852	0.002002379	0.001435401	0.003662011999999999	0.0	0.0	0.0	0.0	0.0
3.824	0.0007375880000000002	0.00046928400000000004	0.00032882200000000004	0.000868953	0.0	0.0	0.0	0.0	0.0
3.858	0.0001389574	8.8639e-05	6.09469e-05	0.0001657548	0.0	0.0	0.0	0.0	0.0
3.892	2.107707e-05	1.347657e-05	9.12295e-06	2.539316e-05	0.0	0.0	0.0	0.0	0.0
3.925	2.57116e-06	1.646957e-06	1.1009279999999998e-06	3.121954e-06	0.0	0.0	0.0	0.0	0.0
3.959	2.5194e-07	1.6161400000000003e-07	1.069288e-07	3.077986e-07	0.0	0.0	0.0	0.0	0.0
3.992	1.981363e-08	1.2724580000000002e-08	8.35163e-09	2.432261e-08	0.0	0.0	0.0	0.0	0.0
4.026	1.2495949999999998e-09	8.032567000000001e-10	5.238908999999999e-10	1.539887e-09	0.0	0.0	0.0	0.0	0.0
4.060	6.317080000000001e-11	4.063673e-11	2.637579e-11	7.807253e-11	0.0	0.0	0.0	0.0	0.0
4.093	2.5580389999999997e-12	1.646466e-12	1.06428e-12	3.1686609999999997e-12	0.0	0.0	0.0	0.0	0.0
4.127	8.30139e-14	5.3454160000000004e-14	3.445554e-14	1.0299975e-13	0.0	0.0	0.0	0.0	0.0
4.161	2.158745e-15	1.3920207000000002e-15	8.877488999999999e-16	2.694861e-15	0.0	0.0	0.0	0.0	0.0
4.194	0.0	0.0	0.0	0.0	0.0	0.0	0.0	0.0	0.0
4.228	0.0	0.0	0.0	0.0	0.0	0.0	0.0	0.0	0.0
4.261	0.0	0.0	0.0	0.0	0.0	0.0	0.0	0.0	0.0
4.295	0.0	0.0	0.0	0.0	0.0	0.0	0.0	0.0	0.0
4.329	0.0	0.0	0.0	0.0	0.0	0.0	0.0	0.0	0.0
4.362	0.0	0.0	0.0	0.0	0.0	0.0	0.0	0.0	0.0
4.396	0.0	0.0	0.0	0.0	0.0	0.0	0.0	0.0	0.0
4.429	0.0	0.0	0.0	0.0	0.0	0.0	0.0	0.0	0.0
4.463	0.0	0.0	0.0	0.0	0.0	0.0	0.0	0.0	0.0
4.497	0.0	0.0	0.0	0.0	0.0	0.0	0.0	0.0	0.0
4.530	0.0	0.0	0.0	0.0	0.0	0.0	0.0	0.0	0.0
4.564	0.0	0.0	0.0	0.0	0.0	0.0	0.0	0.0	0.0
4.597	0.0	0.0	0.0	0.0	0.0	0.0	0.0	0.0	0.0
4.631	0.0	0.0	0.0	0.0	0.0	0.0	0.0	0.0	0.0
4.665	0.0	0.0	0.0	0.0	0.0	0.0	0.0	0.0	0.0
4.698	0.0	0.0	0.0	0.0	0.0	0.0	0.0	0.0	0.0
4.732	0.0	0.0	0.0	0.0	0.0	0.0	0.0	0.0	0.0
4.765	0.0	0.0	0.0	0.0	0.0	0.0	0.0	0.0	0.0
4.799	0.0	0.0	0.0	0.0	0.0	0.0	0.0	0.0	0.0
4.833	0.0	0.0	0.0	0.0	0.0	0.0	0.0	0.0	0.0
4.866	0.0	0.0	0.0	0.0	0.0	0.0	0.0	0.0	0.0
4.900	0.0	0.0	0.0	0.0	0.0	0.0	0.0	0.0	0.0
4.933	0.0	0.0	0.0	0.0	0.0	0.0	0.0	0.0	0.0
4.967	0.0	0.0	0.0	0.0	0.0	0.0	0.0	0.0	0.0
5.001	0.0	0.0	0.0	0.0	0.0	0.0	0.0	0.0	0.0
5.034	0.0	0.0	0.0	0.0	0.0	0.0	0.0	0.0	0.0
5.068	0.0	0.0	0.0	0.0	0.0	0.0	0.0	0.0	0.0
5.101	0.0	0.0	0.0	0.0	0.0	0.0	0.0	0.0	0.0
