-38.492512409999996	0.0	0.0	0.0	0.0	0.0	0.0	0.0	0.0	0.0
-38.44551241	0.0	0.0	0.0	0.0	0.0	0.0	0.0	0.0	0.0
-38.39751241	0.0	0.0	0.0	0.0	0.0	0.0	0.0	0.0	0.0
-38.349512409999996	0.0	0.0	0.0	0.0	0.0	0.0	0.0	0.0	0.0
-38.30251241	0.0	0.0	0.0	0.0	0.0	0.0	0.0	0.0	0.0
-38.25451241	0.0	0.0	0.0	0.0	0.0	0.0	0.0	0.0	0.0
-38.20751241	0.0	0.0	0.0	0.0	0.0	0.0	0.0	0.0	0.0
-38.15951241	0.0	0.0	0.0	0.0	0.0	0.0	0.0	0.0	0.0
-38.11251241	0.0	0.0	0.0	0.0	0.0	0.0	0.0	0.0	0.0
-38.06451241	0.0	0.0	0.0	0.0	0.0	0.0	0.0	0.0	0.0
-38.01651241	0.0	0.0	0.0	0.0	0.0	0.0	0.0	0.0	0.0
-37.96951241	0.0	0.0	0.0	0.0	0.0	0.0	0.0	0.0	0.0
-37.92151241	0.0	0.0	0.0	0.0	0.0	0.0	0.0	0.0	0.0
-37.87451241	0.0	0.0	0.0	0.0	0.0	0.0	0.0	0.0	0.0
-37.82651241	0.0	0.0	0.0	0.0	0.0	0.0	0.0	0.0	0.0
-37.779512409999995	0.0	0.0	0.0	0.0	0.0	0.0	0.0	0.0	0.0
-37.73151241	0.0	0.0	0.0	0.0	0.0	0.0	0.0	0.0	0.0
-37.68351241	0.0	0.0	0.0	0.0	0.0	0.0	0.0	0.0	0.0
-37.63651241	0.0	0.0	0.0	0.0	0.0	0.0	0.0	0.0	0.0
-37.58851241	0.0	0.0	0.0	0.0	0.0	0.0	0.0	0.0	0.0
-37.541512409999996	0.0	0.0	0.0	0.0	0.0	0.0	0.0	0.0	0.0
-37.49351241	0.0	0.0	0.0	0.0	0.0	0.0	0.0	0.0	0.0
-37.44551241	0.0	0.0	0.0	0.0	0.0	0.0	0.0	0.0	0.0
-37.398512409999995	0.0	0.0	0.0	0.0	0.0	0.0	0.0	0.0	0.0
-37.35051241	0.0	0.0	0.0	0.0	0.0	0.0	0.0	0.0	0.0
-37.303512409999996	0.0	0.0	0.0	0.0	0.0	0.0	0.0	0.0	0.0
-37.25551241	0.0	0.0	0.0	0.0	0.0	0.0	0.0	0.0	0.0
-37.20851241	0.0	0.0	0.0	0.0	0.0	0.0	0.0	0.0	0.0
-37.160512409999995	0.0	0.0	0.0	0.0	0.0	0.0	0.0	0.0	0.0
-37.11251241	0.0	0.0	0.0	0.0	0.0	0.0	0.0	0.0	0.0
-37.06551241	0.0	0.0	0.0	0.0	0.0	0.0	0.0	0.0	0.0
-37.01751241	0.0	0.0	0.0	0.0	0.0	0.0	0.0	0.0	0.0
-36.97051241	0.0	0.0	0.0	0.0	0.0	0.0	0.0	0.0	0.0
-36.922512409999996	1.937192e-15	1.4501699999999997e-17	6.3738661e-17	7.894069999999999e-17	0.0	0.0	0.0	0.0	0.0
-36.87451241	2.827565e-13	2.11721e-15	9.3061889e-15	1.152502e-14	0.0	0.0	0.0	0.0	0.0
-36.82751241	4.307124e-11	3.2242999999999997e-13	1.4170847299999998e-12	1.755155e-12	0.0	0.0	0.0	0.0	0.0
-36.779512409999995	4.199514e-09	3.1429999999999995e-11	1.38168141e-10	1.7112019999999996e-10	0.0	0.0	0.0	0.0	0.0
-36.73251241	2.624179e-07	1.96408e-09	8.6333839e-09	1.069208e-08	0.0	0.0	0.0	0.0	0.0
-36.684512409999996	1.051776e-05	7.872600000000001e-08	3.4601424e-07	4.285574e-07	0.0	0.0	0.0	0.0	0.0
-36.63751241	0.00027077190000000004	2.02684e-06	8.9080129e-06	1.1032880000000001e-05	0.0	0.0	0.0	0.0	0.0
-36.58951241	0.004480667	3.3542e-05	0.000147438347	0.0001825989	0.0	0.0	0.0	0.0	0.0
-36.541512409999996	0.047743530000000006	0.00035733	0.0015706887999999998	0.0019449270000000002	0.0	0.0	0.0	0.0	0.0
-36.49451241	0.3277499	0.0024535900000000003	0.0107837757	0.013356879999999998	0.0	0.0	0.0	0.0	0.0
-36.44651241	1.451954	0.010868699999999999	0.047771456000000004	0.0591657	0.0	0.0	0.0	0.0	0.0
-36.39951241	4.153301	0.031096	0.13665634200000001	0.16924689999999998	0.0	0.0	0.0	0.0	0.0
-36.35151241	7.67827	0.057471999999999995	0.25260182999999997	0.3128682	0.0	0.0	0.0	0.0	0.0
-36.30451241	9.17776	0.068701	0.30197616	0.3739404	0.0	0.0	0.0	0.0	0.0
-36.25651241	7.09292	0.0531	0.23341067000000001	0.2890527	0.0	0.0	0.0	0.0	0.0
-36.20851241	3.544682	0.0265311	0.11661323	0.1444271	0.0	0.0	0.0	0.0	0.0
-36.16151241	1.144408	0.0085664	0.037647283999999996	0.046626499999999994	0.0	0.0	0.0	0.0	0.0
-36.11351241	0.2385614	0.00178592	0.0078493416	0.00972242	0.0	0.0	0.0	0.0	0.0
-36.06651241	0.03208018	0.00024019000000000002	0.00105553007	0.001307352	0.0	0.0	0.0	0.0	0.0
-36.01851241	0.0027799260000000003	2.0809e-05	9.145698399999998e-05	0.00011327459999999999	0.0	0.0	0.0	0.0	0.0
-35.97051241	0.00015501539999999997	1.1603300000000001e-06	5.1001347e-06	6.3162e-06	0.0	0.0	0.0	0.0	0.0
-35.92351241	5.555519999999999e-06	4.1591000000000005e-08	1.8283186e-07	2.263869e-07	0.0	0.0	0.0	0.0	0.0
-35.87551241	1.2788220000000002e-07	9.5738e-10	4.2070603e-09	5.2111299999999996e-09	0.0	0.0	0.0	0.0	0.0
-35.82851241	1.8878410000000003e-09	1.41311e-11	6.2103704e-11	7.693e-11	0.0	0.0	0.0	0.0	0.0
-35.78051241	1.7852929999999997e-11	1.33642e-13	5.8738654e-13	7.27543e-13	0.0	0.0	0.0	0.0	0.0
-35.733512409999996	1.0848459999999999e-13	8.120800000000001e-16	3.5691935e-15	4.42099e-15	0.0	0.0	0.0	0.0	0.0
-35.68551241	0.0	0.0	0.0	0.0	0.0	0.0	0.0	0.0	0.0
-35.63751241	0.0	0.0	0.0	0.0	0.0	0.0	0.0	0.0	0.0
-35.590512409999995	0.0	0.0	0.0	0.0	0.0	0.0	0.0	0.0	0.0
-35.54251241	0.0	0.0	0.0	0.0	0.0	0.0	0.0	0.0	0.0
-35.495512409999996	0.0	0.0	0.0	0.0	0.0	0.0	0.0	0.0	0.0
-35.44751241	0.0	0.0	0.0	0.0	0.0	0.0	0.0	0.0	0.0
-35.39951241	0.0	0.0	0.0	0.0	0.0	0.0	0.0	0.0	0.0
-35.352512409999996	0.0	0.0	0.0	0.0	0.0	0.0	0.0	0.0	0.0
-35.30451241	0.0	0.0	0.0	0.0	0.0	0.0	0.0	0.0	0.0
-35.25751241	0.0	0.0	0.0	0.0	0.0	0.0	0.0	0.0	0.0
-35.20951241	0.0	0.0	0.0	0.0	0.0	0.0	0.0	0.0	0.0
-35.16251241	4.67042272e-14	2.4722282000000004e-16	3.68212e-15	6.972787600000001e-16	0.0	0.0	0.0	0.0	0.0
-35.114512409999996	8.191757400000001e-12	4.3350934999999995e-14	6.456265e-13	1.22303817e-13	0.0	0.0	0.0	0.0	0.0
-35.06651241	9.298805300000001e-10	4.9210526e-12	7.330372999999999e-11	1.3882568500000001e-11	0.0	0.0	0.0	0.0	0.0
-35.01951241	6.761403e-08	3.5786154000000003e-10	5.330011e-09	1.0095140199999999e-09	0.0	0.0	0.0	0.0	0.0
-34.971512409999995	3.15298585e-06	1.6686823e-08	2.485798e-07	4.7076316999999996e-08	0.0	0.0	0.0	0.0	0.0
-34.92451241	9.438939100000002e-05	4.9955952e-07	7.4396729999999996e-06	1.4092591599999999e-06	0.0	0.0	0.0	0.0	0.0
-34.87651241	0.0018156195000000003	9.610996e-06	0.00014311210000000002	2.71110622e-05	0.0	0.0	0.0	0.0	0.0
-34.82951241	0.02248629	0.00011898013000000001	0.001771729	0.00033569791100000003	0.0	0.0	0.0	0.0	0.0
-34.78151241	0.179269773	0.0009487975	0.01413209	0.0026772023	0.0	0.0	0.0	0.0	0.0
-34.733512409999996	0.92217332	0.0048803457	0.07269008	0.0137685548	0.0	0.0	0.0	0.0	0.0
-34.68651241	3.06189998	0.016202842	0.2413297	0.0457201636	0.0	0.0	0.0	0.0	0.0
-34.63851241	6.5692211	0.034763982	0.5178425999999999	0.098081078	0.0	0.0	0.0	0.0	0.0
-34.59151241	9.111629	0.048214659	0.7182613	0.136035363	0.0	0.0	0.0	0.0	0.0
-34.54351241	8.170738000000002	0.043245817	0.6440598000000001	0.12200378199999999	0.0	0.0	0.0	0.0	0.0
-34.495512409999996	4.737486810000001	0.025077143000000003	0.3734658	0.07073799000000001	0.0	0.0	0.0	0.0	0.0
-34.44851241	1.77628165	0.00939716	0.1399289	0.0265099942	0.0	0.0	0.0	0.0	0.0
-34.40051241	0.429807029	0.0022744449	0.03387801	0.006417024780000001	0.0	0.0	0.0	0.0	0.0
-34.35351241	0.067133572	0.00035524611	0.0052918390000000004	0.0010024132100000002	0.0	0.0	0.0	0.0	0.0
-34.30551241	0.0067594006	3.5772052000000005e-05	0.0005327598000000001	0.000100911397	0.0	0.0	0.0	0.0	0.0
-34.25851241	0.000438114923	2.3188522999999997e-06	3.453792e-05	6.540838730000001e-06	0.0	0.0	0.0	0.0	0.0
-34.21051241	1.82602966e-05	9.664235000000001e-08	1.439837e-06	2.72670795e-07	0.0	0.0	0.0	0.0	0.0
-34.16251241	4.88962975e-07	2.5876278000000002e-09	3.854387e-08	7.2998244e-09	0.0	0.0	0.0	0.0	0.0
-34.11551241	8.3989541e-09	4.445092e-11	6.620593e-10	1.25394163e-10	0.0	0.0	0.0	0.0	0.0
-34.06751241	9.247758300000002e-11	4.8946881e-13	7.2908e-12	1.3808559399999998e-12	0.0	0.0	0.0	0.0	0.0
-34.02051241	6.5001558e-13	3.439832e-15	5.1235870000000003e-14	9.705096099999998e-15	0.0	0.0	0.0	0.0	0.0
-33.97251241	3.89168592e-15	2.0595285000000003e-17	3.068663e-16	5.811656370000001e-17	0.0	0.0	0.0	0.0	0.0
-33.92451241	0.0	0.0	0.0	0.0	0.0	0.0	0.0	0.0	0.0
-33.87751241	0.0	0.0	0.0	0.0	0.0	0.0	0.0	0.0	0.0
-33.82951241	0.0	0.0	0.0	0.0	0.0	0.0	0.0	0.0	0.0
-33.782512409999995	0.0	0.0	0.0	0.0	0.0	0.0	0.0	0.0	0.0
-33.73451241	0.0	0.0	0.0	0.0	0.0	0.0	0.0	0.0	0.0
-33.68751241	0.0	0.0	0.0	0.0	0.0	0.0	0.0	0.0	0.0
-33.63951241	0.0	0.0	0.0	0.0	0.0	0.0	0.0	0.0	0.0
-33.59151241	0.0	0.0	0.0	0.0	0.0	0.0	0.0	0.0	0.0
-33.544512409999996	0.0	0.0	0.0	0.0	0.0	0.0	0.0	0.0	0.0
-33.49651241	0.0	0.0	0.0	0.0	0.0	0.0	0.0	0.0	0.0
-33.44951241	0.0	0.0	0.0	0.0	0.0	0.0	0.0	0.0	0.0
-33.401512409999995	0.0	0.0	0.0	0.0	0.0	0.0	0.0	0.0	0.0
-33.35451241	0.0	0.0	0.0	0.0	0.0	0.0	0.0	0.0	0.0
-33.306512409999996	0.0	0.0	0.0	0.0	0.0	0.0	0.0	0.0	0.0
-33.25851241	0.0	0.0	0.0	0.0	0.0	0.0	0.0	0.0	0.0
-33.21151241	0.0	0.0	0.0	0.0	0.0	0.0	0.0	0.0	0.0
-33.163512409999996	0.0	0.0	0.0	0.0	0.0	0.0	0.0	0.0	0.0
-33.11651241	0.0	0.0	0.0	0.0	0.0	0.0	0.0	0.0	0.0
-33.06851241	0.0	0.0	0.0	0.0	0.0	0.0	0.0	0.0	0.0
-33.02051241	0.0	0.0	0.0	0.0	0.0	0.0	0.0	0.0	0.0
-32.97351241	0.0	0.0	0.0	0.0	0.0	0.0	0.0	0.0	0.0
-32.925512409999996	0.0	0.0	0.0	0.0	0.0	0.0	0.0	0.0	0.0
-32.87851241	0.0	0.0	0.0	0.0	0.0	0.0	0.0	0.0	0.0
-32.83051241	0.0	0.0	0.0	0.0	0.0	0.0	0.0	0.0	0.0
-32.78351241	0.0	0.0	0.0	0.0	0.0	0.0	0.0	0.0	0.0
-32.73551241	0.0	0.0	0.0	0.0	0.0	0.0	0.0	0.0	0.0
-32.68751241	0.0	0.0	0.0	0.0	0.0	0.0	0.0	0.0	0.0
-32.64051241	0.0	0.0	0.0	0.0	0.0	0.0	0.0	0.0	0.0
-32.59251241	0.0	0.0	0.0	0.0	0.0	0.0	0.0	0.0	0.0
-32.54551241	0.0	0.0	0.0	0.0	0.0	0.0	0.0	0.0	0.0
-32.49751241	0.0	0.0	0.0	0.0	0.0	0.0	0.0	0.0	0.0
-32.44951241	0.0	0.0	0.0	0.0	0.0	0.0	0.0	0.0	0.0
-32.40251241	0.0	0.0	0.0	0.0	0.0	0.0	0.0	0.0	0.0
-32.35451241	0.0	0.0	0.0	0.0	0.0	0.0	0.0	0.0	0.0
-32.30751241	0.0	0.0	0.0	0.0	0.0	0.0	0.0	0.0	0.0
-32.25951241	0.0	0.0	0.0	0.0	0.0	0.0	0.0	0.0	0.0
-32.212512409999995	0.0	0.0	0.0	0.0	0.0	0.0	0.0	0.0	0.0
-32.16451241	0.0	0.0	0.0	0.0	0.0	0.0	0.0	0.0	0.0
-32.11651241	0.0	0.0	0.0	0.0	0.0	0.0	0.0	0.0	0.0
-32.06951241	0.0	0.0	0.0	0.0	0.0	0.0	0.0	0.0	0.0
-32.02151241	0.0	0.0	0.0	0.0	0.0	0.0	0.0	0.0	0.0
-31.974512409999996	0.0	0.0	0.0	0.0	0.0	0.0	0.0	0.0	0.0
-31.92651241	0.0	0.0	0.0	0.0	0.0	0.0	0.0	0.0	0.0
-31.879512409999997	0.0	0.0	0.0	0.0	0.0	0.0	0.0	0.0	0.0
-31.831512410000002	0.0	0.0	0.0	0.0	0.0	0.0	0.0	0.0	0.0
-31.78351241	0.0	0.0	0.0	0.0	0.0	0.0	0.0	0.0	0.0
-31.736512409999996	0.0	0.0	0.0	0.0	0.0	0.0	0.0	0.0	0.0
-31.68851241	0.0	0.0	0.0	0.0	0.0	0.0	0.0	0.0	0.0
-31.641512409999997	0.0	0.0	0.0	0.0	0.0	0.0	0.0	0.0	0.0
-31.593512409999995	0.0	0.0	0.0	0.0	0.0	0.0	0.0	0.0	0.0
-31.54551241	0.0	0.0	0.0	0.0	0.0	0.0	0.0	0.0	0.0
-31.498512409999996	0.0	0.0	0.0	0.0	0.0	0.0	0.0	0.0	0.0
-31.45051241	0.0	0.0	0.0	0.0	0.0	0.0	0.0	0.0	0.0
-31.403512409999998	0.0	0.0	0.0	0.0	0.0	0.0	0.0	0.0	0.0
-31.355512409999996	0.0	0.0	0.0	0.0	0.0	0.0	0.0	0.0	0.0
-31.30851241	0.0	0.0	0.0	0.0	0.0	0.0	0.0	0.0	0.0
-31.260512409999997	0.0	0.0	0.0	0.0	0.0	0.0	0.0	0.0	0.0
-31.212512409999995	0.0	0.0	0.0	0.0	0.0	0.0	0.0	0.0	0.0
-31.165512409999998	0.0	0.0	0.0	0.0	0.0	0.0	0.0	0.0	0.0
-31.117512409999996	0.0	0.0	0.0	0.0	0.0	0.0	0.0	0.0	0.0
-31.07051241	0.0	0.0	0.0	0.0	0.0	0.0	0.0	0.0	0.0
-31.022512409999997	0.0	0.0	0.0	0.0	0.0	0.0	0.0	0.0	0.0
-30.97551241	0.0	0.0	0.0	0.0	0.0	0.0	0.0	0.0	0.0
-30.92751241	0.0	0.0	0.0	0.0	0.0	0.0	0.0	0.0	0.0
-30.879512409999997	0.0	0.0	0.0	0.0	0.0	0.0	0.0	0.0	0.0
-30.83251241	0.0	0.0	0.0	0.0	0.0	0.0	0.0	0.0	0.0
-30.784512409999998	0.0	0.0	0.0	0.0	0.0	0.0	0.0	0.0	0.0
-30.73751241	0.0	0.0	0.0	0.0	0.0	0.0	0.0	0.0	0.0
-30.68951241	0.0	0.0	0.0	0.0	0.0	0.0	0.0	0.0	0.0
-30.641512409999997	0.0	0.0	0.0	0.0	0.0	0.0	0.0	0.0	0.0
-30.59451241	0.0	0.0	0.0	0.0	0.0	0.0	0.0	0.0	0.0
-30.54651241	0.0	0.0	0.0	0.0	0.0	0.0	0.0	0.0	0.0
-30.49951241	0.0	0.0	0.0	0.0	0.0	0.0	0.0	0.0	0.0
-30.45151241	0.0	0.0	0.0	0.0	0.0	0.0	0.0	0.0	0.0
-30.404512409999995	0.0	0.0	0.0	0.0	0.0	0.0	0.0	0.0	0.0
-30.35651241	0.0	0.0	0.0	0.0	0.0	0.0	0.0	0.0	0.0
-30.30851241	0.0	0.0	0.0	0.0	0.0	0.0	0.0	0.0	0.0
-30.26151241	0.0	0.0	0.0	0.0	0.0	0.0	0.0	0.0	0.0
-30.21351241	0.0	0.0	0.0	0.0	0.0	0.0	0.0	0.0	0.0
-30.166512409999996	0.0	0.0	0.0	0.0	0.0	0.0	0.0	0.0	0.0
-30.11851241	0.0	0.0	0.0	0.0	0.0	0.0	0.0	0.0	0.0
-30.07051241	0.0	0.0	0.0	0.0	0.0	0.0	0.0	0.0	0.0
-30.023512409999995	0.0	0.0	0.0	0.0	0.0	0.0	0.0	0.0	0.0
-29.97551241	0.0	0.0	0.0	0.0	0.0	0.0	0.0	0.0	0.0
-29.928512409999996	0.0	0.0	0.0	0.0	0.0	0.0	0.0	0.0	0.0
-29.88051241	0.0	0.0	0.0	0.0	0.0	0.0	0.0	0.0	0.0
-29.833512409999997	1.381017e-13	2.7833e-15	3.05256e-17	6.105821e-15	0.0	0.0	0.0	0.0	0.0
-29.785512409999995	2.2161079999999997e-11	4.46602e-13	4.8987099999999995e-15	9.800007e-13	0.0	0.0	0.0	0.0	0.0
-29.73751241	2.285989e-09	4.6076399999999994e-11	5.055e-13	1.0110940999999998e-10	0.0	0.0	0.0	0.0	0.0
-29.690512409999997	1.511115e-07	3.04675e-09	3.3417e-11	6.683969999999999e-09	0.0	0.0	0.0	0.0	0.0
-29.642512410000002	6.409722000000001e-06	1.2918999999999998e-07	1.4168199999999999e-09	2.834687e-07	0.0	0.0	0.0	0.0	0.0
-29.595512409999998	0.0001745381	3.5174199999999997e-06	3.8585799999999995e-08	7.719114e-06	0.0	0.0	0.0	0.0	0.0
-29.54751241	0.003055456	6.15806e-05	6.75471e-07	0.000135108	0.0	0.0	0.0	0.0	0.0
-29.50051241	0.034423419999999996	0.0006936970000000001	7.60971e-06	0.0015222134999999999	0.0	0.0	0.0	0.0	0.0
-29.452512409999997	0.24987650000000003	0.00503561	5.52438e-05	0.011051143999999999	0.0	0.0	0.0	0.0	0.0
-29.40451241	1.1703740000000002	0.0235848	0.00025870200000000003	0.05174962	0.0	0.0	0.0	0.0	0.0
-29.35751241	3.538061	0.0713167	0.000782348	0.15649017999999998	0.0	0.0	0.0	0.0	0.0
-29.30951241	6.913848	0.13935299999999998	0.0015283000000000002	0.3057403	0.0	0.0	0.0	0.0	0.0
-29.26251241	8.734470000000002	0.17604800000000004	0.00193114	0.3863198	0.0	0.0	0.0	0.0	0.0
-29.214512409999998	7.1351700000000005	0.143811	0.0015770600000000001	0.31556750000000006	0.0	0.0	0.0	0.0	0.0
-29.16651241	3.768062	0.0759503	0.000833167	0.16664455	0.0	0.0	0.0	0.0	0.0
-29.11951241	1.286451	0.0259175	0.00028436	0.05688442	0.0	0.0	0.0	0.0	0.0
-29.071512409999997	0.2835149	0.005713459999999999	6.267870000000001e-05	0.012537182	0.0	0.0	0.0	0.0	0.0
-29.02451241	0.04030329	0.0008124	8.9116e-06	0.0017823852999999997	0.0	0.0	0.0	0.0	0.0
-28.976512409999998	0.003692874	7.444e-05	8.165250000000001e-07	0.00016334612	0.0	0.0	0.0	0.0	0.0
-28.929512409999997	0.00021784839999999998	4.39001e-06	4.8159399999999996e-08	9.632935e-06	0.0	0.0	0.0	0.0	0.0
-28.88151241	8.259380000000001e-06	1.66457e-07	1.82603e-09	3.652418e-07	0.0	0.0	0.0	0.0	0.0
-28.833512409999997	2.010863e-07	4.05264e-09	4.44573e-11	8.894118e-09	0.0	0.0	0.0	0.0	0.0
-28.78651241	3.141439e-09	6.33093e-11	6.944810000000001e-13	1.3891663e-10	0.0	0.0	0.0	0.0	0.0
-28.73851241	3.1436330000000004e-11	6.337160000000001e-13	6.951079999999999e-15	1.3904169e-12	0.0	0.0	0.0	0.0	0.0
-28.691512409999998	2.024834e-13	4.0807699999999995e-15	4.4768399999999997e-17	8.955645e-15	0.0	0.0	0.0	0.0	0.0
-28.64351241	0.0	0.0	0.0	0.0	0.0	0.0	0.0	0.0	0.0
-28.595512409999998	0.0	0.0	0.0	0.0	0.0	0.0	0.0	0.0	0.0
-28.548512409999997	0.0	0.0	0.0	0.0	0.0	0.0	0.0	0.0	0.0
-28.50051241	0.0	0.0	0.0	0.0	0.0	0.0	0.0	0.0	0.0
-28.45351241	0.0	0.0	0.0	0.0	0.0	0.0	0.0	0.0	0.0
-28.40551241	0.0	0.0	0.0	0.0	0.0	0.0	0.0	0.0	0.0
-28.35851241	0.0	0.0	0.0	0.0	0.0	0.0	0.0	0.0	0.0
-28.310512409999998	0.0	0.0	0.0	0.0	0.0	0.0	0.0	0.0	0.0
-28.26251241	0.0	0.0	0.0	0.0	0.0	0.0	0.0	0.0	0.0
-28.21551241	0.0	0.0	0.0	0.0	0.0	0.0	0.0	0.0	0.0
-28.167512409999997	0.0	0.0	0.0	0.0	0.0	0.0	0.0	0.0	0.0
-28.12051241	0.0	0.0	0.0	0.0	0.0	0.0	0.0	0.0	0.0
-28.072512409999998	0.0	0.0	0.0	0.0	0.0	0.0	0.0	0.0	0.0
-28.025512409999997	0.0	0.0	0.0	0.0	0.0	0.0	0.0	0.0	0.0
-27.97751241	0.0	0.0	0.0	0.0	0.0	0.0	0.0	0.0	0.0
-27.929512409999997	0.0	0.0	0.0	0.0	0.0	0.0	0.0	0.0	0.0
-27.882512409999997	0.0	0.0	0.0	0.0	0.0	0.0	0.0	0.0	0.0
-27.83451241	0.0	0.0	0.0	0.0	0.0	0.0	0.0	0.0	0.0
-27.787512409999998	0.0	0.0	0.0	0.0	0.0	0.0	0.0	0.0	0.0
-27.73951241	0.0	0.0	0.0	0.0	0.0	0.0	0.0	0.0	0.0
-27.691512409999998	0.0	0.0	0.0	0.0	0.0	0.0	0.0	0.0	0.0
-27.644512409999997	0.0	0.0	0.0	0.0	0.0	0.0	0.0	0.0	0.0
-27.59651241	0.0	0.0	0.0	0.0	0.0	0.0	0.0	0.0	0.0
-27.54951241	0.0	0.0	0.0	0.0	0.0	0.0	0.0	0.0	0.0
-27.50151241	0.0	0.0	0.0	0.0	0.0	0.0	0.0	0.0	0.0
-27.45451241	0.0	0.0	0.0	0.0	0.0	0.0	0.0	0.0	0.0
-27.406512409999998	0.0	0.0	0.0	0.0	0.0	0.0	0.0	0.0	0.0
-27.35851241	0.0	0.0	0.0	0.0	0.0	0.0	0.0	0.0	0.0
-27.31151241	0.0	0.0	0.0	0.0	0.0	0.0	0.0	0.0	0.0
-27.263512409999997	0.0	0.0	0.0	0.0	0.0	0.0	0.0	0.0	0.0
-27.21651241	0.0	0.0	0.0	0.0	0.0	0.0	0.0	0.0	0.0
-27.168512409999998	0.0	0.0	0.0	0.0	0.0	0.0	0.0	0.0	0.0
-27.12051241	0.0	0.0	0.0	0.0	0.0	0.0	0.0	0.0	0.0
-27.07351241	0.0	0.0	0.0	0.0	0.0	0.0	0.0	0.0	0.0
-27.025512409999997	0.0	0.0	0.0	0.0	0.0	0.0	0.0	0.0	0.0
-26.978512409999997	0.0	0.0	0.0	0.0	0.0	0.0	0.0	0.0	0.0
-26.93051241	0.0	0.0	0.0	0.0	0.0	0.0	0.0	0.0	0.0
-26.883512409999998	0.0	0.0	0.0	0.0	0.0	0.0	0.0	0.0	0.0
-26.83551241	0.0	0.0	0.0	0.0	0.0	0.0	0.0	0.0	0.0
-26.787512409999998	0.0	0.0	0.0	0.0	0.0	0.0	0.0	0.0	0.0
-26.740512409999997	0.0	0.0	0.0	0.0	0.0	0.0	0.0	0.0	0.0
-26.69251241	0.0	0.0	0.0	0.0	0.0	0.0	0.0	0.0	0.0
-26.64551241	0.0	0.0	0.0	0.0	0.0	0.0	0.0	0.0	0.0
-26.59751241	0.0	0.0	0.0	0.0	0.0	0.0	0.0	0.0	0.0
-26.55051241	0.0	0.0	0.0	0.0	0.0	0.0	0.0	0.0	0.0
-26.502512409999998	0.0	0.0	0.0	0.0	0.0	0.0	0.0	0.0	0.0
-26.45451241	0.0	0.0	0.0	0.0	0.0	0.0	0.0	0.0	0.0
-26.40751241	0.0	0.0	0.0	0.0	0.0	0.0	0.0	0.0	0.0
-26.359512409999997	0.0	0.0	0.0	0.0	0.0	0.0	0.0	0.0	0.0
-26.31251241	0.0	0.0	0.0	0.0	0.0	0.0	0.0	0.0	0.0
-26.26451241	0.0	0.0	0.0	0.0	0.0	0.0	0.0	0.0	0.0
-26.21651241	0.0	0.0	0.0	0.0	0.0	0.0	0.0	0.0	0.0
-26.16951241	0.0	0.0	0.0	0.0	0.0	0.0	0.0	0.0	0.0
-26.121512409999998	0.0	0.0	0.0	0.0	0.0	0.0	0.0	0.0	0.0
-26.074512409999997	0.0	0.0	0.0	0.0	0.0	0.0	0.0	0.0	0.0
-26.02651241	0.0	0.0	0.0	0.0	0.0	0.0	0.0	0.0	0.0
-25.979512409999998	0.0	0.0	0.0	0.0	0.0	0.0	0.0	0.0	0.0
-25.93151241	0.0	0.0	0.0	0.0	0.0	0.0	0.0	0.0	0.0
-25.883512409999998	0.0	0.0	0.0	0.0	0.0	0.0	0.0	0.0	0.0
-25.836512409999997	0.0	0.0	0.0	0.0	0.0	0.0	0.0	0.0	0.0
-25.78851241	0.0	0.0	0.0	0.0	0.0	0.0	0.0	0.0	0.0
-25.74151241	0.0	0.0	0.0	0.0	0.0	0.0	0.0	0.0	0.0
-25.69351241	0.0	0.0	0.0	0.0	0.0	0.0	0.0	0.0	0.0
-25.64651241	0.0	0.0	0.0	0.0	0.0	0.0	0.0	0.0	0.0
-25.598512409999998	0.0	0.0	0.0	0.0	0.0	0.0	0.0	0.0	0.0
-25.55051241	0.0	0.0	0.0	0.0	0.0	0.0	0.0	0.0	0.0
-25.50351241	0.0	0.0	0.0	0.0	0.0	0.0	0.0	0.0	0.0
-25.455512409999997	0.0	0.0	0.0	0.0	0.0	0.0	0.0	0.0	0.0
-25.40851241	0.0	0.0	0.0	0.0	0.0	0.0	0.0	0.0	0.0
-25.36051241	0.0	0.0	0.0	0.0	0.0	0.0	0.0	0.0	0.0
-25.31251241	0.0	0.0	0.0	0.0	0.0	0.0	0.0	0.0	0.0
-25.26551241	0.0	0.0	0.0	0.0	0.0	0.0	0.0	0.0	0.0
-25.217512409999998	0.0	0.0	0.0	0.0	0.0	0.0	0.0	0.0	0.0
-25.170512409999997	0.0	0.0	0.0	0.0	0.0	0.0	0.0	0.0	0.0
-25.12251241	0.0	0.0	0.0	0.0	0.0	0.0	0.0	0.0	0.0
-25.075512409999998	0.0	0.0	0.0	0.0	0.0	0.0	0.0	0.0	0.0
-25.02751241	0.0	0.0	0.0	0.0	0.0	0.0	0.0	0.0	0.0
-24.979512409999998	0.0	0.0	0.0	0.0	0.0	0.0	0.0	0.0	0.0
-24.932512409999998	0.0	0.0	0.0	0.0	0.0	0.0	0.0	0.0	0.0
-24.88451241	0.0	0.0	0.0	0.0	0.0	0.0	0.0	0.0	0.0
-24.83751241	0.0	0.0	0.0	0.0	0.0	0.0	0.0	0.0	0.0
-24.789512409999997	0.0	0.0	0.0	0.0	0.0	0.0	0.0	0.0	0.0
-24.74151241	0.0	0.0	0.0	0.0	0.0	0.0	0.0	0.0	0.0
-24.694512409999998	0.0	0.0	0.0	0.0	0.0	0.0	0.0	0.0	0.0
-24.64651241	0.0	0.0	0.0	0.0	0.0	0.0	0.0	0.0	0.0
-24.59951241	0.0	0.0	0.0	0.0	0.0	0.0	0.0	0.0	0.0
-24.551512409999997	0.0	0.0	0.0	0.0	0.0	0.0	0.0	0.0	0.0
-24.50451241	0.0	0.0	0.0	0.0	0.0	0.0	0.0	0.0	0.0
-24.45651241	0.0	0.0	0.0	0.0	0.0	0.0	0.0	0.0	0.0
-24.40851241	0.0	0.0	0.0	0.0	0.0	0.0	0.0	0.0	0.0
-24.36151241	0.0	0.0	0.0	0.0	0.0	0.0	0.0	0.0	0.0
-24.313512409999998	0.0	0.0	0.0	0.0	0.0	0.0	0.0	0.0	0.0
-24.266512409999997	0.0	0.0	0.0	0.0	0.0	0.0	0.0	0.0	0.0
-24.21851241	0.0	0.0	0.0	0.0	0.0	0.0	0.0	0.0	0.0
-24.17151241	0.0	0.0	0.0	0.0	0.0	0.0	0.0	0.0	0.0
-24.12351241	0.0	0.0	0.0	0.0	0.0	0.0	0.0	0.0	0.0
-24.075512409999998	0.0	0.0	0.0	0.0	0.0	0.0	0.0	0.0	0.0
-24.028512409999998	0.0	0.0	0.0	0.0	0.0	0.0	0.0	0.0	0.0
-23.98051241	0.0	0.0	0.0	0.0	0.0	0.0	0.0	0.0	0.0
-23.93351241	0.0	0.0	0.0	0.0	0.0	0.0	0.0	0.0	0.0
-23.885512409999997	0.0	0.0	0.0	0.0	0.0	0.0	0.0	0.0	0.0
-23.83751241	0.0	0.0	0.0	0.0	0.0	0.0	0.0	0.0	0.0
-23.790512409999998	0.0	0.0	0.0	0.0	0.0	0.0	0.0	0.0	0.0
-23.74251241	0.0	0.0	0.0	0.0	0.0	0.0	0.0	0.0	0.0
-23.69551241	0.0	0.0	0.0	0.0	0.0	0.0	0.0	0.0	0.0
-23.647512409999997	0.0	0.0	0.0	0.0	0.0	0.0	0.0	0.0	0.0
-23.60051241	0.0	0.0	0.0	0.0	0.0	0.0	0.0	0.0	0.0
-23.55251241	0.0	0.0	0.0	0.0	0.0	0.0	0.0	0.0	0.0
-23.50451241	0.0	0.0	0.0	0.0	0.0	0.0	0.0	0.0	0.0
-23.45751241	0.0	0.0	0.0	0.0	0.0	0.0	0.0	0.0	0.0
-23.409512409999998	0.0	0.0	0.0	0.0	0.0	0.0	0.0	0.0	0.0
-23.362512409999997	0.0	0.0	0.0	0.0	0.0	0.0	0.0	0.0	0.0
-23.31451241	0.0	0.0	0.0	0.0	0.0	0.0	0.0	0.0	0.0
-23.266512409999997	0.0	0.0	0.0	0.0	0.0	0.0	0.0	0.0	0.0
-23.21951241	0.0	0.0	0.0	0.0	0.0	0.0	0.0	0.0	0.0
-23.17151241	0.0	0.0	0.0	0.0	0.0	0.0	0.0	0.0	0.0
-23.124512409999998	0.0	0.0	0.0	0.0	0.0	0.0	0.0	0.0	0.0
-23.07651241	0.0	0.0	0.0	0.0	0.0	0.0	0.0	0.0	0.0
-23.02951241	0.0	0.0	0.0	0.0	0.0	0.0	0.0	0.0	0.0
-22.981512409999997	0.0	0.0	0.0	0.0	0.0	0.0	0.0	0.0	0.0
-22.93351241	0.0	0.0	0.0	0.0	0.0	0.0	0.0	0.0	0.0
-22.886512409999998	0.0	0.0	0.0	0.0	0.0	0.0	0.0	0.0	0.0
-22.83851241	0.0	0.0	0.0	0.0	0.0	0.0	0.0	0.0	0.0
-22.79151241	0.0	0.0	0.0	0.0	0.0	0.0	0.0	0.0	0.0
-22.743512409999997	0.0	0.0	0.0	0.0	0.0	0.0	0.0	0.0	0.0
-22.696512409999997	0.0	0.0	0.0	0.0	0.0	0.0	0.0	0.0	0.0
-22.64851241	0.0	0.0	0.0	0.0	0.0	0.0	0.0	0.0	0.0
-22.60051241	0.0	0.0	0.0	0.0	0.0	0.0	0.0	0.0	0.0
-22.55351241	0.0	0.0	0.0	0.0	0.0	0.0	0.0	0.0	0.0
-22.505512409999998	0.0	0.0	0.0	0.0	0.0	0.0	0.0	0.0	0.0
-22.458512409999997	0.0	0.0	0.0	0.0	0.0	0.0	0.0	0.0	0.0
-22.41051241	0.0	0.0	0.0	0.0	0.0	0.0	0.0	0.0	0.0
-22.362512409999997	0.0	0.0	0.0	0.0	0.0	0.0	0.0	0.0	0.0
-22.31551241	0.0	0.0	0.0	0.0	0.0	0.0	0.0	0.0	0.0
-22.26751241	0.0	0.0	0.0	0.0	0.0	0.0	0.0	0.0	0.0
-22.220512409999998	0.0	0.0	0.0	0.0	0.0	0.0	0.0	0.0	0.0
-22.17251241	0.0	0.0	0.0	0.0	0.0	0.0	0.0	0.0	0.0
-22.12551241	0.0	0.0	0.0	0.0	0.0	0.0	0.0	0.0	0.0
-22.077512409999997	0.0	0.0	0.0	0.0	0.0	0.0	0.0	0.0	0.0
-22.02951241	0.0	0.0	0.0	0.0	0.0	0.0	0.0	0.0	0.0
-21.98251241	0.0	0.0	0.0	0.0	0.0	0.0	0.0	0.0	0.0
-21.93451241	0.0	0.0	0.0	0.0	0.0	0.0	0.0	0.0	0.0
-21.88751241	0.0	0.0	0.0	0.0	0.0	0.0	0.0	0.0	0.0
-21.839512409999998	0.0	0.0	0.0	0.0	0.0	0.0	0.0	0.0	0.0
-21.79151241	0.0	0.0	0.0	0.0	0.0	0.0	0.0	0.0	0.0
-21.74451241	0.0	0.0	0.0	0.0	0.0	0.0	0.0	0.0	0.0
-21.696512409999997	0.0	0.0	0.0	0.0	0.0	0.0	0.0	0.0	0.0
-21.64951241	0.0	0.0	0.0	0.0	0.0	0.0	0.0	0.0	0.0
-21.601512409999998	2.824e-14	4.8123304000000006e-15	4.936279999999999e-15	9.08008e-15	0.0	0.0	0.0	0.0	0.0
-21.554512409999997	4.9357000000000005e-12	8.4120977e-13	8.629322e-13	1.58704e-12	0.0	0.0	0.0	0.0	0.0
-21.50651241	5.583599999999999e-10	9.5150451e-11	9.761657e-11	1.79531e-10	0.0	0.0	0.0	0.0	0.0
-21.458512409999997	4.0465e-08	6.8959688e-09	7.073773000000001e-09	1.301125e-08	0.0	0.0	0.0	0.0	0.0
-21.41151241	1.8811e-06	3.2047417e-07	3.2878370000000004e-07	6.04654e-07	0.0	0.0	0.0	0.0	0.0
-21.36351241	5.6112e-05	9.5620775e-06	9.809486e-06	1.8040900000000002e-05	0.0	0.0	0.0	0.0	0.0
-21.316512409999998	0.0010760000000000001	0.00018335304	0.00018806160000000002	0.0003459904	0.0	0.0	0.0	0.0	0.0
-21.26851241	0.013277	0.0022627537	0.002320827	0.004268928999999999	0.0	0.0	0.0	0.0	0.0
-21.22151241	0.10553000000000001	0.017981295699999997	0.018449899999999998	0.03393254	0.0	0.0	0.0	0.0	0.0
-21.173512409999997	0.54097	0.092198997	0.09458473	0.17393039999999999	0.0	0.0	0.0	0.0	0.0
-21.12551241	1.7904999999999998	0.30509026999999994	0.3129838	0.5756090000000001	0.0	0.0	0.0	0.0	0.0
-21.07851241	3.8282	0.65250095	0.6693271000000001	1.2310070000000002	0.0	0.0	0.0	0.0	0.0
-21.03051241	5.2926	0.9019929299999999	0.9251967	1.701678	0.0	0.0	0.0	0.0	0.0
-20.98351241	4.731200000000001	0.80620995	0.8271202000000001	1.521001	0.0	0.0	0.0	0.0	0.0
-20.935512409999998	2.7339	0.46598923999999997	0.4779603	0.8791929999999999	0.0	0.0	0.0	0.0	0.0
-20.88751241	1.02135	0.174066456	0.17856899999999998	0.32832069999999997	0.0	0.0	0.0	0.0	0.0
-20.84051241	0.24645	0.041988785	0.04307549	0.0792217	0.0	0.0	0.0	0.0	0.0
-20.792512409999997	0.038355	0.006537240099999999	0.006705483	0.01233312	0.0	0.0	0.0	0.0	0.0
-20.74551241	0.0038485	0.00065592113	0.0006727877	0.0012374909999999999	0.0	0.0	0.0	0.0	0.0
-20.697512409999998	0.00024869000000000003	4.2377905e-05	4.346208e-05	7.994729999999999e-05	0.0	0.0	0.0	0.0	0.0
-20.650512409999997	1.0331e-05	1.7603205899999998e-06	1.805631e-06	3.321692e-06	0.0	0.0	0.0	0.0	0.0
-20.60251241	2.756e-07	4.697594399999999e-08	4.819272e-08	8.86249e-08	0.0	0.0	0.0	0.0	0.0
-20.554512409999997	4.718999999999999e-09	8.042638399999999e-10	8.249862e-10	1.517343e-09	0.0	0.0	0.0	0.0	0.0
-20.507512409999997	5.1794000000000005e-11	8.825369199999999e-12	9.054577999999998e-12	1.665106e-11	0.0	0.0	0.0	0.0	0.0
-20.45951241	3.6595e-13	6.237084500000001e-14	6.398225000000001e-14	1.176674e-13	0.0	0.0	0.0	0.0	0.0
-20.412512409999998	0.0	0.0	0.0	0.0	0.0	0.0	0.0	0.0	0.0
-20.36451241	0.0	0.0	0.0	0.0	0.0	0.0	0.0	0.0	0.0
-20.316512409999998	0.0	0.0	0.0	0.0	0.0	0.0	0.0	0.0	0.0
-20.269512409999997	0.0	0.0	0.0	0.0	0.0	0.0	0.0	0.0	0.0
-20.22151241	0.0	0.0	0.0	0.0	0.0	0.0	0.0	0.0	0.0
-20.17451241	0.0	0.0	0.0	0.0	0.0	0.0	0.0	0.0	0.0
-20.12651241	0.0	0.0	0.0	0.0	0.0	0.0	0.0	0.0	0.0
-20.07951241	0.0	0.0	0.0	0.0	0.0	0.0	0.0	0.0	0.0
-20.031512409999998	0.0	0.0	0.0	0.0	0.0	0.0	0.0	0.0	0.0
-19.98351241	0.0	0.0	0.0	0.0	0.0	0.0	0.0	0.0	0.0
-19.93651241	0.0	0.0	0.0	0.0	0.0	0.0	0.0	0.0	0.0
-19.888512409999997	0.0	0.0	0.0	0.0	0.0	0.0	0.0	0.0	0.0
-19.84151241	0.0	0.0	0.0	0.0	0.0	0.0	0.0	0.0	0.0
-19.793512409999998	0.0	0.0	0.0	0.0	0.0	0.0	0.0	0.0	0.0
-19.746512409999998	0.0	0.0	0.0	0.0	0.0	0.0	0.0	0.0	0.0
-19.69851241	0.0	0.0	0.0	0.0	0.0	0.0	0.0	0.0	0.0
-19.650512409999997	0.0	0.0	0.0	0.0	0.0	0.0	0.0	0.0	0.0
-19.603512409999997	0.0	0.0	0.0	0.0	0.0	0.0	0.0	0.0	0.0
-19.55551241	0.0	0.0	0.0	0.0	0.0	0.0	0.0	0.0	0.0
-19.508512409999998	0.0	0.0	0.0	0.0	0.0	0.0	0.0	0.0	0.0
-19.46051241	0.0	0.0	0.0	0.0	0.0	0.0	0.0	0.0	0.0
-19.412512409999998	0.0	0.0	0.0	0.0	0.0	0.0	0.0	0.0	0.0
-19.365512409999997	0.0	0.0	0.0	0.0	0.0	0.0	0.0	0.0	0.0
-19.31751241	0.0	0.0	0.0	0.0	0.0	0.0	0.0	0.0	0.0
-19.27051241	0.0	0.0	0.0	0.0	0.0	0.0	0.0	0.0	0.0
-19.22251241	0.0	0.0	0.0	0.0	0.0	0.0	0.0	0.0	0.0
-19.17551241	0.0	0.0	0.0	0.0	0.0	0.0	0.0	0.0	0.0
-19.127512409999998	0.0	0.0	0.0	0.0	0.0	0.0	0.0	0.0	0.0
-19.07951241	0.0	0.0	0.0	0.0	0.0	0.0	0.0	0.0	0.0
-19.03251241	0.0	0.0	0.0	0.0	0.0	0.0	0.0	0.0	0.0
-18.984512409999997	0.0	0.0	0.0	0.0	0.0	0.0	0.0	0.0	0.0
-18.93751241	0.0	0.0	0.0	0.0	0.0	0.0	0.0	0.0	0.0
-18.88951241	0.0	0.0	0.0	0.0	0.0	0.0	0.0	0.0	0.0
-18.842512409999998	0.0	0.0	0.0	0.0	0.0	0.0	0.0	0.0	0.0
-18.79451241	0.0	0.0	0.0	0.0	0.0	0.0	0.0	0.0	0.0
-18.746512409999998	0.0	0.0	0.0	0.0	0.0	0.0	0.0	0.0	0.0
-18.699512409999997	0.0	0.0	0.0	0.0	0.0	0.0	0.0	0.0	0.0
-18.65151241	0.0	0.0	0.0	0.0	0.0	0.0	0.0	0.0	0.0
-18.604512409999998	0.0	0.0	0.0	0.0	0.0	0.0	0.0	0.0	0.0
-18.55651241	0.0	0.0	0.0	0.0	0.0	0.0	0.0	0.0	0.0
-18.508512409999998	0.0	0.0	0.0	0.0	0.0	0.0	0.0	0.0	0.0
-18.461512409999997	0.0	0.0	0.0	0.0	0.0	0.0	0.0	0.0	0.0
-18.41351241	0.0	0.0	0.0	0.0	0.0	0.0	0.0	0.0	0.0
-18.36651241	0.0	0.0	0.0	0.0	0.0	0.0	0.0	0.0	0.0
-18.31851241	0.0	0.0	0.0	0.0	0.0	0.0	0.0	0.0	0.0
-18.27151241	0.0	0.0	0.0	0.0	0.0	0.0	0.0	0.0	0.0
-18.223512409999998	0.0	0.0	0.0	0.0	0.0	0.0	0.0	0.0	0.0
-18.17551241	4.9335e-16	1.893408e-15	1.074418e-15	2.02697e-15	0.0	0.0	0.0	0.0	0.0
-18.12851241	1.1691e-13	4.48775e-13	2.54572e-13	4.80306e-13	0.0	0.0	0.0	0.0	0.0
-18.080512409999997	1.5521e-11	5.95735e-11	3.380124000000001e-11	6.37664e-11	0.0	0.0	0.0	0.0	0.0
-18.03351241	1.3209000000000003e-09	5.07039e-09	2.8774500000000002e-09	5.4259099999999995e-09	0.0	0.0	0.0	0.0	0.0
-17.98551241	7.206e-08	2.7660139999999997e-07	1.5694010000000002e-07	2.96076e-07	0.0	0.0	0.0	0.0	0.0
-17.93751241	2.5227e-06	9.68356e-06	5.493968000000001e-06	1.036466e-05	0.0	0.0	0.0	0.0	0.0
-17.89051241	5.674799999999999e-05	0.0002177955	0.00012357370000000003	0.00023315900000000004	0.0	0.0	0.0	0.0	0.0
-17.842512409999998	0.0008207099999999999	0.003151	0.0017871610000000002	0.00337261	0.0	0.0	0.0	0.0	0.0
-17.795512409999997	0.0076443	0.029352770000000004	0.0166488	0.0314084	0.0	0.0	0.0	0.0	0.0
-17.74751241	0.045917	0.17624710000000002	0.0999978	0.1885904	0.0	0.0	0.0	0.0	0.0
-17.700512409999998	0.17794	0.6831250000000001	0.38757040000000004	0.7310450000000001	0.0	0.0	0.0	0.0	0.0
-17.65251241	0.44550999999999996	1.709996	0.970143	1.82981	0.0	0.0	0.0	0.0	0.0
-17.604512409999998	0.72083	2.766917	1.569806	2.96117	0.0	0.0	0.0	0.0	0.0
-17.557512409999998	0.7541899999999999	2.8951439999999997	1.6425250000000002	3.0990799999999994	0.0	0.0	0.0	0.0	0.0
-17.50951241	0.51032	1.958424	1.111232	2.09632	0.0	0.0	0.0	0.0	0.0
-17.46251241	0.22314	0.856433	0.4859836	0.916718	0.0	0.0	0.0	0.0	0.0
-17.414512409999997	0.063084	0.24206709999999998	0.1374422	0.259216	0.0	0.0	0.0	0.0	0.0
-17.36751241	0.01214	0.045334299999999994	0.027367709999999996	0.0503423	0.0	0.0	0.0	0.0	0.0
-17.319512409999998	0.0076303	0.016933899999999998	0.0257644	0.03582852	0.0	0.0	0.0	0.0	0.0
-17.27151241	0.0398957	0.0748884	0.1451058	0.19061765	0.0	0.0	0.0	0.0	0.0
-17.22451241	0.1652499	0.309998	0.604106	0.7734304	0.0	0.0	0.0	0.0	0.0
-17.176512409999997	0.4592854	0.86507	1.693975	2.0445285	0.0	0.0	0.0	0.0	0.0
-17.12951241	0.8903046000000001	1.6914799999999999	3.3447	3.552552	0.0	0.0	0.0	0.0	0.0
-17.08151241	1.2827994	2.4711999999999996	4.96186	4.144121	0.0	0.0	0.0	0.0	0.0
-17.03351241	1.4493216000000002	2.83742	5.79608	3.389902	0.0	0.0	0.0	0.0	0.0
-16.98651241	1.277546	2.53296	5.242625	2.072543	0.0	0.0	0.0	0.0	0.0
-16.938512409999998	0.8281828	1.65452	3.4496620000000005	0.9958919999999999	0.0	0.0	0.0	0.0	0.0
-16.891512409999997	0.37171674	0.74524	1.5592378	0.371927	0.0	0.0	0.0	0.0	0.0
-16.84351241	0.11123033999999998	0.223314	0.46800299999999995	0.10155080000000001	0.0	0.0	0.0	0.0	0.0
-16.79651241	0.021778251999999998	0.043743	0.09172997999999999	0.01908693	0.0	0.0	0.0	0.0	0.0
-16.74851241	0.0027641626	0.0055544999999999995	0.011653607	0.00238197	0.0	0.0	0.0	0.0	0.0
-16.700512409999998	0.00022659191999999998	0.00045549	0.0009553890000000001	0.00019393840000000003	0.0	0.0	0.0	0.0	0.0
-16.653512409999998	1.1964725999999999e-05	2.40463e-05	5.043912e-05	1.0209979999999999e-05	0.0	0.0	0.0	0.0	0.0
-16.60551241	4.0615955999999997e-07	8.1622e-07	1.7124114000000002e-06	3.46169e-07	0.0	0.0	0.0	0.0	0.0
-16.55851241	8.852297500000001e-09	1.77903e-08	3.732613e-08	7.542510000000001e-09	0.0	0.0	0.0	0.0	0.0
-16.510512409999997	1.2373980000000002e-10	2.48688e-10	5.217055e-10	1.0541639999999999e-10	0.0	0.0	0.0	0.0	0.0
-16.46251241	1.10867805e-12	2.2282999999999997e-12	4.675193000000001e-12	9.44348e-13	0.0	0.0	0.0	0.0	0.0
-16.415512409999998	6.1455193e-15	1.2349199999999998e-14	2.5913719e-14	5.23375e-15	0.0	0.0	0.0	0.0	0.0
-16.36751241	0.0	0.0	0.0	0.0	0.0	0.0	0.0	0.0	0.0
-16.32051241	0.0	0.0	0.0	0.0	0.0	0.0	0.0	0.0	0.0
-16.272512409999997	0.0	0.0	0.0	0.0	0.0	0.0	0.0	0.0	0.0
-16.22551241	0.0	0.0	0.0	0.0	0.0	0.0	0.0	0.0	0.0
-16.17751241	0.0	0.0	0.0	0.0	0.0	0.0	0.0	0.0	0.0
-16.12951241	0.0	0.0	0.0	0.0	0.0	0.0	0.0	0.0	0.0
-16.08251241	0.0	0.0	0.0	0.0	0.0	0.0	0.0	0.0	0.0
-16.034512409999998	0.0	0.0	0.0	0.0	0.0	0.0	0.0	0.0	0.0
-15.987512409999999	0.0	0.0	0.0	0.0	0.0	0.0	0.0	0.0	0.0
-15.93951241	0.0	0.0	0.0	0.0	0.0	0.0	0.0	0.0	0.0
-15.89251241	0.0	0.0	0.0	0.0	0.0	0.0	0.0	0.0	0.0
-15.844512410000002	0.0	0.0	0.0	0.0	0.0	0.0	0.0	0.0	0.0
-15.79651241	0.0	0.0	0.0	0.0	0.0	0.0	0.0	0.0	0.0
-15.74951241	0.0	0.0	0.0	0.0	0.0	0.0	0.0	0.0	0.0
-15.701512410000001	0.0	0.0	0.0	0.0	0.0	0.0	0.0	0.0	0.0
-15.65451241	0.0	0.0	0.0	0.0	0.0	0.0	0.0	0.0	0.0
-15.606512409999999	0.0	0.0	0.0	0.0	0.0	0.0	0.0	0.0	0.0
-15.55851241	0.0	0.0	0.0	0.0	0.0	0.0	0.0	0.0	0.0
-15.51151241	0.0	0.0	0.0	0.0	0.0	0.0	0.0	0.0	0.0
-15.463512410000002	0.0	0.0	0.0	0.0	0.0	0.0	0.0	0.0	0.0
-15.416512410000001	0.0	0.0	0.0	0.0	0.0	0.0	0.0	0.0	0.0
-15.36851241	0.0	0.0	0.0	0.0	0.0	0.0	0.0	0.0	0.0
-15.321512409999999	0.0	0.0	0.0	0.0	0.0	0.0	0.0	0.0	0.0
-15.27351241	0.0	0.0	0.0	0.0	0.0	0.0	0.0	0.0	0.0
-15.225512410000002	0.0	0.0	0.0	0.0	0.0	0.0	0.0	0.0	0.0
-15.178512410000002	0.0	0.0	0.0	0.0	0.0	0.0	0.0	0.0	0.0
-15.13051241	0.0	0.0	0.0	0.0	0.0	0.0	0.0	0.0	0.0
-15.083512409999999	0.0	0.0	0.0	0.0	0.0	0.0	0.0	0.0	0.0
-15.03551241	0.0	0.0	0.0	0.0	0.0	0.0	0.0	0.0	0.0
-14.987512409999999	0.0	0.0	0.0	0.0	0.0	0.0	0.0	0.0	0.0
-14.940512410000002	0.0	0.0	0.0	0.0	0.0	0.0	0.0	0.0	0.0
-14.89251241	0.0	0.0	0.0	0.0	0.0	0.0	0.0	0.0	0.0
-14.84551241	0.0	0.0	0.0	0.0	0.0	0.0	0.0	0.0	0.0
-14.797512410000001	0.0	0.0	0.0	0.0	0.0	0.0	0.0	0.0	0.0
-14.75051241	0.0	0.0	0.0	0.0	0.0	0.0	0.0	0.0	0.0
-14.702512409999999	2.53793526e-15	8.44558e-14	3.748889e-14	4.8441219999999995e-14	0.0	0.0	0.0	0.0	0.0
-14.65451241	3.9725996e-13	1.3218770000000001e-11	5.868897e-12	7.584199999999999e-12	0.0	0.0	0.0	0.0	0.0
-14.60751241	4.0045428e-11	1.333012e-09	5.915756999999999e-10	7.644590000000001e-10	0.0	0.0	0.0	0.0	0.0
-14.559512410000002	2.58691021e-09	8.6104e-08	3.821334e-08	4.938335e-08	0.0	0.0	0.0	0.0	0.0
-14.512512410000001	1.07184083e-07	3.5675200000000003e-06	1.5835121999999997e-06	2.046375e-06	0.0	0.0	0.0	0.0	0.0
-14.46451241	2.8521969400000003e-06	9.492710000000001e-05	4.2134199999999994e-05	5.445221e-05	0.0	0.0	0.0	0.0	0.0
-14.417512409999999	4.8790008e-05	0.0016234280000000001	0.0007208076000000001	0.0009314419999999999	0.0	0.0	0.0	0.0	0.0
-14.36951241	0.00053720004	0.017882409999999998	0.007935702999999999	0.010255529999999999	0.0	0.0	0.0	0.0	0.0
-14.321512409999999	0.0038119933999999998	0.12690849999999998	0.05631288	0.0727621	0.0	0.0	0.0	0.0	0.0
-14.274512410000002	0.0174438556	0.5807524000000002	0.25780849999999994	0.33306030000000003	0.0	0.0	0.0	0.0	0.0
-14.22651241	0.051567888	1.7165129999999997	0.7618194	0.984487	0.0	0.0	0.0	0.0	0.0
-14.17951241	0.098509009	3.2782769999999997	1.4552418	1.8804989999999997	0.0	0.0	0.0	0.0	0.0
-14.131512410000001	0.121612537	4.048414	1.7970059999999997	2.3225680000000004	0.0	0.0	0.0	0.0	0.0
-14.083512409999999	0.09714867099999999	3.2333749999999997	1.4350091	1.85423	0.0	0.0	0.0	0.0	0.0
-14.036512410000002	0.050155245	1.669319	0.7408292000000001	0.957411	0.0	0.0	0.0	0.0	0.0
-13.98851241	0.016726483	0.556866	0.2471579	0.31939200000000006	0.0	0.0	0.0	0.0	0.0
-13.94151241	0.00360473254	0.11996209999999999	0.05323556000000001	0.06881130000000002	0.0	0.0	0.0	0.0	0.0
-13.893512410000001	0.00050087738	0.01667126	0.007398726	0.00956103	0.0	0.0	0.0	0.0	0.0
-13.84651241	4.4850524e-05	0.0014933090000000002	0.0006626351999999999	0.000856255	0.0	0.0	0.0	0.0	0.0
-13.798512409999999	2.5995969999999998e-06	8.64736e-05	3.8358460000000006e-05	5.166126e-05	0.0	0.0	0.0	0.0	0.0
-13.75051241	5.30732e-07	1.623103e-05	6.496879e-06	7.122447e-05	0.0	0.0	0.0	0.0	0.0
-13.70351241	8.401650000000001e-06	0.00025190860000000006	9.815488e-05	0.0013401682999999998	0.0	0.0	0.0	0.0	0.0
-13.655512410000002	0.00010436129999999999	0.003129107	0.0012191440000000003	0.016650417	0.0	0.0	0.0	0.0	0.0
-13.608512410000001	0.000835302	0.02504884	0.009758155	0.13327544	0.0	0.0	0.0	0.0	0.0
-13.560512410000001	0.004311667	0.12933630000000002	0.05036903400000001	0.6879152	0.0	0.0	0.0	0.0	0.0
-13.51351241	0.014365079999999999	0.43090899999999993	0.16782376999999996	2.2925509	0.0	0.0	0.0	0.0	0.0
-13.46551241	0.03093542	0.927727	0.36141856000000006	4.9367223000000005	0.0	0.0	0.0	0.0	0.0
-13.41751241	0.043059139999999996	1.29119	0.5030652099999999	6.871141000000001	0.0	0.0	0.0	0.0	0.0
-13.37051241	0.038762950000000004	1.162077	0.45284339999999995	6.1849319	0.0	0.0	0.0	0.0	0.0
-13.32251241	0.022552129999999997	0.676361	0.26349744	3.5990593	0.0	0.0	0.0	0.0	0.0
-13.275512410000001	0.00848465	0.25445829999999997	0.09912318	1.3536918	0.0	0.0	0.0	0.0	0.0
-13.227512410000001	0.002065584	0.06350747	0.024281822	0.32894165999999997	0.0	0.0	0.0	0.0	0.0
-13.179512410000001	0.000380684	0.030226089999999997	0.006278834999999999	0.053578433	0.0	0.0	0.0	0.0	0.0
-13.13251241	0.000479969	0.16045464	0.01983723	0.0209783183	0.0	0.0	0.0	0.0	0.0
-13.08451241	0.002242693	0.79886702	0.097492	0.07933848410000001	0.0	0.0	0.0	0.0	0.0
-13.03751241	0.00724745	2.5837056	0.3152415	0.255504311	0.0	0.0	0.0	0.0	0.0
-12.98951241	0.01514766	5.3999220999999995	0.658718	0.533947035	0.0	0.0	0.0	0.0	0.0
-12.94251241	0.020458120000000003	7.2941104	0.889869	0.7212438019999999	0.0	0.0	0.0	0.0	0.0
-12.89451241	0.01787398	6.3710713000000005	0.7774159999999999	0.630073942	0.0	0.0	0.0	0.0	0.0
-12.84651241	0.01009462	3.5989473999999997	0.43900799999999995	0.355890356	0.0	0.0	0.0	0.0	0.0
-12.79951241	0.003684719	1.3137010599999999	0.1602753	0.129936625	0.0	0.0	0.0	0.0	0.0
-12.75151241	0.000868752	0.30968388999999996	0.03779137	0.0306379888	0.0	0.0	0.0	0.0	0.0
-12.70451241	0.0001325303	0.047126305	0.0060266600000000005	0.004855394210000001	0.0	0.0	0.0	0.0	0.0
-12.65651241	1.91687e-05	0.004891829899999999	0.004796396	0.003438960453	0.0	0.0	0.0	0.0	0.0
-12.608512410000001	6.1474e-05	0.0029614230000000004	0.041347390000000005	0.029131603130000003	0.0	0.0	0.0	0.0	0.0
-12.56151241	0.00038158	0.016808843	0.25979287	0.18306643920000001	0.0	0.0	0.0	0.0	0.0
-12.51351241	0.00154846	0.06816741	1.0545963999999999	0.7430884369999999	0.0	0.0	0.0	0.0	0.0
-12.46651241	0.00406	0.17868758	2.7648107	1.9480940820000001	0.0	0.0	0.0	0.0	0.0
-12.41851241	0.0068799	0.3027891	4.6842593	3.300937329	0.0	0.0	0.0	0.0	0.0
-12.371512410000001	0.0075373	0.3317094	5.133396	3.6164173469999996	0.0	0.0	0.0	0.0	0.0
-12.323512410000001	0.005339399999999999	0.23501589999999997	3.6355391000000004	2.562249922	0.0	0.0	0.0	0.0	0.0
-12.275512410000001	0.00244592	0.10764003999999999	1.6658913000000002	1.173497674	0.0	0.0	0.0	0.0	0.0
-12.22851241	0.00072365	0.031851029999999995	0.4927395699999999	0.34717806560000003	0.0	0.0	0.0	0.0	0.0
-12.18051241	0.00013829199999999998	0.006083667	0.09412762000000001	0.06632683616	0.0	0.0	0.0	0.0	0.0
-12.13351241	1.97168e-05	0.0007596628	0.011596959	0.008171580670000001	0.0	0.0	0.0	0.0	0.0
-12.08551241	6.734652e-05	0.00030945600000000005	0.0009404116	0.0006798427	0.0	0.0	0.0	0.0	0.0
-12.038512410000001	0.0010407608	0.00394555	0.000366774	0.000529941	0.0	0.0	0.0	0.0	0.0
-11.990512410000001	0.010565539	0.040017899999999995	0.00324842	0.00504548	0.0	0.0	0.0	0.0	0.0
-11.94251241	0.069132	0.261895	0.021241	0.0330022	0.0	0.0	0.0	0.0	0.0
-11.89551241	0.2918505	1.10563	0.089682	0.13934470000000002	0.0	0.0	0.0	0.0	0.0
-11.84751241	0.7958623	3.01533	0.244531	0.379937	0.0	0.0	0.0	0.0	0.0
-11.80051241	1.4028340000000001	5.3130299999999995	0.430971	0.6695899999999999	0.0	0.0	0.0	0.0	0.0
-11.75251241	1.5981	6.054150000000001	0.49094899999999997	0.7629489999999999	0.0	0.0	0.0	0.0	0.0
-11.70451241	1.1773837999999999	4.460629999999999	0.361778	0.5621820000000001	0.0	0.0	0.0	0.0	0.0
-11.65751241	0.5608103	2.12426	0.17232399999999998	0.267766	0.0	0.0	0.0	0.0	0.0
-11.60951241	0.1726024	0.6538619999999999	0.0530355	0.0824149	0.0	0.0	0.0	0.0	0.0
-11.56251241	0.034298550000000004	0.12991999999999998	0.010537099999999999	0.01637345	0.0	0.0	0.0	0.0	0.0
-11.51451241	0.004394664	0.016649999999999998	0.00135033	0.0020984099999999998	0.0	0.0	0.0	0.0	0.0
-11.467512410000001	0.0003628679	0.00137463	0.000111487	0.00017323120000000002	0.0	0.0	0.0	0.0	0.0
-11.419512410000001	1.928171e-05	7.30353e-05	5.92259e-06	9.20322e-06	0.0	0.0	0.0	0.0	0.0
-11.371512410000001	6.582117e-07	2.4936099999999996e-06	2.0225000000000003e-07	3.14294e-07	0.0	0.0	0.0	0.0	0.0
-11.32451241	1.443448e-08	5.46722e-08	4.4344e-09	6.889849999999999e-09	0.0	0.0	0.0	0.0	0.0
-11.27651241	2.028245e-10	7.68554e-10	6.23252e-11	9.686590000000001e-11	0.0	0.0	0.0	0.0	0.0
-11.22951241	1.827208e-12	6.92305e-12	5.614690000000001e-13	8.72487e-13	0.0	0.0	0.0	0.0	0.0
-11.18151241	1.0869391000000001e-14	4.1179100000000005e-14	3.3392000000000003e-15	5.189799999999999e-15	0.0	0.0	0.0	0.0	0.0
-11.13351241	0.0	0.0	0.0	0.0	0.0	0.0	0.0	0.0	0.0
-11.086512410000001	0.0	0.0	0.0	0.0	0.0	0.0	0.0	0.0	0.0
-11.038512410000001	0.0	0.0	0.0	0.0	0.0	0.0	0.0	0.0	0.0
-10.99151241	0.0	0.0	0.0	0.0	0.0	0.0	0.0	0.0	0.0
-10.94351241	0.0	0.0	0.0	0.0	0.0	0.0	0.0	0.0	0.0
-10.89651241	0.0	0.0	0.0	0.0	0.0	0.0	0.0	0.0	0.0
-10.84851241	0.0	0.0	0.0	0.0	0.0	0.0	0.0	0.0	0.0
-10.80051241	0.0	0.0	0.0	0.0	0.0	0.0	0.0	0.0	0.0
-10.75351241	0.0	0.0	0.0	0.0	0.0	0.0	0.0	0.0	0.0
-10.70551241	0.0	0.0	0.0	0.0	0.0	0.0	0.0	0.0	0.0
-10.65851241	0.0	0.0	0.0	0.0	0.0	0.0	0.0	0.0	0.0
-10.61051241	0.0	0.0	0.0	0.0	0.0	0.0	0.0	0.0	0.0
-10.56351241	0.0	0.0	0.0	0.0	0.0	0.0	0.0	0.0	0.0
-10.51551241	0.0	0.0	0.0	0.0	0.0	0.0	0.0	0.0	0.0
-10.467512410000001	0.0	0.0	0.0	0.0	0.0	0.0	0.0	0.0	0.0
-10.42051241	0.0	0.0	0.0	0.0	0.0	0.0	0.0	0.0	0.0
-10.37251241	0.0	0.0	0.0	0.0	0.0	0.0	0.0	0.0	0.0
-10.32551241	0.0	0.0	0.0	0.0	0.0	0.0	0.0	0.0	0.0
-10.27751241	0.0	0.0	0.0	0.0	0.0	0.0	0.0	0.0	0.0
-10.22951241	0.0	0.0	0.0	0.0	0.0	0.0	0.0	0.0	0.0
-10.182512410000001	0.0	0.0	0.0	0.0	0.0	0.0	0.0	0.0	0.0
-10.134512410000001	0.0	0.0	0.0	0.0	0.0	0.0	0.0	0.0	0.0
-10.08751241	0.0	0.0	0.0	0.0	0.0	0.0	0.0	0.0	0.0
-10.03951241	0.0	0.0	0.0	0.0	0.0	0.0	0.0	0.0	0.0
-9.99251241	0.0	0.0	0.0	0.0	0.0	0.0	0.0	0.0	0.0
-9.94451241	0.0	0.0	0.0	0.0	0.0	0.0	0.0	0.0	0.0
-9.89651241	0.0	0.0	0.0	0.0	0.0	0.0	0.0	0.0	0.0
-9.84951241	0.0	0.0	0.0	0.0	0.0	0.0	0.0	0.0	0.0
-9.80151241	0.0	0.0	0.0	0.0	0.0	0.0	0.0	0.0	0.0
-9.75451241	0.0	0.0	0.0	0.0	0.0	0.0	0.0	0.0	0.0
-9.70651241	0.0	0.0	0.0	0.0	0.0	0.0	0.0	0.0	0.0
-9.65851241	0.0	0.0	0.0	0.0	0.0	0.0	0.0	0.0	0.0
-9.61151241	0.0	0.0	0.0	0.0	0.0	0.0	0.0	0.0	0.0
-9.56351241	0.0	0.0	0.0	0.0	0.0	0.0	0.0	0.0	0.0
-9.51651241	0.0	0.0	0.0	0.0	0.0	0.0	0.0	0.0	0.0
-9.46851241	0.0	0.0	0.0	0.0	0.0	0.0	0.0	0.0	0.0
-9.42151241	0.0	0.0	0.0	0.0	0.0	0.0	0.0	0.0	0.0
-9.37351241	0.0	0.0	0.0	0.0	0.0	0.0	0.0	0.0	0.0
-9.32551241	0.0	0.0	0.0	0.0	0.0	0.0	0.0	0.0	0.0
-9.278512410000001	0.0	0.0	0.0	0.0	0.0	0.0	0.0	0.0	0.0
-9.230512410000001	0.0	0.0	0.0	0.0	0.0	0.0	0.0	0.0	0.0
-9.18351241	0.0	0.0	0.0	0.0	0.0	0.0	0.0	0.0	0.0
-9.13551241	0.0	0.0	0.0	0.0	0.0	0.0	0.0	0.0	0.0
-9.08851241	0.0	0.0	0.0	0.0	0.0	0.0	0.0	0.0	0.0
-9.04051241	0.0	0.0	0.0	0.0	0.0	0.0	0.0	0.0	0.0
-8.99251241	0.0	0.0	0.0	0.0	0.0	0.0	0.0	0.0	0.0
-8.945512410000001	0.0	0.0	0.0	0.0	0.0	0.0	0.0	0.0	0.0
-8.897512410000001	0.0	0.0	0.0	0.0	0.0	0.0	0.0	0.0	0.0
-8.85051241	0.0	0.0	0.0	0.0	0.0	0.0	0.0	0.0	0.0
-8.80251241	0.0	0.0	0.0	0.0	0.0	0.0	0.0	0.0	0.0
-8.75451241	0.0	0.0	0.0	0.0	0.0	0.0	0.0	0.0	0.0
-8.70751241	0.0	0.0	0.0	0.0	0.0	0.0	0.0	0.0	0.0
-8.65951241	0.0	0.0	0.0	0.0	0.0	0.0	0.0	0.0	0.0
-8.61251241	0.0	0.0	0.0	0.0	0.0	0.0	0.0	0.0	0.0
-8.56451241	0.0	0.0	0.0	0.0	0.0	0.0	0.0	0.0	0.0
-8.51751241	0.0	0.0	0.0	0.0	0.0	0.0	0.0	0.0	0.0
-8.46951241	0.0	0.0	0.0	0.0	0.0	0.0	0.0	0.0	0.0
-8.42151241	0.0	0.0	0.0	0.0	0.0	0.0	0.0	0.0	0.0
-8.37451241	0.0	0.0	0.0	0.0	0.0	0.0	0.0	0.0	0.0
-8.326512410000001	0.0	0.0	0.0	0.0	0.0	0.0	0.0	0.0	0.0
-8.27951241	0.0	0.0	0.0	0.0	0.0	0.0	0.0	0.0	0.0
-8.23151241	0.0	0.0	0.0	0.0	0.0	0.0	0.0	0.0	0.0
-8.18451241	0.0	0.0	0.0	0.0	0.0	0.0	0.0	0.0	0.0
-8.13651241	0.0	0.0	0.0	0.0	0.0	0.0	0.0	0.0	0.0
-8.08851241	0.0	0.0	0.0	0.0	0.0	0.0	0.0	0.0	0.0
-8.041512410000001	0.0	0.0	0.0	0.0	0.0	0.0	0.0	0.0	0.0
-7.993512410000001	0.0	0.0	0.0	0.0	0.0	0.0	0.0	0.0	0.0
-7.94651241	0.0	0.0	0.0	0.0	0.0	0.0	0.0	0.0	0.0
-7.89851241	0.0	0.0	0.0	0.0	0.0	0.0	0.0	0.0	0.0
-7.85051241	0.0	0.0	0.0	0.0	0.0	0.0	0.0	0.0	0.0
-7.80351241	0.0	0.0	0.0	0.0	0.0	0.0	0.0	0.0	0.0
-7.75551241	0.0	0.0	0.0	0.0	0.0	0.0	0.0	0.0	0.0
-7.708512410000001	0.0	0.0	0.0	0.0	0.0	0.0	0.0	0.0	0.0
-7.660512410000001	0.0	0.0	0.0	0.0	0.0	0.0	0.0	0.0	0.0
-7.61351241	0.0	0.0	0.0	0.0	0.0	0.0	0.0	0.0	0.0
-7.56551241	0.0	0.0	0.0	0.0	0.0	0.0	0.0	0.0	0.0
-7.51751241	0.0	0.0	0.0	0.0	0.0	0.0	0.0	0.0	0.0
-7.4705124099999995	0.0	0.0	0.0	0.0	0.0	0.0	0.0	0.0	0.0
-7.4225124099999995	0.0	0.0	0.0	0.0	0.0	0.0	0.0	0.0	0.0
-7.375512410000001	0.0	0.0	0.0	0.0	0.0	0.0	0.0	0.0	0.0
-7.327512410000001	0.0	0.0	0.0	0.0	0.0	0.0	0.0	0.0	0.0
-7.279512410000001	0.0	0.0	0.0	0.0	0.0	0.0	0.0	0.0	0.0
-7.23251241	0.0	0.0	0.0	0.0	0.0	0.0	0.0	0.0	0.0
-7.18451241	0.0	0.0	0.0	0.0	0.0	0.0	0.0	0.0	0.0
-7.137512410000001	0.0	0.0	0.0	0.0	0.0	0.0	0.0	0.0	0.0
-7.089512410000001	0.0	0.0	0.0	0.0	0.0	0.0	0.0	0.0	0.0
-7.0425124100000005	0.0	0.0	0.0	0.0	0.0	0.0	0.0	0.0	0.0
-6.9945124100000005	0.0	0.0	0.0	0.0	0.0	0.0	0.0	0.0	0.0
-6.94651241	0.0	0.0	0.0	0.0	0.0	0.0	0.0	0.0	0.0
-6.89951241	0.0	0.0	0.0	0.0	0.0	0.0	0.0	0.0	0.0
-6.85151241	0.0	0.0	0.0	0.0	0.0	0.0	0.0	0.0	0.0
-6.804512410000001	0.0	0.0	0.0	0.0	0.0	0.0	0.0	0.0	0.0
-6.756512410000001	0.0	0.0	0.0	0.0	0.0	0.0	0.0	0.0	0.0
-6.70951241	0.0	0.0	0.0	0.0	0.0	0.0	0.0	0.0	0.0
-6.66151241	0.0	0.0	0.0	0.0	0.0	0.0	0.0	0.0	0.0
-6.61351241	0.0	0.0	0.0	0.0	0.0	0.0	0.0	0.0	0.0
-6.56651241	0.0	0.0	0.0	0.0	0.0	0.0	0.0	0.0	0.0
-6.51851241	0.0	0.0	0.0	0.0	0.0	0.0	0.0	0.0	0.0
-6.471512410000001	0.0	0.0	0.0	0.0	0.0	0.0	0.0	0.0	0.0
-6.423512410000001	0.0	0.0	0.0	0.0	0.0	0.0	0.0	0.0	0.0
-6.375512410000001	0.0	0.0	0.0	0.0	0.0	0.0	0.0	0.0	0.0
-6.32851241	0.0	0.0	0.0	0.0	0.0	0.0	0.0	0.0	0.0
-6.28051241	0.0	0.0	0.0	0.0	0.0	0.0	0.0	0.0	0.0
-6.233512410000001	0.0	0.0	0.0	0.0	0.0	0.0	0.0	0.0	0.0
-6.185512410000001	0.0	0.0	0.0	0.0	0.0	0.0	0.0	0.0	0.0
-6.138512410000001	0.0	0.0	0.0	0.0	0.0	0.0	0.0	0.0	0.0
-6.0905124100000005	0.0	0.0	0.0	0.0	0.0	0.0	0.0	0.0	0.0
-6.0425124100000005	0.0	0.0	0.0	0.0	0.0	0.0	0.0	0.0	0.0
-5.99551241	0.0	0.0	0.0	0.0	0.0	0.0	0.0	0.0	0.0
-5.94751241	0.0	0.0	0.0	0.0	0.0	0.0	0.0	0.0	0.0
-5.900512410000001	0.0	0.0	0.0	0.0	0.0	0.0	0.0	0.0	0.0
-5.852512410000001	0.0	0.0	0.0	0.0	0.0	0.0	0.0	0.0	0.0
-5.804512410000001	0.0	0.0	0.0	0.0	0.0	0.0	0.0	0.0	0.0
-5.75751241	0.0	0.0	0.0	0.0	0.0	0.0	0.0	0.0	0.0
-5.70951241	0.0	0.0	0.0	0.0	0.0	0.0	0.0	0.0	0.0
-5.66251241	0.0	0.0	0.0	0.0	0.0	0.0	0.0	0.0	0.0
-5.61451241	0.0	0.0	0.0	0.0	0.0	0.0	0.0	0.0	0.0
-5.567512409999999	0.0	0.0	0.0	0.0	0.0	0.0	0.0	0.0	0.0
-5.519512409999999	0.0	0.0	0.0	0.0	0.0	0.0	0.0	0.0	0.0
-5.471512410000001	0.0	0.0	0.0	0.0	0.0	0.0	0.0	0.0	0.0
-5.42451241	0.0	0.0	0.0	0.0	0.0	0.0	0.0	0.0	0.0
-5.37651241	0.0	0.0	0.0	0.0	0.0	0.0	0.0	0.0	0.0
-5.3295124099999995	0.0	0.0	0.0	0.0	0.0	0.0	0.0	0.0	0.0
-5.2815124099999995	0.0	0.0	0.0	0.0	0.0	0.0	0.0	0.0	0.0
-5.234512410000001	0.0	0.0	0.0	0.0	0.0	0.0	0.0	0.0	0.0
-5.186512410000001	0.0	0.0	0.0	0.0	0.0	0.0	0.0	0.0	0.0
-5.138512410000001	0.0	0.0	0.0	0.0	0.0	0.0	0.0	0.0	0.0
-5.09151241	0.0	0.0	0.0	0.0	0.0	0.0	0.0	0.0	0.0
-5.04351241	0.0	0.0	0.0	0.0	0.0	0.0	0.0	0.0	0.0
-4.996512409999999	0.0	0.0	0.0	0.0	0.0	0.0	0.0	0.0	0.0
-4.948512409999999	0.0	0.0	0.0	0.0	0.0	0.0	0.0	0.0	0.0
-4.900512409999999	0.0	0.0	0.0	0.0	0.0	0.0	0.0	0.0	0.0
-4.85351241	0.0	0.0	0.0	0.0	0.0	0.0	0.0	0.0	0.0
-4.80551241	0.0	0.0	0.0	0.0	0.0	0.0	0.0	0.0	0.0
-4.75851241	0.0	0.0	0.0	0.0	0.0	0.0	0.0	0.0	0.0
-4.71051241	0.0	0.0	0.0	0.0	0.0	0.0	0.0	0.0	0.0
-4.663512409999999	0.0	0.0	0.0	0.0	0.0	0.0	0.0	0.0	0.0
-4.615512409999999	0.0	0.0	0.0	0.0	0.0	0.0	0.0	0.0	0.0
-4.567512409999999	0.0	0.0	0.0	0.0	0.0	0.0	0.0	0.0	0.0
-4.52051241	0.0	0.0	0.0	0.0	0.0	0.0	0.0	0.0	0.0
-4.47251241	0.0	0.0	0.0	0.0	0.0	0.0	0.0	0.0	0.0
-4.42551241	0.0	0.0	0.0	0.0	0.0	0.0	0.0	0.0	0.0
-4.37751241	0.0	0.0	0.0	0.0	0.0	0.0	0.0	0.0	0.0
-4.3295124099999995	0.0	0.0	0.0	0.0	0.0	0.0	0.0	0.0	0.0
-4.282512410000001	0.0	0.0	0.0	0.0	0.0	0.0	0.0	0.0	0.0
-4.234512410000001	0.0	0.0	0.0	0.0	0.0	0.0	0.0	0.0	0.0
-4.18751241	0.0	0.0	0.0	0.0	0.0	0.0	0.0	0.0	0.0
-4.13951241	0.0	0.0	0.0	0.0	0.0	0.0	0.0	0.0	0.0
-4.092512409999999	0.0	0.0	0.0	0.0	0.0	0.0	0.0	0.0	0.0
-4.044512409999999	0.0	0.0	0.0	0.0	0.0	0.0	0.0	0.0	0.0
-3.99651241	0.0	0.0	0.0	0.0	0.0	0.0	0.0	0.0	0.0
-3.94951241	0.0	0.0	0.0	0.0	0.0	0.0	0.0	0.0	0.0
-3.90151241	0.0	0.0	0.0	0.0	0.0	0.0	0.0	0.0	0.0
-3.8545124100000003	0.0	0.0	0.0	0.0	0.0	0.0	0.0	0.0	0.0
-3.8065124100000003	0.0	0.0	0.0	0.0	0.0	0.0	0.0	0.0	0.0
-3.7595124099999997	0.0	0.0	0.0	0.0	0.0	0.0	0.0	0.0	0.0
-3.7115124099999997	0.0	0.0	0.0	0.0	0.0	0.0	0.0	0.0	0.0
-3.6635124099999996	0.0	0.0	0.0	0.0	0.0	0.0	0.0	0.0	0.0
-3.61651241	0.0	0.0	0.0	0.0	0.0	0.0	0.0	0.0	0.0
-3.56851241	0.0	0.0	0.0	0.0	0.0	0.0	0.0	0.0	0.0
-3.52151241	0.0	0.0	0.0	0.0	0.0	0.0	0.0	0.0	0.0
-3.47351241	0.0	0.0	0.0	0.0	0.0	0.0	0.0	0.0	0.0
-3.42551241	0.0	0.0	0.0	0.0	0.0	0.0	0.0	0.0	0.0
-3.3785124099999995	0.0	0.0	0.0	0.0	0.0	0.0	0.0	0.0	0.0
-3.3305124100000003	0.0	0.0	0.0	0.0	0.0	0.0	0.0	0.0	0.0
-3.2835124099999997	0.0	0.0	0.0	0.0	0.0	0.0	0.0	0.0	0.0
-3.2355124099999997	0.0	0.0	0.0	0.0	0.0	0.0	0.0	0.0	0.0
-3.18851241	0.0	0.0	0.0	0.0	0.0	0.0	0.0	0.0	0.0
-3.14051241	0.0	0.0	0.0	0.0	0.0	0.0	0.0	0.0	0.0
-3.09251241	0.0	0.0	0.0	0.0	0.0	0.0	0.0	0.0	0.0
-3.04551241	0.0	0.0	0.0	0.0	0.0	0.0	0.0	0.0	0.0
-2.99751241	0.0	0.0	0.0	0.0	0.0	0.0	0.0	0.0	0.0
-2.9505124099999995	0.0	0.0	0.0	0.0	0.0	0.0	0.0	0.0	0.0
-2.9025124099999995	0.0	0.0	0.0	0.0	0.0	0.0	0.0	0.0	0.0
-2.8545124100000003	0.0	0.0	0.0	0.0	0.0	0.0	0.0	0.0	0.0
-2.8075124099999997	0.0	0.0	0.0	0.0	0.0	0.0	0.0	0.0	0.0
-2.7595124099999997	0.0	0.0	0.0	0.0	0.0	0.0	0.0	0.0	0.0
-2.71251241	0.0	0.0	0.0	0.0	0.0	0.0	0.0	0.0	0.0
-2.66451241	0.0	0.0	0.0	0.0	0.0	0.0	0.0	0.0	0.0
-2.6175124100000002	0.0	0.0	0.0	0.0	0.0	0.0	0.0	0.0	0.0
-2.56951241	0.0	0.0	0.0	0.0	0.0	0.0	0.0	0.0	0.0
-2.52151241	0.0	0.0	0.0	0.0	0.0	0.0	0.0	0.0	0.0
-2.4745124099999996	0.0	0.0	0.0	0.0	0.0	0.0	0.0	0.0	0.0
-2.4265124099999995	0.0	0.0	0.0	0.0	0.0	0.0	0.0	0.0	0.0
-2.37951241	0.0	0.0	0.0	0.0	0.0	0.0	0.0	0.0	0.0
-2.3315124099999998	0.0	0.0	0.0	0.0	0.0	0.0	0.0	0.0	0.0
-2.28451241	0.0	0.0	0.0	0.0	0.0	0.0	0.0	0.0	0.0
-2.23651241	0.0	0.0	0.0	0.0	0.0	0.0	0.0	0.0	0.0
-2.18851241	0.0	0.0	0.0	0.0	0.0	0.0	0.0	0.0	0.0
-2.1415124100000003	0.0	0.0	0.0	0.0	0.0	0.0	0.0	0.0	0.0
-2.09351241	0.0	0.0	0.0	0.0	0.0	0.0	0.0	0.0	0.0
-2.0465124099999996	0.0	0.0	0.0	0.0	0.0	0.0	0.0	0.0	0.0
-1.9985124099999996	0.0	0.0	0.0	0.0	0.0	0.0	0.0	0.0	0.0
-1.9505124099999995	0.0	0.0	0.0	0.0	0.0	0.0	0.0	0.0	0.0
-1.9035124099999998	0.0	0.0	0.0	0.0	0.0	0.0	0.0	0.0	0.0
-1.8555124099999998	0.0	0.0	0.0	0.0	0.0	0.0	0.0	0.0	0.0
-1.80851241	0.0	0.0	0.0	0.0	0.0	0.0	0.0	0.0	0.0
-1.76051241	0.0	0.0	0.0	0.0	0.0	0.0	0.0	0.0	0.0
-1.7135124100000003	0.0	0.0	0.0	0.0	0.0	0.0	0.0	0.0	0.0
-1.6655124100000003	0.0	0.0	0.0	0.0	0.0	0.0	0.0	0.0	0.0
-1.6175124100000002	0.0	0.0	0.0	0.0	0.0	0.0	0.0	0.0	0.0
-1.57051241	0.0	0.0	0.0	0.0	0.0	0.0	0.0	0.0	0.0
-1.52251241	0.0	0.0	0.0	0.0	0.0	0.0	0.0	0.0	0.0
-1.4755124099999999	0.0	0.0	0.0	0.0	0.0	0.0	0.0	0.0	0.0
-1.4275124099999998	0.0	0.0	0.0	0.0	0.0	0.0	0.0	0.0	0.0
-1.3805124099999997	0.0	0.0	0.0	0.0	0.0	0.0	0.0	0.0	0.0
-1.33251241	0.0	0.0	0.0	0.0	0.0	0.0	0.0	0.0	0.0
-1.28451241	0.0	0.0	0.0	0.0	0.0	0.0	0.0	0.0	0.0
-1.23751241	0.0	0.0	0.0	0.0	0.0	0.0	0.0	0.0	0.0
-1.1895124099999999	0.0	0.0	0.0	0.0	0.0	0.0	0.0	0.0	0.0
-1.1425124099999997	0.0	0.0	0.0	0.0	0.0	0.0	0.0	0.0	0.0
-1.09451241	0.0	0.0	0.0	0.0	0.0	0.0	0.0	0.0	0.0
-1.04651241	5.4522000000000005e-15	2.4361e-15	9.5534e-16	2.7557599999999996e-15	0.0	0.0	0.0	0.0	0.0
-0.9995124099999999	8.786899999999999e-13	3.9255000000000003e-13	1.53957e-13	4.4413400000000003e-13	0.0	0.0	0.0	0.0	0.0
-0.9515124099999999	9.1074e-11	4.0687e-11	1.59628e-11	4.60351e-11	0.0	0.0	0.0	0.0	0.0
-0.9045124099999997	6.0484e-09	2.7026999999999998e-09	1.0599200000000002e-09	3.05727e-09	0.0	0.0	0.0	0.0	0.0
-0.8565124100000001	2.5772999999999997e-07	1.1514000000000001e-07	4.5153e-08	1.302081e-07	0.0	0.0	0.0	0.0	0.0
-0.80951241	7.0494e-06	3.1493e-06	1.2353100000000001e-06	3.56273e-06	0.0	0.0	0.0	0.0	0.0
-0.7615124099999999	0.000123974	5.539e-05	2.1722699999999998e-05	6.26636e-05	0.0	0.0	0.0	0.0	0.0
-0.7135124099999999	0.00140316	0.0006269	0.00024582	0.0007092029999999999	0.0	0.0	0.0	0.0	0.0
-0.6665124099999997	0.010234	0.0045714	0.0017935400000000002	0.00517223	0.0	0.0	0.0	0.0	0.0
-0.6185124099999997	0.048147999999999996	0.02151	0.008435999999999999	0.0243293	0.0	0.0	0.0	0.0	0.0
-0.57151241	0.146228	0.06533	0.025626	0.0739086	0.0	0.0	0.0	0.0	0.0
-0.5235124099999999	0.28708	0.12826	0.0503	0.145125	0.0	0.0	0.0	0.0	0.0
-0.4755124099999999	0.36433	0.16277	0.063832	0.1841446	0.0	0.0	0.0	0.0	0.0
-0.42851240999999973	0.299	0.13357	0.052381000000000004	0.15109070000000002	0.0	0.0	0.0	0.0	0.0
-0.3805124099999997	0.15859900000000002	0.070865	0.027798	0.08016839999999999	0.0	0.0	0.0	0.0	0.0
-0.33351241	0.05438700000000001	0.024297000000000003	0.0095294	0.027483000000000004	0.0	0.0	0.0	0.0	0.0
-0.28551240999999994	0.012040499999999999	0.0053801000000000005	0.00210992	0.00608546	0.0	0.0	0.0	0.0	0.0
-0.23851240999999979	0.00171975	0.00076844	0.0003014	0.000869305	0.0	0.0	0.0	0.0	0.0
-0.19051240999999974	0.000158313	7.0739e-05	2.7744e-05	8.001870000000001e-05	0.0	0.0	0.0	0.0	0.0
-0.1425124099999997	9.3801e-06	4.1908e-06	1.64395e-06	4.7405199999999995e-06	0.0	0.0	0.0	0.0	0.0
-0.09551240999999999	3.5725e-07	1.5964e-07	6.2611e-08	1.805929e-07	0.0	0.0	0.0	0.0	0.0
-0.04751240999999995	8.7405e-09	3.9052e-09	1.5315700000000001e-09	4.4175e-09	0.0	0.0	0.0	0.0	0.0
-0.0005124099999997966	1.37179e-10	6.1294e-11	2.4041699999999998e-11	6.933300000000001e-11	0.0	0.0	0.0	0.0	0.0
0.047487590000000246	4.1906e-12	1.51389e-12	8.8127e-13	1.5108e-12	0.0	0.0	0.0	0.0	0.0
0.09448758999999995	2.6851500000000003e-10	8.5772e-11	6.111600000000001e-11	7.7738e-11	0.0	0.0	0.0	0.0	0.0
0.14248759	1.64442e-08	5.2519e-09	3.7419e-09	4.7597000000000004e-09	0.0	0.0	0.0	0.0	0.0
0.19048759000000004	6.459900000000001e-07	2.06311e-07	1.4697e-07	1.86981e-07	0.0	0.0	0.0	0.0	0.0
0.2374875900000002	1.6296e-05	5.205e-06	3.7081e-06	4.717000000000001e-06	0.0	0.0	0.0	0.0	0.0
0.28548759000000024	0.00026431699999999997	8.4428e-05	6.0150999999999994e-05	7.6527e-05	0.0	0.0	0.0	0.0	0.0
0.33248758999999994	0.00276106	0.0008817300000000001	0.0006282299999999999	0.0007991399999999999	0.0	0.0	0.0	0.0	0.0
0.38048759	0.0185764	0.005933600000000001	0.0042277	0.0053781	0.0	0.0	0.0	0.0	0.0
0.42848759000000003	0.080689	0.025769	0.018358	0.023356	0.0	0.0	0.0	0.0	0.0
0.4754875900000002	0.226223	0.07226	0.051489	0.065489	0.0	0.0	0.0	0.0	0.0
0.52348759	0.41008	0.130963	0.09331299999999998	0.118702	0.0	0.0	0.0	0.0	0.0
0.5704875900000002	0.48048	0.15346400000000002	0.10933999999999999	0.139083	0.0	0.0	0.0	0.0	0.0
0.6184875900000002	0.36413	0.11628400000000001	0.08283199999999999	0.10538899999999998	0.0	0.0	0.0	0.0	0.0
0.6654875900000001	0.178344	0.056958999999999996	0.04058099999999999	0.05162599999999999	0.0	0.0	0.0	0.0	0.0
0.7134875900000002	0.056454000000000004	0.0180546	0.012889000000000001	0.0163495	0.0	0.0	0.0	0.0	0.0
0.76148759	0.0116171	0.004	0.0031612	0.0034479999999999997	0.0	0.0	0.0	0.0	0.0
0.8084875900000001	0.0021646	0.00299765	0.004598710000000001	0.0013117	0.0	0.0	0.0	0.0	0.0
0.8564875900000002	0.0034627	0.0130219	0.0218128	0.0045821	0.0	0.0	0.0	0.0	0.0
0.9034875900000001	0.0113909	0.044132819999999996	0.0724807	0.015815	0.0	0.0	0.0	0.0	0.0
0.9514875900000002	0.026482	0.101609	0.15818699999999997	0.038375	0.0	0.0	0.0	0.0	0.0
0.9994875900000002	0.04462000000000001	0.1675998	0.231936	0.06991499999999999	0.0	0.0	0.0	0.0	0.0
1.0464875900000001	0.058838	0.2141881	0.239535	0.10230700000000001	0.0	0.0	0.0	0.0	0.0
1.0944875900000002	0.062878	0.2218789	0.18815	0.11963900000000001	0.0	0.0	0.0	0.0	0.0
1.14148759	0.051835000000000006	0.17923740000000002	0.11929999999999999	0.10410900000000001	0.0	0.0	0.0	0.0	0.0
1.1894875900000002	0.0305046	0.10444519999999999	0.05994699999999999	0.062827	0.0	0.0	0.0	0.0	0.0
1.23648759	0.0121349	0.041372940000000004	0.022130000000000004	0.0252547	0.0	0.0	0.0	0.0	0.0
1.2844875900000001	0.0031759299999999996	0.01080823	0.00561448	0.006635900000000001	0.0	0.0	0.0	0.0	0.0
1.3324875900000002	0.0005402690000000001	0.00183706	0.000943506	0.0011305399999999998	0.0	0.0	0.0	0.0	0.0
1.37948759	5.94107e-05	0.0002020451	0.00010327980000000001	0.000124406	0.0	0.0	0.0	0.0	0.0
1.4274875900000001	4.2119400000000005e-06	1.431741e-05	7.30932e-06	8.8215e-06	0.0	0.0	0.0	0.0	0.0
1.47448759	1.9213000000000001e-07	6.531982e-07	3.33231e-07	4.0248000000000004e-07	0.0	0.0	0.0	0.0	0.0
1.5224875900000001	5.6323e-09	1.9151970000000002e-08	9.76541e-09	1.1798199999999998e-08	0.0	0.0	0.0	0.0	0.0
1.56948759	1.05957e-10	3.602847e-10	1.8369600000000001e-10	2.21944e-10	0.0	0.0	0.0	0.0	0.0
1.61748759	1.278e-12	4.3445879999999994e-12	2.21499e-12	2.6766900000000004e-12	0.0	0.0	0.0	0.0	0.0
1.6654875900000001	9.893699999999999e-15	3.363861e-14	1.71554e-14	2.07231e-14	0.0	0.0	0.0	0.0	0.0
1.71248759	2.5603999999999997e-16	3.1719799999999997e-16	1.8561e-16	3.1004e-16	0.0	0.0	0.0	0.0	0.0
1.76048759	3.6460000000000003e-14	3.0042999999999994e-14	1.9375e-14	3.7968e-14	0.0	0.0	0.0	0.0	0.0
1.80748759	3.9369e-12	3.2445e-12	2.0924000000000003e-12	4.1002e-12	0.0	0.0	0.0	0.0	0.0
1.85548759	2.72453e-10	2.24538e-10	1.44771e-10	2.8367e-10	0.0	0.0	0.0	0.0	0.0
1.9034875900000001	1.2089899999999999e-08	9.962099999999999e-09	6.424500000000001e-09	1.2590799999999999e-08	0.0	0.0	0.0	0.0	0.0
1.95048759	3.4447999999999997e-07	2.83887e-07	1.8306e-07	3.5874999999999995e-07	0.0	0.0	0.0	0.0	0.0
1.99848759	6.3090999999999994e-06	5.1985e-06	3.3528999999999997e-06	6.5695e-06	0.0	0.0	0.0	0.0	0.0
2.04548759	7.436500000000001e-05	6.1275e-05	3.9516999999999995e-05	7.7426e-05	0.0	0.0	0.0	0.0	0.0
2.09348759	0.00056473	0.00046524	0.0003001	0.0005880099999999999	0.0	0.0	0.0	0.0	0.0
2.14048759	0.0027663	0.00227912	0.0014698099999999998	0.0028803	0.0	0.0	0.0	0.0	0.0
2.1884875900000003	0.0087582	0.0072098	0.0046513	0.0091129	0.0	0.0	0.0	0.0	0.0
2.2364875900000003	0.017999400000000002	0.014763599999999998	0.009529	0.0186658	0.0	0.0	0.0	0.0	0.0
2.28348759	0.02452	0.0197139	0.012774899999999999	0.0249786	0.0	0.0	0.0	0.0	0.0
2.33148759	0.024348	0.0178401	0.0117708	0.022809999999999997	0.0	0.0	0.0	0.0	0.0
2.37848759	0.023608	0.012817	0.0090588	0.016989	0.0	0.0	0.0	0.0	0.0
2.4264875900000002	0.028083	0.0103119	0.008166300000000001	0.014562	0.0	0.0	0.0	0.0	0.0
2.4744875900000003	0.031752	0.009757	0.0081208	0.014299800000000001	0.0	0.0	0.0	0.0	0.0
2.52148759	0.028692	0.0084575	0.00666969	0.0125658	0.0	0.0	0.0	0.0	0.0
2.56948759	0.025531	0.0074862999999999996	0.00474054	0.0112748	0.0	0.0	0.0	0.0	0.0
2.61648759	0.028127000000000003	0.0082617	0.00397988	0.0125852	0.0	0.0	0.0	0.0	0.0
2.6644875900000002	0.0292784	0.008605	0.0036946600000000002	0.013159599999999999	0.0	0.0	0.0	0.0	0.0
2.71148759	0.021863300000000002	0.0064255	0.00268743	0.009835	0.0	0.0	0.0	0.0	0.0
2.75948759	0.0107808	0.0031691	0.0013197999999999999	0.0048499500000000004	0.0	0.0	0.0	0.0	0.0
2.80748759	0.0035132800000000006	0.00103297	0.0004441	0.00156451	0.0	0.0	0.0	0.0	0.0
2.85448759	0.0012435100000000002	0.00036212	0.00027132999999999997	0.00043298999999999996	0.0	0.0	0.0	0.0	0.0
2.9024875900000002	0.0028701	0.00078822	0.00099281	0.00064989	0.0	0.0	0.0	0.0	0.0
2.94948759	0.0099075	0.0025011	0.0035611	0.0022521	0.0	0.0	0.0	0.0	0.0
2.99748759	0.025429	0.005588200000000001	0.0090862	0.0059513	0.0	0.0	0.0	0.0	0.0
3.04448759	0.051336999999999994	0.009086799999999999	0.017114	0.012012	0.0	0.0	0.0	0.0	0.0
3.09248759	0.089334	0.0121231	0.025311999999999998	0.0200782	0.0	0.0	0.0	0.0	0.0
3.14048759	0.135652	0.014821999999999998	0.030943000000000002	0.0289633	0.0	0.0	0.0	0.0	0.0
3.18748759	0.16560000000000002	0.0160991	0.031210599999999998	0.0342857	0.0	0.0	0.0	0.0	0.0
3.23548759	0.14815	0.013685499999999998	0.024534200000000003	0.030399399999999997	0.0	0.0	0.0	0.0	0.0
3.28248759	0.091644	0.008271700000000002	0.0140467	0.018825	0.0	0.0	0.0	0.0	0.0
3.33048759	0.038001	0.00338937	0.00556982	0.0078354	0.0	0.0	0.0	0.0	0.0
3.37848759	0.0103895	0.00092048	0.001483885	0.00215013	0.0	0.0	0.0	0.0	0.0
3.4254875900000004	0.0018555999999999998	0.000163722	0.00026103599999999997	0.000385017	0.0	0.0	0.0	0.0	0.0
3.4734875900000004	0.0002152	1.8941299999999998e-05	3.00077e-05	4.4734800000000004e-05	0.0	0.0	0.0	0.0	0.0
3.52048759	1.6142e-05	1.4187619999999999e-06	2.2389e-06	3.3595700000000004e-06	0.0	0.0	0.0	0.0	0.0
3.56848759	7.8088e-07	6.856680000000001e-08	1.079732e-07	1.62623e-07	0.0	0.0	0.0	0.0	0.0
3.61548759	2.4314000000000002e-08	2.13376e-09	3.3559e-09	5.06564e-09	0.0	0.0	0.0	0.0	0.0
3.66348759	4.863199999999999e-10	4.2656800000000005e-11	6.7032e-11	1.01334e-10	0.0	0.0	0.0	0.0	0.0
3.71148759	6.240200000000001e-12	5.47313e-13	8.59549e-13	1.3006e-12	0.0	0.0	0.0	0.0	0.0
3.75848759	5.133799999999999e-14	4.50228e-15	7.06849e-15	1.06993e-14	0.0	0.0	0.0	0.0	0.0
3.80648759	2.6253999999999997e-16	2.30192e-17	3.612640000000001e-17	5.47303e-17	0.0	0.0	0.0	0.0	0.0
3.8534875900000003	0.0	0.0	0.0	0.0	0.0	0.0	0.0	0.0	0.0
3.9014875900000003	0.0	0.0	0.0	0.0	0.0	0.0	0.0	0.0	0.0
3.94848759	0.0	0.0	0.0	0.0	0.0	0.0	0.0	0.0	0.0
3.99648759	0.0	0.0	0.0	0.0	0.0	0.0	0.0	0.0	0.0
4.04448759	0.0	0.0	0.0	0.0	0.0	0.0	0.0	0.0	0.0
4.09148759	0.0	0.0	0.0	0.0	0.0	0.0	0.0	0.0	0.0
4.13948759	0.0	0.0	0.0	0.0	0.0	0.0	0.0	0.0	0.0
4.1864875900000005	0.0	0.0	0.0	0.0	0.0	0.0	0.0	0.0	0.0
4.2344875900000005	0.0	0.0	0.0	0.0	0.0	0.0	0.0	0.0	0.0
4.282487590000001	0.0	0.0	0.0	0.0	0.0	0.0	0.0	0.0	0.0
4.32948759	0.0	0.0	0.0	0.0	0.0	0.0	0.0	0.0	0.0
4.37748759	0.0	0.0	0.0	0.0	0.0	0.0	0.0	0.0	0.0
4.42448759	0.0	0.0	0.0	0.0	0.0	0.0	0.0	0.0	0.0
4.47248759	0.0	0.0	0.0	0.0	0.0	0.0	0.0	0.0	0.0
4.519487590000001	0.0	0.0	0.0	0.0	0.0	0.0	0.0	0.0	0.0
4.567487590000001	0.0	0.0	0.0	0.0	0.0	0.0	0.0	0.0	0.0
4.615487590000001	0.0	0.0	0.0	0.0	0.0	0.0	0.0	0.0	0.0
4.66248759	0.0	0.0	0.0	0.0	0.0	0.0	0.0	0.0	0.0
4.71048759	0.0	0.0	0.0	0.0	0.0	0.0	0.0	0.0	0.0
4.75748759	0.0	0.0	0.0	0.0	0.0	0.0	0.0	0.0	0.0
4.80548759	0.0	0.0	0.0	0.0	0.0	0.0	0.0	0.0	0.0
4.85348759	0.0	0.0	0.0	0.0	0.0	0.0	0.0	0.0	0.0
4.90048759	0.0	0.0	0.0	0.0	0.0	0.0	0.0	0.0	0.0
4.94848759	0.0	0.0	0.0	0.0	0.0	0.0	0.0	0.0	0.0
4.99548759	0.0	0.0	0.0	0.0	0.0	0.0	0.0	0.0	0.0
5.04348759	0.0	0.0	0.0	0.0	0.0	0.0	0.0	0.0	0.0
5.09048759	0.0	0.0	0.0	0.0	0.0	0.0	0.0	0.0	0.0
5.13848759	0.0	0.0	0.0	0.0	0.0	0.0	0.0	0.0	0.0
5.1864875900000005	0.0	0.0	0.0	0.0	0.0	0.0	0.0	0.0	0.0
5.23348759	0.0	0.0	0.0	0.0	0.0	0.0	0.0	0.0	0.0
5.28148759	0.0	0.0	0.0	0.0	0.0	0.0	0.0	0.0	0.0
5.32848759	0.0	0.0	0.0	0.0	0.0	0.0	0.0	0.0	0.0
5.37648759	0.0	0.0	0.0	0.0	0.0	0.0	0.0	0.0	0.0
5.423487590000001	0.0	0.0	0.0	0.0	0.0	0.0	0.0	0.0	0.0
5.471487590000001	0.0	0.0	0.0	0.0	0.0	0.0	0.0	0.0	0.0
5.519487590000001	0.0	0.0	0.0	0.0	0.0	0.0	0.0	0.0	0.0
5.5664875899999995	0.0	0.0	0.0	0.0	0.0	0.0	0.0	0.0	0.0
5.6144875899999995	0.0	0.0	0.0	0.0	0.0	0.0	0.0	0.0	0.0
5.66148759	0.0	0.0	0.0	0.0	0.0	0.0	0.0	0.0	0.0
5.70948759	0.0	0.0	0.0	0.0	0.0	0.0	0.0	0.0	0.0
5.75748759	0.0	0.0	0.0	0.0	0.0	0.0	0.0	0.0	0.0
5.80448759	0.0	0.0	0.0	0.0	0.0	0.0	0.0	0.0	0.0
5.85248759	0.0	0.0	0.0	0.0	0.0	0.0	0.0	0.0	0.0
5.89948759	0.0	0.0	0.0	0.0	0.0	0.0	0.0	0.0	0.0
5.94748759	0.0	0.0	0.0	0.0	0.0	0.0	0.0	0.0	0.0
5.99448759	0.0	0.0	0.0	0.0	0.0	0.0	0.0	0.0	0.0
6.04248759	0.0	0.0	0.0	0.0	0.0	0.0	0.0	0.0	0.0
6.09048759	0.0	0.0	0.0	0.0	0.0	0.0	0.0	0.0	0.0
6.13748759	0.0	0.0	0.0	0.0	0.0	0.0	0.0	0.0	0.0
6.18548759	0.0	0.0	0.0	0.0	0.0	0.0	0.0	0.0	0.0
6.23248759	0.0	0.0	0.0	0.0	0.0	0.0	0.0	0.0	0.0
6.28048759	0.0	0.0	0.0	0.0	0.0	0.0	0.0	0.0	0.0
6.32848759	2.37832e-16	1.2389899999999998e-16	1.69508e-16	8.48038e-17	0.0	0.0	0.0	0.0	0.0
6.3754875900000005	3.9147299999999996e-14	2.0394e-14	2.78977e-14	1.3958350000000002e-14	0.0	0.0	0.0	0.0	0.0
6.423487590000001	4.137909999999999e-12	2.1556999999999998e-12	2.9491200000000003e-12	1.47562e-12	0.0	0.0	0.0	0.0	0.0
6.470487589999999	2.80372e-10	1.46054e-10	1.9983900000000002e-10	9.99623e-11	0.0	0.0	0.0	0.0	0.0
6.518487589999999	1.21803e-08	6.3463999999999995e-09	8.6815e-09	4.34365e-09	0.0	0.0	0.0	0.0	0.0
6.56548759	3.39812e-07	1.7705e-07	2.42191e-07	1.211786e-07	0.0	0.0	0.0	0.0	0.0
6.61348759	6.0944000000000005e-06	3.1751000000000003e-06	4.3436400000000005e-06	2.1731100000000003e-06	0.0	0.0	0.0	0.0	0.0
6.66148759	7.033e-05	3.664499999999999e-05	5.0118300000000004e-05	2.50751e-05	0.0	0.0	0.0	0.0	0.0
6.708487590000001	0.0005228999999999999	0.00027251	0.000372797	0.000186498	0.0	0.0	0.0	0.0	0.0
6.756487590000001	0.00250914	0.00130705	0.0017881300000000002	0.000894619	0.0	0.0	0.0	0.0	0.0
6.80348759	0.007769100000000001	0.0040484	0.00553729	0.00277041	0.0	0.0	0.0	0.0	0.0
6.85148759	0.0155488	0.008102100000000001	0.011082400000000003	0.00554464	0.0	0.0	0.0	0.0	0.0
6.89848759	0.020120899999999997	0.010482000000000002	0.014339	0.007175170000000001	0.0	0.0	0.0	0.0	0.0
6.94648759	0.0168324	0.008769500000000001	0.0119966	0.0060028899999999994	0.0	0.0	0.0	0.0	0.0
6.99448759	0.0091049	0.004744	0.00648947	0.0032467100000000003	0.0	0.0	0.0	0.0	0.0
7.041487590000001	0.00318283	0.0016584	0.0022686599999999996	0.001135007	0.0	0.0	0.0	0.0	0.0
7.089487590000001	0.00071853	0.00037433	0.000512179	0.00025623800000000005	0.0	0.0	0.0	0.0	0.0
7.13648759	0.00010465200000000001	5.4526e-05	7.4597e-05	3.7318300000000005e-05	0.0	0.0	0.0	0.0	0.0
7.18448759	9.8229e-06	5.1188e-06	7.00155e-06	3.5026599999999997e-06	0.0	0.0	0.0	0.0	0.0
7.23248759	5.9347e-07	3.0928000000000003e-07	4.22982e-07	2.1164599999999996e-07	0.0	0.0	0.0	0.0	0.0
7.2794875900000005	2.3052799999999997e-08	1.20129e-08	1.64282e-08	8.2221e-09	0.0	0.0	0.0	0.0	0.0
7.3274875900000005	5.752099999999999e-10	2.9969999999999996e-10	4.0992700000000003e-10	2.05121e-10	0.0	0.0	0.0	0.0	0.0
7.374487589999999	9.2061e-12	4.7968e-12	6.5614399999999996e-12	3.28331e-12	0.0	0.0	0.0	0.0	0.0
7.422487589999999	9.441500000000001e-14	4.9193e-14	6.72969e-14	3.36595e-14	0.0	0.0	0.0	0.0	0.0
7.46948759	6.285099999999999e-16	3.2747999999999995e-16	4.47947e-16	2.2412799999999997e-16	0.0	0.0	0.0	0.0	0.0
7.51748759	0.0	0.0	0.0	0.0	0.0	0.0	0.0	0.0	0.0
7.56548759	0.0	0.0	0.0	0.0	0.0	0.0	0.0	0.0	0.0
7.612487590000001	0.0	0.0	0.0	0.0	0.0	0.0	0.0	0.0	0.0
7.660487590000001	0.0	0.0	0.0	0.0	0.0	0.0	0.0	0.0	0.0
7.7074875899999995	0.0	0.0	0.0	0.0	0.0	0.0	0.0	0.0	0.0
7.7554875899999995	0.0	0.0	0.0	0.0	0.0	0.0	0.0	0.0	0.0
7.80348759	0.0	0.0	0.0	0.0	0.0	0.0	0.0	0.0	0.0
7.85048759	0.0	0.0	0.0	0.0	0.0	0.0	0.0	0.0	0.0
7.89848759	0.0	0.0	0.0	0.0	0.0	0.0	0.0	0.0	0.0
7.945487590000001	0.0	0.0	0.0	0.0	0.0	0.0	0.0	0.0	0.0
7.993487590000001	0.0	0.0	0.0	0.0	0.0	0.0	0.0	0.0	0.0
8.04048759	0.0	0.0	0.0	0.0	0.0	0.0	0.0	0.0	0.0
8.08848759	0.0	0.0	0.0	0.0	0.0	0.0	0.0	0.0	0.0
8.13648759	0.0	0.0	0.0	0.0	0.0	0.0	0.0	0.0	0.0
8.18348759	0.0	0.0	0.0	0.0	0.0	0.0	0.0	0.0	0.0
8.23148759	0.0	0.0	0.0	0.0	0.0	0.0	0.0	0.0	0.0
8.27848759	0.0	0.0	0.0	0.0	0.0	0.0	0.0	0.0	0.0
8.32648759	0.0	0.0	0.0	0.0	0.0	0.0	0.0	0.0	0.0
8.37348759	0.0	0.0	0.0	0.0	0.0	0.0	0.0	0.0	0.0
8.42148759	0.0	0.0	0.0	0.0	0.0	0.0	0.0	0.0	0.0
8.46948759	0.0	0.0	0.0	0.0	0.0	0.0	0.0	0.0	0.0
8.51648759	0.0	0.0	0.0	0.0	0.0	0.0	0.0	0.0	0.0
8.56448759	0.0	0.0	0.0	0.0	0.0	0.0	0.0	0.0	0.0
8.61148759	0.0	0.0	0.0	0.0	0.0	0.0	0.0	0.0	0.0
8.65948759	0.0	0.0	0.0	0.0	0.0	0.0	0.0	0.0	0.0
8.70748759	0.0	0.0	0.0	0.0	0.0	0.0	0.0	0.0	0.0
8.75448759	0.0	0.0	0.0	0.0	0.0	0.0	0.0	0.0	0.0
8.80248759	0.0	0.0	0.0	0.0	0.0	0.0	0.0	0.0	0.0
8.84948759	0.0	0.0	0.0	0.0	0.0	0.0	0.0	0.0	0.0
8.89748759	0.0	0.0	0.0	0.0	0.0	0.0	0.0	0.0	0.0
8.94448759	0.0	0.0	0.0	0.0	0.0	0.0	0.0	0.0	0.0
8.99248759	0.0	0.0	0.0	0.0	0.0	0.0	0.0	0.0	0.0
9.04048759	0.0	0.0	0.0	0.0	0.0	0.0	0.0	0.0	0.0
