-60.281	0.0	0.0	0.0	0.0	0.0	0.0	0.0	0.0	0.0
-60.217	0.0	0.0	0.0	0.0	0.0	0.0	0.0	0.0	0.0
-60.153	0.0	0.0	0.0	0.0	0.0	0.0	0.0	0.0	0.0
-60.088	0.0	0.0	0.0	0.0	0.0	0.0	0.0	0.0	0.0
-60.024	0.0	0.0	0.0	0.0	0.0	0.0	0.0	0.0	0.0
-59.959	0.0	0.0	0.0	0.0	0.0	0.0	0.0	0.0	0.0
-59.895	0.0	0.0	0.0	0.0	0.0	0.0	0.0	0.0	0.0
-59.830	0.0	0.0	0.0	0.0	0.0	0.0	0.0	0.0	0.0
-59.766	0.0	0.0	0.0	0.0	0.0	0.0	0.0	0.0	0.0
-59.701	0.0	0.0	0.0	0.0	0.0	0.0	0.0	0.0	0.0
-59.637	0.0	0.0	0.0	0.0	0.0	0.0	0.0	0.0	0.0
-59.572	0.0	0.0	0.0	0.0	0.0	0.0	0.0	0.0	0.0
-59.508	0.0	0.0	0.0	0.0	0.0	0.0	0.0	0.0	0.0
-59.443	0.0	0.0	0.0	0.0	0.0	0.0	0.0	0.0	0.0
-59.379	0.0	0.0	0.0	0.0	0.0	0.0	0.0	0.0	0.0
-59.314	0.0	0.0	0.0	0.0	0.0	0.0	0.0	0.0	0.0
-59.250	0.0	0.0	0.0	0.0	0.0	0.0	0.0	0.0	0.0
-59.185	0.0	0.0	0.0	0.0	0.0	0.0	0.0	0.0	0.0
-59.121	0.0	0.0	0.0	0.0	0.0	0.0	0.0	0.0	0.0
-59.056	0.0	0.0	0.0	0.0	0.0	0.0	0.0	0.0	0.0
-58.992	0.0	0.0	0.0	0.0	0.0	0.0	0.0	0.0	0.0
-58.928	0.0	0.0	0.0	0.0	0.0	0.0	0.0	0.0	0.0
-58.863	0.0	0.0	0.0	0.0	0.0	0.0	0.0	0.0	0.0
-58.799	0.0	0.0	0.0	0.0	0.0	0.0	0.0	0.0	0.0
-58.734	0.0	0.0	0.0	0.0	0.0	0.0	0.0	0.0	0.0
-58.670	0.0	0.0	0.0	0.0	0.0	0.0	0.0	0.0	0.0
-58.605	0.0	0.0	0.0	0.0	0.0	0.0	0.0	0.0	0.0
-58.541	0.0	0.0	0.0	0.0	0.0	0.0	0.0	0.0	0.0
-58.476	0.0	0.0	0.0	0.0	0.0	0.0	0.0	0.0	0.0
-58.412	0.0	0.0	0.0	0.0	0.0	0.0	0.0	0.0	0.0
-58.347	0.0	0.0	0.0	0.0	0.0	0.0	0.0	0.0	0.0
-58.283	0.0	0.0	0.0	0.0	0.0	0.0	0.0	0.0	0.0
-58.218	0.0	0.0	0.0	0.0	0.0	0.0	0.0	0.0	0.0
-58.154	0.0	0.0	0.0	0.0	0.0	0.0	0.0	0.0	0.0
-58.089	0.0	0.0	0.0	0.0	0.0	0.0	0.0	0.0	0.0
-58.025	0.0	0.0	0.0	0.0	0.0	0.0	0.0	0.0	0.0
-57.960	0.0	0.0	0.0	0.0	0.0	0.0	0.0	0.0	0.0
-57.896	2.2447669999999998e-13	7.94088e-15	9.249332796e-15	4.71133e-15	0.0	0.0	0.0	0.0	0.0
-57.832	1.820417e-10	6.4385e-12	7.499905699999999e-12	3.82078e-12	0.0	0.0	0.0	0.0	0.0
-57.767	6.516498e-08	2.30567e-09	2.6851396830000004e-09	1.3678530000000003e-09	0.0	0.0	0.0	0.0	0.0
-57.703	1.0356453999999999e-05	3.6636199999999996e-07	4.2679366739999997e-07	2.1738100000000003e-07	0.0	0.0	0.0	0.0	0.0
-57.638	0.0007340402999999999	2.59633e-05	3.023963895e-05	1.540711e-05	0.0	0.0	0.0	0.0	0.0
-57.574	0.02333212	0.00082534	0.0009614313024999999	0.000489684	0.0	0.0	0.0	0.0	0.0
-57.509	0.3348805	0.01184693	0.013798409647	0.0070296099999999995	0.0	0.0	0.0	0.0	0.0
-57.445	2.185851	0.0773257	0.09006469644000001	0.0458808	0.0	0.0	0.0	0.0	0.0
-57.380	6.529106	0.230978	0.2690557686	0.1370528	0.0	0.0	0.0	0.0	0.0
-57.316	8.966802	0.317249	0.3694969316	0.188228	0.0	0.0	0.0	0.0	0.0
-57.251	5.670529	0.200624	0.2336880464	0.1190177	0.0	0.0	0.0	0.0	0.0
-57.187	1.6473810000000002	0.05828319999999999	0.06788557254	0.034585500000000005	0.0	0.0	0.0	0.0	0.0
-57.122	0.2188303	0.00774111	0.00901727365	0.004593659999999999	0.0	0.0	0.0	0.0	0.0
-57.058	0.013200699	0.000466971	0.0005438953408	0.000277076	0.0	0.0	0.0	0.0	0.0
-56.993	0.0003590963	1.2702940000000003e-05	1.4796223272e-05	7.5372500000000006e-06	0.0	0.0	0.0	0.0	0.0
-56.929	4.377165e-06	1.548329e-07	1.8034627299999998e-07	9.186880000000002e-08	0.0	0.0	0.0	0.0	0.0
-56.864	2.376838e-08	8.40803e-10	9.793011137e-10	4.98864e-10	0.0	0.0	0.0	0.0	0.0
-56.800	5.725831999999999e-11	2.02516e-12	2.359314978e-12	1.201612e-12	0.0	0.0	0.0	0.0	0.0
-56.735	6.251034999999999e-14	2.2112e-15	2.575283314e-15	1.312051e-15	0.0	0.0	0.0	0.0	0.0
-56.671	0.0	0.0	0.0	0.0	0.0	0.0	0.0	0.0	0.0
-56.607	2.82009e-15	1.29019e-16	1.48851084e-16	4.030683e-17	0.0	0.0	0.0	0.0	0.0
-56.542	2.96967e-12	1.35859e-13	1.5673817530000004e-13	4.24399e-14	0.0	0.0	0.0	0.0	0.0
-56.478	1.773526e-09	8.115920000000001e-11	9.363214459999998e-11	2.535507e-11	0.0	0.0	0.0	0.0	0.0
-56.413	4.69114e-07	2.14622e-08	2.4768638800000002e-08	6.705981e-09	0.0	0.0	0.0	0.0	0.0
-56.349	5.5162600000000006e-05	2.5236200000000004e-06	2.9115984799999998e-06	7.884972999999999e-07	0.0	0.0	0.0	0.0	0.0
-56.284	0.0028979700000000006	0.000132618	0.0001530034901	4.144063e-05	0.0	0.0	0.0	0.0	0.0
-56.220	0.0684671	0.0031332800000000004	0.00361428734	0.000978749	0.0	0.0	0.0	0.0	0.0
-56.155	0.7322250000000001	0.033504599999999995	0.03865957730000001	0.010469150000000002	0.0	0.0	0.0	0.0	0.0
-56.091	3.57054	0.163375	0.18849005060000001	0.05104403	0.0	0.0	0.0	0.0	0.0
-56.026	7.9836599999999995	0.365317	0.421458705	0.11413610000000002	0.0	0.0	0.0	0.0	0.0
-55.962	8.21538	0.37587499999999996	0.433626518	0.11744170000000001	0.0	0.0	0.0	0.0	0.0
-55.897	3.89061	0.17802600000000002	0.20542238810000002	0.055613510000000005	0.0	0.0	0.0	0.0	0.0
-55.833	0.8452280000000001	0.0386753	0.0446206032	0.01208379	0.0	0.0	0.0	0.0	0.0
-55.768	0.0837572	0.0038323	0.00442119735	0.001197334	0.0	0.0	0.0	0.0	0.0
-55.704	0.0037591499999999997	0.00017200899999999999	0.0001984434439	5.3747940000000004e-05	0.0	0.0	0.0	0.0	0.0
-55.639	7.590169999999997e-05	3.47332e-06	4.005964740000001e-06	1.085076e-06	0.0	0.0	0.0	0.0	0.0
-55.575	6.853670000000001e-07	3.13638e-08	3.61937384e-08	9.796470000000001e-09	0.0	0.0	0.0	0.0	0.0
-55.511	1.1055199000000001e-07	4.483117e-09	1.0147747e-08	1.453304e-09	0.0	0.0	0.0	0.0	0.0
-55.446	1.5848994500000002e-05	6.4062765e-07	1.4707060000000003e-06	2.0789301e-07	0.0	0.0	0.0	0.0	0.0
-55.382	0.0010397141799999999	4.2024955399999995e-05	9.646848999999999e-05	1.3638330000000002e-05	0.0	0.0	0.0	0.0	0.0
-55.317	0.030614118	0.0012371624099999999	0.0028403976000000004	0.00040154430000000004	0.0	0.0	0.0	0.0	0.0
-55.253	0.40718646000000003	0.0164592094	0.03778137	0.005340758	0.0	0.0	0.0	0.0	0.0
-55.188	2.4651772999999997	0.09962451	0.22869003	0.03232924	0.0	0.0	0.0	0.0	0.0
-55.124	6.8334922	0.276326739	0.63407508	0.08965331	0.0	0.0	0.0	0.0	0.0
-55.059	8.7530362	0.355875195	0.8099054	0.11497569	0.0	0.0	0.0	0.0	0.0
-54.995	5.6337138	0.25319688	0.49549085	0.07573882	0.0	0.0	0.0	0.0	0.0
-54.930	4.2603577	0.31327699999999997	0.24491049	0.06609910000000001	0.0	0.0	0.0	0.0	0.0
-54.866	7.478996100000001	0.6599108	0.3127108	0.1240218	0.0	0.0	0.0	0.0	0.0
-54.801	8.5361739	0.7621343999999999	0.34725673	0.14219800000000002	0.0	0.0	0.0	0.0	0.0
-54.737	4.579213550000001	0.4090679	0.18601744000000003	0.07628675	0.0	0.0	0.0	0.0	0.0
-54.672	1.1286832	0.10083977999999999	0.04585184700000001	0.018810858	0.0	0.0	0.0	0.0	0.0
-54.608	0.127760653	0.011365896	0.0052396294	0.002121138	0.0	0.0	0.0	0.0	0.0
-54.543	0.0295009498	0.0010696119	0.002766142	0.00024980579999999997	0.0	0.0	0.0	0.0	0.0
-54.479	0.33076947900000003	0.007052940000000001	0.035956823	0.0020380658	0.0	0.0	0.0	0.0	0.0
-54.415	2.1595601	0.045966576400000014	0.23481568	0.013295729999999999	0.0	0.0	0.0	0.0	0.0
-54.350	6.4530520000000005	0.13741211239999998	0.70171169	0.03974520000000001	0.0	0.0	0.0	0.0	0.0
-54.286	8.8676884	0.18879751769999997	0.9641824099999999	0.05460437	0.0	0.0	0.0	0.0	0.0
-54.221	5.6103718	0.11946440450000001	0.6100199	0.034538888	0.0	0.0	0.0	0.0	0.0
-54.157	1.63072446	0.03472788179999999	0.177277372	0.010042313000000002	0.0	0.0	0.0	0.0	0.0
-54.092	0.21672750200000002	0.004615223849999999	0.023568252	0.0013345856	0.0	0.0	0.0	0.0	0.0
-54.028	0.013081138600000002	0.00027862719649999996	0.00142245337	8.055506e-05	0.0	0.0	0.0	0.0	0.0
-53.963	0.000356041451	7.581434400000001e-06	3.8716874e-05	2.1926241e-06	0.0	0.0	0.0	0.0	0.0
-53.899	4.341634600000001e-06	9.24598476e-08	4.7210109e-07	2.6743701000000002e-08	0.0	0.0	0.0	0.0	0.0
-53.834	2.35935979e-08	5.02360517e-10	2.5650451e-09	1.4528099e-10	0.0	0.0	0.0	0.0	0.0
-53.770	5.6853611e-11	1.210675497e-12	6.1827232e-12	3.5008260000000005e-13	0.0	0.0	0.0	0.0	0.0
-53.705	6.1802347e-14	1.3161179359999999e-15	6.7209014e-15	3.805525999999999e-16	0.0	0.0	0.0	0.0	0.0
-53.641	0.0	0.0	0.0	0.0	0.0	0.0	0.0	0.0	0.0
-53.576	0.0	0.0	0.0	0.0	0.0	0.0	0.0	0.0	0.0
-53.512	0.0	0.0	0.0	0.0	0.0	0.0	0.0	0.0	0.0
-53.447	0.0	0.0	0.0	0.0	0.0	0.0	0.0	0.0	0.0
-53.383	0.0	0.0	0.0	0.0	0.0	0.0	0.0	0.0	0.0
-53.318	0.0	0.0	0.0	0.0	0.0	0.0	0.0	0.0	0.0
-53.254	0.0	0.0	0.0	0.0	0.0	0.0	0.0	0.0	0.0
-53.190	0.0	0.0	0.0	0.0	0.0	0.0	0.0	0.0	0.0
-53.125	0.0	0.0	0.0	0.0	0.0	0.0	0.0	0.0	0.0
-53.061	0.0	0.0	0.0	0.0	0.0	0.0	0.0	0.0	0.0
-52.996	0.0	0.0	0.0	0.0	0.0	0.0	0.0	0.0	0.0
-52.932	0.0	0.0	0.0	0.0	0.0	0.0	0.0	0.0	0.0
-52.867	0.0	0.0	0.0	0.0	0.0	0.0	0.0	0.0	0.0
-52.803	0.0	0.0	0.0	0.0	0.0	0.0	0.0	0.0	0.0
-52.738	0.0	0.0	0.0	0.0	0.0	0.0	0.0	0.0	0.0
-52.674	0.0	0.0	0.0	0.0	0.0	0.0	0.0	0.0	0.0
-52.609	0.0	0.0	0.0	0.0	0.0	0.0	0.0	0.0	0.0
-52.545	0.0	0.0	0.0	0.0	0.0	0.0	0.0	0.0	0.0
-52.480	0.0	0.0	0.0	0.0	0.0	0.0	0.0	0.0	0.0
-52.416	0.0	0.0	0.0	0.0	0.0	0.0	0.0	0.0	0.0
-52.351	0.0	0.0	0.0	0.0	0.0	0.0	0.0	0.0	0.0
-52.287	0.0	0.0	0.0	0.0	0.0	0.0	0.0	0.0	0.0
-52.222	0.0	0.0	0.0	0.0	0.0	0.0	0.0	0.0	0.0
-52.158	0.0	0.0	0.0	0.0	0.0	0.0	0.0	0.0	0.0
-52.094	0.0	0.0	0.0	0.0	0.0	0.0	0.0	0.0	0.0
-52.029	0.0	0.0	0.0	0.0	0.0	0.0	0.0	0.0	0.0
-51.965	0.0	0.0	0.0	0.0	0.0	0.0	0.0	0.0	0.0
-51.900	0.0	0.0	0.0	0.0	0.0	0.0	0.0	0.0	0.0
-51.836	0.0	0.0	0.0	0.0	0.0	0.0	0.0	0.0	0.0
-51.771	0.0	0.0	0.0	0.0	0.0	0.0	0.0	0.0	0.0
-51.707	0.0	0.0	0.0	0.0	0.0	0.0	0.0	0.0	0.0
-51.642	0.0	0.0	0.0	0.0	0.0	0.0	0.0	0.0	0.0
-51.578	0.0	0.0	0.0	0.0	0.0	0.0	0.0	0.0	0.0
-51.513	0.0	0.0	0.0	0.0	0.0	0.0	0.0	0.0	0.0
-51.449	0.0	0.0	0.0	0.0	0.0	0.0	0.0	0.0	0.0
-51.384	0.0	0.0	0.0	0.0	0.0	0.0	0.0	0.0	0.0
-51.320	0.0	0.0	0.0	0.0	0.0	0.0	0.0	0.0	0.0
-51.255	0.0	0.0	0.0	0.0	0.0	0.0	0.0	0.0	0.0
-51.191	0.0	0.0	0.0	0.0	0.0	0.0	0.0	0.0	0.0
-51.126	0.0	0.0	0.0	0.0	0.0	0.0	0.0	0.0	0.0
-51.062	0.0	0.0	0.0	0.0	0.0	0.0	0.0	0.0	0.0
-50.997	0.0	0.0	0.0	0.0	0.0	0.0	0.0	0.0	0.0
-50.933	0.0	0.0	0.0	0.0	0.0	0.0	0.0	0.0	0.0
-50.869	0.0	0.0	0.0	0.0	0.0	0.0	0.0	0.0	0.0
-50.804	0.0	0.0	0.0	0.0	0.0	0.0	0.0	0.0	0.0
-50.740	0.0	0.0	0.0	0.0	0.0	0.0	0.0	0.0	0.0
-50.675	0.0	0.0	0.0	0.0	0.0	0.0	0.0	0.0	0.0
-50.611	0.0	0.0	0.0	0.0	0.0	0.0	0.0	0.0	0.0
-50.546	0.0	0.0	0.0	0.0	0.0	0.0	0.0	0.0	0.0
-50.482	0.0	0.0	0.0	0.0	0.0	0.0	0.0	0.0	0.0
-50.417	0.0	0.0	0.0	0.0	0.0	0.0	0.0	0.0	0.0
-50.353	0.0	0.0	0.0	0.0	0.0	0.0	0.0	0.0	0.0
-50.288	0.0	0.0	0.0	0.0	0.0	0.0	0.0	0.0	0.0
-50.224	0.0	0.0	0.0	0.0	0.0	0.0	0.0	0.0	0.0
-50.159	0.0	0.0	0.0	0.0	0.0	0.0	0.0	0.0	0.0
-50.095	0.0	0.0	0.0	0.0	0.0	0.0	0.0	0.0	0.0
-50.030	0.0	0.0	0.0	0.0	0.0	0.0	0.0	0.0	0.0
-49.966	0.0	0.0	0.0	0.0	0.0	0.0	0.0	0.0	0.0
-49.901	0.0	0.0	0.0	0.0	0.0	0.0	0.0	0.0	0.0
-49.837	0.0	0.0	0.0	0.0	0.0	0.0	0.0	0.0	0.0
-49.773	0.0	0.0	0.0	0.0	0.0	0.0	0.0	0.0	0.0
-49.708	0.0	0.0	0.0	0.0	0.0	0.0	0.0	0.0	0.0
-49.644	0.0	0.0	0.0	0.0	0.0	0.0	0.0	0.0	0.0
-49.579	0.0	0.0	0.0	0.0	0.0	0.0	0.0	0.0	0.0
-49.515	0.0	0.0	0.0	0.0	0.0	0.0	0.0	0.0	0.0
-49.450	0.0	0.0	0.0	0.0	0.0	0.0	0.0	0.0	0.0
-49.386	0.0	0.0	0.0	0.0	0.0	0.0	0.0	0.0	0.0
-49.321	0.0	0.0	0.0	0.0	0.0	0.0	0.0	0.0	0.0
-49.257	0.0	0.0	0.0	0.0	0.0	0.0	0.0	0.0	0.0
-49.192	0.0	0.0	0.0	0.0	0.0	0.0	0.0	0.0	0.0
-49.128	0.0	0.0	0.0	0.0	0.0	0.0	0.0	0.0	0.0
-49.063	0.0	0.0	0.0	0.0	0.0	0.0	0.0	0.0	0.0
-48.999	0.0	0.0	0.0	0.0	0.0	0.0	0.0	0.0	0.0
-48.934	0.0	0.0	0.0	0.0	0.0	0.0	0.0	0.0	0.0
-48.870	0.0	0.0	0.0	0.0	0.0	0.0	0.0	0.0	0.0
-48.805	0.0	0.0	0.0	0.0	0.0	0.0	0.0	0.0	0.0
-48.741	0.0	0.0	0.0	0.0	0.0	0.0	0.0	0.0	0.0
-48.676	0.0	0.0	0.0	0.0	0.0	0.0	0.0	0.0	0.0
-48.612	0.0	0.0	0.0	0.0	0.0	0.0	0.0	0.0	0.0
-48.548	0.0	0.0	0.0	0.0	0.0	0.0	0.0	0.0	0.0
-48.483	0.0	0.0	0.0	0.0	0.0	0.0	0.0	0.0	0.0
-48.419	0.0	0.0	0.0	0.0	0.0	0.0	0.0	0.0	0.0
-48.354	0.0	0.0	0.0	0.0	0.0	0.0	0.0	0.0	0.0
-48.290	0.0	0.0	0.0	0.0	0.0	0.0	0.0	0.0	0.0
-48.225	0.0	0.0	0.0	0.0	0.0	0.0	0.0	0.0	0.0
-48.161	0.0	0.0	0.0	0.0	0.0	0.0	0.0	0.0	0.0
-48.096	0.0	0.0	0.0	0.0	0.0	0.0	0.0	0.0	0.0
-48.032	0.0	0.0	0.0	0.0	0.0	0.0	0.0	0.0	0.0
-47.967	0.0	0.0	0.0	0.0	0.0	0.0	0.0	0.0	0.0
-47.903	0.0	0.0	0.0	0.0	0.0	0.0	0.0	0.0	0.0
-47.838	0.0	0.0	0.0	0.0	0.0	0.0	0.0	0.0	0.0
-47.774	0.0	0.0	0.0	0.0	0.0	0.0	0.0	0.0	0.0
-47.709	0.0	0.0	0.0	0.0	0.0	0.0	0.0	0.0	0.0
-47.645	0.0	0.0	0.0	0.0	0.0	0.0	0.0	0.0	0.0
-47.580	0.0	0.0	0.0	0.0	0.0	0.0	0.0	0.0	0.0
-47.516	0.0	0.0	0.0	0.0	0.0	0.0	0.0	0.0	0.0
-47.452	8.273368000000002e-14	8.859386110000001e-15	1.2919090700000001e-17	2.7384110000000005e-15	0.0	0.0	0.0	0.0	0.0
-47.387	7.398125e-11	7.92219237e-12	1.15526934e-14	2.448768e-12	0.0	0.0	0.0	0.0	0.0
-47.323	2.9260251999999993e-08	3.13384339e-09	4.5697286e-12	9.68464e-10	0.0	0.0	0.0	0.0	0.0
-47.258	5.134734e-06	5.49953992e-07	8.0178607e-10	1.699882e-07	0.0	0.0	0.0	0.0	0.0
-47.194	0.0004015327	4.3001001e-05	6.2712085e-08	1.3291239999999998e-05	0.0	0.0	0.0	0.0	0.0
-47.129	0.014077829	0.0015073207060000001	2.1980529e-06	0.000465847	0.0	0.0	0.0	0.0	0.0
-47.065	0.22261262	0.02383608401	3.4752485e-05	0.007366770000000002	0.0	0.0	0.0	0.0	0.0
-47.000	1.5995657999999995	0.17124712739999998	0.000249730681	0.05292579999999999	0.0	0.0	0.0	0.0	0.0
-46.936	5.254575999999999	0.56270428	0.0008204996400000001	0.17391709999999994	0.0	0.0	0.0	0.0	0.0
-46.871	7.935107999999999	0.849754974	0.00123921806	0.2626783	0.0	0.0	0.0	0.0	0.0
-46.807	5.517195	0.5907990860000001	0.00086164582	0.18260669999999998	0.0	0.0	0.0	0.0	0.0
-46.742	1.7635022999999999	0.18884888449999998	0.000275401007	0.058363099999999994	0.0	0.0	0.0	0.0	0.0
-46.678	0.25783508	0.0276065612	4.0260643e-05	0.0085338	0.0	0.0	0.0	0.0	0.0
-46.613	0.017135181	0.0018346034609999999	2.67598086e-06	0.0005671049999999999	0.0	0.0	0.0	0.0	0.0
-46.549	0.0005140405	5.50474049e-05	8.027333000000001e-08	1.7015170000000004e-05	0.0	0.0	0.0	0.0	0.0
-46.484	6.913335999999999e-06	7.403840379999999e-07	1.0797676e-09	2.2881429999999998e-07	0.0	0.0	0.0	0.0	0.0
-46.420	4.145441e-08	4.4390239499999994e-09	6.4732689000000005e-12	1.3720890000000003e-09	0.0	0.0	0.0	0.0	0.0
-46.355	1.1030859999999998e-10	1.181288127e-11	1.72274543e-14	3.650883e-12	0.0	0.0	0.0	0.0	0.0
-46.291	1.3032473e-13	1.396079611e-14	2.03592284e-17	4.3152300000000005e-15	0.0	0.0	0.0	0.0	0.0
-46.227	0.0	0.0	0.0	0.0	0.0	0.0	0.0	0.0	0.0
-46.162	0.0	0.0	0.0	0.0	0.0	0.0	0.0	0.0	0.0
-46.098	0.0	0.0	0.0	0.0	0.0	0.0	0.0	0.0	0.0
-46.033	0.0	0.0	0.0	0.0	0.0	0.0	0.0	0.0	0.0
-45.969	0.0	0.0	0.0	0.0	0.0	0.0	0.0	0.0	0.0
-45.904	0.0	0.0	0.0	0.0	0.0	0.0	0.0	0.0	0.0
-45.840	0.0	0.0	0.0	0.0	0.0	0.0	0.0	0.0	0.0
-45.775	0.0	0.0	0.0	0.0	0.0	0.0	0.0	0.0	0.0
-45.711	0.0	0.0	0.0	0.0	0.0	0.0	0.0	0.0	0.0
-45.646	0.0	0.0	0.0	0.0	0.0	0.0	0.0	0.0	0.0
-45.582	0.0	0.0	0.0	0.0	0.0	0.0	0.0	0.0	0.0
-45.517	0.0	0.0	0.0	0.0	0.0	0.0	0.0	0.0	0.0
-45.453	0.0	0.0	0.0	0.0	0.0	0.0	0.0	0.0	0.0
-45.388	0.0	0.0	0.0	0.0	0.0	0.0	0.0	0.0	0.0
-45.324	0.0	0.0	0.0	0.0	0.0	0.0	0.0	0.0	0.0
-45.259	0.0	0.0	0.0	0.0	0.0	0.0	0.0	0.0	0.0
-45.195	0.0	0.0	0.0	0.0	0.0	0.0	0.0	0.0	0.0
-45.131	0.0	0.0	0.0	0.0	0.0	0.0	0.0	0.0	0.0
-45.066	0.0	0.0	0.0	0.0	0.0	0.0	0.0	0.0	0.0
-45.002	0.0	0.0	0.0	0.0	0.0	0.0	0.0	0.0	0.0
-44.937	0.0	0.0	0.0	0.0	0.0	0.0	0.0	0.0	0.0
-44.873	0.0	0.0	0.0	0.0	0.0	0.0	0.0	0.0	0.0
-44.808	0.0	0.0	0.0	0.0	0.0	0.0	0.0	0.0	0.0
-44.744	0.0	0.0	0.0	0.0	0.0	0.0	0.0	0.0	0.0
-44.679	0.0	0.0	0.0	0.0	0.0	0.0	0.0	0.0	0.0
-44.615	0.0	0.0	0.0	0.0	0.0	0.0	0.0	0.0	0.0
-44.550	0.0	0.0	0.0	0.0	0.0	0.0	0.0	0.0	0.0
-44.486	0.0	0.0	0.0	0.0	0.0	0.0	0.0	0.0	0.0
-44.421	0.0	0.0	0.0	0.0	0.0	0.0	0.0	0.0	0.0
-44.357	0.0	0.0	0.0	0.0	0.0	0.0	0.0	0.0	0.0
-44.292	0.0	0.0	0.0	0.0	0.0	0.0	0.0	0.0	0.0
-44.228	0.0	0.0	0.0	0.0	0.0	0.0	0.0	0.0	0.0
-44.163	0.0	0.0	0.0	0.0	0.0	0.0	0.0	0.0	0.0
-44.099	0.0	0.0	0.0	0.0	0.0	0.0	0.0	0.0	0.0
-44.034	0.0	0.0	0.0	0.0	0.0	0.0	0.0	0.0	0.0
-43.970	0.0	0.0	0.0	0.0	0.0	0.0	0.0	0.0	0.0
-43.906	0.0	0.0	0.0	0.0	0.0	0.0	0.0	0.0	0.0
-43.841	0.0	0.0	0.0	0.0	0.0	0.0	0.0	0.0	0.0
-43.777	0.0	0.0	0.0	0.0	0.0	0.0	0.0	0.0	0.0
-43.712	0.0	0.0	0.0	0.0	0.0	0.0	0.0	0.0	0.0
-43.648	0.0	0.0	0.0	0.0	0.0	0.0	0.0	0.0	0.0
-43.583	0.0	0.0	0.0	0.0	0.0	0.0	0.0	0.0	0.0
-43.519	0.0	0.0	0.0	0.0	0.0	0.0	0.0	0.0	0.0
-43.454	0.0	0.0	0.0	0.0	0.0	0.0	0.0	0.0	0.0
-43.390	0.0	0.0	0.0	0.0	0.0	0.0	0.0	0.0	0.0
-43.325	0.0	0.0	0.0	0.0	0.0	0.0	0.0	0.0	0.0
-43.261	0.0	0.0	0.0	0.0	0.0	0.0	0.0	0.0	0.0
-43.196	0.0	0.0	0.0	0.0	0.0	0.0	0.0	0.0	0.0
-43.132	0.0	0.0	0.0	0.0	0.0	0.0	0.0	0.0	0.0
-43.067	0.0	0.0	0.0	0.0	0.0	0.0	0.0	0.0	0.0
-43.003	0.0	0.0	0.0	0.0	0.0	0.0	0.0	0.0	0.0
-42.938	0.0	0.0	0.0	0.0	0.0	0.0	0.0	0.0	0.0
-42.874	0.0	0.0	0.0	0.0	0.0	0.0	0.0	0.0	0.0
-42.810	0.0	0.0	0.0	0.0	0.0	0.0	0.0	0.0	0.0
-42.745	0.0	0.0	0.0	0.0	0.0	0.0	0.0	0.0	0.0
-42.681	6.2839e-13	2.6667e-14	2.52379335e-14	2.9832399999999997e-13	0.0	0.0	0.0	0.0	0.0
-42.616	4.2449999999999993e-10	1.80105e-11	1.70457842e-11	2.0144300000000003e-10	0.0	0.0	0.0	0.0	0.0
-42.552	1.26936e-07	5.3869e-09	5.09747512e-09	6.02457e-08	0.0	0.0	0.0	0.0	0.0
-42.487	1.68659e-05	7.157e-07	6.773744290000001e-07	8.0048e-06	0.0	0.0	0.0	0.0	0.0
-42.423	0.00100061	4.2455e-05	4.0185719899999993e-05	0.00047483	0.0	0.0	0.0	0.0	0.0
-42.358	0.026663	0.00113127	0.0010707700570000002	0.0126544	0.0	0.0	0.0	0.0	0.0
-42.294	0.32128999999999996	0.013633800000000001	0.0129030391	0.15248999999999996	0.0	0.0	0.0	0.0	0.0
-42.229	1.7633100000000002	0.074821	0.070809129	0.8368500000000001	0.0	0.0	0.0	0.0	0.0
-42.165	4.435	0.18816699999999997	0.178086806	2.1046199999999997	0.0	0.0	0.0	0.0	0.0
-42.100	5.1302	0.21769100000000002	0.20603304299999997	2.43488	0.0	0.0	0.0	0.0	0.0
-42.036	2.7323	0.115944	0.10971692820000001	1.29671	0.0	0.0	0.0	0.0	0.0
-41.971	0.668	0.028345	0.026825956900000003	0.317002	0.0	0.0	0.0	0.0	0.0
-41.907	0.07456099999999999	0.0031638	0.0029939813299999997	0.035389000000000004	0.0	0.0	0.0	0.0	0.0
-41.842	0.0037744000000000002	0.000160131	0.000151555982	0.00179123	0.0	0.0	0.0	0.0	0.0
-41.778	8.599799999999999e-05	3.6495999999999998e-06	3.45402822e-06	4.08238e-05	0.0	0.0	0.0	0.0	0.0
-41.713	8.7698e-07	3.7214e-08	3.5221867900000005e-08	4.1635499999999997e-07	0.0	0.0	0.0	0.0	0.0
-41.649	3.980600000000001e-09	1.68908e-10	1.5984765199999998e-10	1.8892e-09	0.0	0.0	0.0	0.0	0.0
-41.585	8.004999999999999e-12	3.3971e-13	3.2148201999999997e-13	3.79995e-12	0.0	0.0	0.0	0.0	0.0
-41.520	6.7306999999999995e-15	2.8559799999999996e-16	2.70287286e-16	3.1945400000000004e-15	0.0	0.0	0.0	0.0	0.0
-41.456	0.0	0.0	0.0	0.0	0.0	0.0	0.0	0.0	0.0
-41.391	0.0	0.0	0.0	0.0	0.0	0.0	0.0	0.0	0.0
-41.327	0.0	0.0	0.0	0.0	0.0	0.0	0.0	0.0	0.0
-41.262	0.0	0.0	0.0	0.0	0.0	0.0	0.0	0.0	0.0
-41.198	0.0	0.0	0.0	0.0	0.0	0.0	0.0	0.0	0.0
-41.133	0.0	0.0	0.0	0.0	0.0	0.0	0.0	0.0	0.0
-41.069	0.0	0.0	0.0	0.0	0.0	0.0	0.0	0.0	0.0
-41.004	0.0	0.0	0.0	0.0	0.0	0.0	0.0	0.0	0.0
-40.940	0.0	0.0	0.0	0.0	0.0	0.0	0.0	0.0	0.0
-40.875	0.0	0.0	0.0	0.0	0.0	0.0	0.0	0.0	0.0
-40.811	0.0	0.0	0.0	0.0	0.0	0.0	0.0	0.0	0.0
-40.746	0.0	0.0	0.0	0.0	0.0	0.0	0.0	0.0	0.0
-40.682	0.0	0.0	0.0	0.0	0.0	0.0	0.0	0.0	0.0
-40.617	0.0	0.0	0.0	0.0	0.0	0.0	0.0	0.0	0.0
-40.553	0.0	0.0	0.0	0.0	0.0	0.0	0.0	0.0	0.0
-40.489	0.0	0.0	0.0	0.0	0.0	0.0	0.0	0.0	0.0
-40.424	0.0	0.0	0.0	0.0	0.0	0.0	0.0	0.0	0.0
-40.360	0.0	0.0	0.0	0.0	0.0	0.0	0.0	0.0	0.0
-40.295	0.0	0.0	0.0	0.0	0.0	0.0	0.0	0.0	0.0
-40.231	0.0	0.0	0.0	0.0	0.0	0.0	0.0	0.0	0.0
-40.166	0.0	0.0	0.0	0.0	0.0	0.0	0.0	0.0	0.0
-40.102	0.0	0.0	0.0	0.0	0.0	0.0	0.0	0.0	0.0
-40.037	0.0	0.0	0.0	0.0	0.0	0.0	0.0	0.0	0.0
-39.973	0.0	0.0	0.0	0.0	0.0	0.0	0.0	0.0	0.0
-39.908	0.0	0.0	0.0	0.0	0.0	0.0	0.0	0.0	0.0
-39.844	0.0	0.0	0.0	0.0	0.0	0.0	0.0	0.0	0.0
-39.779	0.0	0.0	0.0	0.0	0.0	0.0	0.0	0.0	0.0
-39.715	0.0	0.0	0.0	0.0	0.0	0.0	0.0	0.0	0.0
-39.650	0.0	0.0	0.0	0.0	0.0	0.0	0.0	0.0	0.0
-39.586	0.0	0.0	0.0	0.0	0.0	0.0	0.0	0.0	0.0
-39.521	0.0	0.0	0.0	0.0	0.0	0.0	0.0	0.0	0.0
-39.457	0.0	0.0	0.0	0.0	0.0	0.0	0.0	0.0	0.0
-39.392	0.0	0.0	0.0	0.0	0.0	0.0	0.0	0.0	0.0
-39.328	0.0	0.0	0.0	0.0	0.0	0.0	0.0	0.0	0.0
-39.264	0.0	0.0	0.0	0.0	0.0	0.0	0.0	0.0	0.0
-39.199	0.0	0.0	0.0	0.0	0.0	0.0	0.0	0.0	0.0
-39.135	0.0	0.0	0.0	0.0	0.0	0.0	0.0	0.0	0.0
-39.070	0.0	0.0	0.0	0.0	0.0	0.0	0.0	0.0	0.0
-39.006	0.0	0.0	0.0	0.0	0.0	0.0	0.0	0.0	0.0
-38.941	0.0	0.0	0.0	0.0	0.0	0.0	0.0	0.0	0.0
-38.877	0.0	0.0	0.0	0.0	0.0	0.0	0.0	0.0	0.0
-38.812	0.0	0.0	0.0	0.0	0.0	0.0	0.0	0.0	0.0
-38.748	0.0	0.0	0.0	0.0	0.0	0.0	0.0	0.0	0.0
-38.683	4.5926e-15	2.5353766e-15	2.876125438e-15	6.104088000000001e-16	0.0	0.0	0.0	0.0	0.0
-38.619	4.9733e-12	2.7463394e-12	3.115500884e-12	6.611395999999999e-13	0.0	0.0	0.0	0.0	0.0
-38.554	2.5432e-09	1.4043718999999998e-09	1.592958598e-09	3.381127e-10	0.0	0.0	0.0	0.0	0.0
-38.490	5.760899999999999e-07	3.18151e-07	3.6084220509999997e-07	7.659325000000001e-08	0.0	0.0	0.0	0.0	0.0
-38.425	5.808599999999999e-05	3.2074039e-05	3.638448601e-05	7.721259e-06	0.0	0.0	0.0	0.0	0.0
-38.361	0.0026197	0.0014464351999999999	0.001640674487	0.00034826259999999994	0.0	0.0	0.0	0.0	0.0
-38.296	0.053194	0.029372231	0.03330570896	0.007069919	0.0	0.0	0.0	0.0	0.0
-38.232	0.48946	0.27027818000000003	0.3065978963	0.06506922000000001	0.0	0.0	0.0	0.0	0.0
-38.168	2.0564	1.1355893000000001	1.287988935	0.27341899999999997	0.0	0.0	0.0	0.0	0.0
-38.103	3.9653000000000005	2.1893244000000003	2.483662144	0.527182	0.0	0.0	0.0	0.0	0.0
-38.039	3.5198	1.9436341999999998	2.204507957	0.46792820000000007	0.0	0.0	0.0	0.0	0.0
-37.974	1.43742	0.7935628000000001	0.9002457258000001	0.1911042	0.0	0.0	0.0	0.0	0.0
-37.910	0.26902	0.14855760999999998	0.16848723029999998	0.03576555000000001	0.0	0.0	0.0	0.0	0.0
-37.845	0.022937	0.012664930999999999	0.01436555687	0.00304903	0.0	0.0	0.0	0.0	0.0
-37.781	0.00088459	0.0004884777	0.0005540402937	0.00011759618	0.0	0.0	0.0	0.0	0.0
-37.716	1.5327099999999998e-05	8.462727e-06	9.599138371999999e-06	2.037494e-06	0.0	0.0	0.0	0.0	0.0
-37.652	1.1859400000000001e-07	6.547998000000001e-08	7.427388038e-08	1.576088e-08	0.0	0.0	0.0	0.0	0.0
-37.587	4.0775e-10	2.2516477e-10	2.553276446e-10	5.4202549999999996e-11	0.0	0.0	0.0	0.0	0.0
-37.523	6.218600000000001e-13	3.4337280999999997e-13	3.895010365e-13	8.266594e-14	0.0	0.0	0.0	0.0	0.0
-37.458	0.0	0.0	0.0	0.0	0.0	0.0	0.0	0.0	0.0
-37.394	9.69698e-15	1.3729680000000001e-14	2.2391607000000004e-14	2.256074e-14	0.0	0.0	0.0	0.0	0.0
-37.329	8.90274e-12	1.2605069999999998e-11	2.0556823999999997e-11	2.0711339999999997e-11	0.0	0.0	0.0	0.0	0.0
-37.265	3.64518e-09	5.16046e-09	8.416884e-09	8.47972e-09	0.0	0.0	0.0	0.0	0.0
-37.200	6.62005e-07	9.3727e-07	1.5285654999999999e-06	1.5401229999999999e-06	0.0	0.0	0.0	0.0	0.0
-37.136	5.3572799999999996e-05	7.584619999999999e-05	0.00012370081	0.000124631	0.0	0.0	0.0	0.0	0.0
-37.071	0.0019423700000000001	0.0027501300000000004	0.0044854106	0.00451861	0.0	0.0	0.0	0.0	0.0
-37.007	0.0317646	0.0449783	0.07334223000000001	0.0739021	0.0	0.0	0.0	0.0	0.0
-36.943	0.23596699999999998	0.334075	0.5447931300000001	0.5489240000000001	0.0	0.0	0.0	0.0	0.0
-36.878	0.801977	1.136945	1.8521603	1.865144	0.0	0.0	0.0	0.0	0.0
-36.814	1.26433	1.81823	2.9210040999999998	2.9281800000000002	0.0	0.0	0.0	0.0	0.0
-36.749	1.02859	1.7194499999999997	2.38922	2.26204	0.0	0.0	0.0	0.0	0.0
-36.685	0.8693199999999999	2.3763099999999997	2.085906	1.43736	0.0	0.0	0.0	0.0	0.0
-36.620	1.302869	4.27681	3.3234099999999995	1.68794	0.0	0.0	0.0	0.0	0.0
-36.556	1.637077	5.199400000000001	4.65675	1.87729	0.0	0.0	0.0	0.0	0.0
-36.491	1.5209739999999998	4.5122	4.87414	1.5222499999999999	0.0	0.0	0.0	0.0	0.0
-36.427	0.945338	2.69184	3.2181900000000003	0.870012	0.0	0.0	0.0	0.0	0.0
-36.362	0.31699189999999994	0.8904299999999999	1.1001290000000001	0.28350060000000005	0.0	0.0	0.0	0.0	0.0
-36.298	0.051039614999999997	0.142846	0.17802060000000003	0.04528713	0.0	0.0	0.0	0.0	0.0
-36.233	0.0037844728	0.0105825	0.01321699	0.0033513550000000007	0.0	0.0	0.0	0.0	0.0
-36.169	0.00012718413399999997	0.00035553	0.0004442314	0.00011257834	0.0	0.0	0.0	0.0	0.0
-36.104	1.9196117e-06	5.3653e-06	6.704168e-06	1.6987199e-06	0.0	0.0	0.0	0.0	0.0
-36.040	1.29243765e-08	3.6128000000000004e-08	4.514548e-08	1.1438486e-08	0.0	0.0	0.0	0.0	0.0
-35.975	3.8658922000000003e-11	1.0809499999999999e-10	1.3503918e-10	3.4219090000000004e-11	0.0	0.0	0.0	0.0	0.0
-35.911	1.19638329e-11	5.689127e-11	4.1629529999999996e-11	1.3768400000000002e-11	0.0	0.0	0.0	0.0	0.0
-35.847	4.5177909e-09	2.150124e-08	1.57786e-08	5.18227e-09	0.0	0.0	0.0	0.0	0.0
-35.782	7.643057899999999e-07	3.631739e-06	2.684925e-06	8.695970000000001e-07	0.0	0.0	0.0	0.0	0.0
-35.718	5.8153664e-05	0.000275576	0.0002064434	6.52664e-05	0.0	0.0	0.0	0.0	0.0
-35.653	0.0020134890999999994	0.00950064	0.007273529999999999	0.00220661	0.0	0.0	0.0	0.0	0.0
-35.589	0.032255747	0.151023	0.11968999999999999	0.033964999999999995	0.0	0.0	0.0	0.0	0.0
-35.524	0.24390156000000002	1.12876	0.9410799999999999	0.24111600000000002	0.0	0.0	0.0	0.0	0.0
-35.460	0.8899427000000002	4.0539	3.6151299999999997	0.8015549999999999	0.0	0.0	0.0	0.0	0.0
-35.395	1.5988141999999999	7.1419999999999995	6.886799999999998	1.269773	0.0	0.0	0.0	0.0	0.0
-35.331	1.4292366999999997	6.2531	6.5241999999999996	0.9761540000000002	0.0	0.0	0.0	0.0	0.0
-35.266	0.6340151999999999	2.72172	3.0417	0.36951	0.0	0.0	0.0	0.0	0.0
-35.202	0.1375673	0.581498	0.68499	0.06931799999999999	0.0	0.0	0.0	0.0	0.0
-35.137	0.01428634	0.0597369	0.072959	0.0064074200000000005	0.0	0.0	0.0	0.0	0.0
-35.073	0.0006946902	0.0028838500000000007	0.0036062000000000004	0.000286725	0.0	0.0	0.0	0.0	0.0
-35.008	1.552402e-05	6.41721e-05	8.134200000000001e-05	6.070750000000001e-06	0.0	0.0	0.0	0.0	0.0
-34.944	1.571489e-07	6.48013e-07	8.2817e-07	5.9451200000000005e-08	0.0	0.0	0.0	0.0	0.0
-34.879	7.131709999999999e-10	2.9362049999999998e-09	3.7708e-09	2.645703e-10	0.0	0.0	0.0	0.0	0.0
-34.815	1.440645e-12	5.925965e-12	7.628300000000001e-12	5.286558e-13	0.0	0.0	0.0	0.0	0.0
-34.750	1.115968e-15	4.5863929999999994e-15	5.9238e-15	4.0372835000000006e-16	0.0	0.0	0.0	0.0	0.0
-34.686	0.0	0.0	0.0	0.0	0.0	0.0	0.0	0.0	0.0
-34.622	0.0	0.0	0.0	0.0	0.0	0.0	0.0	0.0	0.0
-34.557	0.0	0.0	0.0	0.0	0.0	0.0	0.0	0.0	0.0
-34.493	0.0	0.0	0.0	0.0	0.0	0.0	0.0	0.0	0.0
-34.428	0.0	0.0	0.0	0.0	0.0	0.0	0.0	0.0	0.0
-34.364	0.0	0.0	0.0	0.0	0.0	0.0	0.0	0.0	0.0
-34.299	0.0	0.0	0.0	0.0	0.0	0.0	0.0	0.0	0.0
-34.235	0.0	0.0	0.0	0.0	0.0	0.0	0.0	0.0	0.0
-34.170	0.0	0.0	0.0	0.0	0.0	0.0	0.0	0.0	0.0
-34.106	0.0	0.0	0.0	0.0	0.0	0.0	0.0	0.0	0.0
-34.041	0.0	0.0	0.0	0.0	0.0	0.0	0.0	0.0	0.0
-33.977	0.0	0.0	0.0	0.0	0.0	0.0	0.0	0.0	0.0
-33.912	0.0	0.0	0.0	0.0	0.0	0.0	0.0	0.0	0.0
-33.848	0.0	0.0	0.0	0.0	0.0	0.0	0.0	0.0	0.0
-33.783	3.825732e-16	1.7312967500000001e-15	3.4367309999999996e-15	2.46475e-14	0.0	0.0	0.0	0.0	0.0
-33.719	3.855668e-13	1.74540709e-12	3.463569e-12	2.48427e-11	0.0	0.0	0.0	0.0	0.0
-33.654	1.735994e-10	7.856183200000001e-10	1.5594090000000002e-09	1.1184690000000001e-08	0.0	0.0	0.0	0.0	0.0
-33.590	3.4653020000000006e-08	1.5689602899999998e-07	3.1127640000000004e-07	2.23291e-06	0.0	0.0	0.0	0.0	0.0
-33.526	3.0807720000000003e-06	1.39497466e-05	2.767811e-05	0.000198493	0.0	0.0	0.0	0.0	0.0
-33.461	0.00012263539999999998	0.00055669936	0.001101858	0.007899950000000001	0.0	0.0	0.0	0.0	0.0
-33.397	0.002201787	0.010114553900000002	0.019797460000000003	0.1417791	0.0	0.0	0.0	0.0	0.0
-33.332	0.01799546	0.08734125999999999	0.1625256	1.15674	0.0	0.0	0.0	0.0	0.0
-33.268	0.06831387	0.4129979	0.6315360000000001	4.35232	0.0	0.0	0.0	0.0	0.0
-33.203	0.1289091	1.4158659999999998	1.339353	7.90787	0.0	0.0	0.0	0.0	0.0
-33.139	0.154558	3.76063	2.3013879999999998	8.41274	0.0	0.0	0.0	0.0	0.0
-33.074	0.17136900000000002	5.98082	3.8361780000000003	8.170370000000002	0.0	0.0	0.0	0.0	0.0
-33.010	0.15475699999999998	4.827492	4.2433890000000005	7.36002	0.0	0.0	0.0	0.0	0.0
-32.945	0.0808266	1.903221	2.440481	4.023020000000001	0.0	0.0	0.0	0.0	0.0
-32.881	0.0212894	0.36815600000000004	0.6799936099999999	1.101715	0.0	0.0	0.0	0.0	0.0
-32.816	0.00269925	0.03535936	0.08925367399999999	0.14335350000000002	0.0	0.0	0.0	0.0	0.0
-32.752	0.00016324609999999998	0.0019492166	0.00739833	0.01110454	0.0	0.0	0.0	0.0	0.0
-32.687	6.634110000000001e-05	0.0055847367	0.04262795	0.05267026700000001	0.0	0.0	0.0	0.0	0.0
-32.623	0.0005990640000000001	0.053599709399999994	0.41063199999999994	0.5069380900000001	0.0	0.0	0.0	0.0	0.0
-32.558	0.00264147	0.2364015967	1.810654	2.23524613	0.0	0.0	0.0	0.0	0.0
-32.494	0.00534734	0.480302279	3.664619	4.5254428	0.0	0.0	0.0	0.0	0.0
-32.429	0.005028500000000001	0.49110226	3.416746	4.258613599999999	0.0	0.0	0.0	0.0	0.0
-32.365	0.00270523	0.6500244000000001	1.5044490000000001	2.2683850000000003	0.0	0.0	0.0	0.0	0.0
-32.301	0.0041287	2.23242	0.5374078	2.581503	0.0	0.0	0.0	0.0	0.0
-32.236	0.0158399	5.4385010000000005	0.9459008	5.5685270000000004	0.0	0.0	0.0	0.0	0.0
-32.172	0.04418629999999999	8.305468999999999	2.1654228	8.259948	0.0	0.0	0.0	0.0	0.0
-32.107	0.0721793	9.146601	3.0040498	8.37631	0.0	0.0	0.0	0.0	0.0
-32.043	0.062567	6.7209765	2.2643201000000004	5.514016000000001	0.0	0.0	0.0	0.0	0.0
-31.978	0.0272465	2.7593979	0.883866	2.060975	0.0	0.0	0.0	0.0	0.0
-31.914	0.0057519400000000005	0.5691264800000001	0.1727258	0.39772179999999996	0.0	0.0	0.0	0.0	0.0
-31.849	0.000572887	0.056086121	0.016378401	0.03755673	0.0	0.0	0.0	0.0	0.0
-31.785	2.6374300000000003e-05	0.0025667824	0.0007321061	0.0016762793000000002	0.0	0.0	0.0	0.0	0.0
-31.720	5.52313e-07	5.3602650999999993e-05	1.5083858000000002e-05	3.451145500000001e-05	0.0	0.0	0.0	0.0	0.0
-31.656	5.20392e-09	5.0433145e-07	1.408635e-07	3.2214614999999997e-07	0.0	0.0	0.0	0.0	0.0
-31.591	2.189399e-11	2.1196866999999995e-09	5.8956714e-10	1.34816223e-09	0.0	0.0	0.0	0.0	0.0
-31.527	4.086490000000001e-14	3.9549362999999996e-12	1.0980626000000002e-12	2.510343e-12	0.0	0.0	0.0	0.0	0.0
-31.462	3.101779e-17	3.0004113999999995e-15	8.311341999999999e-16	1.8998066e-15	0.0	0.0	0.0	0.0	0.0
-31.398	0.0	0.0	0.0	0.0	0.0	0.0	0.0	0.0	0.0
-31.333	0.0	0.0	0.0	0.0	0.0	0.0	0.0	0.0	0.0
-31.269	3.448616e-16	2.252561e-13	2.0329369900000003e-13	2.267303e-13	0.0	0.0	0.0	0.0	0.0
-31.205	2.460191e-13	1.6068967000000005e-10	1.4508587800000002e-10	1.6171350999999995e-10	0.0	0.0	0.0	0.0	0.0
-31.140	7.762434e-11	5.070424530000001e-08	4.5768665499999995e-08	5.1032860000000006e-08	0.0	0.0	0.0	0.0	0.0
-31.076	1.0879596000000002e-08	7.10611742e-06	6.413703400000001e-06	7.15236e-06	0.0	0.0	0.0	0.0	0.0
-31.011	6.805458e-07	0.00044453104200000007	0.000401233602	0.00044745390000000004	0.0	0.0	0.0	0.0	0.0
-30.947	1.910859e-05	0.012484511899999998	0.011268110100000001	0.012560975999999998	0.0	0.0	0.0	0.0	0.0
-30.882	0.000242596	0.15849264799999999	0.14300780600000002	0.15954690000000002	0.0	0.0	0.0	0.0	0.0
-30.818	0.001402331	0.915909947	0.82665108	0.9219091	0.0	0.0	0.0	0.0	0.0
-30.753	0.0037121169999999996	2.42487568	2.18853264	2.440066	0.0	0.0	0.0	0.0	0.0
-30.689	0.004519166	2.95269384	2.66483697	2.9714459999999994	0.0	0.0	0.0	0.0	0.0
-30.624	0.002533608	1.65488216	1.4938703500000003	1.6651999999999998	0.0	0.0	0.0	0.0	0.0
-30.560	0.0006521356999999999	0.42591496100000004	0.38440299099999997	0.42874540000000005	0.0	0.0	0.0	0.0	0.0
-30.495	7.666366e-05	0.0500853992	0.0452003449	0.05040817000000001	0.0	0.0	0.0	0.0	0.0
-30.431	4.089282e-06	0.00267122909	0.00241054372	0.002688406	0.0	0.0	0.0	0.0	0.0
-30.366	9.8241e-08	6.41652768e-05	5.79208079e-05	6.458802999999999e-05	0.0	0.0	0.0	0.0	0.0
-30.302	1.0565298e-09	6.900703410000001e-07	6.228876700000001e-07	6.945955000000001e-07	0.0	0.0	0.0	0.0	0.0
-30.237	5.0580490000000005e-12	3.3046122799999996e-09	2.9820585299999994e-09	3.3254519999999997e-09	0.0	0.0	0.0	0.0	0.0
-30.173	1.0736515e-14	7.012316499999999e-12	6.3299803e-12	7.058607e-12	0.0	0.0	0.0	0.0	0.0
-30.108	1.0229981e-17	6.681702270000001e-15	6.031299499999999e-15	6.725225e-15	0.0	0.0	0.0	0.0	0.0
-30.044	0.0	0.0	0.0	0.0	0.0	0.0	0.0	0.0	0.0
-29.980	0.0	0.0	0.0	0.0	0.0	0.0	0.0	0.0	0.0
-29.915	0.0	0.0	0.0	0.0	0.0	0.0	0.0	0.0	0.0
-29.851	0.0	0.0	0.0	0.0	0.0	0.0	0.0	0.0	0.0
-29.786	0.0	0.0	0.0	0.0	0.0	0.0	0.0	0.0	0.0
-29.722	0.0	0.0	0.0	0.0	0.0	0.0	0.0	0.0	0.0
-29.657	0.0	0.0	0.0	0.0	0.0	0.0	0.0	0.0	0.0
-29.593	0.0	0.0	0.0	0.0	0.0	0.0	0.0	0.0	0.0
-29.528	0.0	0.0	0.0	0.0	0.0	0.0	0.0	0.0	0.0
-29.464	0.0	0.0	0.0	0.0	0.0	0.0	0.0	0.0	0.0
-29.399	0.0	0.0	0.0	0.0	0.0	0.0	0.0	0.0	0.0
-29.335	0.0	0.0	0.0	0.0	0.0	0.0	0.0	0.0	0.0
-29.270	0.0	0.0	0.0	0.0	0.0	0.0	0.0	0.0	0.0
-29.206	0.0	0.0	0.0	0.0	0.0	0.0	0.0	0.0	0.0
-29.141	0.0	0.0	0.0	0.0	0.0	0.0	0.0	0.0	0.0
-29.077	0.0	0.0	0.0	0.0	0.0	0.0	0.0	0.0	0.0
-29.012	0.0	0.0	0.0	0.0	0.0	0.0	0.0	0.0	0.0
-28.948	0.0	0.0	0.0	0.0	0.0	0.0	0.0	0.0	0.0
-28.884	0.0	0.0	0.0	0.0	0.0	0.0	0.0	0.0	0.0
-28.819	0.0	0.0	0.0	0.0	0.0	0.0	0.0	0.0	0.0
-28.755	0.0	0.0	0.0	0.0	0.0	0.0	0.0	0.0	0.0
-28.690	0.0	0.0	0.0	0.0	0.0	0.0	0.0	0.0	0.0
-28.626	0.0	0.0	0.0	0.0	0.0	0.0	0.0	0.0	0.0
-28.561	0.0	0.0	0.0	0.0	0.0	0.0	0.0	0.0	0.0
-28.497	0.0	0.0	0.0	0.0	0.0	0.0	0.0	0.0	0.0
-28.432	0.0	0.0	0.0	0.0	0.0	0.0	0.0	0.0	0.0
-28.368	0.0	0.0	0.0	0.0	0.0	0.0	0.0	0.0	0.0
-28.303	0.0	0.0	0.0	0.0	0.0	0.0	0.0	0.0	0.0
-28.239	0.0	0.0	0.0	0.0	0.0	0.0	0.0	0.0	0.0
-28.174	0.0	0.0	0.0	0.0	0.0	0.0	0.0	0.0	0.0
-28.110	0.0	0.0	0.0	0.0	0.0	0.0	0.0	0.0	0.0
-28.045	0.0	0.0	0.0	0.0	0.0	0.0	0.0	0.0	0.0
-27.981	0.0	0.0	0.0	0.0	0.0	0.0	0.0	0.0	0.0
-27.916	0.0	0.0	0.0	0.0	0.0	0.0	0.0	0.0	0.0
-27.852	0.0	0.0	0.0	0.0	0.0	0.0	0.0	0.0	0.0
-27.787	0.0	0.0	0.0	0.0	0.0	0.0	0.0	0.0	0.0
-27.723	0.0	0.0	0.0	0.0	0.0	0.0	0.0	0.0	0.0
-27.659	0.0	0.0	0.0	0.0	0.0	0.0	0.0	0.0	0.0
-27.594	0.0	0.0	0.0	0.0	0.0	0.0	0.0	0.0	0.0
-27.530	0.0	0.0	0.0	0.0	0.0	0.0	0.0	0.0	0.0
-27.465	0.0	0.0	0.0	0.0	0.0	0.0	0.0	0.0	0.0
-27.401	0.0	0.0	0.0	0.0	0.0	0.0	0.0	0.0	0.0
-27.336	0.0	0.0	0.0	0.0	0.0	0.0	0.0	0.0	0.0
-27.272	0.0	0.0	0.0	0.0	0.0	0.0	0.0	0.0	0.0
-27.207	0.0	0.0	0.0	0.0	0.0	0.0	0.0	0.0	0.0
-27.143	0.0	0.0	0.0	0.0	0.0	0.0	0.0	0.0	0.0
-27.078	0.0	0.0	0.0	0.0	0.0	0.0	0.0	0.0	0.0
-27.014	0.0	0.0	0.0	0.0	0.0	0.0	0.0	0.0	0.0
-26.949	0.0	0.0	0.0	0.0	0.0	0.0	0.0	0.0	0.0
-26.885	0.0	0.0	0.0	0.0	0.0	0.0	0.0	0.0	0.0
-26.820	0.0	0.0	0.0	0.0	0.0	0.0	0.0	0.0	0.0
-26.756	0.0	0.0	0.0	0.0	0.0	0.0	0.0	0.0	0.0
-26.691	0.0	0.0	0.0	0.0	0.0	0.0	0.0	0.0	0.0
-26.627	0.0	0.0	0.0	0.0	0.0	0.0	0.0	0.0	0.0
-26.563	0.0	0.0	0.0	0.0	0.0	0.0	0.0	0.0	0.0
-26.498	0.0	0.0	0.0	0.0	0.0	0.0	0.0	0.0	0.0
-26.434	0.0	0.0	0.0	0.0	0.0	0.0	0.0	0.0	0.0
-26.369	0.0	0.0	0.0	0.0	0.0	0.0	0.0	0.0	0.0
-26.305	0.0	0.0	0.0	0.0	0.0	0.0	0.0	0.0	0.0
-26.240	0.0	0.0	0.0	0.0	0.0	0.0	0.0	0.0	0.0
-26.176	0.0	0.0	0.0	0.0	0.0	0.0	0.0	0.0	0.0
-26.111	0.0	0.0	0.0	0.0	0.0	0.0	0.0	0.0	0.0
-26.047	0.0	0.0	0.0	0.0	0.0	0.0	0.0	0.0	0.0
-25.982	0.0	0.0	0.0	0.0	0.0	0.0	0.0	0.0	0.0
-25.918	0.0	0.0	0.0	0.0	0.0	0.0	0.0	0.0	0.0
-25.853	0.0	0.0	0.0	0.0	0.0	0.0	0.0	0.0	0.0
-25.789	0.0	0.0	0.0	0.0	0.0	0.0	0.0	0.0	0.0
-25.724	0.0	0.0	0.0	0.0	0.0	0.0	0.0	0.0	0.0
-25.660	0.0	0.0	0.0	0.0	0.0	0.0	0.0	0.0	0.0
-25.595	0.0	0.0	0.0	0.0	0.0	0.0	0.0	0.0	0.0
-25.531	0.0	0.0	0.0	0.0	0.0	0.0	0.0	0.0	0.0
-25.466	0.0	0.0	0.0	0.0	0.0	0.0	0.0	0.0	0.0
-25.402	0.0	0.0	0.0	0.0	0.0	0.0	0.0	0.0	0.0
-25.338	0.0	0.0	0.0	0.0	0.0	0.0	0.0	0.0	0.0
-25.273	0.0	0.0	0.0	0.0	0.0	0.0	0.0	0.0	0.0
-25.209	0.0	0.0	0.0	0.0	0.0	0.0	0.0	0.0	0.0
-25.144	0.0	0.0	0.0	0.0	0.0	0.0	0.0	0.0	0.0
-25.080	0.0	0.0	0.0	0.0	0.0	0.0	0.0	0.0	0.0
-25.015	0.0	0.0	0.0	0.0	0.0	0.0	0.0	0.0	0.0
-24.951	0.0	0.0	0.0	0.0	0.0	0.0	0.0	0.0	0.0
-24.886	0.0	0.0	0.0	0.0	0.0	0.0	0.0	0.0	0.0
-24.822	0.0	0.0	0.0	0.0	0.0	0.0	0.0	0.0	0.0
-24.757	0.0	0.0	0.0	0.0	0.0	0.0	0.0	0.0	0.0
-24.693	0.0	0.0	0.0	0.0	0.0	0.0	0.0	0.0	0.0
-24.628	0.0	0.0	0.0	0.0	0.0	0.0	0.0	0.0	0.0
-24.564	0.0	0.0	0.0	0.0	0.0	0.0	0.0	0.0	0.0
-24.499	0.0	0.0	0.0	0.0	0.0	0.0	0.0	0.0	0.0
-24.435	0.0	0.0	0.0	0.0	0.0	0.0	0.0	0.0	0.0
-24.370	0.0	0.0	0.0	0.0	0.0	0.0	0.0	0.0	0.0
-24.306	0.0	0.0	0.0	0.0	0.0	0.0	0.0	0.0	0.0
-24.242	0.0	0.0	0.0	0.0	0.0	0.0	0.0	0.0	0.0
-24.177	0.0	0.0	0.0	0.0	0.0	0.0	0.0	0.0	0.0
-24.113	0.0	0.0	0.0	0.0	0.0	0.0	0.0	0.0	0.0
-24.048	0.0	0.0	0.0	0.0	0.0	0.0	0.0	0.0	0.0
-23.984	0.0	0.0	0.0	0.0	0.0	0.0	0.0	0.0	0.0
-23.919	0.0	0.0	0.0	0.0	0.0	0.0	0.0	0.0	0.0
-23.855	0.0	0.0	0.0	0.0	0.0	0.0	0.0	0.0	0.0
-23.790	0.0	0.0	0.0	0.0	0.0	0.0	0.0	0.0	0.0
-23.726	0.0	0.0	0.0	0.0	0.0	0.0	0.0	0.0	0.0
-23.661	0.0	0.0	0.0	0.0	0.0	0.0	0.0	0.0	0.0
-23.597	0.0	0.0	0.0	0.0	0.0	0.0	0.0	0.0	0.0
-23.532	0.0	0.0	0.0	0.0	0.0	0.0	0.0	0.0	0.0
-23.468	0.0	0.0	0.0	0.0	0.0	0.0	0.0	0.0	0.0
-23.403	0.0	0.0	0.0	0.0	0.0	0.0	0.0	0.0	0.0
-23.339	0.0	0.0	0.0	0.0	0.0	0.0	0.0	0.0	0.0
-23.274	0.0	0.0	0.0	0.0	0.0	0.0	0.0	0.0	0.0
-23.210	0.0	0.0	0.0	0.0	0.0	0.0	0.0	0.0	0.0
-23.145	0.0	0.0	0.0	0.0	0.0	0.0	0.0	0.0	0.0
-23.081	0.0	0.0	0.0	0.0	0.0	0.0	0.0	0.0	0.0
-23.017	0.0	0.0	0.0	0.0	0.0	0.0	0.0	0.0	0.0
-22.952	0.0	0.0	0.0	0.0	0.0	0.0	0.0	0.0	0.0
-22.888	0.0	0.0	0.0	0.0	0.0	0.0	0.0	0.0	0.0
-22.823	0.0	0.0	0.0	0.0	0.0	0.0	0.0	0.0	0.0
-22.759	0.0	0.0	0.0	0.0	0.0	0.0	0.0	0.0	0.0
-22.694	0.0	0.0	0.0	0.0	0.0	0.0	0.0	0.0	0.0
-22.630	0.0	0.0	0.0	0.0	0.0	0.0	0.0	0.0	0.0
-22.565	0.0	0.0	0.0	0.0	0.0	0.0	0.0	0.0	0.0
-22.501	0.0	0.0	0.0	0.0	0.0	0.0	0.0	0.0	0.0
-22.436	0.0	0.0	0.0	0.0	0.0	0.0	0.0	0.0	0.0
-22.372	0.0	0.0	0.0	0.0	0.0	0.0	0.0	0.0	0.0
-22.307	0.0	0.0	0.0	0.0	0.0	0.0	0.0	0.0	0.0
-22.243	0.0	0.0	0.0	0.0	0.0	0.0	0.0	0.0	0.0
-22.178	0.0	0.0	0.0	0.0	0.0	0.0	0.0	0.0	0.0
-22.114	0.0	0.0	0.0	0.0	0.0	0.0	0.0	0.0	0.0
-22.049	0.0	0.0	0.0	0.0	0.0	0.0	0.0	0.0	0.0
-21.985	0.0	0.0	0.0	0.0	0.0	0.0	0.0	0.0	0.0
-21.921	0.0	0.0	0.0	0.0	0.0	0.0	0.0	0.0	0.0
-21.856	0.0	0.0	0.0	0.0	0.0	0.0	0.0	0.0	0.0
-21.792	0.0	0.0	0.0	0.0	0.0	0.0	0.0	0.0	0.0
-21.727	0.0	0.0	0.0	0.0	0.0	0.0	0.0	0.0	0.0
-21.663	0.0	0.0	0.0	0.0	0.0	0.0	0.0	0.0	0.0
-21.598	0.0	0.0	0.0	0.0	0.0	0.0	0.0	0.0	0.0
-21.534	0.0	0.0	0.0	0.0	0.0	0.0	0.0	0.0	0.0
-21.469	0.0	0.0	0.0	0.0	0.0	0.0	0.0	0.0	0.0
-21.405	0.0	0.0	0.0	0.0	0.0	0.0	0.0	0.0	0.0
-21.340	0.0	0.0	0.0	0.0	0.0	0.0	0.0	0.0	0.0
-21.276	0.0	0.0	0.0	0.0	0.0	0.0	0.0	0.0	0.0
-21.211	0.0	0.0	0.0	0.0	0.0	0.0	0.0	0.0	0.0
-21.147	0.0	0.0	0.0	0.0	0.0	0.0	0.0	0.0	0.0
-21.082	0.0	0.0	0.0	0.0	0.0	0.0	0.0	0.0	0.0
-21.018	0.0	0.0	0.0	0.0	0.0	0.0	0.0	0.0	0.0
-20.953	0.0	0.0	0.0	0.0	0.0	0.0	0.0	0.0	0.0
-20.889	0.0	0.0	0.0	0.0	0.0	0.0	0.0	0.0	0.0
-20.824	0.0	0.0	0.0	0.0	0.0	0.0	0.0	0.0	0.0
-20.760	0.0	0.0	0.0	0.0	0.0	0.0	0.0	0.0	0.0
-20.696	0.0	0.0	0.0	0.0	0.0	0.0	0.0	0.0	0.0
-20.631	0.0	0.0	0.0	0.0	0.0	0.0	0.0	0.0	0.0
-20.567	0.0	0.0	0.0	0.0	0.0	0.0	0.0	0.0	0.0
-20.502	0.0	0.0	0.0	0.0	0.0	0.0	0.0	0.0	0.0
-20.438	0.0	0.0	0.0	0.0	0.0	0.0	0.0	0.0	0.0
-20.373	0.0	0.0	0.0	0.0	0.0	0.0	0.0	0.0	0.0
-20.309	0.0	0.0	0.0	0.0	0.0	0.0	0.0	0.0	0.0
-20.244	0.0	0.0	0.0	0.0	0.0	0.0	0.0	0.0	0.0
-20.180	0.0	0.0	0.0	0.0	0.0	0.0	0.0	0.0	0.0
-20.115	0.0	0.0	0.0	0.0	0.0	0.0	0.0	0.0	0.0
-20.051	0.0	0.0	0.0	0.0	0.0	0.0	0.0	0.0	0.0
-19.986	0.0	0.0	0.0	0.0	0.0	0.0	0.0	0.0	0.0
-19.922	0.0	0.0	0.0	0.0	0.0	0.0	0.0	0.0	0.0
-19.857	0.0	0.0	0.0	0.0	0.0	0.0	0.0	0.0	0.0
-19.793	0.0	0.0	0.0	0.0	0.0	0.0	0.0	0.0	0.0
-19.728	0.0	0.0	0.0	0.0	0.0	0.0	0.0	0.0	0.0
-19.664	0.0	0.0	0.0	0.0	0.0	0.0	0.0	0.0	0.0
-19.600	0.0	0.0	0.0	0.0	0.0	0.0	0.0	0.0	0.0
-19.535	0.0	0.0	0.0	0.0	0.0	0.0	0.0	0.0	0.0
-19.471	0.0	0.0	0.0	0.0	0.0	0.0	0.0	0.0	0.0
-19.406	0.0	0.0	0.0	0.0	0.0	0.0	0.0	0.0	0.0
-19.342	0.0	0.0	0.0	0.0	0.0	0.0	0.0	0.0	0.0
-19.277	0.0	0.0	0.0	0.0	0.0	0.0	0.0	0.0	0.0
-19.213	0.0	0.0	0.0	0.0	0.0	0.0	0.0	0.0	0.0
-19.148	0.0	0.0	0.0	0.0	0.0	0.0	0.0	0.0	0.0
-19.084	0.0	0.0	0.0	0.0	0.0	0.0	0.0	0.0	0.0
-19.019	0.0	0.0	0.0	0.0	0.0	0.0	0.0	0.0	0.0
-18.955	0.0	0.0	0.0	0.0	0.0	0.0	0.0	0.0	0.0
-18.890	0.0	0.0	0.0	0.0	0.0	0.0	0.0	0.0	0.0
-18.826	0.0	0.0	0.0	0.0	0.0	0.0	0.0	0.0	0.0
-18.761	0.0	0.0	0.0	0.0	0.0	0.0	0.0	0.0	0.0
-18.697	0.0	0.0	0.0	0.0	0.0	0.0	0.0	0.0	0.0
-18.632	0.0	0.0	0.0	0.0	0.0	0.0	0.0	0.0	0.0
-18.568	0.0	0.0	0.0	0.0	0.0	0.0	0.0	0.0	0.0
-18.504	0.0	0.0	0.0	0.0	0.0	0.0	0.0	0.0	0.0
-18.439	0.0	0.0	0.0	0.0	0.0	0.0	0.0	0.0	0.0
-18.375	0.0	0.0	0.0	0.0	0.0	0.0	0.0	0.0	0.0
-18.310	0.0	0.0	0.0	0.0	0.0	0.0	0.0	0.0	0.0
-18.246	0.0	0.0	0.0	0.0	0.0	0.0	0.0	0.0	0.0
-18.181	0.0	0.0	0.0	0.0	0.0	0.0	0.0	0.0	0.0
-18.117	0.0	0.0	0.0	0.0	0.0	0.0	0.0	0.0	0.0
-18.052	0.0	0.0	0.0	0.0	0.0	0.0	0.0	0.0	0.0
-17.988	0.0	0.0	0.0	0.0	0.0	0.0	0.0	0.0	0.0
-17.923	0.0	0.0	0.0	0.0	0.0	0.0	0.0	0.0	0.0
-17.859	0.0	0.0	0.0	0.0	0.0	0.0	0.0	0.0	0.0
-17.794	0.0	0.0	0.0	0.0	0.0	0.0	0.0	0.0	0.0
-17.730	0.0	0.0	0.0	0.0	0.0	0.0	0.0	0.0	0.0
-17.665	0.0	0.0	0.0	0.0	0.0	0.0	0.0	0.0	0.0
-17.601	0.0	0.0	0.0	0.0	0.0	0.0	0.0	0.0	0.0
-17.536	0.0	0.0	0.0	0.0	0.0	0.0	0.0	0.0	0.0
-17.472	0.0	0.0	0.0	0.0	0.0	0.0	0.0	0.0	0.0
-17.407	0.0	0.0	0.0	0.0	0.0	0.0	0.0	0.0	0.0
-17.343	0.0	0.0	0.0	0.0	0.0	0.0	0.0	0.0	0.0
-17.279	0.0	0.0	0.0	0.0	0.0	0.0	0.0	0.0	0.0
-17.214	0.0	0.0	0.0	0.0	0.0	0.0	0.0	0.0	0.0
-17.150	0.0	0.0	0.0	0.0	0.0	0.0	0.0	0.0	0.0
-17.085	0.0	0.0	0.0	0.0	0.0	0.0	0.0	0.0	0.0
-17.021	0.0	0.0	0.0	0.0	0.0	0.0	0.0	0.0	0.0
-16.956	0.0	0.0	0.0	0.0	0.0	0.0	0.0	0.0	0.0
-16.892	0.0	0.0	0.0	0.0	0.0	0.0	0.0	0.0	0.0
-16.827	0.0	0.0	0.0	0.0	0.0	0.0	0.0	0.0	0.0
-16.763	0.0	0.0	0.0	0.0	0.0	0.0	0.0	0.0	0.0
-16.698	0.0	0.0	0.0	0.0	0.0	0.0	0.0	0.0	0.0
-16.634	0.0	0.0	0.0	0.0	0.0	0.0	0.0	0.0	0.0
-16.569	0.0	0.0	0.0	0.0	0.0	0.0	0.0	0.0	0.0
-16.505	0.0	0.0	0.0	0.0	0.0	0.0	0.0	0.0	0.0
-16.440	0.0	0.0	0.0	0.0	0.0	0.0	0.0	0.0	0.0
-16.376	0.0	0.0	0.0	0.0	0.0	0.0	0.0	0.0	0.0
-16.311	0.0	0.0	0.0	0.0	0.0	0.0	0.0	0.0	0.0
-16.247	0.0	0.0	0.0	0.0	0.0	0.0	0.0	0.0	0.0
-16.183	0.0	0.0	0.0	0.0	0.0	0.0	0.0	0.0	0.0
-16.118	0.0	0.0	0.0	0.0	0.0	0.0	0.0	0.0	0.0
-16.054	0.0	0.0	0.0	0.0	0.0	0.0	0.0	0.0	0.0
-15.989	0.0	0.0	0.0	0.0	0.0	0.0	0.0	0.0	0.0
-15.925	0.0	0.0	0.0	0.0	0.0	0.0	0.0	0.0	0.0
-15.860	0.0	0.0	0.0	0.0	0.0	0.0	0.0	0.0	0.0
-15.796	0.0	0.0	0.0	0.0	0.0	0.0	0.0	0.0	0.0
-15.731	0.0	0.0	0.0	0.0	0.0	0.0	0.0	0.0	0.0
-15.667	0.0	0.0	0.0	0.0	0.0	0.0	0.0	0.0	0.0
-15.602	0.0	0.0	0.0	0.0	0.0	0.0	0.0	0.0	0.0
-15.538	0.0	0.0	0.0	0.0	0.0	0.0	0.0	0.0	0.0
-15.473	0.0	0.0	0.0	0.0	0.0	0.0	0.0	0.0	0.0
-15.409	0.0	0.0	0.0	0.0	0.0	0.0	0.0	0.0	0.0
-15.344	0.0	0.0	0.0	0.0	0.0	0.0	0.0	0.0	0.0
-15.280	0.0	0.0	0.0	0.0	0.0	0.0	0.0	0.0	0.0
-15.215	0.0	0.0	0.0	0.0	0.0	0.0	0.0	0.0	0.0
-15.151	0.0	0.0	0.0	0.0	0.0	0.0	0.0	0.0	0.0
-15.086	0.0	0.0	0.0	0.0	0.0	0.0	0.0	0.0	0.0
-15.022	0.0	0.0	0.0	0.0	0.0	0.0	0.0	0.0	0.0
-14.958	0.0	0.0	0.0	0.0	0.0	0.0	0.0	0.0	0.0
-14.893	0.0	0.0	0.0	0.0	0.0	0.0	0.0	0.0	0.0
-14.829	0.0	0.0	0.0	0.0	0.0	0.0	0.0	0.0	0.0
-14.764	0.0	0.0	0.0	0.0	0.0	0.0	0.0	0.0	0.0
-14.700	0.0	0.0	0.0	0.0	0.0	0.0	0.0	0.0	0.0
-14.635	0.0	0.0	0.0	0.0	0.0	0.0	0.0	0.0	0.0
-14.571	0.0	0.0	0.0	0.0	0.0	0.0	0.0	0.0	0.0
-14.506	0.0	0.0	0.0	0.0	0.0	0.0	0.0	0.0	0.0
-14.442	0.0	0.0	0.0	0.0	0.0	0.0	0.0	0.0	0.0
-14.377	0.0	0.0	0.0	0.0	0.0	0.0	0.0	0.0	0.0
-14.313	0.0	0.0	0.0	0.0	0.0	0.0	0.0	0.0	0.0
-14.248	0.0	0.0	0.0	0.0	0.0	0.0	0.0	0.0	0.0
-14.184	0.0	0.0	0.0	0.0	0.0	0.0	0.0	0.0	0.0
-14.119	0.0	0.0	0.0	0.0	0.0	0.0	0.0	0.0	0.0
-14.055	0.0	0.0	0.0	0.0	0.0	0.0	0.0	0.0	0.0
-13.990	0.0	0.0	0.0	0.0	0.0	0.0	0.0	0.0	0.0
-13.926	0.0	0.0	0.0	0.0	0.0	0.0	0.0	0.0	0.0
-13.862	0.0	0.0	0.0	0.0	0.0	0.0	0.0	0.0	0.0
-13.797	0.0	0.0	0.0	0.0	0.0	0.0	0.0	0.0	0.0
-13.733	0.0	0.0	0.0	0.0	0.0	0.0	0.0	0.0	0.0
-13.668	0.0	0.0	0.0	0.0	0.0	0.0	0.0	0.0	0.0
-13.604	0.0	0.0	0.0	0.0	0.0	0.0	0.0	0.0	0.0
-13.539	0.0	0.0	0.0	0.0	0.0	0.0	0.0	0.0	0.0
-13.475	0.0	0.0	0.0	0.0	0.0	0.0	0.0	0.0	0.0
-13.410	0.0	0.0	0.0	0.0	0.0	0.0	0.0	0.0	0.0
-13.346	0.0	0.0	0.0	0.0	0.0	0.0	0.0	0.0	0.0
-13.281	0.0	0.0	0.0	0.0	0.0	0.0	0.0	0.0	0.0
-13.217	0.0	0.0	0.0	0.0	0.0	0.0	0.0	0.0	0.0
-13.152	0.0	0.0	0.0	0.0	0.0	0.0	0.0	0.0	0.0
-13.088	0.0	0.0	0.0	0.0	0.0	0.0	0.0	0.0	0.0
-13.023	0.0	0.0	0.0	0.0	0.0	0.0	0.0	0.0	0.0
-12.959	0.0	0.0	0.0	0.0	0.0	0.0	0.0	0.0	0.0
-12.894	0.0	0.0	0.0	0.0	0.0	0.0	0.0	0.0	0.0
-12.830	0.0	0.0	0.0	0.0	0.0	0.0	0.0	0.0	0.0
-12.765	0.0	0.0	0.0	0.0	0.0	0.0	0.0	0.0	0.0
-12.701	0.0	0.0	0.0	0.0	0.0	0.0	0.0	0.0	0.0
-12.637	0.0	0.0	0.0	0.0	0.0	0.0	0.0	0.0	0.0
-12.572	0.0	0.0	0.0	0.0	0.0	0.0	0.0	0.0	0.0
-12.508	0.0	0.0	0.0	0.0	0.0	0.0	0.0	0.0	0.0
-12.443	0.0	0.0	0.0	0.0	0.0	0.0	0.0	0.0	0.0
-12.379	0.0	0.0	0.0	0.0	0.0	0.0	0.0	0.0	0.0
-12.314	0.0	0.0	0.0	0.0	0.0	0.0	0.0	0.0	0.0
-12.250	0.0	0.0	0.0	0.0	0.0	0.0	0.0	0.0	0.0
-12.185	0.0	0.0	0.0	0.0	0.0	0.0	0.0	0.0	0.0
-12.121	0.0	0.0	0.0	0.0	0.0	0.0	0.0	0.0	0.0
-12.056	0.0	0.0	0.0	0.0	0.0	0.0	0.0	0.0	0.0
-11.992	0.0	0.0	0.0	0.0	0.0	0.0	0.0	0.0	0.0
-11.927	0.0	0.0	0.0	0.0	0.0	0.0	0.0	0.0	0.0
-11.863	0.0	0.0	0.0	0.0	0.0	0.0	0.0	0.0	0.0
-11.798	0.0	0.0	0.0	0.0	0.0	0.0	0.0	0.0	0.0
-11.734	0.0	0.0	0.0	0.0	0.0	0.0	0.0	0.0	0.0
-11.669	0.0	0.0	0.0	0.0	0.0	0.0	0.0	0.0	0.0
-11.605	0.0	0.0	0.0	0.0	0.0	0.0	0.0	0.0	0.0
-11.541	0.0	0.0	0.0	0.0	0.0	0.0	0.0	0.0	0.0
-11.476	0.0	0.0	0.0	0.0	0.0	0.0	0.0	0.0	0.0
-11.412	0.0	0.0	0.0	0.0	0.0	0.0	0.0	0.0	0.0
-11.347	0.0	0.0	0.0	0.0	0.0	0.0	0.0	0.0	0.0
-11.283	0.0	0.0	0.0	0.0	0.0	0.0	0.0	0.0	0.0
-11.218	0.0	0.0	0.0	0.0	0.0	0.0	0.0	0.0	0.0
-11.154	0.0	0.0	0.0	0.0	0.0	0.0	0.0	0.0	0.0
-11.089	0.0	0.0	0.0	0.0	0.0	0.0	0.0	0.0	0.0
-11.025	0.0	0.0	0.0	0.0	0.0	0.0	0.0	0.0	0.0
-10.960	0.0	0.0	0.0	0.0	0.0	0.0	0.0	0.0	0.0
-10.896	0.0	0.0	0.0	0.0	0.0	0.0	0.0	0.0	0.0
-10.831	0.0	0.0	0.0	0.0	0.0	0.0	0.0	0.0	0.0
-10.767	0.0	0.0	0.0	0.0	0.0	0.0	0.0	0.0	0.0
-10.702	0.0	0.0	0.0	0.0	0.0	0.0	0.0	0.0	0.0
-10.638	0.0	0.0	0.0	0.0	0.0	0.0	0.0	0.0	0.0
-10.573	0.0	0.0	0.0	0.0	0.0	0.0	0.0	0.0	0.0
-10.509	0.0	0.0	0.0	0.0	0.0	0.0	0.0	0.0	0.0
-10.444	0.0	0.0	0.0	0.0	0.0	0.0	0.0	0.0	0.0
-10.380	0.0	0.0	0.0	0.0	0.0	0.0	0.0	0.0	0.0
-10.316	0.0	0.0	0.0	0.0	0.0	0.0	0.0	0.0	0.0
-10.251	0.0	0.0	0.0	0.0	0.0	0.0	0.0	0.0	0.0
-10.187	0.0	0.0	0.0	0.0	0.0	0.0	0.0	0.0	0.0
-10.122	0.0	0.0	0.0	0.0	0.0	0.0	0.0	0.0	0.0
-10.058	0.0	0.0	0.0	0.0	0.0	0.0	0.0	0.0	0.0
-9.993	0.0	0.0	0.0	0.0	0.0	0.0	0.0	0.0	0.0
-9.929	0.0	0.0	0.0	0.0	0.0	0.0	0.0	0.0	0.0
-9.864	0.0	0.0	0.0	0.0	0.0	0.0	0.0	0.0	0.0
-9.800	0.0	0.0	0.0	0.0	0.0	0.0	0.0	0.0	0.0
-9.735	0.0	0.0	0.0	0.0	0.0	0.0	0.0	0.0	0.0
-9.671	0.0	0.0	0.0	0.0	0.0	0.0	0.0	0.0	0.0
-9.606	0.0	0.0	0.0	0.0	0.0	0.0	0.0	0.0	0.0
-9.542	0.0	0.0	0.0	0.0	0.0	0.0	0.0	0.0	0.0
-9.477	0.0	0.0	0.0	0.0	0.0	0.0	0.0	0.0	0.0
-9.413	0.0	0.0	0.0	0.0	0.0	0.0	0.0	0.0	0.0
-9.348	0.0	0.0	0.0	0.0	0.0	0.0	0.0	0.0	0.0
-9.284	0.0	0.0	0.0	0.0	0.0	0.0	0.0	0.0	0.0
-9.220	0.0	0.0	0.0	0.0	0.0	0.0	0.0	0.0	0.0
-9.155	0.0	0.0	0.0	0.0	0.0	0.0	0.0	0.0	0.0
-9.091	0.0	0.0	0.0	0.0	0.0	0.0	0.0	0.0	0.0
-9.026	0.0	0.0	0.0	0.0	0.0	0.0	0.0	0.0	0.0
-8.962	0.0	0.0	0.0	0.0	0.0	0.0	0.0	0.0	0.0
-8.897	0.0	0.0	0.0	0.0	0.0	0.0	0.0	0.0	0.0
-8.833	0.0	0.0	0.0	0.0	0.0	0.0	0.0	0.0	0.0
-8.768	0.0	0.0	0.0	0.0	0.0	0.0	0.0	0.0	0.0
-8.704	0.0	0.0	0.0	0.0	0.0	0.0	0.0	0.0	0.0
-8.639	0.0	0.0	0.0	0.0	0.0	0.0	0.0	0.0	0.0
-8.575	0.0	0.0	0.0	0.0	0.0	0.0	0.0	0.0	0.0
-8.510	0.0	0.0	0.0	0.0	0.0	0.0	0.0	0.0	0.0
-8.446	0.0	0.0	0.0	0.0	0.0	0.0	0.0	0.0	0.0
-8.381	0.0	0.0	0.0	0.0	0.0	0.0	0.0	0.0	0.0
-8.317	0.0	0.0	0.0	0.0	0.0	0.0	0.0	0.0	0.0
-8.252	0.0	0.0	0.0	0.0	0.0	0.0	0.0	0.0	0.0
-8.188	0.0	0.0	0.0	0.0	0.0	0.0	0.0	0.0	0.0
-8.123	0.0	0.0	0.0	0.0	0.0	0.0	0.0	0.0	0.0
-8.059	0.0	0.0	0.0	0.0	0.0	0.0	0.0	0.0	0.0
-7.995	0.0	0.0	0.0	0.0	0.0	0.0	0.0	0.0	0.0
-7.930	0.0	0.0	0.0	0.0	0.0	0.0	0.0	0.0	0.0
-7.866	0.0	0.0	0.0	0.0	0.0	0.0	0.0	0.0	0.0
-7.801	0.0	0.0	0.0	0.0	0.0	0.0	0.0	0.0	0.0
-7.737	0.0	0.0	0.0	0.0	0.0	0.0	0.0	0.0	0.0
-7.672	0.0	0.0	0.0	0.0	0.0	0.0	0.0	0.0	0.0
-7.608	0.0	0.0	0.0	0.0	0.0	0.0	0.0	0.0	0.0
-7.543	0.0	0.0	0.0	0.0	0.0	0.0	0.0	0.0	0.0
-7.479	0.0	0.0	0.0	0.0	0.0	0.0	0.0	0.0	0.0
-7.414	0.0	0.0	0.0	0.0	0.0	0.0	0.0	0.0	0.0
-7.350	0.0	0.0	0.0	0.0	0.0	0.0	0.0	0.0	0.0
-7.285	0.0	0.0	0.0	0.0	0.0	0.0	0.0	0.0	0.0
-7.221	0.0	0.0	0.0	0.0	0.0	0.0	0.0	0.0	0.0
-7.156	0.0	0.0	0.0	0.0	0.0	0.0	0.0	0.0	0.0
-7.092	0.0	0.0	0.0	0.0	0.0	0.0	0.0	0.0	0.0
-7.027	0.0	0.0	0.0	0.0	0.0	0.0	0.0	0.0	0.0
-6.963	0.0	0.0	0.0	0.0	0.0	0.0	0.0	0.0	0.0
-6.899	3.63675e-17	1.1934e-17	3.6457400000000004e-17	4.4205400000000004e-17	0.0	0.0	0.0	0.0	0.0
-6.834	6.1391e-14	2.0145000000000002e-14	6.15382e-14	7.46212e-14	0.0	0.0	0.0	0.0	0.0
-6.770	3.76428e-11	1.23531e-11	3.7736700000000005e-11	4.576520000000001e-11	0.0	0.0	0.0	0.0	0.0
-6.705	1.0221900000000002e-08	3.3549e-09	1.024894e-08	1.242754e-08	0.0	0.0	0.0	0.0	0.0
-6.641	1.2340399999999998e-06	4.0497999999999996e-07	1.2372e-06	1.500319e-06	0.0	0.0	0.0	0.0	0.0
-6.576	6.656e-05	2.1844000000000003e-05	6.67281e-05	8.09126e-05	0.0	0.0	0.0	0.0	0.0
-6.512	0.0016135500000000003	0.0005296200000000001	0.0016177600000000002	0.001961632	0.0	0.0	0.0	0.0	0.0
-6.447	0.017705	0.0058111000000000005	0.0177493	0.021522910000000003	0.0	0.0	0.0	0.0	0.0
-6.383	0.088554	0.029065	0.0887875	0.10765820000000001	0.0	0.0	0.0	0.0	0.0
-6.318	0.203079	0.066645	0.20365499999999997	0.2468447	0.0	0.0	0.0	0.0	0.0
-6.254	0.214301	0.070337	0.21482500000000002	0.26049580000000006	0.0	0.0	0.0	0.0	0.0
-6.189	0.10407900000000002	0.034161000000000004	0.10434909999999997	0.12653240000000002	0.0	0.0	0.0	0.0	0.0
-6.125	0.0231937	0.0076119	0.0232553	0.0282004	0.0	0.0	0.0	0.0	0.0
-6.060	0.0023579399999999998	0.0007738599999999999	0.00236389	0.0028672549999999995	0.0	0.0	0.0	0.0	0.0
-5.996	0.000108602	3.5646000000000004e-05	0.00010888850000000001	0.00013203040000000002	0.0	0.0	0.0	0.0	0.0
-5.931	2.2508e-06	7.3866e-07	2.25603e-06	2.736712e-06	0.0	0.0	0.0	0.0	0.0
-5.867	2.08558e-08	6.844000000000001e-09	2.0913699999999998e-08	2.5354529999999997e-08	0.0	0.0	0.0	0.0	0.0
-5.802	8.5957e-11	2.821e-11	8.61865e-11	1.0449540000000001e-10	0.0	0.0	0.0	0.0	0.0
-5.738	1.56936e-13	5.1508e-14	1.57342e-13	1.9081070000000002e-13	0.0	0.0	0.0	0.0	0.0
-5.674	3.17732e-15	4.90208e-16	1.2383599999999999e-15	1.08142e-15	0.0	0.0	0.0	0.0	0.0
-5.609	2.8849139999999996e-12	4.2091000000000007e-13	1.03953e-12	8.60762e-13	0.0	0.0	0.0	0.0	0.0
-5.545	1.231344e-09	1.7968300000000002e-10	4.43701e-10	3.6746230000000005e-10	0.0	0.0	0.0	0.0	0.0
-5.480	2.3312579999999998e-07	3.40155e-08	8.400100000000001e-08	6.956081000000001e-08	0.0	0.0	0.0	0.0	0.0
-5.416	1.9658099999999997e-05	2.8685200000000003e-06	7.0842e-06	5.865364999999999e-06	0.0	0.0	0.0	0.0	0.0
-5.351	0.000742495	0.000108364	0.000267608	0.0002215804	0.0	0.0	0.0	0.0	0.0
-5.287	0.012646149999999998	0.00184553	0.00455694	0.0037737159999999994	0.0	0.0	0.0	0.0	0.0
-5.222	0.0978048	0.01426986	0.0352437	0.029181190000000003	0.0	0.0	0.0	0.0	0.0
-5.158	0.34566040000000003	0.0504411	0.12456800000000001	0.10313609000000001	0.0	0.0	0.0	0.0	0.0
-5.093	0.5612649999999999	0.08189370000000001	0.202254	0.167491	0.0	0.0	0.0	0.0	0.0
-5.029	0.41962000000000005	0.0612346	0.15121300000000001	0.1252097	0.0	0.0	0.0	0.0	0.0
-4.964	0.1442527	0.0210495	0.0519838	0.043045099999999996	0.0	0.0	0.0	0.0	0.0
-4.900	0.02269699	0.0033117900000000002	0.0081796	0.0067740100000000004	0.0	0.0	0.0	0.0	0.0
-4.835	0.0016245300000000001	0.00023706100000000003	0.000585397	0.00048480159999999997	0.0	0.0	0.0	0.0	0.0
-4.771	5.25117e-05	7.66368e-06	1.89245e-05	1.567e-05	0.0	0.0	0.0	0.0	0.0
-4.706	7.61602e-07	1.1112030000000001e-07	2.7444e-07	2.2724870000000005e-07	0.0	0.0	0.0	0.0	0.0
-4.642	4.92668e-09	7.18831e-10	1.77548e-09	1.4699389999999999e-09	0.0	0.0	0.0	0.0	0.0
-4.578	1.4145189999999998e-11	2.0642e-12	5.09726e-12	4.221532e-12	0.0	0.0	0.0	0.0	0.0
-4.513	1.80121e-14	2.6284200000000002e-15	6.4908000000000005e-15	5.375107e-15	0.0	0.0	0.0	0.0	0.0
-4.449	0.0	0.0	0.0	0.0	0.0	0.0	0.0	0.0	0.0
-4.384	0.0	0.0	0.0	0.0	0.0	0.0	0.0	0.0	0.0
-4.320	0.0	0.0	0.0	0.0	0.0	0.0	0.0	0.0	0.0
-4.255	0.0	0.0	0.0	0.0	0.0	0.0	0.0	0.0	0.0
-4.191	0.0	0.0	0.0	0.0	0.0	0.0	0.0	0.0	0.0
-4.126	3.3230839999999995e-14	4.93511e-15	2.2490200000000004e-15	1.82448e-15	0.0	0.0	0.0	0.0	0.0
-4.062	2.5086050000000002e-11	3.72545e-12	1.6978069999999999e-12	1.37762e-12	0.0	0.0	0.0	0.0	0.0
-3.997	8.38163e-09	1.2446239999999998e-09	5.672000000000001e-10	4.60172e-10	0.0	0.0	0.0	0.0	0.0
-3.933	1.2430629999999996e-06	1.8461999999999997e-07	8.41356e-08	6.8262e-08	0.0	0.0	0.0	0.0	0.0
-3.868	8.227779999999999e-05	1.221718e-05	5.5673899999999996e-06	4.51786e-06	0.0	0.0	0.0	0.0	0.0
-3.804	0.0024435139999999995	0.00036284500000000004	0.00016534980000000002	0.000134154	0.0	0.0	0.0	0.0	0.0
-3.739	0.032792079999999994	0.00486871	0.0022186999999999997	0.00180014	0.0	0.0	0.0	0.0	0.0
-3.675	0.2001837	0.0297232	0.013545929999999998	0.010991299999999999	0.0	0.0	0.0	0.0	0.0
-3.610	0.5596171000000001	0.08310329999999999	0.0378694	0.0307211	0.0	0.0	0.0	0.0	0.0
-3.546	0.7194290000000001	0.1068372	0.0486868	0.039503300000000005	0.0	0.0	0.0	0.0	0.0
-3.481	0.42583119999999997	0.06323809999999999	0.028812	0.0233809	0.0	0.0	0.0	0.0	0.0
-3.417	0.1157691	0.0171914	0.00783346	0.0063561	0.0	0.0	0.0	0.0	0.0
-3.353	0.014383499999999997	0.00213563	0.000973239	0.00078953	0.0	0.0	0.0	0.0	0.0
-3.288	0.000810937	0.00012041409999999998	5.48738e-05	4.45198e-05	0.0	0.0	0.0	0.0	0.0
-3.224	2.0610349999999998e-05	3.06012e-06	1.394419e-06	1.13139e-06	0.0	0.0	0.0	0.0	0.0
-3.159	2.345187e-07	3.48228e-08	1.586863e-08	1.2874600000000003e-08	0.0	0.0	0.0	0.0	0.0
-3.095	1.18857e-09	1.764903e-10	8.042080000000001e-11	6.525900000000001e-11	0.0	0.0	0.0	0.0	0.0
-3.030	2.670724e-12	3.9659000000000003e-13	1.8070610000000001e-13	1.46632e-13	0.0	0.0	0.0	0.0	0.0
-2.966	2.7595689999999998e-15	4.0989300000000004e-16	1.867324e-16	1.51532e-16	0.0	0.0	0.0	0.0	0.0
-2.901	0.0	0.0	0.0	0.0	0.0	0.0	0.0	0.0	0.0
-2.837	0.0	0.0	0.0	0.0	0.0	0.0	0.0	0.0	0.0
-2.772	0.0	0.0	0.0	0.0	0.0	0.0	0.0	0.0	0.0
-2.708	0.0	0.0	0.0	0.0	0.0	0.0	0.0	0.0	0.0
-2.643	0.0	0.0	0.0	0.0	0.0	0.0	0.0	0.0	0.0
-2.579	0.0	0.0	0.0	0.0	0.0	0.0	0.0	0.0	0.0
-2.514	0.0	0.0	0.0	0.0	0.0	0.0	0.0	0.0	0.0
-2.450	0.0	0.0	0.0	0.0	0.0	0.0	0.0	0.0	0.0
-2.385	0.0	0.0	0.0	0.0	0.0	0.0	0.0	0.0	0.0
-2.321	0.0	0.0	0.0	0.0	0.0	0.0	0.0	0.0	0.0
-2.257	0.0	0.0	0.0	0.0	0.0	0.0	0.0	0.0	0.0
-2.192	0.0	0.0	0.0	0.0	0.0	0.0	0.0	0.0	0.0
-2.128	0.0	0.0	0.0	0.0	0.0	0.0	0.0	0.0	0.0
-2.063	0.0	0.0	0.0	0.0	0.0	0.0	0.0	0.0	0.0
-1.999	0.0	0.0	0.0	0.0	0.0	0.0	0.0	0.0	0.0
-1.934	0.0	0.0	0.0	0.0	0.0	0.0	0.0	0.0	0.0
-1.870	0.0	0.0	0.0	0.0	0.0	0.0	0.0	0.0	0.0
-1.805	0.0	0.0	0.0	0.0	0.0	0.0	0.0	0.0	0.0
-1.741	0.0	0.0	0.0	0.0	0.0	0.0	0.0	0.0	0.0
-1.676	0.0	0.0	0.0	0.0	0.0	0.0	0.0	0.0	0.0
-1.612	0.0	0.0	0.0	0.0	0.0	0.0	0.0	0.0	0.0
-1.547	0.0	0.0	0.0	0.0	0.0	0.0	0.0	0.0	0.0
-1.483	0.0	0.0	0.0	0.0	0.0	0.0	0.0	0.0	0.0
-1.418	0.0	0.0	0.0	0.0	0.0	0.0	0.0	0.0	0.0
-1.354	0.0	0.0	0.0	0.0	0.0	0.0	0.0	0.0	0.0
-1.289	0.0	0.0	0.0	0.0	0.0	0.0	0.0	0.0	0.0
-1.225	0.0	0.0	0.0	0.0	0.0	0.0	0.0	0.0	0.0
-1.160	0.0	0.0	0.0	0.0	0.0	0.0	0.0	0.0	0.0
-1.096	0.0	0.0	0.0	0.0	0.0	0.0	0.0	0.0	0.0
-1.032	0.0	0.0	0.0	0.0	0.0	0.0	0.0	0.0	0.0
-0.967	0.0	0.0	0.0	0.0	0.0	0.0	0.0	0.0	0.0
-0.903	0.0	0.0	0.0	0.0	0.0	0.0	0.0	0.0	0.0
-0.838	0.0	0.0	0.0	0.0	0.0	0.0	0.0	0.0	0.0
-0.774	7.79402e-15	1.3764900000000002e-15	4.5086e-16	8.044200000000001e-16	0.0	0.0	0.0	0.0	0.0
-0.709	5.85082e-12	1.032968e-12	3.3833000000000003e-13	6.037499999999999e-13	0.0	0.0	0.0	0.0	0.0
-0.645	1.941845e-09	3.42877e-10	1.1231999999999999e-10	2.00408e-10	0.0	0.0	0.0	0.0	0.0
-0.580	2.86261e-07	5.0547e-08	1.65577e-08	2.9540599999999998e-08	0.0	0.0	0.0	0.0	0.0
-0.516	1.882652e-05	3.3247300000000005e-06	1.08886e-06	1.94296e-06	0.0	0.0	0.0	0.0	0.0
-0.451	0.000555776	9.813680000000001e-05	3.2140699999999995e-05	5.7357999999999995e-05	0.0	0.0	0.0	0.0	0.0
-0.387	0.00741137	0.00130879	0.00042875	0.00076487	0.0	0.0	0.0	0.0	0.0
-0.322	0.0449788	0.007943	0.0026015000000000005	0.00464151	0.0	0.0	0.0	0.0	0.0
-0.258	0.1249972	0.0220711	0.007229	0.0129002	0.0	0.0	0.0	0.0	0.0
-0.193	0.15978440000000002	0.028210299999999997	0.0092426	0.0164896	0.0	0.0	0.0	0.0	0.0
-0.129	0.09486510000000001	0.016690999999999998	0.0054794	0.009767099999999999	0.0	0.0	0.0	0.0	0.0
-0.064	0.03125499	0.00512712	0.00175905	0.0030816999999999997	0.0	0.0	0.0	0.0	0.0
0.000	0.02115821	0.00253512	0.00107651	0.00173678	0.0	0.0	0.0	0.0	0.0
0.064	0.026999230000000003	0.0030451000000000002	0.0013642	0.00207155	0.0	0.0	0.0	0.0	0.0
0.129	0.02481562	0.00309165	0.00135451	0.00166909	0.0	0.0	0.0	0.0	0.0
0.193	0.024339700000000002	0.00350684	0.0014906000000000001	0.00128009	0.0	0.0	0.0	0.0	0.0
0.258	0.022686900000000003	0.00336344	0.00146283	0.0012052900000000001	0.0	0.0	0.0	0.0	0.0
0.322	0.0223748	0.00290887	0.0015557400000000001	0.00200549	0.0	0.0	0.0	0.0	0.0
0.387	0.040856899999999995	0.004696599999999999	0.0030003200000000003	0.00485937	0.0	0.0	0.0	0.0	0.0
0.451	0.055151200000000004	0.0062683	0.00417614	0.00678967	0.0	0.0	0.0	0.0	0.0
0.516	0.0399002	0.0046878	0.0034972400000000004	0.0050419	0.0	0.0	0.0	0.0	0.0
0.580	0.024559900000000003	0.0031791999999999996	0.0030636300000000003	0.003365	0.0	0.0	0.0	0.0	0.0
0.645	0.023962500000000005	0.0031716	0.00323561	0.0037863000000000003	0.0	0.0	0.0	0.0	0.0
0.709	0.0280548	0.0036855	0.0035715000000000005	0.005478299999999999	0.0	0.0	0.0	0.0	0.0
0.774	0.0380745	0.0047684	0.0050715000000000005	0.0073371	0.0	0.0	0.0	0.0	0.0
0.838	0.0561324	0.0057020000000000005	0.0072529000000000005	0.007662500000000001	0.0	0.0	0.0	0.0	0.0
0.903	0.0711311	0.005841	0.008096999999999998	0.007248899999999999	0.0	0.0	0.0	0.0	0.0
0.967	0.0676587	0.0048452	0.0065503	0.006890500000000001	0.0	0.0	0.0	0.0	0.0
1.032	0.0457724	0.0028868	0.00376311	0.0049743	0.0	0.0	0.0	0.0	0.0
1.096	0.036994309999999996	0.00163489	0.00211076	0.0029436	0.0	0.0	0.0	0.0	0.0
1.161	0.07637990000000001	0.00251243	0.0032459700000000004	0.004031900000000001	0.0	0.0	0.0	0.0	0.0
1.225	0.1164939	0.0037200499999999995	0.0048062999999999995	0.0058455	0.0	0.0	0.0	0.0	0.0
1.289	0.0846465	0.00269828	0.003486	0.0042336000000000006	0.0	0.0	0.0	0.0	0.0
1.354	0.028328219999999998	0.00090307	0.0011668179999999998	0.00141697	0.0	0.0	0.0	0.0	0.0
1.418	0.00434111	0.000138358	0.000178711	0.000217097	0.0	0.0	0.0	0.0	0.0
1.483	0.00030240649999999997	9.6396e-06	1.245516e-05	1.5125600000000003e-05	0.0	0.0	0.0	0.0	0.0
1.547	9.51362e-06	3.03237e-07	3.9178200000000003e-07	4.7577e-07	0.0	0.0	0.0	0.0	0.0
1.612	1.342398e-07	4.2783900000000006e-09	5.5286400000000005e-09	6.713700000000001e-09	0.0	0.0	0.0	0.0	0.0
1.676	8.44773e-10	2.69246e-11	3.4789900000000004e-11	4.2245e-11	0.0	0.0	0.0	0.0	0.0
1.741	2.358914e-12	7.52071e-14	9.71727e-14	1.1799899999999998e-13	0.0	0.0	0.0	0.0	0.0
1.805	2.9096709999999996e-15	9.2737e-17	1.198279e-16	1.45496e-16	0.0	0.0	0.0	0.0	0.0
1.870	0.0	0.0	0.0	0.0	0.0	0.0	0.0	0.0	0.0
1.934	0.0	0.0	0.0	0.0	0.0	0.0	0.0	0.0	0.0
1.999	0.0	0.0	0.0	0.0	0.0	0.0	0.0	0.0	0.0
2.063	0.0	0.0	0.0	0.0	0.0	0.0	0.0	0.0	0.0
2.128	0.0	0.0	0.0	0.0	0.0	0.0	0.0	0.0	0.0
2.192	0.0	0.0	0.0	0.0	0.0	0.0	0.0	0.0	0.0
2.257	0.0	0.0	0.0	0.0	0.0	0.0	0.0	0.0	0.0
2.321	0.0	0.0	0.0	0.0	0.0	0.0	0.0	0.0	0.0
2.385	0.0	0.0	0.0	0.0	0.0	0.0	0.0	0.0	0.0
2.450	0.0	0.0	0.0	0.0	0.0	0.0	0.0	0.0	0.0
2.514	0.0	0.0	0.0	0.0	0.0	0.0	0.0	0.0	0.0
2.579	0.0	0.0	0.0	0.0	0.0	0.0	0.0	0.0	0.0
2.643	0.0	0.0	0.0	0.0	0.0	0.0	0.0	0.0	0.0
2.708	0.0	0.0	0.0	0.0	0.0	0.0	0.0	0.0	0.0
2.772	0.0	0.0	0.0	0.0	0.0	0.0	0.0	0.0	0.0
2.837	0.0	0.0	0.0	0.0	0.0	0.0	0.0	0.0	0.0
2.901	0.0	0.0	0.0	0.0	0.0	0.0	0.0	0.0	0.0
2.966	0.0	0.0	0.0	0.0	0.0	0.0	0.0	0.0	0.0
3.030	0.0	0.0	0.0	0.0	0.0	0.0	0.0	0.0	0.0
3.095	0.0	0.0	0.0	0.0	0.0	0.0	0.0	0.0	0.0
3.159	0.0	0.0	0.0	0.0	0.0	0.0	0.0	0.0	0.0
3.224	0.0	0.0	0.0	0.0	0.0	0.0	0.0	0.0	0.0
3.288	0.0	0.0	0.0	0.0	0.0	0.0	0.0	0.0	0.0
3.353	0.0	0.0	0.0	0.0	0.0	0.0	0.0	0.0	0.0
3.417	0.0	0.0	0.0	0.0	0.0	0.0	0.0	0.0	0.0
3.482	0.0	0.0	0.0	0.0	0.0	0.0	0.0	0.0	0.0
3.546	0.0	0.0	0.0	0.0	0.0	0.0	0.0	0.0	0.0
3.610	0.0	0.0	0.0	0.0	0.0	0.0	0.0	0.0	0.0
3.675	0.0	0.0	0.0	0.0	0.0	0.0	0.0	0.0	0.0
3.739	0.0	0.0	0.0	0.0	0.0	0.0	0.0	0.0	0.0
3.804	0.0	0.0	0.0	0.0	0.0	0.0	0.0	0.0	0.0
3.868	0.0	0.0	0.0	0.0	0.0	0.0	0.0	0.0	0.0
3.933	0.0	0.0	0.0	0.0	0.0	0.0	0.0	0.0	0.0
3.997	0.0	0.0	0.0	0.0	0.0	0.0	0.0	0.0	0.0
4.062	0.0	0.0	0.0	0.0	0.0	0.0	0.0	0.0	0.0
4.126	0.0	0.0	0.0	0.0	0.0	0.0	0.0	0.0	0.0
