-23.49706215	0.0
-23.46606215	0.0
-23.43406215	0.0
-23.40306215	0.0
-23.37206215	0.0
-23.34106215	0.0
-23.30906215	0.0
-23.27806215	0.0
-23.24706215	0.0
-23.21506215	0.0
-23.18406215	0.0
-23.15306215	0.0
-23.12206215	0.0
-23.09006215	0.0
-23.05906215	0.0
-23.02806215	0.0
-22.99606215	0.0
-22.96506215	0.0
-22.93406215	0.0
-22.90306215	0.0
-22.87106215	0.0
-22.84006215	0.0
-22.80906215	0.0
-22.77706215	0.0
-22.74606215	0.0
-22.71506215	0.0
-22.68406215	0.0
-22.65206215	8.909400961615e-15
-22.62106215	3.4743830466430003e-13
-22.59006215	9.952415259466e-12
-22.55806215	2.3643818010349996e-10
-22.52706215	4.6260288855199995e-09
-22.49606215	7.460556844815001e-08
-22.46506215	9.913382127767998e-07
-22.43306215	1.085647308188e-05
-22.40206215	9.800562413466999e-05
-22.37106215	0.0007292518129801
-22.33906215	0.0044729229695700005
-22.30806215	0.02261653339175
-22.27706215	0.09432246363406
-22.24606215	0.3242667347736001
-22.21406215	0.9195182564014
-22.18306215	2.150388445236
-22.15206215	4.1463826612900005
-22.12006215	6.594835470388
-22.08906215	8.650441835902
-22.05806215	9.360340755356
-22.02706215	8.35343904645
-21.99506215	6.148923289241
-21.96406215	3.7329796212549993
-21.93306215	1.8686805779679996
-21.90106215	0.7718031825408002
-21.87006215	0.26285859906840003
-21.83906215	0.07380715089868
-21.80806215	0.01708776583248
-21.77606215	0.003262806635215
-21.74506215	0.0005135532979879
-21.71406215	6.664041003736e-05
-21.68206215	7.127374339669999e-06
-21.65106215	6.283192930423e-07
-21.62006215	4.5650639314400006e-08
-21.58906215	2.733055404546e-09
-21.55706215	1.348230097426e-10
-21.52606215	5.4768703688130005e-12
-21.49506215	1.8414574058670003e-13
-21.46306215	5.9402013405970016e-15
-21.43206215	0.0
-21.40106215	0.0
-21.36906215	0.0
-21.33806215	0.0
-21.30706215	0.0
-21.27606215	0.0
-21.24406215	0.0
-21.21306215	0.0
-21.18206215	0.0
-21.15006215	0.0
-21.11906215	0.0
-21.08806215	0.0
-21.05706215	0.0
-21.02506215	0.0
-20.99406215	0.0
-20.96306215	0.0
-20.93106215	0.0
-20.90006215	0.0
-20.86906215	0.0
-20.83806215	0.0
-20.80606215	0.0
-20.77506215	0.0
-20.74406215	0.0
-20.71206215	0.0
-20.68106215	0.0
-20.65006215	0.0
-20.61906215	0.0
-20.58706215	0.0
-20.55606215	0.0
-20.52506215	0.0
-20.49306215	0.0
-20.46206215	0.0
-20.43106215	0.0
-20.40006215	0.0
-20.36806215	0.0
-20.33706215	0.0
-20.30606215	0.0
-20.27406215	0.0
-20.24306215	0.0
-20.21206215	0.0
-20.18106215	0.0
-20.14906215	0.0
-20.11806215	0.0
-20.08706215	0.0
-20.05506215	0.0
-20.02406215	0.0
-19.99306215	0.0
-19.96206215	0.0
-19.93006215	0.0
-19.89906215	0.0
-19.86806215	0.0
-19.83606215	0.0
-19.80506215	0.0
-19.77406215	0.0
-19.74306215	0.0
-19.71106215	0.0
-19.68006215	0.0
-19.64906215	0.0
-19.61706215	0.0
-19.58606215	0.0
-19.55506215	0.0
-19.52406215	0.0
-19.49206215	0.0
-19.46106215	0.0
-19.43006215	0.0
-19.39806215	0.0
-19.36706215	0.0
-19.33606215	0.0
-19.30506215	0.0
-19.27306215	0.0
-19.24206215	0.0
-19.21106215	0.0
-19.17906215	0.0
-19.14806215	0.0
-19.11706215	0.0
-19.08506215	0.0
-19.05406215	0.0
-19.02306215	0.0
-18.99206215	0.0
-18.96006215	0.0
-18.92906215	0.0
-18.89806215	0.0
-18.86606215	0.0
-18.83506215	0.0
-18.80406215	0.0
-18.77306215	0.0
-18.74106215	0.0
-18.71006215	0.0
-18.67906215	0.0
-18.64706215	0.0
-18.61606215	0.0
-18.58506215	0.0
-18.55406215	0.0
-18.52206215	0.0
-18.49106215	0.0
-18.46006215	0.0
-18.42806215	0.0
-18.39706215	0.0
-18.36606215	0.0
-18.33506215	0.0
-18.30306215	0.0
-18.27206215	0.0
-18.24106215	0.0
-18.20906215	0.0
-18.17806215	0.0
-18.14706215	0.0
-18.11606215	0.0
-18.08406215	0.0
-18.05306215	0.0
-18.02206215	0.0
-17.99006215	0.0
-17.95906215	0.0
-17.92806215	0.0
-17.89706215	0.0
-17.86506215	0.0
-17.83406215	0.0
-17.80306215	0.0
-17.77106215	0.0
-17.74006215	0.0
-17.70906215	0.0
-17.67806215	0.0
-17.64606215	0.0
-17.61506215	0.0
-17.58406215	0.0
-17.55206215	0.0
-17.52106215	0.0
-17.49006215	0.0
-17.45906215	0.0
-17.42706215	0.0
-17.39606215	2.4713683976000004e-15
-17.36506215	8.897224235e-14
-17.33306215	2.7407302393e-12
-17.30206215	6.949080858700001e-11
-17.27106215	1.4509403336999995e-09
-17.24006215	2.4966187768000002e-08
-17.20806215	3.5399905401999996e-07
-17.17706215	4.1367146171e-06
-17.14606215	3.9840744672000006e-05
-17.11406215	0.00031630037128
-17.08306215	0.0020698347565
-17.05206215	0.011167372978
-17.02006215	0.049680521778999995
-16.98906215	0.18223952076
-16.95806215	0.5511861874
-16.92706215	1.374787382
-16.89506215	2.8283926637
-16.86406215	4.798547504199999
-16.83306215	6.714941693
-16.80106215	7.751199248399998
-16.77006215	7.3776164701999996
-16.73906215	5.7931484101
-16.70806215	3.7516313424999996
-16.67606215	2.0038082889
-16.64506215	0.88261843644
-16.61406215	0.32067406404
-16.58206215	0.09607050498000001
-16.55106215	0.023731818599
-16.52006215	0.0048339360941
-16.48906215	0.0008118564368899999
-16.45706215	0.00011238241877
-16.42606215	1.2825454297e-05
-16.39506215	1.2063517628999998e-06
-16.36306215	9.350727760999999e-08
-16.33206215	5.9739680611e-09
-16.30106215	3.1447669644e-10
-16.27006215	1.3637405495e-11
-16.23806215	4.893178700700001e-13
-16.20706215	1.4827189045000002e-14
-16.17606215	0.0
-16.14406215	0.0
-16.11306215	0.0
-16.08206215	0.0
-16.05106215	0.0
-16.01906215	0.0
-15.988062150000001	0.0
-15.957062149999999	0.0
-15.925062149999999	0.0
-15.89406215	0.0
-15.863062150000001	0.0
-15.832062149999999	0.0
-15.800062149999999	0.0
-15.76906215	0.0
-15.738062150000001	0.0
-15.706062150000001	0.0
-15.675062149999999	0.0
-15.64406215	0.0
-15.613062150000001	0.0
-15.581062150000001	0.0
-15.550062149999999	0.0
-15.51906215	0.0
-15.48706215	0.0
-15.456062150000001	0.0
-15.425062149999999	0.0
-15.39406215	0.0
-15.36206215	0.0
-15.331062150000001	0.0
-15.300062149999999	0.0
-15.268062149999999	0.0
-15.23706215	0.0
-15.206062150000001	0.0
-15.175062149999999	5.12796156413e-15
-15.143062149999999	1.589766606381e-13
-15.11206215	4.78474410319e-12
-15.081062150000001	1.1764457832419999e-10
-15.049062150000001	2.3831014765670004e-09
-15.018062149999999	3.97793353096e-08
-14.98706215	5.47124632508e-07
-14.956062150000001	6.20204893709e-06
-14.924062150000001	5.79572337597e-05
-14.893062149999999	0.00044630298223
-14.86206215	0.00283398909781
-14.83006215	0.01483434594088
-14.799062150000001	0.0640158579764
-14.768062149999999	0.22781815762780003
-14.736062149999999	0.6685563838420001
-14.70506215	1.617941428459
-14.674062150000001	3.2292118788989996
-14.643062149999999	5.316073524650001
-14.611062149999999	7.21682968989
-14.58006215	8.08180970227
-14.549062150000001	7.4642760705699995
-14.517062150000001	5.68581236567
-14.486062149999999	3.5729192198460002
-14.45506215	1.8513660071030003
-14.424062150000001	0.791291115185
-14.392062150000001	0.2789169988211
-14.361062149999999	0.0810738745875
-14.33006215	0.019532352052999996
-14.29806215	0.00459432364
-14.267062150000001	0.005174669
-14.236062149999999	0.022671039440000002
-14.20506215	0.09246751982
-14.17306215	0.31218105347999997
-14.142062150000001	0.8691638762399999
-14.111062149999999	1.9952440938
-14.079062149999999	3.7778636049000003
-14.04806215	5.9003873093
-14.017062150000001	7.598862101
-13.986062149999999	8.0735909877
-13.954062149999999	7.073386253400001
-13.92306215	5.1115836255
-13.892062150000001	3.0471490015
-13.860062150000001	1.4980158585
-13.829062149999999	0.6073313015099999
-13.79806215	0.20308875403999999
-13.767062150000001	0.055990098786999995
-13.735062150000001	0.012731659256999999
-13.704062149999999	0.0023998726683
-13.67306215	0.0004884264952999999
-13.64106215	0.0009106034040000001
-13.610062150000001	0.005143642069000001
-13.579062149999999	0.025204807710000002
-13.54806215	0.1019435831
-13.51606215	0.3400321155
-13.485062150000001	0.9352069700000001
-13.454062149999999	2.121227696
-13.422062149999999	3.968054906
-13.39106215	6.121887588000001
-13.360062150000001	7.790123938999999
-13.329062149999999	8.17714297
-13.297062149999999	7.078420714999999
-13.26606215	5.054186507
-13.235062150000001	2.9765846409999996
-13.203062150000001	1.445664663
-13.172062149999999	0.5790461059
-13.14106215	0.19128560769999997
-13.110062150000001	0.05210737332
-13.078062150000001	0.011702782270000002
-13.047062149999999	0.0021674417659999995
-13.01606215	0.00033090399280000005
-12.98406215	4.164666245e-05
-12.953062150000001	4.320488749e-06
-12.922062149999999	3.6942647699999997e-07
-12.89106215	2.6031535340000003e-08
-12.85906215	1.5116055369999999e-09
-12.828062150000001	7.232357687e-11
-12.797062149999999	2.8528283049999997e-12
-12.765062149999999	9.38854783e-14
-12.73406215	0.0
-12.703062150000001	0.0
-12.671062150000001	0.0
-12.640062149999999	0.0
-12.60906215	0.0
-12.578062150000001	0.0
-12.546062150000001	0.0
-12.515062149999999	0.0
-12.48406215	0.0
-12.45206215	0.0
-12.421062150000001	0.0
-12.390062149999999	0.0
-12.35906215	0.0
-12.32706215	0.0
-12.296062150000001	0.0
-12.265062149999999	0.0
-12.233062149999999	0.0
-12.20206215	0.0
-12.171062150000001	0.0
-12.140062149999999	0.0
-12.108062149999999	0.0
-12.07706215	0.0
-12.046062150000001	0.0
-12.01406215	0.0
-11.983062149999999	0.0
-11.95206215	0.0
-11.921062150000001	0.0
-11.88906215	0.0
-11.858062149999999	0.0
-11.82706215	0.0
-11.79506215	0.0
-11.76406215	0.0
-11.733062149999999	0.0
-11.70206215	0.0
-11.67006215	0.0
-11.63906215	0.0
-11.608062149999999	0.0
-11.576062149999998	0.0
-11.54506215	0.0
-11.51406215	0.0
-11.483062149999999	0.0
-11.451062149999998	0.0
-11.42006215	0.0
-11.38906215	0.0
-11.35706215	0.0
-11.326062149999998	0.0
-11.29506215	2.6789648429999997e-15
-11.26406215	9.644352279999999e-14
-11.23206215	2.97656279e-12
-11.201062149999998	7.54043703e-11
-11.17006215	1.57468798e-09
-11.13806215	2.709199794e-08
-11.10706215	3.8411850789999994e-07
-11.076062149999998	4.488523029999999e-06
-11.04506215	4.322437436e-05
-11.01306215	0.00034313047030000004
-10.98206215	0.002245354281
-10.951062149999998	0.01211476405
-10.919062149999998	0.05388258182999999
-10.88806215	0.1976448052
-10.85706215	0.5977165872
-10.826062149999998	1.4908675279999999
-10.794062149999998	3.066914507
-10.76306215	5.202797855999999
-10.73206215	7.279972736
-10.70006215	8.402129328000001
-10.669062149999998	7.997660225000001
-10.63806215	6.279741785
-10.60706215	4.066247247
-10.57506215	2.171784561
-10.54406215	0.957263872
-10.51306215	0.3516826106
-10.48106215	0.125166507
-10.45006215	0.11283461
-10.41906215	0.30219624
-10.38706215	0.8355784324000001
-10.35606215	1.9350135161
-10.32506215	3.6990840701
-10.29406215	5.832166419
-10.26206215	7.584566971999999
-10.23106215	8.135230589
-10.20006215	7.197050086
-10.16806215	5.251623683
-10.13706215	3.1605778544
-10.10606215	1.5686330883000001
-10.07506215	0.6421973423999999
-10.04306215	0.21678889984
-10.01206215	0.06035558618
-9.98106215	0.013871873229000001
-9.94906215	0.00277631562
-9.91806215	0.001495523951
-9.88706215	0.006357328899999999
-9.85606215	0.03017336126
-9.82406215	0.1190191665
-9.79306215	0.38718672559999995
-9.76206215	1.038778843
-9.73006215	2.298343069
-9.69906215	4.1938769989999996
-9.66806215	6.31181118
-9.63706215	7.834939749999998
-9.60506215	8.02166615
-9.57406215	6.77407575
-9.54306215	4.718231347
-9.51106215	2.7103543660000002
-9.48006215	1.28408681
-9.44906215	0.50172536
-9.41806215	0.1616703066
-9.38606215	0.04295594048
-9.35506215	0.009411434489999999
-9.32406215	0.00170006909
-9.29206215	0.0002531701569
-9.26106215	3.107836354e-05
-9.23006215	3.1447203300000004e-06
-9.19906215	2.622669056e-07
-9.16706215	1.802581497e-08
-9.13606215	1.020920766e-09
-9.10506215	4.764609523e-11
-9.07306215	1.825513181e-12
-9.04206215	6.18811914e-14
-9.01106215	0.0
-8.98006215	0.0
-8.94806215	0.0
-8.91706215	0.0
-8.88606215	0.0
-8.85406215	0.0
-8.82306215	0.0
-8.79206215	0.0
-8.76106215	0.0
-8.72906215	0.0
-8.69806215	0.0
-8.66706215	2.4552220599299997e-15
-8.63506215	5.64703179825e-14
-8.60406215	1.82921426182e-12
-8.57306215	4.7420490166e-11
-8.54206215	1.013399526627e-09
-8.51006215	1.7845455537399995e-08
-8.47906215	2.58950630617e-07
-8.44806215	3.0966831428300004e-06
-8.41606215	3.05223457375e-05
-8.38506215	0.000247939735548
-8.35406215	0.0016602863236699998
-8.32206215	0.00916650737523
-8.29106215	0.0417289308305
-8.26006215	0.1566090648978
-8.22906215	0.484720616226
-8.19706215	1.237250271024
-8.16606215	2.60450297786
-8.13506215	4.521356755229999
-8.10306215	6.47423174542
-8.07206215	7.645978179739999
-8.04106215	7.4479645025
-8.01006215	5.98419702736
-7.9780621499999995	3.9653584707600005
-7.947062150000001	2.16716999923
-7.91606215	0.976854079599
-7.88406215	0.363150009767
-7.8530621499999995	0.111323285405
-7.822062150000001	0.0281400424087
-7.79106215	0.005864930937619999
-7.75906215	0.001007921248592
-7.7280621499999995	0.00014277831395140001
-7.697062150000001	1.66753135791e-05
-7.665062150000001	1.6049221572199998e-06
-7.63406215	1.2732464683490002e-07
-7.6030621499999995	8.324132841970001e-09
-7.572062150000001	4.4839563849899996e-10
-7.540062150000001	1.9900474925200002e-11
-7.50906215	7.3421109072e-13
-7.4780621499999995	1.1515676635e-13
-7.4460621499999995	2.9426777642e-12
-7.415062150000001	7.444939344e-11
-7.38406215	1.5522423937e-09
-7.3530621499999995	2.6668535786e-08
-7.3210621499999995	3.7754503325000005e-07
-7.290062150000001	4.4048795852999995e-06
-7.25906215	4.2355741508e-05
-7.22706215	0.00033573614104999997
-7.1960621499999995	0.0021937370915
-7.165062150000001	0.011816766565
-7.13406215	0.052484916643
-7.10206215	0.19222003451
-7.0710621499999995	0.58048435775
-7.040062150000001	1.4457288295
-7.008062150000001	2.9697012659000004
-6.97706215	5.0328015231
-6.9460621499999995	7.041259111
-6.915062150000001	8.157995749
-6.883062150000001	7.9081850189999985
-6.85206215	6.6530484780000005
-6.8210621499999995	5.3989413
-6.7890621499999995	5.06910631
-6.758062150000001	5.8351245899999995
-6.72706215	7.0131881400000005
-6.6960621499999995	7.582324337000001
-6.6640621499999995	6.937278403
-6.633062150000001	5.2723884793
-6.60206215	3.3107757911
-6.57006215	1.71569297249
-6.5390621499999995	0.73338489928
-6.508062150000001	0.25853397241799997
-6.47706215	0.075155236411
-6.44506215	0.0180159408443
-6.4140621499999995	0.00356055704099
-6.383062150000001	0.0005802156991800001
-6.351062150000001	7.8068185809e-05
-6.32006215	1.0249511969e-05
-6.2890621499999995	1.761489656e-05
-6.258062150000001	0.00014422243919
-6.226062150000001	0.0010182213308000002
-6.19506215	0.0059282080089999994
-6.1640621499999995	0.028459856130000002
-6.132062149999999	0.11263913979
-6.101062150000001	0.3676401145
-6.07006215	0.9895783257999999
-6.03806215	2.196551411
-6.007062149999999	4.021157897999999
-5.976062150000001	6.071467933
-5.94506215	7.562529905
-5.91306215	7.775175931999999
-5.882062149999999	6.621282513999999
-5.851062150000001	4.75608722
-5.819062150000001	3.14290898
-5.78806215	2.5255865600000003
-5.757062149999999	3.17311034
-5.726062150000001	4.836153200000001
-5.694062150000001	6.77470073
-5.66306215	8.003980764
-5.632062149999999	7.839459029000001
-5.600062149999999	6.368388400000001
-5.569062150000001	4.380135295
-5.53806215	2.823038332
-5.507062149999999	2.317677678
-5.475062149999999	3.0019887699999996
-5.444062150000001	4.54799887
-5.41306215	6.224507737
-5.38106215	7.159436308
-5.350062149999999	6.8384761869999995
-5.319062150000001	5.478751023999999
-5.28806215	3.9026392983
-5.25606215	3.0120893350999998
-5.225062149999999	3.3245382770000003
-5.194062150000001	4.754679331999999
-5.162062150000001	6.618384387
-5.13106215	7.906440832
-5.100062149999999	7.859116018000001
-5.069062150000001	6.454859993
-5.037062150000001	4.373268231
-5.00606215	2.4442163815
-4.975062149999999	1.1266592287000001
-4.943062149999999	0.42827260976
-4.912062150000001	0.13426566412000002
-4.88106215	0.034706772875
-4.850062149999999	0.007396999647000001
-4.818062149999999	0.0012999841576
-4.787062150000001	0.00018836518094
-4.75606215	2.2640406811e-05
-4.72406215	4.049104005e-06
-4.693062149999999	1.905143733e-05
-4.662062150000001	0.000160010451865
-4.63106215	0.0011181524789981997
-4.59906215	0.006443061832114701
-4.568062149999999	0.0306014249005064
-4.537062150000001	0.11986089865198199
-4.5050621500000005	0.38710428030640204
-4.47406215	1.0310071733170498
-4.443062149999999	2.2648630770374494
-4.412062150000001	4.10280959606784
-4.3800621500000005	6.130036246101401
-4.34906215	7.5544134501249
-4.318062149999999	7.678568028127
-4.286062149999999	6.437085495106501
-4.2550621500000005	4.45151883307411
-4.22406215	2.53841466605082
-4.193062149999999	1.1938691459457
-4.161062149999999	0.46310037228600004
-4.1300621500000005	0.14818993215
-4.09906215	0.03934169068999999
-4.06706215	0.010228383908
-4.036062149999999	0.010895987679000001
-4.0050621500000005	0.04212688623
-3.9730621500000005	0.1546626569
-3.94206215	0.471515869
-3.9110621499999993	1.1902646099999998
-3.8800621500000005	2.49763479
-3.8480621500000005	4.3894984500000005
-3.81706215	6.5495044
-3.7860621499999993	8.4864866
-3.7540621499999993	9.8546156
-3.7230621500000005	10.589764800000001
-3.69206215	10.743347100000001
-3.6610621499999993	10.35484745
-3.6290621499999993	9.62267082
-3.5980621500000005	8.982245299999999
-3.56706215	8.742818900000001
-3.53506215	8.6586717
-3.5040621499999993	8.0972069
-3.4730621500000005	6.68416331
-3.44206215	4.689097540000001
-3.41006215	2.7510394209999998
-3.3790621499999993	1.35959616
-3.3480621500000005	0.64306909
-3.3160621500000005	0.536674075
-3.28506215	1.0306960410000001
-3.2540621499999993	2.222656008
-3.2230621500000005	4.109793955
-3.1910621500000005	6.291942162
-3.16006215	7.948636409
-3.1290621499999993	8.283593417
-3.0970621499999993	7.127406977
-3.0660621500000005	5.090264011
-3.03506215	3.118386965
-3.0040621499999993	1.9393649509999997
-2.9720621499999993	1.873036945
-2.9410621500000005	2.91088664
-2.91006215	4.735833805
-2.87806215	6.6554564009999995
-2.8470621499999993	7.772460323
-2.8160621500000005	7.4959346652
-2.78506215	5.963605008
-2.75306215	3.9138353324999997
-2.7220621499999993	2.1183659172
-2.6910621500000005	0.9455015446900001
-2.6590621500000005	0.34809484904
-2.62806215	0.105670781102
-2.59706215	0.026451406912
-2.5660621499999996	0.0054599430467
-2.5340621499999996	0.0009290724755799999
-2.50306215	0.00013033643951
-2.47206215	1.5072634577e-05
-2.44006215	1.4367392367e-06
-2.4090621499999996	1.1286505757000002e-07
-2.37806215	7.3062078346999995e-09
-2.34706215	3.8976196612e-10
-2.31506215	1.7131001972e-11
-2.2840621499999996	6.1681399798e-13
-2.25306215	1.9896919281e-14
-2.22106215	0.0
-2.19006215	0.0
-2.1590621499999996	0.0
-2.12806215	0.0
-2.09606215	0.0
-2.06506215	0.0
-2.0340621499999996	0.0
-2.0020621499999995	0.0
-1.9710621499999998	0.0
-1.9400621500000002	0.0
-1.9090621499999996	0.0
-1.8770621499999995	0.0
-1.8460621499999998	0.0
-1.8150621500000002	0.0
-1.7830621500000001	0.0
-1.7520621499999995	0.0
-1.7210621499999998	2.2575657672700002e-15
-1.6890621499999998	5.869758382e-14
-1.6580621500000001	1.88966243422e-12
-1.6270621499999995	4.8640666741e-11
-1.5960621499999998	1.03251372373e-09
-1.5640621499999998	1.80607395942e-08
-1.5330621500000001	2.60308585845e-07
-1.5020621499999995	3.0921732424000002e-06
-1.4700621500000004	3.0267567674700002e-05
-1.4390621499999998	0.00024427431805
-1.4080621500000001	0.00162497615419
-1.3770621499999995	0.0089116624102
-1.3450621500000004	0.040296720208
-1.3140621499999998	0.150259177672
-1.2830621500000001	0.46205131248
-1.25106215	1.17215148033
-1.2200621500000004	2.4546837634700003
-1.1890621499999998	4.2504834543
-1.1580621500000001	6.1113720287
-1.12606215	7.3775401659
-1.0950621500000004	7.6748257979
-1.0640621499999998	7.2728824778000005
-1.0320621499999998	6.812084841
-1.00106215	6.643340917
-0.9700621500000004	6.509413371
-0.9390621499999998	5.901772298999999
-0.9070621499999998	4.653136387999999
-0.8760621500000001	3.0917414020000002
-0.8450621500000004	1.7082368774
-0.8130621500000004	0.7808622041499999
-0.7820621499999998	0.29493296283
-0.7510621500000001	0.09326090409
-0.7200621500000004	0.03171507965
-0.6880621500000004	0.04168223982
-0.6570621499999998	0.13709419165999998
-0.6260621500000001	0.41714213092999997
-0.5940621500000001	1.05278618444
-0.5630621500000004	2.1920983324199996
-0.5320621499999998	3.7643705009999997
-0.5010621500000001	5.3314598289
-0.46906215000000007	6.2285281095
-0.43806215000000037	6.000739180499999
-0.4070621499999998	4.7689093476
-0.37506214999999976	3.1257445976100002
-0.34406215000000007	1.6898949541600001
-0.31306215000000037	0.75345538046
-0.2820621499999998	0.277037173197
-0.25006214999999976	0.084006809773
-0.21906215000000007	0.0210024556507
-0.18806215000000037	0.004329960738099999
-0.15606215000000034	0.0007359614194300001
-0.12506214999999976	0.000103128240981
-0.09406215000000007	1.19113729192e-05
-0.06306215000000037	1.13413494837e-06
-0.031062150000000344	8.8979823716e-08
-6.214999999976101e-05	5.7537216489e-09
0.030937849999999933	3.06576317836e-10
0.06293784999999996	1.34573131608e-11
0.09393784999999966	4.8619293815e-13
0.12493785000000024	1.5942060945100002e-14
0.15593784999999993	0.0
0.18793784999999996	0.0
0.21893784999999966	0.0
0.24993785000000024	0.0
0.28193785000000027	0.0
0.31293784999999996	0.0
0.34393784999999966	0.0
0.3759378499999997	0.0
0.40693785000000027	0.0
0.43793784999999996	0.0
0.46893784999999966	0.0
0.5009378499999997	0.0
0.5319378500000003	0.0
0.56293785	0.0
0.59493785	0.0
0.6259378499999997	0.0
0.6569378500000003	0.0
0.68793785	0.0
0.71993785	0.0
0.7509378499999997	0.0
0.7819378500000003	0.0
0.8139378500000003	0.0
0.84493785	0.0
0.8759378499999997	0.0
0.9069378500000003	0.0
0.9389378500000003	0.0
0.96993785	0.0
1.0009378499999997	0.0
1.0329378499999997	0.0
1.0639378500000003	0.0
1.09493785	0.0
1.1259378499999997	0.0
1.1579378499999997	0.0
1.1889378500000003	0.0
1.21993785	0.0
1.25193785	0.0
1.2829378499999997	0.0
1.3139378500000003	0.0
1.34493785	0.0
1.37693785	0.0
1.4079378500000002	0.0
1.4389378499999999	0.0
1.4709378499999999	0.0
1.50193785	0.0
1.5329378500000002	0.0
1.5639378499999999	0.0
1.5959378499999999	0.0
1.62693785	0.0
1.6579378500000002	0.0
1.6899378500000002	0.0
1.7209378499999999	0.0
1.75193785	0.0
1.7829378500000002	0.0
1.8149378500000002	0.0
1.8459378499999999	0.0
1.87693785	0.0
1.90893785	0.0
1.9399378500000002	0.0
1.9709378499999999	0.0
2.00193785	0.0
2.03393785	0.0
2.06493785	0.0
2.09593785	0.0
2.12793785	0.0
2.15893785	0.0
2.18993785	0.0
2.22093785	0.0
2.25293785	0.0
2.28393785	0.0
2.31493785	0.0
2.34693785	0.0
2.37793785	0.0
2.40893785	0.0
2.43993785	0.0
2.47193785	0.0
2.50293785	0.0
2.53393785	0.0
2.56593785	0.0
2.59693785	0.0
2.62793785	0.0
2.65993785	0.0
2.69093785	0.0
2.72193785	0.0
2.75293785	0.0
2.78493785	0.0
2.81593785	0.0
2.84693785	0.0
2.8789378500000002	0.0
2.90993785	0.0
2.94093785	0.0
2.97193785	0.0
3.0039378500000002	0.0
3.03493785	0.0
3.06593785	0.0
3.09793785	0.0
3.1289378500000002	0.0
3.15993785	0.0
3.19093785	0.0
3.22293785	0.0
3.2539378500000002	0.0
3.28493785	0.0
3.31693785	0.0
3.34793785	0.0
3.3789378500000002	0.0
3.40993785	0.0
3.44193785	0.0
3.47293785	0.0
3.50393785	0.0
3.53593785	0.0
3.56693785	0.0
3.59793785	0.0
3.62893785	0.0
3.66093785	0.0
3.69193785	0.0
3.72293785	0.0
3.75493785	0.0
3.78593785	0.0
3.81693785	0.0
3.84793785	0.0
3.87993785	0.0
3.91093785	0.0
3.94193785	1.9021045987e-14
3.97393785	5.9121001153e-13
4.00493785	1.5961365404000002e-11
4.03593785	3.5492411703e-10
4.06693785	6.5039266367e-09
4.09893785	9.817564056e-08
4.12993785	1.2215390035e-06
4.16093785	1.2525701304999998e-05
4.19293785	0.00010585833662
4.22393785	0.00073753883709
4.25493785	0.0042360158106
4.28593785	0.020061891331
4.31793785	0.078322097834
4.34893785	0.25222368731
4.37993785	0.66979071628
4.41193785	1.4664251204
4.44293785	2.6483871077
4.47393785	3.944575051300001
4.50493785	4.8463708270999994
4.53693785	4.911401403799999
4.56793785	4.1041061675
4.59893785	2.8293036853999998
4.6309378500000005	1.6085478227999999
4.66193785	0.7543771751299999
4.69293785	0.2916874104
4.72393785	0.09302078599000001
4.7559378500000005	0.024461816765
4.78693785	0.0053035066242
4.81793785	0.0009481687407000001
4.84993785	0.00013974817798
4.8809378500000005	1.6980099620000004e-05
4.91193785	1.7006596591e-06
4.94393785	1.4234362380000002e-07
4.97493785	3.7372929499999996e-08
5.0059378500000005	3.22384005e-07
5.03693785	3.0683409499999996e-06
5.06893785	2.4109841000000003e-05
5.09993785	0.000156174522
5.1309378500000005	0.00083406205
5.16293785	0.00367262044
5.19393785	0.013334203
5.22493785	0.0399229585
5.2559378500000005	0.09858320599999999
5.28793785	0.20074421800000003
5.31893785	0.33726415400000004
5.34993785	0.467835989
5.38193785	0.53736956
5.41293785	0.51685375
5.44393785	0.43317112999999996
5.47493785	0.35571455
5.50693785	0.34856575
5.53793785	0.42615789000000004
5.56893785	0.54274012
5.60093785	0.62242741
5.63193785	0.60949195
5.6629378500000005	0.50502102
5.69393785	0.36169573
5.72593785	0.25007094
5.75693785	0.22782981
5.7879378500000005	0.32652349
5.81993785	0.54134087
5.85093785	0.81821616
5.88193785	1.06253015
5.9129378500000005	1.18329927
5.9449378500000005	1.1475129499999999
5.97593785	0.9941046
6.00693785	0.7996433999999999
6.03893785	0.63339624
6.0699378500000005	0.53310802
6.10093785	0.50212011
6.13193785	0.51705456
6.16393785	0.5435856
6.1949378500000005	0.5555237
6.22593785	0.5465603000000001
6.25793785	0.5242686
6.28893785	0.4937034
6.3199378500000005	0.4491477
6.35093785	0.3812796
6.38293785	0.29117459999999995
6.41393785	0.19444714999999999
6.4449378500000005	0.11137677
6.4769378500000006	0.054040090000000006
6.50793785	0.022027581
6.53893785	0.007500994
6.5699378500000005	0.0021260292000000003
6.6019378500000006	0.00050027041
6.63293785	9.7526764e-05
6.66393785	1.57328241e-05
6.69593785	2.0977143e-06
6.7269378500000006	2.3101289999999999e-07
6.75793785	2.1000045e-08
6.78893785	1.57492438e-09
6.82093785	9.741388300000001e-11
6.8519378500000006	4.9680286e-12
6.88293785	2.08969866e-13
6.91493785	7.1966715e-15
6.94593785	2.48181164e-16
6.9769378500000006	0.0
7.008937850000001	0.0
7.03993785	0.0
7.07093785	0.0
7.1019378500000006	0.0
7.133937850000001	0.0
7.16493785	0.0
7.19593785	0.0
7.22793785	0.0
7.258937850000001	0.0
7.28993785	0.0
7.32093785	0.0
7.35293785	0.0
7.383937850000001	0.0
7.414937849999999	0.0
7.446937849999999	0.0
7.47793785	0.0
7.508937850000001	0.0
7.539937849999999	0.0
7.571937849999999	0.0
7.60293785	0.0
7.633937850000001	0.0
7.665937850000001	0.0
7.696937849999999	0.0
7.72793785	0.0
7.758937850000001	0.0
