-23.63989677	0.0
-23.60789677	0.0
-23.57589677	0.0
-23.54389677	0.0
-23.51189677	0.0
-23.47989677	0.0
-23.44889677	0.0
-23.41689677	0.0
-23.38489677	0.0
-23.35289677	0.0
-23.32089677	0.0
-23.28889677	0.0
-23.25689677	0.0
-23.22489677	0.0
-23.19289677	0.0
-23.16089677	0.0
-23.12889677	0.0
-23.09689677	0.0
-23.06489677	0.0
-23.03289677	0.0
-23.00089677	0.0
-22.96889677	0.0
-22.93689677	0.0
-22.90489677	0.0
-22.873896769999998	0.0
-22.841896769999998	0.0
-22.809896769999998	0.0
-22.777896769999998	3.0176021556999996e-15
-22.745896769999998	9.6565708303e-14
-22.713896769999998	3.2473211273999993e-12
-22.681896769999998	8.8084555204e-11
-22.649896769999998	1.95365145379e-09
-22.617896769999998	3.540810064799999e-08
-22.585896769999998	5.2452240838e-07
-22.55389677	6.3512828187000005e-06
-22.52189677	6.2883051251e-05
-22.48989677	0.00050896579406
-22.45789677	0.0033681051073000006
-22.42589677	0.0182321401313
-22.39389677	0.080701016335
-22.36189677	0.29224079274000003
-22.32989677	0.86539756174
-22.29789677	2.0967345442300003
-22.26689677	4.1556387725
-22.23489677	6.7401274309999994
-22.20289677	8.941826058599998
-22.17089677	9.7073041611
-22.13889677	8.621914350499999
-22.10689677	6.2652342803000005
-22.07489677	3.7250900249000005
-22.04289677	1.8118849676900002
-22.01089677	0.7211044410999999
-21.97889677	0.23470721143399997
-21.94689677	0.062496152970999995
-21.91489677	0.0136135248704
-21.88289677	0.00242504511796
-21.85089677	0.00035319407079999996
-21.81889677	4.2067514833e-05
-21.78689677	4.0962005499e-06
-21.75489677	3.261828018499999e-07
-21.72289677	2.1224229486699995e-08
-21.69189677	1.1288450426899997e-09
-21.65989677	4.9056697318999996e-11
-21.62789677	1.75019734363e-12
-21.59589677	4.8271245452e-14
-21.56389677	0.0
-21.53189677	0.0
-21.49989677	0.0
-21.46789677	0.0
-21.43589677	0.0
-21.40389677	0.0
-21.37189677	0.0
-21.33989677	0.0
-21.30789677	0.0
-21.27589677	0.0
-21.24389677	0.0
-21.21189677	0.0
-21.17989677	0.0
-21.14789677	0.0
-21.11589677	0.0
-21.08489677	0.0
-21.05289677	0.0
-21.02089677	0.0
-20.98889677	0.0
-20.95689677	0.0
-20.92489677	0.0
-20.89289677	0.0
-20.86089677	0.0
-20.82889677	0.0
-20.79689677	0.0
-20.76489677	0.0
-20.73289677	0.0
-20.70089677	0.0
-20.66889677	0.0
-20.63689677	0.0
-20.60489677	0.0
-20.57289677	0.0
-20.54089677	0.0
-20.50989677	0.0
-20.47789677	0.0
-20.44589677	0.0
-20.41389677	0.0
-20.38189677	0.0
-20.34989677	0.0
-20.31789677	0.0
-20.28589677	0.0
-20.25389677	0.0
-20.22189677	0.0
-20.18989677	0.0
-20.15789677	0.0
-20.12589677	0.0
-20.09389677	0.0
-20.06189677	2.865241033e-15
-20.02989677	1.146142862e-13
-19.99789677	3.79095204e-12
-19.96589677	1.0161847720000002e-10
-19.93389677	2.2258702360000004e-09
-19.902896769999998	3.9848385899999996e-08
-19.870896769999998	5.83096409e-07
-19.838896769999998	6.9749181e-06
-19.806896769999998	6.82091455e-05
-19.774896769999998	0.000545416917
-19.742896769999998	0.00356528756
-19.710896769999998	0.01906289628
-19.67889677	0.08335244990000001
-19.64689677	0.2981322508
-19.61489677	0.8723107670000001
-19.58289677	2.087653943
-19.55089677	4.08741694
-19.51889677	6.5487426200000005
-19.48689677	8.583426139999998
-19.45489677	9.204028490000002
-19.42289677	8.07519392
-19.39089677	5.796196040000001
-19.35889677	3.4048278400000007
-19.32789677	1.6363794939999998
-19.29589677	0.6454653029999999
-19.26389677	0.21979867430000002
-19.23189677	0.11348577749999998
-19.19989677	0.231451515
-19.16789677	0.670632447
-19.13589677	1.6639798719999999
-19.10389677	3.387380271
-19.07189677	5.641844969999999
-19.03989677	7.688368370000001
-19.00789677	8.5721338
-18.97589677	7.82100812
-18.94389677	5.8376877490000005
-18.91189677	3.565410461
-18.87989677	1.781206404
-18.84789677	0.7281028300000001
-18.81589677	0.24344451459999997
-18.78389677	0.06658385829999999
-18.75189677	0.014896897260000002
-18.72089677	0.0027256732730000003
-18.68889677	0.0004078488729
-18.65689677	4.990162098e-05
-18.62489677	4.991717131e-06
-18.59289677	4.081871975e-07
-18.56089677	2.728991918e-08
-18.52889677	1.491088726e-09
-18.49689677	6.65816743e-11
-18.46489677	2.429089648e-12
-18.43289677	7.45781051e-14
-18.40089677	0.0
-18.36889677	0.0
-18.33689677	0.0
-18.30489677	0.0
-18.27289677	0.0
-18.24089677	0.0
-18.20889677	0.0
-18.17689677	0.0
-18.14589677	0.0
-18.11389677	0.0
-18.08189677	0.0
-18.04989677	0.0
-18.01789677	0.0
-17.98589677	0.0
-17.95389677	0.0
-17.92189677	0.0
-17.88989677	0.0
-17.85789677	0.0
-17.82589677	0.0
-17.79389677	0.0
-17.76189677	0.0
-17.72989677	0.0
-17.69789677	0.0
-17.66589677	0.0
-17.63389677	0.0
-17.60189677	0.0
-17.56989677	0.0
-17.53889677	0.0
-17.50689677	0.0
-17.47489677	0.0
-17.44289677	0.0
-17.41089677	0.0
-17.37889677	0.0
-17.34689677	0.0
-17.31489677	0.0
-17.28289677	0.0
-17.25089677	0.0
-17.21889677	0.0
-17.18689677	0.0
-17.15489677	0.0
-17.12289677	0.0
-17.09089677	0.0
-17.05889677	0.0
-17.02689677	0.0
-16.99489677	0.0
-16.96289677	0.0
-16.931896769999998	0.0
-16.899896769999998	0.0
-16.867896769999998	0.0
-16.835896769999998	0.0
-16.80389677	0.0
-16.77189677	0.0
-16.73989677	0.0
-16.70789677	0.0
-16.67589677	0.0
-16.64389677	0.0
-16.61189677	0.0
-16.57989677	0.0
-16.54789677	0.0
-16.51589677	0.0
-16.48389677	0.0
-16.45189677	0.0
-16.41989677	0.0
-16.38789677	0.0
-16.35689677	0.0
-16.32489677	0.0
-16.29289677	0.0
-16.26089677	0.0
-16.22889677	0.0
-16.19689677	0.0
-16.16489677	0.0
-16.13289677	0.0
-16.10089677	0.0
-16.06889677	0.0
-16.03689677	0.0
-16.00489677	0.0
-15.972896769999998	0.0
-15.940896769999998	0.0
-15.908896769999998	0.0
-15.876896769999998	0.0
-15.844896769999998	0.0
-15.812896769999998	0.0
-15.780896769999998	0.0
-15.74989677	0.0
-15.71789677	0.0
-15.68589677	0.0
-15.65389677	0.0
-15.62189677	0.0
-15.58989677	0.0
-15.55789677	0.0
-15.52589677	0.0
-15.49389677	0.0
-15.46189677	0.0
-15.42989677	0.0
-15.39789677	0.0
-15.365896769999999	0.0
-15.333896769999999	0.0
-15.301896769999999	0.0
-15.269896769999999	0.0
-15.237896769999999	0.0
-15.205896769999999	0.0
-15.17489677	0.0
-15.14289677	0.0
-15.11089677	0.0
-15.07889677	0.0
-15.04689677	0.0
-15.01489677	0.0
-14.98289677	0.0
-14.95089677	0.0
-14.91889677	0.0
-14.88689677	0.0
-14.85489677	0.0
-14.82289677	0.0
-14.79089677	0.0
-14.75889677	0.0
-14.72689677	0.0
-14.69489677	0.0
-14.66289677	0.0
-14.63089677	0.0
-14.59889677	0.0
-14.56789677	0.0
-14.53589677	0.0
-14.50389677	0.0
-14.47189677	0.0
-14.43989677	0.0
-14.40789677	2.5679605212099997e-15
-14.37589677	6.1634688453e-14
-14.34389677	2.07982539562e-12
-14.31189677	5.743067056e-11
-14.27989677	1.29506514548e-09
-14.24789677	2.3869838894e-08
-14.21589677	3.5956104566699996e-07
-14.18389677	4.427598897e-06
-14.15189677	4.4572245867e-05
-14.11989677	0.00036682011204500003
-14.08789677	0.0024688734553999997
-14.05589677	0.0135867658915
-14.02389677	0.061160132475
-13.992896769999998	0.225171895281
-13.960896769999998	0.6781193580100001
-13.928896770000001	1.67065246194
-13.896896770000001	3.3672312286999997
-13.864896770000001	5.5542714654
-13.832896770000001	7.499666812
-13.800896770000001	8.313679633
-13.768896770000001	7.642680805000001
-13.736896770000001	6.07085503
-13.704896770000001	4.760968420999999
-13.672896770000001	4.652496256
-13.640896770000001	5.84913548
-13.608896770000001	7.572439199
-13.576896770000001	8.716631686
-13.544896770000001	8.719398546
-13.512896770000001	8.02040479
-13.480896770000001	7.617727369999999
-13.448896770000001	8.04264772
-13.416896770000001	8.79843975
-13.385896769999999	8.850915549999998
-13.353896769999999	7.616045346
-13.321896769999999	5.444816373999999
-13.289896769999999	3.2001182779999997
-13.257896769999999	1.5412295168999999
-13.225896769999999	0.60760671153
-13.193896769999998	0.19596957811000001
-13.161896769999998	0.05170472184200001
-13.129896769999998	0.011158950337999999
-13.097896769999998	0.0019694415118
-13.065896769999998	0.00028426830712
-13.033896769999998	3.3550243472e-05
-13.001896769999998	3.2371795626e-06
-12.969896769999998	2.5535799032e-07
-12.937896769999998	1.6465504494e-08
-12.905896769999998	8.676686021e-10
-12.873896769999998	3.7374080763e-11
-12.841896769999998	1.3108959602e-12
-12.81089677	4.2626020922e-14
-12.77889677	0.0
-12.74689677	0.0
-12.71489677	0.0
-12.68289677	0.0
-12.65089677	0.0
-12.61889677	0.0
-12.58689677	0.0
-12.55489677	0.0
-12.52289677	0.0
-12.490896769999999	0.0
-12.458896769999999	0.0
-12.426896769999999	0.0
-12.394896769999999	0.0
-12.362896769999999	0.0
-12.330896769999999	0.0
-12.298896769999999	0.0
-12.266896769999999	0.0
-12.234896769999999	0.0
-12.20389677	4.783159909e-14
-12.17189677	1.583700867e-12
-12.13989677	4.452605928e-11
-12.10789677	1.0224971187e-09
-12.07589677	1.918798755e-08
-12.04389677	2.942958131e-07
-12.01189677	3.6899731529999997e-06
-11.97989677	3.782056269e-05
-11.94789677	0.0003169337107
-11.91589677	0.0021717891170000003
-11.88389677	0.012168909691
-11.85189677	0.055768957589999994
-11.81989677	0.20904270879999998
-11.78789677	0.6409841542
-11.75589677	1.607673006
-11.72389677	3.298996443
-11.69189677	5.538283428
-11.65989677	7.607086113
-11.62889677	8.548035534
-11.59689677	7.86043862
-11.56489677	5.913402405
-11.53289677	3.639975822
-11.50089677	1.8328741450000001
-11.46889677	0.7550801616999999
-11.43689677	0.2544591392
-11.40489677	0.07015338738
-11.37289677	0.0158189549
-11.34089677	0.0029172159499999996
-11.30889677	0.00043993232640000005
-11.27689677	5.425301435e-05
-11.24489677	5.469940432e-06
-11.21289677	4.508896823999999e-07
-11.18089677	3.0379602690000004e-08
-11.14889677	1.6731179869999998e-09
-11.11689677	7.529657329e-11
-11.08489677	2.768807876e-12
-11.05289677	8.503344737e-14
-11.02189677	0.0
-10.98989677	0.0
-10.95789677	0.0
-10.92589677	0.0
-10.89389677	0.0
-10.86189677	0.0
-10.82989677	0.0
-10.79789677	0.0
-10.76589677	0.0
-10.73389677	0.0
-10.70189677	0.0
-10.66989677	0.0
-10.63789677	0.0
-10.60589677	0.0
-10.57389677	0.0
-10.54189677	0.0
-10.50989677	0.0
-10.47789677	0.0
-10.44589677	0.0
-10.41489677	0.0
-10.38289677	0.0
-10.35089677	0.0
-10.31889677	0.0
-10.28689677	0.0
-10.25489677	0.0
-10.22289677	0.0
-10.19089677	0.0
-10.15889677	0.0
-10.12689677	0.0
-10.09489677	0.0
-10.06289677	0.0
-10.03089677	0.0
-9.99889677	0.0
-9.96689677	0.0
-9.93489677	0.0
-9.90289677	0.0
-9.87089677	0.0
-9.83989677	0.0
-9.80789677	0.0
-9.77589677	0.0
-9.74389677	0.0
-9.71189677	0.0
-9.67989677	0.0
-9.64789677	0.0
-9.615896769999999	0.0
-9.583896769999999	0.0
-9.551896769999999	0.0
-9.519896769999999	0.0
-9.487896769999999	1.7972095861e-14
-9.455896769999999	6.213204629000001e-13
-9.423896769999999	1.8423226271000002e-11
-9.391896769999999	4.458718054e-10
-9.359896769999999	8.818084499e-09
-9.327896769999999	1.4253543071e-07
-9.29589677	1.8833404639999999e-06
-9.26389677	2.0339115915e-05
-9.23289677	0.00017962210497
-9.20089677	0.0012969535335
-9.16889677	0.007657736723
-9.13689677	0.03697931288
-9.10489677	0.14604852631999998
-9.07289677	0.47183269289999996
-9.04089677	1.2468406612
-9.00889677	2.6956103870000003
-8.97689677	4.767755794
-8.94489677	6.8997395059999995
-8.91289677	8.169273053
-8.88089677	7.913938514
-8.84889677	6.272324541
-8.81689677	4.067535777000001
-8.78489677	2.158106161
-8.75289677	0.9367448136
-8.72089677	0.3326254407
-8.68889677	0.0966149675
-8.657896769999999	0.022954918019999996
-8.625896769999999	0.00446428235
-8.593896769999999	0.000750731891
-8.56189677	0.00043808333800000003
-8.52989677	0.002344076342
-8.49789677	0.01288088813
-8.46589677	0.05812505479999999
-8.43389677	0.21453504839999998
-8.40189677	0.6476621628
-8.36989677	1.5998655080000002
-8.33789677	3.232670664
-8.30589677	5.3438738599999995
-8.27389677	7.227357702000001
-8.24189677	7.998691942000001
-8.20989677	7.242078242999999
-8.17789677	5.364784696
-8.14589677	3.2516407290000005
-8.11389677	1.6123412160000001
-8.08189677	0.6540142395999999
-8.05089677	0.2170642474
-8.01889677	0.0589208506
-7.9868967699999995	0.01308247596
-7.9548967699999995	0.002375490646
-7.9228967699999995	0.00035277014300000005
-7.8908967699999994	4.283649139e-05
-7.858896769999999	4.252765874999999e-06
-7.826896769999999	3.4514994420000004e-07
-7.794896769999999	2.297390379e-08
-7.762896769999999	2.9160069e-09
-7.730896769999999	3.000570603e-08
-7.698896769999999	4.3785459884e-07
-7.666896769999999	5.2329582373e-06
-7.634896769999999	5.1127157457e-05
-7.602896769999999	0.00040842982394
-7.570896769999999	0.0026679704481
-7.538896769999999	0.014252478862
-7.506896769999999	0.062267214699
-7.47589677	0.22253495044
-7.44389677	0.6505964357999999
-7.41189677	1.5565714768999999
-7.37989677	3.049999376
-7.34789677	4.9045824300000005
-7.31589677	6.51381836
-7.28389677	7.2728895
-7.25189677	7.154458399999999
-7.21989677	6.8181388
-7.18789677	6.990787000000001
-7.15589677	7.6914327
-7.12389677	8.1648171
-7.09189677	7.6172717
-7.05989677	5.9690122
-7.02789677	3.8613782400000005
-6.99589677	2.04990534
-6.96389677	0.891563195
-6.93189677	0.319871328
-6.89989677	0.1073785999
-6.868896769999999	0.0878368949
-6.836896769999999	0.239393153
-6.804896769999999	0.687151992
-6.772896769999999	1.6398847747999998
-6.740896769999999	3.204129156
-6.708896769999999	5.12264036
-6.676896769999999	6.700499325
-6.644896769999999	7.171222727999999
-6.612896769999999	6.279297219
-6.580896769999999	4.498513551
-6.548896769999999	2.6368112309
-6.516896769999999	1.2645085181
-6.484896769999999	0.49610141779999994
-6.452896769999999	0.1592747578
-6.420896770000001	0.0423241938
-6.388896770000001	0.0123804031
-6.3568967700000005	0.0195714934
-6.3248967700000005	0.07796623216000001
-6.29389677	0.274738853809
-6.26189677	0.794039539236
-6.22989677	1.8776642411120001
-6.19789677	3.63229067129
-6.16589677	5.748875624499999
-6.13389677	7.44415943534
-6.10189677	7.888290346290001
-6.06989677	6.83723025191
-6.03789677	4.84932352662
-6.00589677	2.81409996043
-5.97389677	1.33602989151
-5.94189677	0.5193402225
-5.90989677	0.167864266
-5.8778967699999995	0.0590004929
-5.8458967699999995	0.07982961319999998
-5.8138967699999995	0.2547905476
-5.7818967699999995	0.7417250952
-5.749896769999999	1.7764214692000002
-5.717896769999999	3.4814395952000003
-5.686896770000001	5.5825606335
-5.654896770000001	7.3237647002
-5.6228967700000005	7.8613374267
-5.5908967700000005	6.9042792298
-5.5588967700000005	4.961061916
-5.5268967700000005	2.9168917437000004
-5.49489677	1.4053045191
-5.46289677	0.5656512779999999
-5.43089677	0.23844389200000002
-5.39889677	0.268122235
-5.36689677	0.6694625980000002
-5.33489677	1.6095248229999999
-5.30289677	3.2106777460000004
-5.27089677	5.263613609999999
-5.23889677	7.1292286
-5.20689677	8.1176594
-5.17489677	8.1107093
-5.14289677	7.739274199999999
-5.1118967699999995	7.7646698
-5.0798967699999995	8.293988800000001
-5.0478967699999995	8.7609537
-5.0158967699999994	8.6993968
-4.983896769999999	8.356653
-4.951896769999999	8.353805999999999
-4.919896769999999	8.8198252
-4.887896769999999	9.0912706
-4.855896769999999	8.36758017
-4.823896769999999	6.544445950000001
-4.791896769999999	4.31123603
-4.759896769999999	2.566379099
-4.727896769999999	1.89141836
-4.695896769999999	2.45520426
-4.663896769999999	4.07092967
-4.631896769999999	6.14223058
-4.599896769999999	7.723078349999999
-4.567896769999999	7.979150819999999
-4.535896769999999	6.8011531000000005
-4.50489677	4.93172566
-4.47289677	3.46943717
-4.44089677	3.2473498199999997
-4.40889677	4.5212828
-4.37689677	6.953087699999999
-4.34489677	9.7709478
-4.31289677	12.091753500000001
-4.28089677	13.268525400000001
-4.24889677	13.069000599999999
-4.21689677	11.7085912
-4.18489677	9.864901
-4.15289677	8.4404983
-4.12089677	7.957137000000001
-4.08889677	8.08190469
-4.05689677	7.90943866
-4.02489677	6.80379066
-3.9928967699999998	4.91882958
-3.9608967699999997	2.9371647549999995
-3.929896769999999	1.4396834559999998
-3.897896769999999	0.5780027241
-3.865896769999999	0.18990073290000004
-3.833896769999999	0.051041268970000005
-3.801896769999999	0.01122159965
-3.769896769999999	0.0020178002171
-3.737896769999999	0.00029671304914
-3.705896769999999	3.56779685098e-05
-3.673896769999999	3.5065532355900003e-06
-3.641896769999999	2.81843362572e-07
-3.609896769999999	1.8516704789e-08
-3.577896769999999	9.94185585309e-10
-3.5458967700000006	4.36214857916e-11
-3.5138967700000006	1.5677610921499999e-12
-3.4818967700000005	4.61080659357e-14
-3.4498967700000005	0.0
-3.4178967700000005	0.0
-3.3858967700000004	0.0
-3.3538967700000004	0.0
-3.32289677	0.0
-3.29089677	0.0
-3.2588967699999998	0.0
-3.2268967699999997	0.0
-3.1948967699999997	0.0
-3.1628967699999997	0.0
-3.1308967699999997	0.0
-3.0988967699999996	0.0
-3.0668967699999996	0.0
-3.0348967699999996	0.0
-3.0028967699999995	0.0
-2.9708967699999995	0.0
-2.9388967699999995	0.0
-2.9068967699999995	0.0
-2.8748967699999994	0.0
-2.8428967699999994	0.0
-2.8108967699999994	0.0
-2.7788967699999993	0.0
-2.7468967699999993	0.0
-2.7158967699999996	0.0
-2.6838967699999996	0.0
-2.6518967699999996	0.0
-2.6198967699999995	0.0
-2.5878967699999995	0.0
-2.5558967699999995	0.0
-2.5238967699999995	0.0
-2.4918967699999994	0.0
-2.4598967699999994	0.0
-2.4278967699999994	0.0
-2.3958967699999993	0.0
-2.3638967699999993	0.0
-2.3318967699999993	0.0
-2.29989677	0.0
-2.26789677	0.0
-2.23589677	0.0
-2.20389677	0.0
-2.17189677	0.0
-2.1408967699999994	0.0
-2.1088967699999994	0.0
-2.0768967699999994	0.0
-2.0448967699999994	0.0
-2.0128967699999993	0.0
-1.9808967699999993	0.0
-1.9488967699999993	0.0
-1.9168967700000001	0.0
-1.88489677	1.2094846390199999e-14
-1.85289677	4.76554556596e-13
-1.82089677	1.423436490663e-11
-1.78889677	3.4871146683799996e-10
-1.75689677	6.9802013614400005e-09
-1.72489677	1.1421184696000001e-07
-1.69289677	1.527560159674e-06
-1.66089677	1.670052665551e-05
-1.6288967699999999	0.0001492848068408
-1.5968967699999999	0.0010910743692110001
-1.5648967699999998	0.006519888554
-1.5338967700000001	0.031869909938699995
-1.50189677	0.12740881290640002
-1.46989677	0.41666483220499995
-1.43789677	1.114406362125
-1.40589677	2.43859766543
-1.37389677	4.366190696049999
-1.34189677	6.39460924828
-1.30989677	7.664348486639999
-1.27789677	7.515192998060001
-1.2458967699999999	6.029080892660001
-1.2138967699999998	3.95730710902
-1.1818967699999998	2.1248351152300002
-1.1498967699999998	0.933538780538
-1.1178967699999998	0.33550421308399997
-1.0858967699999997	0.0986312537146
-1.0538967699999997	0.023720817991400002
-1.0218967699999997	0.00466559965858
-0.9898967699999996	0.000750433139782
-0.95889677	9.8749198894e-05
-0.9268967699999999	1.1181194152e-05
-0.8948967699999999	7.59707347e-06
-0.8628967699999999	6.427633265000001e-05
-0.8308967699999998	0.0005066267024
-0.7988967699999998	0.0032740870890000003
-0.7668967699999998	0.01735833082
-0.7348967699999998	0.0755882873
-0.7028967699999997	0.27101018709999997
-0.6708967699999997	0.8025357519999999
-0.6388967699999997	1.97101259
-0.6068967699999996	4.03798123
-0.5748967699999996	6.94554874
-0.5428967699999996	10.107657199999998
-0.5108967699999996	12.5228017
-0.4788967699999995	13.26453013
-0.4468967699999995	12.020877780000001
-0.41489676999999947	9.29095817
-0.38289676999999944	6.08688512
-0.35189676999999975	3.35687852
-0.3198967699999997	1.547340997
-0.2878967699999997	0.592492869
-0.25589676999999966	0.18765815019999998
-0.22389676999999963	0.04897476262
-0.1918967699999996	0.01050481007
-0.15989676999999958	0.001849255684
-0.12789676999999955	0.0002667720106
-0.09589676999999952	3.151480794e-05
-0.06389676999999949	3.046949709e-06
-0.031896769999999464	2.409671473e-07
0.00010323000000056481	1.558370031e-08
0.03210323000000059	8.239069647e-10
0.06410323000000062	3.560768601e-11
0.09610323000000065	1.2563267718e-12
0.12810323000000068	3.8211981884e-14
0.1601032300000007	0.0
0.19210322999999985	0.0
0.22310323000000043	0.0
0.25510323000000046	0.0
0.2871032300000005	0.0
0.3191032300000005	0.0
0.35110323000000054	0.0
0.38310323000000057	0.0
0.4151032300000006	0.0
0.44710323000000063	0.0
0.47910323000000066	0.0
0.5111032300000007	0.0
0.5431032300000007	0.0
0.5751032299999999	0.0
0.6071032299999999	0.0
0.6391032299999999	0.0
0.6711032299999999	0.0
0.70310323	0.0
0.73510323	0.0
0.76710323	0.0
0.79910323	0.0
0.8301032300000006	0.0
0.8621032300000007	0.0
0.8941032300000007	0.0
0.9261032300000007	0.0
0.9581032300000003	0.0
0.9901032300000003	0.0
1.0221032300000004	0.0
1.0541032300000004	0.0
1.0861032300000004	0.0
1.1181032300000004	0.0
1.1501032300000005	0.0
1.18210323	0.0
1.21410323	0.0
1.2461032300000001	0.0
1.2781032300000001	0.0
1.3101032300000002	0.0
1.3421032300000002	0.0
1.3741032300000002	0.0
1.4051032300000004	0.0
1.4371032300000004	0.0
1.4691032300000004	0.0
1.5011032300000005	0.0
1.5331032300000005	0.0
1.56510323	0.0
1.59710323	0.0
1.6291032300000001	0.0
1.6611032300000002	0.0
1.6931032300000002	0.0
1.7251032300000002	0.0
1.7571032300000002	0.0
1.7891032300000003	0.0
1.8211032300000003	0.0
1.8531032300000003	0.0
1.8851032300000004	0.0
1.9171032300000004	0.0
1.9491032300000004	0.0
1.9811032300000004	0.0
2.01210323	0.0
2.04410323	0.0
2.07610323	0.0
2.10810323	0.0
2.1401032300000002	0.0
2.1721032300000003	0.0
2.2041032300000003	0.0
2.2361032300000003	0.0
2.2681032300000004	0.0
2.3001032300000004	0.0
2.3321032300000004	0.0
2.3641032300000004	0.0
2.3961032300000005	0.0
2.4281032300000005	0.0
2.46010323	0.0
2.49210323	0.0
2.52410323	0.0
2.55610323	0.0
2.5871032300000003	0.0
2.6191032300000003	0.0
2.6511032300000004	0.0
2.6831032300000004	0.0
2.7151032300000004	0.0
2.7471032300000005	0.0
2.7791032300000005	0.0
2.81110323	0.0
2.84310323	0.0
2.87510323	0.0
2.90710323	0.0
2.93910323	0.0
2.97110323	0.0
3.0031032300000002	0.0
3.0351032300000003	0.0
3.0671032300000003	0.0
3.0991032300000003	0.0
3.1311032300000003	0.0
3.1631032300000004	0.0
3.1941032300000005	0.0
3.2261032300000005	0.0
3.2581032300000006	0.0
3.2901032300000006	0.0
3.32210323	0.0
3.35410323	0.0
3.3861032300000002	0.0
3.4181032300000003	0.0
3.4501032300000003	0.0
3.4821032300000003	0.0
3.5141032300000004	0.0
3.5461032300000004	0.0
3.57810323	0.0
3.61010323	0.0
3.64210323	0.0
3.67410323	0.0
3.70610323	0.0
3.73810323	0.0
3.77010323	0.0
3.8011032300000003	0.0
3.8331032300000003	0.0
3.8651032300000003	0.0
3.8971032300000004	0.0
3.9291032300000004	0.0
3.9611032300000004	0.0
3.99310323	0.0
4.02510323	0.0
4.05710323	0.0
4.08910323	0.0
4.12110323	0.0
4.15310323	0.0
4.18510323	0.0
4.21710323	2.7484343979999997e-15
4.24910323	9.13011374e-14
4.28110323	2.565048686e-12
4.31310323	5.88895301e-11
4.34510323	1.105066879e-09
4.37610323	1.6946712460000003e-08
4.40810323	2.124344275e-07
4.44010323	2.177155792e-06
4.47210323	1.824140602e-05
4.50410323	0.0001249818447
4.53610323	0.0007002308109999999
4.56810323	0.003208373023
4.60010323	0.01202488878
4.63210323	0.036862477899999996
4.66410323	0.0924449495
4.69610323	0.1896594552
4.72810323	0.3183673634
4.76010323	0.437205944
4.79210323	0.49124474199999996
4.82410323	0.45163294099999995
4.85610323	0.33972380300000005
4.8881032300000005	0.209247985
4.9201032300000005	0.106174093
4.9521032300000005	0.047070402000000004
4.98310323	0.027406382
5.01510323	0.04194187
5.04710323	0.09942835
5.07910323	0.22847847999999998
5.11110323	0.47547969
5.14310323	0.8852249400000001
5.17510323	1.4534197
5.20710323	2.0715455
5.23910323	2.5311719
5.2711032300000005	2.6379278999999998
5.3031032300000005	2.3642505000000003
5.3351032300000005	1.8903675899999999
5.367103230000001	1.46569235
5.399103230000001	1.21915123
5.431103230000001	1.0996161
5.463103230000001	0.97858608
5.49510323	0.78904162
5.52710323	0.56658001
5.55810323	0.39153469199999996
5.59010323	0.320952597
5.6221032300000005	0.37080230000000003
5.6541032300000005	0.52766579
5.6861032300000005	0.7522328
5.7181032300000005	0.9777672
5.750103230000001	1.1267125000000002
5.782103230000001	1.1484025
5.814103230000001	1.0473479
5.846103230000001	0.8791463
5.878103230000001	0.7194713
5.910103230000001	0.6345396999999999
5.942103230000001	0.6686255999999999
5.974103230000001	0.8340137
6.006103230000001	1.0895337
6.038103230000001	1.3373402
6.07010323	1.4710329
6.10210323	1.4516479
6.13410323	1.3342721
6.165103230000001	1.2153218000000001
6.19710323	1.1579302
6.22910323	1.1630135
6.26110323	1.1976887
6.29310323	1.2331513
6.32510323	1.2558546000000002
6.35710323	1.2551294
6.38910323	1.2184627
6.42110323	1.14383
6.45310323	1.043452
6.48510323	0.93168
6.51710323	0.8096739000000001
6.54910323	0.6693026
6.58110323	0.5140198
6.61310323	0.3735828
6.64510323	0.2978132
6.67710323	0.33342659999999996
6.70910323	0.49644750000000004
6.740103230000001	0.7499844
6.772103230000001	1.0031782
6.804103230000001	1.1449551
6.83610323	1.1058022
6.86810323	0.9007719
6.90010323	0.6165614
6.93210323	0.35323746999999994
6.96410323	0.16867049
6.99610323	0.06685503999999999
7.02810323	0.021918411
7.06010323	0.0059271962
7.09210323	0.0013189836000000001
7.12410323	0.00024108655000000003
7.15610323	3.6150783e-05
7.18810323	4.4424832e-06
7.22010323	4.4704885000000003e-07
7.25210323	3.682122e-08
7.28410323	2.4810835e-09
7.31610323	1.3671251e-10
7.34710323	6.1592202e-12
7.37910323	2.2687679e-13
7.41110323	6.7370395000000004e-15
7.44310323	0.0
7.47510323	0.0
7.50710323	0.0
7.53910323	0.0
7.57110323	0.0
7.60310323	0.0
7.63510323	0.0
7.66710323	0.0
7.69910323	0.0
7.73110323	0.0
7.7631032300000005	0.0
7.7951032300000005	0.0
7.8271032300000005	0.0
7.8591032300000006	0.0
7.891103230000001	0.0
7.92210323	0.0
7.95410323	0.0
7.98610323	0.0
8.018103230000001	0.0
8.050103230000001	0.0
8.082103230000001	0.0
8.114103230000001	0.0
8.146103230000001	0.0
8.178103230000001	0.0
8.21010323	0.0
8.24210323	0.0
8.27410323	0.0
