-28.711	0.0	0.0	0.0	0.0	0.0	0.0	0.0	0.0	0.0
-28.680	0.0	0.0	0.0	0.0	0.0	0.0	0.0	0.0	0.0
-28.649	0.0	0.0	0.0	0.0	0.0	0.0	0.0	0.0	0.0
-28.618	0.0	0.0	0.0	0.0	0.0	0.0	0.0	0.0	0.0
-28.587	0.0	0.0	0.0	0.0	0.0	0.0	0.0	0.0	0.0
-28.556	0.0	0.0	0.0	0.0	0.0	0.0	0.0	0.0	0.0
-28.525	0.0	0.0	0.0	0.0	0.0	0.0	0.0	0.0	0.0
-28.494	0.0	0.0	0.0	0.0	0.0	0.0	0.0	0.0	0.0
-28.463	0.0	0.0	0.0	0.0	0.0	0.0	0.0	0.0	0.0
-28.431	0.0	0.0	0.0	0.0	0.0	0.0	0.0	0.0	0.0
-28.400	0.0	0.0	0.0	0.0	0.0	0.0	0.0	0.0	0.0
-28.369	0.0	0.0	0.0	0.0	0.0	0.0	0.0	0.0	0.0
-28.338	0.0	0.0	0.0	0.0	0.0	0.0	0.0	0.0	0.0
-28.307	0.0	0.0	0.0	0.0	0.0	0.0	0.0	0.0	0.0
-28.276	0.0	0.0	0.0	0.0	0.0	0.0	0.0	0.0	0.0
-28.245	0.0	0.0	0.0	0.0	0.0	0.0	0.0	0.0	0.0
-28.214	0.0	0.0	0.0	0.0	0.0	0.0	0.0	0.0	0.0
-28.183	0.0	0.0	0.0	0.0	0.0	0.0	0.0	0.0	0.0
-28.151	0.0	0.0	0.0	0.0	0.0	0.0	0.0	0.0	0.0
-28.120	0.0	0.0	0.0	0.0	0.0	0.0	0.0	0.0	0.0
-28.089	0.0	0.0	0.0	0.0	0.0	0.0	0.0	0.0	0.0
-28.058	0.0	0.0	0.0	0.0	0.0	0.0	0.0	0.0	0.0
-28.027	0.0	0.0	0.0	0.0	0.0	0.0	0.0	0.0	0.0
-27.996	0.0	0.0	0.0	0.0	0.0	0.0	0.0	0.0	0.0
-27.965	0.0	0.0	0.0	0.0	0.0	0.0	0.0	0.0	0.0
-27.934	0.0	0.0	0.0	0.0	0.0	0.0	0.0	0.0	0.0
-27.903	0.0	0.0	0.0	0.0	0.0	0.0	0.0	0.0	0.0
-27.872	1.3877841999999999e-14	1.2107599319999998e-15	1.0226388000000001e-17	1.62139334e-15	0.0	0.0	0.0	0.0	0.0
-27.840	4.5529589e-13	3.97124337e-14	3.3544405000000004e-16	5.31856295e-14	0.0	0.0	0.0	0.0	0.0
-27.809	1.2618924e-11	1.1005653399999999e-12	9.295758999999999e-15	1.4738685399999997e-12	0.0	0.0	0.0	0.0	0.0
-27.778	2.8928253999999995e-10	2.5233444599999998e-11	2.1308187e-13	3.378623459999999e-11	0.0	0.0	0.0	0.0	0.0
-27.747	5.473276200000001e-09	4.77427272e-10	4.0316220000000005e-12	6.39326152e-10	0.0	0.0	0.0	0.0	0.0
-27.716	8.553515e-08	7.46084131e-09	6.301841e-11	9.99154048e-09	0.0	0.0	0.0	0.0	0.0
-27.685	1.1039800000000002e-06	9.629195940000002e-08	8.134240999999999e-10	1.289527e-07	0.0	0.0	0.0	0.0	0.0
-27.654	1.1769556e-05	1.0265814339999998e-06	8.670885e-09	1.3746369600000002e-06	0.0	0.0	0.0	0.0	0.0
-27.623	0.00010363747000000002	9.03932693e-06	7.634644000000001e-08	1.2104264499999998e-05	0.0	0.0	0.0	0.0	0.0
-27.592	0.0007539924000000002	6.57524014e-05	5.553512e-07	8.805031449999999e-05	0.0	0.0	0.0	0.0	0.0
-27.560	0.0045316585999999985	0.0003951862249999999	3.3377998999999997e-06	0.000529213363	0.0	0.0	0.0	0.0	0.0
-27.529	0.022501160000000003	0.00196246054	1.6576183000000002e-05	0.00262726907	0.0	0.0	0.0	0.0	0.0
-27.498	0.09232599000000001	0.00805271023	6.801629e-05	0.01078454999	0.0	0.0	0.0	0.0	0.0
-27.467	0.31308089	0.0273048967	0.00023062354000000001	0.0365620847	0.0	0.0	0.0	0.0	0.0
-27.436	0.8773452000000002	0.07651657710000001	0.0006463704	0.10246730710000002	0.0	0.0	0.0	0.0	0.0
-27.405	2.0318992000000007	0.17722652400000002	0.0014969547	0.23730798	0.0	0.0	0.0	0.0	0.0
-27.374	3.8898710000000003	0.3392698230000001	0.0028653367	0.45437998	0.0	0.0	0.0	0.0	0.0
-27.343	6.154392699999999	0.536807315	0.004533692	0.718836435	0.0	0.0	0.0	0.0	0.0
-27.312	8.048752	0.702004274	0.005929373999999999	0.940174024	0.0	0.0	0.0	0.0	0.0
-27.280	8.701481000000001	0.7588487710000001	0.006409077000000001	1.0163301679999999	0.0	0.0	0.0	0.0	0.0
-27.249	7.775085	0.678127253	0.005727171	0.908155175	0.0	0.0	0.0	0.0	0.0
-27.218	5.742883700000001	0.500794749	0.004231230999999999	0.670743066	0.0	0.0	0.0	0.0	0.0
-27.187	3.5058325	0.3058019619999999	0.0025832121999999997	0.409541639	0.0	0.0	0.0	0.0	0.0
-27.156	1.7691806	0.15429860509999999	0.0013033159	0.206702145	0.0	0.0	0.0	0.0	0.0
-27.125	0.7377773	0.06435380360000001	0.0005435562999999999	0.0861784561	0.0	0.0	0.0	0.0	0.0
-27.094	0.25428498000000005	0.0221825995	0.00018735423	0.0296991068	0.0	0.0	0.0	0.0	0.0
-27.063	0.07243979	0.00631904903	5.33682e-05	0.008462307449999998	0.0	0.0	0.0	0.0	0.0
-27.032	0.017052296	0.001487382971	1.2563319e-05	0.0019918978700000003	0.0	0.0	0.0	0.0	0.0
-27.000	0.0033165086000000003	0.00028927335899999997	2.4437576e-06	0.00038737896700000006	0.0	0.0	0.0	0.0	0.0
-26.969	0.00053313637	4.648781730000001e-05	3.926901e-07	6.226517070000002e-05	0.0	0.0	0.0	0.0	0.0
-26.938	7.077756e-05	6.17318591e-06	5.2142560000000004e-08	8.267110759999998e-06	0.0	0.0	0.0	0.0	0.0
-26.907	7.762933e-06	6.772161769999999e-07	5.71881e-09	9.06733123e-07	0.0	0.0	0.0	0.0	0.0
-26.876	7.034166e-07	6.13444157e-08	5.181155000000001e-10	8.216232109999999e-08	0.0	0.0	0.0	0.0	0.0
-26.845	5.263472100000001e-08	4.590614960000001e-09	3.877938e-11	6.1482266800000005e-09	0.0	0.0	0.0	0.0	0.0
-26.814	3.2524518e-09	2.8376202400000004e-10	2.3960885000000005e-12	3.79855642e-10	0.0	0.0	0.0	0.0	0.0
-26.783	1.6596243e-10	1.4478883829999997e-11	1.2229956000000002e-13	1.93902737e-11	0.0	0.0	0.0	0.0	0.0
-26.752	6.995666e-12	6.102804770000001e-13	5.153699999999999e-15	8.171564619999999e-13	0.0	0.0	0.0	0.0	0.0
-26.720	2.3873665000000004e-13	2.08255639e-14	1.7589284e-16	2.78891385e-14	0.0	0.0	0.0	0.0	0.0
-26.689	1.1105678000000001e-14	9.685259900000001e-16	8.180831e-18	1.2971585799999998e-15	0.0	0.0	0.0	0.0	0.0
-26.658	0.0	0.0	0.0	0.0	0.0	0.0	0.0	0.0	0.0
-26.627	0.0	0.0	0.0	0.0	0.0	0.0	0.0	0.0	0.0
-26.596	0.0	0.0	0.0	0.0	0.0	0.0	0.0	0.0	0.0
-26.565	0.0	0.0	0.0	0.0	0.0	0.0	0.0	0.0	0.0
-26.534	0.0	0.0	0.0	0.0	0.0	0.0	0.0	0.0	0.0
-26.503	0.0	0.0	0.0	0.0	0.0	0.0	0.0	0.0	0.0
-26.472	0.0	0.0	0.0	0.0	0.0	0.0	0.0	0.0	0.0
-26.441	0.0	0.0	0.0	0.0	0.0	0.0	0.0	0.0	0.0
-26.409	0.0	0.0	0.0	0.0	0.0	0.0	0.0	0.0	0.0
-26.378	0.0	0.0	0.0	0.0	0.0	0.0	0.0	0.0	0.0
-26.347	0.0	0.0	0.0	0.0	0.0	0.0	0.0	0.0	0.0
-26.316	0.0	0.0	0.0	0.0	0.0	0.0	0.0	0.0	0.0
-26.285	0.0	0.0	0.0	0.0	0.0	0.0	0.0	0.0	0.0
-26.254	0.0	0.0	0.0	0.0	0.0	0.0	0.0	0.0	0.0
-26.223	0.0	0.0	0.0	0.0	0.0	0.0	0.0	0.0	0.0
-26.192	0.0	0.0	0.0	0.0	0.0	0.0	0.0	0.0	0.0
-26.161	0.0	0.0	0.0	0.0	0.0	0.0	0.0	0.0	0.0
-26.129	0.0	0.0	0.0	0.0	0.0	0.0	0.0	0.0	0.0
-26.098	0.0	0.0	0.0	0.0	0.0	0.0	0.0	0.0	0.0
-26.067	0.0	0.0	0.0	0.0	0.0	0.0	0.0	0.0	0.0
-26.036	0.0	0.0	0.0	0.0	0.0	0.0	0.0	0.0	0.0
-26.005	0.0	0.0	0.0	0.0	0.0	0.0	0.0	0.0	0.0
-25.974	0.0	0.0	0.0	0.0	0.0	0.0	0.0	0.0	0.0
-25.943	0.0	0.0	0.0	0.0	0.0	0.0	0.0	0.0	0.0
-25.912	0.0	0.0	0.0	0.0	0.0	0.0	0.0	0.0	0.0
-25.881	0.0	0.0	0.0	0.0	0.0	0.0	0.0	0.0	0.0
-25.849	0.0	0.0	0.0	0.0	0.0	0.0	0.0	0.0	0.0
-25.818	0.0	0.0	0.0	0.0	0.0	0.0	0.0	0.0	0.0
-25.787	0.0	0.0	0.0	0.0	0.0	0.0	0.0	0.0	0.0
-25.756	0.0	0.0	0.0	0.0	0.0	0.0	0.0	0.0	0.0
-25.725	0.0	0.0	0.0	0.0	0.0	0.0	0.0	0.0	0.0
-25.694	0.0	0.0	0.0	0.0	0.0	0.0	0.0	0.0	0.0
-25.663	0.0	0.0	0.0	0.0	0.0	0.0	0.0	0.0	0.0
-25.632	0.0	0.0	0.0	0.0	0.0	0.0	0.0	0.0	0.0
-25.601	0.0	0.0	0.0	0.0	0.0	0.0	0.0	0.0	0.0
-25.569	0.0	0.0	0.0	0.0	0.0	0.0	0.0	0.0	0.0
-25.538	0.0	0.0	0.0	0.0	0.0	0.0	0.0	0.0	0.0
-25.507	0.0	0.0	0.0	0.0	0.0	0.0	0.0	0.0	0.0
-25.476	0.0	0.0	0.0	0.0	0.0	0.0	0.0	0.0	0.0
-25.445	0.0	0.0	0.0	0.0	0.0	0.0	0.0	0.0	0.0
-25.414	0.0	0.0	0.0	0.0	0.0	0.0	0.0	0.0	0.0
-25.383	0.0	0.0	0.0	0.0	0.0	0.0	0.0	0.0	0.0
-25.352	0.0	0.0	0.0	0.0	0.0	0.0	0.0	0.0	0.0
-25.321	0.0	0.0	0.0	0.0	0.0	0.0	0.0	0.0	0.0
-25.289	0.0	0.0	0.0	0.0	0.0	0.0	0.0	0.0	0.0
-25.258	0.0	0.0	0.0	0.0	0.0	0.0	0.0	0.0	0.0
-25.227	0.0	0.0	0.0	0.0	0.0	0.0	0.0	0.0	0.0
-25.196	0.0	0.0	0.0	0.0	0.0	0.0	0.0	0.0	0.0
-25.165	0.0	0.0	0.0	0.0	0.0	0.0	0.0	0.0	0.0
-25.134	0.0	0.0	0.0	0.0	0.0	0.0	0.0	0.0	0.0
-25.103	0.0	0.0	0.0	0.0	0.0	0.0	0.0	0.0	0.0
-25.072	0.0	0.0	0.0	0.0	0.0	0.0	0.0	0.0	0.0
-25.041	0.0	0.0	0.0	0.0	0.0	0.0	0.0	0.0	0.0
-25.010	0.0	0.0	0.0	0.0	0.0	0.0	0.0	0.0	0.0
-24.978	0.0	0.0	0.0	0.0	0.0	0.0	0.0	0.0	0.0
-24.947	0.0	0.0	0.0	0.0	0.0	0.0	0.0	0.0	0.0
-24.916	0.0	0.0	0.0	0.0	0.0	0.0	0.0	0.0	0.0
-24.885	0.0	0.0	0.0	0.0	0.0	0.0	0.0	0.0	0.0
-24.854	0.0	0.0	0.0	0.0	0.0	0.0	0.0	0.0	0.0
-24.823	0.0	0.0	0.0	0.0	0.0	0.0	0.0	0.0	0.0
-24.792	0.0	0.0	0.0	0.0	0.0	0.0	0.0	0.0	0.0
-24.761	0.0	0.0	0.0	0.0	0.0	0.0	0.0	0.0	0.0
-24.730	0.0	0.0	0.0	0.0	0.0	0.0	0.0	0.0	0.0
-24.698	0.0	0.0	0.0	0.0	0.0	0.0	0.0	0.0	0.0
-24.667	0.0	0.0	0.0	0.0	0.0	0.0	0.0	0.0	0.0
-24.636	0.0	0.0	0.0	0.0	0.0	0.0	0.0	0.0	0.0
-24.605	0.0	0.0	0.0	0.0	0.0	0.0	0.0	0.0	0.0
-24.574	0.0	0.0	0.0	0.0	0.0	0.0	0.0	0.0	0.0
-24.543	0.0	0.0	0.0	0.0	0.0	0.0	0.0	0.0	0.0
-24.512	0.0	0.0	0.0	0.0	0.0	0.0	0.0	0.0	0.0
-24.481	0.0	0.0	0.0	0.0	0.0	0.0	0.0	0.0	0.0
-24.450	0.0	0.0	0.0	0.0	0.0	0.0	0.0	0.0	0.0
-24.418	0.0	0.0	0.0	0.0	0.0	0.0	0.0	0.0	0.0
-24.387	0.0	0.0	0.0	0.0	0.0	0.0	0.0	0.0	0.0
-24.356	0.0	0.0	0.0	0.0	0.0	0.0	0.0	0.0	0.0
-24.325	0.0	0.0	0.0	0.0	0.0	0.0	0.0	0.0	0.0
-24.294	0.0	0.0	0.0	0.0	0.0	0.0	0.0	0.0	0.0
-24.263	0.0	0.0	0.0	0.0	0.0	0.0	0.0	0.0	0.0
-24.232	0.0	0.0	0.0	0.0	0.0	0.0	0.0	0.0	0.0
-24.201	0.0	0.0	0.0	0.0	0.0	0.0	0.0	0.0	0.0
-24.170	0.0	0.0	0.0	0.0	0.0	0.0	0.0	0.0	0.0
-24.138	0.0	0.0	0.0	0.0	0.0	0.0	0.0	0.0	0.0
-24.107	0.0	0.0	0.0	0.0	0.0	0.0	0.0	0.0	0.0
-24.076	0.0	0.0	0.0	0.0	0.0	0.0	0.0	0.0	0.0
-24.045	0.0	0.0	0.0	0.0	0.0	0.0	0.0	0.0	0.0
-24.014	0.0	0.0	0.0	0.0	0.0	0.0	0.0	0.0	0.0
-23.983	0.0	0.0	0.0	0.0	0.0	0.0	0.0	0.0	0.0
-23.952	0.0	0.0	0.0	0.0	0.0	0.0	0.0	0.0	0.0
-23.921	0.0	0.0	0.0	0.0	0.0	0.0	0.0	0.0	0.0
-23.890	0.0	0.0	0.0	0.0	0.0	0.0	0.0	0.0	0.0
-23.858	0.0	0.0	0.0	0.0	0.0	0.0	0.0	0.0	0.0
-23.827	0.0	0.0	0.0	0.0	0.0	0.0	0.0	0.0	0.0
-23.796	0.0	0.0	0.0	0.0	0.0	0.0	0.0	0.0	0.0
-23.765	0.0	0.0	0.0	0.0	0.0	0.0	0.0	0.0	0.0
-23.734	0.0	0.0	0.0	0.0	0.0	0.0	0.0	0.0	0.0
-23.703	0.0	0.0	0.0	0.0	0.0	0.0	0.0	0.0	0.0
-23.672	0.0	0.0	0.0	0.0	0.0	0.0	0.0	0.0	0.0
-23.641	0.0	0.0	0.0	0.0	0.0	0.0	0.0	0.0	0.0
-23.610	0.0	0.0	0.0	0.0	0.0	0.0	0.0	0.0	0.0
-23.579	0.0	0.0	0.0	0.0	0.0	0.0	0.0	0.0	0.0
-23.547	0.0	0.0	0.0	0.0	0.0	0.0	0.0	0.0	0.0
-23.516	0.0	0.0	0.0	0.0	0.0	0.0	0.0	0.0	0.0
-23.485	0.0	0.0	0.0	0.0	0.0	0.0	0.0	0.0	0.0
-23.454	0.0	0.0	0.0	0.0	0.0	0.0	0.0	0.0	0.0
-23.423	0.0	0.0	0.0	0.0	0.0	0.0	0.0	0.0	0.0
-23.392	0.0	0.0	0.0	0.0	0.0	0.0	0.0	0.0	0.0
-23.361	0.0	0.0	0.0	0.0	0.0	0.0	0.0	0.0	0.0
-23.330	0.0	0.0	0.0	0.0	0.0	0.0	0.0	0.0	0.0
-23.299	0.0	0.0	0.0	0.0	0.0	0.0	0.0	0.0	0.0
-23.267	0.0	0.0	0.0	0.0	0.0	0.0	0.0	0.0	0.0
-23.236	0.0	0.0	0.0	0.0	0.0	0.0	0.0	0.0	0.0
-23.205	0.0	0.0	0.0	0.0	0.0	0.0	0.0	0.0	0.0
-23.174	0.0	0.0	0.0	0.0	0.0	0.0	0.0	0.0	0.0
-23.143	0.0	0.0	0.0	0.0	0.0	0.0	0.0	0.0	0.0
-23.112	0.0	0.0	0.0	0.0	0.0	0.0	0.0	0.0	0.0
-23.081	0.0	0.0	0.0	0.0	0.0	0.0	0.0	0.0	0.0
-23.050	0.0	0.0	0.0	0.0	0.0	0.0	0.0	0.0	0.0
-23.019	0.0	0.0	0.0	0.0	0.0	0.0	0.0	0.0	0.0
-22.987	0.0	0.0	0.0	0.0	0.0	0.0	0.0	0.0	0.0
-22.956	0.0	0.0	0.0	0.0	0.0	0.0	0.0	0.0	0.0
-22.925	0.0	0.0	0.0	0.0	0.0	0.0	0.0	0.0	0.0
-22.894	0.0	0.0	0.0	0.0	0.0	0.0	0.0	0.0	0.0
-22.863	0.0	0.0	0.0	0.0	0.0	0.0	0.0	0.0	0.0
-22.832	0.0	0.0	0.0	0.0	0.0	0.0	0.0	0.0	0.0
-22.801	0.0	0.0	0.0	0.0	0.0	0.0	0.0	0.0	0.0
-22.770	0.0	0.0	0.0	0.0	0.0	0.0	0.0	0.0	0.0
-22.739	0.0	0.0	0.0	0.0	0.0	0.0	0.0	0.0	0.0
-22.707	0.0	0.0	0.0	0.0	0.0	0.0	0.0	0.0	0.0
-22.676	0.0	0.0	0.0	0.0	0.0	0.0	0.0	0.0	0.0
-22.645	0.0	0.0	0.0	0.0	0.0	0.0	0.0	0.0	0.0
-22.614	0.0	0.0	0.0	0.0	0.0	0.0	0.0	0.0	0.0
-22.583	0.0	0.0	0.0	0.0	0.0	0.0	0.0	0.0	0.0
-22.552	0.0	0.0	0.0	0.0	0.0	0.0	0.0	0.0	0.0
-22.521	0.0	0.0	0.0	0.0	0.0	0.0	0.0	0.0	0.0
-22.490	0.0	0.0	0.0	0.0	0.0	0.0	0.0	0.0	0.0
-22.459	0.0	0.0	0.0	0.0	0.0	0.0	0.0	0.0	0.0
-22.427	0.0	0.0	0.0	0.0	0.0	0.0	0.0	0.0	0.0
-22.396	0.0	0.0	0.0	0.0	0.0	0.0	0.0	0.0	0.0
-22.365	0.0	0.0	0.0	0.0	0.0	0.0	0.0	0.0	0.0
-22.334	0.0	0.0	0.0	0.0	0.0	0.0	0.0	0.0	0.0
-22.303	0.0	0.0	0.0	0.0	0.0	0.0	0.0	0.0	0.0
-22.272	0.0	0.0	0.0	0.0	0.0	0.0	0.0	0.0	0.0
-22.241	0.0	0.0	0.0	0.0	0.0	0.0	0.0	0.0	0.0
-22.210	0.0	0.0	0.0	0.0	0.0	0.0	0.0	0.0	0.0
-22.179	0.0	0.0	0.0	0.0	0.0	0.0	0.0	0.0	0.0
-22.148	0.0	0.0	0.0	0.0	0.0	0.0	0.0	0.0	0.0
-22.116	0.0	0.0	0.0	0.0	0.0	0.0	0.0	0.0	0.0
-22.085	0.0	0.0	0.0	0.0	0.0	0.0	0.0	0.0	0.0
-22.054	0.0	0.0	0.0	0.0	0.0	0.0	0.0	0.0	0.0
-22.023	0.0	0.0	0.0	0.0	0.0	0.0	0.0	0.0	0.0
-21.992	0.0	0.0	0.0	0.0	0.0	0.0	0.0	0.0	0.0
-21.961	0.0	0.0	0.0	0.0	0.0	0.0	0.0	0.0	0.0
-21.930	0.0	0.0	0.0	0.0	0.0	0.0	0.0	0.0	0.0
-21.899	0.0	0.0	0.0	0.0	0.0	0.0	0.0	0.0	0.0
-21.868	0.0	0.0	0.0	0.0	0.0	0.0	0.0	0.0	0.0
-21.836	0.0	0.0	0.0	0.0	0.0	0.0	0.0	0.0	0.0
-21.805	0.0	0.0	0.0	0.0	0.0	0.0	0.0	0.0	0.0
-21.774	0.0	0.0	0.0	0.0	0.0	0.0	0.0	0.0	0.0
-21.743	0.0	0.0	0.0	0.0	0.0	0.0	0.0	0.0	0.0
-21.712	0.0	0.0	0.0	0.0	0.0	0.0	0.0	0.0	0.0
-21.681	0.0	0.0	0.0	0.0	0.0	0.0	0.0	0.0	0.0
-21.650	0.0	0.0	0.0	0.0	0.0	0.0	0.0	0.0	0.0
-21.619	0.0	0.0	0.0	0.0	0.0	0.0	0.0	0.0	0.0
-21.588	0.0	0.0	0.0	0.0	0.0	0.0	0.0	0.0	0.0
-21.556	0.0	0.0	0.0	0.0	0.0	0.0	0.0	0.0	0.0
-21.525	0.0	0.0	0.0	0.0	0.0	0.0	0.0	0.0	0.0
-21.494	0.0	0.0	0.0	0.0	0.0	0.0	0.0	0.0	0.0
-21.463	0.0	0.0	0.0	0.0	0.0	0.0	0.0	0.0	0.0
-21.432	0.0	0.0	0.0	0.0	0.0	0.0	0.0	0.0	0.0
-21.401	0.0	0.0	0.0	0.0	0.0	0.0	0.0	0.0	0.0
-21.370	0.0	0.0	0.0	0.0	0.0	0.0	0.0	0.0	0.0
-21.339	0.0	0.0	0.0	0.0	0.0	0.0	0.0	0.0	0.0
-21.308	0.0	0.0	0.0	0.0	0.0	0.0	0.0	0.0	0.0
-21.276	0.0	0.0	0.0	0.0	0.0	0.0	0.0	0.0	0.0
-21.245	0.0	0.0	0.0	0.0	0.0	0.0	0.0	0.0	0.0
-21.214	0.0	0.0	0.0	0.0	0.0	0.0	0.0	0.0	0.0
-21.183	0.0	0.0	0.0	0.0	0.0	0.0	0.0	0.0	0.0
-21.152	0.0	0.0	0.0	0.0	0.0	0.0	0.0	0.0	0.0
-21.121	0.0	0.0	0.0	0.0	0.0	0.0	0.0	0.0	0.0
-21.090	0.0	0.0	0.0	0.0	0.0	0.0	0.0	0.0	0.0
-21.059	0.0	0.0	0.0	0.0	0.0	0.0	0.0	0.0	0.0
-21.028	0.0	0.0	0.0	0.0	0.0	0.0	0.0	0.0	0.0
-20.996	0.0	0.0	0.0	0.0	0.0	0.0	0.0	0.0	0.0
-20.965	0.0	0.0	0.0	0.0	0.0	0.0	0.0	0.0	0.0
-20.934	0.0	0.0	0.0	0.0	0.0	0.0	0.0	0.0	0.0
-20.903	0.0	0.0	0.0	0.0	0.0	0.0	0.0	0.0	0.0
-20.872	0.0	0.0	0.0	0.0	0.0	0.0	0.0	0.0	0.0
-20.841	0.0	0.0	0.0	0.0	0.0	0.0	0.0	0.0	0.0
-20.810	0.0	0.0	0.0	0.0	0.0	0.0	0.0	0.0	0.0
-20.779	0.0	0.0	0.0	0.0	0.0	0.0	0.0	0.0	0.0
-20.748	0.0	0.0	0.0	0.0	0.0	0.0	0.0	0.0	0.0
-20.717	0.0	0.0	0.0	0.0	0.0	0.0	0.0	0.0	0.0
-20.685	2.19286e-15	1.2817736e-16	2.90043008e-17	1.5371441999999998e-16	0.0	0.0	0.0	0.0	0.0
-20.654	6.798200000000001e-14	3.973138000000001e-15	8.991691900000001e-16	4.766329000000001e-15	0.0	0.0	0.0	0.0	0.0
-20.623	2.05477e-12	1.2010733999999998e-13	2.71765699e-14	1.4405559000000002e-13	0.0	0.0	0.0	0.0	0.0
-20.592	5.1653000000000004e-11	3.019779e-12	6.831777800000001e-13	3.621636e-12	0.0	0.0	0.0	0.0	0.0
-20.561	1.07202e-09	6.266459999999999e-11	1.4181492399999999e-11	7.516725000000001e-11	0.0	0.0	0.0	0.0	0.0
-20.530	1.8374100000000005e-08	1.0740600000000001e-09	2.43041447e-10	1.2879019000000003e-09	0.0	0.0	0.0	0.0	0.0
-20.499	2.6007300000000006e-07	1.5202475000000002e-08	3.43998163e-09	1.8230701e-08	0.0	0.0	0.0	0.0	0.0
-20.468	3.0404299999999997e-06	1.7768575000000001e-07	4.021487100000001e-08	2.1320329e-07	0.0	0.0	0.0	0.0	0.0
-20.437	2.9357999999999996e-05	1.7158568000000002e-06	3.8832371999999997e-07	2.0587364999999997e-06	0.0	0.0	0.0	0.0	0.0
-20.405	0.000234177	1.3688025e-05	3.0973941699999996e-06	1.6420949000000005e-05	0.0	0.0	0.0	0.0	0.0
-20.374	0.00154318	9.020701999999999e-05	2.0410687200000002e-05	0.00010819397	0.0	0.0	0.0	0.0	0.0
-20.343	0.0084018	0.0004910741	0.000111128834	0.0005890596	0.0	0.0	0.0	0.0	0.0
-20.312	0.037799000000000006	0.0022092497999999998	0.00049996969	0.0026501716999999996	0.0	0.0	0.0	0.0	0.0
-20.281	0.140522	0.008213901	0.00185841669	0.009851641000000001	0.0	0.0	0.0	0.0	0.0
-20.250	0.43164	0.025237930000000002	0.0057105476	0.03026555	0.0	0.0	0.0	0.0	0.0
-20.219	1.09611	0.06407412000000001	0.0144972351	0.07685256000000001	0.0	0.0	0.0	0.0	0.0
-20.188	2.30011	0.13442719000000003	0.0304246124	0.16128048	0.0	0.0	0.0	0.0	0.0
-20.157	3.9892999999999996	0.23322140000000005	0.052775367999999996	0.2796887	0.0	0.0	0.0	0.0	0.0
-20.125	5.7193000000000005	0.3343445999999999	0.07566060200000001	0.40100479999999994	0.0	0.0	0.0	0.0	0.0
-20.094	6.777400000000001	0.39625849999999996	0.089662101	0.4752885	0.0	0.0	0.0	0.0	0.0
-20.063	6.6394	0.3881013000000001	0.08781167000000001	0.46550859999999994	0.0	0.0	0.0	0.0	0.0
-20.032	5.3758	0.3142662	0.07109807700000001	0.3769371	0.0	0.0	0.0	0.0	0.0
-20.001	3.59725	0.21029935000000002	0.047587297	0.25229509999999994	0.0	0.0	0.0	0.0	0.0
-19.970	1.99011	0.11632899999999999	0.0263239391	0.13953379	0.0	0.0	0.0	0.0	0.0
-19.939	0.9099600000000001	0.05318513	0.0120353292	0.06380324	0.0	0.0	0.0	0.0	0.0
-19.908	0.34385199999999994	0.020097948999999997	0.0045487747	0.024106973	0.0	0.0	0.0	0.0	0.0
-19.877	0.10737700000000001	0.006276705999999999	0.00142040641	0.007528945999999999	0.0	0.0	0.0	0.0	0.0
-19.845	0.027714299999999994	0.0016199949000000001	0.00036656417	0.0019427869	0.0	0.0	0.0	0.0	0.0
-19.814	0.0059101	0.00034549569999999994	7.8177081e-05	0.00041441300000000003	0.0	0.0	0.0	0.0	0.0
-19.783	0.0010413100000000002	6.087544e-05	1.3775293399999999e-05	7.301712e-05	0.0	0.0	0.0	0.0	0.0
-19.752	0.00015161599999999998	8.862781e-06	2.00553317e-06	1.063115e-05	0.0	0.0	0.0	0.0	0.0
-19.721	1.82371e-05	1.0660026000000004e-06	2.41214016e-07	1.2781455000000002e-06	0.0	0.0	0.0	0.0	0.0
-19.690	1.81175e-06	1.0590308e-07	2.39641313e-08	1.2706414e-07	0.0	0.0	0.0	0.0	0.0
-19.659	1.4867300000000002e-07	8.690691e-09	1.9666374e-09	1.0424732e-08	0.0	0.0	0.0	0.0	0.0
-19.628	1.00769e-08	5.890741000000001e-10	1.33281616e-10	7.065781e-10	0.0	0.0	0.0	0.0	0.0
-19.597	5.6402e-10	3.297053e-11	7.4602426e-12	3.9548810000000006e-11	0.0	0.0	0.0	0.0	0.0
-19.565	2.60696e-11	1.5241241e-12	3.44804515e-13	1.8278568e-12	0.0	0.0	0.0	0.0	0.0
-19.534	9.911700000000001e-13	5.793594e-14	1.3110515999999999e-14	6.949691000000001e-14	0.0	0.0	0.0	0.0	0.0
-19.503	3.5080199999999996e-14	2.0511337e-15	4.640481300000001e-16	2.4596126000000005e-15	0.0	0.0	0.0	0.0	0.0
-19.472	0.0	0.0	0.0	0.0	0.0	0.0	0.0	0.0	0.0
-19.441	0.0	0.0	0.0	0.0	0.0	0.0	0.0	0.0	0.0
-19.410	0.0	0.0	0.0	0.0	0.0	0.0	0.0	0.0	0.0
-19.379	0.0	0.0	0.0	0.0	0.0	0.0	0.0	0.0	0.0
-19.348	0.0	0.0	0.0	0.0	0.0	0.0	0.0	0.0	0.0
-19.317	0.0	0.0	0.0	0.0	0.0	0.0	0.0	0.0	0.0
-19.286	0.0	0.0	0.0	0.0	0.0	0.0	0.0	0.0	0.0
-19.254	0.0	0.0	0.0	0.0	0.0	0.0	0.0	0.0	0.0
-19.223	0.0	0.0	0.0	0.0	0.0	0.0	0.0	0.0	0.0
-19.192	0.0	0.0	0.0	0.0	0.0	0.0	0.0	0.0	0.0
-19.161	0.0	0.0	0.0	0.0	0.0	0.0	0.0	0.0	0.0
-19.130	0.0	0.0	0.0	0.0	0.0	0.0	0.0	0.0	0.0
-19.099	4.550166709999999e-15	2.2430556400000003e-16	2.121592e-16	1.8606970000000001e-16	0.0	0.0	0.0	0.0	0.0
-19.068	1.2967360100000002e-13	6.3940764e-15	6.048195e-15	5.304292e-15	0.0	0.0	0.0	0.0	0.0
-19.037	3.8311246e-12	1.8887351999999998e-13	1.7862930000000004e-13	1.5667559999999998e-13	0.0	0.0	0.0	0.0	0.0
-19.006	9.30694554e-11	4.5895831000000005e-12	4.340446999999999e-12	3.807356e-12	0.0	0.0	0.0	0.0	0.0
-18.974	1.86720945e-09	9.206746999999999e-11	8.708510000000001e-11	7.637769999999999e-11	0.0	0.0	0.0	0.0	0.0
-18.943	3.09408134e-08	1.5247873200000001e-09	1.442675e-09	1.2652800000000002e-09	0.0	0.0	0.0	0.0	0.0
-18.912	4.23234813e-07	2.0869878000000002e-08	1.973945e-08	1.731586e-08	0.0	0.0	0.0	0.0	0.0
-18.881	4.7822803200000005e-06	2.3583144899999998e-07	2.230985e-07	1.956055e-07	0.0	0.0	0.0	0.0	0.0
-18.850	4.46406164e-05	2.2012366300000003e-06	2.082236e-06	1.8258039999999996e-06	0.0	0.0	0.0	0.0	0.0
-18.819	0.000344300176	1.69735063e-05	1.605647e-05	1.408034e-05	0.0	0.0	0.0	0.0	0.0
-18.788	0.00219272851	0.00010811440800000001	0.00010226920000000002	8.969383999999999e-05	0.0	0.0	0.0	0.0	0.0
-18.757	0.01154207657	0.00056904395	0.0005382467000000001	0.00047209849999999996	0.0	0.0	0.0	0.0	0.0
-18.726	0.05019394270000001	0.0024753307099999997	0.002340846	0.002053069	0.0	0.0	0.0	0.0	0.0
-18.694	0.180408574	0.008894205099999998	0.008413269999999999	0.007378630000000001	0.0	0.0	0.0	0.0	0.0
-18.663	0.535721401	0.026412392	0.02498689	0.021911919999999994	0.0	0.0	0.0	0.0	0.0
-18.632	1.31513709	0.064841593	0.06133773000000001	0.05378977	0.0	0.0	0.0	0.0	0.0
-18.601	2.6680564199999997	0.131554877	0.124434	0.10913687	0.0	0.0	0.0	0.0	0.0
-18.570	4.4732622200000005	0.220586142	0.20866800000000002	0.183017	0.0	0.0	0.0	0.0	0.0
-18.539	6.200763490000001	0.30579357	0.2892416	0.2536306	0.0	0.0	0.0	0.0	0.0
-18.508	7.1040164400000005	0.35030531	0.33134270000000005	0.2906051	0.0	0.0	0.0	0.0	0.0
-18.477	6.7269944000000015	0.33175875	0.3137681	0.2751594	0.0	0.0	0.0	0.0	0.0
-18.446	5.2661087	0.259675183	0.24564429999999998	0.2154309	0.0	0.0	0.0	0.0	0.0
-18.414	3.406699690000001	0.168027878	0.1589063	0.13937460000000002	0.0	0.0	0.0	0.0	0.0
-18.383	1.8222768100000002	0.08985180599999999	0.08499270000000002	0.07453114999999999	0.0	0.0	0.0	0.0	0.0
-18.352	0.8054672159999999	0.039715202	0.03756863	0.03294121	0.0	0.0	0.0	0.0	0.0
-18.321	0.294267246	0.0145055999	0.01372365	0.012036228000000001	0.0	0.0	0.0	0.0	0.0
-18.290	0.0888352073	0.0043800556	0.004143477	0.003633469	0.0	0.0	0.0	0.0	0.0
-18.259	0.022164299	0.00109284002	0.001033703	0.0009066434999999999	0.0	0.0	0.0	0.0	0.0
-18.228	0.00456956786	0.00022527951999999998	0.0002130673	0.00018695189999999996	0.0	0.0	0.0	0.0	0.0
-18.197	0.0007784056249999999	3.8375143e-05	3.630588e-05	3.1835e-05	0.0	0.0	0.0	0.0	0.0
-18.166	0.0001095454209	5.4009568e-06	5.1089139999999994e-06	4.480479e-06	0.0	0.0	0.0	0.0	0.0
-18.134	1.27357466e-05	6.279931500000001e-07	5.940141000000002e-07	5.209263e-07	0.0	0.0	0.0	0.0	0.0
-18.103	1.2231917060000002e-06	6.0314736e-08	5.705331e-08	5.003142e-08	0.0	0.0	0.0	0.0	0.0
-18.072	9.70346883e-08	4.7839782000000005e-09	4.525412999999999e-09	3.969505e-09	0.0	0.0	0.0	0.0	0.0
-18.041	6.35677261e-09	3.1348904e-10	2.964666e-10	2.600026e-10	0.0	0.0	0.0	0.0	0.0
-18.010	3.44010164e-10	1.69583638e-11	1.604165e-11	1.406763e-11	0.0	0.0	0.0	0.0	0.0
-17.979	1.53695009e-11	7.5778855e-13	7.168400000000001e-13	6.286521000000002e-13	0.0	0.0	0.0	0.0	0.0
-17.948	5.642130730000001e-13	2.7823063000000002e-14	2.631077e-14	2.3076649999999998e-14	0.0	0.0	0.0	0.0	0.0
-17.917	1.82015668e-14	8.973838200000001e-16	8.48799e-16	7.444058000000001e-16	0.0	0.0	0.0	0.0	0.0
-17.886	0.0	0.0	0.0	0.0	0.0	0.0	0.0	0.0	0.0
-17.855	0.0	0.0	0.0	0.0	0.0	0.0	0.0	0.0	0.0
-17.823	0.0	0.0	0.0	0.0	0.0	0.0	0.0	0.0	0.0
-17.792	0.0	0.0	0.0	0.0	0.0	0.0	0.0	0.0	0.0
-17.761	0.0	0.0	0.0	0.0	0.0	0.0	0.0	0.0	0.0
-17.730	0.0	0.0	0.0	0.0	0.0	0.0	0.0	0.0	0.0
-17.699	0.0	0.0	0.0	0.0	0.0	0.0	0.0	0.0	0.0
-17.668	0.0	0.0	0.0	0.0	0.0	0.0	0.0	0.0	0.0
-17.637	0.0	0.0	0.0	0.0	0.0	0.0	0.0	0.0	0.0
-17.606	0.0	0.0	0.0	0.0	0.0	0.0	0.0	0.0	0.0
-17.575	0.0	0.0	0.0	0.0	0.0	0.0	0.0	0.0	0.0
-17.543	0.0	0.0	0.0	0.0	0.0	0.0	0.0	0.0	0.0
-17.512	0.0	0.0	0.0	0.0	0.0	0.0	0.0	0.0	0.0
-17.481	0.0	0.0	0.0	0.0	0.0	0.0	0.0	0.0	0.0
-17.450	0.0	0.0	0.0	0.0	0.0	0.0	0.0	0.0	0.0
-17.419	0.0	0.0	0.0	0.0	0.0	0.0	0.0	0.0	0.0
-17.388	0.0	0.0	0.0	0.0	0.0	0.0	0.0	0.0	0.0
-17.357	0.0	0.0	0.0	0.0	0.0	0.0	0.0	0.0	0.0
-17.326	0.0	0.0	0.0	0.0	0.0	0.0	0.0	0.0	0.0
-17.295	0.0	0.0	0.0	0.0	0.0	0.0	0.0	0.0	0.0
-17.263	0.0	0.0	0.0	0.0	0.0	0.0	0.0	0.0	0.0
-17.232	0.0	0.0	0.0	0.0	0.0	0.0	0.0	0.0	0.0
-17.201	0.0	0.0	0.0	0.0	0.0	0.0	0.0	0.0	0.0
-17.170	0.0	0.0	0.0	0.0	0.0	0.0	0.0	0.0	0.0
-17.139	0.0	0.0	0.0	0.0	0.0	0.0	0.0	0.0	0.0
-17.108	0.0	0.0	0.0	0.0	0.0	0.0	0.0	0.0	0.0
-17.077	0.0	0.0	0.0	0.0	0.0	0.0	0.0	0.0	0.0
-17.046	0.0	0.0	0.0	0.0	0.0	0.0	0.0	0.0	0.0
-17.015	0.0	0.0	0.0	0.0	0.0	0.0	0.0	0.0	0.0
-16.983	0.0	0.0	0.0	0.0	0.0	0.0	0.0	0.0	0.0
-16.952	0.0	0.0	0.0	0.0	0.0	0.0	0.0	0.0	0.0
-16.921	0.0	0.0	0.0	0.0	0.0	0.0	0.0	0.0	0.0
-16.890	0.0	0.0	0.0	0.0	0.0	0.0	0.0	0.0	0.0
-16.859	0.0	0.0	0.0	0.0	0.0	0.0	0.0	0.0	0.0
-16.828	0.0	0.0	0.0	0.0	0.0	0.0	0.0	0.0	0.0
-16.797	0.0	0.0	0.0	0.0	0.0	0.0	0.0	0.0	0.0
-16.766	0.0	0.0	0.0	0.0	0.0	0.0	0.0	0.0	0.0
-16.735	0.0	0.0	0.0	0.0	0.0	0.0	0.0	0.0	0.0
-16.703	0.0	0.0	0.0	0.0	0.0	0.0	0.0	0.0	0.0
-16.672	0.0	0.0	0.0	0.0	0.0	0.0	0.0	0.0	0.0
-16.641	0.0	0.0	0.0	0.0	0.0	0.0	0.0	0.0	0.0
-16.610	0.0	0.0	0.0	0.0	0.0	0.0	0.0	0.0	0.0
-16.579	0.0	0.0	0.0	0.0	0.0	0.0	0.0	0.0	0.0
-16.548	0.0	0.0	0.0	0.0	0.0	0.0	0.0	0.0	0.0
-16.517	0.0	0.0	0.0	0.0	0.0	0.0	0.0	0.0	0.0
-16.486	0.0	0.0	0.0	0.0	0.0	0.0	0.0	0.0	0.0
-16.455	0.0	0.0	0.0	0.0	0.0	0.0	0.0	0.0	0.0
-16.424	0.0	0.0	0.0	0.0	0.0	0.0	0.0	0.0	0.0
-16.392	0.0	0.0	0.0	0.0	0.0	0.0	0.0	0.0	0.0
-16.361	0.0	0.0	0.0	0.0	0.0	0.0	0.0	0.0	0.0
-16.330	0.0	0.0	0.0	0.0	0.0	0.0	0.0	0.0	0.0
-16.299	0.0	0.0	0.0	0.0	0.0	0.0	0.0	0.0	0.0
-16.268	0.0	0.0	0.0	0.0	0.0	0.0	0.0	0.0	0.0
-16.237	0.0	0.0	0.0	0.0	0.0	0.0	0.0	0.0	0.0
-16.206	0.0	0.0	0.0	0.0	0.0	0.0	0.0	0.0	0.0
-16.175	0.0	0.0	0.0	0.0	0.0	0.0	0.0	0.0	0.0
-16.144	0.0	0.0	0.0	0.0	0.0	0.0	0.0	0.0	0.0
-16.112	0.0	0.0	0.0	0.0	0.0	0.0	0.0	0.0	0.0
-16.081	0.0	0.0	0.0	0.0	0.0	0.0	0.0	0.0	0.0
-16.050	0.0	0.0	0.0	0.0	0.0	0.0	0.0	0.0	0.0
-16.019	0.0	0.0	0.0	0.0	0.0	0.0	0.0	0.0	0.0
-15.988	0.0	0.0	0.0	0.0	0.0	0.0	0.0	0.0	0.0
-15.957	0.0	0.0	0.0	0.0	0.0	0.0	0.0	0.0	0.0
-15.926	0.0	0.0	0.0	0.0	0.0	0.0	0.0	0.0	0.0
-15.895	0.0	0.0	0.0	0.0	0.0	0.0	0.0	0.0	0.0
-15.864	0.0	0.0	0.0	0.0	0.0	0.0	0.0	0.0	0.0
-15.832	0.0	0.0	0.0	0.0	0.0	0.0	0.0	0.0	0.0
-15.801	0.0	0.0	0.0	0.0	0.0	0.0	0.0	0.0	0.0
-15.770	0.0	0.0	0.0	0.0	0.0	0.0	0.0	0.0	0.0
-15.739	0.0	0.0	0.0	0.0	0.0	0.0	0.0	0.0	0.0
-15.708	0.0	0.0	0.0	0.0	0.0	0.0	0.0	0.0	0.0
-15.677	0.0	0.0	0.0	0.0	0.0	0.0	0.0	0.0	0.0
-15.646	0.0	0.0	0.0	0.0	0.0	0.0	0.0	0.0	0.0
-15.615	0.0	0.0	0.0	0.0	0.0	0.0	0.0	0.0	0.0
-15.584	0.0	0.0	0.0	0.0	0.0	0.0	0.0	0.0	0.0
-15.552	0.0	0.0	0.0	0.0	0.0	0.0	0.0	0.0	0.0
-15.521	0.0	0.0	0.0	0.0	0.0	0.0	0.0	0.0	0.0
-15.490	0.0	0.0	0.0	0.0	0.0	0.0	0.0	0.0	0.0
-15.459	0.0	0.0	0.0	0.0	0.0	0.0	0.0	0.0	0.0
-15.428	0.0	0.0	0.0	0.0	0.0	0.0	0.0	0.0	0.0
-15.397	0.0	0.0	0.0	0.0	0.0	0.0	0.0	0.0	0.0
-15.366	0.0	0.0	0.0	0.0	0.0	0.0	0.0	0.0	0.0
-15.335	0.0	0.0	0.0	0.0	0.0	0.0	0.0	0.0	0.0
-15.304	0.0	0.0	0.0	0.0	0.0	0.0	0.0	0.0	0.0
-15.272	0.0	0.0	0.0	0.0	0.0	0.0	0.0	0.0	0.0
-15.241	0.0	0.0	0.0	0.0	0.0	0.0	0.0	0.0	0.0
-15.210	0.0	0.0	0.0	0.0	0.0	0.0	0.0	0.0	0.0
-15.179	0.0	0.0	0.0	0.0	0.0	0.0	0.0	0.0	0.0
-15.148	0.0	0.0	0.0	0.0	0.0	0.0	0.0	0.0	0.0
-15.117	0.0	0.0	0.0	0.0	0.0	0.0	0.0	0.0	0.0
-15.086	0.0	0.0	0.0	0.0	0.0	0.0	0.0	0.0	0.0
-15.055	0.0	0.0	0.0	0.0	0.0	0.0	0.0	0.0	0.0
-15.024	0.0	0.0	0.0	0.0	0.0	0.0	0.0	0.0	0.0
-14.993	0.0	0.0	0.0	0.0	0.0	0.0	0.0	0.0	0.0
-14.961	0.0	0.0	0.0	0.0	0.0	0.0	0.0	0.0	0.0
-14.930	0.0	0.0	0.0	0.0	0.0	0.0	0.0	0.0	0.0
-14.899	0.0	0.0	0.0	0.0	0.0	0.0	0.0	0.0	0.0
-14.868	0.0	0.0	0.0	0.0	0.0	0.0	0.0	0.0	0.0
-14.837	0.0	0.0	0.0	0.0	0.0	0.0	0.0	0.0	0.0
-14.806	0.0	0.0	0.0	0.0	0.0	0.0	0.0	0.0	0.0
-14.775	0.0	0.0	0.0	0.0	0.0	0.0	0.0	0.0	0.0
-14.744	0.0	0.0	0.0	0.0	0.0	0.0	0.0	0.0	0.0
-14.713	0.0	0.0	0.0	0.0	0.0	0.0	0.0	0.0	0.0
-14.681	0.0	0.0	0.0	0.0	0.0	0.0	0.0	0.0	0.0
-14.650	0.0	0.0	0.0	0.0	0.0	0.0	0.0	0.0	0.0
-14.619	0.0	0.0	0.0	0.0	0.0	0.0	0.0	0.0	0.0
-14.588	0.0	0.0	0.0	0.0	0.0	0.0	0.0	0.0	0.0
-14.557	0.0	0.0	0.0	0.0	0.0	0.0	0.0	0.0	0.0
-14.526	0.0	0.0	0.0	0.0	0.0	0.0	0.0	0.0	0.0
-14.495	0.0	0.0	0.0	0.0	0.0	0.0	0.0	0.0	0.0
-14.464	0.0	0.0	0.0	0.0	0.0	0.0	0.0	0.0	0.0
-14.433	0.0	0.0	0.0	0.0	0.0	0.0	0.0	0.0	0.0
-14.401	0.0	0.0	0.0	0.0	0.0	0.0	0.0	0.0	0.0
-14.370	0.0	0.0	0.0	0.0	0.0	0.0	0.0	0.0	0.0
-14.339	0.0	0.0	0.0	0.0	0.0	0.0	0.0	0.0	0.0
-14.308	0.0	0.0	0.0	0.0	0.0	0.0	0.0	0.0	0.0
-14.277	0.0	0.0	0.0	0.0	0.0	0.0	0.0	0.0	0.0
-14.246	0.0	0.0	0.0	0.0	0.0	0.0	0.0	0.0	0.0
-14.215	9.650799999999998e-15	2.2659527656999996e-15	1.1343142999999997e-15	2.28368707e-15	0.0	0.0	0.0	0.0	0.0
-14.184	2.8955000000000006e-13	6.796852297e-14	3.402873929e-14	6.851251200000002e-14	0.0	0.0	0.0	0.0	0.0
-14.153	8.029800000000001e-12	1.8852426370999997e-12	9.4384732e-13	1.90004951e-12	0.0	0.0	0.0	0.0	0.0
-14.121	1.82988e-10	4.295011452e-11	2.150645185e-11	4.33012769e-11	0.0	0.0	0.0	0.0	0.0
-14.090	3.4433e-09	8.083642732e-10	4.0483344500000003e-10	8.148647e-10	0.0	0.0	0.0	0.0	0.0
-14.059	5.3516e-08	1.2563424246e-08	6.290115399999999e-09	1.26643554e-08	0.0	0.0	0.0	0.0	0.0
-14.028	6.868999999999999e-07	1.612500545e-07	8.073587439999999e-08	1.6253845300000002e-07	0.0	0.0	0.0	0.0	0.0
-13.997	7.2825e-06	1.7093885778e-06	8.55937802e-07	1.72307895e-06	0.0	0.0	0.0	0.0	0.0
-13.966	6.3773e-05	1.4969505059999997e-05	7.49534111e-06	1.50907985e-05	0.0	0.0	0.0	0.0	0.0
-13.935	0.00046136	0.0001083013366	5.42215084e-05	0.00010916911099999999	0.0	0.0	0.0	0.0	0.0
-13.904	0.0027580999999999994	0.0006472182188000001	0.000324093367	0.000652492447	0.0	0.0	0.0	0.0	0.0
-13.873	0.013617499999999998	0.00319682308	0.001600418599	0.00322175365	0.0	0.0	0.0	0.0	0.0
-13.841	0.05556399999999999	0.013043544409000001	0.0065303804799999995	0.0131487294	0.0	0.0	0.0	0.0	0.0
-13.810	0.18739400000000003	0.043987224869999994	0.022020204319999997	0.04433913200000001	0.0	0.0	0.0	0.0	0.0
-13.779	0.52227	0.12259074142999998	0.0613796577	0.12356969899999999	0.0	0.0	0.0	0.0	0.0
-13.748	1.20289	0.28232909543	0.14136868600000002	0.28463882100000004	0.0	0.0	0.0	0.0	0.0
-13.717	2.2899	0.5375142817000002	0.26912282150000005	0.5418771450000001	0.0	0.0	0.0	0.0	0.0
-13.686	3.6036	0.8458412859000001	0.423450618	0.8526384400000001	0.0	0.0	0.0	0.0	0.0
-13.655	4.6861999999999995	1.1000953718	0.550792619	1.10885136	0.0	0.0	0.0	0.0	0.0
-13.624	5.038	1.1827003996999998	0.5921072260000001	1.19217526	0.0	0.0	0.0	0.0	0.0
-13.593	4.477	1.0510263551999999	0.526225079	1.0594020400000002	0.0	0.0	0.0	0.0	0.0
-13.562	3.2885999999999997	0.7719562609	0.38645429400000003	0.77815457	0.0	0.0	0.0	0.0	0.0
-13.530	1.9966899999999999	0.4686497584	0.234643654	0.47242334100000005	0.0	0.0	0.0	0.0	0.0
-13.499	1.00201	0.23522867949999998	0.11776050219999998	0.23711353300000002	0.0	0.0	0.0	0.0	0.0
-13.468	0.41557	0.09755903297	0.048845370199999995	0.098330064	0.0	0.0	0.0	0.0	0.0
-13.437	0.142457	0.0334414913	0.01674331238	0.0337091881	0.0	0.0	0.0	0.0	0.0
-13.406	0.040357000000000004	0.009473113201999998	0.00474246812	0.0095486963	0.0	0.0	0.0	0.0	0.0
-13.375	0.0094476	0.0022173337496	0.0011104107920000001	0.00223577037	0.0	0.0	0.0	0.0	0.0
-13.344	0.0018273199999999997	0.00042900214499999996	0.0002147905978	0.000432439961	0.0	0.0	0.0	0.0	0.0
-13.313	0.00029205	6.856482317e-05	3.433615813e-05	6.911907099999999e-05	0.0	0.0	0.0	0.0	0.0
-13.282	3.8568999999999996e-05	9.052923059999998e-06	4.53205493e-06	9.1255151e-06	0.0	0.0	0.0	0.0	0.0
-13.250	4.2068e-06	9.875253338000001e-07	4.94408079e-07	9.954197100000002e-07	0.0	0.0	0.0	0.0	0.0
-13.219	3.79e-07	8.897723007000001e-08	4.4548300099999994e-08	8.969255900000001e-08	0.0	0.0	0.0	0.0	0.0
-13.188	2.8208000000000004e-08	6.621322238e-09	3.3158083810000003e-09	6.6753016400000006e-09	0.0	0.0	0.0	0.0	0.0
-13.157	1.7337e-09	4.0692423750000003e-10	2.037511065e-10	4.1017973899999996e-10	0.0	0.0	0.0	0.0	0.0
-13.126	8.7981e-11	2.0650626981000002e-11	1.034071996e-11	2.08170714e-11	0.0	0.0	0.0	0.0	0.0
-13.095	3.6865e-12	8.655192925e-13	4.3325923599999997e-13	8.7244373e-13	0.0	0.0	0.0	0.0	0.0
-13.064	1.2867800000000002e-13	3.020869021e-14	1.5123970699999998e-14	3.04457309e-14	0.0	0.0	0.0	0.0	0.0
-13.033	3.2167999999999997e-15	7.551312552000001e-16	3.7816677000000003e-16	7.612537199999999e-16	0.0	0.0	0.0	0.0	0.0
-13.002	0.0	0.0	0.0	0.0	0.0	0.0	0.0	0.0	0.0
-12.970	0.0	0.0	0.0	0.0	0.0	0.0	0.0	0.0	0.0
-12.939	0.0	0.0	0.0	0.0	0.0	0.0	0.0	0.0	0.0
-12.908	0.0	0.0	0.0	0.0	0.0	0.0	0.0	0.0	0.0
-12.877	0.0	0.0	0.0	0.0	0.0	0.0	0.0	0.0	0.0
-12.846	0.0	0.0	0.0	0.0	0.0	0.0	0.0	0.0	0.0
-12.815	0.0	0.0	0.0	0.0	0.0	0.0	0.0	0.0	0.0
-12.784	0.0	0.0	0.0	0.0	0.0	0.0	0.0	0.0	0.0
-12.753	0.0	0.0	0.0	0.0	0.0	0.0	0.0	0.0	0.0
-12.722	0.0	0.0	0.0	0.0	0.0	0.0	0.0	0.0	0.0
-12.690	0.0	0.0	0.0	0.0	0.0	0.0	0.0	0.0	0.0
-12.659	0.0	0.0	0.0	0.0	0.0	0.0	0.0	0.0	0.0
-12.628	0.0	0.0	0.0	0.0	0.0	0.0	0.0	0.0	0.0
-12.597	0.0	0.0	0.0	0.0	0.0	0.0	0.0	0.0	0.0
-12.566	0.0	0.0	0.0	0.0	0.0	0.0	0.0	0.0	0.0
-12.535	0.0	0.0	0.0	0.0	0.0	0.0	0.0	0.0	0.0
-12.504	0.0	0.0	0.0	0.0	0.0	0.0	0.0	0.0	0.0
-12.473	0.0	0.0	0.0	0.0	0.0	0.0	0.0	0.0	0.0
-12.442	0.0	0.0	0.0	0.0	0.0	0.0	0.0	0.0	0.0
-12.410	0.0	0.0	0.0	0.0	0.0	0.0	0.0	0.0	0.0
-12.379	0.0	0.0	0.0	0.0	0.0	0.0	0.0	0.0	0.0
-12.348	0.0	0.0	0.0	0.0	0.0	0.0	0.0	0.0	0.0
-12.317	0.0	0.0	0.0	0.0	0.0	0.0	0.0	0.0	0.0
-12.286	7.091088648199999e-16	2.9607179999999997e-16	9.402738899999999e-16	2.049361255e-16	0.0	0.0	0.0	0.0	0.0
-12.255	1.5601195025e-14	6.514420000000001e-15	2.0686827600000005e-14	4.5080399600000006e-15	0.0	0.0	0.0	0.0	0.0
-12.224	4.942061781299999e-13	2.063622e-13	6.553248300000001e-13	1.428429057e-13	0.0	0.0	0.0	0.0	0.0
-12.193	1.2641631685e-11	5.279640000000001e-12	1.6762414e-11	3.65443556e-12	0.0	0.0	0.0	0.0	0.0
-12.162	2.6690588493999997e-10	1.1144910000000001e-10	3.5386987999999997e-10	7.71651487e-11	0.0	0.0	0.0	0.0	0.0
-12.131	4.653430902000001e-09	1.943523e-09	6.168855000000001e-09	1.345565978e-09	0.0	0.0	0.0	0.0	0.0
-12.099	6.699992948e-08	2.799173e-08	8.881114599999999e-08	1.93847258e-08	0.0	0.0	0.0	0.0	0.0
-12.068	7.968931350000001e-07	3.3305439999999995e-07	1.0562140399999998e-06	2.30743478e-07	0.0	0.0	0.0	0.0	0.0
-12.037	7.828143835999999e-06	3.274811e-06	1.0376077499999999e-05	2.2701706399999997e-06	0.0	0.0	0.0	0.0	0.0
-12.006	6.356262869999999e-05	2.6618e-05	8.420533199999999e-05	1.84746706e-05	0.0	0.0	0.0	0.0	0.0
-11.975	0.000426379926	0.00017900599999999997	0.0005647308399999999	0.000124465179	0.0	0.0	0.0	0.0	0.0
-11.944	0.00236527737	0.000996608	0.0031302467	0.0006952376700000001	0.0	0.0	0.0	0.0	0.0
-11.913	0.0108545658	0.004603514	0.014344422500000002	0.003227058	0.0	0.0	0.0	0.0	0.0
-11.882	0.041241653899999994	0.017673490000000004	0.054384921999999995	0.012495003999999999	0.0	0.0	0.0	0.0	0.0
-11.851	0.12992512399999998	0.0566461	0.17071944800000002	0.04060598	0.0	0.0	0.0	0.0	0.0
-11.819	0.34016469	0.1524991	0.44416758000000006	0.11164135000000001	0.0	0.0	0.0	0.0	0.0
-11.788	0.7426424500000001	0.3479048	0.96030157	0.26278559999999995	0.0	0.0	0.0	0.0	0.0
-11.757	1.3599358000000001	0.680623	1.7303095	0.5366937999999999	0.0	0.0	0.0	0.0	0.0
-11.726	2.1060443	1.1576060000000001	2.6121388	0.9628710000000001	0.0	0.0	0.0	0.0	0.0
-11.695	2.7904217	1.7322909999999998	3.3305108000000003	1.5289399999999997	0.0	0.0	0.0	0.0	0.0
-11.664	3.211461	2.2989889999999997	3.6255569999999997	2.1498399999999998	0.0	0.0	0.0	0.0	0.0
-11.633	3.272147	2.7110909999999997	3.41723	2.6655029999999997	0.0	0.0	0.0	0.0	0.0
-11.602	3.0332440000000003	2.849941	2.836156	2.9160310000000003	0.0	0.0	0.0	0.0	0.0
-11.571	2.68779	2.719621	2.115394	2.872067	0.0	0.0	0.0	0.0	0.0
-11.539	2.4751999999999996	2.483856	1.463867	2.692119	0.0	0.0	0.0	0.0	0.0
-11.508	2.54006	2.3433140000000003	1.000292	2.595101	0.0	0.0	0.0	0.0	0.0
-11.477	2.804299	2.351196	0.734181	2.6425940000000003	0.0	0.0	0.0	0.0	0.0
-11.446	2.987768	2.358103	0.5940611000000001	2.6695360000000004	0.0	0.0	0.0	0.0	0.0
-11.415	2.820283	2.1636531999999997	0.4895417	2.4569580999999996	0.0	0.0	0.0	0.0	0.0
-11.384	2.2615690000000006	1.7144054	0.3711863	1.9497316	0.0	0.0	0.0	0.0	0.0
-11.353	1.5145030999999998	1.1429581	0.24322815	1.30028356	0.0	0.0	0.0	0.0	0.0
-11.322	0.8414133000000001	0.6338626	0.13407732	0.7213822620000001	0.0	0.0	0.0	0.0	0.0
-11.291	0.38704560000000005	0.29135148	0.06148128	0.331510009	0.0	0.0	0.0	0.0	0.0
-11.259	0.14714852	0.11076726	0.023347383	0.12604476639999998	0.0	0.0	0.0	0.0	0.0
-11.228	0.04625546999999999	0.034815319000000004	0.0073372739	0.03962621485000001	0.0	0.0	0.0	0.0	0.0
-11.197	0.012018499000000002	0.009044313	0.0019059321	0.01029182847	0.0	0.0	0.0	0.0	0.0
-11.166	0.002579957	0.0019415664	0.00040914958000000005	0.0022091893559999997	0.0	0.0	0.0	0.0	0.0
-11.135	0.0004576524	0.00034442844999999997	7.256954700000001e-05	0.00039187305600000004	0.0	0.0	0.0	0.0	0.0
-11.104	6.706946e-05	5.0482498000000004e-05	1.0636583999999999e-05	5.74515999e-05	0.0	0.0	0.0	0.0	0.0
-11.073	8.119944e-06	6.1128455999999996e-06	1.2877989e-06	6.95457426e-06	0.0	0.0	0.0	0.0	0.0
-11.042	8.121254999999999e-07	6.112867699999999e-07	1.2879589e-07	6.95572425e-07	0.0	0.0	0.0	0.0	0.0
-11.011	6.708538e-08	5.0502830000000004e-08	1.0640187000000001e-08	5.7466419400000005e-08	0.0	0.0	0.0	0.0	0.0
-10.979	4.578104e-09	3.4449006999999998e-09	7.259254900000001e-10	3.9209744640000006e-09	0.0	0.0	0.0	0.0	0.0
-10.948	2.579526e-10	1.9413421000000002e-10	4.0902717e-11	2.208965206e-10	0.0	0.0	0.0	0.0	0.0
-10.917	1.1999454000000002e-11	9.030875700000002e-12	1.9030459e-12	1.0277316569999999e-11	0.0	0.0	0.0	0.0	0.0
-10.886	4.628972999999999e-13	3.4836239e-13	7.341235599999999e-14	3.965017548e-13	0.0	0.0	0.0	0.0	0.0
-10.855	1.6908067e-14	1.1379579000000003e-14	3.811201e-15	1.2727231200000003e-14	0.0	0.0	0.0	0.0	0.0
-10.824	8.7920081728e-14	1.7717686000000002e-14	5.4629062170000006e-14	1.2155680000000002e-14	0.0	0.0	0.0	0.0	0.0
-10.793	2.5373023589099996e-12	5.113687300000001e-13	1.5766197284e-12	3.5078069999999995e-13	0.0	0.0	0.0	0.0	0.0
-10.762	6.091005662309999e-11	1.2274825999999999e-11	3.784640729e-11	8.421404e-12	0.0	0.0	0.0	0.0	0.0
-10.731	1.2071011219800002e-09	2.4325158999999996e-10	7.499990416000001e-10	1.6688108e-10	0.0	0.0	0.0	0.0	0.0
-10.700	1.9752018362e-08	3.9803208e-09	1.2273169227e-08	2.7308766999999998e-09	0.0	0.0	0.0	0.0	0.0
-10.668	2.66940248137e-07	5.379388e-08	1.6587306767e-07	3.690197e-08	0.0	0.0	0.0	0.0	0.0
-10.637	2.97970276962e-06	6.005088e-07	1.85157249e-06	4.1200659999999994e-07	0.0	0.0	0.0	0.0	0.0
-10.606	2.74740255433e-05	5.537138e-06	1.707118405e-05	3.798493e-06	0.0	0.0	0.0	0.0	0.0
-10.575	0.00020926019452600003	4.216570000000001e-05	0.00013003236657000003	2.8933416e-05	0.0	0.0	0.0	0.0	0.0
-10.544	0.0013168012241699999	0.00026539531999999994	0.0008182515817999999	0.00018207558	0.0	0.0	0.0	0.0	0.0
-10.513	0.00684600636448	0.0013797647000000001	0.004254106505	0.0009465735999999999	0.0	0.0	0.0	0.0	0.0
-10.482	0.0294130273387	0.005926833	0.01827685676	0.004066949	0.0	0.0	0.0	0.0	0.0
-10.451	0.10442009707300001	0.021044201999999998	0.06488684821	0.014436818999999998	0.0	0.0	0.0	0.0	0.0
-10.420	0.306350284747	0.0617427	0.1903696121	0.0423505	0.0	0.0	0.0	0.0	0.0
-10.388	0.743000690606	0.14970811	0.4616029718	0.10271461	0.0	0.0	0.0	0.0	0.0
-10.357	1.48880138406	0.30002794	0.9251645447	0.2058435	0.0	0.0	0.0	0.0	0.0
-10.326	2.46610229248	0.49694299	1.5324690022999998	0.34094710000000006	0.0	0.0	0.0	0.0	0.0
-10.295	3.3765031437099995	0.6805511000000001	2.0980993349999997	0.4669257	0.0	0.0	0.0	0.0	0.0
-10.264	3.82130361332	0.7701632	2.3742023979999995	0.5283734	0.0	0.0	0.0	0.0	0.0
-10.233	3.57480402509	0.720428	2.221156208	0.4942361	0.0	0.0	0.0	0.0	0.0
-10.202	2.76420926925	0.5570313999999998	1.717666014	0.3822863	0.0	0.0	0.0	0.0	0.0
-10.171	1.7668544152	0.35619908	1.0977575677999998	0.24445995000000004	0.0	0.0	0.0	0.0	0.0
-10.140	0.9337442441	0.18880970000000002	0.5800079806999999	0.13001327000000001	0.0	0.0	0.0	0.0	0.0
-10.108	0.41014616099999995	0.0859439	0.2532786073	0.06153519000000001	0.0	0.0	0.0	0.0	0.0
-10.077	0.1586289	0.046565499999999996	0.091580257	0.04336001000000001	0.0	0.0	0.0	0.0	0.0
-10.046	0.08628635000000001	0.07095810000000001	0.027964489999999998	0.09057477	0.0	0.0	0.0	0.0	0.0
-10.015	0.1394861	0.1906131	0.008856939999999999	0.25783940000000005	0.0	0.0	0.0	0.0	0.0
-9.984	0.3247309	0.47286602000000005	0.006731146999999999	0.6430288000000002	0.0	0.0	0.0	0.0	0.0
-9.953	0.6687329999999999	0.9789278650000001	0.011344668000000002	1.3317610000000002	0.0	0.0	0.0	0.0	0.0
-9.922	1.144889	1.676533071	0.019068343	2.2806947	0.0	0.0	0.0	0.0	0.0
-9.891	1.620599	2.3733356439999995	0.026950546000000002	3.2283220000000004	0.0	0.0	0.0	0.0	0.0
-9.860	1.896195	2.777005199	0.03153244	3.7775999999999996	0.0	0.0	0.0	0.0	0.0
-9.828	1.833907	2.6853720770000002	0.03050385	3.6531910000000005	0.0	0.0	0.0	0.0	0.0
-9.797	1.4663019999999998	2.146804425	0.024433699999999996	2.9211210000000003	0.0	0.0	0.0	0.0	0.0
-9.766	0.9697619999999999	1.4193773370000005	0.01644955	1.9308625999999998	0.0	0.0	0.0	0.0	0.0
-9.735	0.533856	0.7773846770000001	0.0106063	1.0566248000000003	0.0	0.0	0.0	0.0	0.0
-9.704	0.2593598	0.36045069	0.011969420000000001	0.48610809999999993	0.0	0.0	0.0	0.0	0.0
-9.673	0.16407370000000002	0.16924270000000002	0.030734450000000003	0.21460590000000002	0.0	0.0	0.0	0.0	0.0
-9.642	0.25403174	0.15719057000000003	0.08888677	0.16665248000000002	0.0	0.0	0.0	0.0	0.0
-9.611	0.5730329599999999	0.3024287399999999	0.22107138	0.29350961000000003	0.0	0.0	0.0	0.0	0.0
-9.580	1.17014079	0.60547941	0.45636292	0.5802558999999998	0.0	0.0	0.0	0.0	0.0
-9.548	1.9950838999999996	1.0301588400000001	0.7788467999999998	0.9858545999999999	0.0	0.0	0.0	0.0	0.0
-9.517	2.8141871800000002	1.45310488	1.0986392999999999	1.3898925000000002	0.0	0.0	0.0	0.0	0.0
-9.486	3.28191395	1.6946185200000001	1.2811207	1.6214394	0.0	0.0	0.0	0.0	0.0
-9.455	3.16305063	1.6332022899999998	1.234893	1.5621433	0.0	0.0	0.0	0.0	0.0
-9.424	2.52076983	1.30105497	0.9840061000000002	1.2449624	0.0	0.0	0.0	0.0	0.0
-9.393	1.659919075	0.8568683	0.6479814	0.8198558	0.0	0.0	0.0	0.0	0.0
-9.362	0.903526732	0.46639491000000005	0.3527545	0.44634320000000005	0.0	0.0	0.0	0.0	0.0
-9.331	0.40651642600000004	0.209820879	0.15869966	0.20079963	0.0	0.0	0.0	0.0	0.0
-9.300	0.1511608673	0.078033568	0.059009139999999995	0.07466802	0.0	0.0	0.0	0.0	0.0
-9.268	0.04645641569999999	0.0239831556	0.018134861999999998	0.022942139	0.0	0.0	0.0	0.0	0.0
-9.237	0.01179709064	0.0060897586	0.0046055736	0.005827398	0.0	0.0	0.0	0.0	0.0
-9.206	0.00247595579	0.0012779445100000002	0.0009664798	0.0012228805	0.0	0.0	0.0	0.0	0.0
-9.175	0.00042927574699999995	0.000221555033	0.00016758751999999998	0.00021205658	0.0	0.0	0.0	0.0	0.0
-9.144	6.14994809e-05	3.1748283600000005e-05	2.400813e-05	3.0372764999999996e-05	0.0	0.0	0.0	0.0	0.0
-9.113	7.278453979999999e-06	3.75717404e-06	2.8417611999999995e-06	3.5946105000000003e-06	0.0	0.0	0.0	0.0	0.0
-9.082	7.13406821e-07	3.69317692e-07	2.8441734e-07	3.528626e-07	0.0	0.0	0.0	0.0	0.0
-9.051	8.550612869999998e-08	5.895695000000001e-08	1.2009761e-07	4.8876680000000005e-08	0.0	0.0	0.0	0.0	0.0
-9.020	3.444867577e-07	3.5771669999999994e-07	1.1872180499999999e-06	2.5075579999999996e-07	0.0	0.0	0.0	0.0	0.0
-8.989	3.416136678309e-06	3.567112e-06	1.1890888399999999e-05	2.495685e-06	0.0	0.0	0.0	0.0	0.0
-8.957	2.829601747044e-05	2.954573e-05	9.849374099999999e-05	2.0673216e-05	0.0	0.0	0.0	0.0	0.0
-8.926	0.0001936300777056	0.00020216930000000003	0.0006739736699999999	0.00014144955000000003	0.0	0.0	0.0	0.0	0.0
-8.895	0.001094800438015	0.0011432766	0.0038110430700000002	0.0007997903000000001	0.0	0.0	0.0	0.0	0.0
-8.864	0.005114002045996001	0.005341124	0.0178063273	0.0037359369999999995	0.0	0.0	0.0	0.0	0.0
-8.833	0.019744007899900006	0.020621428000000004	0.06872560700000001	0.014423827999999998	0.0	0.0	0.0	0.0	0.0
-8.802	0.06299002520219	0.06577521000000001	0.219242291	0.046008690000000005	0.0	0.0	0.0	0.0	0.0
-8.771	0.16607006643809996	0.17337897	0.578041309	0.12131234	0.0	0.0	0.0	0.0	0.0
-8.740	0.36184014477840004	0.3778994	1.2595003900000001	0.2643469	0.0	0.0	0.0	0.0	0.0
-8.709	0.6517002607408001	0.6805316	2.2686809700000006	0.47610919999999995	0.0	0.0	0.0	0.0	0.0
-8.677	0.970200388107	1.0130641	3.3772994599999993	0.7086628999999999	0.0	0.0	0.0	0.0	0.0
-8.646	1.193800477688	1.2465707	4.15506432	0.8720727999999999	0.0	0.0	0.0	0.0	0.0
-8.615	1.214200485734	1.2678839	4.22679941	0.8869819999999999	0.0	0.0	0.0	0.0	0.0
-8.584	1.020800408463	1.066036	3.5533291500000006	0.7456691999999999	0.0	0.0	0.0	0.0	0.0
-8.553	0.7094002837864999	0.740776	2.46952563	0.5182366999999999	0.0	0.0	0.0	0.0	0.0
-8.522	0.4074701630707	0.4255278000000001	1.41790821	0.2976878	0.0	0.0	0.0	0.0	0.0
-8.491	0.1934400774014	0.20200553000000002	0.67338016	0.14131091	0.0	0.0	0.0	0.0	0.0
-8.460	0.07591003037369999	0.07926036999999998	0.264174026	0.05545044	0.0	0.0	0.0	0.0	0.0
-8.429	0.02461600984825	0.025708320000000003	0.08567445599999998	0.017982073	0.0	0.0	0.0	0.0	0.0
-8.397	0.006598002639360001	0.006888282	0.022963109900000004	0.004818589	0.0	0.0	0.0	0.0	0.0
-8.366	0.0014609005845050002	0.0015256068999999998	0.0050848394900000005	0.0010671648	0.0	0.0	0.0	0.0	0.0
-8.335	0.0002673201069614	0.0002791598	0.00093048078	0.00019529378	0.0	0.0	0.0	0.0	0.0
-8.304	4.041501617144e-05	4.220314e-05	0.000140663394	2.951987e-05	0.0	0.0	0.0	0.0	0.0
-8.273	5.04700201987e-06	5.2711039999999995e-06	1.75729328e-05	3.687252e-06	0.0	0.0	0.0	0.0	0.0
-8.242	5.209002083975e-07	5.438367000000001e-07	1.8128366300000001e-06	3.804362e-07	0.0	0.0	0.0	0.0	0.0
-8.211	4.438001775872e-08	4.6347270000000005e-08	1.54526484e-07	3.242089000000001e-08	0.0	0.0	0.0	0.0	0.0
-8.180	3.124301250132e-09	3.262174e-09	1.0874802700000001e-08	2.2823095000000004e-09	0.0	0.0	0.0	0.0	0.0
-8.149	1.816200726617e-10	1.896479e-10	6.321059330000001e-10	1.3266129999999999e-10	0.0	0.0	0.0	0.0	0.0
-8.117	8.71800348743e-12	9.103813000000002e-12	3.0349872399999995e-11	6.368375999999999e-12	0.0	0.0	0.0	0.0	0.0
-8.086	3.4541013819139997e-13	3.6064520000000004e-13	1.2022702199999998e-12	2.523518e-13	0.0	0.0	0.0	0.0	0.0
-8.055	1.180200472158e-14	1.2324889e-14	4.1078436e-14	8.621733000000001e-15	0.0	0.0	0.0	0.0	0.0
-8.024	0.0	0.0	0.0	0.0	0.0	0.0	0.0	0.0	0.0
-7.993	0.0	0.0	0.0	0.0	0.0	0.0	0.0	0.0	0.0
-7.962	0.0	0.0	0.0	0.0	0.0	0.0	0.0	0.0	0.0
-7.931	0.0	0.0	0.0	0.0	0.0	0.0	0.0	0.0	0.0
-7.900	0.0	0.0	0.0	0.0	0.0	0.0	0.0	0.0	0.0
-7.869	0.0	0.0	0.0	0.0	0.0	0.0	0.0	0.0	0.0
-7.837	0.0	0.0	0.0	0.0	0.0	0.0	0.0	0.0	0.0
-7.806	0.0	0.0	0.0	0.0	0.0	0.0	0.0	0.0	0.0
-7.775	0.0	0.0	0.0	0.0	0.0	0.0	0.0	0.0	0.0
-7.744	0.0	0.0	0.0	0.0	0.0	0.0	0.0	0.0	0.0
-7.713	0.0	0.0	0.0	0.0	0.0	0.0	0.0	0.0	0.0
-7.682	0.0	0.0	0.0	0.0	0.0	0.0	0.0	0.0	0.0
-7.651	0.0	0.0	0.0	0.0	0.0	0.0	0.0	0.0	0.0
-7.620	0.0	0.0	0.0	0.0	0.0	0.0	0.0	0.0	0.0
-7.589	0.0	0.0	0.0	0.0	0.0	0.0	0.0	0.0	0.0
-7.558	0.0	0.0	0.0	0.0	0.0	0.0	0.0	0.0	0.0
-7.526	0.0	0.0	0.0	0.0	0.0	0.0	0.0	0.0	0.0
-7.495	0.0	0.0	0.0	0.0	0.0	0.0	0.0	0.0	0.0
-7.464	0.0	0.0	0.0	0.0	0.0	0.0	0.0	0.0	0.0
-7.433	0.0	0.0	0.0	0.0	0.0	0.0	0.0	0.0	0.0
-7.402	0.0	0.0	0.0	0.0	0.0	0.0	0.0	0.0	0.0
-7.371	0.0	0.0	0.0	0.0	0.0	0.0	0.0	0.0	0.0
-7.340	0.0	0.0	0.0	0.0	0.0	0.0	0.0	0.0	0.0
-7.309	0.0	0.0	0.0	0.0	0.0	0.0	0.0	0.0	0.0
-7.278	0.0	0.0	0.0	0.0	0.0	0.0	0.0	0.0	0.0
-7.246	0.0	0.0	0.0	0.0	0.0	0.0	0.0	0.0	0.0
-7.215	0.0	0.0	0.0	0.0	0.0	0.0	0.0	0.0	0.0
-7.184	0.0	0.0	0.0	0.0	0.0	0.0	0.0	0.0	0.0
-7.153	0.0	0.0	0.0	0.0	0.0	0.0	0.0	0.0	0.0
-7.122	0.0	0.0	0.0	0.0	0.0	0.0	0.0	0.0	0.0
-7.091	0.0	0.0	0.0	0.0	0.0	0.0	0.0	0.0	0.0
-7.060	0.0	0.0	0.0	0.0	0.0	0.0	0.0	0.0	0.0
-7.029	0.0	0.0	0.0	0.0	0.0	0.0	0.0	0.0	0.0
-6.998	0.0	0.0	0.0	0.0	0.0	0.0	0.0	0.0	0.0
-6.966	0.0	0.0	0.0	0.0	0.0	0.0	0.0	0.0	0.0
-6.935	0.0	0.0	0.0	0.0	0.0	0.0	0.0	0.0	0.0
-6.904	0.0	0.0	0.0	0.0	0.0	0.0	0.0	0.0	0.0
-6.873	0.0	0.0	0.0	0.0	0.0	0.0	0.0	0.0	0.0
-6.842	0.0	0.0	0.0	0.0	0.0	0.0	0.0	0.0	0.0
-6.811	0.0	0.0	0.0	0.0	0.0	0.0	0.0	0.0	0.0
-6.780	0.0	0.0	0.0	0.0	0.0	0.0	0.0	0.0	0.0
-6.749	0.0	0.0	0.0	0.0	0.0	0.0	0.0	0.0	0.0
-6.718	0.0	0.0	0.0	0.0	0.0	0.0	0.0	0.0	0.0
-6.686	0.0	0.0	0.0	0.0	0.0	0.0	0.0	0.0	0.0
-6.655	0.0	0.0	0.0	0.0	0.0	0.0	0.0	0.0	0.0
-6.624	0.0	0.0	0.0	0.0	0.0	0.0	0.0	0.0	0.0
-6.593	0.0	0.0	0.0	0.0	0.0	0.0	0.0	0.0	0.0
-6.562	0.0	0.0	0.0	0.0	0.0	0.0	0.0	0.0	0.0
-6.531	0.0	0.0	0.0	0.0	0.0	0.0	0.0	0.0	0.0
-6.500	0.0	0.0	0.0	0.0	0.0	0.0	0.0	0.0	0.0
-6.469	0.0	0.0	0.0	0.0	0.0	0.0	0.0	0.0	0.0
-6.438	2.44282417e-16	1.84403993e-15	1.48722498e-15	1.44259193e-15	0.0	0.0	0.0	0.0	0.0
-6.406	1.03827282e-14	7.83503434e-14	6.318625499999999e-14	6.1318359e-14	0.0	0.0	0.0	0.0	0.0
-6.375	2.9838923000000005e-13	2.25214361e-12	1.8162425800000003e-12	1.7619473600000002e-12	0.0	0.0	0.0	0.0	0.0
-6.344	7.0927722e-12	5.35277388e-11	4.316939519999999e-11	4.18893897e-11	0.0	0.0	0.0	0.0	0.0
-6.313	1.39228439e-10	1.050868031e-09	8.4736267e-10	8.222474899999998e-10	0.0	0.0	0.0	0.0	0.0
-6.282	2.25686969e-09	1.70364015e-08	1.3733224000000002e-08	1.3329265299999998e-08	0.0	0.0	0.0	0.0	0.0
-6.251	3.0215252000000004e-08	2.28075039e-07	1.83899496e-07	1.78472376e-07	0.0	0.0	0.0	0.0	0.0
-6.220	3.3408901e-07	2.52130071e-06	2.0337021400000003e-06	1.9735667500000003e-06	0.0	0.0	0.0	0.0	0.0
-6.189	3.0515875999999996e-06	2.30294443e-05	1.8568730499999997e-05	1.8024508399999998e-05	0.0	0.0	0.0	0.0	0.0
-6.158	2.3025722400000002e-05	0.00017375937699999999	0.000140171989	0.000135978226	0.0	0.0	0.0	0.0	0.0
-6.127	0.00014353077399999997	0.0010833449360000004	0.00087360262	0.0008477394399999999	0.0	0.0	0.0	0.0	0.0
-6.095	0.00073928055	0.00557960521	0.00449981035	0.00436581294	0.0	0.0	0.0	0.0	0.0
-6.064	0.0031461148999999996	0.023744359800000003	0.019149110500000004	0.0185821688	0.0	0.0	0.0	0.0	0.0
-6.033	0.0110655114	0.083512027	0.06734445200000001	0.065350948	0.0	0.0	0.0	0.0	0.0
-6.002	0.032159804	0.24275021200000005	0.19576869400000002	0.189906961	0.0	0.0	0.0	0.0	0.0
-5.971	0.07724661399999999	0.583046679	0.470189959	0.456264962	0.0	0.0	0.0	0.0	0.0
-5.940	0.15337693899999996	1.157551804	0.9334722700000001	0.9057941899999999	0.0	0.0	0.0	0.0	0.0
-5.909	0.25166338899999996	1.89992439	1.5313456199999997	1.4861264800000002	0.0	0.0	0.0	0.0	0.0
-5.878	0.34133457	2.57594506	2.07773937	2.0158740600000002	0.0	0.0	0.0	0.0	0.0
-5.847	0.38272279	2.8888678299999997	2.3294724400000004	2.26027999	0.0	0.0	0.0	0.0	0.0
-5.815	0.35458461	2.6770814899999995	2.15845297	2.0945495300000005	0.0	0.0	0.0	0.0	0.0
-5.784	0.27168815	2.05074664	1.6536458699999999	1.6042912999999999	0.0	0.0	0.0	0.0	0.0
-5.753	0.17202469100000004	1.298267892	1.0469477500000002	1.0158730200000001	0.0	0.0	0.0	0.0	0.0
-5.722	0.09002400799999999	0.6794235970000001	0.5478848900000001	0.5316145800000001	0.0	0.0	0.0	0.0	0.0
-5.691	0.038935931	0.293956065	0.23699907999999997	0.229977034	0.0	0.0	0.0	0.0	0.0
-5.660	0.0139218337	0.105066793	0.08472523699999998	0.08222464799999998	0.0	0.0	0.0	0.0	0.0
-5.629	0.004112500199999999	0.031046377899999998	0.025030308899999996	0.024288182999999994	0.0	0.0	0.0	0.0	0.0
-5.598	0.0010041241699999999	0.0075789160200000006	0.006111922199999999	0.005930763	0.0	0.0	0.0	0.0	0.0
-5.567	0.00020257247100000003	0.0015295097480000001	0.00123307056	0.00119642861	0.0	0.0	0.0	0.0	0.0
-5.535	3.3769628999999995e-05	0.00025485653800000005	0.00020552192000000002	0.000199411389	0.0	0.0	0.0	0.0	0.0
-5.504	4.6506621e-06	3.51012805e-05	2.83086795e-05	2.74659613e-05	0.0	0.0	0.0	0.0	0.0
-5.473	5.2911419e-07	3.9935758e-06	3.22038753e-06	3.1243114499999997e-06	0.0	0.0	0.0	0.0	0.0
-5.442	4.972107099999999e-08	3.75311458e-07	3.02672256e-07	2.9366925899999997e-07	0.0	0.0	0.0	0.0	0.0
-5.411	3.8590704e-09	2.91252908e-08	2.3487079600000003e-08	2.27935043e-08	0.0	0.0	0.0	0.0	0.0
-5.380	2.4743326200000003e-10	1.86747308e-09	1.50624788e-09	1.46154724e-09	0.0	0.0	0.0	0.0	0.0
-5.349	1.3098719599999998e-11	9.88632638e-11	7.972351200000001e-11	7.735307899999998e-11	0.0	0.0	0.0	0.0	0.0
-5.318	5.7258757e-13	4.32126277e-12	3.4852991799999995e-12	3.3821529000000005e-12	0.0	0.0	0.0	0.0	0.0
-5.287	2.07630564e-14	1.567307889e-13	1.2639446e-13	1.22627718e-13	0.0	0.0	0.0	0.0	0.0
-5.255	4.8862503e-16	3.68710387e-15	2.9734608499999995e-15	2.88518386e-15	0.0	0.0	0.0	0.0	0.0
-5.224	0.0	0.0	0.0	0.0	0.0	0.0	0.0	0.0	0.0
-5.193	0.0	0.0	0.0	0.0	0.0	0.0	0.0	0.0	0.0
-5.162	0.0	0.0	0.0	0.0	0.0	0.0	0.0	0.0	0.0
-5.131	0.0	0.0	0.0	0.0	0.0	0.0	0.0	0.0	0.0
-5.100	0.0	0.0	0.0	0.0	0.0	0.0	0.0	0.0	0.0
-5.069	0.0	0.0	0.0	0.0	0.0	0.0	0.0	0.0	0.0
-5.038	0.0	0.0	0.0	0.0	0.0	0.0	0.0	0.0	0.0
-5.007	0.0	0.0	0.0	0.0	0.0	0.0	0.0	0.0	0.0
-4.975	0.0	0.0	0.0	0.0	0.0	0.0	0.0	0.0	0.0
-4.944	0.0	0.0	0.0	0.0	0.0	0.0	0.0	0.0	0.0
-4.913	0.0	0.0	0.0	0.0	0.0	0.0	0.0	0.0	0.0
-4.882	0.0	0.0	0.0	0.0	0.0	0.0	0.0	0.0	0.0
-4.851	0.0	0.0	0.0	0.0	0.0	0.0	0.0	0.0	0.0
-4.820	0.0	0.0	0.0	0.0	0.0	0.0	0.0	0.0	0.0
-4.789	0.0	0.0	0.0	0.0	0.0	0.0	0.0	0.0	0.0
-4.758	0.0	0.0	0.0	0.0	0.0	0.0	0.0	0.0	0.0
-4.727	0.0	0.0	0.0	0.0	0.0	0.0	0.0	0.0	0.0
-4.696	0.0	0.0	0.0	0.0	0.0	0.0	0.0	0.0	0.0
-4.664	0.0	0.0	0.0	0.0	0.0	0.0	0.0	0.0	0.0
-4.633	0.0	0.0	0.0	0.0	0.0	0.0	0.0	0.0	0.0
-4.602	0.0	0.0	0.0	0.0	0.0	0.0	0.0	0.0	0.0
-4.571	0.0	0.0	0.0	0.0	0.0	0.0	0.0	0.0	0.0
-4.540	0.0	0.0	0.0	0.0	0.0	0.0	0.0	0.0	0.0
-4.509	0.0	0.0	0.0	0.0	0.0	0.0	0.0	0.0	0.0
-4.478	0.0	0.0	0.0	0.0	0.0	0.0	0.0	0.0	0.0
-4.447	0.0	0.0	0.0	0.0	0.0	0.0	0.0	0.0	0.0
-4.416	0.0	0.0	0.0	0.0	0.0	0.0	0.0	0.0	0.0
-4.384	0.0	0.0	0.0	0.0	0.0	0.0	0.0	0.0	0.0
-4.353	0.0	0.0	0.0	0.0	0.0	0.0	0.0	0.0	0.0
-4.322	0.0	0.0	0.0	0.0	0.0	0.0	0.0	0.0	0.0
-4.291	0.0	0.0	0.0	0.0	0.0	0.0	0.0	0.0	0.0
-4.260	0.0	0.0	0.0	0.0	0.0	0.0	0.0	0.0	0.0
-4.229	0.0	0.0	0.0	0.0	0.0	0.0	0.0	0.0	0.0
-4.198	0.0	0.0	0.0	0.0	0.0	0.0	0.0	0.0	0.0
-4.167	0.0	0.0	0.0	0.0	0.0	0.0	0.0	0.0	0.0
-4.136	0.0	0.0	0.0	0.0	0.0	0.0	0.0	0.0	0.0
-4.104	0.0	0.0	0.0	0.0	0.0	0.0	0.0	0.0	0.0
-4.073	0.0	0.0	0.0	0.0	0.0	0.0	0.0	0.0	0.0
-4.042	0.0	0.0	0.0	0.0	0.0	0.0	0.0	0.0	0.0
-4.011	0.0	0.0	0.0	0.0	0.0	0.0	0.0	0.0	0.0
-3.980	0.0	0.0	0.0	0.0	0.0	0.0	0.0	0.0	0.0
-3.949	0.0	0.0	0.0	0.0	0.0	0.0	0.0	0.0	0.0
-3.918	0.0	0.0	0.0	0.0	0.0	0.0	0.0	0.0	0.0
-3.887	0.0	0.0	0.0	0.0	0.0	0.0	0.0	0.0	0.0
-3.856	0.0	0.0	0.0	0.0	0.0	0.0	0.0	0.0	0.0
-3.824	0.0	0.0	0.0	0.0	0.0	0.0	0.0	0.0	0.0
-3.793	0.0	0.0	0.0	0.0	0.0	0.0	0.0	0.0	0.0
-3.762	0.0	0.0	0.0	0.0	0.0	0.0	0.0	0.0	0.0
-3.731	0.0	0.0	0.0	0.0	0.0	0.0	0.0	0.0	0.0
-3.700	0.0	0.0	0.0	0.0	0.0	0.0	0.0	0.0	0.0
-3.669	0.0	0.0	0.0	0.0	0.0	0.0	0.0	0.0	0.0
-3.638	0.0	0.0	0.0	0.0	0.0	0.0	0.0	0.0	0.0
-3.607	0.0	0.0	0.0	0.0	0.0	0.0	0.0	0.0	0.0
-3.576	0.0	0.0	0.0	0.0	0.0	0.0	0.0	0.0	0.0
-3.544	0.0	0.0	0.0	0.0	0.0	0.0	0.0	0.0	0.0
-3.513	0.0	0.0	0.0	0.0	0.0	0.0	0.0	0.0	0.0
-3.482	0.0	0.0	0.0	0.0	0.0	0.0	0.0	0.0	0.0
-3.451	0.0	0.0	0.0	0.0	0.0	0.0	0.0	0.0	0.0
-3.420	0.0	0.0	0.0	0.0	0.0	0.0	0.0	0.0	0.0
-3.389	0.0	0.0	0.0	0.0	0.0	0.0	0.0	0.0	0.0
-3.358	0.0	0.0	0.0	0.0	0.0	0.0	0.0	0.0	0.0
-3.327	0.0	0.0	0.0	0.0	0.0	0.0	0.0	0.0	0.0
-3.296	0.0	0.0	0.0	0.0	0.0	0.0	0.0	0.0	0.0
-3.265	0.0	0.0	0.0	0.0	0.0	0.0	0.0	0.0	0.0
-3.233	0.0	0.0	0.0	0.0	0.0	0.0	0.0	0.0	0.0
-3.202	0.0	0.0	0.0	0.0	0.0	0.0	0.0	0.0	0.0
-3.171	0.0	0.0	0.0	0.0	0.0	0.0	0.0	0.0	0.0
-3.140	0.0	0.0	0.0	0.0	0.0	0.0	0.0	0.0	0.0
-3.109	0.0	0.0	0.0	0.0	0.0	0.0	0.0	0.0	0.0
-3.078	0.0	0.0	0.0	0.0	0.0	0.0	0.0	0.0	0.0
-3.047	0.0	0.0	0.0	0.0	0.0	0.0	0.0	0.0	0.0
-3.016	0.0	0.0	0.0	0.0	0.0	0.0	0.0	0.0	0.0
-2.985	0.0	0.0	0.0	0.0	0.0	0.0	0.0	0.0	0.0
-2.953	0.0	0.0	0.0	0.0	0.0	0.0	0.0	0.0	0.0
-2.922	0.0	0.0	0.0	0.0	0.0	0.0	0.0	0.0	0.0
-2.891	0.0	0.0	0.0	0.0	0.0	0.0	0.0	0.0	0.0
-2.860	0.0	0.0	0.0	0.0	0.0	0.0	0.0	0.0	0.0
-2.829	0.0	0.0	0.0	0.0	0.0	0.0	0.0	0.0	0.0
-2.798	0.0	0.0	0.0	0.0	0.0	0.0	0.0	0.0	0.0
-2.767	0.0	0.0	0.0	0.0	0.0	0.0	0.0	0.0	0.0
-2.736	0.0	0.0	0.0	0.0	0.0	0.0	0.0	0.0	0.0
-2.705	0.0	0.0	0.0	0.0	0.0	0.0	0.0	0.0	0.0
-2.673	0.0	0.0	0.0	0.0	0.0	0.0	0.0	0.0	0.0
-2.642	0.0	0.0	0.0	0.0	0.0	0.0	0.0	0.0	0.0
-2.611	0.0	0.0	0.0	0.0	0.0	0.0	0.0	0.0	0.0
-2.580	0.0	0.0	0.0	0.0	0.0	0.0	0.0	0.0	0.0
-2.549	0.0	0.0	0.0	0.0	0.0	0.0	0.0	0.0	0.0
-2.518	0.0	0.0	0.0	0.0	0.0	0.0	0.0	0.0	0.0
-2.487	0.0	0.0	0.0	0.0	0.0	0.0	0.0	0.0	0.0
-2.456	0.0	0.0	0.0	0.0	0.0	0.0	0.0	0.0	0.0
-2.425	0.0	0.0	0.0	0.0	0.0	0.0	0.0	0.0	0.0
-2.393	0.0	0.0	0.0	0.0	0.0	0.0	0.0	0.0	0.0
-2.362	0.0	0.0	0.0	0.0	0.0	0.0	0.0	0.0	0.0
-2.331	0.0	0.0	0.0	0.0	0.0	0.0	0.0	0.0	0.0
-2.300	0.0	0.0	0.0	0.0	0.0	0.0	0.0	0.0	0.0
-2.269	0.0	0.0	0.0	0.0	0.0	0.0	0.0	0.0	0.0
-2.238	0.0	0.0	0.0	0.0	0.0	0.0	0.0	0.0	0.0
-2.207	0.0	0.0	0.0	0.0	0.0	0.0	0.0	0.0	0.0
-2.176	0.0	0.0	0.0	0.0	0.0	0.0	0.0	0.0	0.0
-2.145	0.0	0.0	0.0	0.0	0.0	0.0	0.0	0.0	0.0
-2.113	0.0	0.0	0.0	0.0	0.0	0.0	0.0	0.0	0.0
-2.082	0.0	0.0	0.0	0.0	0.0	0.0	0.0	0.0	0.0
-2.051	0.0	0.0	0.0	0.0	0.0	0.0	0.0	0.0	0.0
-2.020	0.0	0.0	0.0	0.0	0.0	0.0	0.0	0.0	0.0
-1.989	0.0	0.0	0.0	0.0	0.0	0.0	0.0	0.0	0.0
-1.958	0.0	0.0	0.0	0.0	0.0	0.0	0.0	0.0	0.0
-1.927	2.438703205e-16	3.4136655029e-16	1.1490802735000002e-15	2.4087304485999997e-16	0.0	0.0	0.0	0.0	0.0
-1.896	5.6080073716699995e-15	7.852420329599998e-15	2.6430841391e-14	5.541382938999999e-15	0.0	0.0	0.0	0.0	0.0
-1.865	1.7510023015219997e-13	2.4509881828e-13	8.251108626e-13	1.7296655167e-13	0.0	0.0	0.0	0.0	0.0
-1.834	4.47000587541e-12	6.2583720702e-12	2.1065456480999996e-11	4.4161750372999994e-12	0.0	0.0	0.0	0.0	0.0
-1.802	9.42201238286e-11	1.3190403562400002e-10	4.4398985703e-10	9.307230051e-11	0.0	0.0	0.0	0.0	0.0
-1.771	1.63970215501e-09	2.2957088630999996e-09	7.725708237e-09	1.6198666320999996e-09	0.0	0.0	0.0	0.0	0.0
-1.740	2.35650309658e-08	3.2998636557e-08	1.1103759717000001e-07	2.3280667704000004e-08	0.0	0.0	0.0	0.0	0.0
-1.709	2.79730367699e-07	3.9161375042000006e-07	1.3180329889999998e-06	2.7626305677999996e-07	0.0	0.0	0.0	0.0	0.0
-1.678	2.74270360472e-06	3.8396069994000004e-06	1.2922636921e-05	2.7091905857e-06	0.0	0.0	0.0	0.0	0.0
-1.647	2.2212029194300003e-05	3.1095501139e-05	0.00010467054240000001	2.1946719206000005e-05	0.0	0.0	0.0	0.0	0.0
-1.616	0.00014864019535640002	0.00020808208596999998	0.0007002771788000001	0.00014683253483	0.0	0.0	0.0	0.0	0.0
-1.585	0.000821801079907	0.0011503720497200005	0.0038713775345999998	0.0008117485375	0.0	0.0	0.0	0.0	0.0
-1.554	0.00375350493343	0.0052544195876	0.017686405071	0.0037083710889	0.0	0.0	0.0	0.0	0.0
-1.522	0.014168018617919999	0.019833468137	0.06675894138000002	0.013996626629	0.0	0.0	0.0	0.0	0.0
-1.491	0.0441900580864	0.061878835058	0.20820813645000003	0.043667488761	0.0	0.0	0.0	0.0	0.0
-1.460	0.1139401497453	0.159505526945	0.53683900207	0.11255186115999999	0.0	0.0	0.0	0.0	0.0
-1.429	0.24277031907200003	0.33995587019	1.1438658326999998	0.23976424661999998	0.0	0.0	0.0	0.0	0.0
-1.398	0.42760056191400003	0.5985480283199999	2.0145000342	0.42235852642	0.0	0.0	0.0	0.0	0.0
-1.367	0.6223008179999999	0.87123894833	2.932859702799999	0.6148358565000002	0.0	0.0	0.0	0.0	0.0
-1.336	0.7489009841650001	1.0483660203700003	3.5284585528	0.7397594254	0.0	0.0	0.0	0.0	0.0
-1.305	0.744700978907	1.04272644301	3.5084060099000003	0.7357265175	0.0	0.0	0.0	0.0	0.0
-1.274	0.6123008046459999	0.85724155544	2.8857326255999998	0.6048540252	0.0	0.0	0.0	0.0	0.0
-1.242	0.416100546793	0.5825373223199999	1.959953906	0.41096585589	0.0	0.0	0.0	0.0	0.0
-1.211	0.23368030713499996	0.32716721740000004	1.1010515993	0.23086057361	0.0	0.0	0.0	0.0	0.0
-1.180	0.10849014258020001	0.15188266676900003	0.51117002219	0.10717776286	0.0	0.0	0.0	0.0	0.0
-1.149	0.0416300547018	0.058273878433000005	0.19613566161999998	0.04111674669300001	0.0	0.0	0.0	0.0	0.0
-1.118	0.01319801734964	0.018480064252	0.062186695691	0.013038782805000001	0.0	0.0	0.0	0.0	0.0
-1.087	0.00345870454567	0.0048425541819	0.016296681261	0.0034159800237999996	0.0	0.0	0.0	0.0	0.0
-1.056	0.000748900984375	0.00104846703137	0.003528458762899999	0.0007398595364	0.0	0.0	0.0	0.0	0.0
-1.025	0.0001340101761013	0.00018763022070000001	0.0006313924203400002	0.00013238424229	0.0	0.0	0.0	0.0	0.0
-0.994	1.9808026036369997e-05	2.7732198029e-05	9.334015889e-05	1.9565268275000007e-05	0.0	0.0	0.0	0.0	0.0
-0.962	2.4191031787799998e-06	3.3864752312e-06	1.1398550021e-05	2.3905724143e-06	0.0	0.0	0.0	0.0	0.0
-0.931	2.440603207149999e-07	3.416674823e-07	1.1499824805999998e-06	2.410745259e-07	0.0	0.0	0.0	0.0	0.0
-0.900	2.0336026723600003e-08	2.8467311875000002e-08	9.582687227e-08	2.0093539991e-08	0.0	0.0	0.0	0.0	0.0
-0.869	1.399501839421e-09	1.9597798622e-09	6.5946748958e-09	1.3826227411000002e-09	0.0	0.0	0.0	0.0	0.0
-0.838	7.955010453920002e-11	1.11361750843e-10	3.748045466e-10	7.857363736999999e-11	0.0	0.0	0.0	0.0	0.0
-0.807	3.7331049060900005e-12	5.226222795900001e-12	1.7589142355999998e-11	3.6882069543999994e-12	0.0	0.0	0.0	0.0	0.0
-0.776	1.4437018973139998e-13	2.0207068660000004e-13	6.802232627e-13	1.4261809518000003e-13	0.0	0.0	0.0	0.0	0.0
-0.745	4.8770064100099994e-15	6.8273236157e-15	2.297859847e-14	4.818466497e-15	0.0	0.0	0.0	0.0	0.0
-0.714	7.157882000000001e-17	1.1850569e-17	1.0500489999999999e-17	1.216571e-17	0.0	0.0	0.0	0.0	0.0
-0.682	2.433378e-15	4.029028799999999e-16	3.5702089999999997e-16	4.1361229999999996e-16	0.0	0.0	0.0	0.0	0.0
-0.651	7.429601999999999e-14	1.2300482999999999e-14	1.0900115000000001e-14	1.2627690000000001e-14	0.0	0.0	0.0	0.0	0.0
-0.620	1.855831e-12	3.0726431000000004e-13	2.7225750000000006e-13	3.154513e-13	0.0	0.0	0.0	0.0	0.0
-0.589	3.829552e-11	6.340705999999999e-12	5.617708e-12	6.5083949999999996e-12	0.0	0.0	0.0	0.0	0.0
-0.558	6.524944999999999e-10	1.0803184e-10	9.570570999999999e-11	1.108883e-10	0.0	0.0	0.0	0.0	0.0
-0.527	9.181488e-09	1.5201239e-09	1.3468889e-09	1.5604410000000002e-09	0.0	0.0	0.0	0.0	0.0
-0.496	1.0669443999999998e-07	1.7666392999999997e-08	1.5652352e-08	1.8135400000000002e-08	0.0	0.0	0.0	0.0	0.0
-0.465	1.0241455e-06	1.6957587e-07	1.5026433e-07	1.740743e-07	0.0	0.0	0.0	0.0	0.0
-0.434	8.121791000000001e-06	1.3449021999999998e-06	1.1914447999999998e-06	1.3803860000000002e-06	0.0	0.0	0.0	0.0	0.0
-0.403	5.3207589999999994e-05	8.810550000000002e-06	7.806652000000001e-06	9.04349e-06	0.0	0.0	0.0	0.0	0.0
-0.371	0.00028797420000000005	4.7684897999999996e-05	4.2252289999999995e-05	4.895521e-05	0.0	0.0	0.0	0.0	0.0
-0.340	0.0012881772	0.00021328721999999998	0.0001889782	0.00021894139999999998	0.0	0.0	0.0	0.0	0.0
-0.309	0.004760115999999999	0.0007881796000000001	0.0006984073000000001	0.0008091750000000001	0.0	0.0	0.0	0.0	0.0
-0.278	0.014540004000000002	0.0024074621999999996	0.002133212	0.0024714480000000002	0.0	0.0	0.0	0.0	0.0
-0.247	0.03670096	0.0060776840999999995	0.005385092000000001	0.006238348	0.0	0.0	0.0	0.0	0.0
-0.216	0.07657071	0.012678189999999999	0.011233254	0.01301447	0.0	0.0	0.0	0.0	0.0
-0.185	0.13204174999999999	0.02186332	0.01937214	0.022443010000000003	0.0	0.0	0.0	0.0	0.0
-0.154	0.1881998	0.031163833	0.027610159999999998	0.031991900000000004	0.0	0.0	0.0	0.0	0.0
-0.123	0.2217728	0.036709591	0.03252862	0.0376866	0.0	0.0	0.0	0.0	0.0
-0.091	0.21601260000000003	0.035756124	0.03168272	0.036702429999999994	0.0	0.0	0.0	0.0	0.0
-0.060	0.17403790000000002	0.028818344000000006	0.02552726	0.02957472	0.0	0.0	0.0	0.0	0.0
-0.029	0.11660826999999999	0.019318501999999998	0.017087369	0.01980666	0.0	0.0	0.0	0.0	0.0
0.002	0.06688706999999999	0.011110627000000001	0.009745245999999999	0.01132418	0.0	0.0	0.0	0.0	0.0
0.033	0.03812785	0.006415663000000001	0.005405039	0.006358202	0.0	0.0	0.0	0.0	0.0
0.064	0.03227153	0.005580852000000001	0.004295305	0.005209278	0.0	0.0	0.0	0.0	0.0
0.095	0.04447421999999999	0.007830618	0.0056826360000000005	0.00706651	0.0	0.0	0.0	0.0	0.0
0.126	0.06617862000000001	0.0117254518	0.008371042	0.01058133	0.0	0.0	0.0	0.0	0.0
0.157	0.08617859999999998	0.015356472	0.010882787	0.01408684	0.0	0.0	0.0	0.0	0.0
0.189	0.094122	0.016943866	0.011888337	0.01608721	0.0	0.0	0.0	0.0	0.0
0.220	0.08604099999999999	0.015802924	0.010880162	0.01598842	0.0	0.0	0.0	0.0	0.0
0.251	0.06672869999999999	0.012731221000000003	0.008456941	0.01434398	0.0	0.0	0.0	0.0	0.0
0.282	0.04580599999999999	0.009377248000000001	0.005846878	0.012346059999999999	0.0	0.0	0.0	0.0	0.0
0.313	0.0321614	0.007359619999999999	0.00419688	0.0113482	0.0	0.0	0.0	0.0	0.0
0.344	0.031469500000000004	0.008056859999999999	0.004315	0.01293563	0.0	0.0	0.0	0.0	0.0
0.375	0.04674470000000001	0.01283583	0.006788559999999999	0.0189027	0.0	0.0	0.0	0.0	0.0
0.406	0.07744449999999999	0.022862229999999997	0.011932300000000002	0.03014111	0.0	0.0	0.0	0.0	0.0
0.437	0.11674210000000002	0.03815842999999999	0.019460700000000004	0.0450246	0.0	0.0	0.0	0.0	0.0
0.469	0.15145519999999996	0.05664222000000001	0.0284312	0.059099900000000004	0.0	0.0	0.0	0.0	0.0
0.500	0.16852140000000002	0.07407733000000001	0.037959599999999996	0.0674361	0.0	0.0	0.0	0.0	0.0
0.531	0.16372050000000002	0.08534158	0.04822780000000001	0.0677995	0.0	0.0	0.0	0.0	0.0
0.562	0.14398729999999998	0.0867929	0.060351600000000005	0.06187660000000001	0.0	0.0	0.0	0.0	0.0
0.593	0.1209029	0.0783341	0.0745193	0.053442500000000004	0.0	0.0	0.0	0.0	0.0
0.624	0.1019511	0.06377050000000001	0.0876089	0.0453835	0.0	0.0	0.0	0.0	0.0
0.655	0.08736909999999999	0.0485384	0.0937771	0.0383161	0.0	0.0	0.0	0.0	0.0
0.686	0.0740632	0.0373266	0.08866829999999999	0.03166770000000001	0.0	0.0	0.0	0.0	0.0
0.717	0.0612184	0.03296858	0.0739341	0.0256315	0.0	0.0	0.0	0.0	0.0
0.749	0.051592299999999994	0.03619609000000001	0.05664609999999999	0.022050800000000002	0.0	0.0	0.0	0.0	0.0
0.780	0.0480746	0.045183810000000005	0.0439344	0.0234664	0.0	0.0	0.0	0.0	0.0
0.811	0.0501533	0.0555029	0.0383876	0.0315858	0.0	0.0	0.0	0.0	0.0
0.842	0.0542013	0.06211409999999999	0.038318399999999996	0.046274800000000005	0.0	0.0	0.0	0.0	0.0
0.873	0.0565437	0.0622399	0.040656	0.06492189999999999	0.0	0.0	0.0	0.0	0.0
0.904	0.055509	0.05660930000000001	0.042955900000000005	0.0820832	0.0	0.0	0.0	0.0	0.0
0.935	0.051059999999999994	0.047696999999999996	0.043300599999999995	0.0908371	0.0	0.0	0.0	0.0	0.0
0.966	0.0435435	0.0375614	0.04007260000000001	0.08643920000000001	0.0	0.0	0.0	0.0	0.0
0.997	0.0336509	0.0272968	0.032859400000000004	0.0698504	0.0	0.0	0.0	0.0	0.0
1.028	0.0229233	0.0178247	0.0232453	0.0475523	0.0	0.0	0.0	0.0	0.0
1.060	0.013454	0.0101721	0.013936699999999998	0.027121339999999997	0.0	0.0	0.0	0.0	0.0
1.091	0.0066927	0.00496492	0.0070109	0.01291703	0.0	0.0	0.0	0.0	0.0
1.122	0.00279356	0.0020453900000000002	0.00294187	0.00512525	0.0	0.0	0.0	0.0	0.0
1.153	0.0009728	0.0007052	0.001026243	0.0016923289999999998	0.0	0.0	0.0	0.0	0.0
1.184	0.00028158999999999997	0.00020254599999999998	0.00029702	0.00046453600000000004	0.0	0.0	0.0	0.0	0.0
1.215	6.761299999999998e-05	4.83242e-05	7.12555e-05	0.00010596160000000001	0.0	0.0	0.0	0.0	0.0
1.246	1.34523e-05	9.562199999999998e-06	1.415566e-05	2.0073519999999998e-05	0.0	0.0	0.0	0.0	0.0
1.277	2.2157399999999996e-06	1.5676399999999999e-06	2.3288600000000004e-06	3.157555e-06	0.0	0.0	0.0	0.0	0.0
1.308	3.019729999999999e-07	2.12766e-07	3.1685900000000007e-07	4.1222700000000006e-07	0.0	0.0	0.0	0.0	0.0
1.340	3.40426e-08	2.38976e-08	3.5668299999999995e-08	4.46438e-08	0.0	0.0	0.0	0.0	0.0
1.371	3.1732399999999997e-09	2.2203900000000004e-09	3.3203300000000003e-09	4.011541000000001e-09	0.0	0.0	0.0	0.0	0.0
1.402	2.4445100000000003e-10	1.7060899999999998e-10	2.5543779999999997e-10	2.988863e-10	0.0	0.0	0.0	0.0	0.0
1.433	1.55659e-11	1.08371e-11	1.624896e-11	1.846128e-11	0.0	0.0	0.0	0.0	0.0
1.464	8.19079e-13	5.68981e-13	8.542860000000001e-13	9.44819e-13	0.0	0.0	0.0	0.0	0.0
1.495	3.56057e-14	2.4693000000000003e-14	3.711380000000001e-14	4.0080980000000005e-14	0.0	0.0	0.0	0.0	0.0
1.526	1.281571e-15	8.874600000000001e-16	1.3351129999999998e-15	1.4179889999999998e-15	0.0	0.0	0.0	0.0	0.0
1.557	3.05446e-17	2.0897900000000003e-17	3.1637359999999996e-17	2.827402e-17	0.0	0.0	0.0	0.0	0.0
1.588	0.0	0.0	0.0	0.0	0.0	0.0	0.0	0.0	0.0
1.620	0.0	0.0	0.0	0.0	0.0	0.0	0.0	0.0	0.0
1.651	0.0	0.0	0.0	0.0	0.0	0.0	0.0	0.0	0.0
1.682	0.0	0.0	0.0	0.0	0.0	0.0	0.0	0.0	0.0
1.713	0.0	0.0	0.0	0.0	0.0	0.0	0.0	0.0	0.0
1.744	0.0	0.0	0.0	0.0	0.0	0.0	0.0	0.0	0.0
1.775	0.0	0.0	0.0	0.0	0.0	0.0	0.0	0.0	0.0
1.806	0.0	0.0	0.0	0.0	0.0	0.0	0.0	0.0	0.0
1.837	0.0	0.0	0.0	0.0	0.0	0.0	0.0	0.0	0.0
1.868	0.0	0.0	0.0	0.0	0.0	0.0	0.0	0.0	0.0
1.900	0.0	0.0	0.0	0.0	0.0	0.0	0.0	0.0	0.0
1.931	0.0	0.0	0.0	0.0	0.0	0.0	0.0	0.0	0.0
1.962	0.0	0.0	0.0	0.0	0.0	0.0	0.0	0.0	0.0
1.993	0.0	0.0	0.0	0.0	0.0	0.0	0.0	0.0	0.0
2.024	0.0	0.0	0.0	0.0	0.0	0.0	0.0	0.0	0.0
2.055	0.0	0.0	0.0	0.0	0.0	0.0	0.0	0.0	0.0
2.086	0.0	0.0	0.0	0.0	0.0	0.0	0.0	0.0	0.0
2.117	0.0	0.0	0.0	0.0	0.0	0.0	0.0	0.0	0.0
2.148	0.0	0.0	0.0	0.0	0.0	0.0	0.0	0.0	0.0
2.180	0.0	0.0	0.0	0.0	0.0	0.0	0.0	0.0	0.0
2.211	0.0	0.0	0.0	0.0	0.0	0.0	0.0	0.0	0.0
2.242	0.0	0.0	0.0	0.0	0.0	0.0	0.0	0.0	0.0
2.273	0.0	0.0	0.0	0.0	0.0	0.0	0.0	0.0	0.0
2.304	0.0	0.0	0.0	0.0	0.0	0.0	0.0	0.0	0.0
2.335	0.0	0.0	0.0	0.0	0.0	0.0	0.0	0.0	0.0
2.366	0.0	0.0	0.0	0.0	0.0	0.0	0.0	0.0	0.0
