-28.71216164	0.0	0.0	0.0	0.0	0.0	0.0	0.0	0.0	0.0
-28.671161639999998	0.0	0.0	0.0	0.0	0.0	0.0	0.0	0.0	0.0
-28.629161640000003	0.0	0.0	0.0	0.0	0.0	0.0	0.0	0.0	0.0
-28.58716164	0.0	0.0	0.0	0.0	0.0	0.0	0.0	0.0	0.0
-28.54516164	0.0	0.0	0.0	0.0	0.0	0.0	0.0	0.0	0.0
-28.50316164	0.0	0.0	0.0	0.0	0.0	0.0	0.0	0.0	0.0
-28.461161640000004	0.0	0.0	0.0	0.0	0.0	0.0	0.0	0.0	0.0
-28.419161640000002	0.0	0.0	0.0	0.0	0.0	0.0	0.0	0.0	0.0
-28.37716164	0.0	0.0	0.0	0.0	0.0	0.0	0.0	0.0	0.0
-28.33516164	0.0	0.0	0.0	0.0	0.0	0.0	0.0	0.0	0.0
-28.293161639999997	0.0	0.0	0.0	0.0	0.0	0.0	0.0	0.0	0.0
-28.251161640000003	0.0	0.0	0.0	0.0	0.0	0.0	0.0	0.0	0.0
-28.20916164	0.0	0.0	0.0	0.0	0.0	0.0	0.0	0.0	0.0
-28.168161639999997	0.0	0.0	0.0	0.0	0.0	0.0	0.0	0.0	0.0
-28.126161640000003	0.0	0.0	0.0	0.0	0.0	0.0	0.0	0.0	0.0
-28.08416164	0.0	0.0	0.0	0.0	0.0	0.0	0.0	0.0	0.0
-28.04216164	0.0	0.0	0.0	0.0	0.0	0.0	0.0	0.0	0.0
-28.000161639999998	0.0	0.0	0.0	0.0	0.0	0.0	0.0	0.0	0.0
-27.958161640000004	0.0	0.0	0.0	0.0	0.0	0.0	0.0	0.0	0.0
-27.916161640000002	0.0	0.0	0.0	0.0	0.0	0.0	0.0	0.0	0.0
-27.87416164	0.0	0.0	0.0	0.0	0.0	0.0	0.0	0.0	0.0
-27.83216164	0.0	0.0	0.0	0.0	0.0	0.0	0.0	0.0	0.0
-27.790161640000004	0.0	0.0	0.0	0.0	0.0	0.0	0.0	0.0	0.0
-27.748161640000003	0.0	0.0	0.0	0.0	0.0	0.0	0.0	0.0	0.0
-27.70616164	0.0	0.0	0.0	0.0	0.0	0.0	0.0	0.0	0.0
-27.665161640000004	0.0	0.0	0.0	0.0	0.0	0.0	0.0	0.0	0.0
-27.623161640000003	0.0	0.0	0.0	0.0	0.0	0.0	0.0	0.0	0.0
-27.58116164	0.0	0.0	0.0	0.0	0.0	0.0	0.0	0.0	0.0
-27.53916164	0.0	0.0	0.0	0.0	0.0	0.0	0.0	0.0	0.0
-27.497161639999998	0.0	0.0	0.0	0.0	0.0	0.0	0.0	0.0	0.0
-27.455161640000004	0.0	0.0	0.0	0.0	0.0	0.0	0.0	0.0	0.0
-27.413161640000002	0.0	0.0	0.0	0.0	0.0	0.0	0.0	0.0	0.0
-27.37116164	3.720186e-14	5.55391e-16	1.1792695e-15	1.1331140000000003e-15	0.0	0.0	0.0	0.0	0.0
-27.32916164	3.699621e-12	5.52535e-14	1.1730976e-13	1.127039e-13	0.0	0.0	0.0	0.0	0.0
-27.287161640000004	2.6245493000000005e-10	3.918814000000001e-12	8.320245e-12	7.99391e-12	0.0	0.0	0.0	0.0	0.0
-27.245161640000003	1.3163858e-08	1.9661e-10	4.1740760000000007e-10	4.0108399999999996e-10	0.0	0.0	0.0	0.0	0.0
-27.20316164	4.672524999999999e-07	6.97883e-09	1.4814775e-08	1.423578e-08	0.0	0.0	0.0	0.0	0.0
-27.162161640000004	1.1745228e-05	1.753864e-07	3.7239160000000005e-07	3.578245e-07	0.0	0.0	0.0	0.0	0.0
-27.120161640000003	0.00020911838	3.122546e-06	6.630294e-06	6.37062e-06	0.0	0.0	0.0	0.0	0.0
-27.07816164	0.0026393665	3.9415040000000004e-05	8.367915e-05	8.04027e-05	0.0	0.0	0.0	0.0	0.0
-27.03616164	0.023625345000000002	0.0003528567	0.0007490269	0.0007197700000000001	0.0	0.0	0.0	0.0	0.0
-26.994161639999998	0.15005648	0.002240969	0.004758098999999999	0.004571195	0.0	0.0	0.0	0.0	0.0
-26.952161640000003	0.6767040000000001	0.010104799999999997	0.02145369	0.0206186	0.0	0.0	0.0	0.0	0.0
-26.910161640000002	2.1673645	0.03236896	0.06871724	0.0660237	0.0	0.0	0.0	0.0	0.0
-26.86816164	4.932605	0.07365780000000001	0.15639027000000003	0.1502585	0.0	0.0	0.0	0.0	0.0
-26.82616164	7.9781379999999995	0.1191441	0.2529251	0.2430818	0.0	0.0	0.0	0.0	0.0
-26.784161640000004	9.173294	0.1369818	0.29086750000000006	0.2794425	0.0	0.0	0.0	0.0	0.0
-26.742161640000003	7.498426	0.11197270000000001	0.23778540000000004	0.2284052	0.0	0.0	0.0	0.0	0.0
-26.70016164	4.357143	0.06505860000000001	0.13813801	0.1327267	0.0	0.0	0.0	0.0	0.0
-26.659161640000004	1.7991065999999998	0.026870179999999997	0.05704978000000001	0.0548068	0.0	0.0	0.0	0.0	0.0
-26.617161640000003	0.5278619	0.00788198	0.01673563	0.016080510000000003	0.0	0.0	0.0	0.0	0.0
-26.57516164	0.10998872000000001	0.001642547	0.003487292	0.003350629	0.0	0.0	0.0	0.0	0.0
-26.53316164	0.016269615	0.00024296990000000003	0.0005158588000000001	0.0004957416	0.0	0.0	0.0	0.0	0.0
-26.491161639999998	0.0017077195999999999	2.5500180000000002e-05	5.413978e-05	5.20257e-05	0.0	0.0	0.0	0.0	0.0
-26.449161640000003	0.00012709685999999997	1.8980420000000004e-06	4.029376e-06	3.872824e-06	0.0	0.0	0.0	0.0	0.0
-26.40716164	6.704565e-06	1.0012809999999999e-07	2.125641e-07	2.042107e-07	0.0	0.0	0.0	0.0	0.0
-26.36516164	2.5056623e-07	3.741815e-09	7.944141e-09	7.63238e-09	0.0	0.0	0.0	0.0	0.0
-26.32316164	6.6272780000000005e-09	9.89709e-11	2.1012369999999998e-10	2.0192329999999998e-10	0.0	0.0	0.0	0.0	0.0
-26.281161640000004	1.2406964000000002e-10	1.852652e-12	3.933447e-12	3.78014e-12	0.0	0.0	0.0	0.0	0.0
-26.239161640000003	1.9245540000000002e-12	2.59436e-14	6.983828999999999e-14	5.26938e-14	0.0	0.0	0.0	0.0	0.0
-26.19716164	2.4455966e-11	1.23831559e-13	1.535488e-12	2.3394090000000003e-13	0.0	0.0	0.0	0.0	0.0
-26.156161640000004	1.493766e-09	7.55027621e-12	9.378179999999999e-11	1.426218e-11	0.0	0.0	0.0	0.0	0.0
-26.114161640000003	6.456562000000001e-08	3.26458546e-10	4.053900999999999e-09	6.165492000000001e-10	0.0	0.0	0.0	0.0	0.0
-26.07216164	1.975237e-06	9.98795502e-09	1.2405369999999998e-07	1.88648e-08	0.0	0.0	0.0	0.0	0.0
-26.03016164	4.2805469e-05	2.1644448380000002e-07	2.687683e-06	4.0877920000000005e-07	0.0	0.0	0.0	0.0	0.0
-25.988161639999998	0.0006573133999999999	3.3233526499999998e-06	4.127807e-05	6.277596999999999e-06	0.0	0.0	0.0	0.0	0.0
-25.946161640000003	0.0071561559999999995	3.6182266e-05	0.00044933340000000003	6.833178000000001e-05	0.0	0.0	0.0	0.0	0.0
-25.90416164	0.055261649999999995	0.00027935009559999996	0.003470722	0.0005277339	0.0	0.0	0.0	0.0	0.0
-25.86216164	0.30291880000000004	0.001531404909	0.019021820000000002	0.002892431	0.0	0.0	0.0	0.0	0.0
-25.82016164	1.1786919999999999	0.00596115211	0.0740382	0.011258785	0.0	0.0	0.0	0.0	0.0
-25.778161640000004	3.2600171	0.016481099830000002	0.2047448	0.031132889999999996	0.0	0.0	0.0	0.0	0.0
-25.736161640000002	6.405732	0.0323801338	0.4022626	0.06116494	0.0	0.0	0.0	0.0	0.0
-25.69416164	8.945576999999998	0.04522098499999999	0.5617942	0.08543076	0.0	0.0	0.0	0.0	0.0
-25.653161640000004	8.882155	0.044909434	0.5577363	0.08481501	0.0	0.0	0.0	0.0	0.0
-25.611161640000002	6.269506	0.0316990216	0.3936245	0.05986679	0.0	0.0	0.0	0.0	0.0
-25.56916164	3.1447252	0.015900735970000003	0.19750869999999998	0.03003405	0.0	0.0	0.0	0.0	0.0
-25.52716164	1.121275	0.00566831917	0.07041442	0.010706927000000001	0.0	0.0	0.0	0.0	0.0
-25.485161639999998	0.28398109	0.001435737302	0.017833670000000003	0.002712017	0.0	0.0	0.0	0.0	0.0
-25.443161640000003	0.051070945	0.00025818833109999997	0.003207274	0.00048770089999999996	0.0	0.0	0.0	0.0	0.0
-25.40116164	0.006533074000000001	3.30723601e-05	0.00040953880000000004	6.335358e-05	0.0	0.0	0.0	0.0	0.0
-25.35916164	0.0008545137	5.0032100000000005e-06	4.0427380000000004e-05	2.487616e-05	0.0	0.0	0.0	0.0	0.0
-25.31716164	0.003280356118	2.496102e-05	4.369333e-05	0.00023640106999999998	0.0	0.0	0.0	0.0	0.0
-25.275161640000004	0.028220094056	0.00021552175999999998	0.00035957346	0.00205427609	0.0	0.0	0.0	0.0	0.0
-25.233161640000002	0.17421244657	0.0013307341	0.0022194145	0.0126822832	0.0	0.0	0.0	0.0	0.0
-25.19216164	0.7637297218	0.0058331444	0.009729328999999998	0.055601487	0.0	0.0	0.0	0.0	0.0
-25.150161640000004	2.3787151322	0.018162839	0.030289017	0.173113456	0.0	0.0	0.0	0.0	0.0
-25.108161640000002	5.2615822662000005	0.040187696999999994	0.06702837800000001	0.3830224600000001	0.0	0.0	0.0	0.0	0.0
-25.06616164	8.275488594000002	0.06319997100000001	0.10541023999999999	0.60240866	0.0	0.0	0.0	0.0	0.0
-25.02416164	9.249781501	0.070658299	0.11783689000000001	0.6734683399999999	0.0	0.0	0.0	0.0	0.0
-24.982161639999998	7.351210646	0.056150254000000004	0.09364661	0.53522934	0.0	0.0	0.0	0.0	0.0
-24.940161640000003	4.152248824599999	0.03171977	0.052888993	0.302355138	0.0	0.0	0.0	0.0	0.0
-24.89816164	1.667101354	0.012734611500000001	0.021232759	0.12137335599999999	0.0	0.0	0.0	0.0	0.0
-24.85616164	0.47554300640999997	0.0036322617	0.0060575005	0.034620649	0.0	0.0	0.0	0.0	0.0
-24.81416164	0.09632896231	0.00073577246	0.0012269902	0.0070129742	0.0	0.0	0.0	0.0	0.0
-24.772161640000004	0.013852165197	0.000105796465	0.00017644387000000002	0.0010085073600000001	0.0	0.0	0.0	0.0	0.0
-24.730161640000002	0.0014133249968	1.07950181e-05	1.8002023e-05	0.000102889974	0.0	0.0	0.0	0.0	0.0
-24.68916164	0.00010224074308000001	7.809656600000001e-07	1.3023343e-06	7.4440591e-06	0.0	0.0	0.0	0.0	0.0
-24.647161640000004	5.2425765427e-06	4.0041735e-08	6.677122600000001e-08	3.8168543e-07	0.0	0.0	0.0	0.0	0.0
-24.605161640000002	1.903972504e-07	1.4542328e-09	2.425349e-09	1.38604182e-08	0.0	0.0	0.0	0.0	0.0
-24.56316164	4.8944720396e-09	3.73895e-11	6.235112499999999e-11	3.5640796e-10	0.0	0.0	0.0	0.0	0.0
-24.52116164	8.905678238e-11	6.8021195e-13	1.1343684e-12	6.4833022000000005e-12	0.0	0.0	0.0	0.0	0.0
-24.479161639999997	1.1471449035e-12	8.761839499999999e-15	1.4611567e-14	8.351627099999999e-14	0.0	0.0	0.0	0.0	0.0
-24.437161640000003	8.85766373e-15	6.7658977e-17	1.1282408e-16	6.449129999999999e-16	0.0	0.0	0.0	0.0	0.0
-24.39516164	0.0	0.0	0.0	0.0	0.0	0.0	0.0	0.0	0.0
-24.35316164	0.0	0.0	0.0	0.0	0.0	0.0	0.0	0.0	0.0
-24.311161639999998	0.0	0.0	0.0	0.0	0.0	0.0	0.0	0.0	0.0
-24.269161640000004	0.0	0.0	0.0	0.0	0.0	0.0	0.0	0.0	0.0
-24.227161640000002	0.0	0.0	0.0	0.0	0.0	0.0	0.0	0.0	0.0
-24.18616164	0.0	0.0	0.0	0.0	0.0	0.0	0.0	0.0	0.0
-24.14416164	0.0	0.0	0.0	0.0	0.0	0.0	0.0	0.0	0.0
-24.102161640000002	0.0	0.0	0.0	0.0	0.0	0.0	0.0	0.0	0.0
-24.06016164	0.0	0.0	0.0	0.0	0.0	0.0	0.0	0.0	0.0
-24.018161640000002	0.0	0.0	0.0	0.0	0.0	0.0	0.0	0.0	0.0
-23.97616164	0.0	0.0	0.0	0.0	0.0	0.0	0.0	0.0	0.0
-23.93416164	0.0	0.0	0.0	0.0	0.0	0.0	0.0	0.0	0.0
-23.89216164	0.0	0.0	0.0	0.0	0.0	0.0	0.0	0.0	0.0
-23.85016164	0.0	0.0	0.0	0.0	0.0	0.0	0.0	0.0	0.0
-23.80816164	0.0	0.0	0.0	0.0	0.0	0.0	0.0	0.0	0.0
-23.76616164	0.0	0.0	0.0	0.0	0.0	0.0	0.0	0.0	0.0
-23.724161640000002	0.0	0.0	0.0	0.0	0.0	0.0	0.0	0.0	0.0
-23.68316164	0.0	0.0	0.0	0.0	0.0	0.0	0.0	0.0	0.0
-23.64116164	0.0	0.0	0.0	0.0	0.0	0.0	0.0	0.0	0.0
-23.599161640000002	0.0	0.0	0.0	0.0	0.0	0.0	0.0	0.0	0.0
-23.55716164	0.0	0.0	0.0	0.0	0.0	0.0	0.0	0.0	0.0
-23.515161640000002	0.0	0.0	0.0	0.0	0.0	0.0	0.0	0.0	0.0
-23.47316164	0.0	0.0	0.0	0.0	0.0	0.0	0.0	0.0	0.0
-23.431161640000003	0.0	0.0	0.0	0.0	0.0	0.0	0.0	0.0	0.0
-23.38916164	0.0	0.0	0.0	0.0	0.0	0.0	0.0	0.0	0.0
-23.34716164	0.0	0.0	0.0	0.0	0.0	0.0	0.0	0.0	0.0
-23.30516164	0.0	0.0	0.0	0.0	0.0	0.0	0.0	0.0	0.0
-23.26316164	0.0	0.0	0.0	0.0	0.0	0.0	0.0	0.0	0.0
-23.221161640000002	0.0	0.0	0.0	0.0	0.0	0.0	0.0	0.0	0.0
-23.18016164	0.0	0.0	0.0	0.0	0.0	0.0	0.0	0.0	0.0
-23.13816164	0.0	0.0	0.0	0.0	0.0	0.0	0.0	0.0	0.0
-23.096161640000002	0.0	0.0	0.0	0.0	0.0	0.0	0.0	0.0	0.0
-23.05416164	0.0	0.0	0.0	0.0	0.0	0.0	0.0	0.0	0.0
-23.012161640000002	0.0	0.0	0.0	0.0	0.0	0.0	0.0	0.0	0.0
-22.97016164	0.0	0.0	0.0	0.0	0.0	0.0	0.0	0.0	0.0
-22.928161640000003	0.0	0.0	0.0	0.0	0.0	0.0	0.0	0.0	0.0
-22.88616164	0.0	0.0	0.0	0.0	0.0	0.0	0.0	0.0	0.0
-22.84416164	0.0	0.0	0.0	0.0	0.0	0.0	0.0	0.0	0.0
-22.80216164	0.0	0.0	0.0	0.0	0.0	0.0	0.0	0.0	0.0
-22.76016164	0.0	0.0	0.0	0.0	0.0	0.0	0.0	0.0	0.0
-22.71816164	0.0	0.0	0.0	0.0	0.0	0.0	0.0	0.0	0.0
-22.67716164	0.0	0.0	0.0	0.0	0.0	0.0	0.0	0.0	0.0
-22.63516164	0.0	0.0	0.0	0.0	0.0	0.0	0.0	0.0	0.0
-22.59316164	0.0	0.0	0.0	0.0	0.0	0.0	0.0	0.0	0.0
-22.55116164	0.0	0.0	0.0	0.0	0.0	0.0	0.0	0.0	0.0
-22.509161640000002	0.0	0.0	0.0	0.0	0.0	0.0	0.0	0.0	0.0
-22.46716164	0.0	0.0	0.0	0.0	0.0	0.0	0.0	0.0	0.0
-22.425161640000002	0.0	0.0	0.0	0.0	0.0	0.0	0.0	0.0	0.0
-22.38316164	0.0	0.0	0.0	0.0	0.0	0.0	0.0	0.0	0.0
-22.34116164	0.0	0.0	0.0	0.0	0.0	0.0	0.0	0.0	0.0
-22.29916164	0.0	0.0	0.0	0.0	0.0	0.0	0.0	0.0	0.0
-22.25716164	0.0	0.0	0.0	0.0	0.0	0.0	0.0	0.0	0.0
-22.21516164	0.0	0.0	0.0	0.0	0.0	0.0	0.0	0.0	0.0
-22.17416164	0.0	0.0	0.0	0.0	0.0	0.0	0.0	0.0	0.0
-22.13216164	0.0	0.0	0.0	0.0	0.0	0.0	0.0	0.0	0.0
-22.09016164	0.0	0.0	0.0	0.0	0.0	0.0	0.0	0.0	0.0
-22.04816164	0.0	0.0	0.0	0.0	0.0	0.0	0.0	0.0	0.0
-22.006161640000002	0.0	0.0	0.0	0.0	0.0	0.0	0.0	0.0	0.0
-21.96416164	0.0	0.0	0.0	0.0	0.0	0.0	0.0	0.0	0.0
-21.922161640000002	0.0	0.0	0.0	0.0	0.0	0.0	0.0	0.0	0.0
-21.88016164	0.0	0.0	0.0	0.0	0.0	0.0	0.0	0.0	0.0
-21.83816164	0.0	0.0	0.0	0.0	0.0	0.0	0.0	0.0	0.0
-21.79616164	0.0	0.0	0.0	0.0	0.0	0.0	0.0	0.0	0.0
-21.75416164	0.0	0.0	0.0	0.0	0.0	0.0	0.0	0.0	0.0
-21.71216164	0.0	0.0	0.0	0.0	0.0	0.0	0.0	0.0	0.0
-21.67116164	0.0	0.0	0.0	0.0	0.0	0.0	0.0	0.0	0.0
-21.62916164	0.0	0.0	0.0	0.0	0.0	0.0	0.0	0.0	0.0
-21.58716164	0.0	0.0	0.0	0.0	0.0	0.0	0.0	0.0	0.0
-21.54516164	0.0	0.0	0.0	0.0	0.0	0.0	0.0	0.0	0.0
-21.503161640000002	0.0	0.0	0.0	0.0	0.0	0.0	0.0	0.0	0.0
-21.46116164	0.0	0.0	0.0	0.0	0.0	0.0	0.0	0.0	0.0
-21.419161640000002	0.0	0.0	0.0	0.0	0.0	0.0	0.0	0.0	0.0
-21.37716164	0.0	0.0	0.0	0.0	0.0	0.0	0.0	0.0	0.0
-21.335161640000003	0.0	0.0	0.0	0.0	0.0	0.0	0.0	0.0	0.0
-21.29316164	0.0	0.0	0.0	0.0	0.0	0.0	0.0	0.0	0.0
-21.25116164	0.0	0.0	0.0	0.0	0.0	0.0	0.0	0.0	0.0
-21.20916164	0.0	0.0	0.0	0.0	0.0	0.0	0.0	0.0	0.0
-21.16816164	0.0	0.0	0.0	0.0	0.0	0.0	0.0	0.0	0.0
-21.12616164	0.0	0.0	0.0	0.0	0.0	0.0	0.0	0.0	0.0
-21.08416164	0.0	0.0	0.0	0.0	0.0	0.0	0.0	0.0	0.0
-21.04216164	0.0	0.0	0.0	0.0	0.0	0.0	0.0	0.0	0.0
-21.00016164	0.0	0.0	0.0	0.0	0.0	0.0	0.0	0.0	0.0
-20.95816164	0.0	0.0	0.0	0.0	0.0	0.0	0.0	0.0	0.0
-20.916161640000002	0.0	0.0	0.0	0.0	0.0	0.0	0.0	0.0	0.0
-20.87416164	0.0	0.0	0.0	0.0	0.0	0.0	0.0	0.0	0.0
-20.832161640000002	0.0	0.0	0.0	0.0	0.0	0.0	0.0	0.0	0.0
-20.79016164	0.0	0.0	0.0	0.0	0.0	0.0	0.0	0.0	0.0
-20.74816164	0.0	0.0	0.0	0.0	0.0	0.0	0.0	0.0	0.0
-20.70616164	0.0	0.0	0.0	0.0	0.0	0.0	0.0	0.0	0.0
-20.66516164	0.0	0.0	0.0	0.0	0.0	0.0	0.0	0.0	0.0
-20.62316164	0.0	0.0	0.0	0.0	0.0	0.0	0.0	0.0	0.0
-20.58116164	0.0	0.0	0.0	0.0	0.0	0.0	0.0	0.0	0.0
-20.53916164	0.0	0.0	0.0	0.0	0.0	0.0	0.0	0.0	0.0
-20.49716164	0.0	0.0	0.0	0.0	0.0	0.0	0.0	0.0	0.0
-20.45516164	0.0	0.0	0.0	0.0	0.0	0.0	0.0	0.0	0.0
-20.413161640000002	0.0	0.0	0.0	0.0	0.0	0.0	0.0	0.0	0.0
-20.37116164	0.0	0.0	0.0	0.0	0.0	0.0	0.0	0.0	0.0
-20.329161640000002	0.0	0.0	0.0	0.0	0.0	0.0	0.0	0.0	0.0
-20.28716164	0.0	0.0	0.0	0.0	0.0	0.0	0.0	0.0	0.0
-20.24516164	0.0	0.0	0.0	0.0	0.0	0.0	0.0	0.0	0.0
-20.20316164	0.0	0.0	0.0	0.0	0.0	0.0	0.0	0.0	0.0
-20.16216164	0.0	0.0	0.0	0.0	0.0	0.0	0.0	0.0	0.0
-20.12016164	0.0	0.0	0.0	0.0	0.0	0.0	0.0	0.0	0.0
-20.07816164	0.0	0.0	0.0	0.0	0.0	0.0	0.0	0.0	0.0
-20.03616164	0.0	0.0	0.0	0.0	0.0	0.0	0.0	0.0	0.0
-19.99416164	0.0	0.0	0.0	0.0	0.0	0.0	0.0	0.0	0.0
-19.95216164	0.0	0.0	0.0	0.0	0.0	0.0	0.0	0.0	0.0
-19.910161640000002	0.0	0.0	0.0	0.0	0.0	0.0	0.0	0.0	0.0
-19.86816164	0.0	0.0	0.0	0.0	0.0	0.0	0.0	0.0	0.0
-19.826161640000002	0.0	0.0	0.0	0.0	0.0	0.0	0.0	0.0	0.0
-19.78416164	0.0	0.0	0.0	0.0	0.0	0.0	0.0	0.0	0.0
-19.742161640000003	0.0	0.0	0.0	0.0	0.0	0.0	0.0	0.0	0.0
-19.70016164	0.0	0.0	0.0	0.0	0.0	0.0	0.0	0.0	0.0
-19.65916164	0.0	0.0	0.0	0.0	0.0	0.0	0.0	0.0	0.0
-19.617161640000003	0.0	0.0	0.0	0.0	0.0	0.0	0.0	0.0	0.0
-19.57516164	0.0	0.0	0.0	0.0	0.0	0.0	0.0	0.0	0.0
-19.53316164	0.0	0.0	0.0	0.0	0.0	0.0	0.0	0.0	0.0
-19.49116164	0.0	0.0	0.0	0.0	0.0	0.0	0.0	0.0	0.0
-19.44916164	0.0	0.0	0.0	0.0	0.0	0.0	0.0	0.0	0.0
-19.40716164	0.0	0.0	0.0	0.0	0.0	0.0	0.0	0.0	0.0
-19.36516164	0.0	0.0	0.0	0.0	0.0	0.0	0.0	0.0	0.0
-19.323161640000002	0.0	0.0	0.0	0.0	0.0	0.0	0.0	0.0	0.0
-19.28116164	0.0	0.0	0.0	0.0	0.0	0.0	0.0	0.0	0.0
-19.239161640000003	0.0	0.0	0.0	0.0	0.0	0.0	0.0	0.0	0.0
-19.19716164	0.0	0.0	0.0	0.0	0.0	0.0	0.0	0.0	0.0
-19.15616164	0.0	0.0	0.0	0.0	0.0	0.0	0.0	0.0	0.0
-19.114161640000003	0.0	0.0	0.0	0.0	0.0	0.0	0.0	0.0	0.0
-19.07216164	0.0	0.0	0.0	0.0	0.0	0.0	0.0	0.0	0.0
-19.03016164	0.0	0.0	0.0	0.0	0.0	0.0	0.0	0.0	0.0
-18.98816164	0.0	0.0	0.0	0.0	0.0	0.0	0.0	0.0	0.0
-18.94616164	0.0	0.0	0.0	0.0	0.0	0.0	0.0	0.0	0.0
-18.90416164	0.0	0.0	0.0	0.0	0.0	0.0	0.0	0.0	0.0
-18.86216164	0.0	0.0	0.0	0.0	0.0	0.0	0.0	0.0	0.0
-18.820161640000002	0.0	0.0	0.0	0.0	0.0	0.0	0.0	0.0	0.0
-18.77816164	0.0	0.0	0.0	0.0	0.0	0.0	0.0	0.0	0.0
-18.736161640000002	0.0	0.0	0.0	0.0	0.0	0.0	0.0	0.0	0.0
-18.695161640000002	0.0	0.0	0.0	0.0	0.0	0.0	0.0	0.0	0.0
-18.65316164	0.0	0.0	0.0	0.0	0.0	0.0	0.0	0.0	0.0
-18.611161640000002	0.0	0.0	0.0	0.0	0.0	0.0	0.0	0.0	0.0
-18.56916164	0.0	0.0	0.0	0.0	0.0	0.0	0.0	0.0	0.0
-18.52716164	0.0	0.0	0.0	0.0	0.0	0.0	0.0	0.0	0.0
-18.48516164	0.0	0.0	0.0	0.0	0.0	0.0	0.0	0.0	0.0
-18.44316164	0.0	0.0	0.0	0.0	0.0	0.0	0.0	0.0	0.0
-18.40116164	0.0	0.0	0.0	0.0	0.0	0.0	0.0	0.0	0.0
-18.35916164	0.0	0.0	0.0	0.0	0.0	0.0	0.0	0.0	0.0
-18.317161640000002	0.0	0.0	0.0	0.0	0.0	0.0	0.0	0.0	0.0
-18.27516164	0.0	0.0	0.0	0.0	0.0	0.0	0.0	0.0	0.0
-18.233161640000002	0.0	0.0	0.0	0.0	0.0	0.0	0.0	0.0	0.0
-18.192161640000002	0.0	0.0	0.0	0.0	0.0	0.0	0.0	0.0	0.0
-18.15016164	0.0	0.0	0.0	0.0	0.0	0.0	0.0	0.0	0.0
-18.108161640000002	0.0	0.0	0.0	0.0	0.0	0.0	0.0	0.0	0.0
-18.06616164	0.0	0.0	0.0	0.0	0.0	0.0	0.0	0.0	0.0
-18.024161640000003	0.0	0.0	0.0	0.0	0.0	0.0	0.0	0.0	0.0
-17.98216164	0.0	0.0	0.0	0.0	0.0	0.0	0.0	0.0	0.0
-17.94016164	0.0	0.0	0.0	0.0	0.0	0.0	0.0	0.0	0.0
-17.89816164	0.0	0.0	0.0	0.0	0.0	0.0	0.0	0.0	0.0
-17.85616164	0.0	0.0	0.0	0.0	0.0	0.0	0.0	0.0	0.0
-17.814161640000002	0.0	0.0	0.0	0.0	0.0	0.0	0.0	0.0	0.0
-17.77216164	0.0	0.0	0.0	0.0	0.0	0.0	0.0	0.0	0.0
-17.730161640000002	0.0	0.0	0.0	0.0	0.0	0.0	0.0	0.0	0.0
-17.689161640000002	0.0	0.0	0.0	0.0	0.0	0.0	0.0	0.0	0.0
-17.64716164	0.0	0.0	0.0	0.0	0.0	0.0	0.0	0.0	0.0
-17.605161640000002	0.0	0.0	0.0	0.0	0.0	0.0	0.0	0.0	0.0
-17.56316164	0.0	0.0	0.0	0.0	0.0	0.0	0.0	0.0	0.0
-17.521161640000003	0.0	0.0	0.0	0.0	0.0	0.0	0.0	0.0	0.0
-17.47916164	5.45886e-15	1.28823839e-16	3.089837e-16	2.11591e-16	0.0	0.0	0.0	0.0	0.0
-17.43716164	5.67672e-13	1.3396203299999999e-14	3.213238e-14	2.200682e-14	0.0	0.0	0.0	0.0	0.0
-17.39516164	4.58365e-11	1.0817406399999999e-12	2.595112e-12	1.7767209999999999e-12	0.0	0.0	0.0	0.0	0.0
-17.35316164	2.6187500000000003e-09	6.1795322e-11	1.482332e-10	1.014969e-10	0.0	0.0	0.0	0.0	0.0
-17.31116164	1.05862e-07	2.49781384e-09	5.990969999999999e-09	4.103424000000001e-09	0.0	0.0	0.0	0.0	0.0
-17.26916164	3.0289199999999996e-06	7.147868500000001e-08	1.7144099999999998e-07	1.17399e-07	0.0	0.0	0.0	0.0	0.0
-17.227161640000002	6.13857e-05	1.4485344200000001e-06	3.4747339999999996e-06	2.380223e-06	0.0	0.0	0.0	0.0	0.0
-17.18616164	0.00088173	2.08040815e-05	4.989989e-05	3.4175749999999995e-05	0.0	0.0	0.0	0.0	0.0
-17.14416164	0.0089791	0.00021185695899999995	0.0005082449	0.00034796550000000006	0.0	0.0	0.0	0.0	0.0
-17.102161640000002	0.06486890000000001	0.0015306074999999998	0.0036717069999999997	0.0025144010000000003	0.0	0.0	0.0	0.0	0.0
-17.06016164	0.332678	0.0078495949	0.01882925	0.012894540000000001	0.0	0.0	0.0	0.0	0.0
-17.018161640000002	1.2115099999999999	0.028590474	0.06858119	0.04696317	0.0	0.0	0.0	0.0	0.0
-16.97616164	3.13507	0.07397177899999999	0.1774428	0.1215099	0.0	0.0	0.0	0.0	0.0
-16.93416164	5.7645	0.13603011	0.3263157	0.22338760000000002	0.0	0.0	0.0	0.0	0.0
-16.89216164	7.535619999999999	0.177799679	0.4264648	0.2920096999999999	0.0	0.0	0.0	0.0	0.0
-16.85016164	7.00217	0.165210206	0.3963383	0.2712892	0.0	0.0	0.0	0.0	0.0
-16.80816164	4.62457	0.1091301	0.2617985	0.1792562	0.0	0.0	0.0	0.0	0.0
-16.76616164	2.17124	0.051235925	0.12289539999999999	0.0841545	0.0	0.0	0.0	0.0	0.0
-16.724161640000002	0.724323	0.0170920421	0.04100067	0.02808081	0.0	0.0	0.0	0.0	0.0
-16.68316164	0.17166000000000003	0.0040502522	0.009714819	0.00665337	0.0	0.0	0.0	0.0	0.0
-16.64116164	0.028882999999999995	0.0006814855999999999	0.001634782	0.0011194549999999999	0.0	0.0	0.0	0.0	0.0
-16.599161640000002	0.0034492299999999997	8.138405699999998e-05	0.0001952072	0.0001336777	0.0	0.0	0.0	0.0	0.0
-16.55716164	0.000292102	6.8930589000000005e-06	1.6532499999999998e-05	1.1321049999999999e-05	0.0	0.0	0.0	0.0	0.0
-16.515161640000002	1.7536300000000004e-05	4.1384554999999997e-07	9.926625e-07	6.79751e-07	0.0	0.0	0.0	0.0	0.0
-16.47316164	7.45934e-07	1.76023613e-08	4.221877e-08	2.892191e-08	0.0	0.0	0.0	0.0	0.0
-16.431161640000003	2.2470500000000003e-08	5.3022992e-10	1.271856e-09	8.70902e-10	0.0	0.0	0.0	0.0	0.0
-16.38916164	4.79041e-10	1.13033246e-11	2.7114760000000002e-11	1.8567139999999997e-11	0.0	0.0	0.0	0.0	0.0
-16.34716164	7.22104e-12	1.7039040100000002e-13	4.0870240000000004e-13	2.7991539999999995e-13	0.0	0.0	0.0	0.0	0.0
-16.30516164	8.006950000000001e-14	1.8892709700000003e-15	4.53149e-15	3.103896e-15	0.0	0.0	0.0	0.0	0.0
-16.26316164	0.0	0.0	0.0	0.0	0.0	0.0	0.0	0.0	0.0
-16.221161640000002	0.0	0.0	0.0	0.0	0.0	0.0	0.0	0.0	0.0
-16.18016164	0.0	0.0	0.0	0.0	0.0	0.0	0.0	0.0	0.0
-16.13816164	1.94958e-15	2.71315091e-17	1.5325869999999999e-16	2.9997471999999996e-17	0.0	0.0	0.0	0.0	0.0
-16.096161640000002	1.5008860000000002e-13	2.0895232900000003e-15	1.180073e-14	2.3098612000000002e-15	0.0	0.0	0.0	0.0	0.0
-16.05416164	1.356334e-11	1.88727025e-13	1.066222e-12	2.0869102e-13	0.0	0.0	0.0	0.0	0.0
-16.012161640000002	8.600660000000001e-10	1.1966949599999999e-11	6.759604000000002e-11	1.3231949999999999e-11	0.0	0.0	0.0	0.0	0.0
-15.97016164	3.85799e-08	5.3687144e-10	3.0329630000000004e-09	5.9364656e-10	0.0	0.0	0.0	0.0	0.0
-15.928161640000003	1.2250419999999998e-06	1.70459567e-08	9.628606e-08	1.8847521e-08	0.0	0.0	0.0	0.0	0.0
-15.886161640000001	2.7548799999999996e-05	3.8329779399999994e-07	2.165235e-06	4.2383693999999993e-07	0.0	0.0	0.0	0.0	0.0
-15.84416164	0.00043879899999999997	6.1063769e-06	3.44888e-05	6.752449000000001e-06	0.0	0.0	0.0	0.0	0.0
-15.802161640000001	0.00495642	6.896292600000001e-05	0.00038964360000000005	7.625690999999999e-05	0.0	0.0	0.0	0.0	0.0
-15.76016164	0.03970799999999999	0.00055261323	0.003121919	0.0006109479700000001	0.0	0.0	0.0	0.0	0.0
-15.718161640000002	0.225797	0.00314225265	0.017747939999999997	0.0034740732	0.0	0.0	0.0	0.0	0.0
-15.677161640000001	0.9116890000000001	0.0126851675	0.071654	0.014027351	0.0	0.0	0.0	0.0	0.0
-15.63516164	2.6145199999999997	0.0363872208	0.20556279999999996	0.040230394999999995	0.0	0.0	0.0	0.0	0.0
-15.593161640000002	5.32937	0.074152046	0.4188862	0.0819874	0.0	0.0	0.0	0.0	0.0
-15.55116164	7.719790000000001	0.10742528900000001	0.6068628000000001	0.11877962	0.0	0.0	0.0	0.0	0.0
-15.509161640000002	7.95074	0.110630369	0.6249005	0.12231551	0.0	0.0	0.0	0.0	0.0
-15.46716164	5.82071	0.080995827	0.4574999	0.08954774999999998	0.0	0.0	0.0	0.0	0.0
-15.425161640000002	3.02886	0.04214272499999999	0.2380566	0.046596781000000004	0.0	0.0	0.0	0.0	0.0
-15.38316164	1.120024	0.015585390100000002	0.088034	0.017232497000000003	0.0	0.0	0.0	0.0	0.0
-15.34116164	0.29421900000000006	0.0040940915	0.02313129	0.0045275696	0.0	0.0	0.0	0.0	0.0
-15.299161640000001	0.054892800000000005	0.00076387292	0.004314785	0.0008445214999999999	0.0	0.0	0.0	0.0	0.0
-15.25716164	0.00726913	0.00010114951199999999	0.0005713581	0.00011183296000000001	0.0	0.0	0.0	0.0	0.0
-15.215161640000002	0.000682768	9.5012627e-06	5.366833e-05	1.0505578e-05	0.0	0.0	0.0	0.0	0.0
-15.174161640000001	4.56676e-05	6.342629000000001e-07	3.576818e-06	7.13961e-07	0.0	0.0	0.0	0.0	0.0
-15.13216164	7.36283e-06	7.19519e-08	2.2858299999999998e-07	4.22418e-07	0.0	0.0	0.0	0.0	0.0
-15.090161640000002	0.00010068579770000001	8.126950999999999e-07	1.160452e-06	7.511847e-06	0.0	0.0	0.0	0.0	0.0
-15.04816164	0.0013753257988700003	1.1095510999999999e-05	1.578653e-05	0.00010267242180000001	0.0	0.0	0.0	0.0	0.0
-15.006161640000002	0.0133305896253	0.00010755176	0.0001530188	0.000995142183	0.0	0.0	0.0	0.0	0.0
-14.96416164	0.09168160960809998	0.0007396938	0.001052408	0.006844001079999999	0.0	0.0	0.0	0.0	0.0
-14.922161640000002	0.44759130262099994	0.0036111807	0.0051376189999999995	0.0334198198	0.0	0.0	0.0	0.0	0.0
-14.88016164	1.55209756108	0.012520488	0.01781469	0.11586317160000001	0.0	0.0	0.0	0.0	0.0
-14.83816164	3.82390578051	0.030845578	0.04388699	0.28544257	0.0	0.0	0.0	0.0	0.0
-14.796161640000001	6.69433896342	0.054011079999999996	0.07683576	0.49974443399999996	0.0	0.0	0.0	0.0	0.0
-14.75416164	8.330867727919996	0.06720795999999998	0.09562760000000001	0.621959751	0.0	0.0	0.0	0.0	0.0
-14.712161640000001	7.370384190049999	0.05946813	0.0845992	0.5502135419999999	0.0	0.0	0.0	0.0	0.0
-14.671161640000001	4.63615985245	0.037403118	0.053212770000000006	0.346076316	0.0	0.0	0.0	0.0	0.0
-14.62916164	2.07219983155	0.016717412	0.02378623	0.1546520233	0.0	0.0	0.0	0.0	0.0
-14.587161640000001	0.6581166059029999	0.005310009000000001	0.007554524	0.049128432599999994	0.0	0.0	0.0	0.0	0.0
-14.54516164	0.148479375843	0.0011979113	0.0017043339999999998	0.0110840393	0.0	0.0	0.0	0.0	0.0
-14.503161640000002	0.023776729736	0.00019187331999999998	0.0002729757	0.00177518484	0.0	0.0	0.0	0.0	0.0
-14.46116164	0.0027031743263800007	2.1809873999999998e-05	3.103072e-05	0.000201823222	0.0	0.0	0.0	0.0	0.0
-14.419161640000002	0.000217836519575	1.7580163000000002e-06	2.501565e-06	1.6263384890000002e-05	0.0	0.0	0.0	0.0	0.0
-14.37716164	1.2451226089999998e-05	1.0045846e-07	1.429292e-07	9.29546208e-07	0.0	0.0	0.0	0.0	0.0
-14.335161640000003	5.040784218360002e-07	4.0661566e-09	5.786001e-09	3.76318079e-08	0.0	0.0	0.0	0.0	0.0
-14.293161640000001	1.4447317968600001e-08	1.1654325000000002e-10	1.658305e-10	1.078505359e-09	0.0	0.0	0.0	0.0	0.0
-14.25116164	2.9305266653399995e-10	2.364226e-12	3.3634189999999996e-12	2.18776679e-11	0.0	0.0	0.0	0.0	0.0
-14.209161640000001	4.20148879535e-12	3.388997e-14	4.822341e-14	3.1363661099999997e-13	0.0	0.0	0.0	0.0	0.0
-14.168161640000001	4.38076505238e-14	3.5333204e-16	5.026956000000001e-16	3.2696803700000002e-15	0.0	0.0	0.0	0.0	0.0
-14.12616164	0.0	0.0	0.0	0.0	0.0	0.0	0.0	0.0	0.0
-14.084161640000001	0.0	0.0	0.0	0.0	0.0	0.0	0.0	0.0	0.0
-14.04216164	0.0	0.0	0.0	0.0	0.0	0.0	0.0	0.0	0.0
-14.000161640000002	0.0	0.0	0.0	0.0	0.0	0.0	0.0	0.0	0.0
-13.95816164	0.0	0.0	0.0	0.0	0.0	0.0	0.0	0.0	0.0
-13.916161640000002	0.0	0.0	0.0	0.0	0.0	0.0	0.0	0.0	0.0
-13.87416164	0.0	0.0	0.0	0.0	0.0	0.0	0.0	0.0	0.0
-13.832161640000002	0.0	0.0	0.0	0.0	0.0	0.0	0.0	0.0	0.0
-13.79016164	0.0	0.0	0.0	0.0	0.0	0.0	0.0	0.0	0.0
-13.74816164	0.0	0.0	0.0	0.0	0.0	0.0	0.0	0.0	0.0
-13.706161640000001	0.0	0.0	0.0	0.0	0.0	0.0	0.0	0.0	0.0
-13.66516164	0.0	0.0	0.0	0.0	0.0	0.0	0.0	0.0	0.0
-13.62316164	0.0	0.0	0.0	0.0	0.0	0.0	0.0	0.0	0.0
-13.581161640000001	0.0	0.0	0.0	0.0	0.0	0.0	0.0	0.0	0.0
-13.53916164	0.0	0.0	0.0	0.0	0.0	0.0	0.0	0.0	0.0
-13.497161640000002	0.0	0.0	0.0	0.0	0.0	0.0	0.0	0.0	0.0
-13.45516164	0.0	0.0	0.0	0.0	0.0	0.0	0.0	0.0	0.0
-13.413161640000002	0.0	0.0	0.0	0.0	0.0	0.0	0.0	0.0	0.0
-13.37116164	0.0	0.0	0.0	0.0	0.0	0.0	0.0	0.0	0.0
-13.329161640000002	0.0	0.0	0.0	0.0	0.0	0.0	0.0	0.0	0.0
-13.28716164	0.0	0.0	0.0	0.0	0.0	0.0	0.0	0.0	0.0
-13.24516164	0.0	0.0	0.0	0.0	0.0	0.0	0.0	0.0	0.0
-13.203161640000001	0.0	0.0	0.0	0.0	0.0	0.0	0.0	0.0	0.0
-13.16216164	0.0	0.0	0.0	0.0	0.0	0.0	0.0	0.0	0.0
-13.12016164	0.0	0.0	0.0	0.0	0.0	0.0	0.0	0.0	0.0
-13.078161640000001	0.0	0.0	0.0	0.0	0.0	0.0	0.0	0.0	0.0
-13.03616164	0.0	0.0	0.0	0.0	0.0	0.0	0.0	0.0	0.0
-12.994161640000002	0.0	0.0	0.0	0.0	0.0	0.0	0.0	0.0	0.0
-12.95216164	0.0	0.0	0.0	0.0	0.0	0.0	0.0	0.0	0.0
-12.910161640000002	0.0	0.0	0.0	0.0	0.0	0.0	0.0	0.0	0.0
-12.86816164	0.0	0.0	0.0	0.0	0.0	0.0	0.0	0.0	0.0
-12.826161640000002	0.0	0.0	0.0	0.0	0.0	0.0	0.0	0.0	0.0
-12.78416164	0.0	0.0	0.0	0.0	0.0	0.0	0.0	0.0	0.0
-12.742161640000003	0.0	0.0	0.0	0.0	0.0	0.0	0.0	0.0	0.0
-12.701161640000002	0.0	0.0	0.0	0.0	0.0	0.0	0.0	0.0	0.0
-12.65916164	0.0	0.0	0.0	0.0	0.0	0.0	0.0	0.0	0.0
-12.617161640000003	0.0	0.0	0.0	0.0	0.0	0.0	0.0	0.0	0.0
-12.575161640000001	0.0	0.0	0.0	0.0	0.0	0.0	0.0	0.0	0.0
-12.53316164	0.0	0.0	0.0	0.0	0.0	0.0	0.0	0.0	0.0
-12.491161640000001	0.0	0.0	0.0	0.0	0.0	0.0	0.0	0.0	0.0
-12.44916164	0.0	0.0	0.0	0.0	0.0	0.0	0.0	0.0	0.0
-12.407161640000002	0.0	0.0	0.0	0.0	0.0	0.0	0.0	0.0	0.0
-12.36516164	0.0	0.0	0.0	0.0	0.0	0.0	0.0	0.0	0.0
-12.323161640000002	0.0	0.0	0.0	0.0	0.0	0.0	0.0	0.0	0.0
-12.28116164	0.0	0.0	0.0	0.0	0.0	0.0	0.0	0.0	0.0
-12.239161640000003	3.2105e-14	9.8574e-15	2.88376e-15	3.6958099999999996e-15	0.0	0.0	0.0	0.0	0.0
-12.198161640000002	3.1181999999999998e-12	9.573e-13	2.800737e-13	3.59028e-13	0.0	0.0	0.0	0.0	0.0
-12.15616164	2.1568200000000002e-10	6.62223e-11	1.9375120000000002e-11	2.4826999999999997e-11	0.0	0.0	0.0	0.0	0.0
-12.114161640000003	1.05508e-08	3.23985e-09	9.477119999999998e-10	1.21455e-09	0.0	0.0	0.0	0.0	0.0
-12.072161640000001	3.6524000000000006e-07	1.1215199999999998e-07	3.28111e-08	4.20436e-08	0.0	0.0	0.0	0.0	0.0
-12.03016164	8.952500000000001e-06	2.74913e-06	8.04246e-07	1.030628e-06	0.0	0.0	0.0	0.0	0.0
-11.988161640000001	0.000155487	4.77433e-05	1.396735e-05	1.7898700000000002e-05	0.0	0.0	0.0	0.0	0.0
-11.94616164	0.0019140399999999999	0.000587642	0.00017193829999999997	0.000220309	0.0	0.0	0.0	0.0	0.0
-11.904161640000002	0.016711399999999998	0.00513171	0.001501133	0.00192367	0.0	0.0	0.0	0.0	0.0
-11.86216164	0.10353699999999999	0.031789899999999996	0.00929969	0.0119183	0.0	0.0	0.0	0.0	0.0
-11.820161640000002	0.45542999999999995	0.13984000000000002	0.0409118	0.0524234	0.0	0.0	0.0	0.0	0.0
-11.77816164	1.4229399999999999	0.436855	0.1278237	0.163792	0.0	0.0	0.0	0.0	0.0
-11.736161640000002	3.1589000000000005	0.9697899999999999	0.283759	0.363627	0.0	0.0	0.0	0.0	0.0
-11.695161640000002	4.9848	1.53041	0.447742	0.5738329999999999	0.0	0.0	0.0	0.0	0.0
-11.65316164	5.5913	1.7165400000000002	0.502163	0.6436459999999999	0.0	0.0	0.0	0.0	0.0
-11.611161640000002	4.4575	1.3688099999999999	0.40043399999999996	0.5132059999999999	0.0	0.0	0.0	0.0	0.0
-11.56916164	2.5267500000000003	0.77586	0.22697640000000002	0.290948	0.0	0.0	0.0	0.0	0.0
-11.52716164	1.0179	0.31249099999999996	0.0914344	0.117186	0.0	0.0	0.0	0.0	0.0
-11.485161640000001	0.29133	0.089452	0.02616968	0.033545399999999996	0.0	0.0	0.0	0.0	0.0
-11.44316164	0.059211000000000014	0.0181821	0.00531921	0.006817299999999999	0.0	0.0	0.0	0.0	0.0
-11.401161640000002	0.008543599999999998	0.00262348	0.000767446	0.000983497	0.0	0.0	0.0	0.0	0.0
-11.35916164	0.00087473	0.00026857199999999996	7.85771e-05	0.00010069210000000001	0.0	0.0	0.0	0.0	0.0
-11.317161640000002	6.3498e-05	1.94969e-05	5.70432e-06	7.30981e-06	0.0	0.0	0.0	0.0	0.0
-11.27516164	3.2668000000000002e-06	1.0031199999999999e-06	2.9341400000000004e-07	3.76044e-07	0.0	0.0	0.0	0.0	0.0
-11.233161640000002	1.1904800000000002e-07	3.65555e-08	1.0693410000000002e-08	1.37055e-08	0.0	0.0	0.0	0.0	0.0
-11.192161640000002	3.0713000000000003e-09	9.4309e-10	2.758989e-10	3.5358299999999996e-10	0.0	0.0	0.0	0.0	0.0
-11.15016164	5.6062e-11	1.72161e-11	5.03698e-12	6.45413e-12	0.0	0.0	0.0	0.0	0.0
-11.108161640000002	7.2499e-13	2.22619e-13	6.512339999999999e-14	8.34663e-14	0.0	0.0	0.0	0.0	0.0
-11.06616164	5.350199999999999e-15	1.6428700000000002e-15	4.806760000000001e-16	6.15901e-16	0.0	0.0	0.0	0.0	0.0
-11.024161640000003	0.0	0.0	0.0	0.0	0.0	0.0	0.0	0.0	0.0
-10.982161640000001	0.0	0.0	0.0	0.0	0.0	0.0	0.0	0.0	0.0
-10.94016164	0.0	0.0	0.0	0.0	0.0	0.0	0.0	0.0	0.0
-10.898161640000001	0.0	0.0	0.0	0.0	0.0	0.0	0.0	0.0	0.0
-10.85616164	0.0	0.0	0.0	0.0	0.0	0.0	0.0	0.0	0.0
-10.814161640000002	0.0	0.0	0.0	0.0	0.0	0.0	0.0	0.0	0.0
-10.77216164	0.0	0.0	0.0	0.0	0.0	0.0	0.0	0.0	0.0
-10.730161640000002	0.0	0.0	0.0	0.0	0.0	0.0	0.0	0.0	0.0
-10.689161640000002	0.0	0.0	0.0	0.0	0.0	0.0	0.0	0.0	0.0
-10.64716164	0.0	0.0	0.0	0.0	0.0	0.0	0.0	0.0	0.0
-10.605161640000002	0.0	0.0	0.0	0.0	0.0	0.0	0.0	0.0	0.0
-10.56316164	0.0	0.0	0.0	0.0	0.0	0.0	0.0	0.0	0.0
-10.521161640000003	0.0	0.0	0.0	0.0	0.0	0.0	0.0	0.0	0.0
-10.479161640000001	0.0	0.0	0.0	0.0	0.0	0.0	0.0	0.0	0.0
-10.43716164	0.0	0.0	0.0	0.0	0.0	0.0	0.0	0.0	0.0
-10.395161640000001	0.0	0.0	0.0	0.0	0.0	0.0	0.0	0.0	0.0
-10.35316164	0.0	0.0	0.0	0.0	0.0	0.0	0.0	0.0	0.0
-10.311161640000002	0.0	0.0	0.0	0.0	0.0	0.0	0.0	0.0	0.0
-10.26916164	0.0	0.0	0.0	0.0	0.0	0.0	0.0	0.0	0.0
-10.227161640000002	0.0	0.0	0.0	0.0	0.0	0.0	0.0	0.0	0.0
-10.186161640000002	0.0	0.0	0.0	0.0	0.0	0.0	0.0	0.0	0.0
-10.14416164	0.0	0.0	0.0	0.0	0.0	0.0	0.0	0.0	0.0
-10.102161640000002	0.0	0.0	0.0	0.0	0.0	0.0	0.0	0.0	0.0
-10.06016164	0.0	0.0	0.0	0.0	0.0	0.0	0.0	0.0	0.0
-10.018161640000002	0.0	0.0	0.0	0.0	0.0	0.0	0.0	0.0	0.0
-9.97616164	0.0	0.0	0.0	0.0	0.0	0.0	0.0	0.0	0.0
-9.93416164	0.0	0.0	0.0	0.0	0.0	0.0	0.0	0.0	0.0
-9.892161640000001	0.0	0.0	0.0	0.0	0.0	0.0	0.0	0.0	0.0
-9.85016164	0.0	0.0	0.0	0.0	0.0	0.0	0.0	0.0	0.0
-9.808161640000002	0.0	0.0	0.0	0.0	0.0	0.0	0.0	0.0	0.0
-9.76616164	0.0	0.0	0.0	0.0	0.0	0.0	0.0	0.0	0.0
-9.724161640000002	5.2494000000000005e-14	8.913391999999998e-15	3.19126e-14	3.3917220000000004e-14	0.0	0.0	0.0	0.0	0.0
-9.683161640000002	4.7769e-12	8.110175e-13	2.90348e-12	3.0859860000000004e-12	0.0	0.0	0.0	0.0	0.0
-9.64116164	3.0967000000000003e-10	5.257227e-11	1.8824000000000001e-10	2.0005850000000002e-10	0.0	0.0	0.0	0.0	0.0
-9.599161640000002	1.42004e-08	2.4105536999999996e-09	8.63292e-09	9.17384e-09	0.0	0.0	0.0	0.0	0.0
-9.55716164	4.6095e-07	7.825699e-08	2.8019600000000003e-07	2.9779e-07	0.0	0.0	0.0	0.0	0.0
-9.515161640000002	1.0594500000000002e-05	1.7986777e-06	6.44025e-06	6.8437e-06	0.0	0.0	0.0	0.0	0.0
-9.47316164	0.00017251999999999998	2.9292953000000007e-05	0.0001048825	0.0001114646	0.0	0.0	0.0	0.0	0.0
-9.431161640000003	0.0019919	0.00033819013	0.001210839	0.0012867649999999998	0.0	0.0	0.0	0.0	0.0
-9.389161640000001	0.016309999999999998	0.0027699242	0.009915720000000001	0.010537409999999999	0.0	0.0	0.0	0.0	0.0
-9.34716164	0.09479100000000001	0.016097057	0.057621500000000006	0.0612395	0.0	0.0	0.0	0.0	0.0
-9.305161640000001	0.39116	0.0664193	0.23780600000000002	0.2526679	0.0	0.0	0.0	0.0	0.0
-9.26316164	1.1467100000000001	0.19472616	0.6970949999999999	0.740696	0.0	0.0	0.0	0.0	0.0
-9.221161640000002	2.3885	0.4055523	1.4520850000000003	1.543012	0.0	0.0	0.0	0.0	0.0
-9.180161640000001	3.536	0.6004328000000001	2.1497100000000002	2.284431	0.0	0.0	0.0	0.0	0.0
-9.13816164	3.7218000000000004	0.6318773	2.26262	2.404443	0.0	0.0	0.0	0.0	0.0
-9.096161640000002	2.7846	0.4727824	1.692779	1.798964	0.0	0.0	0.0	0.0	0.0
-9.05416164	1.4808499999999998	0.25148764999999995	0.9003039999999999	0.956723	0.0	0.0	0.0	0.0	0.0
-9.012161640000002	0.55975	0.09502831	0.34022900000000006	0.3615659	0.0	0.0	0.0	0.0	0.0
-8.97016164	0.150279	0.025518034999999998	0.09135660000000001	0.0970937	0.0	0.0	0.0	0.0	0.0
-8.928161640000003	0.028656000000000004	0.0048650709999999995	0.01742018	0.0185111	0.0	0.0	0.0	0.0	0.0
-8.886161640000001	0.0038778	0.0006585534000000001	0.00235719	0.0025059459999999998	0.0	0.0	0.0	0.0	0.0
-8.84416164	0.00037237	6.322824e-05	0.000226332	0.0002406059	0.0	0.0	0.0	0.0	0.0
-8.802161640000001	2.5351e-05	4.30468e-06	1.541052e-05	1.6377259999999997e-05	0.0	0.0	0.0	0.0	0.0
-8.76016164	1.2230499999999999e-06	2.0769764999999999e-07	7.43538e-07	7.90054e-07	0.0	0.0	0.0	0.0	0.0
-8.718161640000002	4.1784e-08	7.095742000000001e-09	2.54071e-08	2.699969e-08	0.0	0.0	0.0	0.0	0.0
-8.677161640000001	1.01079e-09	1.7160593999999997e-10	6.14404e-10	6.529570000000001e-10	0.0	0.0	0.0	0.0	0.0
-8.63516164	1.7301000000000003e-11	2.9368395000000004e-12	1.0516399999999999e-11	1.117649e-11	0.0	0.0	0.0	0.0	0.0
-8.593161640000002	2.0817e-13	3.535072499999999e-14	1.265688e-13	1.3449099999999999e-13	0.0	0.0	0.0	0.0	0.0
-8.55116164	1.8102e-15	3.0738262e-16	1.100517e-15	1.169426e-15	0.0	0.0	0.0	0.0	0.0
-8.509161640000002	0.0	0.0	0.0	0.0	0.0	0.0	0.0	0.0	0.0
-8.46716164	0.0	0.0	0.0	0.0	0.0	0.0	0.0	0.0	0.0
-8.425161640000002	0.0	0.0	0.0	0.0	0.0	0.0	0.0	0.0	0.0
-8.38316164	0.0	0.0	0.0	0.0	0.0	0.0	0.0	0.0	0.0
-8.34116164	0.0	0.0	0.0	0.0	0.0	0.0	0.0	0.0	0.0
-8.299161640000001	0.0	0.0	0.0	0.0	0.0	0.0	0.0	0.0	0.0
-8.25716164	0.0	0.0	0.0	0.0	0.0	0.0	0.0	0.0	0.0
-8.215161640000002	0.0	0.0	0.0	0.0	0.0	0.0	0.0	0.0	0.0
-8.174161640000001	0.0	0.0	0.0	0.0	0.0	0.0	0.0	0.0	0.0
-8.13216164	2.45303e-15	1.51395e-14	1.9120750500000002e-14	1.1047596000000001e-14	0.0	0.0	0.0	0.0	0.0
-8.090161640000002	2.39964e-13	1.47916e-12	1.8682165e-12	1.0815749999999999e-12	0.0	0.0	0.0	0.0	0.0
-8.04816164	1.66016e-11	1.02288e-10	1.29204952e-10	7.485619999999999e-11	0.0	0.0	0.0	0.0	0.0
-8.006161639999998	8.13382e-10	5.00623e-09	6.3246525000000005e-09	3.670133e-09	0.0	0.0	0.0	0.0	0.0
-7.9641616399999995	2.82431e-08	1.7347399999999998e-07	2.19199161e-07	1.275636e-07	0.0	0.0	0.0	0.0	0.0
-7.92216164	6.95579e-07	4.2604e-06	5.385895300000001e-06	3.147508e-06	0.0	0.0	0.0	0.0	0.0
-7.88016164	1.21794e-05	7.421649999999999e-05	9.3913873e-05	5.52743e-05	0.0	0.0	0.0	0.0	0.0
-7.83816164	0.00015197300000000002	0.0009187150000000001	0.0011641169	0.0006930739999999999	0.0	0.0	0.0	0.0	0.0
-7.79616164	0.0013567299999999998	0.008094559999999999	0.010280977000000002	0.006234	0.0	0.0	0.0	0.0	0.0
-7.75416164	0.00871086	0.0509206	0.064911201	0.0404794	0.0	0.0	0.0	0.0	0.0
-7.712161640000001	0.040532399999999996	0.22959400000000002	0.29433065999999997	0.191573	0.0	0.0	0.0	0.0	0.0
-7.67116164	0.137996	0.746219	0.9650079999999999	0.6677989999999999	0.0	0.0	0.0	0.0	0.0
-7.62916164	0.34776100000000004	1.7623000000000002	2.3079795	1.7352100000000001	0.0	0.0	0.0	0.0	0.0
-7.587161640000001	0.656077	3.0542	4.071155999999999	3.39205	0.0	0.0	0.0	0.0	0.0
-7.545161640000001	0.933276	3.9298100000000002	5.356239	5.007109999999999	0.0	0.0	0.0	0.0	0.0
-7.503161639999999	1.0023819999999999	3.7923199999999997	5.305028	5.56463	0.0	0.0	0.0	0.0	0.0
-7.461161639999999	0.808148	2.7633099999999997	3.967667	4.61664	0.0	0.0	0.0	0.0	0.0
-7.41916164	0.4843754	1.5186099999999998	2.233926	2.82694	0.0	0.0	0.0	0.0	0.0
-7.37716164	0.2132207	0.625272	0.938177	1.263473	0.0	0.0	0.0	0.0	0.0
-7.33516164	0.06826626000000001	0.190796	0.2905175	0.408622	0.0	0.0	0.0	0.0	0.0
-7.29316164	0.015764985	0.0426346	0.0656141	0.0949934	0.0	0.0	0.0	0.0	0.0
-7.25116164	0.0026121575	0.00691493	0.010713609999999998	0.0157997	0.0	0.0	0.0	0.0	0.0
-7.2091616400000005	0.000333452	0.0008450689999999999	0.001330368	0.0019061500000000001	0.0	0.0	0.0	0.0	0.0
-7.16816164	0.000339448	0.0005579179999999999	0.001062926	0.000578025	0.0	0.0	0.0	0.0	0.0
-7.12616164	0.0028292499999999997	0.00442878	0.008649054000000002	0.0037983900000000004	0.0	0.0	0.0	0.0	0.0
-7.0841616400000005	0.018102200000000002	0.028330550000000003	0.05532970000000001	0.024258319999999996	0.0	0.0	0.0	0.0	0.0
-7.042161640000001	0.0822839	0.1287711	0.2514788	0.11025399999999999	0.0	0.0	0.0	0.0	0.0
-7.000161640000001	0.265573	0.415693	0.8118983999999998	0.35595000000000004	0.0	0.0	0.0	0.0	0.0
-6.958161639999999	0.609169	0.953601	1.862145	0.816415	0.0	0.0	0.0	0.0	0.0
-6.9161616399999994	0.993223	1.554533	3.035793	1.330985	0.0	0.0	0.0	0.0	0.0
-6.87416164	1.1511390000000004	1.8015409999999998	3.518033	1.5424669999999998	0.0	0.0	0.0	0.0	0.0
-6.83216164	0.9483029999999999	1.484166	2.898492	1.270736	0.0	0.0	0.0	0.0	0.0
-6.79016164	0.55539	0.8691390000000001	1.697326	0.744149	0.0	0.0	0.0	0.0	0.0
-6.74816164	0.23111399999999999	0.361699	0.7065186000000001	0.3097182	0.0	0.0	0.0	0.0	0.0
-6.70616164	0.06835609999999999	0.1069737	0.2089146	0.09159959999999999	0.0	0.0	0.0	0.0	0.0
-6.66516164	0.01435616	0.022467099999999997	0.0438761	0.0192359	0.0	0.0	0.0	0.0	0.0
-6.62316164	0.00214036	0.00335002	0.006542738999999999	0.002868175	0.0	0.0	0.0	0.0	0.0
-6.58116164	0.000226413	0.00035440499999999997	0.000692119	0.00030346649999999997	0.0	0.0	0.0	0.0	0.0
-6.5391616400000006	1.6987799999999997e-05	2.6586910000000002e-05	5.1918440000000004e-05	2.2764129999999996e-05	0.0	0.0	0.0	0.0	0.0
-6.497161640000001	9.03353e-07	1.4137080000000001e-06	2.760981e-06	1.210478e-06	0.0	0.0	0.0	0.0	0.0
-6.455161639999999	3.40235e-08	5.32481e-08	1.0398497000000001e-07	4.55887e-08	0.0	0.0	0.0	0.0	0.0
-6.413161639999999	9.121120000000001e-10	1.425043e-09	2.80031e-09	1.234424e-09	0.0	0.0	0.0	0.0	0.0
-6.3711616399999995	2.93606e-10	3.105522e-10	1.598419e-09	1.0817100000000002e-09	0.0	0.0	0.0	0.0	0.0
-6.32916164	1.1089820000000001e-08	1.1382637000000002e-08	6.20112e-08	4.24723e-08	0.0	0.0	0.0	0.0	0.0
-6.28716164	3.1488159999999995e-07	3.2324440000000005e-07	1.760723e-06	1.20635e-06	0.0	0.0	0.0	0.0	0.0
-6.24516164	6.33422e-06	6.502697999999999e-06	3.5416899999999996e-05	2.42814e-05	0.0	0.0	0.0	0.0	0.0
-6.20416164	9.03442e-05	9.275091e-05	0.000504928	0.000346713	0.0	0.0	0.0	0.0	0.0
-6.16216164	0.0009143810000000001	0.0009391829000000001	0.00510746	0.0035189	0.0	0.0	0.0	0.0	0.0
-6.12016164	0.006578979999999999	0.006760700999999999	0.036699800000000005	0.025448599999999995	0.0	0.0	0.0	0.0	0.0
-6.07816164	0.03372894	0.03470851	0.18759989999999999	0.131896	0.0	0.0	0.0	0.0	0.0
-6.03616164	0.1237837	0.1277349	0.6844629999999999	0.49465999999999993	0.0	0.0	0.0	0.0	0.0
-5.994161640000001	0.32787330000000003	0.3402349	1.79246	1.36603	0.0	0.0	0.0	0.0	0.0
-5.952161640000001	0.636448	0.6673381	3.40337	2.8570599999999997	0.0	0.0	0.0	0.0	0.0
-5.910161639999999	0.92865	0.991201	4.772	4.68948	0.0	0.0	0.0	0.0	0.0
-5.868161639999999	1.054327	1.15507	5.0864	6.21121	0.0	0.0	0.0	0.0	0.0
-5.82616164	0.960709	1.085634	4.2700000000000005	6.643909999999999	0.0	0.0	0.0	0.0	0.0
-5.78416164	0.7091850000000001	0.8242109999999999	2.8972	5.58906	0.0	0.0	0.0	0.0	0.0
-5.74216164	0.41498900000000005	0.49243800000000004	1.5848600000000002	3.5696	0.0	0.0	0.0	0.0	0.0
-5.70116164	0.18592540000000005	0.22339670000000003	0.67925	1.6818730000000002	0.0	0.0	0.0	0.0	0.0
-5.65916164	0.0618106	0.0747578	0.22020500000000004	0.574162	0.0	0.0	0.0	0.0	0.0
-5.61716164	0.014935910000000002	0.01813347	0.0525148	0.1406454	0.0	0.0	0.0	0.0	0.0
-5.57516164	0.002593053	0.0031529	0.00905697	0.024578399999999997	0.0	0.0	0.0	0.0	0.0
-5.53316164	0.0003213418	0.00039105714000000003	0.001118676	0.0030553000000000004	0.0	0.0	0.0	0.0	0.0
-5.4911616400000005	2.832406e-05	3.447919399999999e-05	9.84481e-05	0.000269706	0.0	0.0	0.0	0.0	0.0
-5.449161640000001	1.772392e-06	2.1582037999999997e-06	6.155830000000001e-06	1.689128e-05	0.0	0.0	0.0	0.0	0.0
-5.407161640000001	7.863601e-08	9.5759715e-08	2.729807e-07	7.497589999999999e-07	0.0	0.0	0.0	0.0	0.0
-5.365161639999999	2.47139e-09	3.0091232999999994e-09	8.57901e-09	2.35612e-08	0.0	0.0	0.0	0.0	0.0
-5.3231616399999995	5.497441e-11	6.695458700000002e-11	1.9083269999999998e-10	5.24249e-10	0.0	0.0	0.0	0.0	0.0
-5.28116164	8.652360999999999e-13	1.05378056e-12	3.002977e-12	8.25195e-12	0.0	0.0	0.0	0.0	0.0
-5.23916164	9.675107000000002e-15	1.1784129399999998e-14	3.358619e-14	9.227410000000001e-14	0.0	0.0	0.0	0.0	0.0
-5.1981616399999995	0.0	0.0	0.0	0.0	0.0	0.0	0.0	0.0	0.0
-5.15616164	0.0	0.0	0.0	0.0	0.0	0.0	0.0	0.0	0.0
-5.11416164	0.0	0.0	0.0	0.0	0.0	0.0	0.0	0.0	0.0
-5.07216164	0.0	0.0	0.0	0.0	0.0	0.0	0.0	0.0	0.0
-5.03016164	0.0	0.0	0.0	0.0	0.0	0.0	0.0	0.0	0.0
-4.98816164	0.0	0.0	0.0	0.0	0.0	0.0	0.0	0.0	0.0
-4.946161640000001	0.0	0.0	0.0	0.0	0.0	0.0	0.0	0.0	0.0
-4.904161640000001	0.0	0.0	0.0	0.0	0.0	0.0	0.0	0.0	0.0
-4.862161639999999	0.0	0.0	0.0	0.0	0.0	0.0	0.0	0.0	0.0
-4.820161639999999	0.0	0.0	0.0	0.0	0.0	0.0	0.0	0.0	0.0
-4.7781616399999995	0.0	0.0	0.0	0.0	0.0	0.0	0.0	0.0	0.0
-4.73616164	2.7687459999999996e-16	2.577672e-14	5.38281e-15	1.3488900000000001e-15	0.0	0.0	0.0	0.0	0.0
-4.695161639999999	2.816598e-14	2.622674e-12	5.47703e-13	1.372517e-13	0.0	0.0	0.0	0.0	0.0
-4.6531616399999995	2.003145e-12	1.865035e-10	3.89469e-11	9.7598e-12	0.0	0.0	0.0	0.0	0.0
-4.61116164	1.007829e-10	9.38365e-09	1.959573e-09	4.910370000000001e-10	0.0	0.0	0.0	0.0	0.0
-4.56916164	3.588148e-09	3.3411029999999994e-07	6.97706e-08	1.74826e-08	0.0	0.0	0.0	0.0	0.0
-4.52716164	9.04559e-08	8.421650000000001e-06	1.758884e-06	4.4071100000000006e-07	0.0	0.0	0.0	0.0	0.0
-4.48516164	1.615318e-06	0.00015042170000000002	3.1406959999999997e-05	7.87123e-06	0.0	0.0	0.0	0.0	0.0
-4.4431616400000005	2.045017e-05	0.0019041320000000002	0.0003976797	9.96445e-05	0.0	0.0	0.0	0.0	0.0
-4.401161640000001	0.00018358840000000002	0.017093530000000003	0.003569437	0.000894543	0.0	0.0	0.0	0.0	0.0
-4.359161640000001	0.001169605	0.10889839999999999	0.022740530000000002	0.00569955	0.0	0.0	0.0	0.0	0.0
-4.317161639999999	0.0052900759999999995	0.49250959999999994	0.1028503	0.0257717	0.0	0.0	0.0	0.0	0.0
-4.275161639999999	0.0169896	1.5822110000000003	0.3303639	0.0827862	0.0	0.0	0.0	0.0	0.0
-4.23316164	0.03878256	3.6116089999999996	0.7541249999999999	0.188983	0.0	0.0	0.0	0.0	0.0
-4.192161639999999	0.06292587	5.858191	1.223509	0.306548	0.0	0.0	0.0	0.0	0.0
-4.150161639999999	0.0725633	6.756129	1.4108680000000002	0.35350600000000004	0.0	0.0	0.0	0.0	0.0
-4.10816164	0.05948400000000001	5.5384910000000005	1.156586	0.289859	0.0	0.0	0.0	0.0	0.0
-4.06616164	0.03466971	3.227735	0.6740720000000001	0.16892	0.0	0.0	0.0	0.0	0.0
-4.02416164	0.01435987	1.3374460000000001	0.27958530000000004	0.07019750000000001	0.0	0.0	0.0	0.0	0.0
-3.98216164	0.004241564	0.4001167	0.0863415	0.022914800000000003	0.0	0.0	0.0	0.0	0.0
-3.9401616400000004	0.0009949100000000001	0.1290533	0.04614575	0.020450299999999998	0.0	0.0	0.0	0.0	0.0
-3.8981616400000005	0.0006814080000000001	0.24260762	0.14507380000000003	0.0800611	0.0	0.0	0.0	0.0	0.0
-3.8561616400000007	0.001936569	0.80606303	0.49819549	0.2775351	0.0	0.0	0.0	0.0	0.0
-3.814161640000001	0.004772566999999999	1.9978929	1.23567495	0.688611	0.0	0.0	0.0	0.0	0.0
-3.7721616399999993	0.008415713	3.5225962	2.178918	1.214411	0.0	0.0	0.0	0.0	0.0
-3.7301616399999995	0.010552627	4.4172215	2.7326008699999997	1.5226860000000002	0.0	0.0	0.0	0.0	0.0
-3.689161640000001	0.009405643	3.9373772000000002	2.43625593	1.35727	0.0	0.0	0.0	0.0	0.0
-3.6471616399999993	0.005959587	2.49478836	1.5431791000000001	0.8598889999999999	0.0	0.0	0.0	0.0	0.0
-3.6051616399999995	0.0026843181	1.12337621	0.69500099	0.3872303	0.0	0.0	0.0	0.0	0.0
-3.5631616399999997	0.0008671221	0.35979203000000004	0.22276465	0.1241406	0.0	0.0	0.0	0.0	0.0
-3.52116164	0.00028887190000000004	0.08486483	0.05395725	0.03089257	0.0	0.0	0.0	0.0	0.0
-3.47916164	0.0007710050000000001	0.03871487	0.0354617	0.027448900000000002	0.0	0.0	0.0	0.0	0.0
-3.4371616400000002	0.0041489000000000005	0.14763980000000002	0.15572939999999996	0.13692990000000002	0.0	0.0	0.0	0.0	0.0
-3.3951616400000004	0.01650782	0.5949304000000001	0.6237570000000001	0.5776669	0.0	0.0	0.0	0.0	0.0
-3.3531616400000006	0.0467162	1.721978	1.787469	1.739675	0.0	0.0	0.0	0.0	0.0
-3.311161640000001	0.09398709999999999	3.549018	3.644382	3.727044	0.0	0.0	0.0	0.0	0.0
-3.269161639999999	0.13447599999999998	5.208095	5.28846	5.68227	0.0	0.0	0.0	0.0	0.0
-3.2271616399999994	0.13685340000000001	5.4417219999999995	5.46226	6.165175	0.0	0.0	0.0	0.0	0.0
-3.186161640000001	0.0990451	4.049592	4.01742	4.760154	0.0	0.0	0.0	0.0	0.0
-3.144161639999999	0.05099609999999999	2.14553	2.102351	2.6147349999999996	0.0	0.0	0.0	0.0	0.0
-3.1021616399999994	0.018664359999999998	0.8095401	0.783624	1.0224360000000001	0.0	0.0	0.0	0.0	0.0
-3.0601616399999996	0.0048787	0.2191593	0.2092469	0.29206599999999994	0.0	0.0	0.0	0.0	0.0
-3.0181616399999998	0.001043823	0.054741899999999996	0.0501611	0.11440623999999998	0.0	0.0	0.0	0.0	0.0
-2.97616164	0.000849351	0.07216061	0.0605391	0.30114506999999996	0.0	0.0	0.0	0.0	0.0
-2.93416164	0.0026211932899999997	0.2380736	0.19785521999999997	1.04804049	0.0	0.0	0.0	0.0	0.0
-2.8921616400000003	0.006622987110000001	0.602337716	0.50061869	2.6560269100000005	0.0	0.0	0.0	0.0	0.0
-2.8501616400000005	0.0119364482	1.0856657279	0.90229794	4.7871993999999995	0.0	0.0	0.0	0.0	0.0
-2.8081616400000007	0.015294102600000001	1.3911078854	1.1561139	6.1336014	0.0	0.0	0.0	0.0	0.0
-2.766161640000001	0.0139296782	1.2671224928000002	1.0529526	5.5864043	0.0	0.0	0.0	0.0	0.0
-2.7241616399999993	0.009020766999999999	0.820427286	0.68179756	3.6167541	0.0	0.0	0.0	0.0	0.0
-2.6831616400000007	0.0041578897	0.37820044999999997	0.31399549	1.66484114	0.0	0.0	0.0	0.0	0.0
-2.641161640000001	0.0014264380000000001	0.12961343	0.10491740000000001	0.54575249	0.0	0.0	0.0	0.0	0.0
-2.5991616399999993	0.0008124410000000001	0.07298637	0.0405024	0.13676319999999997	0.0	0.0	0.0	0.0	0.0
-2.5571616399999995	0.0025914759999999997	0.23107211	0.089113	0.07348999999999999	0.0	0.0	0.0	0.0	0.0
-2.5151616399999996	0.0092167205	0.8215585	0.30943620000000005	0.19337900000000002	0.0	0.0	0.0	0.0	0.0
-2.47316164	0.023738213	2.1159104	0.7963132999999999	0.492296	0.0	0.0	0.0	0.0	0.0
-2.43116164	0.043473936000000005	3.8750029999999995	1.4583649	0.9013100000000001	0.0	0.0	0.0	0.0	0.0
-2.38916164	0.056601464	5.0447560000000005	1.8991042	1.17337	0.0	0.0	0.0	0.0	0.0
-2.3471616400000004	0.052382942	4.6692100000000005	1.7571562	1.08605	0.0	0.0	0.0	0.0	0.0
-2.3051616400000006	0.034466883999999996	3.071991	1.1561322	0.71449	0.0	0.0	0.0	0.0	0.0
-2.2631616400000008	0.0161158888	1.436467	0.5405694	0.334098	0.0	0.0	0.0	0.0	0.0
-2.221161639999999	0.005354891499999999	0.47730510000000004	0.17963594000000002	0.111003	0.0	0.0	0.0	0.0	0.0
-2.1801616400000006	0.00126377141	0.11265468000000001	0.042396079999999996	0.026205100000000002	0.0	0.0	0.0	0.0	0.0
-2.1381616400000008	0.000211758694	0.018878922	0.007105531	0.00439092	0.0	0.0	0.0	0.0	0.0
-2.096161639999999	2.518896e-05	0.0022453752999999996	0.0008452379000000001	0.0005222240000000002	0.0	0.0	0.0	0.0	0.0
-2.0541616399999993	2.175072e-06	0.00019137699999999998	7.74405e-05	4.48055e-05	0.0	0.0	0.0	0.0	0.0
-2.0121616399999995	1.022378e-06	4.664880000000001e-05	0.00011435189999999999	1.6168970000000002e-05	0.0	0.0	0.0	0.0	0.0
-1.9701616399999997	1.1338329999999998e-05	0.00044763459999999996	0.001393544	0.000171335	0.0	0.0	0.0	0.0	0.0
-1.92816164	0.00010172910000000001	0.0040137396	0.012507345000000001	0.001537265	0.0	0.0	0.0	0.0	0.0
-1.88616164	0.000647984	0.025563983000000002	0.07966976999999999	0.009792243999999999	0.0	0.0	0.0	0.0	0.0
-1.8441616400000003	0.0029308809999999998	0.115629385	0.36025799999999997	0.04428058	0.0	0.0	0.0	0.0	0.0
-1.8021616400000005	0.00941229	0.37136555000000004	1.1572302	0.14222439999999997	0.0	0.0	0.0	0.0	0.0
-1.7601616400000006	0.021476290000000002	0.84755301	2.6408430000000003	0.3246532	0.0	0.0	0.0	0.0	0.0
-1.7181616400000008	0.03484288	1.3747356999999998	4.283976000000001	0.5265504999999999	0.0	0.0	0.0	0.0	0.0
-1.6771616400000005	0.04017523	1.5848787	4.9403760000000005	0.6071624999999999	0.0	0.0	0.0	0.0	0.0
-1.6351616400000006	0.032936560000000004	1.2994663000000002	4.049603	0.4977313	0.0	0.0	0.0	0.0	0.0
-1.5931616400000008	0.01919522	0.75720307	2.3598790000000003	0.2900648	0.0	0.0	0.0	0.0	0.0
-1.5511616399999992	0.0079487	0.31370566999999994	0.9772946000000001	0.12056489999999999	0.0	0.0	0.0	0.0	0.0
-1.5091616399999994	0.002347301	0.09374895	0.29026959999999996	0.04026592999999999	0.0	0.0	0.0	0.0	0.0
-1.4671616399999996	0.0005509849999999999	0.0300274	0.07968097	0.04281824000000001	0.0	0.0	0.0	0.0	0.0
-1.4251616399999998	0.00039109	0.057762259999999996	0.10903151999999999	0.18204523	0.0	0.0	0.0	0.0	0.0
-1.38316164	0.001162893	0.19937789999999997	0.36392799	0.6562822	0.0	0.0	0.0	0.0	0.0
-1.3411616400000002	0.0029767599999999997	0.5128910999999999	0.9353849499999999	1.6909296000000003	0.0	0.0	0.0	0.0	0.0
-1.2991616400000003	0.0054495233	0.9392119999999999	1.7125363	3.0952705999999997	0.0	0.0	0.0	0.0	0.0
-1.2571616400000005	0.007097898	1.222466	2.2289086	4.0282098	0.0	0.0	0.0	0.0	0.0
-1.2151616400000007	0.006620905	1.1329990000000003	2.0623483	3.7277651	0.0	0.0	0.0	0.0	0.0
-1.1741616400000003	0.004836229	0.7621709999999999	1.35673265	2.4526353999999997	0.0	0.0	0.0	0.0	0.0
-1.1321616400000005	0.005305809	0.464005	0.6366237	1.1526116	0.0	0.0	0.0	0.0	0.0
-1.0901616400000007	0.01542868	0.63855	0.2223041	0.4102974	0.0	0.0	0.0	0.0	0.0
-1.048161640000001	0.047222650000000005	1.7059300000000002	0.09304818000000001	0.1849705	0.0	0.0	0.0	0.0	0.0
-1.0061616399999993	0.1067833	3.8753	0.1427816	0.235263	0.0	0.0	0.0	0.0	0.0
-0.9641616399999995	0.1726693	6.522499999999999	0.3695438	0.3764439999999999	0.0	0.0	0.0	0.0	0.0
-0.9221616399999997	0.2002157	8.333300000000001	0.8751359999999999	0.4894799999999999	0.0	0.0	0.0	0.0	0.0
-0.8801616399999999	0.1683678	8.6278	1.67368	0.5300799999999999	0.0	0.0	0.0	0.0	0.0
-0.83816164	0.10580200000000001	7.7878	2.43108	0.5305390000000001	0.0	0.0	0.0	0.0	0.0
-0.7961616400000002	0.0525578	6.27358	2.645615	0.582801	0.0	0.0	0.0	0.0	0.0
-0.7541616400000004	0.0224124	4.4462	2.3105230000000003	0.8886449999999999	0.0	0.0	0.0	0.0	0.0
-0.7121616400000006	0.00885772	3.0301600000000004	2.0295231	1.6805232	0.0	0.0	0.0	0.0	0.0
-0.6711616400000002	0.00366008	2.5057480000000005	2.198071	2.8223472999999997	0.0	0.0	0.0	0.0	0.0
-0.6291616400000004	0.00216927	2.4697702	2.5140396999999997	3.6695237999999994	0.0	0.0	0.0	0.0	0.0
-0.5871616400000006	0.002243422	2.31325063	2.612312	3.8027103999999996	0.0	0.0	0.0	0.0	0.0
-0.5451616400000008	0.003196149	2.032414429	2.6788687	3.6543772	0.0	0.0	0.0	0.0	0.0
-0.5031616399999992	0.004528456	1.8912666140000003	2.93997397	3.7320278000000005	0.0	0.0	0.0	0.0	0.0
-0.4611616399999994	0.005163463	1.7748246787	3.0185930900000004	3.6913864600000004	0.0	0.0	0.0	0.0	0.0
-0.41916163999999956	0.0043441912	1.401193892	2.458913139	2.9700496800000007	0.0	0.0	0.0	0.0	0.0
-0.37716163999999974	0.0026254649	0.8315333913699999	1.4720949597	1.7719129459999998	0.0	0.0	0.0	0.0	0.0
-0.3351616399999999	0.00113084553	0.35636366502999994	0.6327508459999999	0.7607146130000001	0.0	0.0	0.0	0.0	0.0
-0.2931616400000001	0.000346381468	0.109009157173	0.19368063982999997	0.23275753389999998	0.0	0.0	0.0	0.0	0.0
-0.2511616400000003	7.53510047e-05	0.023712830077	0.042124970623999995	0.05063794580000001	0.0	0.0	0.0	0.0	0.0
-0.21016163999999993	1.1640162020000002e-05	0.0036615908045	0.006507376033000001	0.00782021491	0.0	0.0	0.0	0.0	0.0
-0.1681616400000001	1.2758637539999997e-06	0.00040135959836	0.00071328524027	0.000857274016	0.0	0.0	0.0	0.0	0.0
-0.1261616400000003	9.918833809999999e-08	3.120138709299999e-05	5.5448526995e-05	6.663581330000001e-05	0.0	0.0	0.0	0.0	0.0
-0.0841616399999996	5.465250719999999e-09	1.7192784328e-06	3.0553148751e-06	3.6717050000000003e-06	0.0	0.0	0.0	0.0	0.0
-0.04216163999999978	2.133152152e-10	6.711177687500001e-08	1.1925072102999998e-07	1.4331766710000002e-07	0.0	0.0	0.0	0.0	0.0
-0.00016163999999996292	5.89482756e-12	1.8550657741000002e-09	3.2955389753e-09	3.96064598e-09	0.0	0.0	0.0	0.0	0.0
0.04183835999999985	1.152831954e-13	3.6265107413000004e-11	6.443780912200001e-11	7.74517862e-11	0.0	0.0	0.0	0.0	0.0
0.08383835999999967	1.59725853e-15	5.024771157499999e-13	8.928672525e-13	1.073064273e-12	0.0	0.0	0.0	0.0	0.0
0.12583836000000037	1.447753885e-17	4.5548091384000005e-15	8.092300820000001e-15	9.726006660000001e-15	0.0	0.0	0.0	0.0	0.0
0.1678383600000002	0.0	0.0	0.0	0.0	0.0	0.0	0.0	0.0	0.0
0.20983836	0.0	0.0	0.0	0.0	0.0	0.0	0.0	0.0	0.0
0.2518383599999998	0.0	0.0	0.0	0.0	0.0	0.0	0.0	0.0	0.0
0.2928383600000002	0.0	0.0	0.0	0.0	0.0	0.0	0.0	0.0	0.0
0.33483836	0.0	0.0	0.0	0.0	0.0	0.0	0.0	0.0	0.0
0.3768383599999998	0.0	0.0	0.0	0.0	0.0	0.0	0.0	0.0	0.0
0.41883835999999963	0.0	0.0	0.0	0.0	0.0	0.0	0.0	0.0	0.0
0.46083836000000034	0.0	0.0	0.0	0.0	0.0	0.0	0.0	0.0	0.0
0.5028383600000002	0.0	0.0	0.0	0.0	0.0	0.0	0.0	0.0	0.0
0.54483836	0.0	0.0	0.0	0.0	0.0	0.0	0.0	0.0	0.0
0.5868383599999998	0.0	0.0	0.0	0.0	0.0	0.0	0.0	0.0	0.0
0.6288383599999996	0.0	0.0	0.0	0.0	0.0	0.0	0.0	0.0	0.0
0.6708383600000003	0.0	0.0	0.0	0.0	0.0	0.0	0.0	0.0	0.0
0.7128383600000001	0.0	0.0	0.0	0.0	0.0	0.0	0.0	0.0	0.0
0.7548383599999999	0.0	0.0	0.0	0.0	0.0	0.0	0.0	0.0	0.0
0.7958383600000003	0.0	0.0	0.0	0.0	0.0	0.0	0.0	0.0	0.0
0.8378383600000001	0.0	0.0	0.0	0.0	0.0	0.0	0.0	0.0	0.0
0.8798383599999999	0.0	0.0	0.0	0.0	0.0	0.0	0.0	0.0	0.0
0.9218383599999997	0.0	0.0	0.0	0.0	0.0	0.0	0.0	0.0	0.0
0.9638383599999996	0.0	0.0	0.0	0.0	0.0	0.0	0.0	0.0	0.0
1.0058383600000003	0.0	0.0	0.0	0.0	0.0	0.0	0.0	0.0	0.0
1.04783836	0.0	0.0	0.0	0.0	0.0	0.0	0.0	0.0	0.0
1.08983836	0.0	0.0	0.0	0.0	0.0	0.0	0.0	0.0	0.0
1.1318383599999997	0.0	0.0	0.0	0.0	0.0	0.0	0.0	0.0	0.0
1.1738383600000004	0.0	0.0	0.0	0.0	0.0	0.0	0.0	0.0	0.0
1.2158383600000002	0.0	0.0	0.0	0.0	0.0	0.0	0.0	0.0	0.0
1.25783836	0.0	0.0	0.0	0.0	0.0	0.0	0.0	0.0	0.0
1.2988383600000004	0.0	0.0	0.0	0.0	0.0	0.0	0.0	0.0	0.0
1.3408383600000002	0.0	0.0	0.0	0.0	0.0	0.0	0.0	0.0	0.0
1.38283836	0.0	0.0	0.0	0.0	0.0	0.0	0.0	0.0	0.0
1.4248383599999999	0.0	0.0	0.0	0.0	0.0	0.0	0.0	0.0	0.0
1.4668383599999997	0.0	0.0	0.0	0.0	0.0	0.0	0.0	0.0	0.0
1.5088383600000004	0.0	0.0	0.0	0.0	0.0	0.0	0.0	0.0	0.0
1.5508383600000002	0.0	0.0	0.0	0.0	0.0	0.0	0.0	0.0	0.0
1.59283836	0.0	0.0	0.0	0.0	0.0	0.0	0.0	0.0	0.0
1.6348383599999998	0.0	0.0	0.0	0.0	0.0	0.0	0.0	0.0	0.0
1.6768383599999996	0.0	0.0	0.0	0.0	0.0	0.0	0.0	0.0	0.0
1.7188383600000003	0.0	0.0	0.0	0.0	0.0	0.0	0.0	0.0	0.0
1.7608383600000002	0.0	0.0	0.0	0.0	0.0	0.0	0.0	0.0	0.0
1.8018383599999996	0.0	0.0	0.0	0.0	0.0	0.0	0.0	0.0	0.0
1.8438383600000003	0.0	0.0	0.0	0.0	0.0	0.0	0.0	0.0	0.0
1.8858383600000002	0.0	0.0	0.0	0.0	0.0	0.0	0.0	0.0	0.0
1.92783836	0.0	0.0	0.0	0.0	0.0	0.0	0.0	0.0	0.0
1.9698383599999998	0.0	0.0	0.0	0.0	0.0	0.0	0.0	0.0	0.0
2.0118383599999996	0.0	0.0	0.0	0.0	0.0	0.0	0.0	0.0	0.0
2.0538383600000003	0.0	0.0	0.0	0.0	0.0	0.0	0.0	0.0	0.0
2.09583836	0.0	0.0	0.0	0.0	0.0	0.0	0.0	0.0	0.0
2.13783836	0.0	0.0	0.0	0.0	0.0	0.0	0.0	0.0	0.0
2.1798383599999998	0.0	0.0	0.0	0.0	0.0	0.0	0.0	0.0	0.0
2.2218383599999996	0.0	0.0	0.0	0.0	0.0	0.0	0.0	0.0	0.0
2.2638383600000003	0.0	0.0	0.0	0.0	0.0	0.0	0.0	0.0	0.0
2.3048383599999998	0.0	0.0	0.0	0.0	0.0	0.0	0.0	0.0	0.0
2.3468383599999996	0.0	0.0	0.0	0.0	0.0	0.0	0.0	0.0	0.0
2.3888383600000003	0.0	0.0	0.0	0.0	0.0	0.0	0.0	0.0	0.0
2.43083836	0.0	0.0	0.0	0.0	0.0	0.0	0.0	0.0	0.0
2.47283836	0.0	0.0	0.0	0.0	0.0	0.0	0.0	0.0	0.0
2.5148383599999997	0.0	0.0	0.0	0.0	0.0	0.0	0.0	0.0	0.0
2.5568383599999995	0.0	0.0	0.0	0.0	0.0	0.0	0.0	0.0	0.0
2.5988383600000002	0.0	0.0	0.0	0.0	0.0	0.0	0.0	0.0	0.0
2.64083836	0.0	0.0	0.0	0.0	0.0	0.0	0.0	0.0	0.0
2.68283836	0.0	0.0	0.0	0.0	0.0	0.0	0.0	0.0	0.0
2.7248383599999997	0.0	0.0	0.0	0.0	0.0	0.0	0.0	0.0	0.0
2.7668383600000004	0.0	0.0	0.0	0.0	0.0	0.0	0.0	0.0	0.0
2.80783836	0.0	0.0	0.0	0.0	0.0	0.0	0.0	0.0	0.0
2.8498383599999997	0.0	0.0	0.0	0.0	0.0	0.0	0.0	0.0	0.0
2.8918383600000004	0.0	0.0	0.0	0.0	0.0	0.0	0.0	0.0	0.0
2.93383836	0.0	0.0	0.0	0.0	0.0	0.0	0.0	0.0	0.0
2.97583836	0.0	0.0	0.0	0.0	0.0	0.0	0.0	0.0	0.0
3.01783836	0.0	0.0	0.0	0.0	0.0	0.0	0.0	0.0	0.0
3.0598383599999996	0.0	0.0	0.0	0.0	0.0	0.0	0.0	0.0	0.0
3.1018383600000003	0.0	0.0	0.0	0.0	0.0	0.0	0.0	0.0	0.0
3.14383836	0.0	0.0	0.0	0.0	0.0	0.0	0.0	0.0	0.0
3.18583836	0.0	0.0	0.0	0.0	0.0	0.0	0.0	0.0	0.0
3.22783836	0.0	0.0	0.0	0.0	0.0	0.0	0.0	0.0	0.0
3.2698383599999996	0.0	0.0	0.0	0.0	0.0	0.0	0.0	0.0	0.0
3.31083836	0.0	0.0	0.0	0.0	0.0	0.0	0.0	0.0	0.0
3.35283836	0.0	0.0	0.0	0.0	0.0	0.0	0.0	0.0	0.0
3.3948383599999996	0.0	0.0	0.0	0.0	0.0	0.0	0.0	0.0	0.0
3.4368383600000003	0.0	0.0	0.0	0.0	0.0	0.0	0.0	0.0	0.0
3.47883836	0.0	0.0	0.0	0.0	0.0	0.0	0.0	0.0	0.0
3.52083836	0.0	0.0	0.0	0.0	0.0	0.0	0.0	0.0	0.0
3.5628383599999998	0.0	0.0	0.0	0.0	0.0	0.0	0.0	0.0	0.0
3.6048383599999996	0.0	0.0	0.0	0.0	0.0	0.0	0.0	0.0	0.0
3.6468383600000003	0.0	0.0	0.0	0.0	0.0	0.0	0.0	0.0	0.0
3.68883836	0.0	0.0	0.0	0.0	0.0	0.0	0.0	0.0	0.0
3.73083836	0.0	0.0	0.0	0.0	0.0	0.0	0.0	0.0	0.0
3.7728383599999997	0.0	0.0	0.0	0.0	0.0	0.0	0.0	0.0	0.0
3.81383836	0.0	0.0	0.0	0.0	0.0	0.0	0.0	0.0	0.0
3.85583836	0.0	0.0	0.0	0.0	0.0	0.0	0.0	0.0	0.0
3.89783836	0.0	0.0	0.0	0.0	0.0	0.0	0.0	0.0	0.0
3.93983836	0.0	0.0	0.0	0.0	0.0	0.0	0.0	0.0	0.0
3.98183836	0.0	0.0	0.0	0.0	0.0	0.0	0.0	0.0	0.0
4.02383836	0.0	0.0	0.0	0.0	0.0	0.0	0.0	0.0	0.0
4.06583836	0.0	0.0	0.0	0.0	0.0	0.0	0.0	0.0	0.0
4.107838360000001	0.0	0.0	0.0	0.0	0.0	0.0	0.0	0.0	0.0
4.14983836	0.0	0.0	0.0	0.0	0.0	0.0	0.0	0.0	0.0
4.19183836	0.0	0.0	0.0	0.0	0.0	0.0	0.0	0.0	0.0
4.23383836	0.0	0.0	0.0	0.0	0.0	0.0	0.0	0.0	0.0
4.27583836	0.0	0.0	0.0	0.0	0.0	0.0	0.0	0.0	0.0
4.31683836	0.0	0.0	0.0	0.0	0.0	0.0	0.0	0.0	0.0
4.35883836	0.0	0.0	0.0	0.0	0.0	0.0	0.0	0.0	0.0
4.40083836	0.0	0.0	0.0	0.0	0.0	0.0	0.0	0.0	0.0
4.44283836	0.0	0.0	0.0	0.0	0.0	0.0	0.0	0.0	0.0
4.4848383599999995	0.0	0.0	0.0	0.0	0.0	0.0	0.0	0.0	0.0
4.52683836	0.0	0.0	0.0	0.0	0.0	0.0	0.0	0.0	0.0
4.56883836	0.0	0.0	0.0	0.0	0.0	0.0	0.0	0.0	0.0
4.61083836	0.0	0.0	0.0	0.0	0.0	0.0	0.0	0.0	0.0
4.6528383600000005	0.0	0.0	0.0	0.0	0.0	0.0	0.0	0.0	0.0
4.69483836	0.0	0.0	0.0	0.0	0.0	0.0	0.0	0.0	0.0
4.73683836	0.0	0.0	0.0	0.0	0.0	0.0	0.0	0.0	0.0
4.77883836	0.0	0.0	0.0	0.0	0.0	0.0	0.0	0.0	0.0
4.81983836	0.0	0.0	0.0	0.0	0.0	0.0	0.0	0.0	0.0
4.86183836	0.0	0.0	0.0	0.0	0.0	0.0	0.0	0.0	0.0
4.90383836	0.0	0.0	0.0	0.0	0.0	0.0	0.0	0.0	0.0
4.94583836	0.0	0.0	0.0	0.0	0.0	0.0	0.0	0.0	0.0
4.98783836	0.0	0.0	0.0	0.0	0.0	0.0	0.0	0.0	0.0
5.029838359999999	0.0	0.0	0.0	0.0	0.0	0.0	0.0	0.0	0.0
5.07183836	0.0	0.0	0.0	0.0	0.0	0.0	0.0	0.0	0.0
5.11383836	0.0	0.0	0.0	0.0	0.0	0.0	0.0	0.0	0.0
5.155838360000001	0.0	0.0	0.0	0.0	0.0	0.0	0.0	0.0	0.0
5.19783836	0.0	0.0	0.0	0.0	0.0	0.0	0.0	0.0	0.0
5.23983836	0.0	0.0	0.0	0.0	0.0	0.0	0.0	0.0	0.0
5.28183836	0.0	0.0	0.0	0.0	0.0	0.0	0.0	0.0	0.0
5.32283836	0.0	0.0	0.0	0.0	0.0	0.0	0.0	0.0	0.0
5.36483836	0.0	0.0	0.0	0.0	0.0	0.0	0.0	0.0	0.0
5.40683836	0.0	0.0	0.0	0.0	0.0	0.0	0.0	0.0	0.0
5.44883836	0.0	0.0	0.0	0.0	0.0	0.0	0.0	0.0	0.0
5.49083836	0.0	0.0	0.0	0.0	0.0	0.0	0.0	0.0	0.0
5.5328383599999995	0.0	0.0	0.0	0.0	0.0	0.0	0.0	0.0	0.0
5.574838359999999	3.010406e-16	3.122e-16	3.5025070399999997e-16	4.315833e-16	0.0	0.0	0.0	0.0	0.0
5.61683836	4.786572e-14	4.9637899999999997e-14	5.56941248e-14	6.861396999999999e-14	0.0	0.0	0.0	0.0	0.0
5.65883836	4.061193e-12	4.21153e-12	4.72505231e-12	5.821399999999999e-12	0.0	0.0	0.0	0.0	0.0
5.7008383600000005	2.441481e-10	2.53185e-10	2.84020084e-10	3.499767e-10	0.0	0.0	0.0	0.0	0.0
5.74283836	1.0383482000000001e-08	1.07673e-08	1.20796812e-08	1.4884250000000001e-08	0.0	0.0	0.0	0.0	0.0
5.78483836	3.126237e-07	3.24157e-07	3.63706649e-07	4.4811510000000003e-07	0.0	0.0	0.0	0.0	0.0
5.82583836	6.665375e-06	6.911599999999999e-06	7.7533842e-06	9.554507e-06	0.0	0.0	0.0	0.0	0.0
5.86783836	0.00010069996	0.000104414	0.00011715167200000002	0.00014434217	0.0	0.0	0.0	0.0	0.0
5.90983836	0.0010787375	0.00111844	0.00125494963	0.001546274	0.0	0.0	0.0	0.0	0.0
5.95183836	0.008196695	0.008499099999999999	0.0095359636	0.011749615000000001	0.0	0.0	0.0	0.0	0.0
5.99383836	0.044207380000000004	0.0458476	0.05143932849999999	0.06337204	0.0	0.0	0.0	0.0	0.0
6.03583836	0.16929035	0.175592	0.196991039	0.24273260000000002	0.0	0.0	0.0	0.0	0.0
6.077838359999999	0.46079970000000003	0.477719	0.5360123210000001	0.6605009999999999	0.0	0.0	0.0	0.0	0.0
6.11983836	0.8908872	0.9239	1.03644326	1.2770711	0.0	0.0	0.0	0.0	0.0
6.16183836	1.2244916	1.26974	1.4244554699999998	1.7552145	0.0	0.0	0.0	0.0	0.0
6.20383836	1.1963247	1.24059	1.3917441100000003	1.7149408000000002	0.0	0.0	0.0	0.0	0.0
6.2458383600000005	0.8309845	0.86175	0.9667394999999999	1.1911717999999998	0.0	0.0	0.0	0.0	0.0
6.28683836	0.41027020000000003	0.4254	0.477244683	0.5881042999999999	0.0	0.0	0.0	0.0	0.0
6.32883836	0.14389081	0.14924300000000001	0.167425018	0.20634249000000002	0.0	0.0	0.0	0.0	0.0
6.3708383600000005	0.035871310000000003	0.0371897	0.0417240431	0.051423	0.0	0.0	0.0	0.0	0.0
6.41283836	0.006347547	0.00658184	0.00738370119	0.009098297	0.0	0.0	0.0	0.0	0.0
6.45483836	0.0007971440000000001	0.00082665	0.00092743322	0.0011427327000000003	0.0	0.0	0.0	0.0	0.0
6.49683836	7.12657e-05	7.37439e-05	8.312015299999999e-05	0.00010197457	0.0	0.0	0.0	0.0	0.0
6.53883836	9.89762e-06	6.853e-06	1.64454e-05	1.0235700000000001e-05	0.0	0.0	0.0	0.0	0.0
6.5808383599999996	8.53227e-05	3.49265e-05	0.00017682570000000002	6.06734e-05	0.0	0.0	0.0	0.0	0.0
6.62283836	0.000950408	0.000389767	0.001971132	0.0006846490000000001	0.0	0.0	0.0	0.0	0.0
6.66483836	0.00754291	0.00312138	0.01563741	0.00558217	0.0	0.0	0.0	0.0	0.0
6.70683836	0.04265072	0.0179327	0.08834589999999999	0.033044699999999996	0.0	0.0	0.0	0.0	0.0
6.74883836	0.17235119999999998	0.074484	0.35658899999999993	0.144075	0.0	0.0	0.0	0.0	0.0
6.78983836	0.500548	0.22638799999999998	1.0331499999999998	0.470959	0.0	0.0	0.0	0.0	0.0
6.83183836	1.05315	0.5117	2.1654699999999996	1.17537	0.0	0.0	0.0	0.0	0.0
6.87383836	1.62539	0.8760999999999999	3.32176	2.2645999999999997	0.0	0.0	0.0	0.0	0.0
6.91583836	1.8710200000000001	1.1538499999999998	3.7899999999999996	3.36579	0.0	0.0	0.0	0.0	0.0
6.95783836	1.6358099999999998	1.17465	3.27351	3.8088100000000003	0.0	0.0	0.0	0.0	0.0
6.99983836	1.10186	0.9172199999999999	2.17531	3.2231699999999996	0.0	0.0	0.0	0.0	0.0
7.04183836	0.57339	0.54018	1.1173399999999998	2.00577	0.0	0.0	0.0	0.0	0.0
7.08383836	0.22835	0.235576	0.440221	0.9054329999999999	0.0	0.0	0.0	0.0	0.0
7.1258383599999995	0.068395	0.0749555	0.130788	0.294146	0.0	0.0	0.0	0.0	0.0
7.16783836	0.015125099999999999	0.01720776	0.028773100000000003	0.0683604	0.0	0.0	0.0	0.0	0.0
7.20983836	0.0024335800000000003	0.002831419	0.004615800000000001	0.01132409	0.0	0.0	0.0	0.0	0.0
7.25183836	0.000282016	0.0003324011	0.000533837	0.0013346220000000002	0.0	0.0	0.0	0.0	0.0
7.29283836	2.3380699999999998e-05	2.7756199999999997e-05	4.42063e-05	0.00011170324	0.0	0.0	0.0	0.0	0.0
7.33483836	1.41373e-06	1.6547070000000002e-06	2.63295e-06	6.638866e-06	0.0	0.0	0.0	0.0	0.0
7.37683836	7.805399999999999e-07	2.60037e-07	6.29268e-07	4.5469500000000004e-07	0.0	0.0	0.0	0.0	0.0
7.41883836	1.1222999999999999e-05	2.9656100000000003e-06	8.0753e-06	2.735669e-06	0.0	0.0	0.0	0.0	0.0
7.46083836	0.000123572	3.26274e-05	8.889339999999999e-05	3.002967e-05	0.0	0.0	0.0	0.0	0.0
7.50283836	0.00096509	0.000254875	0.0006943027	0.0002345491	0.0	0.0	0.0	0.0	0.0
7.54483836	0.0053508	0.001412908	0.003848794	0.0013003191000000001	0.0	0.0	0.0	0.0	0.0
7.58683836	0.021064	0.00556305	0.01515223	0.005119615	0.0	0.0	0.0	0.0	0.0
7.62883836	0.058897	0.01555523	0.04237429	0.014314254000000002	0.0	0.0	0.0	0.0	0.0
7.67083836	0.117053	0.0309103	0.084205	0.028446219999999998	0.0	0.0	0.0	0.0	0.0
7.71283836	0.165344	0.0436557	0.11893329999999999	0.04018022	0.0	0.0	0.0	0.0	0.0
7.75483836	0.16604999999999998	0.0438517	0.1194546	0.04037457	0.0	0.0	0.0	0.0	0.0
7.79583836	0.11866399999999999	0.031415599999999995	0.0854804	0.02905803	0.0	0.0	0.0	0.0	0.0
7.83783836	0.061303	0.01667797	0.04491585	0.0162365	0.0	0.0	0.0	0.0	0.0
7.87983836	0.027865	0.00954982	0.024149760000000003	0.012649999999999998	0.0	0.0	0.0	0.0	0.0
7.92183836	0.028921999999999996	0.014681099999999999	0.0355841	0.025479199999999997	0.0	0.0	0.0	0.0	0.0
7.96383836	0.064295	0.033285499999999996	0.084758	0.0571791	0.0	0.0	0.0	0.0	0.0
8.00583836	0.12464599999999999	0.060392499999999995	0.163647	0.09811500000000001	0.0	0.0	0.0	0.0	0.0
8.04783836	0.186862	0.084276	0.24633499999999997	0.12857	0.0	0.0	0.0	0.0	0.0
8.08983836	0.243484	0.10205399999999999	0.332212	0.145661	0.0	0.0	0.0	0.0	0.0
8.13183836	0.32971000000000006	0.130519	0.47577899999999995	0.177097	0.0	0.0	0.0	0.0	0.0
8.17383836	0.46182599999999996	0.178959	0.692966	0.23797500000000002	0.0	0.0	0.0	0.0	0.0
8.21583836	0.559357	0.21811799999999998	0.8524499999999999	0.286907	0.0	0.0	0.0	0.0	0.0
8.25783836	0.522937	0.21180500000000002	0.801741	0.27105999999999997	0.0	0.0	0.0	0.0	0.0
8.29883836	0.382736	0.172433	0.589963	0.203785	0.0	0.0	0.0	0.0	0.0
8.34083836	0.270896	0.146134	0.421894	0.149198	0.0	0.0	0.0	0.0	0.0
8.38283836	0.262344	0.152461	0.414391	0.143382	0.0	0.0	0.0	0.0	0.0
8.42483836	0.312742	0.16911099999999998	0.5029999999999999	0.16841699999999998	0.0	0.0	0.0	0.0	0.0
8.46683836	0.33345199999999997	0.16654200000000002	0.553106	0.186865	0.0	0.0	0.0	0.0	0.0
8.50883836	0.28772	0.140014	0.500343	0.178624	0.0	0.0	0.0	0.0	0.0
8.55083836	0.209624	0.10855000000000001	0.386097	0.152287	0.0	0.0	0.0	0.0	0.0
8.59283836	0.153341	0.09092399999999999	0.295782	0.131878	0.0	0.0	0.0	0.0	0.0
8.63483836	0.14361400000000002	0.09048700000000001	0.28225900000000004	0.133498	0.0	0.0	0.0	0.0	0.0
8.67683836	0.167582	0.09830399999999999	0.330002	0.152023	0.0	0.0	0.0	0.0	0.0
8.71883836	0.19371	0.102419	0.37808299999999995	0.16988	0.0	0.0	0.0	0.0	0.0
8.76083836	0.19909400000000002	0.096504	0.38507099999999994	0.17435	0.0	0.0	0.0	0.0	0.0
8.80183836	0.18083500000000002	0.08235600000000001	0.35501400000000005	0.16127	0.0	0.0	0.0	0.0	0.0
8.84383836	0.14462499999999998	0.063794	0.29902	0.130077	0.0	0.0	0.0	0.0	0.0
8.88583836	0.09860399999999998	0.043641	0.218182	0.08759	0.0	0.0	0.0	0.0	0.0
8.927838359999999	0.058558000000000006	0.027864	0.1340512	0.051321	0.0	0.0	0.0	0.0	0.0
8.96983836	0.042251	0.024678	0.086313	0.038473	0.0	0.0	0.0	0.0	0.0
9.01183836	0.055221	0.03693900000000001	0.0933757	0.052878	0.0	0.0	0.0	0.0	0.0
9.05383836	0.084948	0.05708	0.134083	0.082417	0.0	0.0	0.0	0.0	0.0
9.09583836	0.108351	0.07205	0.166863	0.10832900000000001	0.0	0.0	0.0	0.0	0.0
9.13783836	0.11061299999999999	0.076748	0.16765600000000003	0.12368699999999998	0.0	0.0	0.0	0.0	0.0
9.17983836	0.09921600000000001	0.07997100000000001	0.149737	0.141486	0.0	0.0	0.0	0.0	0.0
9.22183836	0.093891	0.092495	0.14163	0.178667	0.0	0.0	0.0	0.0	0.0
9.26383836	0.10545900000000001	0.113743	0.15539999999999998	0.23677299999999998	0.0	0.0	0.0	0.0	0.0
9.30483836	0.129114	0.13247799999999998	0.18175	0.299798	0.0	0.0	0.0	0.0	0.0
9.34683836	0.15355000000000002	0.13652	0.20352	0.341424	0.0	0.0	0.0	0.0	0.0
9.38883836	0.16975200000000004	0.12249499999999999	0.20973000000000003	0.339837	0.0	0.0	0.0	0.0	0.0
9.43083836	0.171641	0.097399	0.19966	0.29153700000000005	0.0	0.0	0.0	0.0	0.0
9.47283836	0.15390900000000002	0.07038900000000001	0.173594	0.21329299999999998	0.0	0.0	0.0	0.0	0.0
9.51483836	0.11664200000000001	0.046017	0.13102	0.131345	0.0	0.0	0.0	0.0	0.0
9.55683836	0.072016	0.026765	0.082014	0.07214799999999999	0.0	0.0	0.0	0.0	0.0
9.59883836	0.039697699999999995	0.017172800000000002	0.048207	0.060813	0.0	0.0	0.0	0.0	0.0
9.64083836	0.03406240000000001	0.0233601	0.048799	0.125338	0.0	0.0	0.0	0.0	0.0
9.68283836	0.056767099999999994	0.0495382	0.0876503	0.279686	0.0	0.0	0.0	0.0	0.0
9.72483836	0.09412500000000001	0.09347180000000001	0.1446709	0.474082	0.0	0.0	0.0	0.0	0.0
9.76683836	0.122889	0.147733	0.18412299999999998	0.5973740000000001	0.0	0.0	0.0	0.0	0.0
9.80783836	0.129656	0.20628699999999997	0.189074	0.586227	0.0	0.0	0.0	0.0	0.0
9.84983836	0.12084	0.259518	0.17626999999999998	0.489182	0.0	0.0	0.0	0.0	0.0
9.89183836	0.10860600000000001	0.28947100000000003	0.16267700000000002	0.3816	0.0	0.0	0.0	0.0	0.0
9.93383836	0.09947900000000001	0.29039000000000004	0.144173	0.28944600000000004	0.0	0.0	0.0	0.0	0.0
9.975838360000001	0.09655200000000001	0.28195000000000003	0.118602	0.219987	0.0	0.0	0.0	0.0	0.0
10.017838359999999	0.100978	0.283085	0.102295	0.19148499999999996	0.0	0.0	0.0	0.0	0.0
10.05983836	0.112141	0.29276800000000003	0.112695	0.21364299999999997	0.0	0.0	0.0	0.0	0.0
10.10183836	0.128707	0.30435000000000006	0.145939	0.26965399999999995	0.0	0.0	0.0	0.0	0.0
10.14383836	0.14445	0.31976000000000004	0.175045	0.32011	0.0	0.0	0.0	0.0	0.0
10.18583836	0.14700600000000003	0.3378	0.171377	0.324721	0.0	0.0	0.0	0.0	0.0
10.22783836	0.129162	0.33649	0.13333	0.27267199999999997	0.0	0.0	0.0	0.0	0.0
10.26983836	0.0996	0.29335999999999995	0.088047	0.19080399999999997	0.0	0.0	0.0	0.0	0.0
10.31083836	0.07675399999999999	0.224472	0.063011	0.119308	0.0	0.0	0.0	0.0	0.0
10.35283836	0.072532	0.17157299999999998	0.064296	0.08242400000000001	0.0	0.0	0.0	0.0	0.0
10.39483836	0.085996	0.150757	0.082679	0.08127599999999999	0.0	0.0	0.0	0.0	0.0
10.43683836	0.110869	0.14684599999999998	0.109231	0.104847	0.0	0.0	0.0	0.0	0.0
10.478838360000001	0.14103600000000002	0.14915699999999998	0.138601	0.140264	0.0	0.0	0.0	0.0	0.0
10.520838359999999	0.16660600000000003	0.16263800000000003	0.16250399999999998	0.17435699999999998	0.0	0.0	0.0	0.0	0.0
10.56283836	0.173548	0.18710000000000002	0.17104999999999998	0.19500000000000003	0.0	0.0	0.0	0.0	0.0
10.60483836	0.154331	0.204878	0.16126000000000001	0.19597	0.0	0.0	0.0	0.0	0.0
10.64683836	0.117816	0.19614099999999998	0.14010999999999996	0.18115000000000003	0.0	0.0	0.0	0.0	0.0
10.68883836	0.084814	0.163096	0.11989500000000002	0.160223	0.0	0.0	0.0	0.0	0.0
10.73083836	0.072756	0.130224	0.110846	0.13994	0.0	0.0	0.0	0.0	0.0
10.77283836	0.08394299999999999	0.11954000000000001	0.11707400000000001	0.12355400000000001	0.0	0.0	0.0	0.0	0.0
10.81383836	0.106185	0.131965	0.135021	0.11336499999999998	0.0	0.0	0.0	0.0	0.0
10.85583836	0.12282	0.150002	0.15270999999999998	0.107145	0.0	0.0	0.0	0.0	0.0
10.89783836	0.12470999999999999	0.15434099999999998	0.15686799999999998	0.09872899999999998	0.0	0.0	0.0	0.0	0.0
10.93983836	0.11593	0.14130700000000002	0.146718	0.08642	0.0	0.0	0.0	0.0	0.0
10.98183836	0.10768	0.123994	0.134803	0.07552600000000001	0.0	0.0	0.0	0.0	0.0
11.02383836	0.10662199999999998	0.114474	0.130606	0.070808	0.0	0.0	0.0	0.0	0.0
11.06583836	0.110785	0.111748	0.131436	0.07177099999999999	0.0	0.0	0.0	0.0	0.0
11.10783836	0.11356900000000002	0.107821	0.129936	0.074379	0.0	0.0	0.0	0.0	0.0
11.14983836	0.10715600000000002	0.09664000000000002	0.11998400000000001	0.072817	0.0	0.0	0.0	0.0	0.0
11.19183836	0.087339	0.077241	0.098005	0.062168	0.0	0.0	0.0	0.0	0.0
11.23383836	0.05920600000000001	0.054186000000000005	0.067481	0.043796	0.0	0.0	0.0	0.0	0.0
11.27583836	0.033163	0.033610999999999995	0.038196999999999995	0.024891999999999997	0.0	0.0	0.0	0.0	0.0
11.31683836	0.0156006	0.018472399999999996	0.017776700000000003	0.0114577	0.0	0.0	0.0	0.0	0.0
11.35883836	0.006228499999999999	0.008692599999999998	0.006858500000000001	0.0043292	0.0	0.0	0.0	0.0	0.0
11.40083836	0.0020713800000000003	0.0032965600000000005	0.0021821899999999997	0.0013463700000000002	0.0	0.0	0.0	0.0	0.0
11.44283836	0.00055017	0.0009546369999999999	0.00055738	0.00033763900000000004	0.0	0.0	0.0	0.0	0.0
11.48483836	0.000111653	0.00020383199999999998	0.00011009	6.58907e-05	0.0	0.0	0.0	0.0	0.0
11.52683836	1.67676e-05	3.1489099999999996e-05	1.6258e-05	9.664900000000001e-06	0.0	0.0	0.0	0.0	0.0
11.56883836	1.8271e-06	3.48391e-06	1.75497e-06	1.0393319999999998e-06	0.0	0.0	0.0	0.0	0.0
11.610838359999999	1.4287199999999998e-07	2.7471459999999996e-07	1.36517e-07	8.069670000000001e-08	0.0	0.0	0.0	0.0	0.0
11.65283836	7.9688e-09	1.538795e-08	7.59227e-09	4.4836799999999996e-09	0.0	0.0	0.0	0.0	0.0
11.69483836	3.1580100000000005e-10	6.11348e-10	3.00509e-10	1.7738099999999997e-10	0.0	0.0	0.0	0.0	0.0
11.73683836	8.8788e-12	1.72114e-11	8.441729999999999e-12	4.982440000000001e-12	0.0	0.0	0.0	0.0	0.0
11.77883836	1.7682200000000002e-13	3.430309e-13	1.6803599999999997e-13	9.91581e-14	0.0	0.0	0.0	0.0	0.0
11.81983836	2.49183e-15	4.836400000000001e-15	2.36666e-15	1.396268e-15	0.0	0.0	0.0	0.0	0.0
11.86183836	2.35627e-17	4.57343e-17	2.2379400000000003e-17	1.32052e-17	0.0	0.0	0.0	0.0	0.0
11.90383836	0.0	0.0	0.0	0.0	0.0	0.0	0.0	0.0	0.0
11.94583836	0.0	0.0	0.0	0.0	0.0	0.0	0.0	0.0	0.0
11.98783836	0.0	0.0	0.0	0.0	0.0	0.0	0.0	0.0	0.0
12.02983836	0.0	0.0	0.0	0.0	0.0	0.0	0.0	0.0	0.0
12.071838360000001	0.0	0.0	0.0	0.0	0.0	0.0	0.0	0.0	0.0
12.113838359999999	0.0	0.0	0.0	0.0	0.0	0.0	0.0	0.0	0.0
12.15583836	0.0	0.0	0.0	0.0	0.0	0.0	0.0	0.0	0.0
12.197838359999999	0.0	0.0	0.0	0.0	0.0	0.0	0.0	0.0	0.0
12.23983836	0.0	0.0	0.0	0.0	0.0	0.0	0.0	0.0	0.0
12.28183836	0.0	0.0	0.0	0.0	0.0	0.0	0.0	0.0	0.0
12.322838359999999	0.0	0.0	0.0	0.0	0.0	0.0	0.0	0.0	0.0
12.36483836	0.0	0.0	0.0	0.0	0.0	0.0	0.0	0.0	0.0
12.40683836	0.0	0.0	0.0	0.0	0.0	0.0	0.0	0.0	0.0
12.44883836	0.0	0.0	0.0	0.0	0.0	0.0	0.0	0.0	0.0
12.49083836	0.0	0.0	0.0	0.0	0.0	0.0	0.0	0.0	0.0
12.53283836	0.0	0.0	0.0	0.0	0.0	0.0	0.0	0.0	0.0
12.574838360000001	0.0	0.0	0.0	0.0	0.0	0.0	0.0	0.0	0.0
12.61683836	0.0	0.0	0.0	0.0	0.0	0.0	0.0	0.0	0.0
12.65883836	0.0	0.0	0.0	0.0	0.0	0.0	0.0	0.0	0.0
12.700838359999999	0.0	0.0	0.0	0.0	0.0	0.0	0.0	0.0	0.0
12.74283836	0.0	0.0	0.0	0.0	0.0	0.0	0.0	0.0	0.0
12.78383836	0.0	0.0	0.0	0.0	0.0	0.0	0.0	0.0	0.0
12.825838359999999	0.0	0.0	0.0	0.0	0.0	0.0	0.0	0.0	0.0
12.86783836	0.0	0.0	0.0	0.0	0.0	0.0	0.0	0.0	0.0
12.90983836	0.0	0.0	0.0	0.0	0.0	0.0	0.0	0.0	0.0
12.95183836	0.0	0.0	0.0	0.0	0.0	0.0	0.0	0.0	0.0
12.99383836	0.0	0.0	0.0	0.0	0.0	0.0	0.0	0.0	0.0
13.03583836	0.0	0.0	0.0	0.0	0.0	0.0	0.0	0.0	0.0
13.077838360000001	0.0	0.0	0.0	0.0	0.0	0.0	0.0	0.0	0.0
13.11983836	0.0	0.0	0.0	0.0	0.0	0.0	0.0	0.0	0.0
13.16183836	0.0	0.0	0.0	0.0	0.0	0.0	0.0	0.0	0.0
