-19.06265024	0.0	0.0	0.0	0.0	0.0	0.0	0.0	0.0	0.0
-19.03565024	0.0	0.0	0.0	0.0	0.0	0.0	0.0	0.0	0.0
-19.00965024	0.0	0.0	0.0	0.0	0.0	0.0	0.0	0.0	0.0
-18.982650239999998	0.0	0.0	0.0	0.0	0.0	0.0	0.0	0.0	0.0
-18.95665024	0.0	0.0	0.0	0.0	0.0	0.0	0.0	0.0	0.0
-18.92965024	0.0	0.0	0.0	0.0	0.0	0.0	0.0	0.0	0.0
-18.90365024	0.0	0.0	0.0	0.0	0.0	0.0	0.0	0.0	0.0
-18.87665024	0.0	0.0	0.0	0.0	0.0	0.0	0.0	0.0	0.0
-18.85065024	0.0	0.0	0.0	0.0	0.0	0.0	0.0	0.0	0.0
-18.82365024	0.0	0.0	0.0	0.0	0.0	0.0	0.0	0.0	0.0
-18.79765024	0.0	0.0	0.0	0.0	0.0	0.0	0.0	0.0	0.0
-18.77065024	0.0	0.0	0.0	0.0	0.0	0.0	0.0	0.0	0.0
-18.74365024	0.0	0.0	0.0	0.0	0.0	0.0	0.0	0.0	0.0
-18.71765024	0.0	0.0	0.0	0.0	0.0	0.0	0.0	0.0	0.0
-18.69065024	0.0	0.0	0.0	0.0	0.0	0.0	0.0	0.0	0.0
-18.66465024	0.0	0.0	0.0	0.0	0.0	0.0	0.0	0.0	0.0
-18.63765024	0.0	0.0	0.0	0.0	0.0	0.0	0.0	0.0	0.0
-18.61165024	0.0	0.0	0.0	0.0	0.0	0.0	0.0	0.0	0.0
-18.58465024	0.0	0.0	0.0	0.0	0.0	0.0	0.0	0.0	0.0
-18.55865024	0.0	0.0	0.0	0.0	0.0	0.0	0.0	0.0	0.0
-18.53165024	0.0	0.0	0.0	0.0	0.0	0.0	0.0	0.0	0.0
-18.50465024	0.0	0.0	0.0	0.0	0.0	0.0	0.0	0.0	0.0
-18.47865024	0.0	0.0	0.0	0.0	0.0	0.0	0.0	0.0	0.0
-18.45165024	0.0	0.0	0.0	0.0	0.0	0.0	0.0	0.0	0.0
-18.42565024	2.4472266799999998e-14	6.673864249999998e-16	6.91465146e-16	6.988037646000001e-16	0.0	0.0	0.0	0.0	0.0
-18.39865024	4.7707806e-13	1.3015090240000001e-14	1.348384885e-14	1.3627141134e-14	0.0	0.0	0.0	0.0	0.0
-18.37265024	8.196929900000001e-12	2.2357236120000002e-13	2.3170132950000003e-13	2.3408303836999997e-13	0.0	0.0	0.0	0.0	0.0
-18.34565024	1.22912922e-10	3.352435224e-12	3.4739775950000005e-12	3.5101643153999992e-12	0.0	0.0	0.0	0.0	0.0
-18.319650239999998	1.6024659900000003e-09	4.37065253e-11	4.529074538e-11	4.576920650200001e-11	0.0	0.0	0.0	0.0	0.0
-18.29265024	1.81710887e-08	4.95519628e-10	5.133943832999999e-10	5.188931550499999e-10	0.0	0.0	0.0	0.0	0.0
-18.26665024	1.7909331800000004e-07	4.885682669999999e-09	5.0623217140000005e-09	5.1151732384999996e-09	0.0	0.0	0.0	0.0	0.0
-18.23965024	1.5356565900000003e-06	4.1889783e-08	4.3397781280000004e-08	4.386250918900001e-08	0.0	0.0	0.0	0.0	0.0
-18.21265024	1.1450283199999998e-05	3.123596581999999e-07	3.236099085e-07	3.2701307761000005e-07	0.0	0.0	0.0	0.0	0.0
-18.18665024	7.425703e-05	2.025402755e-06	2.0985459670000003e-06	2.1202559176e-06	0.0	0.0	0.0	0.0	0.0
-18.15965024	0.00041881998099999995	1.1423870140000001e-05	1.1836192539999999e-05	1.1961073161e-05	0.0	0.0	0.0	0.0	0.0
-18.133650239999998	0.00205488775	5.6039090900000014e-05	5.8059084369999994e-05	5.868004561799999e-05	0.0	0.0	0.0	0.0	0.0
-18.10665024	0.008766320599999999	0.00023910235070000003	0.0002477667399	0.00025031671204	0.0	0.0	0.0	0.0	0.0
-18.08065024	0.0325366694	0.000887386542	0.0009194619100000002	0.0009291995123000002	0.0	0.0	0.0	0.0	0.0
-18.05365024	0.10502429699999999	0.002864391754999999	0.002968560355	0.0029999136317000004	0.0	0.0	0.0	0.0	0.0
-18.02765024	0.294944231	0.008044270400000001	0.008334203989999999	0.008423176780999998	0.0	0.0	0.0	0.0	0.0
-18.00065024	0.7204708400000001	0.019650273780000005	0.020356047339999996	0.020580123973000002	0.0	0.0	0.0	0.0	0.0
-17.973650239999998	1.53070978	0.0417515806	0.043266396060000004	0.043722915167000005	0.0	0.0	0.0	0.0	0.0
-17.947650239999998	2.8298561900000005	0.07718279019999999	0.0799713124	0.08081556925000001	0.0	0.0	0.0	0.0	0.0
-17.92065024	4.549579090000001	0.12411445470000002	0.1285947662	0.1299540263	0.0	0.0	0.0	0.0	0.0
-17.89465024	6.364898000000001	0.17362099179999999	0.1798746525	0.18182641579999997	0.0	0.0	0.0	0.0	0.0
-17.86765024	7.7457787	0.21128644309999997	0.2189249786	0.22119294126	0.0	0.0	0.0	0.0	0.0
-17.84165024	8.2007671	0.22367720639999997	0.23173849559999998	0.23421767339000002	0.0	0.0	0.0	0.0	0.0
-17.81465024	7.552105500000001	0.2059841896	0.2134215586	0.21570228336000002	0.0	0.0	0.0	0.0	0.0
-17.78865024	6.0502767	0.1650331136	0.17097620189999999	0.17280649432999998	0.0	0.0	0.0	0.0	0.0
-17.761650239999998	4.2167935	0.1150274241	0.11918573180000001	0.12044843274000001	0.0	0.0	0.0	0.0	0.0
-17.73565024	2.55721309	0.0697469645	0.0722635987	0.07302127796999999	0.0	0.0	0.0	0.0	0.0
-17.70865024	1.3486148700000002	0.0367897718	0.038114831909999994	0.038520402014000005	0.0	0.0	0.0	0.0	0.0
-17.68165024	0.61879367	0.016880257559999997	0.01748676043	0.017673172297	0.0	0.0	0.0	0.0	0.0
-17.65565024	0.24694192899999998	0.0067370311399999995	0.006980614069999999	0.007054738755999999	0.0	0.0	0.0	0.0	0.0
-17.62865024	0.085754246	0.002338938524	0.0024240029210000004	0.0024495992015	0.0	0.0	0.0	0.0	0.0
-17.60265024	0.0259023994	0.0007064094829999998	0.0007319930519999999	0.0007396660713	0.0	0.0	0.0	0.0	0.0
-17.575650239999998	0.0068042469999999985	0.00018558223080000002	0.0001923237298	0.00019435036385	0.0	0.0	0.0	0.0	0.0
-17.54965024	0.0015545477699999998	4.2410395399999996e-05	4.393347517e-05	4.4396877278e-05	0.0	0.0	0.0	0.0	0.0
-17.52265024	0.00030894376100000005	8.42770442e-06	8.731893840000002e-06	8.824589447000001e-06	0.0	0.0	0.0	0.0	0.0
-17.49665024	5.3407974e-05	1.4568210689999996e-06	1.509440169e-06	1.5253200199999998e-06	0.0	0.0	0.0	0.0	0.0
-17.46965024	8.029342300000001e-06	2.1901528080000006e-07	2.268846797e-07	2.2930245159000002e-07	0.0	0.0	0.0	0.0	0.0
-17.44265024	1.0498553299999998e-06	2.8637423020000002e-08	2.967164323e-08	2.9985481615e-08	0.0	0.0	0.0	0.0	0.0
-17.41665024	1.19367983e-07	3.2559420219999996e-09	3.373860442e-09	3.4094960888999995e-09	0.0	0.0	0.0	0.0	0.0
-17.389650239999998	1.18052283e-08	3.220320086e-10	3.33655945e-10	3.3719301127000004e-10	0.0	0.0	0.0	0.0	0.0
-17.36365024	1.0151338800000001e-09	2.7693297840000003e-11	2.868565612e-11	2.8995678452999995e-11	0.0	0.0	0.0	0.0	0.0
-17.33665024	7.5910134e-11	2.0704493269999995e-12	2.145452014e-12	2.1678153454e-12	0.0	0.0	0.0	0.0	0.0
-17.31065024	4.9365731e-12	1.3465576259999995e-13	1.3950879409999998e-13	1.4100145111000003e-13	0.0	0.0	0.0	0.0	0.0
-17.28365024	2.8134946599999994e-13	7.674958850000002e-15	7.952296260000002e-15	8.035805817e-15	0.0	0.0	0.0	0.0	0.0
-17.25765024	1.2234341400000001e-14	3.3371971189999997e-16	3.457937969e-16	3.4940933428e-16	0.0	0.0	0.0	0.0	0.0
-17.23065024	0.0	0.0	0.0	0.0	0.0	0.0	0.0	0.0	0.0
-17.20465024	0.0	0.0	0.0	0.0	0.0	0.0	0.0	0.0	0.0
-17.17765024	0.0	0.0	0.0	0.0	0.0	0.0	0.0	0.0	0.0
-17.15065024	0.0	0.0	0.0	0.0	0.0	0.0	0.0	0.0	0.0
-17.12465024	0.0	0.0	0.0	0.0	0.0	0.0	0.0	0.0	0.0
-17.09765024	0.0	0.0	0.0	0.0	0.0	0.0	0.0	0.0	0.0
-17.07165024	0.0	0.0	0.0	0.0	0.0	0.0	0.0	0.0	0.0
-17.04465024	0.0	0.0	0.0	0.0	0.0	0.0	0.0	0.0	0.0
-17.01865024	0.0	0.0	0.0	0.0	0.0	0.0	0.0	0.0	0.0
-16.99165024	0.0	0.0	0.0	0.0	0.0	0.0	0.0	0.0	0.0
-16.96565024	0.0	0.0	0.0	0.0	0.0	0.0	0.0	0.0	0.0
-16.93865024	0.0	0.0	0.0	0.0	0.0	0.0	0.0	0.0	0.0
-16.91165024	0.0	0.0	0.0	0.0	0.0	0.0	0.0	0.0	0.0
-16.88565024	0.0	0.0	0.0	0.0	0.0	0.0	0.0	0.0	0.0
-16.85865024	0.0	0.0	0.0	0.0	0.0	0.0	0.0	0.0	0.0
-16.83265024	0.0	0.0	0.0	0.0	0.0	0.0	0.0	0.0	0.0
-16.80565024	0.0	0.0	0.0	0.0	0.0	0.0	0.0	0.0	0.0
-16.77965024	0.0	0.0	0.0	0.0	0.0	0.0	0.0	0.0	0.0
-16.75265024	0.0	0.0	0.0	0.0	0.0	0.0	0.0	0.0	0.0
-16.726650239999998	0.0	0.0	0.0	0.0	0.0	0.0	0.0	0.0	0.0
-16.69965024	0.0	0.0	0.0	0.0	0.0	0.0	0.0	0.0	0.0
-16.67365024	0.0	0.0	0.0	0.0	0.0	0.0	0.0	0.0	0.0
-16.64665024	0.0	0.0	0.0	0.0	0.0	0.0	0.0	0.0	0.0
-16.61965024	0.0	0.0	0.0	0.0	0.0	0.0	0.0	0.0	0.0
-16.59365024	0.0	0.0	0.0	0.0	0.0	0.0	0.0	0.0	0.0
-16.566650239999998	0.0	0.0	0.0	0.0	0.0	0.0	0.0	0.0	0.0
-16.540650239999998	0.0	0.0	0.0	0.0	0.0	0.0	0.0	0.0	0.0
-16.51365024	0.0	0.0	0.0	0.0	0.0	0.0	0.0	0.0	0.0
-16.48765024	0.0	0.0	0.0	0.0	0.0	0.0	0.0	0.0	0.0
-16.46065024	0.0	0.0	0.0	0.0	0.0	0.0	0.0	0.0	0.0
-16.43465024	0.0	0.0	0.0	0.0	0.0	0.0	0.0	0.0	0.0
-16.40765024	0.0	0.0	0.0	0.0	0.0	0.0	0.0	0.0	0.0
-16.380650239999998	0.0	0.0	0.0	0.0	0.0	0.0	0.0	0.0	0.0
-16.354650239999998	0.0	0.0	0.0	0.0	0.0	0.0	0.0	0.0	0.0
-16.32765024	0.0	0.0	0.0	0.0	0.0	0.0	0.0	0.0	0.0
-16.30165024	0.0	0.0	0.0	0.0	0.0	0.0	0.0	0.0	0.0
-16.27465024	0.0	0.0	0.0	0.0	0.0	0.0	0.0	0.0	0.0
-16.24865024	0.0	0.0	0.0	0.0	0.0	0.0	0.0	0.0	0.0
-16.22165024	0.0	0.0	0.0	0.0	0.0	0.0	0.0	0.0	0.0
-16.19565024	0.0	0.0	0.0	0.0	0.0	0.0	0.0	0.0	0.0
-16.168650239999998	1.3397003999999998e-14	2.5983133e-16	2.649507825e-16	2.749867e-16	0.0	0.0	0.0	0.0	0.0
-16.14265024	2.8133103e-13	5.4570109e-15	5.56493813e-15	5.7743940000000004e-15	0.0	0.0	0.0	0.0	0.0
-16.11565024	4.940314e-12	9.582895000000001e-14	9.77225259e-14	1.0141891000000002e-13	0.0	0.0	0.0	0.0	0.0
-16.08865024	7.545745e-11	1.4634966e-12	1.4923480970000002e-12	1.548736e-12	0.0	0.0	0.0	0.0	0.0
-16.06265024	1.0024769000000003e-09	1.9443406999999995e-11	1.98262111e-11	2.057434e-11	0.0	0.0	0.0	0.0	0.0
-16.03565024	1.1579346000000002e-08	2.2461431e-10	2.2900949700000003e-10	2.3767480000000005e-10	0.0	0.0	0.0	0.0	0.0
-16.00965024	1.1631449e-07	2.2563149000000004e-09	2.3007755890000003e-09	2.387596e-09	0.0	0.0	0.0	0.0	0.0
-15.982650239999998	1.0162139e-06	1.9710812e-08	2.00989556e-08	2.0859299999999998e-08	0.0	0.0	0.0	0.0	0.0
-15.956650239999998	7.720462000000001e-06	1.4975465e-07	1.5269610099999998e-07	1.5848199999999998e-07	0.0	0.0	0.0	0.0	0.0
-15.92965024	5.1019760000000006e-05	9.894967999999998e-07	1.0089703070000002e-06	1.0470927e-06	0.0	0.0	0.0	0.0	0.0
-15.903650240000001	0.00029316966	5.68712e-06	5.797918060000001e-06	6.01735e-06	0.0	0.0	0.0	0.0	0.0
-15.87665024	0.0014653461999999998	2.8422849000000002e-05	2.8983134769999997e-05	3.007941e-05	0.0	0.0	0.0	0.0	0.0
-15.85065024	0.006370263	0.00012356278000000002	0.0001260012524	0.00013076330000000002	0.0	0.0	0.0	0.0	0.0
-15.82365024	0.024091762	0.00046730371	0.00047641381759999993	0.0004944634	0.0	0.0	0.0	0.0	0.0
-15.796650239999998	0.07924807000000002	0.0015370791999999999	0.001567243224	0.001626583	0.0	0.0	0.0	0.0	0.0
-15.770650239999998	0.22672571	0.0043980002	0.004484474765	0.004653659	0.0	0.0	0.0	0.0	0.0
-15.743650240000001	0.5643609999999999	0.010946006999999999	0.01116053002	0.011583255	0.0	0.0	0.0	0.0	0.0
-15.717650240000001	1.2218058	0.023698242	0.024164869000000002	0.02507909	0.0	0.0	0.0	0.0	0.0
-15.69065024	2.3009799999999996	0.04463371399999999	0.04551683387	0.047233050000000006	0.0	0.0	0.0	0.0	0.0
-15.66465024	3.7700550000000006	0.07312237	0.07456032280000001	0.07738300000000001	0.0	0.0	0.0	0.0	0.0
-15.63765024	5.373458999999999	0.10423477999999999	0.10627533750000001	0.11030457999999999	0.0	0.0	0.0	0.0	0.0
-15.61165024	6.662317000000001	0.12924265	0.1317731399	0.1367618	0.0	0.0	0.0	0.0	0.0
-15.584650239999998	7.186394	0.13939838	0.14213605979999996	0.1475113	0.0	0.0	0.0	0.0	0.0
-15.557650240000001	6.743298000000001	0.13080371000000002	0.1333810079	0.1384166	0.0	0.0	0.0	0.0	0.0
-15.531650240000001	5.504982000000001	0.10678291999999999	0.1088848203	0.11300396	0.0	0.0	0.0	0.0	0.0
-15.50465024	3.9099356	0.07583804000000001	0.07732472380000001	0.08024050999999999	0.0	0.0	0.0	0.0	0.0
-15.47865024	2.4151205	0.046848991	0.04777426798	0.049572540000000005	0.0	0.0	0.0	0.0	0.0
-15.45165024	1.2981368000000002	0.025176894999999998	0.025672122739999997	0.02664302	0.0	0.0	0.0	0.0	0.0
-15.42565024	0.6067908000000002	0.011770748000000001	0.012001190250000003	0.01245565	0.0	0.0	0.0	0.0	0.0
-15.398650239999998	0.24677772999999997	0.004787136500000001	0.004881162487000001	0.0050650009999999995	0.0	0.0	0.0	0.0	0.0
-15.372650239999999	0.08730457000000001	0.0016933318999999998	0.0017266169940000002	0.0017919820000000003	0.0	0.0	0.0	0.0	0.0
-15.345650240000001	0.026863491999999996	0.00052104289	0.0005312976275	0.0005514083	0.0	0.0	0.0	0.0	0.0
-15.319650239999998	0.007190368000000001	0.00013947619	0.000142217525	0.00014759519999999997	0.0	0.0	0.0	0.0	0.0
-15.29265024	0.0016741191	3.2473039e-05	3.3110661290000006e-05	3.436748e-05	0.0	0.0	0.0	0.0	0.0
-15.26565024	0.00033901139	6.575472e-06	6.704996909999999e-06	6.95839e-06	0.0	0.0	0.0	0.0	0.0
-15.23965024	5.971109999999999e-05	1.1582196e-06	1.18101017e-06	1.2256649e-06	0.0	0.0	0.0	0.0	0.0
-15.212650239999999	9.146957000000001e-06	1.7741845999999998e-07	1.8090325340000001e-07	1.877555e-07	0.0	0.0	0.0	0.0	0.0
-15.186650239999999	1.2186137e-06	2.3635832e-08	2.4101745889999995e-08	2.501354e-08	0.0	0.0	0.0	0.0	0.0
-15.159650240000001	1.4119652e-07	2.7387072000000003e-09	2.7925516849999998e-09	2.8982950000000003e-09	0.0	0.0	0.0	0.0	0.0
-15.133650239999998	1.4227283999999998e-08	2.7593407000000003e-10	2.813843823e-10	2.9202219999999997e-10	0.0	0.0	0.0	0.0	0.0
-15.10665024	1.2465738000000001e-09	2.4180125000000002e-11	2.465526689e-11	2.558745e-11	0.0	0.0	0.0	0.0	0.0
-15.08065024	9.497150000000001e-11	1.8421532999999997e-12	1.8785403499999996e-12	1.949594e-12	0.0	0.0	0.0	0.0	0.0
-15.05365024	6.296348e-12	1.2213393000000002e-13	1.2453338180000002e-13	1.292499e-13	0.0	0.0	0.0	0.0	0.0
-15.026650239999999	3.590264e-13	6.964288e-15	7.1013537299999994e-15	7.369642e-15	0.0	0.0	0.0	0.0	0.0
-15.000650239999999	2.1434885999999994e-14	4.1574192000000003e-16	4.239197219000001e-16	4.4000129999999996e-16	0.0	0.0	0.0	0.0	0.0
-14.973650239999998	0.0	0.0	0.0	0.0	0.0	0.0	0.0	0.0	0.0
-14.947650239999998	0.0	0.0	0.0	0.0	0.0	0.0	0.0	0.0	0.0
-14.92065024	0.0	0.0	0.0	0.0	0.0	0.0	0.0	0.0	0.0
-14.89465024	0.0	0.0	0.0	0.0	0.0	0.0	0.0	0.0	0.0
-14.86765024	0.0	0.0	0.0	0.0	0.0	0.0	0.0	0.0	0.0
-14.84165024	0.0	0.0	0.0	0.0	0.0	0.0	0.0	0.0	0.0
-14.814650239999999	0.0	0.0	0.0	0.0	0.0	0.0	0.0	0.0	0.0
-14.788650239999999	0.0	0.0	0.0	0.0	0.0	0.0	0.0	0.0	0.0
-14.761650239999998	0.0	0.0	0.0	0.0	0.0	0.0	0.0	0.0	0.0
-14.73465024	0.0	0.0	0.0	0.0	0.0	0.0	0.0	0.0	0.0
-14.70865024	0.0	0.0	0.0	0.0	0.0	0.0	0.0	0.0	0.0
-14.68165024	0.0	0.0	0.0	0.0	0.0	0.0	0.0	0.0	0.0
-14.65565024	0.0	0.0	0.0	0.0	0.0	0.0	0.0	0.0	0.0
-14.628650239999999	0.0	0.0	0.0	0.0	0.0	0.0	0.0	0.0	0.0
-14.60265024	0.0	0.0	0.0	0.0	0.0	0.0	0.0	0.0	0.0
-14.575650239999998	0.0	0.0	0.0	0.0	0.0	0.0	0.0	0.0	0.0
-14.549650239999998	0.0	0.0	0.0	0.0	0.0	0.0	0.0	0.0	0.0
-14.52265024	0.0	0.0	0.0	0.0	0.0	0.0	0.0	0.0	0.0
-14.49565024	0.0	0.0	0.0	0.0	0.0	0.0	0.0	0.0	0.0
-14.46965024	0.0	0.0	0.0	0.0	0.0	0.0	0.0	0.0	0.0
-14.442650239999999	2.7161140000000003e-15	8.480629999999999e-17	7.85828072776e-17	1.1133627399999999e-16	0.0	0.0	0.0	0.0	0.0
-14.41665024	4.61743e-14	1.441892e-15	1.3359260747190002e-15	1.89274422e-15	0.0	0.0	0.0	0.0	0.0
-14.389650239999998	9.0174e-13	2.8157839999999995e-14	2.609095709215e-14	3.6967874699999994e-14	0.0	0.0	0.0	0.0	0.0
-14.363650239999998	1.4963249999999998e-11	4.672882000000001e-13	4.32923211529e-13	6.1339403e-13	0.0	0.0	0.0	0.0	0.0
-14.33665024	2.1631150000000001e-10	6.754763999999999e-12	6.2586125221100005e-12	8.8659218e-12	0.0	0.0	0.0	0.0	0.0
-14.310650240000001	2.7192340000000004e-09	8.49116e-11	7.867020127789999e-11	1.1146386599999999e-10	0.0	0.0	0.0	0.0	0.0
-14.28365024	2.97232e-08	9.28151e-10	8.59958823038e-10	1.21830537e-09	0.0	0.0	0.0	0.0	0.0
-14.25765024	2.825376e-07	8.822430000000001e-09	8.17452212887e-09	1.15803087e-08	0.0	0.0	0.0	0.0	0.0
-14.23065024	2.335677e-06	7.293627000000001e-08	6.758499423870001e-08	9.573871200000001e-08	0.0	0.0	0.0	0.0	0.0
-14.203650239999998	1.67932e-05	5.243139e-07	4.85895871716e-07	6.883373700000001e-07	0.0	0.0	0.0	0.0	0.0
-14.177650239999998	0.0001050015	3.2787440000000004e-06	3.03794901073e-06	4.30347677e-06	0.0	0.0	0.0	0.0	0.0
-14.150650240000001	0.0005710010000000001	1.783009e-05	1.652238625835e-05	2.3405988099999998e-05	0.0	0.0	0.0	0.0	0.0
-14.124650240000001	0.0027008019999999995	8.4335e-05	7.8147084276e-05	0.000110710369	0.0	0.0	0.0	0.0	0.0
-14.09765024	0.011112120000000001	0.0003469789	0.000321471021136	0.00045549688999999997	0.0	0.0	0.0	0.0	0.0
-14.07165024	0.03976899999999999	0.0012416760000000002	0.0011505309340639998	0.00163004992	0.0	0.0	0.0	0.0	0.0
-14.04465024	0.12378240000000001	0.00386526	0.0035817292126499997	0.0050742867	0.0	0.0	0.0	0.0	0.0
-14.01865024	0.335173	0.010466149999999999	0.00969756133425	0.0137384658	0.0	0.0	0.0	0.0	0.0
-13.991650239999998	0.7894599999999999	0.024651129999999997	0.022840928080679997	0.0323580599	0.0	0.0	0.0	0.0	0.0
-13.964650240000001	1.6177460000000001	0.05051271000000001	0.0468107441653	0.066301399	0.0	0.0	0.0	0.0	0.0
-13.938650240000001	2.883333	0.0900268	0.0834236082947	0.11818349199999997	0.0	0.0	0.0	0.0	0.0
-13.91165024	4.47058	0.1395968	0.1293523374569	0.18325010199999997	0.0	0.0	0.0	0.0	0.0
-13.88565024	6.03037	0.18831109999999998	0.1744823236163	0.24718457600000002	0.0	0.0	0.0	0.0	0.0
-13.85865024	7.075420000000001	0.22097170000000002	0.2047284507232	0.290093591	0.0	0.0	0.0	0.0	0.0
-13.83265024	7.22286	0.22557600000000003	0.20899937073820002	0.296115511	0.0	0.0	0.0	0.0	0.0
-13.805650239999999	6.415040000000001	0.2003135	0.1856251526556	0.26298080199999996	0.0	0.0	0.0	0.0	0.0
-13.779650239999999	4.9551099999999995	0.154756	0.1433922775065	0.20315159399999996	0.0	0.0	0.0	0.0	0.0
-13.752650240000001	3.3307800000000003	0.1040001	0.0963780223404	0.13652756800000002	0.0	0.0	0.0	0.0	0.0
-13.726650239999998	1.9474080000000002	0.060813759999999994	0.056350060199	0.079819192	0.0	0.0	0.0	0.0	0.0
-13.69965024	0.990475	0.030931250000000004	0.0286582001012	0.0405998021	0.0	0.0	0.0	0.0	0.0
-13.67265024	0.43818500000000005	0.013683780000000001	0.012678508344780001	0.0179630048	0.0	0.0	0.0	0.0	0.0
-13.64665024	0.16866480000000003	0.0052659000000000004	0.00487981681724	0.0069123884	0.0	0.0	0.0	0.0	0.0
-13.619650239999999	0.0564614	0.0017631180000000002	0.00163367536577	0.00231443571	0.0	0.0	0.0	0.0	0.0
-13.593650239999999	0.016443	0.0005134269000000001	0.00047570144167999995	0.00067398094	0.0	0.0	0.0	0.0	0.0
-13.566650239999998	0.00416475	0.000130056	0.0001205017674256	0.00017072531200000002	0.0	0.0	0.0	0.0	0.0
-13.540650239999998	0.0009175850000000001	2.8655080000000005e-05	2.655132109378e-05	3.7619598899999994e-05	0.0	0.0	0.0	0.0	0.0
-13.51365024	0.00017584550000000003	5.4911409999999995e-06	5.08816861797e-06	7.2073353e-06	0.0	0.0	0.0	0.0	0.0
-13.48765024	2.9310249999999996e-05	9.152060000000001e-07	8.479990029949999e-07	1.20136668e-06	0.0	0.0	0.0	0.0	0.0
-13.46065024	4.2489300000000005e-06	1.3266929999999998e-07	1.229303434342e-07	1.7415037099999998e-07	0.0	0.0	0.0	0.0	0.0
-13.433650239999999	5.357049999999999e-07	1.6725649999999998e-08	1.549730895474e-08	2.19558765e-08	0.0	0.0	0.0	0.0	0.0
-13.407650239999999	5.8727200000000005e-08	1.8337269999999995e-09	1.6992167660020003e-09	2.4071515600000006e-09	0.0	0.0	0.0	0.0	0.0
-13.380650239999998	5.5991199999999996e-09	1.748401e-10	1.620093755722e-10	2.2951651600000003e-10	0.0	0.0	0.0	0.0	0.0
-13.354650239999998	4.6429599999999995e-10	1.449666e-11	1.3432054547439996e-11	1.90293266e-11	0.0	0.0	0.0	0.0	0.0
-13.32765024	3.34737e-11	1.0452710000000002e-12	9.68494673421e-13	1.37202814e-12	0.0	0.0	0.0	0.0	0.0
-13.30165024	2.0969650000000004e-12	6.54836e-14	6.066428521429999e-14	8.5949524e-14	0.0	0.0	0.0	0.0	0.0
-13.27465024	1.140818e-13	3.562566e-15	3.30055861166e-15	4.6758965e-15	0.0	0.0	0.0	0.0	0.0
-13.24865024	5.43241e-15	1.6963090000000002e-16	1.571772245551e-16	2.22667297e-16	0.0	0.0	0.0	0.0	0.0
-13.221650239999999	0.0	0.0	0.0	0.0	0.0	0.0	0.0	0.0	0.0
-13.195650239999999	0.0	0.0	0.0	0.0	0.0	0.0	0.0	0.0	0.0
-13.168650239999998	0.0	0.0	0.0	0.0	0.0	0.0	0.0	0.0	0.0
-13.14165024	0.0	0.0	0.0	0.0	0.0	0.0	0.0	0.0	0.0
-13.11565024	0.0	0.0	0.0	0.0	0.0	0.0	0.0	0.0	0.0
-13.08865024	0.0	0.0	0.0	0.0	0.0	0.0	0.0	0.0	0.0
-13.06265024	0.0	0.0	0.0	0.0	0.0	0.0	0.0	0.0	0.0
-13.035650239999999	0.0	0.0	0.0	0.0	0.0	0.0	0.0	0.0	0.0
-13.00965024	0.0	0.0	0.0	0.0	0.0	0.0	0.0	0.0	0.0
-12.982650239999998	0.0	0.0	0.0	0.0	0.0	0.0	0.0	0.0	0.0
-12.956650239999998	0.0	0.0	0.0	0.0	0.0	0.0	0.0	0.0	0.0
-12.92965024	0.0	0.0	0.0	0.0	0.0	0.0	0.0	0.0	0.0
-12.90265024	0.0	0.0	0.0	0.0	0.0	0.0	0.0	0.0	0.0
-12.87665024	0.0	0.0	0.0	0.0	0.0	0.0	0.0	0.0	0.0
-12.849650239999999	0.0	0.0	0.0	0.0	0.0	0.0	0.0	0.0	0.0
-12.82365024	0.0	0.0	0.0	0.0	0.0	0.0	0.0	0.0	0.0
-12.796650239999998	0.0	0.0	0.0	0.0	0.0	0.0	0.0	0.0	0.0
-12.770650239999998	5.155119e-15	1.1539014e-16	5.285291800000001e-16	2.63599506e-16	0.0	0.0	0.0	0.0	0.0
-12.743650240000001	1.031002e-13	2.3078788e-15	1.05696077e-14	5.27304013e-15	0.0	0.0	0.0	0.0	0.0
-12.717650240000001	1.89452e-12	4.2407973e-14	1.9421859800000002e-13	9.68966276e-14	0.0	0.0	0.0	0.0	0.0
-12.69065024	3.030115e-11	6.7819373e-13	3.1065099000000002e-12	1.5495613600000002e-12	0.0	0.0	0.0	0.0	0.0
-12.66465024	4.2129119999999997e-10	9.429891999999999e-12	4.3188951e-11	2.15431985e-11	0.0	0.0	0.0	0.0	0.0
-12.63765024	5.093105e-09	1.1402085000000002e-10	5.2219389e-10	2.60484479e-10	0.0	0.0	0.0	0.0	0.0
-12.610650239999998	5.354670999999999e-08	1.1988114000000002e-09	5.489655300000001e-09	2.7391689599999997e-09	0.0	0.0	0.0	0.0	0.0
-12.584650239999998	4.896587e-07	1.0960425999999999e-08	5.0197165e-08	2.50441391e-08	0.0	0.0	0.0	0.0	0.0
-12.557650240000001	3.893237000000001e-06	8.714636e-08	3.9905419e-07	1.9908600200000002e-07	0.0	0.0	0.0	0.0	0.0
-12.531650240000001	2.692461e-05	6.0267463e-07	2.7600749e-06	1.3768839500000001e-06	0.0	0.0	0.0	0.0	0.0
-12.50465024	0.00016194039999999999	3.6248049e-06	1.65997891e-05	8.28056145e-06	0.0	0.0	0.0	0.0	0.0
-12.47865024	0.0008471300000000001	1.8960406999999998e-05	8.6836993e-05	4.3319529000000004e-05	0.0	0.0	0.0	0.0	0.0
-12.45165024	0.00385407	8.627343999999998e-05	0.0003950491	0.00019712014399999998	0.0	0.0	0.0	0.0	0.0
-12.42565024	0.01525283	0.00034140766999999993	0.0015635744400000003	0.000780030124	0.0	0.0	0.0	0.0	0.0
-12.398650239999998	0.05250074	0.0011752782	0.005382052399999999	0.00268546749	0.0	0.0	0.0	0.0	0.0
-12.371650240000001	0.1572053	0.0035191608	0.0161163866	0.008039876330000001	0.0	0.0	0.0	0.0	0.0
-12.345650240000001	0.40947900000000004	0.009165576	0.041972625	0.0209442512	0.0	0.0	0.0	0.0	0.0
-12.31865024	0.9276639999999999	0.020766278	0.09509727599999998	0.047440065100000005	0.0	0.0	0.0	0.0	0.0
-12.29265024	1.8285360000000002	0.040930376	0.187454285	0.0935128181	0.0	0.0	0.0	0.0	0.0
-12.26565024	3.135392	0.070178189	0.32137449	0.16033440300000001	0.0	0.0	0.0	0.0	0.0
-12.23965024	4.676432	0.1046722	0.47936641	0.239138992	0.0	0.0	0.0	0.0	0.0
-12.212650239999999	6.068499999999999	0.13583257	0.6220271199999999	0.31033201499999996	0.0	0.0	0.0	0.0	0.0
-12.186650239999999	6.849493	0.15331441	0.70218363	0.350252964	0.0	0.0	0.0	0.0	0.0
-12.159650240000001	6.725604000000001	0.15055484	0.6895619400000002	0.344016909	0.0	0.0	0.0	0.0	0.0
-12.133650239999998	5.746332000000001	0.12861751000000002	0.5889777900000001	0.293808771	0.0	0.0	0.0	0.0	0.0
-12.10665024	4.269941	0.09557169000000001	0.43773977999999997	0.21834551	0.0	0.0	0.0	0.0	0.0
-12.07965024	2.760641	0.061795567	0.28298281	0.141175955	0.0	0.0	0.0	0.0	0.0
-12.05365024	1.5524639999999998	0.034754149	0.159150674	0.0794018846	0.0	0.0	0.0	0.0	0.0
-12.026650239999999	0.7596224	0.017001115	0.077870267	0.038848429799999994	0.0	0.0	0.0	0.0	0.0
-12.000650239999999	0.32327100000000003	0.007236267999999999	0.033145435	0.0165320776	0.0	0.0	0.0	0.0	0.0
-11.973650239999998	0.1196844	0.0026788384000000004	0.012268578400000002	0.006119878539999999	0.0	0.0	0.0	0.0	0.0
-11.947650239999998	0.0385407	0.0008627343999999999	0.0039504909999999996	0.0019712014399999997	0.0	0.0	0.0	0.0	0.0
-11.92065024	0.010796990000000001	0.00024165832999999996	0.0011067024699999998	0.00055215803	0.0	0.0	0.0	0.0	0.0
-11.89465024	0.002630461	5.8881077e-05	0.00026967128999999995	0.000134530387	0.0	0.0	0.0	0.0	0.0
-11.86765024	0.0005574436	1.2479349000000002e-05	5.7155908e-05	2.8511319400000004e-05	0.0	0.0	0.0	0.0	0.0
-11.84165024	0.0001027586	2.3002977000000004e-06	1.0534726000000002e-05	5.255555970000001e-06	0.0	0.0	0.0	0.0	0.0
-11.814650239999999	1.6475109999999998e-05	3.6876733e-07	1.68894024e-06	8.4248597e-07	0.0	0.0	0.0	0.0	0.0
-11.787650239999998	2.2971930000000002e-06	5.1418279000000004e-08	2.3548501e-07	1.17480248e-07	0.0	0.0	0.0	0.0	0.0
-11.761650239999998	2.7855630000000005e-07	6.2354641e-09	2.8555723e-08	1.42447366e-08	0.0	0.0	0.0	0.0	0.0
-11.73465024	2.9374240000000003e-08	6.575689599999998e-10	3.0113894999999997e-09	1.5022717400000001e-09	0.0	0.0	0.0	0.0	0.0
-11.70865024	2.693793e-09	6.0299067e-11	2.7616279000000003e-10	1.37774535e-10	0.0	0.0	0.0	0.0	0.0
-11.68165024	2.148281e-10	4.8084633e-12	2.202154e-11	1.0985902110000002e-11	0.0	0.0	0.0	0.0	0.0
-11.65565024	1.489936e-11	3.3350460999999996e-13	1.52728876e-12	7.619795649999999e-13	0.0	0.0	0.0	0.0	0.0
-11.628650239999999	8.97075e-13	2.0078566e-14	9.196149e-14	4.5876981299999994e-14	0.0	0.0	0.0	0.0	0.0
-11.60265024	5.155118999999999e-14	1.1539014e-15	5.2852918e-15	2.6359950599999995e-15	0.0	0.0	0.0	0.0	0.0
-11.575650239999998	0.0	0.0	0.0	0.0	0.0	0.0	0.0	0.0	0.0
-11.54865024	0.0	0.0	0.0	0.0	0.0	0.0	0.0	0.0	0.0
-11.52265024	0.0	0.0	0.0	0.0	0.0	0.0	0.0	0.0	0.0
-11.49565024	0.0	0.0	0.0	0.0	0.0	0.0	0.0	0.0	0.0
-11.46965024	0.0	0.0	0.0	0.0	0.0	0.0	0.0	0.0	0.0
-11.442650239999999	0.0	0.0	0.0	0.0	0.0	0.0	0.0	0.0	0.0
-11.41665024	0.0	0.0	0.0	0.0	0.0	0.0	0.0	0.0	0.0
-11.389650239999998	0.0	0.0	0.0	0.0	0.0	0.0	0.0	0.0	0.0
-11.363650239999998	0.0	0.0	0.0	0.0	0.0	0.0	0.0	0.0	0.0
-11.33665024	0.0	0.0	0.0	0.0	0.0	0.0	0.0	0.0	0.0
-11.310650240000001	0.0	0.0	0.0	0.0	0.0	0.0	0.0	0.0	0.0
-11.28365024	0.0	0.0	0.0	0.0	0.0	0.0	0.0	0.0	0.0
-11.256650239999999	0.0	0.0	0.0	0.0	0.0	0.0	0.0	0.0	0.0
-11.23065024	7.2016103e-15	6.661947001999999e-16	8.99173026e-16	3.7887339999999996e-16	0.0	0.0	0.0	0.0	0.0
-11.203650239999998	1.2243458000000002e-13	1.13256319e-14	1.528580874e-14	6.441199e-15	0.0	0.0	0.0	0.0	0.0
-11.177650239999998	2.2420799999999993e-12	2.0741191800000002e-13	2.7993812970000005e-13	1.17972e-13	0.0	0.0	0.0	0.0	0.0
-11.150650240000001	3.542560200000001e-11	3.277528444e-12	4.422871475e-12	1.863891e-12	0.0	0.0	0.0	0.0	0.0
-11.124650240000001	4.8680025e-10	4.502876733e-11	6.07754602e-11	2.561345e-11	0.0	0.0	0.0	0.0	0.0
-11.09765024	5.816742900000001e-09	5.381189656000002e-10	7.26215256e-10	3.060567e-10	0.0	0.0	0.0	0.0	0.0
-11.07165024	6.0437622e-08	5.591388877e-09	7.54582316e-09	3.1800910000000002e-09	0.0	0.0	0.0	0.0	0.0
-11.04465024	5.461422800000001e-07	5.05256231e-08	6.81899461e-08	2.873582e-08	0.0	0.0	0.0	0.0	0.0
-11.017650239999998	4.2920436999999994e-06	3.9702751729999995e-07	5.358764479999999e-07	2.258058e-07	0.0	0.0	0.0	0.0	0.0
-10.991650239999998	2.9331276e-05	2.7132398520000003e-06	3.661859845e-06	1.543226e-06	0.0	0.0	0.0	0.0	0.0
-10.964650240000001	0.00017434817	1.6128146950000002e-05	2.1765535629999995e-05	9.173255e-06	0.0	0.0	0.0	0.0	0.0
-10.938650240000001	0.0009013773800000001	8.338465763999999e-05	0.0001125290111	4.7423420000000005e-05	0.0	0.0	0.0	0.0	0.0
-10.91165024	0.004053063499999999	0.00037488449410000003	0.0005059733839999999	0.00021325739999999998	0.0	0.0	0.0	0.0	0.0
-10.88565024	0.015852172999999997	0.001466351541	0.00197948414	0.0008339982	0.0	0.0	0.0	0.0	0.0
-10.85865024	0.053928369999999996	0.004988910243	0.00673314742	0.002837384	0.0	0.0	0.0	0.0	0.0
-10.83265024	0.15958622000000003	0.014763425520000003	0.019929400680000004	0.008395904	0.0	0.0	0.0	0.0	0.0
-10.805650240000002	0.41082781	0.03800170994	0.0512915399	0.0216137	0.0	0.0	0.0	0.0	0.0
-10.779650239999999	0.91992495	0.08509166944	0.11485032599999999	0.04840303	0.0	0.0	0.0	0.0	0.0
-10.752650240000001	1.7918367999999998	0.1657562742	0.22368306919999997	0.09428101	0.0	0.0	0.0	0.0	0.0
-10.72565024	3.0364473000000003	0.2808348952	0.37905911210000004	0.15975949999999997	0.0	0.0	0.0	0.0	0.0
-10.69965024	4.4761393	0.41405013519999995	0.558859697	0.23550370000000004	0.0	0.0	0.0	0.0	0.0
-10.67265024	5.739836400000001	0.5309986581	0.7165525349999998	0.3020204	0.0	0.0	0.0	0.0	0.0
-10.64665024	6.4036327	0.5923584225999999	0.799505313	0.33692520000000004	0.0	0.0	0.0	0.0	0.0
-10.619650240000002	6.2149266	0.5748719043	0.775949862	0.32698660000000007	0.0	0.0	0.0	0.0	0.0
-10.593650239999999	5.2468746	0.4854096102	0.6550629029999999	0.276052	0.0	0.0	0.0	0.0	0.0
-10.566650240000001	3.8538865999999996	0.35645997470000007	0.481171031	0.20276100000000002	0.0	0.0	0.0	0.0	0.0
-10.540650240000002	2.4624137000000004	0.22776553939999997	0.30739105850000004	0.1295492	0.0	0.0	0.0	0.0	0.0
-10.51365024	1.368708	0.1266016331	0.170871266	0.07200394	0.0	0.0	0.0	0.0	0.0
-10.48665024	0.66174408	0.061216944339999996	0.082615467	0.034822229999999996	0.0	0.0	0.0	0.0	0.0
-10.46065024	0.27834879	0.025744717060000002	0.03474957444000001	0.01464407	0.0	0.0	0.0	0.0	0.0
-10.433650239999999	0.10183813	0.009420939901999999	0.012714651240000001	0.005358333999999999	0.0	0.0	0.0	0.0	0.0
-10.407650239999999	0.03241254700000001	0.0029987561520000003	0.004046919669	0.0017054600000000002	0.0	0.0	0.0	0.0	0.0
-10.380650240000001	0.008972560400000003	0.0008300824725000001	0.0011203247	0.00047217019999999996	0.0	0.0	0.0	0.0	0.0
-10.354650240000002	0.0021609131000000005	0.0001998920101	0.0002698045679	0.0001136989	0.0	0.0	0.0	0.0	0.0
-10.32765024	0.00045259034999999996	4.186413401e-05	5.650862100000001e-05	2.3813030000000003e-05	0.0	0.0	0.0	0.0	0.0
-10.30165024	8.2447387e-05	7.627073016999999e-06	1.029394505e-05	4.338577e-06	0.0	0.0	0.0	0.0	0.0
-10.27465024	1.3062707e-05	1.2083502699999998e-06	1.6310427940000002e-06	6.87259e-07	0.0	0.0	0.0	0.0	0.0
-10.24865024	1.8000635e-06	1.6652437499999997e-07	2.247932014e-07	9.471370999999999e-08	0.0	0.0	0.0	0.0	0.0
-10.221650239999999	2.1572547999999998e-07	1.9956090980000003e-08	2.69382217e-08	1.135044e-08	0.0	0.0	0.0	0.0	0.0
-10.194650240000001	2.2483715e-08	2.079863186e-09	2.8070437130000005e-09	1.1830209999999998e-09	0.0	0.0	0.0	0.0	0.0
-10.168650240000002	2.0377407e-09	1.8850889810000004e-10	2.54419225e-10	1.0720972e-10	0.0	0.0	0.0	0.0	0.0
-10.14165024	1.6060731e-10	1.485711562e-11	2.0050199949999995e-11	8.450222999999998e-12	0.0	0.0	0.0	0.0	0.0
-10.11565024	1.1003672500000001e-11	1.01789607e-12	1.373925043e-12	5.789524e-13	0.0	0.0	0.0	0.0	0.0
-10.08865024	6.529333300000001e-13	6.040604349000001e-14	8.152747459999999e-14	3.435471e-14	0.0	0.0	0.0	0.0	0.0
-10.06265024	3.8408855e-14	3.5527057350000005e-15	4.794934270000001e-15	2.020848e-15	0.0	0.0	0.0	0.0	0.0
-10.035650239999999	0.0	0.0	0.0	0.0	0.0	0.0	0.0	0.0	0.0
-10.00965024	0.0	0.0	0.0	0.0	0.0	0.0	0.0	0.0	0.0
-9.982650240000002	0.0	0.0	0.0	0.0	0.0	0.0	0.0	0.0	0.0
-9.95565024	0.0	0.0	0.0	0.0	0.0	0.0	0.0	0.0	0.0
-9.92965024	0.0	0.0	0.0	0.0	0.0	0.0	0.0	0.0	0.0
-9.90265024	0.0	0.0	0.0	0.0	0.0	0.0	0.0	0.0	0.0
-9.87665024	0.0	0.0	0.0	0.0	0.0	0.0	0.0	0.0	0.0
-9.849650239999999	0.0	0.0	0.0	0.0	0.0	0.0	0.0	0.0	0.0
-9.82365024	0.0	0.0	0.0	0.0	0.0	0.0	0.0	0.0	0.0
-9.796650240000002	0.0	0.0	0.0	0.0	0.0	0.0	0.0	0.0	0.0
-9.770650240000002	0.0	0.0	0.0	0.0	0.0	0.0	0.0	0.0	0.0
-9.743650240000001	0.0	0.0	0.0	0.0	0.0	0.0	0.0	0.0	0.0
-9.717650240000001	0.0	0.0	0.0	0.0	0.0	0.0	0.0	0.0	0.0
-9.69065024	0.0	0.0	0.0	0.0	0.0	0.0	0.0	0.0	0.0
-9.663650239999999	0.0	0.0	0.0	0.0	0.0	0.0	0.0	0.0	0.0
-9.63765024	0.0	0.0	0.0	0.0	0.0	0.0	0.0	0.0	0.0
-9.610650240000002	6.9969e-15	9.53439225e-16	1.0074244499999999e-15	3.496241e-16	0.0	0.0	0.0	0.0	0.0
-9.584650240000002	1.329452e-13	1.811642338e-14	1.9141389399999997e-14	6.642670000000001e-15	0.0	0.0	0.0	0.0	0.0
-9.557650240000001	2.39982e-12	3.270570448e-13	3.45513131e-13	1.1992460000000001e-13	0.0	0.0	0.0	0.0	0.0
-9.531650240000001	3.77357e-11	5.1417498e-12	5.4323989999999996e-12	1.885623e-12	0.0	0.0	0.0	0.0	0.0
-9.50465024	5.16059e-10	7.0327403e-11	7.4304483e-11	2.5786320000000004e-11	0.0	0.0	0.0	0.0	0.0
-9.47865024	6.13694e-09	8.362045400000001e-10	8.836086e-10	3.066316e-10	0.0	0.0	0.0	0.0	0.0
-9.45165024	6.34607e-08	8.64722872e-09	9.1363194e-09	3.171212e-09	0.0	0.0	0.0	0.0	0.0
-9.424650240000002	5.707e-07	7.77705723e-08	8.2176897e-08	2.8517039999999996e-08	0.0	0.0	0.0	0.0	0.0
-9.398650240000002	4.4634500000000004e-06	6.08208949e-07	6.426057000000001e-07	2.2304690000000003e-07	0.0	0.0	0.0	0.0	0.0
-9.371650240000001	3.036055e-05	4.13733253e-06	4.371338889999999e-06	1.517105e-06	0.0	0.0	0.0	0.0	0.0
-9.345650240000001	0.0001795973	2.447382495e-05	2.58608831e-05	8.9739e-06	0.0	0.0	0.0	0.0	0.0
-9.31865024	0.000924074	0.0001259199879	0.00013304363599999999	4.6178020000000005e-05	0.0	0.0	0.0	0.0	0.0
-9.29265024	0.00413549	0.0005634707310000001	0.0005954488399999999	0.00020664220000000003	0.0	0.0	0.0	0.0	0.0
-9.26565024	0.01609703	0.0021935928700000003	0.0023176059699999995	0.000804369	0.0	0.0	0.0	0.0	0.0
-9.23965024	0.05450209999999999	0.007426886329999999	0.007847724799999999	0.002723223	0.0	0.0	0.0	0.0	0.0
-9.212650240000002	0.16052790000000003	0.021874421519999996	0.0231113573	0.00802044	0.0	0.0	0.0	0.0	0.0
-9.186650239999999	0.411215	0.0560461372	0.059201697	0.0205484	0.0	0.0	0.0	0.0	0.0
-9.159650240000001	0.9164070000000001	0.124895268	0.131963462	0.04579171	0.0	0.0	0.0	0.0	0.0
-9.13265024	1.776704	0.242120942	0.25582230100000003	0.0887725	0.0	0.0	0.0	0.0	0.0
-9.10665024	2.9963340000000005	0.408300627	0.431405467	0.1497209	0.0	0.0	0.0	0.0	0.0
-9.07965024	4.39566	0.599050882	0.6328828100000002	0.21966160000000004	0.0	0.0	0.0	0.0	0.0
-9.05365024	5.6104199999999995	0.7645731749999999	0.8077853899999998	0.28034829999999994	0.0	0.0	0.0	0.0	0.0
-9.026650240000002	6.22922	0.8489090160000001	0.8969683799999999	0.31128729999999993	0.0	0.0	0.0	0.0	0.0
-9.000650239999999	6.016719999999999	0.819880634	0.8662666299999998	0.3006614	0.0	0.0	0.0	0.0	0.0
-8.973650240000001	5.05574	0.688962359	0.72782268	0.2526394	0.0	0.0	0.0	0.0	0.0
-8.947650240000002	3.69559	0.503635739	0.5320165	0.184661	0.0	0.0	0.0	0.0	0.0
-8.92065024	2.3500970000000003	0.3201998554	0.338314907	0.1174311	0.0	0.0	0.0	0.0	0.0
-8.89365024	1.300077	0.1771588634	0.18717576300000005	0.06496110000000001	0.0	0.0	0.0	0.0	0.0
-8.86765024	0.625593	0.08524984370000001	0.090073957	0.03126138	0.0	0.0	0.0	0.0	0.0
-8.840650239999999	0.2618649	0.03568912300000001	0.037703864499999996	0.01308643	0.0	0.0	0.0	0.0	0.0
-8.814650239999999	0.0953513	0.01299595584	0.0137303067	0.004764989	0.0	0.0	0.0	0.0	0.0
-8.787650240000001	0.03020758	0.004116720169999999	0.00434902642	0.0015095100000000001	0.0	0.0	0.0	0.0	0.0
-8.761650240000002	0.00832255	0.001134098292	0.00119824073	0.00041588629999999996	0.0	0.0	0.0	0.0	0.0
-8.73465024	0.00199454	0.0002718111069	0.0002871544620000001	9.96621e-05	0.0	0.0	0.0	0.0	0.0
-8.70865024	0.00041578900000000007	5.6656208899999994e-05	5.985564e-05	2.077593e-05	0.0	0.0	0.0	0.0	0.0
-8.68165024	7.53813e-05	1.027276816e-05	1.0854097100000002e-05	3.7664780000000005e-06	0.0	0.0	0.0	0.0	0.0
-8.65565024	1.1886880000000002e-05	1.6197309500000002e-06	1.71149071e-06	5.939419999999999e-07	0.0	0.0	0.0	0.0	0.0
-8.628650239999999	1.6302960000000002e-06	2.22139715e-07	2.3465879000000002e-07	8.14578e-08	0.0	0.0	0.0	0.0	0.0
-8.601650240000001	1.944276e-07	2.6495419730000004e-08	2.79918627e-08	9.715669999999998e-09	0.0	0.0	0.0	0.0	0.0
-8.575650240000002	2.016688e-08	2.748256555e-09	2.9037474000000004e-09	1.0076289999999999e-09	0.0	0.0	0.0	0.0	0.0
-8.54865024	1.8191629999999999e-09	2.4788191850000003e-10	2.61908452e-10	9.09001e-11	0.0	0.0	0.0	0.0	0.0
-8.52265024	1.4267950000000001e-10	1.944314778e-11	2.05434124e-11	7.129899999999999e-12	0.0	0.0	0.0	0.0	0.0
-8.49565024	9.729569999999999e-12	1.3259966699999999e-12	1.40101006e-12	4.862291e-13	0.0	0.0	0.0	0.0	0.0
-8.46965024	5.783979999999999e-13	7.88192943e-14	8.3278481e-14	2.890236e-14	0.0	0.0	0.0	0.0	0.0
-8.442650239999999	2.7988299999999996e-14	3.8135549000000005e-15	4.02946279e-15	1.3985440000000001e-15	0.0	0.0	0.0	0.0	0.0
-8.41665024	0.0	0.0	0.0	0.0	0.0	0.0	0.0	0.0	0.0
-8.389650240000002	0.0	0.0	0.0	0.0	0.0	0.0	0.0	0.0	0.0
-8.36265024	0.0	0.0	0.0	0.0	0.0	0.0	0.0	0.0	0.0
-8.33665024	0.0	0.0	0.0	0.0	0.0	0.0	0.0	0.0	0.0
-8.30965024	0.0	0.0	0.0	0.0	0.0	0.0	0.0	0.0	0.0
-8.28365024	0.0	0.0	0.0	0.0	0.0	0.0	0.0	0.0	0.0
-8.256650239999999	0.0	0.0	0.0	0.0	0.0	0.0	0.0	0.0	0.0
-8.23065024	0.0	0.0	0.0	0.0	0.0	0.0	0.0	0.0	0.0
-8.203650240000002	0.0	0.0	0.0	0.0	0.0	0.0	0.0	0.0	0.0
-8.177650240000002	0.0	0.0	0.0	0.0	0.0	0.0	0.0	0.0	0.0
-8.150650240000001	0.0	0.0	0.0	0.0	0.0	0.0	0.0	0.0	0.0
-8.124650240000001	0.0	0.0	0.0	0.0	0.0	0.0	0.0	0.0	0.0
-8.09765024	2.2856871479999998e-15	1.6205015000000001e-15	2.4965468699999996e-16	1.5789570480000002e-15	0.0	0.0	0.0	0.0	0.0
-8.070650239999999	4.685159781e-14	3.32294051e-14	5.1175664e-15	3.236911791e-14	0.0	0.0	0.0	0.0	0.0
-8.04465024	8.65075362e-13	6.1354528e-13	9.4493549e-14	5.976341721999999e-13	0.0	0.0	0.0	0.0	0.0
-8.017650240000002	1.3805434679999999e-11	9.790383699999998e-12	1.5079153700000002e-12	9.53740452e-12	0.0	0.0	0.0	0.0	0.0
-7.991650240000001	1.916808904e-10	1.3593406e-10	2.09380832e-11	1.324258161e-10	0.0	0.0	0.0	0.0	0.0
-7.96465024	2.3142535190000006e-09	1.6407353e-09	2.5279053200000004e-10	1.5987077179999998e-09	0.0	0.0	0.0	0.0	0.0
-7.93865024	2.429758336e-08	1.72300304e-08	2.6540509299999997e-09	1.678472821e-08	0.0	0.0	0.0	0.0	0.0
-7.911650240000001	2.2184788e-07	1.5727428800000002e-07	2.4232371500000002e-08	1.53253029e-07	0.0	0.0	0.0	0.0	0.0
-7.885650240000001	1.761520769e-06	1.2491598200000002e-06	1.9240299e-07	1.216973855e-06	0.0	0.0	0.0	0.0	0.0
-7.85865024	1.21648006e-05	8.62635e-06	1.3286513500000002e-06	8.403566617e-06	0.0	0.0	0.0	0.0	0.0
-7.83265024	7.305946569999997e-05	5.1806985000000006e-05	7.980161500000002e-06	5.047716253999999e-05	0.0	0.0	0.0	0.0	0.0
-7.805650240000001	0.0003815833423000001	0.000270666174	4.16875164e-05	0.00026363064570000003	0.0	0.0	0.0	0.0	0.0
-7.77865024	0.0017338797289999997	0.00122959994	0.000189401797	0.0011977978890000001	0.0	0.0	0.0	0.0	0.0
-7.75265024	0.006852158816	0.0048594716999999996	0.0007484970199999999	0.004733978517	0.0	0.0	0.0	0.0	0.0
-7.725650240000001	0.02355416168999999	0.0167073047	0.0025729040500000002	0.01627127645	0.0	0.0	0.0	0.0	0.0
-7.6996502399999995	0.07042818589999998	0.049941202999999997	0.0076924855	0.04866070043	0.0	0.0	0.0	0.0	0.0
-7.67265024	0.1831901011	0.12990482099999998	0.0200081839	0.12653975650000002	0.0	0.0	0.0	0.0	0.0
-7.6466502400000005	0.4144706098	0.29395431800000005	0.04527014670000001	0.2863107618	0.0	0.0	0.0	0.0	0.0
-7.619650240000001	0.8156766500000001	0.57848394	0.08910845799999999	0.5635164525	0.0	0.0	0.0	0.0	0.0
-7.59365024	1.396622661	0.9904595099999999	0.152566623	0.9648661929999999	0.0	0.0	0.0	0.0	0.0
-7.56665024	2.08035009	1.47550186	0.22722925199999996	1.437125469	0.0	0.0	0.0	0.0	0.0
-7.539650240000001	2.6954339309999997	1.91116876	0.294407595	1.862063731	0.0	0.0	0.0	0.0	0.0
-7.51365024	3.0379674770000005	2.1542643999999997	0.331882342	2.0987339780000003	0.0	0.0	0.0	0.0	0.0
-7.48665024	2.979308282	2.11244436	0.32543234800000004	2.058150112	0.0	0.0	0.0	0.0	0.0
-7.4606502400000005	2.541561238	1.8024741100000001	0.277628827	1.755736681	0.0	0.0	0.0	0.0	0.0
-7.4336502399999995	1.8861009699999998	1.3375409600000001	0.206016562	1.303045764	0.0	0.0	0.0	0.0	0.0
-7.40765024	1.217694402	0.86354913	0.13299598799999998	0.8411633967	0.0	0.0	0.0	0.0	0.0
-7.3806502400000005	0.6838275395999999	0.48493617999999994	0.074703579	0.4723699967	0.0	0.0	0.0	0.0	0.0
-7.354650240000001	0.33409446049999997	0.23695979	0.0364951687	0.23079304740000003	0.0	0.0	0.0	0.0	0.0
-7.32765024	0.1419880665	0.10068730999999997	0.015508180600000001	0.09808495529999998	0.0	0.0	0.0	0.0	0.0
-7.30165024	0.05249591896	0.037223952	0.0057336035	0.03626343562	0.0	0.0	0.0	0.0	0.0
-7.274650240000001	0.016881768329999998	0.0119712937	0.00184411053	0.011661342429999999	0.0	0.0	0.0	0.0	0.0
-7.24765024	0.0047217418329999995	0.003348902779999999	0.0005157283300000001	0.003262430039	0.0	0.0	0.0	0.0	0.0
-7.22165024	0.0011489996029999997	0.0008147908799999999	0.000125502492	0.0007936818220999999	0.0	0.0	0.0	0.0	0.0
-7.1946502400000005	0.00024313927889999998	0.000172434748	2.65595477e-05	0.0001679682407	0.0	0.0	0.0	0.0	0.0
-7.168650240000001	4.475036377e-05	3.17400337e-05	4.8889456e-06	3.0919817909999996e-05	0.0	0.0	0.0	0.0	0.0
-7.14165024	7.16549037e-06	5.0808908e-06	7.825306300000001e-07	4.949871516e-06	0.0	0.0	0.0	0.0	0.0
-7.11565024	9.977298749999998e-07	7.0744541e-07	1.0897205499999999e-07	6.891908617e-07	0.0	0.0	0.0	0.0	0.0
-7.088650240000001	1.2089887900000001e-07	8.5714204e-08	1.3266138e-08	8.349196859999999e-08	0.0	0.0	0.0	0.0	0.0
-7.062650240000001	1.393644e-08	9.543167e-09	2.2552816e-09	9.346702300000002e-09	0.0	0.0	0.0	0.0	0.0
-7.03565024	1.4278318999999998e-08	6.461332200000001e-09	9.474059100000002e-09	6.8383580000000006e-09	0.0	0.0	0.0	0.0	0.0
-7.008650240000001	1.2322874599999998e-07	5.2985541e-08	8.777831080000001e-08	5.6722723000000005e-08	0.0	0.0	0.0	0.0	0.0
-6.982650240000001	1.0055353400000002e-06	4.3207961999999993e-07	7.167613931e-07	4.6270743000000004e-07	0.0	0.0	0.0	0.0	0.0
-6.95565024	7.1410326e-06	3.0692484e-06	5.090171584e-06	3.2857223e-06	0.0	0.0	0.0	0.0	0.0
-6.92965024	4.410904999999999e-05	1.8955324499999998e-05	3.1444448820000004e-05	2.0295726e-05	0.0	0.0	0.0	0.0	0.0
-6.902650240000001	0.00023696495399999997	0.000101839853	0.0001689043527	0.00010902037000000002	0.0	0.0	0.0	0.0	0.0
-6.876650240000001	0.0011071610600000001	0.00047576036999999997	0.0007891633292000001	0.0005093152	0.0	0.0	0.0	0.0	0.0
-6.84965024	0.0044998150999999995	0.0019336913999999999	0.0032078034759999994	0.0020707755	0.0	0.0	0.0	0.0	0.0
-6.82365024	0.0159066203	0.0068354032	0.011338629103999999	0.007318422	0.0	0.0	0.0	0.0	0.0
-6.796650240000001	0.048915651	0.021020987	0.03486740241	0.022503328000000003	0.0	0.0	0.0	0.0	0.0
-6.770650240000001	0.13083217499999997	0.056222628	0.09325253962	0.0601939	0.0	0.0	0.0	0.0	0.0
-6.74365024	0.3044246999999999	0.13081778800000002	0.21698312329999997	0.14006252	0.0	0.0	0.0	0.0	0.0
-6.716650240000001	0.6161516100000001	0.26475338	0.43923151069999994	0.2834952699999999	0.0	0.0	0.0	0.0	0.0
-6.690650240000001	1.08493505	0.4662385	0.7732364403	0.49909981000000003	0.0	0.0	0.0	0.0	0.0
-6.66365024	1.6616646199999998	0.7141463700000001	1.1845182576000002	0.7644671	0.0	0.0	0.0	0.0	0.0
-6.63765024	2.2142835600000006	0.9516258400000001	1.5783315279999999	1.0187385	0.0	0.0	0.0	0.0	0.0
-6.610650240000001	2.5670182899999996	1.10310941	1.8294852600000002	1.1809872000000001	0.0	0.0	0.0	0.0	0.0
-6.584650240000001	2.5891762799999998	1.1126042799999998	1.8451480850000004	1.1914471999999998	0.0	0.0	0.0	0.0	0.0
-6.55765024	2.2738883000000003	0.97715915	1.6192721899999998	1.0472061000000001	0.0	0.0	0.0	0.0	0.0
-6.53165024	1.7449252000000002	0.7499094199999999	1.23782229	0.806454	0.0	0.0	0.0	0.0	0.0
-6.504650240000001	1.1893051999999997	0.5110205200000001	0.82871152	0.55908896	0.0	0.0	0.0	0.0	0.0
-6.47765024	0.7736913000000002	0.3325665	0.49798649	0.3893669799999999	0.0	0.0	0.0	0.0	0.0
-6.45165024	0.6013725999999998	0.2587016	0.29763637000000004	0.35859783999999995	0.0	0.0	0.0	0.0	0.0
-6.424650240000001	0.7160997000000002	0.30825959999999997	0.23116842999999998	0.504071	0.0	0.0	0.0	0.0	0.0
-6.398650240000001	1.1124974	0.47926646	0.27529599	0.83538164	0.0	0.0	0.0	0.0	0.0
-6.37165024	1.7229035999999995	0.74224876	0.3932723999999999	1.31470524	0.0	0.0	0.0	0.0	0.0
-6.34565024	2.3968684	1.0326409269999999	0.53723263	1.8350904000000003	0.0	0.0	0.0	0.0	0.0
-6.318650240000001	2.9204601999999995	1.258125993	0.6519806	2.237550022	0.0	0.0	0.0	0.0	0.0
-6.292650240000001	3.0993993000000004	1.335337259	0.69145619	2.3750100236000002	0.0	0.0	0.0	0.0	0.0
-6.26565024	2.8629512	1.2332911519999998	0.6385938700000001	2.1936082692	0.0	0.0	0.0	0.0	0.0
-6.2396502400000005	2.3004245000000005	0.9909915439999999	0.51310727	1.7628170924999997	0.0	0.0	0.0	0.0	0.0
-6.212650240000001	1.6079249000000002	0.6927222899000001	0.35866728	1.232242275	0.0	0.0	0.0	0.0	0.0
-6.18565024	0.9778328	0.42128310620000003	0.218107975	0.7493267002999998	0.0	0.0	0.0	0.0	0.0
-6.15965024	0.5173278499999999	0.22282421889999995	0.115384569	0.39640041888	0.0	0.0	0.0	0.0	0.0
-6.132650240000001	0.23805734999999997	0.10254972519999998	0.053097962000000005	0.18241830269000003	0.0	0.0	0.0	0.0	0.0
-6.10665024	0.09530583	0.041051390380000004	0.0212549534	0.07302094869	0.0	0.0	0.0	0.0	0.0
-6.07965024	0.033184588999999994	0.014296136929999998	0.0074010887999999995	0.025431305828	0.0	0.0	0.0	0.0	0.0
-6.0536502400000005	0.010051613000000001	0.004330719258999999	0.00224192097	0.007703478249000001	0.0	0.0	0.0	0.0	0.0
-6.026650240000001	0.0026484985	0.001140997456	0.00059093798	0.0020295052380000004	0.0	0.0	0.0	0.0	0.0
-6.00065024	0.00060767506	0.00026196924800000006	0.00013698092000000002	0.00046550665499999996	0.0	0.0	0.0	0.0	0.0
-5.9736502400000004	0.00012570727	5.5742732599999995e-05	3.8348549e-05	9.5499696e-05	0.0	0.0	0.0	0.0	0.0
-5.946650240000001	5.0005370000000005e-05	3.1296767e-05	7.455684500000001e-05	3.3194705e-05	0.0	0.0	0.0	0.0	0.0
-5.92065024	0.0001583933	0.000120381599	0.00037436499700000005	9.397641100000001e-05	0.0	0.0	0.0	0.0	0.0
-5.89365024	0.0007224287499999999	0.0005537672499999999	0.001737846288	0.00042613694	0.0	0.0	0.0	0.0	0.0
-5.867650240000001	0.0029206024700000007	0.00223936202	0.0070301188	0.001722706	0.0	0.0	0.0	0.0	0.0
-5.8406502399999995	0.010276127499999997	0.007879904500000002	0.024741992350000002	0.0060612845999999995	0.0	0.0	0.0	0.0	0.0
-5.81465024	0.0314547083	0.0241149053	0.07571109485000001	0.018553665	0.0	0.0	0.0	0.0	0.0
-5.7876502400000005	0.08373872759999999	0.06421288000000001	0.20158130140000002	0.049406471	0.0	0.0	0.0	0.0	0.0
-5.761650240000001	0.19395335299999997	0.14871588300000002	0.46687647330000004	0.114395135	0.0	0.0	0.0	0.0	0.0
-5.73465024	0.39077117600000005	0.29961596900000004	0.9405792510000001	0.23048421	0.0	0.0	0.0	0.0	0.0
-5.70865024	0.6848219320000001	0.525148593	1.648482479	0.40400796000000005	0.0	0.0	0.0	0.0	0.0
-5.681650240000001	1.04425319	0.80067378	2.513587927	0.61596573	0.0	0.0	0.0	0.0	0.0
-5.65465024	1.3852419600000003	1.06215147	3.3333160850000003	0.81705382	0.0	0.0	0.0	0.0	0.0
-5.62865024	1.59927311	1.2265287999999999	3.847817338	0.9428450199999999	0.0	0.0	0.0	0.0	0.0
-5.601650240000001	1.6091715999999998	1.23485837	3.8637111789999996	0.9477340999999999	0.0	0.0	0.0	0.0	0.0
-5.575650240000001	1.4190696	1.09151847	3.381654874	0.8315778	0.0	0.0	0.0	0.0	0.0
-5.54865024	1.1193445999999996	0.8687406000000001	2.59130725	0.6436537	0.0	0.0	0.0	0.0	0.0
-5.52265024	0.8486702	0.6775672	1.77219042	0.456784	0.0	0.0	0.0	0.0	0.0
-5.495650240000001	0.735945	0.6256330999999999	1.15452323	0.3344429	0.0	0.0	0.0	0.0	0.0
-5.469650240000001	0.8602800000000002	0.7811433	0.8468580630000001	0.30959099999999995	0.0	0.0	0.0	0.0	0.0
-5.44265024	1.2235823	1.1480061	0.8334005720000001	0.380477	0.0	0.0	0.0	0.0	0.0
-5.415650240000001	1.7381973000000004	1.64757043	1.0133821109999999	0.5128411399999999	0.0	0.0	0.0	0.0	0.0
-5.389650240000001	2.2375932	2.1269272900000002	1.2451255829999999	0.6505927499999999	0.0	0.0	0.0	0.0	0.0
-5.36265024	2.532780999999999	2.4092309999999997	1.392331157	0.7336394	0.0	0.0	0.0	0.0	0.0
-5.33665024	2.5009429000000005	2.37919738	1.3704330400000002	0.72381433	0.0	0.0	0.0	0.0	0.0
-5.309650240000001	2.1498235	2.04545373	1.1770835990000001	0.6218979899999999	0.0	0.0	0.0	0.0	0.0
-5.283650240000001	1.6078582999999997	1.5298138700000004	0.880219569	0.46516447000000005	0.0	0.0	0.0	0.0	0.0
-5.25665024	1.0461824	0.9954243499999998	0.572716108	0.30266003	0.0	0.0	0.0	0.0	0.0
-5.23065024	0.5921624000000001	0.56334615	0.32416709260000004	0.17133191	0.0	0.0	0.0	0.0	0.0
-5.203650240000001	0.2916152000000001	0.277444894	0.1596197124	0.08436193500000001	0.0	0.0	0.0	0.0	0.0
-5.177650240000001	0.12489982999999998	0.11884245800000001	0.0683687224	0.036132264	0.0	0.0	0.0	0.0	0.0
-5.15065024	0.04654599999999999	0.04428598079999999	0.025482625519999996	0.013464944099999999	0.0	0.0	0.0	0.0	0.0
-5.123650240000001	0.015086188999999998	0.014353460500000002	0.008258152199999999	0.004364396	0.0	0.0	0.0	0.0	0.0
-5.097650240000001	0.004254144	0.00404749628	0.0023283512810000004	0.0012313255800000002	0.0	0.0	0.0	0.0	0.0
-5.07065024	0.0010519922000000001	0.0009979774800000002	0.00057252579	0.00030748913	0.0	0.0	0.0	0.0	0.0
-5.04465024	0.00027784292000000005	0.00024571959	0.00013119597	9.934130999999999e-05	0.0	0.0	0.0	0.0	0.0
-5.017650240000001	0.00033788002000000007	0.00022163191	7.301330000000001e-05	0.00019926726	0.0	0.0	0.0	0.0	0.0
-4.991650240000001	0.0013884372	0.0008558503799999999	0.00023850179000000003	0.00087457923	0.0	0.0	0.0	0.0	0.0
-4.96465024	0.0056001138	0.003443357271	0.00095212062	0.0035365553599999997	0.0	0.0	0.0	0.0	0.0
-4.93865024	0.01973397299999999	0.012133576929999999	0.00335445466	0.012463210850000002	0.0	0.0	0.0	0.0	0.0
-4.911650240000001	0.060502325	0.03719061719	0.0102831301	0.0382069025	0.0	0.0	0.0	0.0	0.0
-4.88465024	0.16135140000000003	0.099195998	0.0274247568	0.1019055987	0.0	0.0	0.0	0.0	0.0
-4.85865024	0.37426729000000003	0.23013267289999997	0.06362029010000002	0.23639370299999998	0.0	0.0	0.0	0.0	0.0
-4.831650240000001	0.7553618500000002	0.46438101939999993	0.12838179800000002	0.47711527499999995	0.0	0.0	0.0	0.0	0.0
-4.805650240000001	1.3261321000000004	0.815199079	0.22540350799999997	0.837555747	0.0	0.0	0.0	0.0	0.0
-4.77865024	2.025253599999999	1.245165479	0.344231657	1.279010448	0.0	0.0	0.0	0.0	0.0
-4.75265024	2.6906665	1.6540799890000002	0.457285117	1.6991307099999997	0.0	0.0	0.0	0.0	0.0
-4.725650240000001	3.1096818	1.911696878	0.528554225	1.96392968	0.0	0.0	0.0	0.0	0.0
-4.6996502399999995	3.1265451000000004	1.922053859	0.5314072700000001	1.97446966	0.0	0.0	0.0	0.0	0.0
-4.67265024	2.7346570000000003	1.6811324090000002	0.46478223399999996	1.7271697199999998	0.0	0.0	0.0	0.0	0.0
-4.6466502400000005	2.0808798999999993	1.2792605559999999	0.35370020999999996	1.31423935	0.0	0.0	0.0	0.0	0.0
-4.619650240000001	1.3773815999999999	0.8467822281999999	0.234124089	0.869922971	0.0	0.0	0.0	0.0	0.0
-4.59265024	0.7931568200000001	0.48759617839999997	0.13484768800000002	0.5008853400000001	0.0	0.0	0.0	0.0	0.0
-4.56665024	0.39746760999999986	0.24433106219999998	0.067725856	0.25099124500000003	0.0	0.0	0.0	0.0	0.0
-4.539650240000001	0.17385097000000005	0.10681646330000001	0.03036397	0.10966665330000001	0.0	0.0	0.0	0.0	0.0
-4.51365024	0.06865750999999998	0.0419302235	0.015073240000000002	0.0428161923	0.0	0.0	0.0	0.0	0.0
-4.48665024	0.03263119999999999	0.0190791519	0.017923269999999998	0.0186317881	0.0	0.0	0.0	0.0	0.0
-4.4606502400000005	0.040971879999999995	0.0220795995	0.046100455	0.019618391	0.0	0.0	0.0	0.0	0.0
-4.4336502399999995	0.09718134	0.0511968856	0.12419985000000001	0.044164416	0.0	0.0	0.0	0.0	0.0
-4.40765024	0.22919483999999998	0.120456681	0.29665684600000003	0.10356463	0.0	0.0	0.0	0.0	0.0
-4.3806502400000005	0.47651102600000006	0.25035232900000004	0.6174312500000001	0.21520219000000002	0.0	0.0	0.0	0.0	0.0
-4.354650240000001	0.8627335409999997	0.453311111	1.1181446199999998	0.38958497000000003	0.0	0.0	0.0	0.0	0.0
-4.32765024	1.3592939823999999	0.7140798069	1.76142446	0.61380119	0.0	0.0	0.0	0.0	0.0
-4.30065024	1.8627329280000002	0.978839127	2.41409312	0.84122596	0.0	0.0	0.0	0.0	0.0
-4.274650240000001	2.2207214345999997	1.166873577	2.8777864099999997	1.0029344	0.0	0.0	0.0	0.0	0.0
-4.24765024	2.3032472985999997	1.210092383	2.9846814900000003	1.0402031	0.0	0.0	0.0	0.0	0.0
-4.22165024	2.078282817	1.0920140050000002	2.6938172000000002	0.9385705	0.0	0.0	0.0	0.0	0.0
-4.1946502400000005	1.631157196	0.8572132016999999	2.1141804200000003	0.73666499	0.0	0.0	0.0	0.0	0.0
-4.168650240000001	1.1140360900000001	0.5853596829	1.4436012100000002	0.50309752	0.0	0.0	0.0	0.0	0.0
-4.14165024	0.66216588	0.347867729	0.85781343	0.29903239	0.0	0.0	0.0	0.0	0.0
-4.11565024	0.34415350000000006	0.180663768	0.44443218000000007	0.15547263	0.0	0.0	0.0	0.0	0.0
-4.088650240000001	0.16240130999999997	0.08468946999999999	0.20413162500000004	0.07350355	0.0	0.0	0.0	0.0	0.0
-4.06165024	0.08928923	0.044723809999999996	0.09442397500000001	0.04082922	0.0	0.0	0.0	0.0	0.0
-4.03565024	0.1054179	0.04901906	0.074629848	0.049093200000000004	0.0	0.0	0.0	0.0	0.0
-4.008650240000001	0.22126711999999998	0.10012501	0.12976215600000002	0.10368658	0.0	0.0	0.0	0.0	0.0
-3.982650240000001	0.47571636999999994	0.2143633	0.27063644800000003	0.22313804000000004	0.0	0.0	0.0	0.0	0.0
-3.9556502399999998	0.9091249299999999	0.40948609999999996	0.515335946	0.42645567	0.0	0.0	0.0	0.0	0.0
-3.92965024	1.51536142	0.6825433	0.8584877830000001	0.71076761	0.0	0.0	0.0	0.0	0.0
-3.9026502400000007	2.1978961000000004	0.9899241	1.24496382	1.0308674100000002	0.0	0.0	0.0	0.0	0.0
-3.876650240000001	2.7743685300000003	1.2494227	1.57089636	1.3014028	0.0	0.0	0.0	0.0	0.0
-3.84965024	3.0503201000000004	1.3734219	1.72499046	1.4308358799999998	0.0	0.0	0.0	0.0	0.0
-3.82365024	2.9310225	1.3182120999999998	1.6495752399999999	1.37504857	0.0	0.0	0.0	0.0	0.0
-3.796650240000001	2.4906735999999996	1.1154068	1.3781683899999997	1.1692539	0.0	0.0	0.0	0.0	0.0
-3.76965024	1.9485456999999997	0.8606532	1.01657467	0.9165267	0.0	0.0	0.0	0.0	0.0
-3.74365024	1.5681779999999998	0.6671741999999999	0.68671608	0.7414516	0.0	0.0	0.0	0.0	0.0
-3.7166502400000008	1.5476884100000001	0.6183353	0.47153130000000004	0.7375999	0.0	0.0	0.0	0.0	0.0
-3.690650240000001	1.9423904900000004	0.7372569	0.3920792	0.9316975999999999	0.0	0.0	0.0	0.0	0.0
-3.66365024	2.6383551900000004	0.9788160999999999	0.41735274000000006	1.2685719000000002	0.0	0.0	0.0	0.0	0.0
-3.63765024	3.37653145	1.24371901	0.487725705	1.62490716	0.0	0.0	0.0	0.0	0.0
-3.610650240000001	3.8503838999999997	1.4154356000000001	0.541091025	1.8534157900000001	0.0	0.0	0.0	0.0	0.0
-3.584650240000001	3.845312029999999	1.41266509	0.536229602	1.85102893	0.0	0.0	0.0	0.0	0.0
-3.55765024	3.3468629	1.2295302600000002	0.465808257	1.6111622900000002	0.0	0.0	0.0	0.0	0.0
-3.530650240000001	2.5354526820000003	0.9313773999999999	0.35267805599999996	1.2205814300000002	0.0	0.0	0.0	0.0	0.0
-3.504650240000001	1.6712166480000001	0.61378788	0.232446605	0.80441279	0.0	0.0	0.0	0.0	0.0
-3.47765024	0.958332869	0.35201241	0.13326031600000002	0.46128142000000005	0.0	0.0	0.0	0.0	0.0
-3.45165024	0.47797902100000006	0.175564832	0.0664702542	0.230109724	0.0	0.0	0.0	0.0	0.0
-3.424650240000001	0.2074024251	0.07618113200000001	0.028846473799999998	0.099848414	0.0	0.0	0.0	0.0	0.0
-3.398650240000001	0.07829521060000001	0.028756646	0.010886391600000002	0.03768691960000001	0.0	0.0	0.0	0.0	0.0
-3.37165024	0.025705643200000006	0.0094423271	0.00357483335	0.012375164599999999	0.0	0.0	0.0	0.0	0.0
-3.3456502400000003	0.00734235357	0.0026966705	0.00102095774	0.00353445961	0.0	0.0	0.0	0.0	0.0
-3.318650240000001	0.0018245471200000003	0.0006701840900000001	0.000253770377	0.00087845756	0.0	0.0	0.0	0.0	0.0
-3.2926502400000013	0.00039918252999999993	0.00014610129900000001	5.6004807e-05	0.00019284467600000002	0.0	0.0	0.0	0.0	0.0
-3.2656502400000003	0.00010696016	3.589907e-05	1.8097204e-05	5.5902062e-05	0.0	0.0	0.0	0.0	0.0
-3.238650240000001	0.00019753882	5.347442000000001e-05	4.564520839999999e-05	0.0001200009	0.0	0.0	0.0	0.0	0.0
-3.212650240000001	0.00091116112	0.00024106872	0.00021585833000000002	0.00056088188	0.0	0.0	0.0	0.0	0.0
-3.18565024	0.0038794440600000007	0.00102577579	0.0009198815000000001	0.0023887905999999998	0.0	0.0	0.0	0.0	0.0
-3.1596502400000004	0.014396740490000002	0.0038058912999999997	0.0034136892199999997	0.008864203999999999	0.0	0.0	0.0	0.0	0.0
-3.132650240000001	0.04646466912	0.0122846395	0.011017359	0.028610288	0.0	0.0	0.0	0.0	0.0
-3.1066502399999996	0.13045957249999998	0.0344906261	0.030926655799999998	0.080322007	0.0	0.0	0.0	0.0	0.0
-3.0796502400000003	0.31861579560000003	0.08423214500000001	0.07554047400000001	0.19617224	0.0	0.0	0.0	0.0	0.0
-3.0536502400000005	0.6768846830000002	0.178967621	0.16050673299999998	0.41675975	0.0	0.0	0.0	0.0	0.0
-3.0266502400000013	1.2511026239999998	0.33072869900000007	0.29674161200000004	0.7702161799999999	0.0	0.0	0.0	0.0	0.0
-2.9996502400000002	2.011879711	0.5319267270000001	0.477414858	1.2383392000000002	0.0	0.0	0.0	0.0	0.0
-2.9736502400000004	2.81552076	0.7445670200000001	0.669699128	1.7321661	0.0	0.0	0.0	0.0	0.0
-2.946650240000001	3.43258792	0.90822015	0.82185905	2.1078401	0.0	0.0	0.0	0.0	0.0
-2.9206502400000005	3.655970699999999	0.9690655499999999	0.8932438600000001	2.2322906000000002	0.0	0.0	0.0	0.0	0.0
-2.8936502400000004	3.4322142999999996	0.9147396699999999	0.8899478700000001	2.05929	0.0	0.0	0.0	0.0	0.0
-2.8676502400000006	2.914758	0.7893421	0.88191789	1.6596374999999999	0.0	0.0	0.0	0.0	0.0
-2.8406502400000004	2.394791	0.6761494	0.9835484200000001	1.1802956999999998	0.0	0.0	0.0	0.0	0.0
-2.8146502400000006	2.151454	0.6572624	1.2978016	0.7677440999999999	0.0	0.0	0.0	0.0	0.0
-2.7876502400000005	2.3186640000000005	0.7788649999999999	1.84689569	0.5106326000000001	0.0	0.0	0.0	0.0	0.0
-2.7616502400000007	2.8381649999999996	1.0383794000000002	2.5295178000000003	0.43574050000000003	0.0	0.0	0.0	0.0	0.0
-2.7346502400000006	3.5129331999999995	1.3977532000000001	3.1399201999999997	0.5341948	0.0	0.0	0.0	0.0	0.0
-2.7076502400000004	4.119369900000001	1.8065019000000002	3.462125	0.7837838	0.0	0.0	0.0	0.0	0.0
-2.6816502400000006	4.505000800000001	2.2136667000000005	3.3836743	1.1448641000000002	0.0	0.0	0.0	0.0	0.0
-2.6546502400000005	4.615065799999999	2.5575737000000003	2.9508370999999998	1.5411982999999998	0.0	0.0	0.0	0.0	0.0
-2.6286502400000007	4.450374500000001	2.7554898000000003	2.324557	1.8581866	0.0	0.0	0.0	0.0	0.0
-2.6016502400000006	4.0241397	2.7249801	1.6805446	1.9811815	0.0	0.0	0.0	0.0	0.0
-2.5756502400000008	3.3687489999999998	2.4334122	1.132035	1.8550082	0.0	0.0	0.0	0.0	0.0
-2.5486502400000006	2.5688650999999996	1.9369449	0.7167049	1.5191898400000001	0.0	0.0	0.0	0.0	0.0
-2.522650240000001	1.7577950999999998	1.3610744	0.42545	1.08586533	0.0	0.0	0.0	0.0	0.0
-2.4956502400000007	1.0667783	0.83952201	0.23393410000000003	0.6764344	0.0	0.0	0.0	0.0	0.0
-2.4686502400000006	0.5700653000000001	0.45283982	0.1172592	0.366891321	0.0	0.0	0.0	0.0	0.0
-2.4426502400000007	0.26678430999999997	0.21311603	0.052776239999999995	0.17324329000000002	0.0	0.0	0.0	0.0	0.0
-2.4156502400000006	0.10907847000000001	0.08740543399999999	0.02106951	0.07118284200000001	0.0	0.0	0.0	0.0	0.0
-2.389650240000001	0.03887471	0.031209770699999997	0.007407721	0.025445907599999998	0.0	0.0	0.0	0.0	0.0
-2.3626502400000007	0.012069058	0.0097006546	0.00228157	0.00791381992	0.0	0.0	0.0	0.0	0.0
-2.33665024	0.0032620763999999997	0.0026233014200000002	0.0006137325	0.00214078699	0.0	0.0	0.0	0.0	0.0
-2.3096502400000007	0.00076732305	0.0006172070690000001	0.00014398499999999998	0.0005037103429999999	0.0	0.0	0.0	0.0	0.0
-2.28365024	0.00015698083899999999	0.00012631455610000002	2.941702e-05	0.00010311808299999999	0.0	0.0	0.0	0.0	0.0
-2.256650240000001	2.79421433e-05	2.2485689890000002e-05	5.231686e-06	1.8356952300000004e-05	0.0	0.0	0.0	0.0	0.0
-2.23065024	4.326293890000001e-06	3.4813137200000002e-06	8.09526e-07	2.8421476799999996e-06	0.0	0.0	0.0	0.0	0.0
-2.20365024	5.825215190000001e-07	4.68803311e-07	1.0896939999999998e-07	3.8273122700000004e-07	0.0	0.0	0.0	0.0	0.0
-2.1766502400000007	6.822057080000001e-08	5.49036606e-08	1.2760690000000001e-08	4.48231053e-08	0.0	0.0	0.0	0.0	0.0
-2.15065024	6.94762289e-09	5.59221791e-09	1.299481e-09	4.56530113e-09	0.0	0.0	0.0	0.0	0.0
-2.123650240000001	6.154450120000002e-10	4.9530081e-10	1.150822e-10	4.04365851e-10	0.0	0.0	0.0	0.0	0.0
-2.09765024	4.738862630000001e-11	3.8142142070000003e-11	8.862e-12	3.114084279999999e-11	0.0	0.0	0.0	0.0	0.0
-2.07065024	3.1742380399999996e-12	2.554749782e-12	5.937153999999999e-13	2.0857862699999998e-12	0.0	0.0	0.0	0.0	0.0
-2.04465024	1.8557498e-13	1.4935440309999998e-13	3.4702629999999993e-14	1.21931386e-13	0.0	0.0	0.0	0.0	0.0
-2.01765024	8.73161917e-15	7.0283966899999986e-15	1.633105e-15	5.73786593e-15	0.0	0.0	0.0	0.0	0.0
-1.9916502400000002	0.0	0.0	0.0	0.0	0.0	0.0	0.0	0.0	0.0
-1.96465024	0.0	0.0	0.0	0.0	0.0	0.0	0.0	0.0	0.0
-1.93765024	0.0	0.0	0.0	0.0	0.0	0.0	0.0	0.0	0.0
-1.9116502400000002	0.0	0.0	0.0	0.0	0.0	0.0	0.0	0.0	0.0
-1.88465024	0.0	0.0	0.0	0.0	0.0	0.0	0.0	0.0	0.0
-1.8586502400000002	0.0	0.0	0.0	0.0	0.0	0.0	0.0	0.0	0.0
-1.83165024	0.0	0.0	0.0	0.0	0.0	0.0	0.0	0.0	0.0
-1.8056502400000003	0.0	0.0	0.0	0.0	0.0	0.0	0.0	0.0	0.0
-1.7786502400000002	0.0	0.0	0.0	0.0	0.0	0.0	0.0	0.0	0.0
-1.7526502400000004	0.0	0.0	0.0	0.0	0.0	0.0	0.0	0.0	0.0
-1.7256502400000002	0.0	0.0	0.0	0.0	0.0	0.0	0.0	0.0	0.0
-1.6996502400000004	0.0	0.0	0.0	0.0	0.0	0.0	0.0	0.0	0.0
-1.6726502400000003	0.0	0.0	0.0	0.0	0.0	0.0	0.0	0.0	0.0
-1.6456502400000002	0.0	0.0	0.0	0.0	0.0	0.0	0.0	0.0	0.0
-1.6196502400000004	0.0	0.0	0.0	0.0	0.0	0.0	0.0	0.0	0.0
-1.5926502400000002	0.0	0.0	0.0	0.0	0.0	0.0	0.0	0.0	0.0
-1.5666502400000004	0.0	0.0	0.0	0.0	0.0	0.0	0.0	0.0	0.0
-1.5396502400000003	0.0	0.0	0.0	0.0	0.0	0.0	0.0	0.0	0.0
-1.5136502400000005	0.0	0.0	0.0	0.0	0.0	0.0	0.0	0.0	0.0
-1.4866502400000003	0.0	0.0	0.0	0.0	0.0	0.0	0.0	0.0	0.0
-1.4606502400000005	0.0	0.0	0.0	0.0	0.0	0.0	0.0	0.0	0.0
-1.4336502400000004	0.0	0.0	0.0	0.0	0.0	0.0	0.0	0.0	0.0
-1.4066502400000003	0.0	0.0	0.0	0.0	0.0	0.0	0.0	0.0	0.0
-1.3806502400000005	0.0	0.0	0.0	0.0	0.0	0.0	0.0	0.0	0.0
-1.3536502400000003	0.0	0.0	0.0	0.0	0.0	0.0	0.0	0.0	0.0
-1.3276502400000005	0.0	0.0	0.0	0.0	0.0	0.0	0.0	0.0	0.0
-1.3006502400000004	0.0	0.0	0.0	0.0	0.0	0.0	0.0	0.0	0.0
-1.2746502400000006	0.0	0.0	0.0	0.0	0.0	0.0	0.0	0.0	0.0
-1.2476502400000005	0.0	0.0	0.0	0.0	0.0	0.0	0.0	0.0	0.0
-1.2216502400000007	0.0	0.0	0.0	0.0	0.0	0.0	0.0	0.0	0.0
-1.1946502400000005	0.0	0.0	0.0	0.0	0.0	0.0	0.0	0.0	0.0
-1.1686502400000007	0.0	0.0	0.0	0.0	0.0	0.0	0.0	0.0	0.0
-1.1416502400000006	0.0	0.0	0.0	0.0	0.0	0.0	0.0	0.0	0.0
-1.1146502400000005	0.0	0.0	0.0	0.0	0.0	0.0	0.0	0.0	0.0
-1.0886502400000007	0.0	0.0	0.0	0.0	0.0	0.0	0.0	0.0	0.0
-1.0616502400000005	0.0	0.0	0.0	0.0	0.0	0.0	0.0	0.0	0.0
-1.0356502400000007	2.7977747999999992e-15	5.501413189999999e-15	1.5475623491000002e-15	8.440494280000002e-15	0.0	0.0	0.0	0.0	0.0
-1.0086502400000006	5.1568794000000004e-14	1.0138041129999999e-13	2.8525731606999996e-14	1.555657616e-13	0.0	0.0	0.0	0.0	0.0
-0.9826502400000008	8.990347699999999e-13	1.767551506e-12	4.973508404000001e-13	2.712116871e-12	0.0	0.0	0.0	0.0	0.0
-0.9556502400000007	1.3597164e-11	2.67330303e-11	7.521714322e-12	4.10171242e-11	0.0	0.0	0.0	0.0	0.0
-0.92965024	1.7884006999999998e-10	3.51645825e-10	9.893937867e-11	5.39502922e-10	0.0	0.0	0.0	0.0	0.0
-0.9026502400000007	2.0453845e-09	4.0211234099999995e-09	1.1313323052999999e-09	6.1703369100000005e-09	0.0	0.0	0.0	0.0	0.0
-0.8756502400000006	2.0345123e-08	3.99982213e-08	1.1257509724e-08	6.13740516e-08	0.0	0.0	0.0	0.0	0.0
-0.8496502400000008	1.7597895000000005e-07	3.4596641799999994e-07	9.735582527e-08	5.308852119999998e-07	0.0	0.0	0.0	0.0	0.0
-0.8226502400000006	1.3237443000000003e-06	2.6028747999999993e-06	7.323512589e-07	3.992957935e-06	0.0	0.0	0.0	0.0	0.0
-0.7966502400000008	8.659738300000002e-06	1.7027838030000003e-05	4.790862116999999e-06	2.6121516470000003e-05	0.0	0.0	0.0	0.0	0.0
-0.7696502400000007	4.927864e-05	9.688135590000002e-05	2.7263558959999996e-05	0.00014859931730000001	0.0	0.0	0.0	0.0	0.0
-0.74365024	0.00024387732	0.000479442473	0.00013493475176	0.000735624415	0.0	0.0	0.0	0.0	0.0
-0.7166502400000008	0.00104975673	0.002064054466	0.0005807125903999999	0.0031668310710000007	0.0	0.0	0.0	0.0	0.0
-0.6906502400000001	0.0039299729	0.007727026560000001	0.0021740381287	0.011856439170000002	0.0	0.0	0.0	0.0	0.0
-0.6636502400000008	0.012800624	0.025168753699999998	0.007081209264	0.03861136814999999	0.0	0.0	0.0	0.0	0.0
-0.6376502400000001	0.036266808	0.07129873650000002	0.020058684238999997	0.10938676530000001	0.0	0.0	0.0	0.0	0.0
-0.61065024	0.08935429900000003	0.17569822150000006	0.049436269979999996	0.2695681193	0.0	0.0	0.0	0.0	0.0
-0.5836502400000008	0.19157263	0.376675748	0.10597890598	0.5778948340000001	0.0	0.0	0.0	0.0	0.0
-0.5576502400000001	0.3572363	0.7023889739999999	0.19759855185	1.0776819850000001	0.0	0.0	0.0	0.0	0.0
-0.5306502400000008	0.57950684	1.139287404	0.32057168180000006	1.748072213	0.0	0.0	0.0	0.0	0.0
-0.5046502400000001	0.81782902	1.607488184	0.45241695089999995	2.4665663439999994	0.0	0.0	0.0	0.0	0.0
-0.47765024	1.00401275	1.9741746680000003	0.5554676754000001	3.0288056560000003	0.0	0.0	0.0	0.0	0.0
-0.4516502400000002	1.0723223500000003	2.1079126530000005	0.5932172273	3.234267391	0.0	0.0	0.0	0.0	0.0
-0.42465024000000007	0.9962924600000002	1.9584030880000003	0.5511474001000001	3.004939911	0.0	0.0	0.0	0.0	0.0
-0.39865024000000027	0.8052785	1.5835018220000001	0.4454403007999999	2.4295312349999993	0.0	0.0	0.0	0.0	0.0
-0.37165024000000013	0.5662012599999999	1.1132723010000003	0.31325930275	1.707761209	0.0	0.0	0.0	0.0	0.0
-0.34565024000000033	0.34634212	0.6809390619999999	0.19160812976000002	1.044746899	0.0	0.0	0.0	0.0	0.0
-0.3186502400000002	0.18428855	0.36236557900000005	0.10195085221000001	0.555880553	0.0	0.0	0.0	0.0	0.0
-0.29165024000000006	0.08530157699999999	0.16773571439999999	0.047188959620000005	0.25729594240000003	0.0	0.0	0.0	0.0	0.0
-0.26565024000000026	0.03434723700000001	0.06753807739999998	0.019005720737	0.1036258366	0.0	0.0	0.0	0.0	0.0
-0.23865024000000012	0.012031252000000001	0.02365888042	0.006656108040000001	0.036293164190000005	0.0	0.0	0.0	0.0	0.0
-0.21265024000000032	0.0036659003000000003	0.00720675471	0.0020279336608000006	0.011058087639999999	0.0	0.0	0.0	0.0	0.0
-0.1856502400000002	0.0009714708400000001	0.0019104529420000001	0.0005374230024000001	0.0029300869749999997	0.0	0.0	0.0	0.0	0.0
-0.1596502400000004	0.00022394444	0.00044025560899999997	0.00012387035890000002	0.0006755711420000001	0.0	0.0	0.0	0.0	0.0
-0.13265024000000025	4.4906249e-05	8.82801645e-05	2.484041101e-05	0.0001354246211	0.0	0.0	0.0	0.0	0.0
-0.10665024000000045	7.830009199999999e-06	1.539772009e-05	4.331521711e-06	2.3624212580000003e-05	0.0	0.0	0.0	0.0	0.0
-0.07965024000000032	1.187513e-06	2.33544462e-06	6.569804962999999e-07	3.5824850390000005e-06	0.0	0.0	0.0	0.0	0.0
-0.05265024000000018	1.5665599999999997e-07	3.0797879499999995e-07	8.666358511e-08	4.7261999300000003e-07	0.0	0.0	0.0	0.0	0.0
-0.02665024000000038	1.7970732e-08	3.53369911e-08	9.942643672e-09	5.4216012199999995e-08	0.0	0.0	0.0	0.0	0.0
0.0003497599999997547	1.7927436000000003e-09	3.5246807900000007e-09	9.918268924000001e-10	5.407870279999999e-09	0.0	0.0	0.0	0.0	0.0
0.026349759999999556	1.5552583999999996e-10	3.05841456e-10	8.604400971999999e-11	4.69205739e-10	0.0	0.0	0.0	0.0	0.0
0.05334975999999969	1.1734832e-11	2.307617039e-11	6.4922097880000005e-12	3.539473158999999e-11	0.0	0.0	0.0	0.0	0.0
0.07934975999999949	7.691200700000001e-13	1.512058766e-12	4.255062854e-13	2.3195429989999998e-12	0.0	0.0	0.0	0.0	0.0
0.10634975999999963	4.397292599999999e-14	8.644961590000001e-14	2.4329949587999998e-14	1.326319234e-13	0.0	0.0	0.0	0.0	0.0
0.13234975999999943	2.3984416999999997e-15	4.716124129999999e-15	1.3272053696e-15	7.23460538e-15	0.0	0.0	0.0	0.0	0.0
0.15934975999999956	0.0	0.0	0.0	0.0	0.0	0.0	0.0	0.0	0.0
0.18534975999999936	0.0	0.0	0.0	0.0	0.0	0.0	0.0	0.0	0.0
0.2123497599999995	0.0	0.0	0.0	0.0	0.0	0.0	0.0	0.0	0.0
0.23934975999999963	0.0	0.0	0.0	0.0	0.0	0.0	0.0	0.0	0.0
0.26534975999999943	0.0	0.0	0.0	0.0	0.0	0.0	0.0	0.0	0.0
0.29234975999999957	0.0	0.0	0.0	0.0	0.0	0.0	0.0	0.0	0.0
0.31834975999999937	0.0	0.0	0.0	0.0	0.0	0.0	0.0	0.0	0.0
0.3453497599999995	0.0	0.0	0.0	0.0	0.0	0.0	0.0	0.0	0.0
0.3713497599999993	0.0	0.0	0.0	0.0	0.0	0.0	0.0	0.0	0.0
0.39834975999999944	0.0	0.0	0.0	0.0	0.0	0.0	0.0	0.0	0.0
0.42434975999999924	0.0	0.0	0.0	0.0	0.0	0.0	0.0	0.0	0.0
0.4513497599999994	0.0	0.0	0.0	0.0	0.0	0.0	0.0	0.0	0.0
0.4783497599999995	0.0	0.0	0.0	0.0	0.0	0.0	0.0	0.0	0.0
0.5043497599999993	0.0	0.0	0.0	0.0	0.0	0.0	0.0	0.0	0.0
0.5313497599999994	0.0	0.0	0.0	0.0	0.0	0.0	0.0	0.0	0.0
0.5573497599999993	0.0	0.0	0.0	0.0	0.0	0.0	0.0	0.0	0.0
0.5843497599999994	0.0	0.0	0.0	0.0	0.0	0.0	0.0	0.0	0.0
0.6103497599999992	0.0	0.0	0.0	0.0	0.0	0.0	0.0	0.0	0.0
0.6373497599999993	0.0	0.0	0.0	0.0	0.0	0.0	0.0	0.0	0.0
0.66334976	0.0	0.0	0.0	0.0	0.0	0.0	0.0	0.0	0.0
0.6903497599999993	0.0	0.0	0.0	0.0	0.0	0.0	0.0	0.0	0.0
0.71634976	0.0	0.0	0.0	0.0	0.0	0.0	0.0	0.0	0.0
0.7433497599999992	0.0	0.0	0.0	0.0	0.0	0.0	0.0	0.0	0.0
0.7703497599999993	0.0	0.0	0.0	0.0	0.0	0.0	0.0	0.0	0.0
0.79634976	0.0	0.0	0.0	0.0	0.0	0.0	0.0	0.0	0.0
0.8233497599999993	0.0	0.0	0.0	0.0	0.0	0.0	0.0	0.0	0.0
0.84934976	0.0	0.0	0.0	0.0	0.0	0.0	0.0	0.0	0.0
0.8763497599999992	0.0	0.0	0.0	0.0	0.0	0.0	0.0	0.0	0.0
0.9023497599999999	0.0	0.0	0.0	0.0	0.0	0.0	0.0	0.0	0.0
0.92934976	0.0	0.0	0.0	0.0	0.0	0.0	0.0	0.0	0.0
0.9553497599999998	0.0	0.0	0.0	0.0	0.0	0.0	0.0	0.0	0.0
0.98234976	0.0	0.0	0.0	0.0	0.0	0.0	0.0	0.0	0.0
1.0093497599999992	0.0	0.0	0.0	0.0	0.0	0.0	0.0	0.0	0.0
1.03534976	0.0	0.0	0.0	0.0	0.0	0.0	0.0	0.0	0.0
1.06234976	0.0	0.0	0.0	0.0	0.0	0.0	0.0	0.0	0.0
1.0883497599999994	0.0	0.0	0.0	0.0	0.0	0.0	0.0	0.0	0.0
1.1153497599999995	0.0	0.0	0.0	0.0	0.0	0.0	0.0	0.0	0.0
1.1413497599999998	0.0	0.0	0.0	0.0	0.0	0.0	0.0	0.0	0.0
1.1683497599999995	0.0	0.0	0.0	0.0	0.0	0.0	0.0	0.0	0.0
1.1943497599999997	0.0	0.0	0.0	0.0	0.0	0.0	0.0	0.0	0.0
1.2213497599999994	0.0	0.0	0.0	0.0	0.0	0.0	0.0	0.0	0.0
1.2473497599999996	0.0	0.0	0.0	0.0	0.0	0.0	0.0	0.0	0.0
1.2743497599999998	0.0	0.0	0.0	0.0	0.0	0.0	0.0	0.0	0.0
1.3013497599999995	0.0	0.0	0.0	0.0	0.0	0.0	0.0	0.0	0.0
1.3273497599999997	0.0	0.0	0.0	0.0	0.0	0.0	0.0	0.0	0.0
1.3543497599999994	0.0	0.0	0.0	0.0	0.0	0.0	0.0	0.0	0.0
1.3803497599999996	0.0	0.0	0.0	0.0	0.0	0.0	0.0	0.0	0.0
1.4073497599999998	0.0	0.0	0.0	0.0	0.0	0.0	0.0	0.0	0.0
1.4333497599999996	0.0	0.0	0.0	0.0	0.0	0.0	0.0	0.0	0.0
1.4603497599999997	0.0	0.0	0.0	0.0	0.0	0.0	0.0	0.0	0.0
1.4863497599999995	0.0	0.0	0.0	0.0	0.0	0.0	0.0	0.0	0.0
1.5133497599999997	0.0	0.0	0.0	0.0	0.0	0.0	0.0	0.0	0.0
1.5403497599999998	0.0	0.0	0.0	0.0	0.0	0.0	0.0	0.0	0.0
1.5663497599999996	0.0	0.0	0.0	0.0	0.0	0.0	0.0	0.0	0.0
1.5933497599999997	0.0	0.0	0.0	0.0	0.0	0.0	0.0	0.0	0.0
1.6193497599999995	0.0	0.0	0.0	0.0	0.0	0.0	0.0	0.0	0.0
1.6463497599999997	0.0	0.0	0.0	0.0	0.0	0.0	0.0	0.0	0.0
1.6723497599999995	0.0	0.0	0.0	0.0	0.0	0.0	0.0	0.0	0.0
1.6993497599999996	0.0	0.0	0.0	0.0	0.0	0.0	0.0	0.0	0.0
1.7253497599999994	0.0	0.0	0.0	0.0	0.0	0.0	0.0	0.0	0.0
1.7523497599999995	0.0	0.0	0.0	0.0	0.0	0.0	0.0	0.0	0.0
1.7783497599999998	0.0	0.0	0.0	0.0	0.0	0.0	0.0	0.0	0.0
1.8053497599999995	0.0	0.0	0.0	0.0	0.0	0.0	0.0	0.0	0.0
1.8323497599999996	0.0	0.0	0.0	0.0	0.0	0.0	0.0	0.0	0.0
1.8583497599999994	0.0	0.0	0.0	0.0	0.0	0.0	0.0	0.0	0.0
1.8853497599999995	0.0	0.0	0.0	0.0	0.0	0.0	0.0	0.0	0.0
1.9113497599999998	0.0	0.0	0.0	0.0	0.0	0.0	0.0	0.0	0.0
1.9383497599999995	0.0	0.0	0.0	0.0	0.0	0.0	0.0	0.0	0.0
1.9643497599999997	0.0	0.0	0.0	0.0	0.0	0.0	0.0	0.0	0.0
1.9913497599999994	0.0	0.0	0.0	0.0	0.0	0.0	0.0	0.0	0.0
2.0173497599999997	0.0	0.0	0.0	0.0	0.0	0.0	0.0	0.0	0.0
2.04434976	0.0	0.0	0.0	0.0	0.0	0.0	0.0	0.0	0.0
2.0713497599999995	0.0	0.0	0.0	0.0	0.0	0.0	0.0	0.0	0.0
2.0973497599999997	0.0	0.0	0.0	0.0	0.0	0.0	0.0	0.0	0.0
2.1243497599999994	0.0	0.0	0.0	0.0	0.0	0.0	0.0	0.0	0.0
2.1503497599999997	0.0	0.0	0.0	0.0	0.0	0.0	0.0	0.0	0.0
2.17734976	0.0	0.0	0.0	0.0	0.0	0.0	0.0	0.0	0.0
2.2033497599999996	0.0	0.0	0.0	0.0	0.0	0.0	0.0	0.0	0.0
2.2303497599999997	0.0	0.0	0.0	0.0	0.0	0.0	0.0	0.0	0.0
2.2563497599999995	0.0	0.0	0.0	0.0	0.0	0.0	0.0	0.0	0.0
2.2833497599999997	0.0	0.0	0.0	0.0	0.0	0.0	0.0	0.0	0.0
2.3093497599999995	0.0	0.0	0.0	0.0	0.0	0.0	0.0	0.0	0.0
2.3363497599999996	0.0	0.0	0.0	0.0	0.0	0.0	0.0	0.0	0.0
2.3633497599999997	0.0	0.0	0.0	0.0	0.0	0.0	0.0	0.0	0.0
2.3893497599999995	0.0	0.0	0.0	0.0	0.0	0.0	0.0	0.0	0.0
2.4163497599999997	0.0	0.0	0.0	0.0	0.0	0.0	0.0	0.0	0.0
2.4423497599999995	0.0	0.0	0.0	0.0	0.0	0.0	0.0	0.0	0.0
2.4693497599999996	0.0	0.0	0.0	0.0	0.0	0.0	0.0	0.0	0.0
2.4953497599999994	0.0	0.0	0.0	0.0	0.0	0.0	0.0	0.0	0.0
2.5223497599999996	0.0	0.0	0.0	0.0	0.0	0.0	0.0	0.0	0.0
2.54834976	0.0	0.0	0.0	0.0	0.0	0.0	0.0	0.0	0.0
2.5753497599999995	0.0	0.0	0.0	0.0	0.0	0.0	0.0	0.0	0.0
2.6023497599999996	0.0	0.0	0.0	0.0	0.0	0.0	0.0	0.0	0.0
2.6283497599999994	0.0	0.0	0.0	0.0	0.0	0.0	0.0	0.0	0.0
2.6553497599999996	0.0	0.0	0.0	0.0	0.0	0.0	0.0	0.0	0.0
2.68134976	0.0	0.0	0.0	0.0	0.0	0.0	0.0	0.0	0.0
2.7083497599999995	0.0	0.0	0.0	0.0	0.0	0.0	0.0	0.0	0.0
2.7343497599999997	0.0	0.0	0.0	0.0	0.0	0.0	0.0	0.0	0.0
2.7613497599999994	0.0	0.0	0.0	0.0	0.0	0.0	0.0	0.0	0.0
2.7873497599999997	0.0	0.0	0.0	0.0	0.0	0.0	0.0	0.0	0.0
2.81434976	0.0	0.0	0.0	0.0	0.0	0.0	0.0	0.0	0.0
2.8403497599999996	0.0	0.0	0.0	0.0	0.0	0.0	0.0	0.0	0.0
2.8673497599999997	0.0	0.0	0.0	0.0	0.0	0.0	0.0	0.0	0.0
2.8943497599999994	0.0	0.0	0.0	0.0	0.0	0.0	0.0	0.0	0.0
2.9203497599999997	0.0	0.0	0.0	0.0	0.0	0.0	0.0	0.0	0.0
2.94734976	0.0	0.0	0.0	0.0	0.0	0.0	0.0	0.0	0.0
2.9733497599999996	0.0	0.0	0.0	0.0	0.0	0.0	0.0	0.0	0.0
3.0003497599999998	0.0	0.0	0.0	0.0	0.0	0.0	0.0	0.0	0.0
3.0263497599999996	0.0	0.0	0.0	0.0	0.0	0.0	0.0	0.0	0.0
3.0533497599999997	0.0	0.0	0.0	0.0	0.0	0.0	0.0	0.0	0.0
3.0793497599999995	0.0	0.0	0.0	0.0	0.0	0.0	0.0	0.0	0.0
3.1063497599999996	0.0	0.0	0.0	0.0	0.0	0.0	0.0	0.0	0.0
3.1333497599999998	0.0	0.0	0.0	0.0	0.0	0.0	0.0	0.0	0.0
3.1593497599999996	0.0	0.0	0.0	0.0	0.0	0.0	0.0	0.0	0.0
3.1863497599999997	0.0	0.0	0.0	0.0	0.0	0.0	0.0	0.0	0.0
3.2123497599999995	0.0	0.0	0.0	0.0	0.0	0.0	0.0	0.0	0.0
3.2393497599999996	0.0	0.0	0.0	0.0	0.0	0.0	0.0	0.0	0.0
3.2653497599999994	0.0	0.0	0.0	0.0	0.0	0.0	0.0	0.0	0.0
3.2923497599999996	0.0	0.0	0.0	0.0	0.0	0.0	0.0	0.0	0.0
3.3183497599999994	0.0	0.0	0.0	0.0	0.0	0.0	0.0	0.0	0.0
3.3453497599999995	0.0	0.0	0.0	0.0	0.0	0.0	0.0	0.0	0.0
3.3713497599999993	0.0	0.0	0.0	0.0	0.0	0.0	0.0	0.0	0.0
3.3983497599999994	0.0	0.0	0.0	0.0	0.0	0.0	0.0	0.0	0.0
3.4253497599999996	0.0	0.0	0.0	0.0	0.0	0.0	0.0	0.0	0.0
3.4513497599999994	0.0	0.0	0.0	0.0	0.0	0.0	0.0	0.0	0.0
3.4783497599999995	0.0	0.0	0.0	0.0	0.0	0.0	0.0	0.0	0.0
3.5043497599999993	0.0	0.0	0.0	0.0	0.0	0.0	0.0	0.0	0.0
3.5313497599999994	0.0	0.0	0.0	0.0	0.0	0.0	0.0	0.0	0.0
3.5573497599999997	0.0	0.0	0.0	0.0	0.0	0.0	0.0	0.0	0.0
3.5843497599999994	0.0	0.0	0.0	0.0	0.0	0.0	0.0	0.0	0.0
3.6103497599999996	0.0	0.0	0.0	0.0	0.0	0.0	0.0	0.0	0.0
3.6373497599999993	0.0	0.0	0.0	0.0	0.0	0.0	0.0	0.0	0.0
3.6633497599999996	0.0	0.0	0.0	0.0	0.0	0.0	0.0	0.0	0.0
3.6903497599999997	0.0	0.0	0.0	0.0	0.0	0.0	0.0	0.0	0.0
3.7173497599999994	0.0	0.0	0.0	0.0	0.0	0.0	0.0	0.0	0.0
3.7433497599999996	0.0	0.0	0.0	0.0	0.0	0.0	0.0	0.0	0.0
3.7703497599999993	0.0	0.0	0.0	0.0	0.0	0.0	0.0	0.0	0.0
3.7963497599999996	0.0	0.0	0.0	0.0	0.0	0.0	0.0	0.0	0.0
3.8233497599999997	0.0	0.0	0.0	0.0	0.0	0.0	0.0	0.0	0.0
3.8493497599999995	0.0	0.0	0.0	0.0	0.0	0.0	0.0	0.0	0.0
3.8763497599999996	0.0	0.0	0.0	0.0	0.0	0.0	0.0	0.0	0.0
3.90234976	0.0	0.0	0.0	0.0	0.0	0.0	0.0	0.0	0.0
3.9293497599999996	0.0	0.0	0.0	0.0	0.0	0.0	0.0	0.0	0.0
3.9563497599999993	0.0	0.0	0.0	0.0	0.0	0.0	0.0	0.0	0.0
3.9823497599999995	0.0	0.0	0.0	0.0	0.0	0.0	0.0	0.0	0.0
4.009349759999999	0.0	0.0	0.0	0.0	0.0	0.0	0.0	0.0	0.0
4.03534976	0.0	0.0	0.0	0.0	0.0	0.0	0.0	0.0	0.0
4.06234976	0.0	0.0	0.0	0.0	0.0	0.0	0.0	0.0	0.0
4.08834976	0.0	0.0	0.0	0.0	0.0	0.0	0.0	0.0	0.0
4.11534976	0.0	0.0	0.0	0.0	0.0	0.0	0.0	0.0	0.0
4.14134976	0.0	0.0	0.0	0.0	0.0	0.0	0.0	0.0	0.0
4.16834976	0.0	0.0	0.0	0.0	0.0	0.0	0.0	0.0	0.0
4.19434976	0.0	0.0	0.0	0.0	0.0	0.0	0.0	0.0	0.0
4.22134976	0.0	0.0	0.0	0.0	0.0	0.0	0.0	0.0	0.0
4.24834976	0.0	0.0	0.0	0.0	0.0	0.0	0.0	0.0	0.0
4.27434976	0.0	0.0	0.0	0.0	0.0	0.0	0.0	0.0	0.0
4.30134976	0.0	0.0	0.0	0.0	0.0	0.0	0.0	0.0	0.0
4.32734976	0.0	0.0	0.0	0.0	0.0	0.0	0.0	0.0	0.0
4.35434976	0.0	0.0	0.0	0.0	0.0	0.0	0.0	0.0	0.0
4.38034976	8.297032e-17	5.19433e-17	7.7333372e-17	2.4347340000000005e-17	0.0	0.0	0.0	0.0	0.0
4.40734976	1.7423757e-15	1.0908534000000001e-15	1.6238345199999998e-15	5.112836e-16	0.0	0.0	0.0	0.0	0.0
4.43334976	3.2853411000000004e-14	2.0569802e-14	3.0622875000000006e-14	9.641636000000001e-15	0.0	0.0	0.0	0.0	0.0
4.46034976	5.415404e-13	3.3899373e-13	5.0471386e-13	1.5890699999999999e-13	0.0	0.0	0.0	0.0	0.0
4.48734976	7.760266e-12	4.8579449999999995e-12	7.233059199999999e-12	2.277403e-12	0.0	0.0	0.0	0.0	0.0
4.51334976	9.671394000000001e-11	6.054746999999999e-11	9.013180199999998e-11	2.8380949999999996e-11	0.0	0.0	0.0	0.0	0.0
4.54034976	1.0480001e-09	6.561307000000001e-10	9.768667400000001e-10	3.075598e-10	0.0	0.0	0.0	0.0	0.0
4.56634976	9.877222e-09	6.1836919999999996e-09	9.2060811e-09	2.898184e-09	0.0	0.0	0.0	0.0	0.0
4.59334976	8.094823999999999e-08	5.067861e-08	7.544283399999999e-08	2.3752409999999998e-08	0.0	0.0	0.0	0.0	0.0
4.6193497599999995	5.769721000000001e-07	3.6117432e-07	5.3775924e-07	1.693047e-07	0.0	0.0	0.0	0.0	0.0
4.64634976	3.5767384e-06	2.2390919e-06	3.3334969e-06	1.0495129e-06	0.0	0.0	0.0	0.0	0.0
4.6723497599999995	1.928235e-05	1.2072883e-05	1.7971886499999996e-05	5.658412000000001e-06	0.0	0.0	0.0	0.0	0.0
4.69934976	9.042354e-05	5.6608949999999996e-05	8.427234200000001e-05	2.653369e-05	0.0	0.0	0.0	0.0	0.0
4.725349759999999	0.00036882143	0.00023090783999999998	0.00034375251000000003	0.00010822037999999999	0.0	0.0	0.0	0.0	0.0
4.7523497599999995	0.0013083378999999998	0.0008192298	0.00121957517	0.00038396620000000003	0.0	0.0	0.0	0.0	0.0
4.77934976	0.0040374951999999995	0.0025280864999999994	0.0037636774999999997	0.0011849080000000001	0.0	0.0	0.0	0.0	0.0
4.8053497599999995	0.010841022	0.006786521	0.0101034744	0.003181068	0.0	0.0	0.0	0.0	0.0
4.83234976	0.025312945999999996	0.015848033999999997	0.0235929907	0.007428132999999999	0.0	0.0	0.0	0.0	0.0
4.858349759999999	0.051420240000000006	0.032197428	0.047919184	0.015088110000000002	0.0	0.0	0.0	0.0	0.0
4.8853497599999995	0.09086516000000001	0.056885500000000006	0.08469573600000001	0.026664530000000002	0.0	0.0	0.0	0.0	0.0
4.911349759999999	0.13967173000000002	0.08745857	0.13019140399999998	0.040988630000000005	0.0	0.0	0.0	0.0	0.0
4.9383497599999995	0.18678700000000004	0.11695289	0.174104335	0.05481496999999999	0.0	0.0	0.0	0.0	0.0
4.964349759999999	0.21731964000000004	0.13606617000000001	0.20255196	0.0637708	0.0	0.0	0.0	0.0	0.0
4.991349759999999	0.21994166999999995	0.13770817	0.20501036100000003	0.06454622000000002	0.0	0.0	0.0	0.0	0.0
5.0183497599999995	0.193732	0.12126750000000001	0.180583454	0.05685719999999999	0.0	0.0	0.0	0.0	0.0
5.044349759999999	0.1486724	0.09302107000000001	0.13859656199999998	0.04365129999999999	0.0	0.0	0.0	0.0	0.0
5.0713497599999995	0.10001539	0.0623987	0.093256986	0.029411410000000006	0.0	0.0	0.0	0.0	0.0
5.097349759999999	0.06059453	0.03733258	0.05657196999999999	0.01795818	0.0	0.0	0.0	0.0	0.0
5.124349759999999	0.03690514	0.02164927	0.03458679	0.011264769999999997	0.0	0.0	0.0	0.0	0.0
5.150349759999999	0.029656980000000003	0.015503730000000002	0.027873359999999996	0.00964922	0.0	0.0	0.0	0.0	0.0
5.177349759999999	0.036390586999999995	0.017142023000000003	0.03390725	0.012505250000000002	0.0	0.0	0.0	0.0	0.0
5.20334976	0.05319481	0.024205369999999997	0.048559759999999993	0.018759289999999998	0.0	0.0	0.0	0.0	0.0
5.230349759999999	0.07512801	0.03408068	0.06651252	0.026925300000000003	0.0	0.0	0.0	0.0	0.0
5.25634976	0.09647130000000001	0.043994639999999995	0.08194259	0.03517950000000001	0.0	0.0	0.0	0.0	0.0
5.283349759999999	0.11228211	0.05143285999999999	0.09029129	0.0418276	0.0	0.0	0.0	0.0	0.0
5.310349759999999	0.12045070000000001	0.05495735000000001	0.0905605	0.0460793	0.0	0.0	0.0	0.0	0.0
5.336349759999999	0.12333607	0.05489629000000001	0.08639960000000001	0.0486851	0.0	0.0	0.0	0.0	0.0
5.363349759999999	0.12734504	0.0536756	0.0846783	0.05202849999999999	0.0	0.0	0.0	0.0	0.0
5.38934976	0.14045127999999998	0.0554641	0.09244190000000001	0.0592899	0.0	0.0	0.0	0.0	0.0
5.416349759999999	0.16785631999999998	0.0651122	0.11305810000000001	0.0727976	0.0	0.0	0.0	0.0	0.0
5.44234976	0.208135	0.0862674	0.14398680000000003	0.0921907	0.0	0.0	0.0	0.0	0.0
5.46934976	0.25256270000000003	0.11909270000000001	0.1772173	0.11380940000000002	0.0	0.0	0.0	0.0	0.0
5.49534976	0.28903890000000004	0.1587967	0.20311010000000002	0.1320323	0.0	0.0	0.0	0.0	0.0
5.52234976	0.30862290000000003	0.1964042	0.2154402	0.14186990000000002	0.0	0.0	0.0	0.0	0.0
5.549349759999999	0.30948349999999997	0.2219724	0.2137672	0.1414316	0.0	0.0	0.0	0.0	0.0
5.57534976	0.2958036	0.22883860000000003	0.20202350000000002	0.13211300000000004	0.0	0.0	0.0	0.0	0.0
5.602349759999999	0.273298	0.2163428	0.18446410000000002	0.11724399999999999	0.0	0.0	0.0	0.0	0.0
5.62834976	0.2458453	0.1895951	0.1633673	0.100621	0.0	0.0	0.0	0.0	0.0
5.65534976	0.2159149	0.15690719999999997	0.13985400000000003	0.08578299999999998	0.0	0.0	0.0	0.0	0.0
5.68134976	0.18684879999999998	0.1268095	0.1160657	0.07622	0.0	0.0	0.0	0.0	0.0
5.70834976	0.1633192	0.1058052	0.09614529999999999	0.0751555	0.0	0.0	0.0	0.0	0.0
5.73434976	0.1490723	0.09681999999999999	0.0841885	0.0842232	0.0	0.0	0.0	0.0	0.0
5.76134976	0.1441904	0.0987182	0.0816747	0.10178180000000003	0.0	0.0	0.0	0.0	0.0
5.78734976	0.1447237	0.1068105	0.08608299999999999	0.12237150000000001	0.0	0.0	0.0	0.0	0.0
5.81434976	0.14517209999999997	0.11506650000000002	0.0925135	0.13865539999999998	0.0	0.0	0.0	0.0	0.0
5.84134976	0.1422993	0.11885280000000001	0.0965959	0.14521840000000003	0.0	0.0	0.0	0.0	0.0
5.86734976	0.1375009	0.1169985	0.0969224	0.14158790000000002	0.0	0.0	0.0	0.0	0.0
5.89434976	0.13613930000000002	0.11152719999999999	0.0951699	0.1322053	0.0	0.0	0.0	0.0	0.0
5.92034976	0.1438198	0.1056125	0.0940787	0.12291649999999998	0.0	0.0	0.0	0.0	0.0
5.94734976	0.1615908	0.1010057	0.0948437	0.1169527	0.0	0.0	0.0	0.0	0.0
5.97334976	0.1835949	0.09694259999999999	0.09599150000000001	0.1131524	0.0	0.0	0.0	0.0	0.0
6.00034976	0.1989602	0.09091439999999999	0.09417970000000002	0.1074588	0.0	0.0	0.0	0.0	0.0
6.0263497599999996	0.1976792	0.080867	0.0866422	0.0963713	0.0	0.0	0.0	0.0	0.0
6.05334976	0.17654499999999998	0.0671006	0.0732579	0.0796329	0.0	0.0	0.0	0.0	0.0
6.08034976	0.1414415	0.0528345	0.0571145	0.06053429999999999	0.0	0.0	0.0	0.0	0.0
6.10634976	0.10429790000000001	0.0433146	0.0432424	0.0442658	0.0	0.0	0.0	0.0	0.0
6.13334976	0.0771129	0.0438542	0.036519	0.035508500000000005	0.0	0.0	0.0	0.0	0.0
6.15934976	0.06698139	0.0576792	0.0397055	0.036637020000000006	0.0	0.0	0.0	0.0	0.0
6.18634976	0.07386199	0.08381540000000001	0.05216749999999999	0.04679503	0.0	0.0	0.0	0.0	0.0
6.2123497599999995	0.09117286	0.1158187	0.0695682	0.06181103	0.0	0.0	0.0	0.0	0.0
6.23934976	0.10854331	0.14303760000000001	0.0850069	0.07532119999999998	0.0	0.0	0.0	0.0	0.0
6.265349759999999	0.1162638	0.1548503	0.09173100000000002	0.08122382000000002	0.0	0.0	0.0	0.0	0.0
6.29234976	0.10937306999999999	0.14614999999999997	0.0865077	0.07658310000000003	0.0	0.0	0.0	0.0	0.0
6.318349759999999	0.08977639	0.12006979999999998	0.0710458	0.06289325	0.0	0.0	0.0	0.0	0.0
6.3453497599999995	0.06415888	0.0858428	0.050777899999999994	0.04495657	0.0	0.0	0.0	0.0	0.0
6.37234976	0.03989484	0.0533678	0.03158477	0.027955475999999993	0.0	0.0	0.0	0.0	0.0
6.398349759999999	0.02158007	0.028875479999999995	0.0170841	0.015124582999999999	0.0	0.0	0.0	0.0	0.0
6.42534976	0.010156142	0.01358917	0.008040669999999998	0.007117067	0.0	0.0	0.0	0.0	0.0
6.451349759999999	0.004158324999999999	0.0055625	0.0032914829999999996	0.0029140320999999996	0.0	0.0	0.0	0.0	0.0
6.4783497599999995	0.001480739	0.001980984	0.0011720799999999998	0.0010375844000000002	0.0	0.0	0.0	0.0	0.0
6.504349759999999	0.0004586344	0.0006136269999999999	0.00036312200000000006	0.00032143649999999993	0.0	0.0	0.0	0.0	0.0
6.5313497599999994	0.00012358560000000002	0.0001653495	9.783019999999999e-05	8.660666e-05	0.0	0.0	0.0	0.0	0.0
6.557349759999999	2.8963480000000003e-05	3.874858000000001e-05	2.292808e-05	2.0296354000000002e-05	0.0	0.0	0.0	0.0	0.0
6.584349759999999	5.903548e-06	7.899560000000002e-06	4.673598e-06	4.1377149999999996e-06	0.0	0.0	0.0	0.0	0.0
6.6113497599999995	1.0467543000000001e-06	1.400695e-06	8.286250000000002e-07	7.336479999999999e-07	0.0	0.0	0.0	0.0	0.0
6.637349759999999	1.61431e-07	2.159771e-07	1.277945e-07	1.1311879e-07	0.0	0.0	0.0	0.0	0.0
6.6643497599999995	2.1650800000000002e-08	2.896551e-08	1.713771e-08	1.5171348e-08	0.0	0.0	0.0	0.0	0.0
6.69034976	2.5249539999999997e-09	3.3785859999999996e-09	1.998806e-09	1.7694708e-09	0.0	0.0	0.0	0.0	0.0
6.717349759999999	2.561176e-10	3.427279e-10	2.027605e-10	1.7948133e-10	0.0	0.0	0.0	0.0	0.0
6.743349759999999	2.259169e-11	3.022638e-11	1.788359e-11	1.5831471e-11	0.0	0.0	0.0	0.0	0.0
6.770349759999999	1.732662e-12	2.3182709999999997e-12	1.3716719999999999e-12	1.2143139e-12	0.0	0.0	0.0	0.0	0.0
6.79634976	1.1556894999999998e-13	1.546073e-13	9.14755e-14	8.098547e-14	0.0	0.0	0.0	0.0	0.0
6.823349759999999	6.726657e-15	8.999659999999999e-15	5.325e-15	4.713933999999999e-15	0.0	0.0	0.0	0.0	0.0
6.849349759999999	3.449441e-16	4.614829999999999e-16	2.7308619999999996e-16	2.4171339999999997e-16	0.0	0.0	0.0	0.0	0.0
6.87634976	0.0	0.0	0.0	0.0	0.0	0.0	0.0	0.0	0.0
6.903349759999999	0.0	0.0	0.0	0.0	0.0	0.0	0.0	0.0	0.0
6.929349759999999	0.0	0.0	0.0	0.0	0.0	0.0	0.0	0.0	0.0
6.956349759999999	0.0	0.0	0.0	0.0	0.0	0.0	0.0	0.0	0.0
6.98234976	0.0	0.0	0.0	0.0	0.0	0.0	0.0	0.0	0.0
7.009349759999999	0.0	0.0	0.0	0.0	0.0	0.0	0.0	0.0	0.0
7.03534976	0.0	0.0	0.0	0.0	0.0	0.0	0.0	0.0	0.0
7.06234976	0.0	0.0	0.0	0.0	0.0	0.0	0.0	0.0	0.0
7.08834976	0.0	0.0	0.0	0.0	0.0	0.0	0.0	0.0	0.0
7.115349759999999	0.0	0.0	0.0	0.0	0.0	0.0	0.0	0.0	0.0
7.14234976	0.0	0.0	0.0	0.0	0.0	0.0	0.0	0.0	0.0
7.16834976	0.0	0.0	0.0	0.0	0.0	0.0	0.0	0.0	0.0
7.195349759999999	0.0	0.0	0.0	0.0	0.0	0.0	0.0	0.0	0.0
7.221349759999999	0.0	0.0	0.0	0.0	0.0	0.0	0.0	0.0	0.0
7.24834976	0.0	0.0	0.0	0.0	0.0	0.0	0.0	0.0	0.0
7.27434976	0.0	0.0	0.0	0.0	0.0	0.0	0.0	0.0	0.0
7.301349759999999	0.0	0.0	0.0	0.0	0.0	0.0	0.0	0.0	0.0
7.32734976	0.0	0.0	0.0	0.0	0.0	0.0	0.0	0.0	0.0
7.35434976	0.0	0.0	0.0	0.0	0.0	0.0	0.0	0.0	0.0
7.38034976	0.0	0.0	0.0	0.0	0.0	0.0	0.0	0.0	0.0
7.40734976	0.0	0.0	0.0	0.0	0.0	0.0	0.0	0.0	0.0
7.43434976	0.0	0.0	0.0	0.0	0.0	0.0	0.0	0.0	0.0
7.46034976	0.0	0.0	0.0	0.0	0.0	0.0	0.0	0.0	0.0
