-17.582965140000002	0.0
-17.55896514	0.0
-17.53496514	0.0
-17.51096514	0.0
-17.48596514	0.0
-17.46196514	0.0
-17.43796514	0.0
-17.413965140000002	0.0
-17.38996514	0.0
-17.364965140000002	0.0
-17.34096514	0.0
-17.31696514	0.0
-17.29296514	0.0
-17.26796514	0.0
-17.24396514	0.0
-17.21996514	0.0
-17.195965140000002	0.0
-17.17196514	0.0
-17.146965140000002	0.0
-17.12296514	0.0
-17.09896514	0.0
-17.07496514	3.0822937200000004e-15
-17.050965140000002	2.7742073e-14
-17.02596514	4.25394082e-13
-17.00196514	5.79462363e-12
-16.977965140000002	6.984718760000001e-11
-16.95396514	7.49399691e-10
-16.928965140000003	7.15586309e-09
-16.90496514	6.08265097e-08
-16.88096514	4.60291832e-07
-16.85696514	3.10002744e-06
-16.832965140000002	1.8587473199999997e-05
-16.80796514	9.919641680000001e-05
-16.78396514	0.000471321867
-16.759965140000002	0.0019934479799999997
-16.73596514	0.007504721089999999
-16.710965140000003	0.0251600979
-16.68696514	0.07507505239999998
-16.66296514	0.19945371999999997
-16.63896514	0.47170575900000006
-16.614965140000002	0.9932763899999999
-16.58996514	1.8621529400000003
-16.56596514	3.10803844
-16.541965140000002	4.617813859999999
-16.51796514	6.10947194
-16.492965140000003	7.19695715
-16.46896514	7.54743378
-16.44496514	7.045938739999999
-16.42096514	5.857093440000001
-16.396965140000002	4.334546860000001
-16.37196514	2.8562026800000004
-16.34796514	1.6754846300000001
-16.323965140000002	0.8751142550000001
-16.29996514	0.40686818500000005
-16.274965140000003	0.168429487
-16.25096514	0.06207493409999999
-16.22696514	0.020367532499999997
-16.20296514	0.005949953009999999
-16.178965140000003	0.0015468942050000003
-16.15396514	0.000358149277
-16.12996514	7.37957936e-05
-16.105965140000002	1.353796967e-05
-16.08196514	2.2106308e-06
-16.05796514	3.2135806600000004e-07
-16.03296514	4.158090190000001e-08
-16.00896514	4.78938315e-09
-15.98496514	4.909871290000001e-10
-15.960965140000003	4.4804393800000006e-11
-15.93596514	3.6367024000000002e-12
-15.91196514	2.65085136e-13
-15.887965140000002	1.8494598600000004e-14
-15.863965140000001	0.0
-15.83996514	0.0
-15.814965140000002	0.0
-15.79096514	0.0
-15.76696514	3.1564806560999997e-15
-15.742965140000003	3.1564806561e-14
-15.71796514	4.8611640521e-13
-15.69396514	6.5597532082e-12
-15.669965140000002	7.869824527e-11
-15.645965140000001	8.403551660000001e-10
-15.62196514	7.990004507e-09
-15.596965140000002	6.7600696136e-08
-15.57296514	5.091868764900001e-07
-15.54896514	3.4139404677e-06
-15.524965140000003	2.0374826405999996e-05
-15.49996514	0.00010823323690999999
-15.47596514	0.00051195624809
-15.451965140000002	0.0021554589309
-15.427965140000001	0.008078403259
-15.40396514	0.026953562008
-15.378965140000002	0.08006990473999999
-15.354965140000001	0.21174288593
-15.33096514	0.49853210473000004
-15.306965140000003	1.0450342196
-15.28196514	1.9499269628999998
-15.25796514	3.2398701172999997
-15.233965140000002	4.792151779100001
-15.209965140000001	6.310742220000001
-15.18596514	7.400630254
-15.160965140000002	7.724542253
-15.136965140000001	7.17967748
-15.11296514	5.9408178478
-15.088965140000003	4.3764323253
-15.064965140000002	2.8705242773
-15.03996514	1.6762548928999998
-15.015965140000002	0.8713944296000001
-14.991965140000001	0.4033726259299999
-14.96796514	0.16621582068
-14.942965140000002	0.060980191728000004
-14.918965140000001	0.019916067689000002
-14.89496514	0.005790653849999998
-14.870965140000003	0.0014989375769999997
-14.846965140000002	0.00034540185546000005
-14.82196514	7.084826904e-05
-14.797965140000002	1.2938099209999998e-05
-14.773965140000001	2.1031606723e-06
-14.74996514	3.0433583055999995e-07
-14.724965140000002	3.9199562047e-08
-14.700965140000001	4.4943698945999996e-09
-14.67696514	4.5865712589999997e-10
-14.652965140000003	4.1665631817e-11
-14.628965140000002	3.3649734226e-12
-14.60396514	2.4621328616999995e-13
-14.579965140000002	1.2625920563000002e-14
-14.555965140000001	0.0
-14.53196514	0.0
-14.506965140000002	0.0
-14.482965140000001	0.0
-14.45896514	0.0
-14.434965140000003	0.0
-14.410965140000002	0.0
-14.38596514	0.0
-14.361965140000002	0.0
-14.337965140000001	0.0
-14.31396514	0.0
-14.288965140000002	0.0
-14.264965140000001	0.0
-14.24096514	0.0
-14.216965140000003	0.0
-14.192965140000002	0.0
-14.16796514	0.0
-14.143965140000002	0.0
-14.119965140000001	0.0
-14.09596514	0.0
-14.07196514	0.0
-14.046965140000001	0.0
-14.02296514	0.0
-13.99896514	0.0
-13.974965140000002	0.0
-13.94996514	0.0
-13.925965140000002	0.0
-13.901965140000001	0.0
-13.87796514	0.0
-13.85396514	0.0
-13.828965140000001	0.0
-13.80496514	0.0
-13.78096514	0.0
-13.756965140000002	0.0
-13.73196514	0.0
-13.707965140000002	0.0
-13.683965140000002	3.3087655490000004e-15
-13.65996514	2.646845661e-14
-13.63596514	4.4667085419999996e-13
-13.610965140000001	6.060644862e-12
-13.58696514	7.312711813e-11
-13.56296514	7.856083408e-10
-13.538965140000002	7.511170527e-09
-13.51396514	6.391072483e-08
-13.489965140000002	4.842002815e-07
-13.465965140000002	3.2651858269999996e-06
-13.44196514	1.9600090630000004e-05
-13.41796514	0.00010473702884
-13.392965140000001	0.0004982096137
-13.36896514	0.002109648853
-13.34496514	0.007952923839
-13.320965140000002	0.026689050359999997
-13.29596514	0.07973649064
-13.271965140000002	0.2120881278
-13.247965140000002	0.5021607806
-13.22396514	1.0587825217
-13.19996514	1.987196331
-13.174965140000001	3.320767277
-13.15096514	4.940520286000001
-13.12696514	6.544004663
-13.102965140000002	7.716301067
-13.078965140000001	8.101898848000001
-13.053965140000003	7.573032993
-13.029965140000002	6.303039878
-13.00596514	4.67031613
-12.98196514	3.080894223
-12.956965140000001	1.8093886470000002
-12.93296514	0.9461293297
-12.90896514	0.44046734660000003
-12.884965140000002	0.18254546059999996
-12.860965140000001	0.06735642953
-12.835965140000003	0.022126972199999997
-12.811965140000002	0.006471004749999999
-12.78796514	0.0016846743589999998
-12.76396514	0.0003904774692
-12.738965140000001	8.055468804e-05
-12.71496514	1.4796206250000001e-05
-12.69096514	2.4189103130000003e-06
-12.666965140000002	3.520463553e-07
-12.642965140000001	4.56001657e-08
-12.617965140000003	5.259062578e-09
-12.593965140000002	5.39863638e-10
-12.56996514	4.93158554e-11
-12.54596514	4.009783789e-12
-12.520965140000001	2.9115413639999993e-13
-12.49696514	1.9852631549999994e-14
-12.47296514	0.0
-12.448965140000002	0.0
-12.424965140000001	0.0
-12.399965140000003	0.0
-12.375965140000002	0.0
-12.35196514	0.0
-12.32796514	0.0
-12.303965140000003	0.0
-12.27896514	0.0
-12.25496514	0.0
-12.230965140000002	0.0
-12.206965140000001	0.0
-12.181965140000003	0.0
-12.157965140000002	0.0
-12.13396514	0.0
-12.10996514	0.0
-12.085965140000003	0.0
-12.06096514	0.0
-12.03696514	0.0
-12.012965140000002	0.0
-11.988965140000001	0.0
-11.963965140000003	0.0
-11.939965140000002	0.0
-11.91596514	6.637976439999999e-15
-11.89196514	1.26124419e-13
-11.867965140000003	1.80215646e-12
-11.84296514	2.29713832e-11
-11.81896514	2.60674339e-10
-11.794965140000002	2.63308378e-09
-11.770965140000001	2.3675281899999997e-08
-11.745965140000003	1.8948406e-07
-11.721965140000002	1.3498971900000002e-06
-11.69796514	8.559668719999999e-06
-11.67396514	4.8323326200000006e-05
-11.649965140000003	0.000242836792
-11.62496514	0.001086371984
-11.60096514	0.00432638174
-11.576965140000002	0.015338116200000002
-11.552965140000001	0.0484108559
-11.527965140000003	0.13600797799999997
-11.503965140000002	0.340247859
-11.479965140000001	0.7578023300000001
-11.45596514	1.5025032200000004
-11.431965140000003	2.6521702700000005
-11.40696514	4.16796153
-11.38296514	5.832423779999999
-11.358965140000002	7.26516262
-11.334965140000001	8.05769037
-11.31096514	7.95724403
-11.285965140000002	6.99537259
-11.261965140000001	5.47544133
-11.23796514	3.8156480199999994
-11.213965139999999	2.36743219
-11.18896514	1.3076944399999997
-11.16496514	0.6431015029999999
-11.140965139999999	0.281574066
-11.116965140000001	0.1097551137
-11.09296514	0.038086265599999995
-11.067965140000002	0.0117664896
-11.043965140000001	0.0032361221200000005
-11.01996514	0.0007923815059999999
-10.99596514	0.000172709419
-10.97096514	3.3509219e-05
-10.94696514	5.788042110000001e-06
-10.922965139999999	8.898893620000001e-07
-10.898965140000001	1.21800945e-07
-10.87496514	1.48373969e-08
-10.849965140000002	1.6090820000000002e-09
-10.825965140000001	1.55321266e-10
-10.80196514	1.33433299e-11
-10.77796514	1.022280185e-12
-10.75296514	7.30168402e-14
-10.72896514	0.0
-10.704965139999999	0.0
-10.680965140000001	0.0
-10.65696514	0.0
-10.631965139999998	0.0
-10.607965140000001	0.0
-10.58396514	0.0
-10.55996514	0.0
-10.53496514	0.0
-10.51096514	0.0
-10.486965139999999	0.0
-10.462965140000001	1.9793384125000002e-14
-10.43896514	2.6722812769e-13
-10.413965139999998	3.7375612022e-12
-10.389965140000001	4.6101899630000005e-11
-10.36596514	5.0607869838e-10
-10.34196514	4.9457321875e-09
-10.317965140000002	4.3019378492999993e-08
-10.29296514	3.3310715890999996e-07
-10.268965139999999	2.2958176547e-06
-10.244965140000001	1.4085041460300001e-05
-10.22096514	7.692454471199998e-05
-10.195965139999998	0.00037401256833000004
-10.171965140000001	0.0016185897205
-10.14796514	0.006236557016000001
-10.12396514	0.021389946947
-10.099965140000002	0.06531560204899999
-10.07496514	0.17756929125999998
-10.050965139999999	0.4297129067
-10.026965140000001	0.9259011871500001
-10.00296514	1.7762224048999997
-9.977965139999998	3.0335984691
-9.953965140000001	4.6122341141000005
-9.92996514	6.2441226595
-9.90596514	7.525612234599999
-9.881965139999998	8.0751518357
-9.85696514	7.7152592507
-9.832965139999999	6.5626808569
-9.808965140000002	4.9695066169999995
-9.78496514	3.3507068164
-9.759965139999998	2.0112359353
-9.735965140000001	1.07487567798
-9.71196514	0.51145910653
-9.68796514	0.21665206795999997
-9.663965139999998	0.08169637193799999
-9.63896514	0.027428941872999997
-9.614965139999999	0.008198103904599999
-9.590965140000002	0.0021814469267000002
-9.56696514	0.00051674563267
-9.541965139999999	0.00010896356339300001
-9.517965140000001	2.0454420461e-05
-9.49396514	3.4179921437e-06
-9.46996514	5.0844118133e-07
-9.445965139999998	6.7326661558e-08
-9.42096514	7.9346474987e-09
-9.396965139999999	8.324443185700001e-10
-9.372965140000002	7.772609173400001e-11
-9.34896514	6.4595444863e-12
-9.32496514	4.8168290352e-13
-9.299965140000001	3.2988498361000003e-14
-9.27596514	0.0
-9.25196514	0.0
-9.227965139999998	0.0
-9.20296514	0.0
-9.178965139999999	0.0
-9.154965140000002	0.0
-9.13096514	0.0
-9.10696514	0.0
-9.081965140000001	0.0
-9.05796514	0.0
-9.03396514	0.0
-9.009965139999998	0.0
-8.98496514	0.0
-8.960965139999999	0.0
-8.936965140000002	0.0
-8.91296514	0.0
-8.88896514	0.0
-8.863965140000001	0.0
-8.83996514	0.0
-8.81596514	0.0
-8.791965139999999	0.0
-8.76696514	0.0
-8.742965139999999	0.0
-8.718965140000002	0.0
-8.69496514	0.0
-8.67096514	0.0
-8.645965140000001	0.0
-8.62196514	0.0
-8.59796514	0.0
-8.573965139999999	0.0
-8.54896514	0.0
-8.524965139999999	0.0
-8.500965140000002	0.0
-8.47696514	0.0
-8.45296514	0.0
-8.427965140000001	0.0
-8.40396514	0.0
-8.37996514	0.0
-8.355965139999999	0.0
-8.331965140000001	0.0
-8.306965139999999	0.0
-8.282965140000002	0.0
-8.25896514	0.0
-8.23496514	0.0
-8.209965140000001	0.0
-8.18596514	0.0
-8.16196514	0.0
-8.137965139999999	0.0
-8.113965140000001	0.0
-8.088965139999999	0.0
-8.064965140000002	0.0
-8.04096514	0.0
-8.01696514	0.0
-7.9919651400000005	0.0
-7.96796514	0.0
-7.94396514	0.0
-7.9199651399999995	0.0
-7.89596514	0.0
-7.87096514	0.0
-7.846965140000001	0.0
-7.82296514	0.0
-7.798965140000001	0.0
-7.7739651400000005	0.0
-7.74996514	0.0
-7.7259651400000005	0.0
-7.7019651399999995	0.0
-7.67796514	0.0
-7.65296514	0.0
-7.628965140000001	0.0
-7.60496514	0.0
-7.580965140000001	2.8323321889999997e-15
-7.5559651400000005	5.3815496199999995e-14
-7.53196514	7.845903605000001e-13
-7.5079651400000005	1.0292669055e-11
-7.48396514	1.2037722345e-10
-7.45996514	1.2529857530000002e-09
-7.43496514	1.1607940101e-08
-7.410965140000001	9.572685301e-08
-7.38696514	7.027071494e-07
-7.362965140000001	4.591621922999999e-06
-7.33896514	2.6710706199999998e-05
-7.31396514	0.0001383000933
-7.2899651400000005	0.0006374812720000001
-7.26596514	0.0026157789170000003
-7.2419651400000005	0.009555409814
-7.21696514	0.031074645050000002
-7.192965140000001	0.08997029007
-7.16896514	0.23189035620000004
-7.144965140000001	0.5321626955
-7.12096514	1.0873005
-7.09596514	1.9782441889999998
-7.0719651400000005	3.206074916
-7.04796514	4.630953877
-7.0239651400000005	5.972067721999999
-6.99896514	6.9017687
-6.974965140000001	7.2120616
-6.95096514	6.95048033
-6.926965140000001	6.4229804
-6.90296514	6.03605799
-6.87796514	6.070260279999999
-6.853965140000001	6.5178998
-6.82996514	7.096753430000001
-6.8059651400000005	7.4316993
-6.78096514	7.2952399
-6.756965139999999	6.7518589
-6.73296514	6.1215185
-6.708965140000001	5.7794739
-6.68496514	5.9223397
-6.65996514	6.444217900000001
-6.635965140000001	6.9878563
-6.61196514	7.1451533000000005
-6.5879651400000006	6.67417649
-6.56396514	5.61091845
-6.538965139999999	4.2187342
-6.51496514	2.829390472
-6.490965139999999	1.6905155600000001
-6.46696514	0.899557392
-6.44196514	0.42621608889999996
-6.417965140000001	0.1797880182
-6.39396514	0.06752515723
-6.369965140000001	0.02257642069
-6.34596514	0.00672048738
-6.320965139999999	0.001780933644
-6.29696514	0.00042013970000000006
-6.272965139999999	8.822957567e-05
-6.24896514	1.6493946e-05
-6.22396514	2.7450937120000003e-06
-6.199965140000001	4.0667361140000003e-07
-6.17596514	5.39915756e-08
-6.151965140000001	9.950774199999998e-09
-6.12796514	3.277969245e-08
-6.102965139999999	2.5122411044e-07
-6.07896514	1.7481012545700002e-06
-6.054965139999999	1.0830261117719999e-05
-6.03096514	5.97194467953e-05
-6.00596514	0.000293207401453
-5.981965140000001	0.001281557622878
-5.95796514	0.00498542060531
-5.933965140000001	0.017267128525810003
-5.90996514	0.053243860757599994
-5.884965139999999	0.1461650492848
-5.86096514	0.35719880072699994
-5.836965139999999	0.7772559172219999
-5.81296514	1.5054727030350001
-5.78796514	2.5963018100000004
-5.763965140000001	3.9862398630400007
-5.73996514	5.44904581129
-5.715965140000001	6.632089339349999
-5.69196514	7.18651753672
-5.666965139999999	6.933352434630001
-5.64296514	5.9541234994500005
-5.618965139999999	4.553409299459999
-5.59496514	3.10009513225
-5.570965139999999	1.8791227029329998
-5.545965140000001	1.014129624235
-5.52196514	0.48722476148300004
-5.497965140000001	0.20841533102090004
-5.47396514	0.0793684748393
-5.448965139999999	0.026906338491000003
-5.42496514	0.00812060018672
-5.400965139999999	0.0021819055348520004
-5.37696514	0.000521936086579
-5.352965139999999	0.00011116160336399999
-5.327965140000001	2.1307922719999997e-05
-5.30396514	5.2376570099999995e-06
-5.279965140000001	1.10014865e-05
-5.25596514	5.803616449e-05
-5.2309651399999995	0.00028577355214
-5.20696514	0.0012544114295
-5.182965139999999	0.004902442979000001
-5.15896514	0.017063436339999998
-5.134965139999999	0.052899931760000005
-5.109965140000001	0.1461313189
-5.08596514	0.35994873099999997
-5.061965140000001	0.791247195
-5.03796514	1.5543926
-5.0129651399999995	2.73566498
-4.98896514	4.3296785
-4.964965139999999	6.194954
-4.94096514	8.0756434
-4.916965139999999	9.687182799999999
-4.891965140000001	10.8164779
-4.86796514	11.352718
-4.843965140000001	11.2656784
-4.81996514	10.5566951
-4.7949651399999995	9.2741497
-4.77096514	7.55607305
-4.7469651399999995	5.64675899
-4.72296514	3.83448096
-4.698965139999999	2.35077516
-4.673965140000001	1.2987063600000002
-4.64996514	0.6569539710000001
-4.625965140000001	0.34197397
-4.60196514	0.2778091924
-4.577965140000001	0.4443749898
-4.55296514	0.8858513880000001
-4.5289651399999995	1.6780306109999998
-4.50496514	2.8585983199999996
-4.4809651399999995	4.34167982
-4.455965140000001	5.872437361
-4.43196514	7.071414588
-4.407965140000001	7.581687011
-4.38396514	7.236961662
-4.359965140000001	6.150681897000001
-4.33496514	4.654664346000001
-4.3109651399999995	3.139800216
-4.28696514	1.8968396090000001
-4.2629651399999995	1.0562492799999998
-4.237965140000001	0.62221725
-4.21396514	0.560102804
-4.189965140000001	0.8637510000000002
-4.16596514	1.567698187
-4.141965140000001	2.6962591700000003
-4.1169651400000005	4.17492664
-4.09296514	5.76657067
-4.06896514	7.093997009999999
-4.0449651399999995	7.770086900000001
-4.019965140000001	7.577235160000001
-3.99596514	6.57873761
-3.971965140000001	5.085502770000001
-3.94796514	3.4996826299999997
-3.923965140000001	2.1444748519999997
-3.8989651400000005	1.1697872839999999
-3.8749651399999996	0.568150413
-3.8509651400000005	0.245716658
-3.8269651399999995	0.094890359
-3.801965140000001	0.033841948
-3.77796514	0.015450054999999999
-3.753965140000001	0.021883546900000002
-3.72996514	0.0596377049
-3.705965140000001	0.1614867483
-3.6809651400000005	0.39298591048
-3.6569651399999996	0.85191617548
-3.6329651400000005	1.64455206836
-3.6089651399999996	2.82610851259
-3.5849651400000004	4.3241407183
-3.55996514	5.8902484006
-3.535965140000001	7.1432418436
-3.51196514	7.712787702799998
-3.487965140000001	7.4151522609
-3.4629651400000006	6.3464371011
-3.4389651399999996	4.8360413881
-3.4149651400000005	3.28106397906
-3.3909651399999996	1.98176615294
-3.3669651400000005	1.06574985791
-3.34196514	0.51021111443
-3.31796514	0.217489415942
-3.29396514	0.08252097725299999
-3.26996514	0.0278800158564
-3.2449651399999997	0.0083849034177
-3.2209651400000006	0.00224499037418
-3.1969651400000005	0.00053518531159
-3.1729651400000005	0.00011381890505
-3.1489651400000005	2.335300992e-05
-3.12396514	1.5303054499e-05
-3.09996514	6.454213996599999e-05
-3.07596514	0.00031188153329
-3.05196514	0.00135201253695
-3.0269651399999997	0.0052186695253
-3.0029651399999997	0.0179361916486
-2.9789651400000006	0.054876233674000005
-2.9549651400000005	0.14945980763800001
-2.9309651400000005	0.36238315613999994
-2.90596514	0.78242651727
-2.88196514	1.50373896979
-2.85796514	2.572689178
-2.83396514	3.9199889047
-2.8089651399999997	5.3171053097000005
-2.7849651399999997	6.4205743095
-2.7609651399999997	6.9028566712
-2.7369651399999997	6.6079750879
-2.7129651400000006	5.631236793899999
-2.68796514	4.2731803436
-2.66396514	2.8863238131
-2.63996514	1.7358778152599998
-2.61596514	0.92957333591
-2.59196514	0.44312843727999995
-2.5669651399999998	0.188066480078
-2.5429651399999997	0.07105760820399999
-2.5189651399999997	0.023903898447999998
-2.4949651399999997	0.0071577594627
-2.4699651400000002	0.0019085153810399999
-2.44596514	0.0004528960463200001
-2.42196514	9.569387031399999e-05
-2.39796514	1.79983618414e-05
-2.37396514	3.0129417369000002e-06
-2.34896514	4.490995811500001e-07
-2.3249651399999998	5.957937318599999e-08
-2.3009651399999997	7.0359551872e-09
-2.2769651399999997	7.3962674734e-10
-2.2519651400000003	6.919718751899999e-11
-2.2279651400000002	5.759760889699999e-12
-2.20396514	4.2313721337e-13
-2.17996514	3.3852325715999996e-14
-2.15596514	0.0
-2.13096514	0.0
-2.10696514	0.0
-2.0829651399999998	0.0
-2.0589651399999997	0.0
-2.0339651400000003	0.0
-2.0099651400000003	0.0
-1.9859651400000002	0.0
-1.9619651400000002	0.0
-1.9379651400000002	0.0
-1.9129651399999998	0.0
-1.8889651399999998	0.0
-1.8649651399999998	0.0
-1.8409651399999998	0.0
-1.8159651400000003	0.0
-1.7919651400000003	0.0
-1.7679651400000003	0.0
-1.7439651400000002	0.0
-1.7199651400000002	0.0
-1.6949651399999999	0.0
-1.6709651399999998	0.0
-1.6469651399999998	0.0
-1.6229651399999998	0.0
-1.5989651399999998	0.0
-1.5739651400000003	0.0
-1.5499651400000003	0.0
-1.5259651400000003	0.0
-1.5019651400000003	0.0
-1.47696514	0.0
-1.4529651399999999	0.0
-1.4289651399999999	0.0
-1.4049651399999998	0.0
-1.3809651399999998	0.0
-1.3559651400000003	0.0
-1.3319651400000003	0.0
-1.3079651400000003	0.0
-1.2839651400000003	0.0
-1.25896514	0.0
-1.23496514	0.0
-1.2109651399999999	0.0
-1.1869651399999999	0.0
-1.1629651399999998	0.0
-1.1379651400000004	0.0
-1.1139651400000004	0.0
-1.0899651400000003	0.0
-1.0659651400000003	0.0
-1.04096514	9.978169413085e-15
-1.01696514	1.4467445147630002e-13
-0.9929651399999999	2.025481064168e-12
-0.9689651399999999	2.5385779762970002e-11
-0.9449651399999999	2.8292588627610006e-10
-0.9199651400000004	2.8067986174949997e-09
-0.8959651400000004	2.478661024575e-08
-0.8719651400000004	1.9481929582440005e-07
-0.8479651400000003	1.362799142964e-06
-0.82296514	8.487663295271002e-06
-0.79896514	4.705260412144e-05
-0.7749651399999999	0.0002321511826705
-0.7509651399999999	0.0010201141283741001
-0.7269651399999999	0.003989747886603
-0.7019651400000004	0.013891549497724
-0.6779651400000004	0.04305395231374
-0.6539651400000004	0.11881265619817002
-0.6299651400000004	0.29190720858330005
-0.6059651400000003	0.6383798588179
-0.58096514	1.2431494400302001
-0.55696514	2.155503939719
-0.53296514	3.3261086086880005
-0.5089651399999999	4.57047081754
-0.48396514000000046	5.591387755724001
-0.45996514000000044	6.090892064674001
-0.4359651400000004	5.906579235485
-0.4119651400000004	5.099511742850001
-0.3879651400000004	3.9206395407740002
-0.36296514	2.683032794018
-0.33896514	1.6347891795039997
-0.31496514	0.8868695183827999
-0.29096513999999996	0.42827842911080005
-0.2659651400000005	0.18420672369789998
-0.24196514000000047	0.07050575934125
-0.21796514000000045	0.02403031458672
-0.19396514000000042	0.0072900776099830015
-0.1699651400000004	0.0019691963894979997
-0.14496514000000005	0.00047343580844939995
-0.12096514000000003	0.00010133761018894
-0.09696514	1.930865997042e-05
-0.07296513999999998	3.276000205083e-06
-0.04796514000000052	4.946256441022e-07
-0.023965140000000495	6.647630947324001e-08
3.4859999999525826e-05	7.954260444908001e-09
0.024034859999999547	8.470231634069e-10
0.04803485999999957	8.0285653058e-11
0.07303485999999992	6.775663807843e-12
0.09703485999999995	5.089363323722001e-13
0.12103485999999997	3.4919511296749995e-14
0.14503486	0.0
0.16903486	0.0
0.19403485999999948	0.0
0.2180348599999995	0.0
0.24203485999999952	0.0
0.26603485999999954	0.0
0.2910348599999999	0.0
0.3150348599999999	0.0
0.33903485999999994	0.0
0.36303485999999996	0.0
0.38703486	0.0
0.41203485999999945	0.0
0.43603485999999947	0.0
0.4600348599999995	0.0
0.4840348599999995	0.0
0.5090348599999999	0.0
0.5330348599999999	0.0
0.5570348599999999	0.0
0.5810348599999999	0.0
0.60503486	0.0
0.6300348600000003	0.0
0.6540348599999999	0.0
0.6780348599999999	0.0
0.7020348599999999	0.0
0.7270348599999998	0.0
0.7510348599999999	0.0
0.7750348599999999	0.0
0.7990348599999999	0.0
0.8230348599999999	0.0
0.8480348599999998	0.0
0.8720348599999999	0.0
0.8960348599999999	0.0
0.9200348599999999	0.0
0.9450348599999998	0.0
0.9690348599999998	0.0
0.9930348599999999	0.0
1.0170348599999999	0.0
1.04103486	0.0
1.0660348599999998	0.0
1.0900348599999998	0.0
1.1140348599999998	0.0
1.1380348599999999	0.0
1.16203486	0.0
1.1870348599999998	0.0
1.2110348599999998	0.0
1.2350348599999998	0.0
1.2590348599999999	0.0
1.2840348599999998	0.0
1.3080348599999998	0.0
1.3320348599999998	0.0
1.3560348599999998	0.0
1.3800348599999999	0.0
1.4050348599999998	0.0
1.4290348599999998	0.0
1.4530348599999998	0.0
1.4770348599999998	0.0
1.5020348599999997	0.0
1.5260348599999998	0.0
1.5500348599999998	0.0
1.5740348599999998	0.0
1.5980348599999998	0.0
1.6230348599999997	0.0
1.6470348599999998	0.0
1.6710348599999998	0.0
1.6950348599999998	0.0
1.7200348599999997	0.0
1.7440348599999997	0.0
1.7680348599999998	0.0
1.7920348599999998	0.0
1.8160348599999998	0.0
1.8410348599999997	0.0
1.8650348599999997	0.0
1.8890348599999998	0.0
1.9130348599999998	0.0
1.9380348599999997	0.0
1.9620348599999997	0.0
1.9860348599999997	0.0
2.0100348599999998	0.0
2.03403486	0.0
2.0590348599999997	0.0
2.0830348599999997	0.0
2.1070348599999997	0.0
2.1310348599999998	0.0
2.1550348599999998	0.0
2.1800348599999997	0.0
2.2040348599999997	0.0
2.2280348599999997	0.0
2.2520348599999997	0.0
2.2770348599999997	0.0
2.3010348599999997	0.0
2.3250348599999997	0.0
2.3490348599999997	0.0
2.3730348599999997	0.0
2.3980348599999997	0.0
2.4220348599999997	0.0
2.4460348599999997	0.0
2.4700348599999997	0.0
2.49503486	0.0
2.5190348599999997	0.0
2.5430348599999997	0.0
2.5670348599999997	0.0
2.5910348599999997	0.0
2.61603486	0.0
2.64003486	0.0
2.66403486	0.0
2.68803486	0.0
2.7130348599999996	0.0
2.7370348599999996	0.0
2.7610348599999996	0.0
2.7850348599999997	0.0
2.8090348599999997	0.0
2.83403486	0.0
2.85803486	0.0
2.88203486	0.0
2.90603486	0.0
2.9310348599999996	0.0
2.9550348599999996	0.0
2.9790348599999996	0.0
3.0030348599999996	0.0
3.0270348599999997	0.0
3.05203486	0.0
3.07603486	0.0
3.10003486	0.0
3.12403486	0.0
3.14803486	0.0
3.1730348599999996	0.0
3.1970348599999996	0.0
3.2210348599999996	0.0
3.2450348599999996	0.0
3.27003486	0.0
3.29403486	0.0
3.31803486	0.0
3.34203486	0.0
3.36603486	0.0
3.39103486	0.0
3.4150348599999996	0.0
3.4390348599999996	0.0
3.4630348599999996	0.0
3.48803486	0.0
3.51203486	0.0
3.53603486	0.0
3.56003486	0.0
3.58403486	0.0
3.60903486	0.0
3.63303486	0.0
3.65703486	0.0
3.68103486	0.0
3.70603486	0.0
3.73003486	0.0
3.75403486	0.0
3.77803486	0.0
3.80203486	0.0
3.82703486	0.0
3.85103486	0.0
3.87503486	0.0
3.89903486	0.0
3.92403486	0.0
3.94803486	0.0
3.97203486	0.0
3.99603486	0.0
4.02003486	0.0
4.0450348599999995	1.1291300640000001e-15
4.06903486	1.580886639e-14
4.0930348599999995	2.222203934e-13
4.1170348599999995	2.7585734309999998e-12
4.1410348599999995	3.047974161e-11
4.16603486	2.99755804e-10
4.19003486	2.62407995e-09
4.21403486	2.0447006299999998e-08
4.23803486	1.4183433840000001e-07
4.263034859999999	8.75655649e-07
4.28703486	4.813076578e-06
4.3110348599999995	2.355033629e-05
4.3350348599999995	0.0001025780852
4.3590348599999995	0.0003977436769
4.38403486	0.0013731097930000003
4.40803486	0.004220270068
4.43203486	0.01155083749
4.45603486	0.0281552963
4.48103486	0.061147665500000004
4.50503486	0.1184279885
4.529034859999999	0.20486918499999998
4.5530348599999995	0.317664808
4.5770348599999995	0.444414963
4.60203486	0.56799912
4.62603486	0.6777672299999999
4.65003486	0.7787217399999999
4.67403486	0.8905707400000001
4.69903486	1.03096523
4.72303486	1.19533481
4.74703486	1.3477795799999999
4.77103486	1.4371026900000001
4.7950348599999995	1.4259399400000003
4.82003486	1.31588529
4.84403486	1.1472027
4.86803486	0.9774278400000002
4.89203486	0.8525201
4.91703486	0.78735941
4.94103486	0.7646836100000001
4.96503486	0.74876499
4.98903486	0.70668447
5.013034859999999	0.6248875599999999
5.03803486	0.51471459
5.06203486	0.40465865
5.08603486	0.32441515
5.11003486	0.29055663
5.13403486	0.30032901
5.15903486	0.33565183
5.18303486	0.37381911
5.20703486	0.39991311000000007
5.231034859999999	0.413645
5.25603486	0.4272725
5.28003486	0.4551868
5.30403486	0.5020261
5.32803486	0.5576253999999999
5.35203486	0.6021436
5.37703486	0.6181863
5.40103486	0.6013369000000001
5.42503486	0.5616686
5.44903486	0.5158278
5.47403486	0.47535750000000004
5.49803486	0.4400649
5.52203486	0.40075637
5.54603486	0.34810908
5.57003486	0.28080523
5.59503486	0.2065491
5.61903486	0.13700039
5.64303486	0.08146782300000001
5.667034859999999	0.043285194
5.69203486	0.020512969000000002
5.71603486	0.0086635892
5.74003486	0.0032591521999999996
5.76403486	0.0010917754999999999
5.78803486	0.0003256871
5.81303486	8.649034500000001e-05
5.83703486	2.044857e-05
5.86103486	4.3038588e-06
5.88503486	8.063487300000001e-07
5.91003486	1.3448165e-07
5.93403486	1.9968897000000002e-08
5.95803486	2.6390738e-09
5.98203486	3.1047598999999997e-10
6.00603486	3.2511122e-11
6.03103486	3.0303275000000002e-12
6.05503486	2.5138832e-13
6.07903486	1.8453538e-14
6.10303486	1.3371723e-15
6.12703486	0.0
6.15203486	0.0
6.17603486	0.0
6.20003486	0.0
6.22403486	0.0
6.24903486	0.0
6.27303486	0.0
6.29703486	0.0
6.32103486	0.0
6.34503486	0.0
6.37003486	0.0
6.39403486	0.0
6.41803486	0.0
6.44203486	0.0
6.46703486	0.0
6.49103486	0.0
6.51503486	0.0
6.53903486	0.0
6.56303486	0.0
6.58803486	0.0
6.61203486	0.0
