-18.91574484	0.0	0.0	0.0	0.0	0.0	0.0	0.0	0.0	0.0
-18.88774484	0.0	0.0	0.0	0.0	0.0	0.0	0.0	0.0	0.0
-18.85874484	0.0	0.0	0.0	0.0	0.0	0.0	0.0	0.0	0.0
-18.83074484	0.0	0.0	0.0	0.0	0.0	0.0	0.0	0.0	0.0
-18.80174484	0.0	0.0	0.0	0.0	0.0	0.0	0.0	0.0	0.0
-18.77374484	0.0	0.0	0.0	0.0	0.0	0.0	0.0	0.0	0.0
-18.74574484	0.0	0.0	0.0	0.0	0.0	0.0	0.0	0.0	0.0
-18.71674484	0.0	0.0	0.0	0.0	0.0	0.0	0.0	0.0	0.0
-18.68874484	0.0	0.0	0.0	0.0	0.0	0.0	0.0	0.0	0.0
-18.66074484	0.0	0.0	0.0	0.0	0.0	0.0	0.0	0.0	0.0
-18.63174484	0.0	0.0	0.0	0.0	0.0	0.0	0.0	0.0	0.0
-18.60374484	0.0	0.0	0.0	0.0	0.0	0.0	0.0	0.0	0.0
-18.57574484	0.0	0.0	0.0	0.0	0.0	0.0	0.0	0.0	0.0
-18.54674484	0.0	0.0	0.0	0.0	0.0	0.0	0.0	0.0	0.0
-18.51874484	0.0	0.0	0.0	0.0	0.0	0.0	0.0	0.0	0.0
-18.48974484	0.0	0.0	0.0	0.0	0.0	0.0	0.0	0.0	0.0
-18.461744839999998	0.0	0.0	0.0	0.0	0.0	0.0	0.0	0.0	0.0
-18.43374484	0.0	0.0	0.0	0.0	0.0	0.0	0.0	0.0	0.0
-18.40474484	0.0	0.0	0.0	0.0	0.0	0.0	0.0	0.0	0.0
-18.37674484	0.0	0.0	0.0	0.0	0.0	0.0	0.0	0.0	0.0
-18.34874484	0.0	0.0	0.0	0.0	0.0	0.0	0.0	0.0	0.0
-18.31974484	0.0	0.0	0.0	0.0	0.0	0.0	0.0	0.0	0.0
-18.29174484	0.0	0.0	0.0	0.0	0.0	0.0	0.0	0.0	0.0
-18.26374484	0.0	0.0	0.0	0.0	0.0	0.0	0.0	0.0	0.0
-18.23474484	0.0	0.0	0.0	0.0	0.0	0.0	0.0	0.0	0.0
-18.20674484	5.4888e-15	1.4553899999999998e-16	1.2104439999999999e-16	1.8961980000000002e-16	0.0	0.0	0.0	0.0	0.0
-18.17874484	1.6743599999999998e-13	4.4392e-15	3.69172e-15	5.783620000000001e-15	0.0	0.0	0.0	0.0	0.0
-18.14974484	3.64776e-12	9.6713e-14	8.043329999999999e-14	1.2600719999999998e-13	0.0	0.0	0.0	0.0	0.0
-18.121744839999998	6.8075e-11	1.8048699999999998e-12	1.50149e-12	2.351713e-12	0.0	0.0	0.0	0.0	0.0
-18.092744839999998	1.0832300000000002e-09	2.8716e-11	2.3885559999999997e-11	3.74103e-11	0.0	0.0	0.0	0.0	0.0
-18.06474484	1.4695399999999999e-08	3.8956e-10	3.24062e-10	5.07602e-10	0.0	0.0	0.0	0.0	0.0
-18.03674484	1.70044e-07	4.508e-09	3.74944e-09	5.87296e-09	0.0	0.0	0.0	0.0	0.0
-18.00774484	1.6777300000000002e-06	4.4478e-08	3.6993500000000006e-08	5.79579e-08	0.0	0.0	0.0	0.0	0.0
-17.97974484	1.4120400000000001e-05	3.7434e-07	3.11354e-07	4.87704e-07	0.0	0.0	0.0	0.0	0.0
-17.95174484	0.000101355	2.6872e-06	2.2342360000000003e-06	3.5014199999999993e-06	0.0	0.0	0.0	0.0	0.0
-17.92274484	0.00062049	1.64497e-05	1.3682590000000001e-05	2.1436920000000003e-05	0.0	0.0	0.0	0.0	0.0
-17.89474484	0.0032402700000000004	8.591e-05	7.144740000000001e-05	0.0001119363	0.0	0.0	0.0	0.0	0.0
-17.86674484	0.0144345	0.00038268	0.00031829	0.0004986680000000001	0.0	0.0	0.0	0.0	0.0
-17.83774484	0.054857	0.0014544000000000002	0.0012095409999999997	0.0018946740000000003	0.0	0.0	0.0	0.0	0.0
-17.80974484	0.17785099999999998	0.0047153	0.00392169	0.006144	0.0	0.0	0.0	0.0	0.0
-17.781744839999998	0.49199	0.0130411	0.0108467	0.016991489999999998	0.0	0.0	0.0	0.0	0.0
-17.75274484	1.1609800000000001	0.030778000000000003	0.025595319999999998	0.040110599999999996	0.0	0.0	0.0	0.0	0.0
-17.72474484	2.3374099999999998	0.061968	0.0515323	0.0807391	0.0	0.0	0.0	0.0	0.0
-17.69574484	4.01534	0.106446	0.0885248	0.13869710000000002	0.0	0.0	0.0	0.0	0.0
-17.66774484	5.8847000000000005	0.156033	0.1297903	0.2033046	0.0	0.0	0.0	0.0	0.0
-17.63974484	7.361000000000001	0.19508499999999998	0.1622289	0.25424700000000006	0.0	0.0	0.0	0.0	0.0
-17.61074484	7.8541	0.208246	0.17316099999999998	0.27132300000000004	0.0	0.0	0.0	0.0	0.0
-17.58274484	7.1502	0.18957900000000003	0.15768449999999998	0.2470191	0.0	0.0	0.0	0.0	0.0
-17.554744839999998	5.5553	0.147282	0.1224869	0.1919135	0.0	0.0	0.0	0.0	0.0
-17.525744839999998	3.68233	0.097621	0.0811861	0.1271948	0.0	0.0	0.0	0.0	0.0
-17.49774484	2.08256	0.055206	0.045915100000000014	0.0719373	0.0	0.0	0.0	0.0	0.0
-17.46974484	1.0049599999999999	0.026643	0.022153250000000003	0.0347098	0.0	0.0	0.0	0.0	0.0
-17.44074484	0.41371899999999995	0.0109686	0.0091225	0.014291020000000001	0.0	0.0	0.0	0.0	0.0
-17.41274484	0.145317	0.0038525	0.00320418	0.005019170000000001	0.0	0.0	0.0	0.0	0.0
-17.38374484	0.043552	0.00115447	0.0009601299999999999	0.001504126	0.0	0.0	0.0	0.0	0.0
-17.35574484	0.011132000000000001	0.00029515000000000005	0.0002454155	0.0003845589999999999	0.0	0.0	0.0	0.0	0.0
-17.32774484	0.00242785	6.4362e-05	5.35288e-05	8.38659e-05	0.0	0.0	0.0	0.0	0.0
-17.29874484	0.00045158	1.1973899999999999e-05	9.958149999999999e-06	1.560463e-05	0.0	0.0	0.0	0.0	0.0
-17.27074484	7.167600000000001e-05	1.89999e-06	1.580678e-06	2.4750729999999997e-06	0.0	0.0	0.0	0.0	0.0
-17.24274484	9.6997e-06	2.571e-07	2.138614e-07	3.3501900000000007e-07	0.0	0.0	0.0	0.0	0.0
-17.21374484	1.1198500000000002e-06	2.9687e-08	2.4691e-08	3.8679199999999996e-08	0.0	0.0	0.0	0.0	0.0
-17.185744839999998	1.10236e-07	2.9228000000000003e-09	2.430256e-09	3.80802e-09	0.0	0.0	0.0	0.0	0.0
-17.15774484	9.2567e-09	2.4541000000000003e-10	2.040716e-10	3.19689e-10	0.0	0.0	0.0	0.0	0.0
-17.12874484	6.6285e-10	1.7570900000000003e-11	1.46128e-11	2.2898920000000003e-11	0.0	0.0	0.0	0.0	0.0
-17.10074484	4.04644e-11	1.07267e-12	8.920540000000001e-13	1.3976299999999998e-12	0.0	0.0	0.0	0.0	0.0
-17.07274484	2.10814e-12	5.5891e-14	4.64803e-14	7.28105e-14	0.0	0.0	0.0	0.0	0.0
-17.04374484	9.8808e-14	2.6201e-15	2.178926e-15	3.41312e-15	0.0	0.0	0.0	0.0	0.0
-17.01574484	0.0	0.0	0.0	0.0	0.0	0.0	0.0	0.0	0.0
-16.98674484	0.0	0.0	0.0	0.0	0.0	0.0	0.0	0.0	0.0
-16.95874484	0.0	0.0	0.0	0.0	0.0	0.0	0.0	0.0	0.0
-16.93074484	0.0	0.0	0.0	0.0	0.0	0.0	0.0	0.0	0.0
-16.90174484	0.0	0.0	0.0	0.0	0.0	0.0	0.0	0.0	0.0
-16.87374484	0.0	0.0	0.0	0.0	0.0	0.0	0.0	0.0	0.0
-16.84574484	0.0	0.0	0.0	0.0	0.0	0.0	0.0	0.0	0.0
-16.81674484	0.0	0.0	0.0	0.0	0.0	0.0	0.0	0.0	0.0
-16.78874484	0.0	0.0	0.0	0.0	0.0	0.0	0.0	0.0	0.0
-16.76074484	0.0	0.0	0.0	0.0	0.0	0.0	0.0	0.0	0.0
-16.73174484	0.0	0.0	0.0	0.0	0.0	0.0	0.0	0.0	0.0
-16.70374484	0.0	0.0	0.0	0.0	0.0	0.0	0.0	0.0	0.0
-16.67474484	0.0	0.0	0.0	0.0	0.0	0.0	0.0	0.0	0.0
-16.64674484	0.0	0.0	0.0	0.0	0.0	0.0	0.0	0.0	0.0
-16.618744839999998	0.0	0.0	0.0	0.0	0.0	0.0	0.0	0.0	0.0
-16.589744839999998	0.0	0.0	0.0	0.0	0.0	0.0	0.0	0.0	0.0
-16.56174484	0.0	0.0	0.0	0.0	0.0	0.0	0.0	0.0	0.0
-16.53374484	0.0	0.0	0.0	0.0	0.0	0.0	0.0	0.0	0.0
-16.50474484	0.0	0.0	0.0	0.0	0.0	0.0	0.0	0.0	0.0
-16.47674484	0.0	0.0	0.0	0.0	0.0	0.0	0.0	0.0	0.0
-16.44874484	0.0	0.0	0.0	0.0	0.0	0.0	0.0	0.0	0.0
-16.41974484	0.0	0.0	0.0	0.0	0.0	0.0	0.0	0.0	0.0
-16.39174484	0.0	0.0	0.0	0.0	0.0	0.0	0.0	0.0	0.0
-16.36374484	0.0	0.0	0.0	0.0	0.0	0.0	0.0	0.0	0.0
-16.33474484	0.0	0.0	0.0	0.0	0.0	0.0	0.0	0.0	0.0
-16.30674484	0.0	0.0	0.0	0.0	0.0	0.0	0.0	0.0	0.0
-16.27774484	0.0	0.0	0.0	0.0	0.0	0.0	0.0	0.0	0.0
-16.249744839999998	0.0	0.0	0.0	0.0	0.0	0.0	0.0	0.0	0.0
-16.22174484	0.0	0.0	0.0	0.0	0.0	0.0	0.0	0.0	0.0
-16.19274484	0.0	0.0	0.0	0.0	0.0	0.0	0.0	0.0	0.0
-16.16474484	0.0	0.0	0.0	0.0	0.0	0.0	0.0	0.0	0.0
-16.13674484	0.0	0.0	0.0	0.0	0.0	0.0	0.0	0.0	0.0
-16.10774484	0.0	0.0	0.0	0.0	0.0	0.0	0.0	0.0	0.0
-16.07974484	0.0	0.0	0.0	0.0	0.0	0.0	0.0	0.0	0.0
-16.05174484	0.0	0.0	0.0	0.0	0.0	0.0	0.0	0.0	0.0
-16.02274484	0.0	0.0	0.0	0.0	0.0	0.0	0.0	0.0	0.0
-15.99474484	0.0	0.0	0.0	0.0	0.0	0.0	0.0	0.0	0.0
-15.96674484	0.0	0.0	0.0	0.0	0.0	0.0	0.0	0.0	0.0
-15.93774484	0.0	0.0	0.0	0.0	0.0	0.0	0.0	0.0	0.0
-15.909744839999998	0.0	0.0	0.0	0.0	0.0	0.0	0.0	0.0	0.0
-15.880744839999998	0.0	0.0	0.0	0.0	0.0	0.0	0.0	0.0	0.0
-15.85274484	0.0	0.0	0.0	0.0	0.0	0.0	0.0	0.0	0.0
-15.824744840000001	0.0	0.0	0.0	0.0	0.0	0.0	0.0	0.0	0.0
-15.795744840000001	0.0	0.0	0.0	0.0	0.0	0.0	0.0	0.0	0.0
-15.767744839999999	0.0	0.0	0.0	0.0	0.0	0.0	0.0	0.0	0.0
-15.73974484	0.0	0.0	0.0	0.0	0.0	0.0	0.0	0.0	0.0
-15.71074484	0.0	0.0	0.0	0.0	0.0	0.0	0.0	0.0	0.0
-15.682744839999998	0.0	0.0	0.0	0.0	0.0	0.0	0.0	0.0	0.0
-15.65474484	0.0	0.0	0.0	0.0	0.0	0.0	0.0	0.0	0.0
-15.62574484	0.0	0.0	0.0	0.0	0.0	0.0	0.0	0.0	0.0
-15.59774484	0.0	0.0	0.0	0.0	0.0	0.0	0.0	0.0	0.0
-15.56874484	0.0	0.0	0.0	0.0	0.0	0.0	0.0	0.0	0.0
-15.540744839999999	0.0	0.0	0.0	0.0	0.0	0.0	0.0	0.0	0.0
-15.51274484	0.0	0.0	0.0	0.0	0.0	0.0	0.0	0.0	0.0
-15.48374484	0.0	0.0	0.0	0.0	0.0	0.0	0.0	0.0	0.0
-15.455744840000001	0.0	0.0	0.0	0.0	0.0	0.0	0.0	0.0	0.0
-15.427744839999999	0.0	0.0	0.0	0.0	0.0	0.0	0.0	0.0	0.0
-15.398744839999999	6.00700040678e-15	1.3614119999999999e-16	9.93173e-17	2.02346e-16	0.0	0.0	0.0	0.0	0.0
-15.37074484	1.50160010239e-13	3.2955799999999998e-15	2.5626149999999995e-15	5.08688e-15	0.0	0.0	0.0	0.0	0.0
-15.342744839999998	3.44200023491e-12	7.52105e-14	5.899450000000001e-14	1.16688e-13	0.0	0.0	0.0	0.0	0.0
-15.313744839999998	6.7090004576e-11	1.469767e-12	1.147165e-12	2.273345e-12	0.0	0.0	0.0	0.0	0.0
-15.28574484	1.1157000760700001e-09	2.4478240000000004e-11	1.904609e-11	3.7802200000000005e-11	0.0	0.0	0.0	0.0	0.0
-15.25774484	1.58190010782e-08	3.47769e-10	2.695664e-10	5.35818e-10	0.0	0.0	0.0	0.0	0.0
-15.228744840000001	1.91290013029e-07	4.2142199999999995e-09	3.25337e-09	6.47656e-09	0.0	0.0	0.0	0.0	0.0
-15.200744839999999	1.97270013438e-06	4.3536499999999994e-08	3.34904e-08	6.67736e-08	0.0	0.0	0.0	0.0	0.0
-15.171744839999999	1.7350001181100002e-05	3.8358599999999995e-07	2.94019e-07	5.87097e-07	0.0	0.0	0.0	0.0	0.0
-15.14374484	0.000130160008858	2.88379e-06	2.201277e-06	4.40278e-06	0.0	0.0	0.0	0.0	0.0
-15.115744840000001	0.00083290005665	1.848641e-05	1.406106e-05	2.81608e-05	0.0	0.0	0.0	0.0	0.0
-15.086744839999998	0.0045450003090900006	0.00010108779999999999	7.66087e-05	0.0001536814	0.0	0.0	0.0	0.0	0.0
-15.05874484	0.0211660014381	0.000471544	0.000356009	0.0007152770000000001	0.0	0.0	0.0	0.0	0.0
-15.03074484	0.084070005712	0.0018764569999999998	0.001411451	0.0028397599999999998	0.0	0.0	0.0	0.0	0.0
-15.00174484	0.28487001935	0.0063705	0.00477432	0.00962117	0.0	0.0	0.0	0.0	0.0
-14.973744839999998	0.8236000559100001	0.018454650000000003	0.01377245	0.027809100000000003	0.0	0.0	0.0	0.0	0.0
-14.94574484	2.0313001378299997	0.045596300000000006	0.0339123	0.06856109999999999	0.0	0.0	0.0	0.0	0.0
-14.91674484	4.27500028995	0.09612860000000001	0.07125	0.1442566	0.0	0.0	0.0	0.0	0.0
-14.888744840000001	7.676000520500001	0.1729128	0.1276795	0.25892	0.0	0.0	0.0	0.0	0.0
-14.860744839999999	11.7600007971	0.26537	0.19528900000000002	0.39657200000000004	0.0	0.0	0.0	0.0	0.0
-14.831744839999999	15.3730010416	0.347566	0.2548062	0.518188	0.0	0.0	0.0	0.0	0.0
-14.80374484	17.1480011614	0.388423	0.283684	0.57779	0.0	0.0	0.0	0.0	0.0
-14.77474484	16.3210011048	0.37036399999999997	0.2695066	0.549779	0.0	0.0	0.0	0.0	0.0
-14.746744839999998	13.2530008968	0.30134799999999995	0.2183927	0.44633600000000007	0.0	0.0	0.0	0.0	0.0
-14.71874484	9.1840006212	0.2091519	0.15104	0.309186	0.0	0.0	0.0	0.0	0.0
-14.68974484	5.4290003671700005	0.12390509999999999	0.0891456	0.1827054	0.0	0.0	0.0	0.0	0.0
-14.66174484	2.73920018514	0.0626236	0.044889	0.0921464	0.0	0.0	0.0	0.0	0.0
-14.633744839999999	1.17890007965	0.0270067	0.019281430000000002	0.03965339999999999	0.0	0.0	0.0	0.0	0.0
-14.604744839999999	0.43300002923599995	0.00993346	0.00706809	0.01455999	0.0	0.0	0.0	0.0	0.0
-14.57674484	0.13565000915699998	0.00311778	0.002210005	0.00455886	0.0	0.0	0.0	0.0	0.0
-14.548744840000001	0.0362600024468	0.000834917	0.000589618	0.001218236	0.0	0.0	0.0	0.0	0.0
-14.519744840000001	0.0082680005577	0.00019077150000000001	0.0001341969	0.00027770700000000003	0.0	0.0	0.0	0.0	0.0
-14.491744839999999	0.00160810010843	3.71697e-05	2.605911e-05	5.399669999999999e-05	0.0	0.0	0.0	0.0	0.0
-14.46274484	0.000266840017987	6.178529999999999e-06	4.31545e-06	8.95755e-06	0.0	0.0	0.0	0.0	0.0
-14.43474484	3.77700025446e-05	8.76074e-07	6.095090000000001e-07	1.2673349999999998e-06	0.0	0.0	0.0	0.0	0.0
-14.406744839999998	4.5600003070800005e-06	1.059348e-07	7.34452e-08	1.5293499999999999e-07	0.0	0.0	0.0	0.0	0.0
-14.377744839999998	4.69400031599e-07	1.0927149999999999e-08	7.54783e-09	1.573969e-08	0.0	0.0	0.0	0.0	0.0
-14.34974484	4.12200027733e-08	9.6123e-10	6.615090000000001e-10	1.3815340000000001e-09	0.0	0.0	0.0	0.0	0.0
-14.321744840000001	3.086800207640001e-09	7.21138e-11	4.94381e-11	1.034541e-10	0.0	0.0	0.0	0.0	0.0
-14.292744840000001	1.9712001325399999e-10	4.61351e-12	3.15072e-12	6.60441e-12	0.0	0.0	0.0	0.0	0.0
-14.264744839999999	1.0734000721400001e-11	2.5160789999999997e-13	1.7124840000000001e-13	3.59476e-13	0.0	0.0	0.0	0.0	0.0
-14.23674484	4.925000330729999e-13	1.158938e-14	7.82533e-15	1.648291e-14	0.0	0.0	0.0	0.0	0.0
-14.20774484	2.4025001627499997e-14	5.44453e-16	3.97258e-16	8.095260000000001e-16	0.0	0.0	0.0	0.0	0.0
-14.179744839999998	0.0	0.0	0.0	0.0	0.0	0.0	0.0	0.0	0.0
-14.15174484	0.0	0.0	0.0	0.0	0.0	0.0	0.0	0.0	0.0
-14.12274484	0.0	0.0	0.0	0.0	0.0	0.0	0.0	0.0	0.0
-14.09474484	0.0	0.0	0.0	0.0	0.0	0.0	0.0	0.0	0.0
-14.06574484	0.0	0.0	0.0	0.0	0.0	0.0	0.0	0.0	0.0
-14.037744839999998	0.0	0.0	0.0	0.0	0.0	0.0	0.0	0.0	0.0
-14.00974484	0.0	0.0	0.0	0.0	0.0	0.0	0.0	0.0	0.0
-13.98074484	0.0	0.0	0.0	0.0	0.0	0.0	0.0	0.0	0.0
-13.952744840000001	0.0	0.0	0.0	0.0	0.0	0.0	0.0	0.0	0.0
-13.924744839999999	0.0	0.0	0.0	0.0	0.0	0.0	0.0	0.0	0.0
-13.895744839999999	0.0	0.0	0.0	0.0	0.0	0.0	0.0	0.0	0.0
-13.86774484	0.0	0.0	0.0	0.0	0.0	0.0	0.0	0.0	0.0
-13.839744839999998	0.0	0.0	0.0	0.0	0.0	0.0	0.0	0.0	0.0
-13.810744839999998	0.0	0.0	0.0	0.0	0.0	0.0	0.0	0.0	0.0
-13.78274484	0.0	0.0	0.0	0.0	0.0	0.0	0.0	0.0	0.0
-13.75374484	0.0	0.0	0.0	0.0	0.0	0.0	0.0	0.0	0.0
-13.72574484	0.0	0.0	0.0	0.0	0.0	0.0	0.0	0.0	0.0
-13.697744839999999	0.0	0.0	0.0	0.0	0.0	0.0	0.0	0.0	0.0
-13.668744839999999	0.0	0.0	0.0	0.0	0.0	0.0	0.0	0.0	0.0
-13.64074484	0.0	0.0	0.0	0.0	0.0	0.0	0.0	0.0	0.0
-13.612744840000001	0.0	0.0	0.0	0.0	0.0	0.0	0.0	0.0	0.0
-13.583744840000001	0.0	0.0	0.0	0.0	0.0	0.0	0.0	0.0	0.0
-13.55574484	0.0	0.0	0.0	0.0	0.0	0.0	0.0	0.0	0.0
-13.52774484	0.0	0.0	0.0	0.0	0.0	0.0	0.0	0.0	0.0
-13.49874484	0.0	0.0	0.0	0.0	0.0	0.0	0.0	0.0	0.0
-13.470744839999998	0.0	0.0	0.0	0.0	0.0	0.0	0.0	0.0	0.0
-13.44274484	0.0	0.0	0.0	0.0	0.0	0.0	0.0	0.0	0.0
-13.41374484	0.0	0.0	0.0	0.0	0.0	0.0	0.0	0.0	0.0
-13.385744840000001	0.0	0.0	0.0	0.0	0.0	0.0	0.0	0.0	0.0
-13.356744840000001	0.0	0.0	0.0	0.0	0.0	0.0	0.0	0.0	0.0
-13.328744839999999	0.0	0.0	0.0	0.0	0.0	0.0	0.0	0.0	0.0
-13.30074484	0.0	0.0	0.0	0.0	0.0	0.0	0.0	0.0	0.0
-13.27174484	0.0	0.0	0.0	0.0	0.0	0.0	0.0	0.0	0.0
-13.243744839999998	0.0	0.0	0.0	0.0	0.0	0.0	0.0	0.0	0.0
-13.21574484	0.0	0.0	0.0	0.0	0.0	0.0	0.0	0.0	0.0
-13.18674484	0.0	0.0	0.0	0.0	0.0	0.0	0.0	0.0	0.0
-13.15874484	0.0	0.0	0.0	0.0	0.0	0.0	0.0	0.0	0.0
-13.130744839999998	0.0	0.0	0.0	0.0	0.0	0.0	0.0	0.0	0.0
-13.101744839999999	0.0	0.0	0.0	0.0	0.0	0.0	0.0	0.0	0.0
-13.07374484	0.0	0.0	0.0	0.0	0.0	0.0	0.0	0.0	0.0
-13.045744840000001	0.0	0.0	0.0	0.0	0.0	0.0	0.0	0.0	0.0
-13.016744840000001	0.0	0.0	0.0	0.0	0.0	0.0	0.0	0.0	0.0
-12.988744839999999	0.0	0.0	0.0	0.0	0.0	0.0	0.0	0.0	0.0
-12.959744839999999	0.0	0.0	0.0	0.0	0.0	0.0	0.0	0.0	0.0
-12.93174484	0.0	0.0	0.0	0.0	0.0	0.0	0.0	0.0	0.0
-12.903744839999998	0.0	0.0	0.0	0.0	0.0	0.0	0.0	0.0	0.0
-12.874744839999998	0.0	0.0	0.0	0.0	0.0	0.0	0.0	0.0	0.0
-12.84674484	0.0	0.0	0.0	0.0	0.0	0.0	0.0	0.0	0.0
-12.81874484	0.0	0.0	0.0	0.0	0.0	0.0	0.0	0.0	0.0
-12.789744840000001	0.0	0.0	0.0	0.0	0.0	0.0	0.0	0.0	0.0
-12.761744839999999	0.0	0.0	0.0	0.0	0.0	0.0	0.0	0.0	0.0
-12.73374484	0.0	0.0	0.0	0.0	0.0	0.0	0.0	0.0	0.0
-12.70474484	0.0	0.0	0.0	0.0	0.0	0.0	0.0	0.0	0.0
-12.676744840000001	0.0	0.0	0.0	0.0	0.0	0.0	0.0	0.0	0.0
-12.647744840000001	0.0	0.0	0.0	0.0	0.0	0.0	0.0	0.0	0.0
-12.61974484	0.0	0.0	0.0	0.0	0.0	0.0	0.0	0.0	0.0
-12.59174484	0.0	0.0	0.0	0.0	0.0	0.0	0.0	0.0	0.0
-12.56274484	0.0	0.0	0.0	0.0	0.0	0.0	0.0	0.0	0.0
-12.534744839999998	0.0	0.0	0.0	0.0	0.0	0.0	0.0	0.0	0.0
-12.50674484	0.0	0.0	0.0	0.0	0.0	0.0	0.0	0.0	0.0
-12.47774484	0.0	0.0	0.0	0.0	0.0	0.0	0.0	0.0	0.0
-12.449744840000001	0.0	0.0	0.0	0.0	0.0	0.0	0.0	0.0	0.0
-12.421744839999999	0.0	0.0	0.0	0.0	0.0	0.0	0.0	0.0	0.0
-12.392744839999999	0.0	0.0	0.0	0.0	0.0	0.0	0.0	0.0	0.0
-12.36474484	0.0	0.0	0.0	0.0	0.0	0.0	0.0	0.0	0.0
-12.336744839999998	0.0	0.0	0.0	0.0	0.0	0.0	0.0	0.0	0.0
-12.307744839999998	0.0	0.0	0.0	0.0	0.0	0.0	0.0	0.0	0.0
-12.27974484	0.0	0.0	0.0	0.0	0.0	0.0	0.0	0.0	0.0
-12.25074484	0.0	0.0	0.0	0.0	0.0	0.0	0.0	0.0	0.0
-12.22274484	0.0	0.0	0.0	0.0	0.0	0.0	0.0	0.0	0.0
-12.194744839999998	0.0	0.0	0.0	0.0	0.0	0.0	0.0	0.0	0.0
-12.165744839999999	0.0	0.0	0.0	0.0	0.0	0.0	0.0	0.0	0.0
-12.13774484	0.0	0.0	0.0	0.0	0.0	0.0	0.0	0.0	0.0
-12.109744840000001	0.0	0.0	0.0	0.0	0.0	0.0	0.0	0.0	0.0
-12.080744840000001	0.0	0.0	0.0	0.0	0.0	0.0	0.0	0.0	0.0
-12.052744839999999	0.0	0.0	0.0	0.0	0.0	0.0	0.0	0.0	0.0
-12.02474484	0.0	0.0	0.0	0.0	0.0	0.0	0.0	0.0	0.0
-11.99574484	0.0	0.0	0.0	0.0	0.0	0.0	0.0	0.0	0.0
-11.967744839999998	0.0	0.0	0.0	0.0	0.0	0.0	0.0	0.0	0.0
-11.938744839999998	0.0	0.0	0.0	0.0	0.0	0.0	0.0	0.0	0.0
-11.91074484	0.0	0.0	0.0	0.0	0.0	0.0	0.0	0.0	0.0
-11.88274484	0.0	0.0	0.0	0.0	0.0	0.0	0.0	0.0	0.0
-11.853744840000001	0.0	0.0	0.0	0.0	0.0	0.0	0.0	0.0	0.0
-11.825744839999999	0.0	0.0	0.0	0.0	0.0	0.0	0.0	0.0	0.0
-11.79774484	0.0	0.0	0.0	0.0	0.0	0.0	0.0	0.0	0.0
-11.76874484	0.0	0.0	0.0	0.0	0.0	0.0	0.0	0.0	0.0
-11.740744840000001	0.0	0.0	0.0	0.0	0.0	0.0	0.0	0.0	0.0
-11.71274484	0.0	0.0	0.0	0.0	0.0	0.0	0.0	0.0	0.0
-11.68374484	0.0	0.0	0.0	0.0	0.0	0.0	0.0	0.0	0.0
-11.65574484	0.0	0.0	0.0	0.0	0.0	0.0	0.0	0.0	0.0
-11.627744839999998	0.0	0.0	0.0	0.0	0.0	0.0	0.0	0.0	0.0
-11.598744839999998	0.0	0.0	0.0	0.0	0.0	0.0	0.0	0.0	0.0
-11.57074484	0.0	0.0	0.0	0.0	0.0	0.0	0.0	0.0	0.0
-11.54174484	0.0	0.0	0.0	0.0	0.0	0.0	0.0	0.0	0.0
-11.513744840000001	0.0	0.0	0.0	0.0	0.0	0.0	0.0	0.0	0.0
-11.485744839999999	0.0	0.0	0.0	0.0	0.0	0.0	0.0	0.0	0.0
-11.456744839999999	0.0	0.0	0.0	0.0	0.0	0.0	0.0	0.0	0.0
-11.42874484	0.0	0.0	0.0	0.0	0.0	0.0	0.0	0.0	0.0
-11.400744839999998	0.0	0.0	0.0	0.0	0.0	0.0	0.0	0.0	0.0
-11.371744839999998	0.0	0.0	0.0	0.0	0.0	0.0	0.0	0.0	0.0
-11.34374484	0.0	0.0	0.0	0.0	0.0	0.0	0.0	0.0	0.0
-11.31574484	0.0	0.0	0.0	0.0	0.0	0.0	0.0	0.0	0.0
-11.28674484	0.0	0.0	0.0	0.0	0.0	0.0	0.0	0.0	0.0
-11.258744839999999	0.0	0.0	0.0	0.0	0.0	0.0	0.0	0.0	0.0
-11.23074484	0.0	0.0	0.0	0.0	0.0	0.0	0.0	0.0	0.0
-11.20174484	0.0	0.0	0.0	0.0	0.0	0.0	0.0	0.0	0.0
-11.173744840000001	0.0	0.0	0.0	0.0	0.0	0.0	0.0	0.0	0.0
-11.144744840000001	0.0	0.0	0.0	0.0	0.0	0.0	0.0	0.0	0.0
-11.116744839999999	0.0	0.0	0.0	0.0	0.0	0.0	0.0	0.0	0.0
-11.08874484	0.0	0.0	0.0	0.0	0.0	0.0	0.0	0.0	0.0
-11.05974484	0.0	0.0	0.0	0.0	0.0	0.0	0.0	0.0	0.0
-11.031744839999998	0.0	0.0	0.0	0.0	0.0	0.0	0.0	0.0	0.0
-11.00374484	0.0	0.0	0.0	0.0	0.0	0.0	0.0	0.0	0.0
-10.97474484	0.0	0.0	0.0	0.0	0.0	0.0	0.0	0.0	0.0
-10.946744840000001	0.0	0.0	0.0	0.0	0.0	0.0	0.0	0.0	0.0
-10.918744839999999	0.0	0.0	0.0	0.0	0.0	0.0	0.0	0.0	0.0
-10.889744839999999	0.0	0.0	0.0	0.0	0.0	0.0	0.0	0.0	0.0
-10.86174484	0.0	0.0	0.0	0.0	0.0	0.0	0.0	0.0	0.0
-10.83274484	0.0	0.0	0.0	0.0	0.0	0.0	0.0	0.0	0.0
-10.804744839999998	0.0	0.0	0.0	0.0	0.0	0.0	0.0	0.0	0.0
-10.77674484	0.0	0.0	0.0	0.0	0.0	0.0	0.0	0.0	0.0
-10.74774484	0.0	0.0	0.0	0.0	0.0	0.0	0.0	0.0	0.0
-10.71974484	0.0	0.0	0.0	0.0	0.0	0.0	0.0	0.0	0.0
-10.691744839999998	0.0	0.0	0.0	0.0	0.0	0.0	0.0	0.0	0.0
-10.662744839999998	0.0	0.0	0.0	0.0	0.0	0.0	0.0	0.0	0.0
-10.63474484	0.0	0.0	0.0	0.0	0.0	0.0	0.0	0.0	0.0
-10.606744840000001	0.0	0.0	0.0	0.0	0.0	0.0	0.0	0.0	0.0
-10.577744840000001	0.0	0.0	0.0	0.0	0.0	0.0	0.0	0.0	0.0
-10.549744839999999	0.0	0.0	0.0	0.0	0.0	0.0	0.0	0.0	0.0
-10.52174484	0.0	0.0	0.0	0.0	0.0	0.0	0.0	0.0	0.0
-10.49274484	0.0	0.0	0.0	0.0	0.0	0.0	0.0	0.0	0.0
-10.464744839999998	0.0	0.0	0.0	0.0	0.0	0.0	0.0	0.0	0.0
-10.435744839999998	0.0	0.0	0.0	0.0	0.0	0.0	0.0	0.0	0.0
-10.40774484	0.0	0.0	0.0	0.0	0.0	0.0	0.0	0.0	0.0
-10.37974484	0.0	0.0	0.0	0.0	0.0	0.0	0.0	0.0	0.0
-10.35074484	0.0	0.0	0.0	0.0	0.0	0.0	0.0	0.0	0.0
-10.322744839999999	0.0	0.0	0.0	0.0	0.0	0.0	0.0	0.0	0.0
-10.29474484	9.377999999999999e-15	8.616399999999999e-16	9.226402e-16	7.532531e-16	0.0	0.0	0.0	0.0	0.0
-10.26574484	2.2743e-13	2.0892000000000003e-14	2.2370044e-14	1.826932e-14	0.0	0.0	0.0	0.0	0.0
-10.237744840000001	4.883399999999999e-12	4.4871e-13	4.804068e-13	3.9226189999999997e-13	0.0	0.0	0.0	0.0	0.0
-10.209744839999999	8.894e-11	8.1704e-12	8.749844e-12	7.143637e-12	0.0	0.0	0.0	0.0	0.0
-10.18074484	1.3815999999999999e-09	1.26924e-10	1.3593072000000002e-10	1.1096589e-10	0.0	0.0	0.0	0.0	0.0
-10.15274484	1.8303000000000002e-08	1.6815999999999999e-09	1.8005763999999997e-09	1.4700219999999999e-09	0.0	0.0	0.0	0.0	0.0
-10.124744839999998	2.0677000000000002e-07	1.8996999999999998e-08	2.0343995e-08	1.6608810000000002e-08	0.0	0.0	0.0	0.0	0.0
-10.095744839999998	1.9922e-06	1.8302999999999997e-07	1.9594995000000003e-07	1.600106e-07	0.0	0.0	0.0	0.0	0.0
-10.06774484	1.6369999999999997e-05	1.504e-06	1.6105251e-06	1.3147985e-06	0.0	0.0	0.0	0.0	0.0
-10.03874484	0.00011473000000000001	1.05403e-05	1.1287049e-05	9.214988000000001e-06	0.0	0.0	0.0	0.0	0.0
-10.010744840000001	0.0006859	6.3012e-05	6.747893e-05	5.509186e-05	0.0	0.0	0.0	0.0	0.0
-9.982744839999999	0.0034977	0.00032131	0.00034404195999999997	0.00028088179999999997	0.0	0.0	0.0	0.0	0.0
-9.953744839999999	0.015213999999999998	0.0013978100000000002	0.0014967944	0.0012220308	0.0	0.0	0.0	0.0	0.0
-9.92574484	0.056454	0.0051877	0.005554981	0.004534496000000001	0.0	0.0	0.0	0.0	0.0
-9.897744840000001	0.17874	0.016422	0.017585249999999997	0.01435617	0.0	0.0	0.0	0.0	0.0
-9.868744839999998	0.48272	0.04435	0.04749373	0.03876757	0.0	0.0	0.0	0.0	0.0
-9.84074484	1.1123	0.102195	0.10944357	0.08934613000000001	0.0	0.0	0.0	0.0	0.0
-9.81274484	2.1871	0.20093	0.21514713	0.1756381	0.0	0.0	0.0	0.0	0.0
-9.78374484	3.6688	0.33702000000000004	0.3608945	0.29470979999999997	0.0	0.0	0.0	0.0	0.0
-9.755744839999998	5.250500000000001	0.4823700000000001	0.5165576000000001	0.42176440000000004	0.0	0.0	0.0	0.0	0.0
-9.726744839999999	6.412299999999999	0.58913	0.6309344000000001	0.5150605	0.0	0.0	0.0	0.0	0.0
-9.69874484	6.681	0.61392	0.6572806	0.5367422000000001	0.0	0.0	0.0	0.0	0.0
-9.670744840000001	5.941600000000001	0.5458500000000001	0.5844119000000001	0.4771118	0.0	0.0	0.0	0.0	0.0
-9.641744840000001	4.5067	0.41398	0.4433558	0.36195089999999996	0.0	0.0	0.0	0.0	0.0
-9.613744839999999	2.9173	0.26797	0.28700452	0.2343028	0.0	0.0	0.0	0.0	0.0
-9.58574484	1.611	0.14800000000000002	0.15849480999999999	0.12938432000000002	0.0	0.0	0.0	0.0	0.0
-9.55674484	0.759	0.06973499999999999	0.07467676999999999	0.06097114000000001	0.0	0.0	0.0	0.0	0.0
-9.528744839999998	0.30517	0.028037	0.03002271	0.02451327	0.0	0.0	0.0	0.0	0.0
-9.50074484	0.10464999999999999	0.0096158	0.010297582	0.008407088	0.0	0.0	0.0	0.0	0.0
-9.47174484	0.030630000000000004	0.0028137	0.0030126939	0.002460093	0.0	0.0	0.0	0.0	0.0
-9.44374484	0.007646	0.0007024299999999999	0.0007521252	0.0006140856000000001	0.0	0.0	0.0	0.0	0.0
-9.415744839999999	0.0016279	0.000149565	0.00016016227000000002	0.00013076032	0.0	0.0	0.0	0.0	0.0
-9.386744839999999	0.00029570999999999997	2.7165e-05	2.9089659e-05	2.375051e-05	0.0	0.0	0.0	0.0	0.0
-9.35874484	4.5822e-05	4.2091e-06	4.508258000000001e-06	3.680133e-06	0.0	0.0	0.0	0.0	0.0
-9.32974484	6.0561e-06	5.562599999999999e-07	5.957838999999999e-07	4.863866e-07	0.0	0.0	0.0	0.0	0.0
-9.301744840000001	6.826e-07	6.271299999999999e-08	6.715534e-08	5.4831070000000006e-08	0.0	0.0	0.0	0.0	0.0
-9.273744839999999	6.562e-08	6.028700000000001e-09	6.4555240000000005e-09	5.2704420000000005e-09	0.0	0.0	0.0	0.0	0.0
-9.24474484	5.379200000000001e-09	4.9414e-10	5.29275e-10	4.3208e-10	0.0	0.0	0.0	0.0	0.0
-9.21674484	3.7612000000000004e-10	3.4552000000000004e-11	3.6993195e-11	3.0209219999999994e-11	0.0	0.0	0.0	0.0	0.0
-9.188744839999998	2.2423e-11	2.0603e-12	2.2063659e-12	1.801083e-12	0.0	0.0	0.0	0.0	0.0
-9.159744839999998	1.1393e-12	1.04685e-13	1.1210227999999999e-13	9.151432e-14	0.0	0.0	0.0	0.0	0.0
-9.13174484	5.1576000000000007e-14	4.7385e-15	5.075091e-15	4.14258e-15	0.0	0.0	0.0	0.0	0.0
-9.103744840000001	0.0	0.0	0.0	0.0	0.0	0.0	0.0	0.0	0.0
-9.074744840000001	0.0	0.0	0.0	0.0	0.0	0.0	0.0	0.0	0.0
-9.046744839999999	0.0	0.0	0.0	0.0	0.0	0.0	0.0	0.0	0.0
-9.017744839999999	0.0	0.0	0.0	0.0	0.0	0.0	0.0	0.0	0.0
-8.98974484	0.0	0.0	0.0	0.0	0.0	0.0	0.0	0.0	0.0
-8.961744839999998	0.0	0.0	0.0	0.0	0.0	0.0	0.0	0.0	0.0
-8.932744839999998	0.0	0.0	0.0	0.0	0.0	0.0	0.0	0.0	0.0
-8.90474484	0.0	0.0	0.0	0.0	0.0	0.0	0.0	0.0	0.0
-8.87674484	0.0	0.0	0.0	0.0	0.0	0.0	0.0	0.0	0.0
-8.84774484	0.0	0.0	0.0	0.0	0.0	0.0	0.0	0.0	0.0
-8.819744839999998	0.0	0.0	0.0	0.0	0.0	0.0	0.0	0.0	0.0
-8.79174484	0.0	0.0	0.0	0.0	0.0	0.0	0.0	0.0	0.0
-8.76274484	0.0	0.0	0.0	0.0	0.0	0.0	0.0	0.0	0.0
-8.73474484	0.0	0.0	0.0	0.0	0.0	0.0	0.0	0.0	0.0
-8.706744839999999	0.0	0.0	0.0	0.0	0.0	0.0	0.0	0.0	0.0
-8.677744839999999	0.0	0.0	0.0	0.0	0.0	0.0	0.0	0.0	0.0
-8.64974484	0.0	0.0	0.0	0.0	0.0	0.0	0.0	0.0	0.0
-8.62074484	0.0	0.0	0.0	0.0	0.0	0.0	0.0	0.0	0.0
-8.59274484	0.0	0.0	0.0	0.0	0.0	0.0	0.0	0.0	0.0
-8.56474484	0.0	0.0	0.0	0.0	0.0	0.0	0.0	0.0	0.0
-8.53574484	0.0	0.0	0.0	0.0	0.0	0.0	0.0	0.0	0.0
-8.507744839999999	0.0	0.0	0.0	0.0	0.0	0.0	0.0	0.0	0.0
-8.47974484	0.0	0.0	0.0	0.0	0.0	0.0	0.0	0.0	0.0
-8.45074484	0.0	0.0	0.0	0.0	0.0	0.0	0.0	0.0	0.0
-8.42274484	0.0	0.0	0.0	0.0	0.0	0.0	0.0	0.0	0.0
-8.39474484	0.0	0.0	0.0	0.0	0.0	0.0	0.0	0.0	0.0
-8.36574484	0.0	0.0	0.0	0.0	0.0	0.0	0.0	0.0	0.0
-8.33774484	0.0	0.0	0.0	0.0	0.0	0.0	0.0	0.0	0.0
-8.30974484	0.0	0.0	0.0	0.0	0.0	0.0	0.0	0.0	0.0
-8.28074484	0.0	0.0	0.0	0.0	0.0	0.0	0.0	0.0	0.0
-8.25274484	0.0	0.0	0.0	0.0	0.0	0.0	0.0	0.0	0.0
-8.22374484	0.0	0.0	0.0	0.0	0.0	0.0	0.0	0.0	0.0
-8.19574484	0.0	0.0	0.0	0.0	0.0	0.0	0.0	0.0	0.0
-8.16774484	0.0	0.0	0.0	0.0	0.0	0.0	0.0	0.0	0.0
-8.13874484	0.0	0.0	0.0	0.0	0.0	0.0	0.0	0.0	0.0
-8.110744839999999	0.0	0.0	0.0	0.0	0.0	0.0	0.0	0.0	0.0
-8.08274484	0.0	0.0	0.0	0.0	0.0	0.0	0.0	0.0	0.0
-8.05374484	0.0	0.0	0.0	0.0	0.0	0.0	0.0	0.0	0.0
-8.02574484	0.0	0.0	0.0	0.0	0.0	0.0	0.0	0.0	0.0
-7.997744839999999	0.0	0.0	0.0	0.0	0.0	0.0	0.0	0.0	0.0
-7.968744839999999	0.0	0.0	0.0	0.0	0.0	0.0	0.0	0.0	0.0
-7.940744839999999	0.0	0.0	0.0	0.0	0.0	0.0	0.0	0.0	0.0
-7.911744839999999	0.0	0.0	0.0	0.0	0.0	0.0	0.0	0.0	0.0
-7.88374484	0.0	0.0	0.0	0.0	0.0	0.0	0.0	0.0	0.0
-7.85574484	0.0	0.0	0.0	0.0	0.0	0.0	0.0	0.0	0.0
-7.82674484	0.0	0.0	0.0	0.0	0.0	0.0	0.0	0.0	0.0
-7.7987448399999995	0.0	0.0	0.0	0.0	0.0	0.0	0.0	0.0	0.0
-7.770744839999999	0.0	0.0	0.0	0.0	0.0	0.0	0.0	0.0	0.0
-7.741744839999999	0.0	0.0	0.0	0.0	0.0	0.0	0.0	0.0	0.0
-7.71374484	0.0	0.0	0.0	0.0	0.0	0.0	0.0	0.0	0.0
-7.68574484	0.0	0.0	0.0	0.0	0.0	0.0	0.0	0.0	0.0
-7.65674484	0.0	0.0	0.0	0.0	0.0	0.0	0.0	0.0	0.0
-7.6287448399999995	0.0	0.0	0.0	0.0	0.0	0.0	0.0	0.0	0.0
-7.600744839999999	0.0	0.0	0.0	0.0	0.0	0.0	0.0	0.0	0.0
-7.571744839999999	0.0	0.0	0.0	0.0	0.0	0.0	0.0	0.0	0.0
-7.5437448400000005	0.0	0.0	0.0	0.0	0.0	0.0	0.0	0.0	0.0
-7.5147448400000005	0.0	0.0	0.0	0.0	0.0	0.0	0.0	0.0	0.0
-7.48674484	0.0	0.0	0.0	0.0	0.0	0.0	0.0	0.0	0.0
-7.45874484	0.0	0.0	0.0	0.0	0.0	0.0	0.0	0.0	0.0
-7.42974484	0.0	0.0	0.0	0.0	0.0	0.0	0.0	0.0	0.0
-7.401744839999999	0.0	0.0	0.0	0.0	0.0	0.0	0.0	0.0	0.0
-7.3737448400000005	0.0	0.0	0.0	0.0	0.0	0.0	0.0	0.0	0.0
-7.344744839999999	0.0	0.0	0.0	0.0	0.0	0.0	0.0	0.0	0.0
-7.31674484	0.0	0.0	0.0	0.0	0.0	0.0	0.0	0.0	0.0
-7.28874484	0.0	0.0	0.0	0.0	0.0	0.0	0.0	0.0	0.0
-7.25974484	0.0	0.0	0.0	0.0	0.0	0.0	0.0	0.0	0.0
-7.231744839999999	0.0	0.0	0.0	0.0	0.0	0.0	0.0	0.0	0.0
-7.203744839999999	0.0	0.0	0.0	0.0	0.0	0.0	0.0	0.0	0.0
-7.174744839999999	0.0	0.0	0.0	0.0	0.0	0.0	0.0	0.0	0.0
-7.14674484	0.0	0.0	0.0	0.0	0.0	0.0	0.0	0.0	0.0
-7.11774484	0.0	0.0	0.0	0.0	0.0	0.0	0.0	0.0	0.0
-7.08974484	0.0	0.0	0.0	0.0	0.0	0.0	0.0	0.0	0.0
-7.061744839999999	0.0	0.0	0.0	0.0	0.0	0.0	0.0	0.0	0.0
-7.032744839999999	0.0	0.0	0.0	0.0	0.0	0.0	0.0	0.0	0.0
-7.004744839999999	0.0	0.0	0.0	0.0	0.0	0.0	0.0	0.0	0.0
-6.97674484	0.0	0.0	0.0	0.0	0.0	0.0	0.0	0.0	0.0
-6.94774484	0.0	0.0	0.0	0.0	0.0	0.0	0.0	0.0	0.0
-6.91974484	0.0	0.0	0.0	0.0	0.0	0.0	0.0	0.0	0.0
-6.891744839999999	0.0	0.0	0.0	0.0	0.0	0.0	0.0	0.0	0.0
-6.8627448399999995	0.0	0.0	0.0	0.0	0.0	0.0	0.0	0.0	0.0
-6.834744839999999	0.0	0.0	0.0	0.0	0.0	0.0	0.0	0.0	0.0
-6.805744839999999	0.0	0.0	0.0	0.0	0.0	0.0	0.0	0.0	0.0
-6.77774484	0.0	0.0	0.0	0.0	0.0	0.0	0.0	0.0	0.0
-6.74974484	0.0	0.0	0.0	0.0	0.0	0.0	0.0	0.0	0.0
-6.72074484	0.0	0.0	0.0	0.0	0.0	0.0	0.0	0.0	0.0
-6.69274484	0.0	0.0	0.0	0.0	0.0	0.0	0.0	0.0	0.0
-6.664744839999999	0.0	0.0	0.0	0.0	0.0	0.0	0.0	0.0	0.0
-6.635744839999999	0.0	0.0	0.0	0.0	0.0	0.0	0.0	0.0	0.0
-6.6077448400000005	0.0	0.0	0.0	0.0	0.0	0.0	0.0	0.0	0.0
-6.57974484	0.0	0.0	0.0	0.0	0.0	0.0	0.0	0.0	0.0
-6.55074484	0.0	0.0	0.0	0.0	0.0	0.0	0.0	0.0	0.0
-6.52274484	0.0	0.0	0.0	0.0	0.0	0.0	0.0	0.0	0.0
-6.494744839999999	0.0	0.0	0.0	0.0	0.0	0.0	0.0	0.0	0.0
-6.465744839999999	1.24314e-15	1.3626350000000001e-15	1.6247299999999999e-15	9.068830000000001e-16	0.0	0.0	0.0	0.0	0.0
-6.437744839999999	3.66727e-14	4.02045e-14	4.7920500000000004e-14	2.674898e-14	0.0	0.0	0.0	0.0	0.0
-6.408744839999999	7.9449e-13	8.70738e-13	1.0380600000000001e-12	5.79569e-13	0.0	0.0	0.0	0.0	0.0
-6.38074484	1.4850900000000002e-11	1.6279909999999997e-11	1.9403e-11	1.083468e-11	0.0	0.0	0.0	0.0	0.0
-6.35274484	2.36831e-10	2.5958e-10	3.09431e-10	1.727565e-10	0.0	0.0	0.0	0.0	0.0
-6.32374484	3.22048e-09	3.52852e-09	4.20677e-09	2.3485360000000002e-09	0.0	0.0	0.0	0.0	0.0
-6.295744839999999	3.73303e-08	4.0912e-08	4.87752e-08	2.723437e-08	0.0	0.0	0.0	0.0	0.0
-6.267744839999999	3.69197e-07	4.04622e-07	4.82315e-07	2.692347999999999e-07	0.0	0.0	0.0	0.0	0.0
-6.238744839999999	3.1127900000000002e-06	3.4119099999999997e-06	4.06695e-06	2.270669e-06	0.0	0.0	0.0	0.0	0.0
-6.21074484	2.23925e-05	2.45466e-05	2.9252300000000005e-05	1.6333310000000002e-05	0.0	0.0	0.0	0.0	0.0
-6.18274484	0.000137343	0.0001505633	0.00017943600000000002	0.0001001921	0.0	0.0	0.0	0.0	0.0
-6.15374484	0.00071893	0.0007879420000000001	0.00093932	0.000524318	0.0	0.0	0.0	0.0	0.0
-6.125744839999999	0.0032094099999999998	0.00351678	0.00419269	0.002341113	0.0	0.0	0.0	0.0	0.0
-6.0967448399999995	0.012221300000000001	0.01339428	0.0159685	0.00891458	0.0	0.0	0.0	0.0	0.0
-6.068744839999999	0.039710999999999996	0.0435207	0.05188	0.028962420000000003	0.0	0.0	0.0	0.0	0.0
-6.04074484	0.110055	0.12062560000000001	0.143788	0.080269	0.0	0.0	0.0	0.0	0.0
-6.01174484	0.260271	0.28525	0.340017	0.1898313	0.0	0.0	0.0	0.0	0.0
-5.98374484	0.5250400000000001	0.575528	0.6859999999999999	0.383026	0.0	0.0	0.0	0.0	0.0
-5.9557448399999995	0.90391	0.990632	1.18092	0.659322	0.0	0.0	0.0	0.0	0.0
-5.92674484	1.32747	1.455036	1.7349199999999998	0.968413	0.0	0.0	0.0	0.0	0.0
-5.898744839999999	1.66367	1.82351	2.17339	1.213667	0.0	0.0	0.0	0.0	0.0
-5.87074484	1.77908	1.9498300000000002	2.3239900000000002	1.2976819999999998	0.0	0.0	0.0	0.0	0.0
-5.8417448400000005	1.6228	1.77901	2.12047	1.1838610000000003	0.0	0.0	0.0	0.0	0.0
-5.81374484	1.26406	1.384875	1.65105	0.9216960000000001	0.0	0.0	0.0	0.0	0.0
-5.7857448399999996	0.83927	0.919937	1.0964999999999998	0.612264	0.0	0.0	0.0	0.0	0.0
-5.75674484	0.47566	0.5214070000000001	0.6215	0.346981	0.0	0.0	0.0	0.0	0.0
-5.728744839999999	0.23000900000000002	0.25209899999999996	0.30054800000000004	0.167764	0.0	0.0	0.0	0.0	0.0
-5.699744839999999	0.094893	0.1040041	0.123978	0.0692227	0.0	0.0	0.0	0.0	0.0
-5.671744839999999	0.0333971	0.0366115	0.043635200000000006	0.024361010000000002	0.0	0.0	0.0	0.0	0.0
-5.64374484	0.010029199999999999	0.010991990000000002	0.0131041	0.00731522	0.0	0.0	0.0	0.0	0.0
-5.61474484	0.00256938	0.0028161199999999996	0.00335682	0.0018741330000000003	0.0	0.0	0.0	0.0	0.0
-5.58674484	0.0005614999999999999	0.000615324	0.00073365	0.00040957399999999995	0.0	0.0	0.0	0.0	0.0
-5.558744839999999	0.000104671	0.00011472360000000001	0.000136759	7.63526e-05	0.0	0.0	0.0	0.0	0.0
-5.529744839999999	1.66581e-05	1.8286700000000002e-05	2.17849e-05	1.220356e-05	0.0	0.0	0.0	0.0	0.0
-5.501744839999999	2.36341e-06	2.94233e-06	3.32954e-06	2.303196e-06	0.0	0.0	0.0	0.0	0.0
-5.47374484	1.196885e-06	4.43563e-06	3.70798e-06	6.00739e-06	0.0	0.0	0.0	0.0	0.0
-5.44474484	7.096445200000001e-06	3.141549e-05	2.542949e-05	4.3972600000000007e-05	0.0	0.0	0.0	0.0	0.0
-5.41674484	4.556197998000001e-05	0.0002024694	0.0001633816	0.0002833975	0.0	0.0	0.0	0.0	0.0
-5.388744839999999	0.00025046110699999995	0.001114099	0.0008968050000000001	0.001557879	0.0	0.0	0.0	0.0	0.0
-5.359744839999999	0.0011744045866999998	0.00523052	0.004198885	0.00730579	0.0	0.0	0.0	0.0	0.0
-5.331744839999999	0.0046970182979999995	0.020942489999999998	0.01677026	0.02922743	0.0	0.0	0.0	0.0	0.0
-5.302744839999999	0.01603306235	0.0715491	0.057131600000000005	0.09977380000000001	0.0	0.0	0.0	0.0	0.0
-5.27474484	0.04668018132	0.2085213	0.1660627	0.29053090000000004	0.0	0.0	0.0	0.0	0.0
-5.24674484	0.11595044973999999	0.5185050000000001	0.4118089000000001	0.721641	0.0	0.0	0.0	0.0	0.0
-5.21774484	0.245710952	1.099943	0.8714329999999999	1.5297249999999998	0.0	0.0	0.0	0.0	0.0
-5.1897448399999995	0.4444017196	1.99096	1.5734369999999998	2.766447	0.0	0.0	0.0	0.0	0.0
-5.161744839999999	0.6855026495000001	3.07545	2.422799	4.26831	0.0	0.0	0.0	0.0	0.0
-5.132744839999999	0.9024034826999999	4.05117	3.1845920000000003	5.62026	0.0	0.0	0.0	0.0	0.0
-5.10474484	1.0135039066	4.555210000000001	3.57155	6.3139	0.0	0.0	0.0	0.0	0.0
-5.07674484	0.9714037392999999	4.37073	3.417103	6.0525899999999995	0.0	0.0	0.0	0.0	0.0
-5.04774484	0.7943030539	3.578258	2.7900039999999997	4.9496400000000005	0.0	0.0	0.0	0.0	0.0
-5.0197448399999995	0.5542021278	2.49888	1.9437900000000001	3.4539	0.0	0.0	0.0	0.0	0.0
-4.99074484	0.33000126560000004	1.489278	1.155076	2.056621	0.0	0.0	0.0	0.0	0.0
-4.962744839999999	0.1675806419	0.7572679999999999	0.585741	1.0448790000000001	0.0	0.0	0.0	0.0	0.0
-4.9347448400000005	0.0726202778	0.3284694	0.2534926	0.452912	0.0	0.0	0.0	0.0	0.0
-4.9057448400000006	0.026854102600000002	0.12158920000000001	0.0935496	0.1674871	0.0	0.0	0.0	0.0	0.0
-4.87774484	0.008472032324	0.038401370000000004	0.029461340000000003	0.052845500000000004	0.0	0.0	0.0	0.0	0.0
-4.84974484	0.002279808688	0.01034539	0.00791685	0.01422274	0.0	0.0	0.0	0.0	0.0
-4.82074484	0.0005234019920000001	0.0023772290000000002	0.0018147999999999999	0.0032657330000000003	0.0	0.0	0.0	0.0	0.0
-4.792744839999999	0.00010251038968999999	0.00046610099999999996	0.00035474559999999994	0.0006397210000000001	0.0	0.0	0.0	0.0	0.0
-4.7647448400000005	1.7124065010000002e-05	7.794059999999999e-05	5.9169e-05	0.00010688140000000001	0.0	0.0	0.0	0.0	0.0
-4.735744839999999	2.440109251e-06	1.111816e-05	8.417320000000001e-06	1.523271e-05	0.0	0.0	0.0	0.0	0.0
-4.70774484	2.96601123e-07	1.3526e-06	1.021438e-06	1.8516970000000001e-06	0.0	0.0	0.0	0.0	0.0
-4.67974484	3.0747116259999994e-08	1.40342e-07	1.056956e-07	1.9196930000000002e-07	0.0	0.0	0.0	0.0	0.0
-4.65074484	2.7177102640000002e-09	1.242123e-08	9.32881e-09	1.697372e-08	0.0	0.0	0.0	0.0	0.0
-4.622744839999999	2.0488077280000003e-10	9.37279e-10	7.020799999999999e-10	1.2798620000000002e-09	0.0	0.0	0.0	0.0	0.0
-4.593744839999999	1.3172049619999998e-11	6.03205e-11	4.506944e-11	8.23038e-11	0.0	0.0	0.0	0.0	0.0
-4.565744839999999	7.221027176000001e-13	3.3090279999999997e-12	2.467142e-12	4.51122e-12	0.0	0.0	0.0	0.0	0.0
-4.53774484	3.378012683e-14	1.550954e-13	1.150355e-13	2.1109600000000002e-13	0.0	0.0	0.0	0.0	0.0
-4.50874484	1.42210548e-15	6.39376e-15	5.0085500000000005e-15	8.85876e-15	0.0	0.0	0.0	0.0	0.0
-4.48074484	0.0	0.0	0.0	0.0	0.0	0.0	0.0	0.0	0.0
-4.452744839999999	0.0	0.0	0.0	0.0	0.0	0.0	0.0	0.0	0.0
-4.4237448399999995	0.0	0.0	0.0	0.0	0.0	0.0	0.0	0.0	0.0
-4.395744839999999	0.0	0.0	0.0	0.0	0.0	0.0	0.0	0.0	0.0
-4.36774484	0.0	0.0	0.0	0.0	0.0	0.0	0.0	0.0	0.0
-4.33874484	0.0	0.0	0.0	0.0	0.0	0.0	0.0	0.0	0.0
-4.31074484	0.0	0.0	0.0	0.0	0.0	0.0	0.0	0.0	0.0
-4.282744839999999	0.0	0.0	0.0	0.0	0.0	0.0	0.0	0.0	0.0
-4.2537448399999995	0.0	0.0	0.0	0.0	0.0	0.0	0.0	0.0	0.0
-4.225744839999999	0.0	0.0	0.0	0.0	0.0	0.0	0.0	0.0	0.0
-4.196744839999999	0.0	0.0	0.0	0.0	0.0	0.0	0.0	0.0	0.0
-4.1687448400000005	0.0	0.0	0.0	0.0	0.0	0.0	0.0	0.0	0.0
-4.14074484	0.0	0.0	0.0	0.0	0.0	0.0	0.0	0.0	0.0
-4.11174484	0.0	0.0	0.0	0.0	0.0	0.0	0.0	0.0	0.0
-4.08374484	0.0	0.0	0.0	0.0	0.0	0.0	0.0	0.0	0.0
-4.055744839999999	0.0	0.0	0.0	0.0	0.0	0.0	0.0	0.0	0.0
-4.026744839999999	0.0	0.0	0.0	0.0	0.0	0.0	0.0	0.0	0.0
-3.9987448400000005	0.0	0.0	0.0	0.0	0.0	0.0	0.0	0.0	0.0
-3.97074484	0.0	0.0	0.0	0.0	0.0	0.0	0.0	0.0	0.0
-3.94174484	0.0	0.0	0.0	0.0	0.0	0.0	0.0	0.0	0.0
-3.9137448399999997	0.0	0.0	0.0	0.0	0.0	0.0	0.0	0.0	0.0
-3.8847448399999998	0.0	0.0	0.0	0.0	0.0	0.0	0.0	0.0	0.0
-3.8567448399999993	0.0	0.0	0.0	0.0	0.0	0.0	0.0	0.0	0.0
-3.828744839999999	0.0	0.0	0.0	0.0	0.0	0.0	0.0	0.0	0.0
-3.799744839999999	0.0	0.0	0.0	0.0	0.0	0.0	0.0	0.0	0.0
-3.77174484	0.0	0.0	0.0	0.0	0.0	0.0	0.0	0.0	0.0
-3.7437448399999997	0.0	0.0	0.0	0.0	0.0	0.0	0.0	0.0	0.0
-3.71474484	0.0	0.0	0.0	0.0	0.0	0.0	0.0	0.0	0.0
-3.6867448399999994	0.0	0.0	0.0	0.0	0.0	0.0	0.0	0.0	0.0
-3.658744839999999	0.0	0.0	0.0	0.0	0.0	0.0	0.0	0.0	0.0
-3.629744839999999	0.0	0.0	0.0	0.0	0.0	0.0	0.0	0.0	0.0
-3.6017448400000003	0.0	0.0	0.0	0.0	0.0	0.0	0.0	0.0	0.0
-3.57374484	0.0	0.0	0.0	0.0	0.0	0.0	0.0	0.0	0.0
-3.54474484	0.0	0.0	0.0	0.0	0.0	0.0	0.0	0.0	0.0
-3.5167448399999994	0.0	0.0	0.0	0.0	0.0	0.0	0.0	0.0	0.0
-3.4877448399999995	0.0	0.0	0.0	0.0	0.0	0.0	0.0	0.0	0.0
-3.459744839999999	0.0	0.0	0.0	0.0	0.0	0.0	0.0	0.0	0.0
-3.4317448400000004	0.0	0.0	0.0	0.0	0.0	0.0	0.0	0.0	0.0
-3.4027448400000004	0.0	0.0	0.0	0.0	0.0	0.0	0.0	0.0	0.0
-3.37474484	0.0	0.0	0.0	0.0	0.0	0.0	0.0	0.0	0.0
-3.3467448399999995	0.0	0.0	0.0	0.0	0.0	0.0	0.0	0.0	0.0
-3.3177448399999996	0.0	0.0	0.0	0.0	0.0	0.0	0.0	0.0	0.0
-3.289744839999999	0.0	0.0	0.0	0.0	0.0	0.0	0.0	0.0	0.0
-3.2617448400000004	0.0	0.0	0.0	0.0	0.0	0.0	0.0	0.0	0.0
-3.2327448400000005	0.0	0.0	0.0	0.0	0.0	0.0	0.0	0.0	0.0
-3.20474484	0.0	0.0	0.0	0.0	0.0	0.0	0.0	0.0	0.0
-3.17574484	0.0	0.0	0.0	0.0	0.0	0.0	0.0	0.0	0.0
-3.1477448399999997	0.0	0.0	0.0	0.0	0.0	0.0	0.0	0.0	0.0
-3.119744839999999	0.0	0.0	0.0	0.0	0.0	0.0	0.0	0.0	0.0
-3.0907448399999993	0.0	0.0	0.0	0.0	0.0	0.0	0.0	0.0	0.0
-3.062744839999999	0.0	0.0	0.0	0.0	0.0	0.0	0.0	0.0	0.0
-3.03474484	0.0	0.0	0.0	0.0	0.0	0.0	0.0	0.0	0.0
-3.00574484	0.0	0.0	0.0	0.0	0.0	0.0	0.0	0.0	0.0
-2.9777448399999997	0.0	0.0	0.0	0.0	0.0	0.0	0.0	0.0	0.0
-2.9497448399999993	0.0	0.0	0.0	0.0	0.0	0.0	0.0	0.0	0.0
-2.9207448399999993	0.0	0.0	0.0	0.0	0.0	0.0	0.0	0.0	0.0
-2.892744839999999	0.0	0.0	0.0	0.0	0.0	0.0	0.0	0.0	0.0
-2.86474484	0.0	0.0	0.0	0.0	0.0	0.0	0.0	0.0	0.0
-2.8357448400000003	0.0	0.0	0.0	0.0	0.0	0.0	0.0	0.0	0.0
-2.80774484	0.0	0.0	0.0	0.0	0.0	0.0	0.0	0.0	0.0
-2.77874484	0.0	0.0	0.0	0.0	0.0	0.0	0.0	0.0	0.0
-2.7507448399999994	0.0	0.0	0.0	0.0	0.0	0.0	0.0	0.0	0.0
-2.722744839999999	0.0	0.0	0.0	0.0	0.0	0.0	0.0	0.0	0.0
-2.693744839999999	0.0	0.0	0.0	0.0	0.0	0.0	0.0	0.0	0.0
-2.6657448400000003	0.0	0.0	0.0	0.0	0.0	0.0	0.0	0.0	0.0
-2.63774484	0.0	0.0	0.0	0.0	0.0	0.0	0.0	0.0	0.0
-2.60874484	0.0	0.0	0.0	0.0	0.0	0.0	0.0	0.0	0.0
-2.5807448399999995	0.0	0.0	0.0	0.0	0.0	0.0	0.0	0.0	0.0
-2.552744839999999	0.0	0.0	0.0	0.0	0.0	0.0	0.0	0.0	0.0
-2.523744839999999	0.0	0.0	0.0	0.0	0.0	0.0	0.0	0.0	0.0
-2.4957448400000004	0.0	0.0	0.0	0.0	0.0	0.0	0.0	0.0	0.0
-2.46774484	0.0	0.0	0.0	0.0	0.0	0.0	0.0	0.0	0.0
-2.43874484	0.0	0.0	0.0	0.0	0.0	0.0	0.0	0.0	0.0
-2.4107448399999996	0.0	0.0	0.0	0.0	0.0	0.0	0.0	0.0	0.0
-2.3817448399999996	0.0	0.0	0.0	0.0	0.0	0.0	0.0	0.0	0.0
-2.353744839999999	0.0	0.0	0.0	0.0	0.0	0.0	0.0	0.0	0.0
-2.3257448400000005	1.82065627e-18	3.399431e-15	3.4614056e-15	3.285059e-15	0.0	0.0	0.0	0.0	0.0
-2.296744839999999	5.0986000199999994e-17	9.674816999999999e-14	9.60498e-14	9.133549e-14	0.0	0.0	0.0	0.0	0.0
-2.26874484	1.115250514e-15	2.1178351e-12	2.0999217e-12	1.9970437000000003e-12	0.0	0.0	0.0	0.0	0.0
-2.2407448399999996	2.0900558899999998e-14	3.9658319999999995e-11	3.9380747999999996e-11	3.744285e-11	0.0	0.0	0.0	0.0	0.0
-2.2117448399999997	3.34004692e-13	6.330853999999999e-10	6.295060999999999e-10	5.985925e-10	0.0	0.0	0.0	0.0	0.0
-2.1837448399999992	4.55042396e-12	8.61986e-09	8.582661000000001e-09	8.159652999999999e-09	0.0	0.0	0.0	0.0	0.0
-2.1557448400000006	5.28765248e-11	1.0006074999999999e-07	9.977704e-08	9.48394e-08	0.0	0.0	0.0	0.0	0.0
-2.126744839999999	5.23963514e-10	9.907279999999998e-07	9.892213000000002e-07	9.402204999999999e-07	0.0	0.0	0.0	0.0	0.0
-2.09874484	4.4283790899999994e-09	8.365322e-06	8.365417e-06	7.950552e-06	0.0	0.0	0.0	0.0	0.0
-2.0697448400000003	3.19299297e-08	6.025587e-05	6.033556e-05	5.7337949999999995e-05	0.0	0.0	0.0	0.0	0.0
-2.04174484	1.9630096800000002e-07	0.0003700699	0.0003711779	0.00035269	0.0	0.0	0.0	0.0	0.0
-2.0137448399999993	1.029619302e-06	0.0019397924	0.001947742	0.0018503799000000002	0.0	0.0	0.0	0.0	0.0
-1.9847448399999994	4.60642647e-06	0.008670839	0.008719005999999998	0.008282786	0.0	0.0	0.0	0.0	0.0
-1.956744839999999	1.75804356e-05	0.03306519	0.033287832999999996	0.031625129999999994	0.0	0.0	0.0	0.0	0.0
-1.9287448400000002	5.724766879999999e-05	0.10755051999999998	0.10846624	0.10301393	0.0	0.0	0.0	0.0	0.0
-1.8997448400000003	0.000159029022	0.29855244000000003	0.30145635	0.28625149999999994	0.0	0.0	0.0	0.0	0.0
-1.8717448399999999	0.00037681602500000004	0.7068357999999999	0.7147918000000001	0.6787329000000001	0.0	0.0	0.0	0.0	0.0
-1.8437448399999994	0.0007621342149999999	1.4280657000000003	1.4462598	1.3731644	0.0	0.0	0.0	0.0	0.0
-1.8147448399999995	0.0013148034640000001	2.4611248	2.4965194	2.36998	0.0	0.0	0.0	0.0	0.0
-1.786744839999999	0.0019355931300000001	3.6199929999999996	3.6764136000000005	3.490169	0.0	0.0	0.0	0.0	0.0
-1.7587448400000003	0.0024312438499999997	4.543515999999999	4.6211162	4.385045	0.0	0.0	0.0	0.0	0.0
-1.7297448400000004	0.0026056959700000003	4.864027	4.954757	4.702298	0.0	0.0	0.0	0.0	0.0
-1.70174484	0.0023827267	4.444132	4.5336252	4.301777	0.0	0.0	0.0	0.0	0.0
-1.67274484	0.0018591661699999997	3.4646600000000003	3.5384403999999994	3.3570790000000006	0.0	0.0	0.0	0.0	0.0
-1.6447448399999995	0.0012375763059999999	2.3046807	2.3571359999999997	2.2364889999999997	0.0	0.0	0.0	0.0	0.0
-1.616744839999999	0.000703013488	1.3078162999999998	1.3395642	1.2706981	0.0	0.0	0.0	0.0	0.0
-1.5877448399999992	0.000340703264	0.6332334000000001	0.6495280999999999	0.6161106000000001	0.0	0.0	0.0	0.0	0.0
-1.5597448400000005	0.000140882641	0.26156972	0.26874349	0.2548343	0.0	0.0	0.0	0.0	0.0
-1.53174484	4.97050243e-05	0.09220903	0.09485027	0.08994801999999999	0.0	0.0	0.0	0.0	0.0
-1.50274484	1.4959513700000002e-05	0.027729949999999996	0.028562498000000002	0.02708387	0.0	0.0	0.0	0.0	0.0
-1.4747448399999996	3.8411569500000005e-06	0.007112313	0.007337295000000001	0.006956787000000001	0.0	0.0	0.0	0.0	0.0
-1.4467448399999991	8.41353143e-07	0.0015565603000000001	0.0016080455	0.0015243823	0.0	0.0	0.0	0.0	0.0
-1.4177448399999992	1.57237308e-07	0.00029055043999999996	0.00030066397000000003	0.00028494539999999996	0.0	0.0	0.0	0.0	0.0
-1.3897448400000005	2.5400636300000002e-08	4.636946e-05	4.80365e-05	4.550349000000001e-05	0.0	0.0	0.0	0.0	0.0
-1.36174484	6.8542344e-09	7.238484000000001e-06	7.589114999999999e-06	6.870924000000001e-06	0.0	0.0	0.0	0.0	0.0
-1.3327448400000002	2.9820755000000004e-08	8.859746e-06	9.869158e-06	6.625138e-06	0.0	0.0	0.0	0.0	0.0
-1.3047448399999997	2.1442174e-07	5.9152159e-05	6.6285047e-05	4.311113999999999e-05	0.0	0.0	0.0	0.0	0.0
-1.2757448399999998	1.3349748e-06	0.00036611661999999995	0.00041050696000000006	0.0002674144	0.0	0.0	0.0	0.0	0.0
-1.2477448399999993	7.118664e-06	0.0019348872	0.0021703941000000004	0.0014170350000000003	0.0	0.0	0.0	0.0	0.0
-1.2197448399999988	3.2613240000000004e-05	0.008726787	0.0097898428	0.006405861999999999	0.0	0.0	0.0	0.0	0.0
-1.190744839999999	0.0001292321	0.03357682499999999	0.037680974	0.024701696999999995	0.0	0.0	0.0	0.0	0.0
-1.1627448400000002	0.00044758000000000005	0.11025158000000002	0.12377902999999998	0.08128954999999999	0.0	0.0	0.0	0.0	0.0
-1.1347448399999998	0.001379383	0.30904601	0.34716809000000004	0.22819218	0.0	0.0	0.0	0.0	0.0
-1.1057448399999998	0.0038744	0.7398038	0.831992	0.5467456	0.0	0.0	0.0	0.0	0.0
-1.0777448399999994	0.0101709	1.5136982	1.7057551000000002	1.1179437	0.0	0.0	0.0	0.0	0.0
-1.049744839999999	0.025291300000000003	2.6544314	2.999171	1.9515252	0.0	0.0	0.0	0.0	0.0
-1.020744839999999	0.059283	4.001462999999999	4.547076000000001	2.9106499999999995	0.0	0.0	0.0	0.0	0.0
-0.9927448400000003	0.128084	5.219529	5.9914570000000005	3.7138180000000003	0.0	0.0	0.0	0.0	0.0
-0.9637448400000004	0.24872300000000003	5.958251	6.960144	4.062571999999999	0.0	0.0	0.0	0.0	0.0
-0.9357448399999999	0.425192	6.062340999999999	7.27969	3.8270739999999996	0.0	0.0	0.0	0.0	0.0
-0.9077448399999994	0.631212	5.6309499999999995	7.0354	3.1269849999999995	0.0	0.0	0.0	0.0	0.0
-0.8787448399999995	0.807284	4.895779999999999	6.41391	2.246633	0.0	0.0	0.0	0.0	0.0
-0.8507448399999991	0.8854679999999999	4.03457	5.53921	1.447079	0.0	0.0	0.0	0.0	0.0
-0.8227448400000004	0.8309030000000001	3.1307699999999996	4.462610000000001	0.8569789999999999	0.0	0.0	0.0	0.0	0.0
-0.7937448400000005	0.666223	2.235981	3.2723699999999996	0.47718999999999995	0.0	0.0	0.0	0.0	0.0
-0.76574484	0.456142	1.433472	2.130346	0.2519902	0.0	0.0	0.0	0.0	0.0
-0.7377448399999995	0.2665022	0.8086230000000001	1.212167	0.1255608	0.0	0.0	0.0	0.0	0.0
-0.7087448399999996	0.1329111	0.398916	0.5982660000000001	0.061854	0.0	0.0	0.0	0.0	0.0
-0.68074484	0.0565586	0.18100419999999998	0.261679	0.044972750000000006	0.0	0.0	0.0	0.0	0.0
-0.6527448399999995	0.02053448	0.10821450000000002	0.1244846	0.08214869999999999	0.0	0.0	0.0	0.0	0.0
-0.6237448399999996	0.0063602	0.15432053999999998	0.12272770000000001	0.21182599	0.0	0.0	0.0	0.0	0.0
-0.59574484	0.001680234	0.33167901000000005	0.23514275	0.5048538349999999	0.0	0.0	0.0	0.0	0.0
-0.5667448399999993	0.0003788681	0.6723986670000001	0.46954062900000004	1.0358598875999998	0.0	0.0	0.0	0.0	0.0
-0.5387448399999997	7.289570000000001e-05	1.1767551255000002	0.820362619	1.815301918	0.0	0.0	0.0	0.0	0.0
-0.5107448400000001	1.200927e-05	1.7594024831	1.2261997103	2.71480034038	0.0	0.0	0.0	0.0	0.0
-0.4817448399999993	1.7463000000000001e-06	2.2448003494	1.5645305197000001	3.4638000804830007	0.0	0.0	0.0	0.0	0.0
-0.4537448399999997	2.80614e-07	2.4439000438050003	1.703230062672	3.770600045379	0.0	0.0	0.0	0.0	0.0
-0.42574483999999924	9.5615e-08	2.2699000064224997	1.5821600069786002	3.5025000378492	0.0	0.0	0.0	0.0	0.0
-0.3967448399999993	6.144889999999999e-08	1.7996000021147798	1.25398000108113	2.7765000296320004	0.0	0.0	0.0	0.0	0.0
-0.36874483999999974	4.04959e-08	1.216850001209331	0.84804100040181	1.8770000200113999	0.0	0.0	0.0	0.0	0.0
-0.34074483999999927	2.33017e-08	0.702100000683929	0.48924300021104405	1.08330001153992	0.0	0.0	0.0	0.0	0.0
-0.31174483999999936	1.146596e-08	0.345650000335955	0.240944000102776	0.53328000568342	0.0	0.0	0.0	0.0	0.0
-0.2837448399999998	4.815938e-09	0.14519000014111488	0.101182700043115	0.22403000238746	0.0	0.0	0.0	0.0	0.0
-0.25474483999999986	1.7259189999999999e-09	0.052035000050552796	0.0362626000154511	0.08027600085538099	0.0	0.0	0.0	0.0	0.0
-0.2267448399999994	5.276253e-10	0.015912000015454477	0.011085270004722701	0.024545000261484002	0.0	0.0	0.0	0.0	0.0
-0.1987448399999998	1.376265e-10	0.0041484000040309926	0.0028909400012315798	0.0064011000682131	0.0	0.0	0.0	0.0	0.0
-0.1697448399999999	3.062903e-11	0.0009231300008969011	0.0006433580002740709	0.0014243000151819198	0.0	0.0	0.0	0.0	0.0
-0.14174483999999943	5.811812e-12	0.0001751800001702798	0.000122104200052028	0.00027029000288045	0.0	0.0	0.0	0.0	0.0
-0.11374483999999985	9.409085e-13	2.836100002756148e-05	1.97681000084226e-05	4.3761000466324004e-05	0.0	0.0	0.0	0.0	0.0
-0.08474483999999993	1.2993249999999999e-13	3.9169000038064895e-06	2.7297700011627002e-06	6.0432000644000005e-06	0.0	0.0	0.0	0.0	0.0
-0.056744839999999463	1.5304479999999997e-14	4.613500004483e-07	3.21528000137034e-07	7.119000075849399e-07	0.0	0.0	0.0	0.0	0.0
-0.028744839999999883	1.5372959999999999e-15	4.6340000045030505e-08	3.23039000137651e-08	7.149800076201502e-08	0.0	0.0	0.0	0.0	0.0
0.00025516000000003203	1.3169489999999998e-16	3.969700003857605e-09	2.7670400011791302e-09	6.1253000652752995e-09	0.0	0.0	0.0	0.0	0.0
0.0282551600000005	9.621568e-18	2.900900002818287e-10	2.02164000086128e-10	4.474700047688799e-10	0.0	0.0	0.0	0.0	0.0
0.05625516000000008	5.993295999999999e-19	1.8074000017559168e-11	1.25941900053653e-11	2.7877000297099e-11	0.0	0.0	0.0	0.0	0.0
0.08525516	3.183154999999999e-20	9.5953000093228e-13	6.68642000284866e-13	1.48050001577554e-12	0.0	0.0	0.0	0.0	0.0
0.11325516000000047	1.415944e-21	4.269000004147252e-14	2.97454000126755e-14	6.586000070175001e-14	0.0	0.0	0.0	0.0	0.0
0.14225516000000038	5.663572999999999e-23	1.707800001658701e-15	1.18991600050692e-15	2.6347000280699997e-15	0.0	0.0	0.0	0.0	0.0
0.17025515999999996	0.0	0.0	0.0	0.0	0.0	0.0	0.0	0.0	0.0
0.19825516000000043	0.0	0.0	0.0	0.0	0.0	0.0	0.0	0.0	0.0
0.22725516000000034	0.0	0.0	0.0	0.0	0.0	0.0	0.0	0.0	0.0
0.2552551599999999	0.0	0.0	0.0	0.0	0.0	0.0	0.0	0.0	0.0
0.2832551600000004	0.0	0.0	0.0	0.0	0.0	0.0	0.0	0.0	0.0
0.3122551600000003	0.0	0.0	0.0	0.0	0.0	0.0	0.0	0.0	0.0
0.3402551599999999	0.0	0.0	0.0	0.0	0.0	0.0	0.0	0.0	0.0
0.36825516000000036	0.0	0.0	0.0	0.0	0.0	0.0	0.0	0.0	0.0
0.3972551600000003	0.0	0.0	0.0	0.0	0.0	0.0	0.0	0.0	0.0
0.42525516000000074	0.0	0.0	0.0	0.0	0.0	0.0	0.0	0.0	0.0
0.4532551600000003	0.0	0.0	0.0	0.0	0.0	0.0	0.0	0.0	0.0
0.48225516000000024	0.0	0.0	0.0	0.0	0.0	0.0	0.0	0.0	0.0
0.5102551600000007	0.0	0.0	0.0	0.0	0.0	0.0	0.0	0.0	0.0
0.5392551600000006	0.0	0.0	0.0	0.0	0.0	0.0	0.0	0.0	0.0
0.5672551600000002	0.0	0.0	0.0	0.0	0.0	0.0	0.0	0.0	0.0
0.5952551600000007	0.0	0.0	0.0	0.0	0.0	0.0	0.0	0.0	0.0
0.6242551600000006	0.0	0.0	0.0	0.0	0.0	0.0	0.0	0.0	0.0
0.6522551600000002	0.0	0.0	0.0	0.0	0.0	0.0	0.0	0.0	0.0
0.6802551600000006	0.0	0.0	0.0	0.0	0.0	0.0	0.0	0.0	0.0
0.7092551600000006	0.0	0.0	0.0	0.0	0.0	0.0	0.0	0.0	0.0
0.7372551600000001	0.0	0.0	0.0	0.0	0.0	0.0	0.0	0.0	0.0
0.7652551600000006	0.0	0.0	0.0	0.0	0.0	0.0	0.0	0.0	0.0
0.7942551600000005	0.0	0.0	0.0	0.0	0.0	0.0	0.0	0.0	0.0
0.8222551600000001	0.0	0.0	0.0	0.0	0.0	0.0	0.0	0.0	0.0
0.85125516	0.0	0.0	0.0	0.0	0.0	0.0	0.0	0.0	0.0
0.8792551600000005	0.0	0.0	0.0	0.0	0.0	0.0	0.0	0.0	0.0
0.9072551600000001	0.0	0.0	0.0	0.0	0.0	0.0	0.0	0.0	0.0
0.93625516	0.0	0.0	0.0	0.0	0.0	0.0	0.0	0.0	0.0
0.9642551600000004	0.0	0.0	0.0	0.0	0.0	0.0	0.0	0.0	0.0
0.99225516	0.0	0.0	0.0	0.0	0.0	0.0	0.0	0.0	0.0
1.02125516	0.0	0.0	0.0	0.0	0.0	0.0	0.0	0.0	0.0
1.0492551600000004	0.0	0.0	0.0	0.0	0.0	0.0	0.0	0.0	0.0
1.07725516	0.0	0.0	0.0	0.0	0.0	0.0	0.0	0.0	0.0
1.10625516	0.0	0.0	0.0	0.0	0.0	0.0	0.0	0.0	0.0
1.1342551600000004	0.0	0.0	0.0	0.0	0.0	0.0	0.0	0.0	0.0
1.16225516	0.0	0.0	0.0	0.0	0.0	0.0	0.0	0.0	0.0
1.1912551600000008	0.0	0.0	0.0	0.0	0.0	0.0	0.0	0.0	0.0
1.2192551600000003	0.0	0.0	0.0	0.0	0.0	0.0	0.0	0.0	0.0
1.2482551600000003	0.0	0.0	0.0	0.0	0.0	0.0	0.0	0.0	0.0
1.2762551600000007	0.0	0.0	0.0	0.0	0.0	0.0	0.0	0.0	0.0
1.3042551600000003	0.0	0.0	0.0	0.0	0.0	0.0	0.0	0.0	0.0
1.3332551600000002	0.0	0.0	0.0	0.0	0.0	0.0	0.0	0.0	0.0
1.3612551600000007	0.0	0.0	0.0	0.0	0.0	0.0	0.0	0.0	0.0
1.3892551600000003	0.0	0.0	0.0	0.0	0.0	0.0	0.0	0.0	0.0
1.4182551600000002	0.0	0.0	0.0	0.0	0.0	0.0	0.0	0.0	0.0
1.4462551600000007	0.0	0.0	0.0	0.0	0.0	0.0	0.0	0.0	0.0
1.4742551600000002	0.0	0.0	0.0	0.0	0.0	0.0	0.0	0.0	0.0
1.5032551600000001	0.0	0.0	0.0	0.0	0.0	0.0	0.0	0.0	0.0
1.5312551600000006	0.0	0.0	0.0	0.0	0.0	0.0	0.0	0.0	0.0
1.5592551600000002	0.0	0.0	0.0	0.0	0.0	0.0	0.0	0.0	0.0
1.58825516	0.0	0.0	0.0	0.0	0.0	0.0	0.0	0.0	0.0
1.6162551600000006	0.0	0.0	0.0	0.0	0.0	0.0	0.0	0.0	0.0
1.6452551600000005	0.0	0.0	0.0	0.0	0.0	0.0	0.0	0.0	0.0
1.67325516	0.0	0.0	0.0	0.0	0.0	0.0	0.0	0.0	0.0
1.7012551600000005	0.0	0.0	0.0	0.0	0.0	0.0	0.0	0.0	0.0
1.7302551600000005	0.0	0.0	0.0	0.0	0.0	0.0	0.0	0.0	0.0
1.75825516	0.0	0.0	0.0	0.0	0.0	0.0	0.0	0.0	0.0
1.7862551600000005	0.0	0.0	0.0	0.0	0.0	0.0	0.0	0.0	0.0
1.8152551600000004	0.0	0.0	0.0	0.0	0.0	0.0	0.0	0.0	0.0
1.84325516	0.0	0.0	0.0	0.0	0.0	0.0	0.0	0.0	0.0
1.8712551600000005	0.0	0.0	0.0	0.0	0.0	0.0	0.0	0.0	0.0
1.9002551600000004	0.0	0.0	0.0	0.0	0.0	0.0	0.0	0.0	0.0
1.92825516	0.0	0.0	0.0	0.0	0.0	0.0	0.0	0.0	0.0
1.9572551600000008	0.0	0.0	0.0	0.0	0.0	0.0	0.0	0.0	0.0
1.9852551600000004	0.0	0.0	0.0	0.0	0.0	0.0	0.0	0.0	0.0
2.01325516	0.0	0.0	0.0	0.0	0.0	0.0	0.0	0.0	0.0
2.0422551600000007	0.0	0.0	0.0	0.0	0.0	0.0	0.0	0.0	0.0
2.0702551600000003	0.0	0.0	0.0	0.0	0.0	0.0	0.0	0.0	0.0
2.09825516	0.0	0.0	0.0	0.0	0.0	0.0	0.0	0.0	0.0
2.1272551600000007	0.0	0.0	0.0	0.0	0.0	0.0	0.0	0.0	0.0
2.1552551600000003	0.0	0.0	0.0	0.0	0.0	0.0	0.0	0.0	0.0
2.1832551600000007	0.0	0.0	0.0	0.0	0.0	0.0	0.0	0.0	0.0
2.2122551600000007	0.0	0.0	0.0	0.0	0.0	0.0	0.0	0.0	0.0
2.2402551600000002	0.0	0.0	0.0	0.0	0.0	0.0	0.0	0.0	0.0
2.2682551600000007	0.0	0.0	0.0	0.0	0.0	0.0	0.0	0.0	0.0
2.2972551600000006	0.0	0.0	0.0	0.0	0.0	0.0	0.0	0.0	0.0
2.32525516	0.0	0.0	0.0	0.0	0.0	0.0	0.0	0.0	0.0
2.35425516	0.0	0.0	0.0	0.0	0.0	0.0	0.0	0.0	0.0
2.3822551600000006	0.0	0.0	0.0	0.0	0.0	0.0	0.0	0.0	0.0
2.41025516	0.0	0.0	0.0	0.0	0.0	0.0	0.0	0.0	0.0
2.43925516	0.0	0.0	0.0	0.0	0.0	0.0	0.0	0.0	0.0
2.4672551600000006	0.0	0.0	0.0	0.0	0.0	0.0	0.0	0.0	0.0
2.49525516	0.0	0.0	0.0	0.0	0.0	0.0	0.0	0.0	0.0
2.52425516	0.0	0.0	0.0	0.0	0.0	0.0	0.0	0.0	0.0
2.5522551600000005	0.0	0.0	0.0	0.0	0.0	0.0	0.0	0.0	0.0
2.58025516	0.0	0.0	0.0	0.0	0.0	0.0	0.0	0.0	0.0
2.60925516	0.0	0.0	0.0	0.0	0.0	0.0	0.0	0.0	0.0
2.6372551600000005	0.0	0.0	0.0	0.0	0.0	0.0	0.0	0.0	0.0
2.6662551600000004	0.0	0.0	0.0	0.0	0.0	0.0	0.0	0.0	0.0
2.69425516	0.0	0.0	0.0	0.0	0.0	0.0	0.0	0.0	0.0
2.7222551600000005	0.0	0.0	0.0	0.0	0.0	0.0	0.0	0.0	0.0
2.7512551600000004	0.0	0.0	0.0	0.0	0.0	0.0	0.0	0.0	0.0
2.77925516	0.0	0.0	0.0	0.0	0.0	0.0	0.0	0.0	0.0
2.8072551600000004	0.0	0.0	0.0	0.0	0.0	0.0	0.0	0.0	0.0
2.8362551600000003	0.0	0.0	0.0	0.0	0.0	0.0	0.0	0.0	0.0
2.86425516	0.0	0.0	0.0	0.0	0.0	0.0	0.0	0.0	0.0
2.8922551600000004	0.0	0.0	0.0	0.0	0.0	0.0	0.0	0.0	0.0
2.9212551600000003	0.0	0.0	0.0	0.0	0.0	0.0	0.0	0.0	0.0
2.9492551600000008	0.0	0.0	0.0	0.0	0.0	0.0	0.0	0.0	0.0
2.9772551600000003	0.0	0.0	0.0	0.0	0.0	0.0	0.0	0.0	0.0
3.0062551600000003	0.0	0.0	0.0	0.0	0.0	0.0	0.0	0.0	0.0
3.0342551600000007	0.0	0.0	0.0	0.0	0.0	0.0	0.0	0.0	0.0
3.0632551600000006	0.0	0.0	0.0	0.0	0.0	0.0	0.0	0.0	0.0
3.0912551600000002	0.0	0.0	0.0	0.0	0.0	0.0	0.0	0.0	0.0
3.1192551600000007	0.0	0.0	0.0	0.0	0.0	0.0	0.0	0.0	0.0
3.1482551600000006	0.0	0.0	0.0	0.0	0.0	0.0	0.0	0.0	0.0
3.17625516	0.0	0.0	0.0	0.0	0.0	0.0	0.0	0.0	0.0
3.2042551600000007	0.0	0.0	0.0	0.0	0.0	0.0	0.0	0.0	0.0
3.23325516	0.0	0.0	0.0	0.0	0.0	0.0	0.0	0.0	0.0
3.26125516	0.0	0.0	0.0	0.0	0.0	0.0	0.0	0.0	0.0
3.28925516	0.0	0.0	0.0	0.0	0.0	0.0	0.0	0.0	0.0
3.3182551600000005	0.0	0.0	0.0	0.0	0.0	0.0	0.0	0.0	0.0
3.34625516	0.0	0.0	0.0	0.0	0.0	0.0	0.0	0.0	0.0
3.37425516	0.0	0.0	0.0	0.0	0.0	0.0	0.0	0.0	0.0
3.4032551600000005	0.0	0.0	0.0	0.0	0.0	0.0	0.0	0.0	0.0
3.4312551600000005	0.0	0.0	0.0	0.0	0.0	0.0	0.0	0.0	0.0
3.4602551600000004	0.0	0.0	0.0	0.0	0.0	0.0	0.0	0.0	0.0
3.4882551600000005	0.0	0.0	0.0	0.0	0.0	0.0	0.0	0.0	0.0
3.5162551600000005	0.0	0.0	0.0	0.0	0.0	0.0	0.0	0.0	0.0
3.5452551600000004	0.0	0.0	0.0	0.0	0.0	0.0	0.0	0.0	0.0
3.5732551600000004	0.0	0.0	0.0	0.0	0.0	0.0	0.0	0.0	0.0
3.6012551600000005	0.0	0.0	0.0	0.0	0.0	0.0	0.0	0.0	0.0
3.6302551600000004	0.0	0.0	0.0	0.0	0.0	0.0	0.0	0.0	0.0
3.6582551600000004	0.0	0.0	0.0	0.0	0.0	0.0	0.0	0.0	0.0
3.6862551600000004	0.0	0.0	0.0	0.0	0.0	0.0	0.0	0.0	0.0
3.7152551600000003	0.0	0.0	0.0	0.0	0.0	0.0	0.0	0.0	0.0
3.7432551600000004	0.0	0.0	0.0	0.0	0.0	0.0	0.0	0.0	0.0
3.7722551600000003	0.0	0.0	0.0	0.0	0.0	0.0	0.0	0.0	0.0
3.8002551600000003	0.0	0.0	0.0	0.0	0.0	0.0	0.0	0.0	0.0
3.8282551600000003	0.0	0.0	0.0	0.0	0.0	0.0	0.0	0.0	0.0
3.8572551600000002	0.0	0.0	0.0	0.0	0.0	0.0	0.0	0.0	0.0
3.8852551600000003	0.0	0.0	0.0	0.0	0.0	0.0	0.0	0.0	0.0
3.9132551600000003	0.0	0.0	0.0	0.0	0.0	0.0	0.0	0.0	0.0
3.94225516	0.0	0.0	0.0	0.0	0.0	0.0	0.0	0.0	0.0
3.9702551600000002	0.0	0.0	0.0	0.0	0.0	0.0	0.0	0.0	0.0
3.9982551600000003	0.0	0.0	0.0	0.0	0.0	0.0	0.0	0.0	0.0
4.02725516	0.0	0.0	0.0	0.0	0.0	0.0	0.0	0.0	0.0
4.05525516	0.0	0.0	0.0	0.0	0.0	0.0	0.0	0.0	0.0
4.08325516	0.0	0.0	0.0	0.0	0.0	0.0	0.0	0.0	0.0
4.11225516	0.0	0.0	0.0	0.0	0.0	0.0	0.0	0.0	0.0
4.140255160000001	0.0	0.0	0.0	0.0	0.0	0.0	0.0	0.0	0.0
4.1692551600000005	0.0	0.0	0.0	0.0	0.0	0.0	0.0	0.0	0.0
4.197255160000001	0.0	0.0	0.0	0.0	0.0	0.0	0.0	0.0	0.0
4.22525516	0.0	0.0	0.0	0.0	0.0	0.0	0.0	0.0	0.0
4.2542551600000005	0.0	0.0	0.0	0.0	0.0	0.0	0.0	0.0	0.0
4.28225516	0.0	0.0	0.0	0.0	0.0	0.0	0.0	0.0	0.0
4.3102551600000005	0.0	0.0	0.0	0.0	0.0	0.0	0.0	0.0	0.0
4.3392551600000004	0.0	0.0	0.0	0.0	0.0	0.0	0.0	0.0	0.0
4.367255160000001	0.0	0.0	0.0	0.0	0.0	0.0	0.0	0.0	0.0
4.3952551600000005	0.0	0.0	0.0	0.0	0.0	0.0	0.0	0.0	0.0
4.42425516	0.0	0.0	0.0	0.0	0.0	0.0	0.0	0.0	0.0
4.45225516	0.0	0.0	0.0	0.0	0.0	0.0	0.0	0.0	0.0
4.4802551600000005	0.0	0.0	0.0	0.0	0.0	0.0	0.0	0.0	0.0
4.50925516	0.0	0.0	0.0	0.0	0.0	0.0	0.0	0.0	0.0
4.537255160000001	0.0	0.0	0.0	0.0	0.0	0.0	0.0	0.0	0.0
4.566255160000001	0.0	0.0	0.0	0.0	0.0	0.0	0.0	0.0	0.0
4.59425516	0.0	0.0	0.0	0.0	0.0	0.0	0.0	0.0	0.0
4.62225516	0.0	0.0	0.0	0.0	0.0	0.0	0.0	0.0	0.0
4.65125516	0.0	0.0	0.0	0.0	0.0	0.0	0.0	0.0	0.0
4.67925516	0.0	0.0	0.0	0.0	0.0	0.0	0.0	0.0	0.0
4.707255160000001	0.0	0.0	0.0	0.0	0.0	0.0	0.0	0.0	0.0
4.736255160000001	0.0	0.0	0.0	0.0	0.0	0.0	0.0	0.0	0.0
4.76425516	0.0	0.0	0.0	0.0	0.0	0.0	0.0	0.0	0.0
4.79225516	0.0	0.0	0.0	0.0	0.0	0.0	0.0	0.0	0.0
4.82125516	0.0	0.0	0.0	0.0	0.0	0.0	0.0	0.0	0.0
4.84925516	2.92495e-15	1.613719e-15	1.412716e-15	1.9736084e-15	0.0	0.0	0.0	0.0	0.0
4.87825516	7.67844e-14	4.2364400000000005e-14	3.7084599999999997e-14	5.179493e-14	0.0	0.0	0.0	0.0	0.0
4.906255160000001	1.63585e-12	9.025440000000001e-13	7.900270000000001e-13	1.1035406e-12	0.0	0.0	0.0	0.0	0.0
4.93425516	2.96831e-11	1.638014e-11	1.433864e-11	2.0024389000000003e-11	0.0	0.0	0.0	0.0	0.0
4.96325516	4.59384e-10	2.534898e-10	2.21868e-10	3.0988670000000004e-10	0.0	0.0	0.0	0.0	0.0
4.99125516	6.06313e-09	3.34517e-09	2.928e-09	4.091148e-09	0.0	0.0	0.0	0.0	0.0
5.01925516	6.822940000000002e-08	3.76526e-08	3.2965000000000004e-08	4.603339e-08	0.0	0.0	0.0	0.0	0.0
5.04825516	6.54909e-07	3.61333e-07	3.16277e-07	4.4184939999999994e-07	0.0	0.0	0.0	0.0	0.0
5.0762551600000005	5.36042e-06	2.9581000000000005e-06	2.58909e-06	3.61618e-06	0.0	0.0	0.0	0.0	0.0
5.10425516	3.7428699999999996e-05	2.06499e-05	1.80771e-05	2.5248236999999998e-05	0.0	0.0	0.0	0.0	0.0
5.133255160000001	0.00022290300000000002	0.00012296950000000002	0.000107657	0.00015036722	0.0	0.0	0.0	0.0	0.0
5.1612551600000005	0.00113232	0.000624748	0.0005469070000000001	0.0007639154	0.0	0.0	0.0	0.0	0.0
5.18925516	0.00490649	0.0027073089999999998	0.0023703699999999997	0.003310512	0.0	0.0	0.0	0.0	0.0
5.21825516	0.0181381	0.01000802	0.0087601	0.012236331	0.0	0.0	0.0	0.0	0.0
5.2462551600000005	0.0571976	0.031568000000000006	0.027624900000000004	0.038598459999999994	0.0	0.0	0.0	0.0	0.0
5.27525516	0.15388999999999997	0.0849124	0.07433830000000001	0.10383875000000001	0.0	0.0	0.0	0.0	0.0
5.303255160000001	0.353299	0.194934	0.17064900000000002	0.23833536	0.0	0.0	0.0	0.0	0.0
5.33125516	0.6919850000000001	0.381865	0.33420700000000003	0.4668392	0.0	0.0	0.0	0.0	0.0
5.36025516	1.1566800000000002	0.638045	0.558478	0.7800330999999999	0.0	0.0	0.0	0.0	0.0
5.38825516	1.64843	0.9097689999999999	0.796265	1.1122137	0.0	0.0	0.0	0.0	0.0
5.41625516	2.00548	1.1067079999999998	0.968794	1.3531289	0.0	0.0	0.0	0.0	0.0
5.44525516	2.0819	1.148718	1.005658	1.4045471	0.0	0.0	0.0	0.0	0.0
5.473255160000001	1.8435400000000002	1.017461	0.890639	1.2440803	0.0	0.0	0.0	0.0	0.0
5.50125516	1.39395	0.7688790000000001	0.673055	0.9401776999999999	0.0	0.0	0.0	0.0	0.0
5.53025516	0.898566	0.49568999999999996	0.43403100000000006	0.6061365	0.0	0.0	0.0	0.0	0.0
5.55825516	0.49430700000000005	0.2727482	0.23876000000000003	0.333529	0.0	0.0	0.0	0.0	0.0
5.58725516	0.232032	0.12802840000000001	0.1120799	0.15654241000000002	0.0	0.0	0.0	0.0	0.0
5.61525516	0.09292560000000001	0.051266000000000006	0.04487909999999999	0.06268939000000001	0.0	0.0	0.0	0.0	0.0
5.643255160000001	0.0317476	0.017518779999999998	0.01533621	0.021420281	0.0	0.0	0.0	0.0	0.0
5.672255160000001	0.009254970000000001	0.00510663	0.004470699999999999	0.00624416	0.0	0.0	0.0	0.0	0.0
5.70025516	0.00230199	0.001269908	0.001111624	0.0015526195	0.0	0.0	0.0	0.0	0.0
5.72825516	0.000488253	0.0002693962	0.000235785	0.0003293996	0.0	0.0	0.0	0.0	0.0
5.757255160000001	8.83519e-05	4.8741e-05	4.26766e-05	5.96015e-05	0.0	0.0	0.0	0.0	0.0
5.78525516	1.36327e-05	7.52431e-06	6.58647e-06	9.200466000000001e-06	0.0	0.0	0.0	0.0	0.0
5.813255160000001	1.7955200000000001e-06	9.90636e-07	8.67156e-07	1.2111387e-06	0.0	0.0	0.0	0.0	0.0
5.842255160000001	2.0157499999999998e-07	1.1122580000000001e-07	9.73674e-08	1.3600414e-07	0.0	0.0	0.0	0.0	0.0
5.87025516	1.93021e-08	1.065221e-08	9.32493e-09	1.3023210000000001e-08	0.0	0.0	0.0	0.0	0.0
5.898255160000001	1.57656e-09	8.69868e-10	7.614330000000002e-10	1.0636865000000002e-09	0.0	0.0	0.0	0.0	0.0
5.9272551600000005	1.09809e-10	6.05891e-11	5.3034699999999996e-11	7.407921999999999e-11	0.0	0.0	0.0	0.0	0.0
5.95525516	6.5216e-12	3.5985700000000005e-12	3.14919e-12	4.398907e-12	0.0	0.0	0.0	0.0	0.0
5.98425516	3.3048100000000004e-13	1.8236330000000003e-13	1.5964629999999997e-13	2.2299992e-13	0.0	0.0	0.0	0.0	0.0
6.0122551600000005	1.46246e-14	8.06904e-15	7.0630799999999996e-15	9.866492e-15	0.0	0.0	0.0	0.0	0.0
6.04025516	0.0	0.0	0.0	0.0	0.0	0.0	0.0	0.0	0.0
6.069255160000001	0.0	0.0	0.0	0.0	0.0	0.0	0.0	0.0	0.0
6.0972551600000005	0.0	0.0	0.0	0.0	0.0	0.0	0.0	0.0	0.0
6.12525516	0.0	0.0	0.0	0.0	0.0	0.0	0.0	0.0	0.0
6.15425516	0.0	0.0	0.0	0.0	0.0	0.0	0.0	0.0	0.0
6.18225516	0.0	0.0	0.0	0.0	0.0	0.0	0.0	0.0	0.0
6.210255160000001	0.0	0.0	0.0	0.0	0.0	0.0	0.0	0.0	0.0
6.239255160000001	0.0	0.0	0.0	0.0	0.0	0.0	0.0	0.0	0.0
6.26725516	0.0	0.0	0.0	0.0	0.0	0.0	0.0	0.0	0.0
6.29525516	0.0	0.0	0.0	0.0	0.0	0.0	0.0	0.0	0.0
6.32425516	0.0	0.0	0.0	0.0	0.0	0.0	0.0	0.0	0.0
6.35225516	0.0	0.0	0.0	0.0	0.0	0.0	0.0	0.0	0.0
6.38125516	0.0	0.0	0.0	0.0	0.0	0.0	0.0	0.0	0.0
6.409255160000001	0.0	0.0	0.0	0.0	0.0	0.0	0.0	0.0	0.0
6.43725516	0.0	0.0	0.0	0.0	0.0	0.0	0.0	0.0	0.0
6.46625516	0.0	0.0	0.0	0.0	0.0	0.0	0.0	0.0	0.0
6.494255160000001	0.0	0.0	0.0	0.0	0.0	0.0	0.0	0.0	0.0
6.52225516	0.0	0.0	0.0	0.0	0.0	0.0	0.0	0.0	0.0
6.55125516	0.0	0.0	0.0	0.0	0.0	0.0	0.0	0.0	0.0
6.579255160000001	0.0	0.0	0.0	0.0	0.0	0.0	0.0	0.0	0.0
6.60725516	0.0	0.0	0.0	0.0	0.0	0.0	0.0	0.0	0.0
6.63625516	2.3418400000000002e-17	4.70838e-18	6.80386e-18	2.15579e-18	0.0	0.0	0.0	0.0	0.0
6.664255160000001	3.7476899999999996e-16	7.53273e-17	1.08864e-16	3.4497e-17	0.0	0.0	0.0	0.0	0.0
6.6932551600000005	9.1564e-15	1.841239e-15	2.66024e-15	8.431200000000001e-16	0.0	0.0	0.0	0.0	0.0
6.72125516	1.8219599999999998e-13	3.66279e-14	5.29414e-14	1.67751e-14	0.0	0.0	0.0	0.0	0.0
6.749255160000001	3.09116e-12	6.21339e-13	8.980580000000001e-13	2.8455399999999997e-13	0.0	0.0	0.0	0.0	0.0
6.7782551600000005	4.47093e-11	8.99031e-12	1.299272e-11	4.117300000000001e-12	0.0	0.0	0.0	0.0	0.0
6.80625516	5.5171e-10	1.1088640000000001e-10	1.6024860000000003e-10	5.0788e-11	0.0	0.0	0.0	0.0	0.0
6.8342551600000006	5.80332e-09	1.166688e-09	1.68618e-09	5.3437e-10	0.0	0.0	0.0	0.0	0.0
6.8632551600000005	5.2070499999999996e-08	1.046859e-08	1.513264e-08	4.7943e-09	0.0	0.0	0.0	0.0	0.0
6.89125516	3.9846299999999996e-07	8.011320000000001e-08	1.157767e-07	3.6688e-08	0.0	0.0	0.0	0.0	0.0
6.9192551600000005	2.6008500000000007e-06	5.22827e-07	7.55768e-07	2.39476e-07	0.0	0.0	0.0	0.0	0.0
6.94825516	1.4481699999999999e-05	2.91165e-06	4.20765e-06	1.3333000000000002e-06	0.0	0.0	0.0	0.0	0.0
6.97625516	6.877499999999999e-05	1.382688e-05	1.99786e-05	6.3325e-06	0.0	0.0	0.0	0.0	0.0
7.0042551600000005	0.000278655	5.60148e-05	8.095930000000002e-05	2.5658199999999998e-05	0.0	0.0	0.0	0.0	0.0
7.03325516	0.00096303	0.00019363760000000002	0.000279777	8.8678e-05	0.0	0.0	0.0	0.0	0.0
7.06125516	0.00284024	0.000570927	0.0008251469999999999	0.000261442	0.0	0.0	0.0	0.0	0.0
7.09025516	0.007143900000000001	0.001436254	0.00207624	0.0006577999999999999	0.0	0.0	0.0	0.0	0.0
7.11825516	0.015333	0.00308223	0.0044551	0.0014118600000000002	0.0	0.0	0.0	0.0	0.0
7.14625516	0.0280781	0.00564509	0.008158809999999999	0.0025859700000000004	0.0	0.0	0.0	0.0	0.0
7.175255160000001	0.0438796	0.008822439999999999	0.01274907	0.0040434	0.0	0.0	0.0	0.0	0.0
7.20325516	0.0585096	0.011769080000000001	0.0170066	0.0054052	0.0	0.0	0.0	0.0	0.0
7.23125516	0.06665700000000001	0.013418679999999999	0.0193651	0.006211499999999999	0.0	0.0	0.0	0.0	0.0
7.260255160000001	0.065042	0.01314465	0.018899	0.0062704	0.0	0.0	0.0	0.0	0.0
7.28825516	0.054963000000000005	0.011277780000000001	0.0159576	0.005976799999999999	0.0	0.0	0.0	0.0	0.0
7.316255160000001	0.041844099999999995	0.0090604	0.01210671	0.0064103	0.0	0.0	0.0	0.0	0.0
7.345255160000001	0.032243799999999996	0.008068	0.00924128	0.009089999999999999	0.0	0.0	0.0	0.0	0.0
7.37325516	0.0306562	0.0094877	0.0086237	0.015389199999999999	0.0	0.0	0.0	0.0	0.0
7.401255160000001	0.0376145	0.0135394	0.010392199999999999	0.025583900000000003	0.0	0.0	0.0	0.0	0.0
7.430255160000001	0.0496491	0.019198999999999997	0.0135636	0.037972	0.0	0.0	0.0	0.0	0.0
7.45825516	0.0607586	0.024409	0.0164709	0.048872	0.0	0.0	0.0	0.0	0.0
7.48725516	0.0652451	0.026996	0.017588100000000002	0.05413	0.0	0.0	0.0	0.0	0.0
7.515255160000001	0.0606958	0.025951099999999998	0.0163884	0.051677999999999995	0.0	0.0	0.0	0.0	0.0
7.54325516	0.049459	0.0223854	0.0137334	0.043064	0.0	0.0	0.0	0.0	0.0
7.57225516	0.0374054	0.019385399999999997	0.011688800000000001	0.032983	0.0	0.0	0.0	0.0	0.0
7.600255160000001	0.0312565	0.021153400000000003	0.012868399999999999	0.027158199999999997	0.0	0.0	0.0	0.0	0.0
7.62825516	0.0360945	0.0315437	0.019628000000000003	0.030064599999999997	0.0	0.0	0.0	0.0	0.0
7.65725516	0.0536205	0.0521298	0.033017	0.043277899999999994	0.0	0.0	0.0	0.0	0.0
7.6852551600000005	0.081025	0.0800987	0.051594	0.06449970000000001	0.0	0.0	0.0	0.0	0.0
7.71325516	0.1112361	0.1076208	0.071137	0.08780199999999999	0.0	0.0	0.0	0.0	0.0
7.74225516	0.135698	0.1247734	0.08626	0.106035	0.0	0.0	0.0	0.0	0.0
7.7702551600000005	0.148922	0.12492770000000002	0.093374	0.11462499999999999	0.0	0.0	0.0	0.0	0.0
7.79925516	0.15110200000000001	0.10944800000000002	0.092595	0.113844	0.0	0.0	0.0	0.0	0.0
7.82725516	0.146358	0.086306	0.086724	0.10753499999999999	0.0	0.0	0.0	0.0	0.0
7.8552551600000005	0.13863300000000003	0.065022	0.078878	0.099809	0.0	0.0	0.0	0.0	0.0
7.88425516	0.12978160000000002	0.051655	0.071211	0.092922	0.0	0.0	0.0	0.0	0.0
7.91225516	0.1203614	0.047178000000000005	0.06519499999999999	0.087644	0.0	0.0	0.0	0.0	0.0
7.94025516	0.1110496	0.049054999999999994	0.062075	0.083997	0.0	0.0	0.0	0.0	0.0
7.96925516	0.10244229999999999	0.053593	0.06198340000000001	0.08128	0.0	0.0	0.0	0.0	0.0
7.99725516	0.0944276	0.057755	0.0632834	0.077933	0.0	0.0	0.0	0.0	0.0
8.02525516	0.086336	0.06010999999999999	0.0633734	0.072244	0.0	0.0	0.0	0.0	0.0
8.05425516	0.0776669	0.06059400000000001	0.060494900000000004	0.063512	0.0	0.0	0.0	0.0	0.0
8.08225516	0.0682397	0.059424	0.0546283	0.052532999999999996	0.0	0.0	0.0	0.0	0.0
8.110255160000001	0.0578898	0.056262000000000006	0.046791799999999995	0.040849	0.0	0.0	0.0	0.0	0.0
8.139255160000001	0.04652200000000001	0.0501792	0.0380015	0.029837	0.0	0.0	0.0	0.0	0.0
8.16725516	0.03456719999999999	0.0409741	0.0289063	0.020333999999999998	0.0	0.0	0.0	0.0	0.0
8.19625516	0.0232186	0.029886399999999997	0.020147599999999998	0.0127429	0.0	0.0	0.0	0.0	0.0
8.22425516	0.01383412	0.019134699999999998	0.0125805	0.007222	0.0	0.0	0.0	0.0	0.0
8.25225516	0.007223729999999999	0.010639899999999999	0.006916299999999999	0.0036425999999999997	0.0	0.0	0.0	0.0	0.0
8.28125516	0.00327921	0.00510499	0.0033059300000000003	0.00161458	0.0	0.0	0.0	0.0	0.0
8.309255160000001	0.001287496	0.00210525	0.00136481	0.0006235199999999999	0.0	0.0	0.0	0.0	0.0
8.33725516	0.000435947	0.0007446810000000001	0.000484075	0.00020869600000000002	0.0	0.0	0.0	0.0	0.0
8.36625516	0.00012701409999999998	0.00022562	0.000147206	6.028e-05	0.0	0.0	0.0	0.0	0.0
8.39425516	3.1804500000000004e-05	5.8483e-05	3.8301800000000007e-05	1.4989199999999999e-05	0.0	0.0	0.0	0.0	0.0
8.42225516	6.836699999999999e-06	1.29656e-05	8.521570000000001e-06	3.2037999999999997e-06	0.0	0.0	0.0	0.0	0.0
8.45125516	1.260592e-06	2.45666e-06	1.6198700000000002e-06	5.8806e-07	0.0	0.0	0.0	0.0	0.0
8.479255160000001	1.992899e-07	3.97705e-07	2.62997e-07	9.259299999999999e-08	0.0	0.0	0.0	0.0	0.0
8.508255160000001	2.698356e-08	5.49978e-08	3.64534e-08	1.24963e-08	0.0	0.0	0.0	0.0	0.0
8.53625516	3.1289950000000003e-09	6.49324e-09	4.31403e-09	1.44456e-09	0.0	0.0	0.0	0.0	0.0
8.56425516	3.104869e-10	6.5451e-10	4.35663e-10	1.4296300000000002e-10	0.0	0.0	0.0	0.0	0.0
8.59325516	2.635102e-11	5.6308699999999997e-11	3.75386e-11	1.2106499999999998e-11	0.0	0.0	0.0	0.0	0.0
8.62125516	1.912417e-12	4.13428e-12	2.75973e-12	8.7674e-13	0.0	0.0	0.0	0.0	0.0
8.649255160000001	1.186121e-13	2.5899200000000003e-13	1.7314e-13	5.4285e-14	0.0	0.0	0.0	0.0	0.0
8.67825516	6.27868e-15	1.3829400000000002e-14	9.25247e-15	2.86923e-15	0.0	0.0	0.0	0.0	0.0
8.706255160000001	2.912079e-16	6.445650000000001e-16	4.3153199999999997e-16	1.3295899999999998e-16	0.0	0.0	0.0	0.0	0.0
8.73425516	8.879229999999999e-18	2.0518100000000002e-17	1.38009e-17	4.0231e-18	0.0	0.0	0.0	0.0	0.0
8.76325516	0.0	0.0	0.0	0.0	0.0	0.0	0.0	0.0	0.0
8.79125516	0.0	0.0	0.0	0.0	0.0	0.0	0.0	0.0	0.0
8.81925516	0.0	0.0	0.0	0.0	0.0	0.0	0.0	0.0	0.0
8.84825516	0.0	0.0	0.0	0.0	0.0	0.0	0.0	0.0	0.0
8.87625516	0.0	0.0	0.0	0.0	0.0	0.0	0.0	0.0	0.0
8.90525516	0.0	0.0	0.0	0.0	0.0	0.0	0.0	0.0	0.0
8.93325516	0.0	0.0	0.0	0.0	0.0	0.0	0.0	0.0	0.0
8.96125516	0.0	0.0	0.0	0.0	0.0	0.0	0.0	0.0	0.0
8.99025516	0.0	0.0	0.0	0.0	0.0	0.0	0.0	0.0	0.0
9.01825516	0.0	0.0	0.0	0.0	0.0	0.0	0.0	0.0	0.0
9.046255160000001	0.0	0.0	0.0	0.0	0.0	0.0	0.0	0.0	0.0
9.075255160000001	0.0	0.0	0.0	0.0	0.0	0.0	0.0	0.0	0.0
9.10325516	0.0	0.0	0.0	0.0	0.0	0.0	0.0	0.0	0.0
9.13125516	0.0	0.0	0.0	0.0	0.0	0.0	0.0	0.0	0.0
9.16025516	0.0	0.0	0.0	0.0	0.0	0.0	0.0	0.0	0.0
9.18825516	0.0	0.0	0.0	0.0	0.0	0.0	0.0	0.0	0.0
9.21625516	0.0	0.0	0.0	0.0	0.0	0.0	0.0	0.0	0.0
9.24525516	0.0	0.0	0.0	0.0	0.0	0.0	0.0	0.0	0.0
9.27325516	0.0	0.0	0.0	0.0	0.0	0.0	0.0	0.0	0.0
9.302255160000001	0.0	0.0	0.0	0.0	0.0	0.0	0.0	0.0	0.0
9.33025516	0.0	0.0	0.0	0.0	0.0	0.0	0.0	0.0	0.0
9.35825516	0.0	0.0	0.0	0.0	0.0	0.0	0.0	0.0	0.0
9.38725516	0.0	0.0	0.0	0.0	0.0	0.0	0.0	0.0	0.0
9.415255160000001	0.0	0.0	0.0	0.0	0.0	0.0	0.0	0.0	0.0
