-25.772	0.0	0.0	0.0	0.0	0.0	0.0	0.0	0.0	0.0
-25.744	0.0	0.0	0.0	0.0	0.0	0.0	0.0	0.0	0.0
-25.716	0.0	0.0	0.0	0.0	0.0	0.0	0.0	0.0	0.0
-25.688	0.0	0.0	0.0	0.0	0.0	0.0	0.0	0.0	0.0
-25.660	0.0	0.0	0.0	0.0	0.0	0.0	0.0	0.0	0.0
-25.632	0.0	0.0	0.0	0.0	0.0	0.0	0.0	0.0	0.0
-25.604	0.0	0.0	0.0	0.0	0.0	0.0	0.0	0.0	0.0
-25.576	0.0	0.0	0.0	0.0	0.0	0.0	0.0	0.0	0.0
-25.548	0.0	0.0	0.0	0.0	0.0	0.0	0.0	0.0	0.0
-25.520	0.0	0.0	0.0	0.0	0.0	0.0	0.0	0.0	0.0
-25.492	0.0	0.0	0.0	0.0	0.0	0.0	0.0	0.0	0.0
-25.464	0.0	0.0	0.0	0.0	0.0	0.0	0.0	0.0	0.0
-25.436	0.0	0.0	0.0	0.0	0.0	0.0	0.0	0.0	0.0
-25.407	0.0	0.0	0.0	0.0	0.0	0.0	0.0	0.0	0.0
-25.379	0.0	0.0	0.0	0.0	0.0	0.0	0.0	0.0	0.0
-25.351	0.0	0.0	0.0	0.0	0.0	0.0	0.0	0.0	0.0
-25.323	0.0	0.0	0.0	0.0	0.0	0.0	0.0	0.0	0.0
-25.295	0.0	0.0	0.0	0.0	0.0	0.0	0.0	0.0	0.0
-25.267	0.0	0.0	0.0	0.0	0.0	0.0	0.0	0.0	0.0
-25.239	0.0	0.0	0.0	0.0	0.0	0.0	0.0	0.0	0.0
-25.211	0.0	0.0	0.0	0.0	0.0	0.0	0.0	0.0	0.0
-25.183	0.0	0.0	0.0	0.0	0.0	0.0	0.0	0.0	0.0
-25.155	0.0	0.0	0.0	0.0	0.0	0.0	0.0	0.0	0.0
-25.127	0.0	0.0	0.0	0.0	0.0	0.0	0.0	0.0	0.0
-25.099	0.0	0.0	0.0	0.0	0.0	0.0	0.0	0.0	0.0
-25.071	1.3356648999999998e-14	9.460180900000003e-16	7.79781439e-17	8.924067087999998e-16	0.0	0.0	0.0	0.0	0.0
-25.043	3.1786036e-13	2.2515268299999998e-14	1.8557119479999997e-15	2.1236317600000003e-14	0.0	0.0	0.0	0.0	0.0
-25.015	6.504817499999999e-12	4.607410679999999e-13	3.7983192600000005e-14	4.346495370999999e-13	0.0	0.0	0.0	0.0	0.0
-24.987	1.1389334e-10	8.0671239e-12	6.65006947e-13	7.608598943e-12	0.0	0.0	0.0	0.0	0.0
-24.959	1.7063198999999997e-09	1.2084262999999997e-10	9.96338466e-12	1.1399378999999999e-10	0.0	0.0	0.0	0.0	0.0
-24.931	2.1871943999999998e-08	1.54925068e-09	1.2771651690000001e-10	1.4614279e-09	0.0	0.0	0.0	0.0	0.0
-24.903	2.4002519999999996e-07	1.6996887300000002e-08	1.4013331000000001e-09	1.603440182e-08	0.0	0.0	0.0	0.0	0.0
-24.875	2.2538197e-06	1.5958408099999998e-07	1.315544033e-08	1.5055160089999997e-07	0.0	0.0	0.0	0.0	0.0
-24.847	1.8106751000000004e-05	1.2822509600000002e-06	1.0571087269999999e-07	1.2097388230000004e-06	0.0	0.0	0.0	0.0	0.0
-24.819	0.00012452701	8.819121300000002e-06	7.27034213e-07	8.319145997e-06	0.0	0.0	0.0	0.0	0.0
-24.790	0.00073306938	5.191101830000001e-05	4.27898032e-06	4.897215959e-05	0.0	0.0	0.0	0.0	0.0
-24.762	0.0036925365	0.0002615060490000001	2.156340933e-05	0.00024668949979999997	0.0	0.0	0.0	0.0	0.0
-24.734	0.015927778	0.0011280602599999998	9.29956582e-05	0.0010640623772	0.0	0.0	0.0	0.0	0.0
-24.706	0.05880978800000001	0.00416459736	0.00034333856999999994	0.003928332168000001	0.0	0.0	0.0	0.0	0.0
-24.678	0.18583915999999995	0.0131631907	0.0010851697460000002	0.012415973379999999	0.0	0.0	0.0	0.0	0.0
-24.650	0.50282748	0.035617494500000006	0.00293564807	0.03360062315	0.0	0.0	0.0	0.0	0.0
-24.622	1.1647334	0.08249368900000001	0.006800926120000001	0.07782469368	0.0	0.0	0.0	0.0	0.0
-24.594	2.3098868999999995	0.16358981600000005	0.013486466750000002	0.15432745050000002	0.0	0.0	0.0	0.0	0.0
-24.566	3.921318399999999	0.277773819	0.02289338005	0.26197040489999995	0.0	0.0	0.0	0.0	0.0
-24.538	5.7000058	0.40378463300000006	0.0332801225	0.38089231349999997	0.0	0.0	0.0	0.0	0.0
-24.510	7.094886999999999	0.502562207	0.04142621740000001	0.47401489939999997	0.0	0.0	0.0	0.0	0.0
-24.482	7.5591194	0.535509705	0.044145459	0.5051859315	0.0	0.0	0.0	0.0	0.0
-24.454	6.8980103	0.48853084699999993	0.040276742399999996	0.46084219179999997	0.0	0.0	0.0	0.0	0.0
-24.426	5.3879258000000005	0.38161756199999997	0.0314537647	0.35998704809999993	0.0	0.0	0.0	0.0	0.0
-24.398	3.6034045999999997	0.255169072	0.021041656090000003	0.24078305820000004	0.0	0.0	0.0	0.0	0.0
-24.370	2.0633973	0.14612072799999998	0.012045527579999998	0.1378391391	0.0	0.0	0.0	0.0	0.0
-24.342	1.0114086	0.0716424486	0.00590491329	0.06757318568	0.0	0.0	0.0	0.0	0.0
-24.314	0.42447337	0.030064079	0.0024785679100000004	0.02836039426	0.0	0.0	0.0	0.0	0.0
-24.286	0.15251895000000001	0.010800963100000002	0.000890500913	0.010189836851	0.0	0.0	0.0	0.0	0.0
-24.258	0.046912379	0.00332219831	0.000273868103	0.0031342177030000006	0.0	0.0	0.0	0.0	0.0
-24.230	0.012353042999999998	0.0008748834500000001	7.21219188e-05	0.0008252324567000002	0.0	0.0	0.0	0.0	0.0
-24.201	0.002783943	0.00019720276300000001	1.625634361e-05	0.0001860100908	0.0	0.0	0.0	0.0	0.0
-24.173	0.00053724527	3.804848469999999e-05	3.1363294299999998e-06	3.588787942e-05	0.0	0.0	0.0	0.0	0.0
-24.145	8.8723227e-05	6.28312519e-06	5.179162179999999e-07	5.926763574999999e-06	0.0	0.0	0.0	0.0	0.0
-24.117	1.253963e-05	8.882108600000001e-07	7.321835349999999e-08	8.378428910999999e-07	0.0	0.0	0.0	0.0	0.0
-24.089	1.5170977e-06	1.0744316e-07	8.85845293e-09	1.0135141252000003e-07	0.0	0.0	0.0	0.0	0.0
-24.061	1.5707902e-07	1.1124646799999999e-08	9.17175827e-10	1.0493420038e-08	0.0	0.0	0.0	0.0	0.0
-24.033	1.3917667e-08	9.8575002e-10	8.12626979e-11	9.298246829e-10	0.0	0.0	0.0	0.0	0.0
-24.005	1.0552581000000002e-09	7.474812e-11	6.16135538e-12	7.050011925e-11	0.0	0.0	0.0	0.0	0.0
-23.977	6.8472771e-11	4.8495814799999995e-12	3.9975981199999996e-13	4.574797798e-12	0.0	0.0	0.0	0.0	0.0
-23.949	3.7984307e-12	2.69085501e-13	2.217538097e-14	2.5381311519999995e-13	0.0	0.0	0.0	0.0	0.0
-23.921	1.7631201e-13	1.2486954700000001e-14	1.029492908e-15	1.1779257180000003e-14	0.0	0.0	0.0	0.0	0.0
-23.893	1.0685731999999998e-14	7.567861700000002e-16	6.23882772e-17	7.139056844999998e-16	0.0	0.0	0.0	0.0	0.0
-23.865	0.0	0.0	0.0	0.0	0.0	0.0	0.0	0.0	0.0
-23.837	0.0	0.0	0.0	0.0	0.0	0.0	0.0	0.0	0.0
-23.809	0.0	0.0	0.0	0.0	0.0	0.0	0.0	0.0	0.0
-23.781	0.0	0.0	0.0	0.0	0.0	0.0	0.0	0.0	0.0
-23.753	0.0	0.0	0.0	0.0	0.0	0.0	0.0	0.0	0.0
-23.725	0.0	0.0	0.0	0.0	0.0	0.0	0.0	0.0	0.0
-23.697	0.0	0.0	0.0	0.0	0.0	0.0	0.0	0.0	0.0
-23.669	0.0	0.0	0.0	0.0	0.0	0.0	0.0	0.0	0.0
-23.641	0.0	0.0	0.0	0.0	0.0	0.0	0.0	0.0	0.0
-23.613	0.0	0.0	0.0	0.0	0.0	0.0	0.0	0.0	0.0
-23.584	0.0	0.0	0.0	0.0	0.0	0.0	0.0	0.0	0.0
-23.556	0.0	0.0	0.0	0.0	0.0	0.0	0.0	0.0	0.0
-23.528	0.0	0.0	0.0	0.0	0.0	0.0	0.0	0.0	0.0
-23.500	0.0	0.0	0.0	0.0	0.0	0.0	0.0	0.0	0.0
-23.472	0.0	0.0	0.0	0.0	0.0	0.0	0.0	0.0	0.0
-23.444	0.0	0.0	0.0	0.0	0.0	0.0	0.0	0.0	0.0
-23.416	0.0	0.0	0.0	0.0	0.0	0.0	0.0	0.0	0.0
-23.388	0.0	0.0	0.0	0.0	0.0	0.0	0.0	0.0	0.0
-23.360	0.0	0.0	0.0	0.0	0.0	0.0	0.0	0.0	0.0
-23.332	0.0	0.0	0.0	0.0	0.0	0.0	0.0	0.0	0.0
-23.304	0.0	0.0	0.0	0.0	0.0	0.0	0.0	0.0	0.0
-23.276	0.0	0.0	0.0	0.0	0.0	0.0	0.0	0.0	0.0
-23.248	0.0	0.0	0.0	0.0	0.0	0.0	0.0	0.0	0.0
-23.220	0.0	0.0	0.0	0.0	0.0	0.0	0.0	0.0	0.0
-23.192	0.0	0.0	0.0	0.0	0.0	0.0	0.0	0.0	0.0
-23.164	0.0	0.0	0.0	0.0	0.0	0.0	0.0	0.0	0.0
-23.136	0.0	0.0	0.0	0.0	0.0	0.0	0.0	0.0	0.0
-23.108	0.0	0.0	0.0	0.0	0.0	0.0	0.0	0.0	0.0
-23.080	0.0	0.0	0.0	0.0	0.0	0.0	0.0	0.0	0.0
-23.052	0.0	0.0	0.0	0.0	0.0	0.0	0.0	0.0	0.0
-23.024	0.0	0.0	0.0	0.0	0.0	0.0	0.0	0.0	0.0
-22.995	0.0	0.0	0.0	0.0	0.0	0.0	0.0	0.0	0.0
-22.967	0.0	0.0	0.0	0.0	0.0	0.0	0.0	0.0	0.0
-22.939	0.0	0.0	0.0	0.0	0.0	0.0	0.0	0.0	0.0
-22.911	0.0	0.0	0.0	0.0	0.0	0.0	0.0	0.0	0.0
-22.883	0.0	0.0	0.0	0.0	0.0	0.0	0.0	0.0	0.0
-22.855	0.0	0.0	0.0	0.0	0.0	0.0	0.0	0.0	0.0
-22.827	0.0	0.0	0.0	0.0	0.0	0.0	0.0	0.0	0.0
-22.799	0.0	0.0	0.0	0.0	0.0	0.0	0.0	0.0	0.0
-22.771	0.0	0.0	0.0	0.0	0.0	0.0	0.0	0.0	0.0
-22.743	0.0	0.0	0.0	0.0	0.0	0.0	0.0	0.0	0.0
-22.715	0.0	0.0	0.0	0.0	0.0	0.0	0.0	0.0	0.0
-22.687	0.0	0.0	0.0	0.0	0.0	0.0	0.0	0.0	0.0
-22.659	0.0	0.0	0.0	0.0	0.0	0.0	0.0	0.0	0.0
-22.631	0.0	0.0	0.0	0.0	0.0	0.0	0.0	0.0	0.0
-22.603	0.0	0.0	0.0	0.0	0.0	0.0	0.0	0.0	0.0
-22.575	0.0	0.0	0.0	0.0	0.0	0.0	0.0	0.0	0.0
-22.547	0.0	0.0	0.0	0.0	0.0	0.0	0.0	0.0	0.0
-22.519	0.0	0.0	0.0	0.0	0.0	0.0	0.0	0.0	0.0
-22.491	0.0	0.0	0.0	0.0	0.0	0.0	0.0	0.0	0.0
-22.463	0.0	0.0	0.0	0.0	0.0	0.0	0.0	0.0	0.0
-22.435	0.0	0.0	0.0	0.0	0.0	0.0	0.0	0.0	0.0
-22.407	0.0	0.0	0.0	0.0	0.0	0.0	0.0	0.0	0.0
-22.378	0.0	0.0	0.0	0.0	0.0	0.0	0.0	0.0	0.0
-22.350	0.0	0.0	0.0	0.0	0.0	0.0	0.0	0.0	0.0
-22.322	0.0	0.0	0.0	0.0	0.0	0.0	0.0	0.0	0.0
-22.294	0.0	0.0	0.0	0.0	0.0	0.0	0.0	0.0	0.0
-22.266	0.0	0.0	0.0	0.0	0.0	0.0	0.0	0.0	0.0
-22.238	0.0	0.0	0.0	0.0	0.0	0.0	0.0	0.0	0.0
-22.210	0.0	0.0	0.0	0.0	0.0	0.0	0.0	0.0	0.0
-22.182	0.0	0.0	0.0	0.0	0.0	0.0	0.0	0.0	0.0
-22.154	0.0	0.0	0.0	0.0	0.0	0.0	0.0	0.0	0.0
-22.126	0.0	0.0	0.0	0.0	0.0	0.0	0.0	0.0	0.0
-22.098	0.0	0.0	0.0	0.0	0.0	0.0	0.0	0.0	0.0
-22.070	0.0	0.0	0.0	0.0	0.0	0.0	0.0	0.0	0.0
-22.042	0.0	0.0	0.0	0.0	0.0	0.0	0.0	0.0	0.0
-22.014	0.0	0.0	0.0	0.0	0.0	0.0	0.0	0.0	0.0
-21.986	0.0	0.0	0.0	0.0	0.0	0.0	0.0	0.0	0.0
-21.958	0.0	0.0	0.0	0.0	0.0	0.0	0.0	0.0	0.0
-21.930	0.0	0.0	0.0	0.0	0.0	0.0	0.0	0.0	0.0
-21.902	1.7714030499999998e-14	9.4279752e-16	1.2070038139e-16	1.002150723e-15	0.0	0.0	0.0	0.0	0.0
-21.874	3.8720501999999994e-13	2.0606439530000002e-14	2.6382534488999997e-15	2.19035095e-14	0.0	0.0	0.0	0.0	0.0
-21.846	7.8417497e-12	4.17412923e-13	5.3440140040999995e-14	4.43645772e-13	0.0	0.0	0.0	0.0	0.0
-21.818	1.35570504e-10	7.215549990000001e-12	9.237768871399999e-13	7.669013550000002e-12	0.0	0.0	0.0	0.0	0.0
-21.790	2.00499111e-09	1.0671718129999999e-10	1.3664023289e-11	1.1344232230000001e-10	0.0	0.0	0.0	0.0	0.0
-21.761	2.53782556e-08	1.3507238810000001e-09	1.7292814631000002e-10	1.4357282550000002e-09	0.0	0.0	0.0	0.0	0.0
-21.733	2.7489643e-07	1.463083046e-08	1.8729982767e-09	1.555093751e-08	0.0	0.0	0.0	0.0	0.0
-21.705	2.54810624e-06	1.3561576939999998e-07	1.7362514637999998e-08	1.441453349e-07	0.0	0.0	0.0	0.0	0.0
-21.677	2.0214757199999997e-05	1.075891134e-06	1.3773660299e-07	1.143617681e-06	0.0	0.0	0.0	0.0	0.0
-21.649	0.000137264427	7.3052652e-06	9.352289882299999e-07	7.76499126e-06	0.0	0.0	0.0	0.0	0.0
-21.621	0.00079760546	4.2450740979999996e-05	5.4353049128e-06	4.5119641900000004e-05	0.0	0.0	0.0	0.0	0.0
-21.593	0.003967696600000001	0.0002111964974	2.7036843551e-05	0.00022448423559999999	0.0	0.0	0.0	0.0	0.0
-21.565	0.016896227200000002	0.0008991783180000001	0.00011512524086	0.0009559150509999999	0.0	0.0	0.0	0.0	0.0
-21.537	0.061582576	0.0032779099199999997	0.00041967588959	0.00348380684	0.0	0.0	0.0	0.0	0.0
-21.509	0.192179363	0.01022809209	0.0013096367235	0.010871817370000002	0.0	0.0	0.0	0.0	0.0
-21.481	0.51339241	0.027319025349999998	0.0034982629300000004	0.0290466286	0.0	0.0	0.0	0.0	0.0
-21.453	1.17403341	0.062485347200000006	0.007999866754699998	0.06642346619999999	0.0	0.0	0.0	0.0	0.0
-21.425	2.2987562	0.1223548181	0.015664317478	0.1300474603	0.0	0.0	0.0	0.0	0.0
-21.397	3.853827	0.20509150299999998	0.026257595476999997	0.21800346769999998	0.0	0.0	0.0	0.0	0.0
-21.369	5.5299206	0.29429569320000004	0.037689079555	0.312848561	0.0	0.0	0.0	0.0	0.0
-21.341	6.7960389999999995	0.3617661018	0.046304578368999996	0.38442016400000006	0.0	0.0	0.0	0.0	0.0
-21.313	7.1502542999999985	0.3806182862	0.04872245359599999	0.40448615800000004	0.0	0.0	0.0	0.0	0.0
-21.285	6.4399415	0.34272649729999993	0.04388037013999999	0.36428695899999997	0.0	0.0	0.0	0.0	0.0
-21.257	4.9671126	0.26432954259999997	0.033847046193	0.28101280800000006	0.0	0.0	0.0	0.0	0.0
-21.229	3.2798515999999998	0.17455157109999997	0.022347632107999997	0.1855271058	0.0	0.0	0.0	0.0	0.0
-21.201	1.85383791	0.09867858239999999	0.012633997192	0.1048895798	0.0	0.0	0.0	0.0	0.0
-21.172	0.8973100599999998	0.04775867549999999	0.0061148849768	0.05076027	0.0	0.0	0.0	0.0	0.0
-21.144	0.37184449999999997	0.019789474610000003	0.002533730539	0.02103594599	0.0	0.0	0.0	0.0	0.0
-21.116	0.13190316900000001	0.007019810529999998	0.0008988490847900002	0.0074622376	0.0	0.0	0.0	0.0	0.0
-21.088	0.04005745	0.0021320593209999995	0.00027296332575	0.0022661375149999998	0.0	0.0	0.0	0.0	0.0
-21.060	0.010415334000000002	0.0005543133550000001	7.096442669399999e-05	0.0005891035599999999	0.0	0.0	0.0	0.0	0.0
-21.032	0.00231733979	0.00012334193049999998	1.5791486490000003e-05	0.0001311006177	0.0	0.0	0.0	0.0	0.0
-21.004	0.00044140426	2.349664833e-05	3.0081285838000003e-06	2.49759707e-05	0.0	0.0	0.0	0.0	0.0
-20.976	7.1988345e-05	3.831445521999999e-06	4.904782362699999e-07	4.0717615399999995e-06	0.0	0.0	0.0	0.0	0.0
-20.948	1.00453433e-05	5.34695419e-07	6.8449926457e-08	5.68277822e-07	0.0	0.0	0.0	0.0	0.0
-20.920	1.19981707e-06	6.38624604e-08	8.175734771299999e-09	6.787450449999999e-08	0.0	0.0	0.0	0.0	0.0
-20.892	1.2264572499999998e-07	6.52781737e-09	8.357558788399999e-10	6.9381165600000004e-09	0.0	0.0	0.0	0.0	0.0
-20.864	1.07284016e-08	5.71011045e-10	7.3105276897e-11	6.069642370000001e-10	0.0	0.0	0.0	0.0	0.0
-20.836	8.030806699999999e-10	4.27501827e-11	5.472973516300001e-12	4.54293361e-11	0.0	0.0	0.0	0.0	0.0
-20.808	5.144501900000001e-11	2.7391035490000004e-12	3.5053620307000003e-13	2.9102891599999997e-12	0.0	0.0	0.0	0.0	0.0
-20.780	2.8237863e-12	1.5055098999999999e-13	1.9238486900000003e-14	1.5970094900000002e-13	0.0	0.0	0.0	0.0	0.0
-20.752	2.4536100000000005e-13	1.871639e-14	1.559317e-15	1.24595807e-14	0.0	0.0	0.0	0.0	0.0
-20.724	2.44157115e-12	2.5102451e-13	1.4222364e-14	1.0768794099999999e-13	0.0	0.0	0.0	0.0	0.0
-20.696	4.474891128e-11	4.6060336832e-12	2.605862405e-13	1.97283554e-12	0.0	0.0	0.0	0.0	0.0
-20.668	7.030928335e-10	7.236814060699999e-11	4.093889292e-12	3.0995008699999994e-11	0.0	0.0	0.0	0.0	0.0
-20.640	9.453245868e-09	9.7304257976e-10	5.504651458999999e-11	4.16759522e-10	0.0	0.0	0.0	0.0	0.0
-20.612	1.0875857410000001e-07	1.1194202686299999e-08	6.332611732e-10	4.7945538399999995e-09	0.0	0.0	0.0	0.0	0.0
-20.584	1.070781987e-06	1.1022601875600001e-07	6.235660581999999e-09	4.72035181e-08	0.0	0.0	0.0	0.0	0.0
-20.555	9.023148978e-06	9.287583710900001e-07	5.254188074e-08	3.9781222799999997e-07	0.0	0.0	0.0	0.0	0.0
-20.527	6.507130291e-05	6.6981015298e-06	3.788674923e-07	2.8687588600000002e-06	0.0	0.0	0.0	0.0	0.0
-20.499	0.0004016607498999999	4.1339424604999996e-05	2.338838294e-06	1.7706816199999998e-05	0.0	0.0	0.0	0.0	0.0
-20.471	0.0021221795739999995	0.00021847532816500001	1.2358281990000001e-05	9.3550611e-05	0.0	0.0	0.0	0.0	0.0
-20.443	0.009597468513	0.0009878966497600002	5.588540587999999e-05	0.000423125564	0.0	0.0	0.0	0.0	0.0
-20.415	0.03715359428	0.0038247020002	0.0002163400725	0.00163808006	0.0	0.0	0.0	0.0	0.0
-20.387	0.12312581890000002	0.0126746696516	0.000717051502	0.0054287342	0.0	0.0	0.0	0.0	0.0
-20.359	0.34932892649999997	0.035955739206	0.0020340883260000003	0.015399707400000002	0.0	0.0	0.0	0.0	0.0
-20.331	0.8485087019	0.087331211075	0.004940218993	0.0374045446	0.0	0.0	0.0	0.0	0.0
-20.303	1.764178613	0.18156705474	0.010274076789999998	0.077776146	0.0	0.0	0.0	0.0	0.0
-20.275	3.1409797029999997	0.32329342134999994	0.01829081911	0.13846374699999997	0.0	0.0	0.0	0.0	0.0
-20.247	4.78769168	0.49281471939	0.02787629684	0.211048658	0.0	0.0	0.0	0.0	0.0
-20.219	6.246971551	0.6430220265899999	0.036374252909999995	0.27540927800000004	0.0	0.0	0.0	0.0	0.0
-20.191	6.980287544000001	0.7184483814999999	0.040652307459999995	0.30771600600000004	0.0	0.0	0.0	0.0	0.0
-20.163	6.677479041	0.6873582352600001	0.03888778675	0.294374514	0.0	0.0	0.0	0.0	0.0
-20.135	5.468615662	0.56288014962	0.03185019494	0.24108420599999997	0.0	0.0	0.0	0.0	0.0
-20.107	3.834966477	0.39478305773	0.022331765319999995	0.169056466	0.0	0.0	0.0	0.0	0.0
-20.079	2.302470164	0.23703391548300004	0.0134068736	0.10150097400000001	0.0	0.0	0.0	0.0	0.0
-20.051	1.1834974500000002	0.12182387335200001	0.00689111459	0.052174779000000004	0.0	0.0	0.0	0.0	0.0
-20.023	0.5208176711	0.053605562323	0.003032751561	0.0229593285	0.0	0.0	0.0	0.0	0.0
-19.995	0.1962073385	0.0201956550618	0.0011425541559999999	0.0086496718	0.0	0.0	0.0	0.0	0.0
-19.966	0.06328649921999999	0.0065143406587	0.00036856231630000004	0.00278985769	0.0	0.0	0.0	0.0	0.0
-19.938	0.01747434848	0.0017985214658200002	0.00010175713640000001	0.0007702915899999999	0.0	0.0	0.0	0.0	0.0
-19.910	0.004130033162000001	0.00042515450124	2.404916196e-05	0.00018206458200000002	0.0	0.0	0.0	0.0	0.0
-19.882	0.0008355907511	8.601300481099999e-05	4.865374777e-06	3.683522879999999e-05	0.0	0.0	0.0	0.0	0.0
-19.854	0.00014469969809999999	1.48942501054e-05	8.42596095e-07	6.379612600000001e-06	0.0	0.0	0.0	0.0	0.0
-19.826	2.144964622e-05	2.20821439143e-06	1.249020319e-07	9.4557638e-07	0.0	0.0	0.0	0.0	0.0
-19.798	2.721134873e-06	2.80079618616e-07	1.584612735e-08	1.19955143e-07	0.0	0.0	0.0	0.0	0.0
-19.770	2.9543275060000004e-07	3.0405223161e-08	1.7203767440000004e-09	1.30252133e-08	0.0	0.0	0.0	0.0	0.0
-19.742	2.7451902469999996e-08	2.8259402979900003e-09	1.5985895569999997e-10	1.2102750400000001e-09	0.0	0.0	0.0	0.0	0.0
-19.714	2.1827532140000004e-09	2.2471255757299997e-10	1.2710725530000002e-11	9.6235415e-11	0.0	0.0	0.0	0.0	0.0
-19.686	1.485245626e-10	1.5289161958499997e-11	8.649300290000001e-13	6.547700300000001e-12	0.0	0.0	0.0	0.0	0.0
-19.658	8.648134153e-12	8.9020618941e-13	5.035464838999999e-14	3.8124476499999994e-13	0.0	0.0	0.0	0.0	0.0
-19.630	4.304322466e-13	4.4304618494e-14	2.5064193519999998e-15	1.89741803e-14	0.0	0.0	0.0	0.0	0.0
-19.602	1.97889714e-14	2.0366175867499996e-15	1.152339271e-16	8.724680299999999e-16	0.0	0.0	0.0	0.0	0.0
-19.574	0.0	0.0	0.0	0.0	0.0	0.0	0.0	0.0	0.0
-19.546	0.0	0.0	0.0	0.0	0.0	0.0	0.0	0.0	0.0
-19.518	0.0	0.0	0.0	0.0	0.0	0.0	0.0	0.0	0.0
-19.490	0.0	0.0	0.0	0.0	0.0	0.0	0.0	0.0	0.0
-19.462	0.0	0.0	0.0	0.0	0.0	0.0	0.0	0.0	0.0
-19.434	0.0	0.0	0.0	0.0	0.0	0.0	0.0	0.0	0.0
-19.406	0.0	0.0	0.0	0.0	0.0	0.0	0.0	0.0	0.0
-19.378	0.0	0.0	0.0	0.0	0.0	0.0	0.0	0.0	0.0
-19.349	0.0	0.0	0.0	0.0	0.0	0.0	0.0	0.0	0.0
-19.321	0.0	0.0	0.0	0.0	0.0	0.0	0.0	0.0	0.0
-19.293	0.0	0.0	0.0	0.0	0.0	0.0	0.0	0.0	0.0
-19.265	0.0	0.0	0.0	0.0	0.0	0.0	0.0	0.0	0.0
-19.237	0.0	0.0	0.0	0.0	0.0	0.0	0.0	0.0	0.0
-19.209	0.0	0.0	0.0	0.0	0.0	0.0	0.0	0.0	0.0
-19.181	0.0	0.0	0.0	0.0	0.0	0.0	0.0	0.0	0.0
-19.153	0.0	0.0	0.0	0.0	0.0	0.0	0.0	0.0	0.0
-19.125	0.0	0.0	0.0	0.0	0.0	0.0	0.0	0.0	0.0
-19.097	0.0	0.0	0.0	0.0	0.0	0.0	0.0	0.0	0.0
-19.069	0.0	0.0	0.0	0.0	0.0	0.0	0.0	0.0	0.0
-19.041	2.3741289999999996e-15	1.74556785e-16	4.755858489999999e-17	3.1333755999999998e-16	0.0	0.0	0.0	0.0	0.0
-19.013	8.547674000000001e-14	6.2838856000000004e-15	1.712266251e-15	1.12811152e-14	0.0	0.0	0.0	0.0	0.0
-18.985	1.854292e-12	1.3631931399999998e-13	3.71495935e-14	2.4476795e-13	0.0	0.0	0.0	0.0	0.0
-18.957	3.4441630000000003e-11	2.5322266e-12	6.90036129e-13	4.544842e-12	0.0	0.0	0.0	0.0	0.0
-18.929	5.477597e-10	4.02750262e-11	1.097368049e-11	7.2296196e-11	0.0	0.0	0.0	0.0	0.0
-18.901	7.45373e-09	5.4805197e-10	1.4935135039999998e-10	9.837808499999997e-10	0.0	0.0	0.0	0.0	0.0
-18.873	8.680171000000002e-08	6.382206600000001e-09	1.7389959030000003e-09	1.1456682099999998e-08	0.0	0.0	0.0	0.0	0.0
-18.845	8.651676e-07	6.360295899999999e-08	1.733168669e-08	1.1417937700000001e-07	0.0	0.0	0.0	0.0	0.0
-18.817	7.378603e-06	5.424788899999999e-07	1.4781833179999998e-07	9.738201299999999e-07	0.0	0.0	0.0	0.0	0.0
-18.789	5.3859409999999995e-05	3.959824399999999e-06	1.0790561440000001e-06	7.109224399999999e-06	0.0	0.0	0.0	0.0	0.0
-18.760	0.0003364741999999999	2.4734339999999994e-05	6.7415783900000006e-06	4.4414303e-05	0.0	0.0	0.0	0.0	0.0
-18.732	0.0017995937	0.00013229507699999998	3.60541393e-05	0.00023750661999999997	0.0	0.0	0.0	0.0	0.0
-18.704	0.008237320000000001	0.00060559668	0.0001650145997	0.00108718901	0.0	0.0	0.0	0.0	0.0
-18.676	0.032272539999999995	0.0023731767700000002	0.0006466072820000001	0.0042599096	0.0	0.0	0.0	0.0	0.0
-18.648	0.10826749	0.0079591688	0.00216904365	0.014289955399999997	0.0	0.0	0.0	0.0	0.0
-18.620	0.310863	0.022855069699999998	0.006228598469999999	0.041031732	0.0	0.0	0.0	0.0	0.0
-18.592	0.7643753999999999	0.056195886	0.015311666189999998	0.10087013800000003	0.0	0.0	0.0	0.0	0.0
-18.564	1.6086607000000002	0.11826132899999998	0.03222565350000001	0.21227766999999997	0.0	0.0	0.0	0.0	0.0
-18.536	2.8983689999999998	0.213123734	0.0580682307	0.38258248999999994	0.0	0.0	0.0	0.0	0.0
-18.508	4.471186	0.32870194999999996	0.08958401010000001	0.59015781	0.0	0.0	0.0	0.0	0.0
-18.480	5.905730000000001	0.434224	0.11832593380000002	0.7795064399999998	0.0	0.0	0.0	0.0	0.0
-18.452	6.6793949999999995	0.49106612999999993	0.133800342	0.88150914	0.0	0.0	0.0	0.0	0.0
-18.424	6.467619	0.4754756200000001	0.12954793779999998	0.8535465500000001	0.0	0.0	0.0	0.0	0.0
-18.396	5.361229000000001	0.394126115	0.10740191160000001	0.7075561800000001	0.0	0.0	0.0	0.0	0.0
-18.368	3.8044469999999997	0.27976023899999997	0.0762275641	0.50224217	0.0	0.0	0.0	0.0	0.0
-18.340	2.312206	0.170002756	0.046324070800000006	0.30519936000000003	0.0	0.0	0.0	0.0	0.0
-18.312	1.2029518	0.088435249	0.0240999803	0.15877388100000003	0.0	0.0	0.0	0.0	0.0
-18.284	0.5358909	0.039401345	0.01073451026	0.07071680200000001	0.0	0.0	0.0	0.0	0.0
-18.256	0.20456880000000002	0.0150648933	0.00409660996	0.026974418	0.0	0.0	0.0	0.0	0.0
-18.228	0.06808510000000001	0.005144190999999999	0.00135219769	0.0088388757	0.0	0.0	0.0	0.0	0.0
-18.200	0.025170030000000003	0.0025002456999999997	0.00044797372999999996	0.0026271122	0.0	0.0	0.0	0.0	0.0
-18.172	0.03070033	0.004868589899999999	0.00038883377000000006	0.001258686	0.0	0.0	0.0	0.0	0.0
-18.143	0.09117807	0.015687258000000003	0.001048480092	0.0024258880999999998	0.0	0.0	0.0	0.0	0.0
-18.115	0.2660052	0.046007312	0.0030373791640000004	0.006811623	0.0	0.0	0.0	0.0	0.0
-18.087	0.6703306	0.115981112	0.007649401889999998	0.017122279	0.0	0.0	0.0	0.0	0.0
-18.059	1.446699	0.25038828	0.016510262519999996	0.03694963	0.0	0.0	0.0	0.0	0.0
-18.031	2.673484	0.4625315599999999	0.030510920470000005	0.06827163000000001	0.0	0.0	0.0	0.0	0.0
-18.003	4.2302040000000005	0.7318842299999999	0.04826742548999999	0.10802968	0.0	0.0	0.0	0.0	0.0
-17.975	5.729414	0.99141663	0.06539264449999999	0.14635042	0.0	0.0	0.0	0.0	0.0
-17.947	6.646113999999999	1.14988344	0.07584226670000001	0.16972646	0.0	0.0	0.0	0.0	0.0
-17.919	6.598875	1.14180989	0.0753084046	0.16853440999999997	0.0	0.0	0.0	0.0	0.0
-17.891	5.610997	0.9707872200000001	0.06401922891999998	0.1432946	0.0	0.0	0.0	0.0	0.0
-17.863	4.084129	0.7065334	0.04659902845999998	0.10429163	0.0	0.0	0.0	0.0	0.0
-17.835	2.545038	0.44032684000000005	0.029046479479999998	0.06499866000000001	0.0	0.0	0.0	0.0	0.0
-17.807	1.358001	0.23495323	0.015496841680000002	0.034679846	0.0	0.0	0.0	0.0	0.0
-17.779	0.6204046	0.107340422	0.0070792756299999995	0.015842594	0.0	0.0	0.0	0.0	0.0
-17.751	0.2425892	0.041970574000000004	0.002768517397999999	0.0061956139999999995	0.0	0.0	0.0	0.0	0.0
-17.723	0.0812302	0.0140553587	0.0009269520490000001	0.0020742963	0.0	0.0	0.0	0.0	0.0
-17.695	0.023278979999999998	0.004028178800000001	0.0002657053946	0.0005945417	0.0	0.0	0.0	0.0	0.0
-17.667	0.005712345	0.0009883574199999999	6.51850836e-05	0.00014587282999999998	0.0	0.0	0.0	0.0	0.0
-17.639	0.0011995460000000001	0.00020756466	1.3688891380000003e-05	3.0637944999999997e-05	0.0	0.0	0.0	0.0	0.0
-17.611	0.0002156616	3.7321235999999996e-05	2.4613654549999996e-06	5.507595e-06	0.0	0.0	0.0	0.0	0.0
-17.583	3.318618e-05	5.7424847000000005e-06	3.7870913170000005e-07	8.475010999999999e-07	0.0	0.0	0.0	0.0	0.0
-17.554	4.370423e-06	7.562622900000002e-07	4.9872901709999994e-08	1.1161594e-07	0.0	0.0	0.0	0.0	0.0
-17.526	4.925562e-07	8.523601500000001e-08	5.62179974e-09	1.2580858999999998e-08	0.0	0.0	0.0	0.0	0.0
-17.498	4.751837e-08	8.221510899999999e-09	5.422460932000001e-10	1.2136247999999999e-09	0.0	0.0	0.0	0.0	0.0
-17.470	3.922678e-09	6.787370000000001e-10	4.47613811e-11	1.0017454000000001e-10	0.0	0.0	0.0	0.0	0.0
-17.442	2.7706169999999994e-10	4.7948981e-11	3.1623149900000005e-12	7.07677e-12	0.0	0.0	0.0	0.0	0.0
-17.414	1.67494e-11	2.8985587e-12	1.911301231e-13	4.277554e-13	0.0	0.0	0.0	0.0	0.0
-17.386	8.680541000000001e-13	1.5019935e-13	9.906260069999999e-15	2.2168261000000002e-14	0.0	0.0	0.0	0.0	0.0
-17.358	3.815474e-14	6.6017214e-15	4.354151612000001e-16	9.743771000000002e-16	0.0	0.0	0.0	0.0	0.0
-17.330	0.0	0.0	0.0	0.0	0.0	0.0	0.0	0.0	0.0
-17.302	0.0	0.0	0.0	0.0	0.0	0.0	0.0	0.0	0.0
-17.274	0.0	0.0	0.0	0.0	0.0	0.0	0.0	0.0	0.0
-17.246	0.0	0.0	0.0	0.0	0.0	0.0	0.0	0.0	0.0
-17.218	0.0	0.0	0.0	0.0	0.0	0.0	0.0	0.0	0.0
-17.190	0.0	0.0	0.0	0.0	0.0	0.0	0.0	0.0	0.0
-17.162	0.0	0.0	0.0	0.0	0.0	0.0	0.0	0.0	0.0
-17.134	0.0	0.0	0.0	0.0	0.0	0.0	0.0	0.0	0.0
-17.106	0.0	0.0	0.0	0.0	0.0	0.0	0.0	0.0	0.0
-17.078	0.0	0.0	0.0	0.0	0.0	0.0	0.0	0.0	0.0
-17.050	0.0	0.0	0.0	0.0	0.0	0.0	0.0	0.0	0.0
-17.022	0.0	0.0	0.0	0.0	0.0	0.0	0.0	0.0	0.0
-16.994	0.0	0.0	0.0	0.0	0.0	0.0	0.0	0.0	0.0
-16.966	0.0	0.0	0.0	0.0	0.0	0.0	0.0	0.0	0.0
-16.937	0.0	0.0	0.0	0.0	0.0	0.0	0.0	0.0	0.0
-16.909	0.0	0.0	0.0	0.0	0.0	0.0	0.0	0.0	0.0
-16.881	0.0	0.0	0.0	0.0	0.0	0.0	0.0	0.0	0.0
-16.853	0.0	0.0	0.0	0.0	0.0	0.0	0.0	0.0	0.0
-16.825	0.0	0.0	0.0	0.0	0.0	0.0	0.0	0.0	0.0
-16.797	0.0	0.0	0.0	0.0	0.0	0.0	0.0	0.0	0.0
-16.769	0.0	0.0	0.0	0.0	0.0	0.0	0.0	0.0	0.0
-16.741	0.0	0.0	0.0	0.0	0.0	0.0	0.0	0.0	0.0
-16.713	0.0	0.0	0.0	0.0	0.0	0.0	0.0	0.0	0.0
-16.685	0.0	0.0	0.0	0.0	0.0	0.0	0.0	0.0	0.0
-16.657	0.0	0.0	0.0	0.0	0.0	0.0	0.0	0.0	0.0
-16.629	0.0	0.0	0.0	0.0	0.0	0.0	0.0	0.0	0.0
-16.601	0.0	0.0	0.0	0.0	0.0	0.0	0.0	0.0	0.0
-16.573	0.0	0.0	0.0	0.0	0.0	0.0	0.0	0.0	0.0
-16.545	0.0	0.0	0.0	0.0	0.0	0.0	0.0	0.0	0.0
-16.517	0.0	0.0	0.0	0.0	0.0	0.0	0.0	0.0	0.0
-16.489	2.1668480000000003e-14	5.930906194300001e-15	8.698431e-16	1.0407129400000001e-14	0.0	0.0	0.0	0.0	0.0
-16.461	4.88416e-13	1.33692655887e-13	1.960535e-14	2.34578717e-13	0.0	0.0	0.0	0.0	0.0
-16.433	9.553e-12	2.6147757837999996e-12	3.834324e-13	4.588237200000001e-12	0.0	0.0	0.0	0.0	0.0
-16.405	1.597594e-10	4.3730589307000004e-11	6.412733e-12	7.673495800000001e-11	0.0	0.0	0.0	0.0	0.0
-16.377	2.2867159999999997e-09	6.2595875161e-10	9.179554999999999e-11	1.09821248e-09	0.0	0.0	0.0	0.0	0.0
-16.348	2.800503e-08	7.666594909599998e-09	1.1242699999999999e-09	1.34510904e-08	0.0	0.0	0.0	0.0	0.0
-16.320	2.935187e-07	8.0352630341e-08	1.17835e-08	1.40966069e-07	0.0	0.0	0.0	0.0	0.0
-16.292	2.63287e-06	7.207832979099999e-07	1.056931e-07	1.2646265100000002e-06	0.0	0.0	0.0	0.0	0.0
-16.264	2.021101e-05	5.5325774678e-06	8.112873000000001e-07	9.7075803e-06	0.0	0.0	0.0	0.0	0.0
-16.236	0.0001328043	3.6358766015999994e-05	5.331551e-06	6.379015e-05	0.0	0.0	0.0	0.0	0.0
-16.208	0.000746839	0.00020442837059	2.9981929999999997e-05	0.0003587076700000001	0.0	0.0	0.0	0.0	0.0
-16.180	0.0035948060000000003	0.00098417911542	0.0001443224	0.0017266778699999998	0.0	0.0	0.0	0.0	0.0
-16.152	0.01481372	0.004054980759600001	0.0005947441	0.007114896700000001	0.0	0.0	0.0	0.0	0.0
-16.124	0.05225949999999999	0.0143050698508	0.002097833	0.025098545299999993	0.0	0.0	0.0	0.0	0.0
-16.096	0.15779399999999996	0.043201948871	0.006334089	0.07578096	0.0	0.0	0.0	0.0	0.0
-16.068	0.407956	0.11166622842299999	0.01637521	0.195916389	0.0	0.0	0.0	0.0	0.0
-16.040	0.9028389999999998	0.24716059943	0.036242830000000004	0.4336562300000001	0.0	0.0	0.0	0.0	0.0
-16.012	1.710625	0.46833729413	0.06867719000000001	0.8216413200000001	0.0	0.0	0.0	0.0	0.0
-15.984	2.7750389999999996	0.7597012505	0.1114059	1.33289247	0.0	0.0	0.0	0.0	0.0
-15.956	3.8541499999999997	1.05515029013	0.1547374	1.8512750300000003	0.0	0.0	0.0	0.0	0.0
-15.928	4.58328	1.2546559634	0.184003	2.20137821	0.0	0.0	0.0	0.0	0.0
-15.900	4.666060000000001	1.2774576049100002	0.18732160000000003	2.24132182	0.0	0.0	0.0	0.0	0.0
-15.872	4.0676000000000005	1.11359712402	0.1633082	1.9537245300000001	0.0	0.0	0.0	0.0	0.0
-15.844	3.036026	0.8311444452400001	0.12187000000000002	1.45819516	0.0	0.0	0.0	0.0	0.0
-15.816	1.9400119999999998	0.5311216153	0.07788391	0.9318540500000001	0.0	0.0	0.0	0.0	0.0
-15.788	1.0614089999999998	0.29052274231	0.04260583	0.5097433000000001	0.0	0.0	0.0	0.0	0.0
-15.760	0.497116	0.13608865304599999	0.019956349999999998	0.23876762400000004	0.0	0.0	0.0	0.0	0.0
-15.731	0.19935039999999998	0.05457313962699999	0.008003207	0.09574341300000001	0.0	0.0	0.0	0.0	0.0
-15.703	0.0684338	0.018733968844999997	0.002747241	0.032868198	0.0	0.0	0.0	0.0	0.0
-15.675	0.020111479999999994	0.005505249966000001	0.0008073385	0.0096602778	0.0	0.0	0.0	0.0	0.0
-15.647	0.005059579999999998	0.00138508760207	0.00020310999999999997	0.00243015722	0.0	0.0	0.0	0.0	0.0
-15.619	0.001089483	0.00029824789283	4.374383e-05	0.00052332506	0.0	0.0	0.0	0.0	0.0
-15.591	0.00020084900000000007	5.498292765499999e-05	8.062711e-06	9.647649499999999e-05	0.0	0.0	0.0	0.0	0.0
-15.563	3.169134000000001e-05	8.6754234766e-06	1.272183e-06	1.52214029e-05	0.0	0.0	0.0	0.0	0.0
-15.535	4.279909999999999e-06	1.17156644787e-06	1.718063e-07	2.0553694000000002e-06	0.0	0.0	0.0	0.0	0.0
-15.507	4.94667e-07	1.3540464e-07	1.985627e-08	2.3756701799999998e-07	0.0	0.0	0.0	0.0	0.0
-15.479	4.89227e-08	1.3393050090300003e-08	1.964108e-09	2.3499659e-08	0.0	0.0	0.0	0.0	0.0
-15.451	4.14176e-09	1.1336860153600001e-09	1.6625019999999998e-10	1.9891367000000002e-09	0.0	0.0	0.0	0.0	0.0
-15.423	2.999974e-10	8.2124735558e-11	1.2042800000000002e-11	1.4408833299999998e-10	0.0	0.0	0.0	0.0	0.0
-15.395	1.8806560000000002e-11	5.1901625970000006e-12	7.530664999999998e-13	8.9795025e-12	0.0	0.0	0.0	0.0	0.0
-15.367	5.306660000000001e-12	2.30206109e-12	1.7364400000000002e-13	1.4616549e-12	0.0	0.0	0.0	0.0	0.0
-15.339	7.55281e-11	3.5518635e-11	2.3444280999999996e-12	1.727932213e-11	0.0	0.0	0.0	0.0	0.0
-15.311	1.12868e-09	5.30975662e-10	3.5027471999999995e-11	2.5807135603000003e-10	0.0	0.0	0.0	0.0	0.0
-15.283	1.4441950000000002e-08	6.7941411e-09	4.482014e-10	3.302377289e-09	0.0	0.0	0.0	0.0	0.0
-15.255	1.581462e-07	7.438483900000001e-08	4.907897300000001e-09	3.6162125448999996e-08	0.0	0.0	0.0	0.0	0.0
-15.227	1.482044e-06	6.9709285e-07	4.598993e-08	3.3879120043e-07	0.0	0.0	0.0	0.0	0.0
-15.199	1.1884380000000001e-05	5.590242169999999e-06	3.6881278e-07	2.7178919847000003e-06	0.0	0.0	0.0	0.0	0.0
-15.171	8.157479999999999e-05	3.83813854e-05	2.5316512999999998e-06	1.8652118327e-05	0.0	0.0	0.0	0.0	0.0
-15.142	0.0004792609	0.000225462961	1.4872953000000001e-05	0.00010958353955	0.0	0.0	0.0	0.0	0.0
-15.114	0.002410387	0.00113379368	7.4798961e-05	0.0005510981982900001	0.0	0.0	0.0	0.0	0.0
-15.086	0.010375820000000001	0.00488132248	0.00032196716999999996	0.0023720333231	0.0	0.0	0.0	0.0	0.0
-15.058	0.038230110000000005	0.0179844527	0.0011864438	0.008739917559	0.0	0.0	0.0	0.0	0.0
-15.030	0.12060480000000001	0.0567331455	0.0037422098	0.027575681918	0.0	0.0	0.0	0.0	0.0
-15.002	0.3256561	0.153202821	0.010106341	0.07445368328	0.0	0.0	0.0	0.0	0.0
-14.974	0.7529269999999999	0.354193426	0.023364385999999997	0.17216111069999998	0.0	0.0	0.0	0.0	0.0
-14.946	1.4903259999999998	0.7009959099999999	0.046248079	0.34075973077	0.0	0.0	0.0	0.0	0.0
-14.918	2.5254399999999997	1.1880024300000003	0.078371508	0.5773591929999999	0.0	0.0	0.0	0.0	0.0
-14.890	3.663876	1.72359046	0.11371242999999999	0.8377365494000001	0.0	0.0	0.0	0.0	0.0
-14.862	4.551371	2.1409290999999997	0.14122828999999998	1.0406316856	0.0	0.0	0.0	0.0	0.0
-14.834	4.840433	2.2768866400000003	0.15021319000000002	1.1067066974	0.0	0.0	0.0	0.0	0.0
-14.806	4.407297	2.073355	0.1367711	1.0078604797	0.0	0.0	0.0	0.0	0.0
-14.778	3.4365059999999996	1.61659552	0.10664353	0.7857015401	0.0	0.0	0.0	0.0	0.0
-14.750	2.2938670000000005	1.0791019	0.071183179	0.52443405354	0.0	0.0	0.0	0.0	0.0
-14.722	1.3107709999999997	0.61671951	0.040679639999999996	0.29967949346	0.0	0.0	0.0	0.0	0.0
-14.694	0.6413580000000001	0.301704757	0.019904482	0.14664713615	0.0	0.0	0.0	0.0	0.0
-14.666	0.268663	0.126378867	0.0083370064	0.061425489959999996	0.0	0.0	0.0	0.0	0.0
-14.638	0.09633570000000001	0.045322043000000006	0.0029897212	0.022028609929	0.0	0.0	0.0	0.0	0.0
-14.610	0.02957986	0.013912919700000002	0.0009178241	0.006763413505999999	0.0	0.0	0.0	0.0	0.0
-14.582	0.007772670000000001	0.0036570309299999992	0.0002412237	0.001777252617	0.0	0.0	0.0	0.0	0.0
-14.554	0.0017487759999999996	0.00082265915	5.4267709999999996e-05	0.00039979477131	0.0	0.0	0.0	0.0	0.0
-14.525	0.000336768	0.00015841846799999996	1.0449541e-05	7.698866373e-05	0.0	0.0	0.0	0.0	0.0
-14.497	5.551159999999999e-05	2.61121552e-05	1.7225554e-06	1.2692057263999999e-05	0.0	0.0	0.0	0.0	0.0
-14.469	7.83146e-06	3.6838200599999997e-06	2.4301129999999995e-07	1.7906139193e-06	0.0	0.0	0.0	0.0	0.0
-14.441	9.455589999999999e-07	4.44748237e-07	2.9342820000000002e-08	2.1619314856e-07	0.0	0.0	0.0	0.0	0.0
-14.413	9.77041e-08	4.59654778e-08	3.0320999e-09	2.2340043985e-08	0.0	0.0	0.0	0.0	0.0
-14.385	8.640789999999999e-09	4.06466151e-09	2.681529e-10	1.9756815523999996e-09	0.0	0.0	0.0	0.0	0.0
-14.357	6.53934e-10	3.076637829999999e-10	2.0292865e-11	1.4951008667e-10	0.0	0.0	0.0	0.0	0.0
-14.329	4.234103999999999e-11	1.99179271e-11	1.3139789999999998e-12	9.680363726999998e-12	0.0	0.0	0.0	0.0	0.0
-14.301	2.347102e-12	1.1041595499999998e-12	7.2837613e-14	5.3660887571e-13	0.0	0.0	0.0	0.0	0.0
-14.273	1.094807e-13	5.1505828299999997e-14	3.3975105000000006e-15	2.5032888465e-14	0.0	0.0	0.0	0.0	0.0
-14.245	6.84247e-15	3.2189468499999998e-15	2.1234389000000003e-16	1.564539879e-15	0.0	0.0	0.0	0.0	0.0
-14.217	0.0	0.0	0.0	0.0	0.0	0.0	0.0	0.0	0.0
-14.189	0.0	0.0	0.0	0.0	0.0	0.0	0.0	0.0	0.0
-14.161	0.0	0.0	0.0	0.0	0.0	0.0	0.0	0.0	0.0
-14.133	0.0	0.0	0.0	0.0	0.0	0.0	0.0	0.0	0.0
-14.105	0.0	0.0	0.0	0.0	0.0	0.0	0.0	0.0	0.0
-14.077	0.0	0.0	0.0	0.0	0.0	0.0	0.0	0.0	0.0
-14.049	0.0	0.0	0.0	0.0	0.0	0.0	0.0	0.0	0.0
-14.021	0.0	0.0	0.0	0.0	0.0	0.0	0.0	0.0	0.0
-13.993	0.0	0.0	0.0	0.0	0.0	0.0	0.0	0.0	0.0
-13.965	0.0	0.0	0.0	0.0	0.0	0.0	0.0	0.0	0.0
-13.936	0.0	0.0	0.0	0.0	0.0	0.0	0.0	0.0	0.0
-13.908	0.0	0.0	0.0	0.0	0.0	0.0	0.0	0.0	0.0
-13.880	0.0	0.0	0.0	0.0	0.0	0.0	0.0	0.0	0.0
-13.852	0.0	0.0	0.0	0.0	0.0	0.0	0.0	0.0	0.0
-13.824	0.0	0.0	0.0	0.0	0.0	0.0	0.0	0.0	0.0
-13.796	0.0	0.0	0.0	0.0	0.0	0.0	0.0	0.0	0.0
-13.768	0.0	0.0	0.0	0.0	0.0	0.0	0.0	0.0	0.0
-13.740	0.0	0.0	0.0	0.0	0.0	0.0	0.0	0.0	0.0
-13.712	0.0	0.0	0.0	0.0	0.0	0.0	0.0	0.0	0.0
-13.684	0.0	0.0	0.0	0.0	0.0	0.0	0.0	0.0	0.0
-13.656	0.0	0.0	0.0	0.0	0.0	0.0	0.0	0.0	0.0
-13.628	0.0	0.0	0.0	0.0	0.0	0.0	0.0	0.0	0.0
-13.600	0.0	0.0	0.0	0.0	0.0	0.0	0.0	0.0	0.0
-13.572	0.0	0.0	0.0	0.0	0.0	0.0	0.0	0.0	0.0
-13.544	0.0	0.0	0.0	0.0	0.0	0.0	0.0	0.0	0.0
-13.516	0.0	0.0	0.0	0.0	0.0	0.0	0.0	0.0	0.0
-13.488	0.0	0.0	0.0	0.0	0.0	0.0	0.0	0.0	0.0
-13.460	0.0	0.0	0.0	0.0	0.0	0.0	0.0	0.0	0.0
-13.432	0.0	0.0	0.0	0.0	0.0	0.0	0.0	0.0	0.0
-13.404	0.0	0.0	0.0	0.0	0.0	0.0	0.0	0.0	0.0
-13.376	0.0	0.0	0.0	0.0	0.0	0.0	0.0	0.0	0.0
-13.348	0.0	0.0	0.0	0.0	0.0	0.0	0.0	0.0	0.0
-13.319	0.0	0.0	0.0	0.0	0.0	0.0	0.0	0.0	0.0
-13.291	0.0	0.0	0.0	0.0	0.0	0.0	0.0	0.0	0.0
-13.263	0.0	0.0	0.0	0.0	0.0	0.0	0.0	0.0	0.0
-13.235	0.0	0.0	0.0	0.0	0.0	0.0	0.0	0.0	0.0
-13.207	0.0	0.0	0.0	0.0	0.0	0.0	0.0	0.0	0.0
-13.179	4.8278546268999996e-15	6.7336576e-15	6.324716e-16	6.9327815e-15	0.0	0.0	0.0	0.0	0.0
-13.151	1.0346745447999997e-13	1.44301204e-13	1.3553443000000001e-14	1.4856944e-13	0.0	0.0	0.0	0.0	0.0
-13.123	2.1009928638000003e-12	2.9301245e-12	2.7521813000000003e-13	3.0170713e-12	0.0	0.0	0.0	0.0	0.0
-13.095	3.6344313175000007e-11	5.0687665e-11	4.760876000000001e-12	5.2192515e-11	0.0	0.0	0.0	0.0	0.0
-13.067	5.380762012099999e-10	7.5044594e-10	7.049045000000001e-11	7.7271065e-10	0.0	0.0	0.0	0.0	0.0
-13.039	6.816277646799999e-09	9.5067192e-09	8.930087999999999e-10	9.789901899999999e-09	0.0	0.0	0.0	0.0	0.0
-13.011	7.390290868e-08	1.0307322600000001e-07	9.680587e-09	1.0612305499999999e-07	0.0	0.0	0.0	0.0	0.0
-12.983	6.856770428599999e-07	9.5624532e-07	8.982445e-08	9.8462928e-07	0.0	0.0	0.0	0.0	0.0
-12.955	5.444404669999999e-06	7.5936713e-06	7.132459e-07	7.818636e-06	0.0	0.0	0.0	0.0	0.0
-12.927	3.700528641e-05	5.1612711999999994e-05	4.847958e-06	5.313330700000001e-05	0.0	0.0	0.0	0.0	0.0
-12.899	0.00021525976659999998	0.00030021249999999996	2.8198184999999996e-05	0.00030910291	0.0	0.0	0.0	0.0	0.0
-12.871	0.0010718557417999997	0.00149473778	0.00014040732999999998	0.0015390334000000001	0.0	0.0	0.0	0.0	0.0
-12.843	0.004568999556999999	0.0063722656	0.0005984803	0.0065600923000000005	0.0	0.0	0.0	0.0	0.0
-12.815	0.01666887065	0.023253176	0.0021839144	0.023938817	0.0	0.0	0.0	0.0	0.0
-12.787	0.05208336265999999	0.07266212300000001	0.006822893000000001	0.074795373	0.0	0.0	0.0	0.0	0.0
-12.759	0.13930455429999997	0.19450907	0.018259226	0.20015904	0.0	0.0	0.0	0.0	0.0
-12.730	0.31929160500000003	0.4462778399999999	0.041877029999999996	0.45896898999999997	0.0	0.0	0.0	0.0	0.0
-12.702	0.62730081	0.87922322	0.08239398	0.9029573599999999	0.0	0.0	0.0	0.0	0.0
-12.674	1.05831816	1.49184569	0.13941368	1.5276953000000002	0.0	0.0	0.0	0.0	0.0
-12.646	1.5387909999999998	2.1956631	0.20396172999999998	2.2342981	0.0	0.0	0.0	0.0	0.0
-12.618	1.9413824999999998	2.8407454	0.2607569	2.8542102999999996	0.0	0.0	0.0	0.0	0.0
-12.590	2.1566799000000008	3.3130383	0.29725490000000004	3.2489210999999996	0.0	0.0	0.0	0.0	0.0
-12.562	2.1650370000000003	3.6187575	0.31250859999999997	3.407194	0.0	0.0	0.0	0.0	0.0
-12.534	2.041569	3.8548447000000006	0.31608489999999995	3.4335530000000003	0.0	0.0	0.0	0.0	0.0
-12.506	1.8825699999999999	4.075656400000001	0.31660629999999995	3.4257079999999998	0.0	0.0	0.0	0.0	0.0
-12.478	1.7223449999999998	4.1890283	0.3118576	3.363282	0.0	0.0	0.0	0.0	0.0
-12.450	1.5276450000000001	4.0159319	0.29110010000000003	3.1325268000000004	0.0	0.0	0.0	0.0	0.0
-12.422	1.2598580000000001	3.46010059	0.24722734999999998	2.657243	0.0	0.0	0.0	0.0	0.0
-12.394	0.931737	2.6163479900000004	0.18560322999999998	1.9938984000000002	0.0	0.0	0.0	0.0	0.0
-12.366	0.603966	1.71437861	0.12120674999999999	1.30158552	0.0	0.0	0.0	0.0	0.0
-12.338	0.3390185	0.967149421	0.068270101	0.73289007	0.0	0.0	0.0	0.0	0.0
-12.310	0.16379670000000005	0.468353868	0.033035908	0.3546821	0.0	0.0	0.0	0.0	0.0
-12.282	0.06792380000000002	0.1944336923	0.01370822	0.147172927	0.0	0.0	0.0	0.0	0.0
-12.254	0.02413821	0.06913778890000001	0.004873226	0.052327202	0.0	0.0	0.0	0.0	0.0
-12.226	0.00734737	0.02104943659	0.0014837871	0.015931288499999998	0.0	0.0	0.0	0.0	0.0
-12.198	0.0019151500000000002	0.0054869705000000005	0.00038675381	0.004152299000000001	0.0	0.0	0.0	0.0	0.0
-12.170	0.0004273027	0.0012243374540000002	8.6302604e-05	0.0009266561599999999	0.0	0.0	0.0	0.0	0.0
-12.142	8.163420000000001e-05	0.0002338868027	1.64856898e-05	0.000177008514	0.0	0.0	0.0	0.0	0.0
-12.113	1.334728e-05	3.824888884e-05	2.69562916e-06	2.8942152999999997e-05	0.0	0.0	0.0	0.0	0.0
-12.085	1.8679089999999998e-06	5.351132900000001e-06	3.7723017060000005e-07	4.050803099999999e-06	0.0	0.0	0.0	0.0	0.0
-12.057	2.2372789999999998e-07	6.41038263e-07	4.518412998e-08	4.851491599999999e-07	0.0	0.0	0.0	0.0	0.0
-12.029	2.2932439999999998e-08	6.57037217e-08	4.631832770000001e-09	4.9726713e-08	0.0	0.0	0.0	0.0	0.0
-12.001	2.011933e-09	5.7640665299999996e-09	4.06285388e-10	4.3626921e-09	0.0	0.0	0.0	0.0	0.0
-11.973	1.553412e-10	4.339677334e-10	3.0671887e-11	3.291715e-10	0.0	0.0	0.0	0.0	0.0
-11.945	8.50766e-11	4.8899181600000006e-11	4.919221e-12	5.0596747e-11	0.0	0.0	0.0	0.0	0.0
-11.917	1.1256320699999999e-09	3.1648138200000006e-10	4.429372270000001e-11	4.4245883e-10	0.0	0.0	0.0	0.0	0.0
-11.889	1.4371759100000002e-08	4.023001609999999e-09	5.64332924e-10	5.6363587e-09	0.0	0.0	0.0	0.0	0.0
-11.861	1.57087523e-07	4.39714093e-08	6.169148299999999e-09	6.1603913e-08	0.0	0.0	0.0	0.0	0.0
-11.833	1.46936222e-06	4.11368543e-07	5.76946328e-08	5.7632929e-07	0.0	0.0	0.0	0.0	0.0
-11.805	1.1763833e-05	3.29321228e-06	4.61908293e-07	4.6141683999999995e-06	0.0	0.0	0.0	0.0	0.0
-11.777	8.060446399999999e-05	2.256473527e-05	3.1649393199999995e-06	3.1616216e-05	0.0	0.0	0.0	0.0	0.0
-11.749	0.000472776385	0.00013235415139999999	1.8563471699999998e-05	0.00018540188	0.0	0.0	0.0	0.0	0.0
-11.721	0.00237315803	0.0006643453139999999	9.319144970000001e-05	0.0009307569099999998	0.0	0.0	0.0	0.0	0.0
-11.693	0.0101966948	0.00285444244	0.000400440931	0.0039989205	0.0	0.0	0.0	0.0	0.0
-11.665	0.037509951400000005	0.010500614719999999	0.00147292079	0.0147113133	0.0	0.0	0.0	0.0	0.0
-11.637	0.118107135	0.03306543099	0.0046383851	0.046332559	0.0	0.0	0.0	0.0	0.0
-11.609	0.31841259200000005	0.0891530342	0.012502875259999997	0.12488976600000001	0.0	0.0	0.0	0.0	0.0
-11.581	0.7348927590000001	0.2057386329	0.0288572375	0.28818261	0.0	0.0	0.0	0.0	0.0
-11.553	1.4520442200000003	0.406466397	0.0570129548	0.56938808	0.0	0.0	0.0	0.0	0.0
-11.525	2.4561509400000006	0.6876140820000001	0.09646392050000001	0.9633678099999999	0.0	0.0	0.0	0.0	0.0
-11.496	3.55750401	0.9959332949999999	0.1396959119	1.39516876	0.0	0.0	0.0	0.0	0.0
-11.468	4.41144638	1.234974827	0.17321950749999995	1.7300750000000003	0.0	0.0	0.0	0.0	0.0
-11.440	4.683262359999999	1.311082928	0.1839011218	1.8367864999999997	0.0	0.0	0.0	0.0	0.0
-11.412	4.25685869	1.191863113	0.1671622343	1.6696154	0.0	0.0	0.0	0.0	0.0
-11.384	3.31303634	0.92760229	0.1301015083	1.2994403700000001	0.0	0.0	0.0	0.0	0.0
-11.356	2.20757821	0.61801357	0.08669930810000001	0.8657946200000001	0.0	0.0	0.0	0.0	0.0
-11.328	1.25947021	0.352606784	0.0494931981	0.49397899000000006	0.0	0.0	0.0	0.0	0.0
-11.300	0.615251549	0.172217932	0.0243783157	0.24130376000000003	0.0	0.0	0.0	0.0	0.0
-11.272	0.25781603399999997	0.072029176	0.011277192000000002	0.101001281	0.0	0.0	0.0	0.0	0.0
-11.244	0.09478837000000002	0.025868969	0.008939355000000001	0.036636266	0.0	0.0	0.0	0.0	0.0
-11.216	0.038703460700000004	0.008250209	0.021729127	0.013073288999999998	0.0	0.0	0.0	0.0	0.0
-11.188	0.042160717900000005	0.0032296430000000004	0.06865892300000001	0.009550585	0.0	0.0	0.0	0.0	0.0
-11.160	0.10031819600000004	0.003749457	0.1941135849	0.019518155	0.0	0.0	0.0	0.0	0.0
-11.132	0.24005479099999993	0.00807005	0.4716295395	0.045967302	0.0	0.0	0.0	0.0	0.0
-11.104	0.498812691	0.016616684	0.9810644991999999	0.09539849500000001	0.0	0.0	0.0	0.0	0.0
-11.076	0.8884142999999999	0.029573989000000005	1.7472411419999998	0.169871932	0.0	0.0	0.0	0.0	0.0
-11.048	1.3546510000000003	0.045090639999999994	2.6644105199999997	0.25901554400000004	0.0	0.0	0.0	0.0	0.0
-11.020	1.7684656800000005	0.058870000000000006	3.4790046788000004	0.338142029	0.0	0.0	0.0	0.0	0.0
-10.992	1.9768951599999998	0.06580283	3.8883357587	0.37799821499999997	0.0	0.0	0.0	0.0	0.0
-10.964	1.8919404700000002	0.06298454	3.7218917262	0.36179535500000004	0.0	0.0	0.0	0.0	0.0
-10.936	1.5502741	0.05161027000000001	3.049840595	0.296458969	0.0	0.0	0.0	0.0	0.0
-10.907	1.0876838400000002	0.03621534699999999	2.1394858173999998	0.207971724	0.0	0.0	0.0	0.0	0.0
-10.879	0.6533412900000001	0.021746584999999995	1.2850664508	0.12492076299999999	0.0	0.0	0.0	0.0	0.0
-10.851	0.33608148699999996	0.011184988	0.6609548289999999	0.064255967	0.0	0.0	0.0	0.0	0.0
-10.823	0.148302182	0.004933526000000001	0.29142075719000005	0.0283266408	0.0	0.0	0.0	0.0	0.0
-10.795	0.0576563424	0.0019069339999999999	0.11207312344999999	0.0108706594	0.0	0.0	0.0	0.0	0.0
-10.767	0.025970300800000005	0.0008122352999999998	0.045419255480000004	0.0043144155	0.0	0.0	0.0	0.0	0.0
-10.739	0.03355712450000001	0.0009299325199999999	0.045701976660000004	0.0040841355	0.0	0.0	0.0	0.0	0.0
-10.711	0.0888427895	0.0023835777499999996	0.11246250196999999	0.0098349623	0.0	0.0	0.0	0.0	0.0
-10.683	0.2304019331	0.0061634086200000006	0.28966758230000006	0.025275336990000005	0.0	0.0	0.0	0.0	0.0
-10.655	0.517334946	0.01384134511	0.6500685586999999	0.05670923184	0.0	0.0	0.0	0.0	0.0
-10.627	0.9954738418	0.026674236199999996	1.250649537	0.10913420459999999	0.0	0.0	0.0	0.0	0.0
-10.599	1.6400272460000003	0.044184417700000006	2.0603817479999997	0.179884461	0.0	0.0	0.0	0.0	0.0
-10.571	2.3140324420000007	0.06355892299999999	2.906196779	0.2541400911	0.0	0.0	0.0	0.0	0.0
-10.543	2.7980922599999998	0.082115539	3.5096646400000004	0.308843961	0.0	0.0	0.0	0.0	0.0
-10.515	2.9056860400000004	0.104873625	3.62989288	0.326453941	0.0	0.0	0.0	0.0	0.0
-10.487	2.6130129600000007	0.15665268000000004	3.21569607	0.311772018	0.0	0.0	0.0	0.0	0.0
-10.459	2.0914807700000004	0.29303152	2.4439813299999997	0.29860844000000003	0.0	0.0	0.0	0.0	0.0
-10.431	1.617159	0.59801741	1.60162217	0.33947728	0.0	0.0	0.0	0.0	0.0
-10.403	1.4189522	1.1489093000000001	0.92110637	0.4803877	0.0	0.0	0.0	0.0	0.0
-10.375	1.5676259	1.9470187	0.49192616999999994	0.7289013999999999	0.0	0.0	0.0	0.0	0.0
-10.347	1.9492214	2.8493743	0.279163998	1.0316651000000001	0.0	0.0	0.0	0.0	0.0
-10.319	2.3289793000000003	3.5793083	0.196535939	1.2841721000000001	0.0	0.0	0.0	0.0	0.0
-10.290	2.4768553000000004	3.8556607	0.165800285	1.3814299000000003	0.0	0.0	0.0	0.0	0.0
-10.262	2.2984467000000004	3.5692814000000004	0.142406396	1.2841456999999996	0.0	0.0	0.0	0.0	0.0
-10.234	1.8903077	2.8677342	0.11411558600000002	1.050983	0.0	0.0	0.0	0.0	0.0
-10.206	1.4854734999999997	2.0743036	0.08806842	0.8104873999999999	0.0	0.0	0.0	0.0	0.0
-10.178	1.3308168999999996	1.5095916	0.076724366	0.6960231	0.0	0.0	0.0	0.0	0.0
-10.150	1.5709841999999998	1.3468327	0.088013019	0.7838721000000001	0.0	0.0	0.0	0.0	0.0
-10.122	2.1756252	1.5630119999999998	0.120114306	1.05942421	0.0	0.0	0.0	0.0	0.0
-10.094	2.92859535	1.9726340000000002	0.16092913999999997	1.4146361299999999	0.0	0.0	0.0	0.0	0.0
-10.066	3.50480159	2.31828662	0.19235734600000004	1.68944266	0.0	0.0	0.0	0.0	0.0
-10.038	3.6277215699999994	2.38795299	0.199051839	1.7479875200000001	0.0	0.0	0.0	0.0	0.0
-10.010	3.2241645599999997	2.11957456	0.1769444711	1.55410348	0.0	0.0	0.0	0.0	0.0
-9.982	2.4572638	1.6148036	0.1351894614	1.18884467	0.0	0.0	0.0	0.0	0.0
-9.954	1.6132198099999997	1.05886559	0.08999806689999999	0.7970110829999999	0.0	0.0	0.0	0.0	0.0
-9.926	0.9373608999999997	0.61167656	0.056295765	0.51644422	0.0	0.0	0.0	0.0	0.0
-9.898	0.55062967	0.34996109999999997	0.043728583	0.44549117000000005	0.0	0.0	0.0	0.0	0.0
-9.870	0.46939001	0.2802648	0.057873272	0.6544685	0.0	0.0	0.0	0.0	0.0
-9.842	0.661047311	0.37705668000000003	0.10163931000000001	1.189817722	0.0	0.0	0.0	0.0	0.0
-9.814	1.0632374540000002	0.5988831600000001	0.17219422899999998	2.030228325	0.0	0.0	0.0	0.0	0.0
-9.786	1.5629433929999998	0.87817219	0.2555439133	3.0170186149999996	0.0	0.0	0.0	0.0	0.0
-9.758	1.9905491509999995	1.11800136	0.3260077518	3.8488491169	0.0	0.0	0.0	0.0	0.0
-9.730	2.175070961	1.22151309	0.35628643398	4.207610176939999	0.0	0.0	0.0	0.0	0.0
-9.701	2.03565709	1.14314356	0.33349755074	3.93779695739	0.0	0.0	0.0	0.0	0.0
-9.673	1.631225967	0.9159631500000001	0.26723820897	3.15508484967	0.0	0.0	0.0	0.0	0.0
-9.645	1.1191261640000003	0.62853648	0.18335315602999996	2.1649597482600003	0.0	0.0	0.0	0.0	0.0
-9.617	0.6574090016000002	0.369254763	0.10770913624999998	1.271830034058	0.0	0.0	0.0	0.0	0.0
-9.589	0.33064348210000005	0.185676008	0.05416624137000001	0.6395369295950001	0.0	0.0	0.0	0.0	0.0
-9.561	0.14236593569999997	0.079959579	0.023331156680000003	0.2754051439	0.0	0.0	0.0	0.0	0.0
-9.533	0.052607087	0.0295790227	0.00864923763	0.10167165389999999	0.0	0.0	0.0	0.0	0.0
-9.505	0.017292160999999997	0.0098867239	0.0029972689800000004	0.0328687446	0.0	0.0	0.0	0.0	0.0
-9.477	0.007804572000000001	0.005173214	0.00204420361	0.012454338399999999	0.0	0.0	0.0	0.0	0.0
-9.449	0.013999031800000002	0.010886681	0.0053909805	0.016751857300000002	0.0	0.0	0.0	0.0	0.0
-9.421	0.0434854685	0.034295447	0.018054153	0.04943233100000001	0.0	0.0	0.0	0.0	0.0
-9.393	0.12417394360000002	0.0970929	0.054175169999999995	0.139845118	0.0	0.0	0.0	0.0	0.0
-9.365	0.3064394160000001	0.23621787	0.14265190000000003	0.34201857999999996	0.0	0.0	0.0	0.0	0.0
-9.337	0.6525651	0.49251634	0.33113449	0.71883266	0.0	0.0	0.0	0.0	0.0
-9.309	1.2030447	0.8806687	0.6813788000000001	1.3004509200000003	0.0	0.0	0.0	0.0	0.0
-9.281	1.9278045299999995	1.351139	1.2479277	2.02968664	0.0	0.0	0.0	0.0	0.0
-9.253	2.69984883	1.7806369000000002	2.0371259	2.7420726	0.0	0.0	0.0	0.0	0.0
-9.225	3.32379167	2.0188604999999997	2.9588112	3.2191710000000002	0.0	0.0	0.0	0.0	0.0
-9.197	3.6201604499999998	1.9734227	3.806874	3.3027667	0.0	0.0	0.0	0.0	0.0
-9.169	3.5045649299999995	1.6679861999999999	4.313780000000001	2.9784805999999997	0.0	0.0	0.0	0.0	0.0
-9.141	3.0232005500000003	1.2240898	4.279445	2.3759777	0.0	0.0	0.0	0.0	0.0
-9.113	2.3231850999999994	0.7839674999999999	3.6947289999999997	1.6842641999999999	0.0	0.0	0.0	0.0	0.0
-9.084	1.5845172399999998	0.4406271500000001	2.7642654	1.063936	0.0	0.0	0.0	0.0	0.0
-9.056	0.95430904	0.21872273999999997	1.7857612	0.5987079200000001	0.0	0.0	0.0	0.0	0.0
-9.028	0.50427844	0.09638046	0.9936503000000001	0.29912357	0.0	0.0	0.0	0.0	0.0
-9.000	0.232509248	0.037839214	0.47519232	0.13193074999999999	0.0	0.0	0.0	0.0	0.0
-8.972	0.09304419	0.013235193000000003	0.19511548	0.051079379999999994	0.0	0.0	0.0	0.0	0.0
-8.944	0.03218978470000001	0.0041144745	0.068712327	0.017251031	0.0	0.0	0.0	0.0	0.0
-8.916	0.009601752699999999	0.0011331102000000002	0.020743362999999997	0.005058991	0.0	0.0	0.0	0.0	0.0
-8.888	0.0024696634300000004	0.00028995427	0.0053656525	0.0012877974	0.0	0.0	0.0	0.0	0.0
-8.860	0.0005915447999999999	0.0001693078	0.0011914828999999999	0.00031650158	0.0	0.0	0.0	0.0	0.0
-8.832	0.00038218329000000006	0.0006475195650000001	0.0002435426	0.00025996778099999997	0.0	0.0	0.0	0.0	0.0
-8.804	0.0013821903	0.00311164428	0.0001251333	0.00102078738	0.0	0.0	0.0	0.0	0.0
-8.776	0.005710008100000001	0.012999138740000001	0.0003751087	0.0042322568	0.0	0.0	0.0	0.0	0.0
-8.748	0.020422279100000006	0.04651096844000001	0.0013246339999999999	0.0151389608	0.0	0.0	0.0	0.0	0.0
-8.720	0.062556156	0.1424502601	0.004055173	0.0463698893	0.0	0.0	0.0	0.0	0.0
-8.692	0.16402983000000002	0.3735551818	0.010634820000000001	0.121591125	0.0	0.0	0.0	0.0	0.0
-8.664	0.36824963	0.838634649	0.02387333	0.272956196	0.0	0.0	0.0	0.0	0.0
-8.636	0.7076880300000001	1.611869184	0.04588524	0.5246071440000001	0.0	0.0	0.0	0.0	0.0
-8.608	1.1644559299999995	2.65215009	0.0755033	0.8633616399999998	0.0	0.0	0.0	0.0	0.0
-8.580	1.6406498099999998	3.7365539389999993	0.10637449999999998	1.2161454699999998	0.0	0.0	0.0	0.0	0.0
-8.552	1.9790437400000003	4.5068900009999995	0.12831009999999998	1.46688508	0.0	0.0	0.0	0.0	0.0
-8.524	2.0437940599999997	4.654419045	0.1325049	1.5149140399999999	0.0	0.0	0.0	0.0	0.0
-8.495	1.80698684	4.115436719	0.117166	1.33948581	0.0	0.0	0.0	0.0	0.0
-8.467	1.3680698299999996	3.115659783	0.08869739999999998	1.01420102	0.0	0.0	0.0	0.0	0.0
-8.439	0.8868158200000001	2.019427442	0.05748753	0.657339474	0.0	0.0	0.0	0.0	0.0
-8.411	0.49208656	1.120655024	0.031902040000000007	0.364712285	0.0	0.0	0.0	0.0	0.0
-8.383	0.233784337	0.5323523498999999	0.015156689999999995	0.17329366699999998	0.0	0.0	0.0	0.0	0.0
-8.355	0.09507740599999999	0.2165595535	0.006164411999999999	0.0704840723	0.0	0.0	0.0	0.0	0.0
-8.327	0.0331118981	0.07540340663999999	0.0021467869999999994	0.0245458359	0.0	0.0	0.0	0.0	0.0
-8.299	0.009870676700000004	0.02248012015	0.0006399266999999999	0.0073168734	0.0	0.0	0.0	0.0	0.0
-8.271	0.00251878403	0.005736318102	0.0001633005	0.00186719374	0.0	0.0	0.0	0.0	0.0
-8.243	0.0005502088800000001	0.001253087194	3.567721999999999e-05	0.000407831096	0.0	0.0	0.0	0.0	0.0
-8.215	0.00010287729499999998	0.0002343210088	6.6699400000000006e-06	7.6258277e-05	0.0	0.0	0.0	0.0	0.0
-8.187	1.6465317900000004e-05	3.750039462e-05	1.0675390000000002e-06	1.2206476000000002e-05	0.0	0.0	0.0	0.0	0.0
-8.159	2.2555790299999996e-06	5.136850817e-06	1.462363e-07	1.6719538199999998e-06	0.0	0.0	0.0	0.0	0.0
-8.131	2.644519249999999e-07	6.022105181e-07	1.7144019999999998e-08	1.96023858e-07	0.0	0.0	0.0	0.0	0.0
-8.103	2.6534028200000007e-08	6.042733500999999e-08	1.7202629999999997e-09	1.9668657700000004e-08	0.0	0.0	0.0	0.0	0.0
-8.075	2.2783324e-09	5.188674767000001e-09	1.4770249999999999e-10	1.6887523299999998e-09	0.0	0.0	0.0	0.0	0.0
-8.047	1.6739531e-10	3.812531763e-10	1.085313e-11	1.2408278100000002e-10	0.0	0.0	0.0	0.0	0.0
-8.019	1.05258026e-11	2.3970488809999997e-11	6.823820000000001e-13	7.8017221e-12	0.0	0.0	0.0	0.0	0.0
-7.991	5.666620700000001e-13	1.2905210900000002e-12	3.673528000000001e-14	4.20007666e-13	0.0	0.0	0.0	0.0	0.0
-7.963	2.61539249e-14	5.956290617e-14	1.6954939999999997e-15	1.9387039199999993e-14	0.0	0.0	0.0	0.0	0.0
-7.935	0.0	0.0	0.0	0.0	0.0	0.0	0.0	0.0	0.0
-7.907	0.0	0.0	0.0	0.0	0.0	0.0	0.0	0.0	0.0
-7.878	0.0	0.0	0.0	0.0	0.0	0.0	0.0	0.0	0.0
-7.850	0.0	0.0	0.0	0.0	0.0	0.0	0.0	0.0	0.0
-7.822	0.0	0.0	0.0	0.0	0.0	0.0	0.0	0.0	0.0
-7.794	0.0	0.0	0.0	0.0	0.0	0.0	0.0	0.0	0.0
-7.766	0.0	0.0	0.0	0.0	0.0	0.0	0.0	0.0	0.0
-7.738	0.0	0.0	0.0	0.0	0.0	0.0	0.0	0.0	0.0
-7.710	0.0	0.0	0.0	0.0	0.0	0.0	0.0	0.0	0.0
-7.682	0.0	0.0	0.0	0.0	0.0	0.0	0.0	0.0	0.0
-7.654	0.0	0.0	0.0	0.0	0.0	0.0	0.0	0.0	0.0
-7.626	0.0	0.0	0.0	0.0	0.0	0.0	0.0	0.0	0.0
-7.598	0.0	0.0	0.0	0.0	0.0	0.0	0.0	0.0	0.0
-7.570	0.0	0.0	0.0	0.0	0.0	0.0	0.0	0.0	0.0
-7.542	0.0	0.0	0.0	0.0	0.0	0.0	0.0	0.0	0.0
-7.514	0.0	0.0	0.0	0.0	0.0	0.0	0.0	0.0	0.0
-7.486	0.0	0.0	0.0	0.0	0.0	0.0	0.0	0.0	0.0
-7.458	0.0	0.0	0.0	0.0	0.0	0.0	0.0	0.0	0.0
-7.430	0.0	0.0	0.0	0.0	0.0	0.0	0.0	0.0	0.0
-7.402	0.0	0.0	0.0	0.0	0.0	0.0	0.0	0.0	0.0
-7.374	8.8460922588e-16	1.78561432e-17	8.94897674e-15	7.7035047e-16	0.0	0.0	0.0	0.0	0.0
-7.346	2.229383461e-14	4.499469350000002e-16	2.255366443e-13	1.9410113000000004e-14	0.0	0.0	0.0	0.0	0.0
-7.318	4.5472635851000005e-13	9.178288700000002e-15	4.600868637e-12	3.9585954000000005e-13	0.0	0.0	0.0	0.0	0.0
-7.289	7.9384579275e-12	1.6022870020000004e-13	8.029734070000002e-11	6.912671099999999e-12	0.0	0.0	0.0	0.0	0.0
-7.261	1.1858472597999998e-10	2.3939941699999997e-12	1.199628086e-09	1.0325775400000001e-10	0.0	0.0	0.0	0.0	0.0
-7.233	1.5160379217e-09	3.060055649999999e-11	1.5336150199999997e-08	1.3200385e-09	0.0	0.0	0.0	0.0	0.0
-7.205	1.6584410053999995e-08	3.347465619999999e-10	1.677773548e-07	1.4440421000000002e-08	0.0	0.0	0.0	0.0	0.0
-7.177	1.5526889855000003e-07	3.1341030800000002e-09	1.5707492389999998e-06	1.3518315000000001e-07	0.0	0.0	0.0	0.0	0.0
-7.149	1.2440598078000003e-06	2.51097595e-08	1.258496251e-05	1.0832591e-06	0.0	0.0	0.0	0.0	0.0
-7.121	8.531887038499999e-06	1.722093248e-07	8.630635660000001e-05	7.4275858e-06	0.0	0.0	0.0	0.0	0.0
-7.093	5.0072426535000006e-05	1.010853654e-06	0.000506666313	4.3591588e-05	0.0	0.0	0.0	0.0	0.0
-7.065	0.00025164299285	5.078097180000001e-06	0.002545149583	0.00021904242000000002	0.0	0.0	0.0	0.0	0.0
-7.037	0.0010819458221999997	2.1839430999999994e-05	0.01094701711	0.0009421355500000001	0.0	0.0	0.0	0.0	0.0
-7.009	0.003983603183199999	8.039794669999999e-05	0.04029163517	0.0034683521999999997	0.0	0.0	0.0	0.0	0.0
-6.981	0.012552461860000001	0.000253356061	0.1269977816	0.010929813500000001	0.0	0.0	0.0	0.0	0.0
-6.953	0.033870930248999995	0.000683601108	0.34264220269999995	0.029488151000000004	0.0	0.0	0.0	0.0	0.0
-6.925	0.07822463032699999	0.0015790356309999998	0.7914390219999999	0.06810803	0.0	0.0	0.0	0.0	0.0
-6.897	0.15469273148999999	0.003122544189999999	1.565061787	0.13469428000000003	0.0	0.0	0.0	0.0	0.0
-6.869	0.26191211321	0.005286362230000002	2.649575356	0.22804163	0.0	0.0	0.0	0.0	0.0
-6.841	0.3796736818	0.00766243744	3.8410971129999996	0.33050018000000003	0.0	0.0	0.0	0.0	0.0
-6.813	0.471154304	0.00950955086	4.76580289	0.41021119	0.0	0.0	0.0	0.0	0.0
-6.785	0.5006192079300001	0.01010354352	5.06323573	0.43586304999999986	0.0	0.0	0.0	0.0	0.0
-6.757	0.45544454739	0.00919206907	4.6075382519999994	0.39649068000000004	0.0	0.0	0.0	0.0	0.0
-6.729	0.35472514884	0.00716037011	3.5882195739999996	0.30885746999999997	0.0	0.0	0.0	0.0	0.0
-6.701	0.23656244909999996	0.0047750853200000005	2.3930513879999995	0.20596101	0.0	0.0	0.0	0.0	0.0
-6.672	0.13506309848000006	0.0027260331600000003	1.3664070320000001	0.11759440700000001	0.0	0.0	0.0	0.0	0.0
-6.644	0.06602734975400001	0.0013325943300000005	0.667963628	0.057483139	0.0	0.0	0.0	0.0	0.0
-6.616	0.027630799081	0.0005577117200000001	0.27952841279999996	0.024058743	0.0	0.0	0.0	0.0	0.0
-6.588	0.009913308725	0.000199950177	0.1003169626	0.0086341416	0.0	0.0	0.0	0.0	0.0
-6.560	0.0031150932595000002	6.204064700000001e-05	0.03165084503	0.0027251567999999997	0.0	0.0	0.0	0.0	0.0
-6.532	0.0011683391050000002	1.9655153800000002e-05	0.012478138310000001	0.001079034	0.0	0.0	0.0	0.0	0.0
-6.504	0.0016779549388	1.8010155000000003e-05	0.019632950280000002	0.0017107824	0.0	0.0	0.0	0.0	0.0
-6.476	0.0052155339670000005	5.0459618e-05	0.06196397990000001	0.0054055177	0.0	0.0	0.0	0.0	0.0
-6.448	0.015341263523999997	0.000147388023	0.1823989895	0.015914611999999998	0.0	0.0	0.0	0.0	0.0
-6.420	0.038856769119999995	0.000373220624	0.46198822	0.040307219000000005	0.0	0.0	0.0	0.0	0.0
-6.392	0.08428197377999999	0.00080935796	1.0019827229999998	0.087429615	0.0	0.0	0.0	0.0	0.0
-6.364	0.15651610446999997	0.00150310653	1.860936708	0.16236153	0.0	0.0	0.0	0.0	0.0
-6.336	0.24890000552999997	0.0023901395500000007	2.9588217219999997	0.25816416000000003	0.0	0.0	0.0	0.0	0.0
-6.308	0.3387575417	0.0032533293600000004	4.02742188	0.35144664000000003	0.0	0.0	0.0	0.0	0.0
-6.280	0.3948127525000001	0.0037924708	4.694525969999999	0.40960747000000003	0.0	0.0	0.0	0.0	0.0
-6.252	0.3939665652	0.0037845362999999995	4.68501195	0.40863912999999996	0.0	0.0	0.0	0.0	0.0
-6.224	0.3366423604999999	0.0032406209000000004	4.0025740800000005	0.34924497	0.0	0.0	0.0	0.0	0.0
-6.196	0.24631524899999993	0.0024158180999999997	2.927752256	0.25552661	0.0	0.0	0.0	0.0	0.0
-6.168	0.15440305539999996	0.0017711913	1.833741352	0.16052837	0.0	0.0	0.0	0.0	0.0
-6.140	0.0836027659	0.0022031655	0.9832962869999998	0.08851152300000001	0.0	0.0	0.0	0.0	0.0
-6.112	0.041772746099999994	0.006223177700000001	0.45237389000000006	0.050797371	0.0	0.0	0.0	0.0	0.0
-6.083	0.028468776999999997	0.020992493399999996	0.181133524	0.056104064999999995	0.0	0.0	0.0	0.0	0.0
-6.055	0.046305635	0.063579169	0.071124844	0.128988046	0.0	0.0	0.0	0.0	0.0
-6.027	0.10913154000000001	0.16576406599999996	0.047043391999999996	0.324353311	0.0	0.0	0.0	0.0	0.0
-5.999	0.24088607000000004	0.37010518	0.07090846	0.7214125429999999	0.0	0.0	0.0	0.0	0.0
-5.971	0.45982657	0.7075009400000001	0.128343593	1.3786132480000002	0.0	0.0	0.0	0.0	0.0
-5.943	0.7525796999999999	1.15801882	0.20878002910000004	2.2566517090000002	0.0	0.0	0.0	0.0	0.0
-5.915	1.0546290000000003	1.62250266	0.2923494360000001	3.161887591	0.0	0.0	0.0	0.0	0.0
-5.887	1.2653544	1.9467988699999998	0.3507964705	3.793592487	0.0	0.0	0.0	0.0	0.0
-5.859	1.2999859999999996	2.00001445	0.3603802559	3.8975015529999997	0.0	0.0	0.0	0.0	0.0
-5.831	1.1433720000000003	1.7594726600000001	0.31691973320000005	3.4284188659999995	0.0	0.0	0.0	0.0	0.0
-5.803	0.8610273	1.3249500500000002	0.23867255099999998	2.581746837	0.0	0.0	0.0	0.0	0.0
-5.775	0.5551178	0.8542250100000001	0.1539364539	1.6648404350000001	0.0	0.0	0.0	0.0	0.0
-5.747	0.30647830000000004	0.4715228000000001	0.08495042430000001	0.9187665660999998	0.0	0.0	0.0	0.0	0.0
-5.719	0.14482504000000002	0.222887187	0.040146603370000006	0.4342217388	0.0	0.0	0.0	0.0	0.0
-5.691	0.05859775	0.09016679999999999	0.01623777882	0.17564616010000006	0.0	0.0	0.0	0.0	0.0
-5.663	0.020296728000000003	0.031232669000000005	0.005626480528	0.060856633009999994	0.0	0.0	0.0	0.0	0.0
-5.635	0.0060184	0.009262047	0.0016679108060000003	0.01804695537	0.0	0.0	0.0	0.0	0.0
-5.607	0.0015276895999999998	0.00235042983	0.0004234573626	0.004580237201999999	0.0	0.0	0.0	0.0	0.0
-5.579	0.00033196398	0.0005108574100000001	9.20193682e-05	0.0009952816756	0.0	0.0	0.0	0.0	0.0
-5.551	6.174145000000001e-05	9.5013524e-05	1.711814708e-05	0.0001851666212	0.0	0.0	0.0	0.0	0.0
-5.523	9.829673e-06	1.5126244500000001e-05	2.724350986e-06	2.9467981760000005e-05	0.0	0.0	0.0	0.0	0.0
-5.495	1.3394145e-06	2.06122902e-06	3.7127448409999994e-07	4.015678792e-06	0.0	0.0	0.0	0.0	0.0
-5.466	1.5618862000000002e-07	2.4034328999999996e-07	4.329990325e-08	4.683135157e-07	0.0	0.0	0.0	0.0	0.0
-5.438	1.5589246e-08	2.3987111200000004e-08	4.321260430999999e-09	4.6743716909999994e-08	0.0	0.0	0.0	0.0	0.0
-5.410	1.331465e-09	2.04850036e-09	3.690792485e-10	3.991747264e-09	0.0	0.0	0.0	0.0	0.0
-5.382	9.731304e-11	1.49761099e-10	2.69769507e-11	2.9180022419999996e-10	0.0	0.0	0.0	0.0	0.0
-5.354	6.087381000000001e-12	9.367049799999999e-12	1.6870957380000003e-12	1.824839157e-11	0.0	0.0	0.0	0.0	0.0
-5.326	3.2492674e-13	5.0003039e-13	9.006818289999998e-14	9.742207555e-13	0.0	0.0	0.0	0.0	0.0
-5.298	1.5736993999999996e-14	2.42131427e-14	4.36251277e-15	4.718575687999999e-14	0.0	0.0	0.0	0.0	0.0
-5.270	0.0	0.0	0.0	0.0	0.0	0.0	0.0	0.0	0.0
-5.242	0.0	0.0	0.0	0.0	0.0	0.0	0.0	0.0	0.0
-5.214	0.0	0.0	0.0	0.0	0.0	0.0	0.0	0.0	0.0
-5.186	0.0	0.0	0.0	0.0	0.0	0.0	0.0	0.0	0.0
-5.158	0.0	0.0	0.0	0.0	0.0	0.0	0.0	0.0	0.0
-5.130	0.0	0.0	0.0	0.0	0.0	0.0	0.0	0.0	0.0
-5.102	0.0	0.0	0.0	0.0	0.0	0.0	0.0	0.0	0.0
-5.074	0.0	0.0	0.0	0.0	0.0	0.0	0.0	0.0	0.0
-5.046	0.0	0.0	0.0	0.0	0.0	0.0	0.0	0.0	0.0
-5.018	0.0	0.0	0.0	0.0	0.0	0.0	0.0	0.0	0.0
-4.990	0.0	0.0	0.0	0.0	0.0	0.0	0.0	0.0	0.0
-4.962	0.0	0.0	0.0	0.0	0.0	0.0	0.0	0.0	0.0
-4.934	0.0	0.0	0.0	0.0	0.0	0.0	0.0	0.0	0.0
-4.906	0.0	0.0	0.0	0.0	0.0	0.0	0.0	0.0	0.0
-4.877	0.0	0.0	0.0	0.0	0.0	0.0	0.0	0.0	0.0
-4.849	0.0	0.0	0.0	0.0	0.0	0.0	0.0	0.0	0.0
-4.821	0.0	0.0	0.0	0.0	0.0	0.0	0.0	0.0	0.0
-4.793	0.0	0.0	0.0	0.0	0.0	0.0	0.0	0.0	0.0
-4.765	0.0	0.0	0.0	0.0	0.0	0.0	0.0	0.0	0.0
-4.737	0.0	0.0	0.0	0.0	0.0	0.0	0.0	0.0	0.0
-4.709	0.0	0.0	0.0	0.0	0.0	0.0	0.0	0.0	0.0
-4.681	0.0	0.0	0.0	0.0	0.0	0.0	0.0	0.0	0.0
-4.653	0.0	0.0	0.0	0.0	0.0	0.0	0.0	0.0	0.0
-4.625	0.0	0.0	0.0	0.0	0.0	0.0	0.0	0.0	0.0
-4.597	0.0	0.0	0.0	0.0	0.0	0.0	0.0	0.0	0.0
-4.569	0.0	0.0	0.0	0.0	0.0	0.0	0.0	0.0	0.0
-4.541	0.0	0.0	0.0	0.0	0.0	0.0	0.0	0.0	0.0
-4.513	0.0	0.0	0.0	0.0	0.0	0.0	0.0	0.0	0.0
-4.485	0.0	0.0	0.0	0.0	0.0	0.0	0.0	0.0	0.0
-4.457	0.0	0.0	0.0	0.0	0.0	0.0	0.0	0.0	0.0
-4.429	0.0	0.0	0.0	0.0	0.0	0.0	0.0	0.0	0.0
-4.401	0.0	0.0	0.0	0.0	0.0	0.0	0.0	0.0	0.0
-4.373	0.0	0.0	0.0	0.0	0.0	0.0	0.0	0.0	0.0
-4.345	0.0	0.0	0.0	0.0	0.0	0.0	0.0	0.0	0.0
-4.317	0.0	0.0	0.0	0.0	0.0	0.0	0.0	0.0	0.0
-4.289	0.0	0.0	0.0	0.0	0.0	0.0	0.0	0.0	0.0
-4.260	0.0	0.0	0.0	0.0	0.0	0.0	0.0	0.0	0.0
-4.232	0.0	0.0	0.0	0.0	0.0	0.0	0.0	0.0	0.0
-4.204	0.0	0.0	0.0	0.0	0.0	0.0	0.0	0.0	0.0
-4.176	0.0	0.0	0.0	0.0	0.0	0.0	0.0	0.0	0.0
-4.148	0.0	0.0	0.0	0.0	0.0	0.0	0.0	0.0	0.0
-4.120	0.0	0.0	0.0	0.0	0.0	0.0	0.0	0.0	0.0
-4.092	0.0	0.0	0.0	0.0	0.0	0.0	0.0	0.0	0.0
-4.064	0.0	0.0	0.0	0.0	0.0	0.0	0.0	0.0	0.0
-4.036	0.0	0.0	0.0	0.0	0.0	0.0	0.0	0.0	0.0
-4.008	0.0	0.0	0.0	0.0	0.0	0.0	0.0	0.0	0.0
-3.980	0.0	0.0	0.0	0.0	0.0	0.0	0.0	0.0	0.0
-3.952	0.0	0.0	0.0	0.0	0.0	0.0	0.0	0.0	0.0
-3.924	0.0	0.0	0.0	0.0	0.0	0.0	0.0	0.0	0.0
-3.896	0.0	0.0	0.0	0.0	0.0	0.0	0.0	0.0	0.0
-3.868	0.0	0.0	0.0	0.0	0.0	0.0	0.0	0.0	0.0
-3.840	0.0	0.0	0.0	0.0	0.0	0.0	0.0	0.0	0.0
-3.812	0.0	0.0	0.0	0.0	0.0	0.0	0.0	0.0	0.0
-3.784	0.0	0.0	0.0	0.0	0.0	0.0	0.0	0.0	0.0
-3.756	0.0	0.0	0.0	0.0	0.0	0.0	0.0	0.0	0.0
-3.728	0.0	0.0	0.0	0.0	0.0	0.0	0.0	0.0	0.0
-3.700	0.0	0.0	0.0	0.0	0.0	0.0	0.0	0.0	0.0
-3.671	0.0	0.0	0.0	0.0	0.0	0.0	0.0	0.0	0.0
-3.643	0.0	0.0	0.0	0.0	0.0	0.0	0.0	0.0	0.0
-3.615	0.0	0.0	0.0	0.0	0.0	0.0	0.0	0.0	0.0
-3.587	0.0	0.0	0.0	0.0	0.0	0.0	0.0	0.0	0.0
-3.559	0.0	0.0	0.0	0.0	0.0	0.0	0.0	0.0	0.0
-3.531	0.0	0.0	0.0	0.0	0.0	0.0	0.0	0.0	0.0
-3.503	0.0	0.0	0.0	0.0	0.0	0.0	0.0	0.0	0.0
-3.475	0.0	0.0	0.0	0.0	0.0	0.0	0.0	0.0	0.0
-3.447	0.0	0.0	0.0	0.0	0.0	0.0	0.0	0.0	0.0
-3.419	0.0	0.0	0.0	0.0	0.0	0.0	0.0	0.0	0.0
-3.391	0.0	0.0	0.0	0.0	0.0	0.0	0.0	0.0	0.0
-3.363	0.0	0.0	0.0	0.0	0.0	0.0	0.0	0.0	0.0
-3.335	0.0	0.0	0.0	0.0	0.0	0.0	0.0	0.0	0.0
-3.307	0.0	0.0	0.0	0.0	0.0	0.0	0.0	0.0	0.0
-3.279	0.0	0.0	0.0	0.0	0.0	0.0	0.0	0.0	0.0
-3.251	0.0	0.0	0.0	0.0	0.0	0.0	0.0	0.0	0.0
-3.223	0.0	0.0	0.0	0.0	0.0	0.0	0.0	0.0	0.0
-3.195	0.0	0.0	0.0	0.0	0.0	0.0	0.0	0.0	0.0
-3.167	0.0	0.0	0.0	0.0	0.0	0.0	0.0	0.0	0.0
-3.139	0.0	0.0	0.0	0.0	0.0	0.0	0.0	0.0	0.0
-3.111	0.0	0.0	0.0	0.0	0.0	0.0	0.0	0.0	0.0
-3.083	0.0	0.0	0.0	0.0	0.0	0.0	0.0	0.0	0.0
-3.054	0.0	0.0	0.0	0.0	0.0	0.0	0.0	0.0	0.0
-3.026	0.0	0.0	0.0	0.0	0.0	0.0	0.0	0.0	0.0
-2.998	0.0	0.0	0.0	0.0	0.0	0.0	0.0	0.0	0.0
-2.970	0.0	0.0	0.0	0.0	0.0	0.0	0.0	0.0	0.0
-2.942	0.0	0.0	0.0	0.0	0.0	0.0	0.0	0.0	0.0
-2.914	0.0	0.0	0.0	0.0	0.0	0.0	0.0	0.0	0.0
-2.886	0.0	0.0	0.0	0.0	0.0	0.0	0.0	0.0	0.0
-2.858	0.0	0.0	0.0	0.0	0.0	0.0	0.0	0.0	0.0
-2.830	0.0	0.0	0.0	0.0	0.0	0.0	0.0	0.0	0.0
-2.802	0.0	0.0	0.0	0.0	0.0	0.0	0.0	0.0	0.0
-2.774	0.0	0.0	0.0	0.0	0.0	0.0	0.0	0.0	0.0
-2.746	0.0	0.0	0.0	0.0	0.0	0.0	0.0	0.0	0.0
-2.718	0.0	0.0	0.0	0.0	0.0	0.0	0.0	0.0	0.0
-2.690	0.0	0.0	0.0	0.0	0.0	0.0	0.0	0.0	0.0
-2.662	0.0	0.0	0.0	0.0	0.0	0.0	0.0	0.0	0.0
-2.634	0.0	0.0	0.0	0.0	0.0	0.0	0.0	0.0	0.0
-2.606	0.0	0.0	0.0	0.0	0.0	0.0	0.0	0.0	0.0
-2.578	0.0	0.0	0.0	0.0	0.0	0.0	0.0	0.0	0.0
-2.550	0.0	0.0	0.0	0.0	0.0	0.0	0.0	0.0	0.0
-2.522	0.0	0.0	0.0	0.0	0.0	0.0	0.0	0.0	0.0
-2.494	0.0	0.0	0.0	0.0	0.0	0.0	0.0	0.0	0.0
-2.465	0.0	0.0	0.0	0.0	0.0	0.0	0.0	0.0	0.0
-2.437	0.0	0.0	0.0	0.0	0.0	0.0	0.0	0.0	0.0
-2.409	0.0	0.0	0.0	0.0	0.0	0.0	0.0	0.0	0.0
-2.381	0.0	0.0	0.0	0.0	0.0	0.0	0.0	0.0	0.0
-2.353	0.0	0.0	0.0	0.0	0.0	0.0	0.0	0.0	0.0
-2.325	0.0	0.0	0.0	0.0	0.0	0.0	0.0	0.0	0.0
-2.297	0.0	0.0	0.0	0.0	0.0	0.0	0.0	0.0	0.0
-2.269	0.0	0.0	0.0	0.0	0.0	0.0	0.0	0.0	0.0
-2.241	0.0	0.0	0.0	0.0	0.0	0.0	0.0	0.0	0.0
-2.213	0.0	0.0	0.0	0.0	0.0	0.0	0.0	0.0	0.0
-2.185	0.0	0.0	0.0	0.0	0.0	0.0	0.0	0.0	0.0
-2.157	0.0	0.0	0.0	0.0	0.0	0.0	0.0	0.0	0.0
-2.129	0.0	0.0	0.0	0.0	0.0	0.0	0.0	0.0	0.0
-2.101	0.0	0.0	0.0	0.0	0.0	0.0	0.0	0.0	0.0
-2.073	0.0	0.0	0.0	0.0	0.0	0.0	0.0	0.0	0.0
-2.045	0.0	0.0	0.0	0.0	0.0	0.0	0.0	0.0	0.0
-2.017	0.0	0.0	0.0	0.0	0.0	0.0	0.0	0.0	0.0
-1.989	0.0	0.0	0.0	0.0	0.0	0.0	0.0	0.0	0.0
-1.961	0.0	0.0	0.0	0.0	0.0	0.0	0.0	0.0	0.0
-1.933	0.0	0.0	0.0	0.0	0.0	0.0	0.0	0.0	0.0
-1.905	0.0	0.0	0.0	0.0	0.0	0.0	0.0	0.0	0.0
-1.877	0.0	0.0	0.0	0.0	0.0	0.0	0.0	0.0	0.0
-1.848	2.2799473269999997e-16	3.02563398e-18	3.407070078e-15	2.8969151900000003e-16	0.0	0.0	0.0	0.0	0.0
-1.820	5.014827439999999e-15	6.656842549999998e-17	7.493439978999998e-14	6.373358e-15	0.0	0.0	0.0	0.0	0.0
-1.792	1.0726087630000001e-13	1.42362101e-15	1.6025880812999996e-12	1.3630495700000002e-13	0.0	0.0	0.0	0.0	0.0
-1.764	1.975252655e-12	2.6214679100000003e-14	2.9516676509999996e-11	2.5102554800000003e-12	0.0	0.0	0.0	0.0	0.0
-1.736	3.111126715e-11	4.1290193499999997e-13	4.64841082e-10	3.952984020000001e-11	0.0	0.0	0.0	0.0	0.0
-1.708	4.192249010000001e-10	5.5640662499999996e-12	6.263775937e-09	5.32824436e-10	0.0	0.0	0.0	0.0	0.0
-1.680	4.83484023e-09	6.41621873e-11	7.223729862e-08	6.1440143e-09	0.0	0.0	0.0	0.0	0.0
-1.652	4.771572810000001e-08	6.33286909e-10	7.129368817999999e-07	6.0643754e-08	0.0	0.0	0.0	0.0	0.0
-1.624	4.02988243e-07	5.349015620000001e-09	6.021671999000001e-06	5.121273270000001e-07	0.0	0.0	0.0	0.0	0.0
-1.596	2.913634558000001e-06	3.8666043600000004e-08	4.352731144e-05	3.7028122100000004e-06	0.0	0.0	0.0	0.0	0.0
-1.568	1.802658145e-05	2.3923811699999996e-07	0.00026934522549999996	2.2907753700000004e-05	0.0	0.0	0.0	0.0	0.0
-1.540	9.545787340000003e-05	1.266960121e-06	0.0014263558417	0.000121312153	0.0	0.0	0.0	0.0	0.0
-1.512	0.00043273890499999986	5.743171610000001e-06	0.006466400904	0.0005498983800000002	0.0	0.0	0.0	0.0	0.0
-1.484	0.00167936286	2.2286719199999996e-05	0.025091570730000002	0.0021339618799999997	0.0	0.0	0.0	0.0	0.0
-1.456	0.00557816179	7.40305522e-05	0.08335347411	0.007088851800000001	0.0	0.0	0.0	0.0	0.0
-1.428	0.015864388289999996	0.000210551689	0.2370178158	0.0201604366	0.0	0.0	0.0	0.0	0.0
-1.400	0.0386164272	0.000512552292	0.5770605943	0.0490807696	0.0	0.0	0.0	0.0	0.0
-1.372	0.0805052846	0.001068340313	1.2028239981	0.10229221599999998	0.0	0.0	0.0	0.0	0.0
-1.344	0.14365258109999995	0.0019062779799999998	2.146203237	0.182545047	0.0	0.0	0.0	0.0	0.0
-1.316	0.2194714851	0.00291253312	3.278573755	0.278894674	0.0	0.0	0.0	0.0	0.0
-1.288	0.2870813064	0.00380966794	4.289884732	0.364757083	0.0	0.0	0.0	0.0	0.0
-1.260	0.32145987299999984	0.00426611344	4.804707429	0.408521358	0.0	0.0	0.0	0.0	0.0
-1.231	0.3083089927	0.004091420360000001	4.606416466000001	0.391772397	0.0	0.0	0.0	0.0	0.0
-1.203	0.2531100602	0.0033593072300000006	3.781719362	0.32168412300000004	0.0	0.0	0.0	0.0	0.0
-1.175	0.17793916339999993	0.00236358979	2.659852027	0.22622725500000002	0.0	0.0	0.0	0.0	0.0
-1.147	0.1072768618	0.00143317049	1.6074931932	0.136750574	0.0	0.0	0.0	0.0	0.0
-1.119	0.05602090619999999	0.0007790119999999999	0.8545268669	0.07274836800000001	0.0	0.0	0.0	0.0	0.0
-1.091	0.02711809051	0.000474344	0.46112590099999995	0.039491680999999994	0.0	0.0	0.0	0.0	0.0
-1.063	0.016882619340000002	0.0005399790999999998	0.40665826599999993	0.035333013	0.0	0.0	0.0	0.0	0.0
-1.035	0.021147098409999995	0.0010273029999999998	0.6809405730000001	0.059673935000000004	0.0	0.0	0.0	0.0	0.0
-1.007	0.03759800856000001	0.0020095889999999996	1.30003893	0.11415586300000002	0.0	0.0	0.0	0.0	0.0
-0.979	0.06390188605000001	0.0034645077999999993	2.2336707099999997	0.19615589	0.0	0.0	0.0	0.0	0.0
-0.951	0.09450925719	0.0051341890999999995	3.30864273	0.29056543999999995	0.0	0.0	0.0	0.0	0.0
-0.923	0.11997312187999998	0.0065185749	4.1999873899999995	0.36889519000000004	0.0	0.0	0.0	0.0	0.0
-0.895	0.13040266569	0.0070853231699999995	4.565797170000001	0.40094888	0.0	0.0	0.0	0.0	0.0
-0.867	0.12137712020000001	0.006594764069999998	4.24965701	0.37321162999999996	0.0	0.0	0.0	0.0	0.0
-0.839	0.09672426581999999	0.0052555627	3.38664466	0.29741242	0.0	0.0	0.0	0.0	0.0
-0.811	0.06598897976000001	0.00358544648	2.3105998	0.20291213000000002	0.0	0.0	0.0	0.0	0.0
-0.783	0.03854921357	0.00209448557	1.3496909700000002	0.11853821499999999	0.0	0.0	0.0	0.0	0.0
-0.755	0.019276060509999998	0.0010474842900000001	0.674999581	0.059279853	0.0	0.0	0.0	0.0	0.0
-0.727	0.008254548969000004	0.00044852678899999997	0.28900411299999995	0.025379719999999998	0.0	0.0	0.0	0.0	0.0
-0.699	0.003025578337	0.00016438968499999997	0.105934173	0.0093039189	0.0	0.0	0.0	0.0	0.0
-0.671	0.0009493990253	5.15889243e-05	0.0332422991	0.0029193062	0.0	0.0	0.0	0.0	0.0
-0.642	0.00025501403210000003	1.3858135799999999e-05	0.008931174870000001	0.0007842058699999999	0.0	0.0	0.0	0.0	0.0
-0.614	5.865358993e-05	3.1868104200000007e-06	0.00205357212	0.00018033608000000002	0.0	0.0	0.0	0.0	0.0
-0.586	1.1544127770999998e-05	6.27293956e-07	0.000404224486	3.5498002000000003e-05	0.0	0.0	0.0	0.0	0.0
-0.558	1.9454157439999996e-06	1.0569713999999999e-07	6.809849319999999e-05	5.9802393e-06	0.0	0.0	0.0	0.0	0.0
-0.530	2.804412158e-07	1.5240393299999997e-08	9.820628089999999e-06	8.624202399999999e-07	0.0	0.0	0.0	0.0	0.0
-0.502	3.463068066000001e-08	1.88630297e-09	1.2121536900000002e-06	1.0646119199999998e-07	0.0	0.0	0.0	0.0	0.0
-0.474	3.8449521e-09	2.65786757e-10	1.2806878199999998e-07	1.1323026e-08	0.0	0.0	0.0	0.0	0.0
-0.446	2.4777158999999995e-09	7.8562868e-10	1.1894268e-08	1.9098505999999998e-09	0.0	0.0	0.0	0.0	0.0
-0.418	2.1057224999999997e-08	7.5215599e-09	4.0219538e-09	8.8294172e-09	0.0	0.0	0.0	0.0	0.0
-0.390	1.7632496e-07	6.305380509999999e-08	2.6271515e-08	7.3360781e-08	0.0	0.0	0.0	0.0	0.0
-0.362	1.2651157000000002e-06	4.5236918600000003e-07	1.8807060000000005e-07	5.263507e-07	0.0	0.0	0.0	0.0	0.0
-0.334	7.769432000000001e-06	2.77795339e-06	1.1549600000000001e-06	3.2322943e-06	0.0	0.0	0.0	0.0	0.0
-0.306	4.0831879999999996e-05	1.46025523e-05	6.070853799999999e-06	1.6989886e-05	0.0	0.0	0.0	0.0	0.0
-0.278	0.00018374238000000003	6.57099406e-05	2.7315724e-05	7.6445117e-05	0.0	0.0	0.0	0.0	0.0
-0.250	0.0007075747000000001	0.00025305036099999997	0.00010521203000000001	0.00029446828	0.0	0.0	0.0	0.0	0.0
-0.222	0.002333413	0.000834383708	0.0003468712399999999	0.00097088038	0.0	0.0	0.0	0.0	0.0
-0.194	0.00658712	0.0023551775	0.0009790976000000002	0.0027402692999999997	0.0	0.0	0.0	0.0	0.0
-0.166	0.015915273	0.005691262220000001	0.0023659715000000003	0.0066215198000000005	0.0	0.0	0.0	0.0	0.0
-0.138	0.032930749999999995	0.011772192599999998	0.004894773099999999	0.013699997200000001	0.0	0.0	0.0	0.0	0.0
-0.110	0.05832176	0.0208546291	0.008670326	0.024265528999999997	0.0	0.0	0.0	0.0	0.0
-0.082	0.08843972	0.0316246782	0.013146886000000003	0.036794141999999995	0.0	0.0	0.0	0.0	0.0
-0.054	0.11482048	0.041066090000000006	0.017072270000000004	0.047778966	0.0	0.0	0.0	0.0	0.0
-0.025	0.1276832	0.045665460100000006	0.018983278999999995	0.053134232999999996	0.0	0.0	0.0	0.0	0.0
0.003	0.12169238999999998	0.0435327264	0.018089404	0.050635367	0.0	0.0	0.0	0.0	0.0
0.031	0.09977301999999999	0.0357383929	0.014824387999999999	0.041545019	0.0	0.0	0.0	0.0	0.0
0.059	0.07140766999999999	0.0257305838	0.010592951999999997	0.029802456999999997	0.0	0.0	0.0	0.0	0.0
0.087	0.04732234	0.017444897	0.006982974	0.019932465000000003	0.0	0.0	0.0	0.0	0.0
0.115	0.03467279	0.013585805999999999	0.005049983	0.01496071	0.0	0.0	0.0	0.0	0.0
0.143	0.035432069999999996	0.015018721000000002	0.005098606	0.015767231	0.0	0.0	0.0	0.0	0.0
0.171	0.04723422000000001	0.020927736000000002	0.0068091589999999995	0.021348677	0.0	0.0	0.0	0.0	0.0
0.199	0.0646336	0.029177349999999998	0.009427665000000003	0.029323301999999996	0.0	0.0	0.0	0.0	0.0
0.227	0.08063390000000001	0.036828200000000005	0.011953146999999999	0.03657987000000001	0.0	0.0	0.0	0.0	0.0
0.255	0.08891745	0.041043930000000006	0.013430563	0.04028428900000001	0.0	0.0	0.0	0.0	0.0
0.283	0.0862294	0.04028419	0.01329702	0.03902013599999999	0.0	0.0	0.0	0.0	0.0
0.311	0.073725713	0.035001519999999994	0.011619101	0.03337868799999999	0.0	0.0	0.0	0.0	0.0
0.339	0.056230206000000005	0.027548039999999996	0.009061029000000002	0.025676257999999997	0.0	0.0	0.0	0.0	0.0
0.367	0.040176487999999996	0.021470279999999998	0.006622192999999999	0.019062179999999998	0.0	0.0	0.0	0.0	0.0
0.395	0.031787866	0.02080083	0.005359333	0.016774366	0.0	0.0	0.0	0.0	0.0
0.423	0.03619693	0.02939522	0.006208105000000001	0.021611012000000006	0.0	0.0	0.0	0.0	0.0
0.451	0.056602059999999996	0.049736680000000005	0.00982407	0.035212571	0.0	0.0	0.0	0.0	0.0
0.479	0.09233102	0.08070838	0.016293150000000003	0.05672133000000001	0.0	0.0	0.0	0.0	0.0
0.507	0.13644786	0.11581938000000001	0.02489875	0.08154826999999999	0.0	0.0	0.0	0.0	0.0
0.535	0.17602310000000002	0.14429287999999998	0.03444778	0.10231730000000001	0.0	0.0	0.0	0.0	0.0
0.564	0.1974734	0.15623618	0.04442304000000001	0.11231671000000001	0.0	0.0	0.0	0.0	0.0
0.592	0.1944959	0.14894675	0.056094500000000005	0.10993341999999999	0.0	0.0	0.0	0.0	0.0
0.620	0.1722595	0.12860020000000003	0.071892	0.09949351	0.0	0.0	0.0	0.0	0.0
0.648	0.14357730000000002	0.1058265	0.09260140000000001	0.08791399	0.0	0.0	0.0	0.0	0.0
0.676	0.1206761	0.08886690000000001	0.1146141	0.07989670000000001	0.0	0.0	0.0	0.0	0.0
0.704	0.1096221	0.08017519999999999	0.1304534	0.07625458999999998	0.0	0.0	0.0	0.0	0.0
0.732	0.1110861	0.07836090000000001	0.1334193	0.07610741000000001	0.0	0.0	0.0	0.0	0.0
0.760	0.1239303	0.08151819999999999	0.1226541	0.07984023	0.0	0.0	0.0	0.0	0.0
0.788	0.14620310000000003	0.0885821	0.103823	0.08926875000000001	0.0	0.0	0.0	0.0	0.0
0.816	0.17345229999999998	0.0980879	0.08501339999999999	0.10500899999999999	0.0	0.0	0.0	0.0	0.0
0.844	0.1974665	0.10695930000000001	0.0714968	0.12415219999999999	0.0	0.0	0.0	0.0	0.0
0.872	0.2088602	0.1112134	0.0636127	0.14071860000000003	0.0	0.0	0.0	0.0	0.0
0.900	0.2017389	0.1080365	0.058481899999999996	0.1484802	0.0	0.0	0.0	0.0	0.0
0.928	0.17706159999999999	0.09717429999999999	0.052929	0.1439515	0.0	0.0	0.0	0.0	0.0
0.956	0.1414257	0.0806914	0.045337199999999994	0.1275768	0.0	0.0	0.0	0.0	0.0
0.984	0.10324129999999998	0.0617607	0.03588793	0.1029405	0.0	0.0	0.0	0.0	0.0
1.012	0.0690538	0.043406200000000006	0.025883240000000002	0.0752078	0.0	0.0	0.0	0.0	0.0
1.040	0.0422558	0.027817300000000003	0.01682517	0.04938345	0.0	0.0	0.0	0.0	0.0
1.068	0.0235199	0.01609139	0.009766529999999999	0.02888973	0.0	0.0	0.0	0.0	0.0
1.096	0.0117912	0.00831261	0.005020490000000001	0.01493688	0.0	0.0	0.0	0.0	0.0
1.124	0.00526811	0.00379766	0.002268861	0.006779106	0.0	0.0	0.0	0.0	0.0
1.152	0.002077449	0.001521409	0.0008962769999999998	0.002684649	0.0	0.0	0.0	0.0	0.0
1.181	0.0007171389999999999	0.000531138	0.00030809660000000004	0.0009240132000000001	0.0	0.0	0.0	0.0	0.0
1.209	0.0002154301	0.0001608519	9.183772e-05	0.0002755319	0.0	0.0	0.0	0.0	0.0
1.237	5.6063499999999996e-05	4.209908e-05	2.3674060000000005e-05	7.098633e-05	0.0	0.0	0.0	0.0	0.0
1.265	1.2597040000000001e-05	9.49892e-06	5.266589e-06	1.577926e-05	0.0	0.0	0.0	0.0	0.0
1.293	2.438898e-06	1.844803e-06	1.009748e-06	3.021187e-06	0.0	0.0	0.0	0.0	0.0
1.321	4.060303e-07	3.079968e-07	1.6660362e-07	4.978368e-07	0.0	0.0	0.0	0.0	0.0
1.349	5.8094000000000004e-08	4.4139710000000004e-08	2.3633239000000004e-08	7.051366e-08	0.0	0.0	0.0	0.0	0.0
1.377	7.133910000000001e-09	5.42868e-09	2.8802108e-09	8.58219e-09	0.0	0.0	0.0	0.0	0.0
1.405	7.51484e-10	5.726964999999999e-10	3.0137256e-10	8.967497000000001e-10	0.0	0.0	0.0	0.0	0.0
1.433	6.787809999999999e-11	5.1776319999999996e-11	2.7057751999999996e-11	8.041019e-11	0.0	0.0	0.0	0.0	0.0
1.461	5.254242e-12	4.011446999999999e-12	2.0836874999999997e-12	6.185378999999999e-12	0.0	0.0	0.0	0.0	0.0
1.489	3.484241e-13	2.661836e-13	1.3758592000000003e-13	4.0796879999999994e-13	0.0	0.0	0.0	0.0	0.0
1.517	1.9781969999999997e-14	1.5125409e-14	7.77987e-15	2.3052049999999997e-14	0.0	0.0	0.0	0.0	0.0
1.545	9.69378e-16	7.416667e-16	3.7960270999999995e-16	1.1237013e-15	0.0	0.0	0.0	0.0	0.0
1.573	3.157813e-17	2.4220929999999998e-17	1.2133717999999998e-17	3.5743359999999995e-17	0.0	0.0	0.0	0.0	0.0
1.601	0.0	0.0	0.0	0.0	0.0	0.0	0.0	0.0	0.0
1.629	0.0	0.0	0.0	0.0	0.0	0.0	0.0	0.0	0.0
1.657	0.0	0.0	0.0	0.0	0.0	0.0	0.0	0.0	0.0
1.685	0.0	0.0	0.0	0.0	0.0	0.0	0.0	0.0	0.0
1.713	0.0	0.0	0.0	0.0	0.0	0.0	0.0	0.0	0.0
1.741	0.0	0.0	0.0	0.0	0.0	0.0	0.0	0.0	0.0
1.770	0.0	0.0	0.0	0.0	0.0	0.0	0.0	0.0	0.0
1.798	0.0	0.0	0.0	0.0	0.0	0.0	0.0	0.0	0.0
1.826	0.0	0.0	0.0	0.0	0.0	0.0	0.0	0.0	0.0
1.854	0.0	0.0	0.0	0.0	0.0	0.0	0.0	0.0	0.0
1.882	0.0	0.0	0.0	0.0	0.0	0.0	0.0	0.0	0.0
1.910	0.0	0.0	0.0	0.0	0.0	0.0	0.0	0.0	0.0
1.938	0.0	0.0	0.0	0.0	0.0	0.0	0.0	0.0	0.0
1.966	0.0	0.0	0.0	0.0	0.0	0.0	0.0	0.0	0.0
1.994	0.0	0.0	0.0	0.0	0.0	0.0	0.0	0.0	0.0
2.022	0.0	0.0	0.0	0.0	0.0	0.0	0.0	0.0	0.0
2.050	0.0	0.0	0.0	0.0	0.0	0.0	0.0	0.0	0.0
2.078	0.0	0.0	0.0	0.0	0.0	0.0	0.0	0.0	0.0
2.106	0.0	0.0	0.0	0.0	0.0	0.0	0.0	0.0	0.0
2.134	0.0	0.0	0.0	0.0	0.0	0.0	0.0	0.0	0.0
2.162	0.0	0.0	0.0	0.0	0.0	0.0	0.0	0.0	0.0
2.190	0.0	0.0	0.0	0.0	0.0	0.0	0.0	0.0	0.0
2.218	0.0	0.0	0.0	0.0	0.0	0.0	0.0	0.0	0.0
2.246	0.0	0.0	0.0	0.0	0.0	0.0	0.0	0.0	0.0
