Molecule	PC1	PC2	PC3	PC4	PC5	PC6	PC7	PC8	PC9	PC10	PC11	PC12	PC13	PC14	PC15	PC16	PC17	PC18	PC19	PC20	PC21	PC22	PC23	PC24	PC25	PC26	PC27	PC28
1,1,1,2-Tetrachloroethane	-0.28064825415799266	6.376375653603324	8.957942355576323	-0.4056874785987841	-4.332595179327472	1.82538191648413	4.754374205676829	-2.8507291412007434	-3.226878543132374	0.6223468766613101	8.323363927935485	-0.7054635635362172	-3.7264503223963197	-1.6090594543653236	-5.2743840639752015	3.9088056935103377	3.034210663654686	4.238088349152462	4.285164236897341	0.43162502308231915	2.661613455010633	-0.03048203797533369	1.7601118671861795	4.589520673482094	2.2455767411848018	2.0025233879929596	0.005191853882031025	3.563467121883502
1,1,1,3,3,3-Hexafluoro-2-propanol	-0.8412120824861842	15.228849671677018	10.10827145250896	7.489977448111227	13.925179577596298	-3.292891412266651	-10.879897739167228	0.5540102779523871	-1.5948958464659886	2.8655433143318283	-4.8928741725723235	-6.519498771344915	7.74537879206283	5.650816739865493	-4.850440901269346	0.6021433449967493	-2.7625178086924587	-3.486107260063832	3.980688221976065	-1.9818635988254838	0.8445243726089353	-0.5252794776391488	0.4027535818595634	3.698570667569372	-0.9198479312675117	-1.3478244755240536	1.2030149973045368	2.2266571895864415
1,1,1-Trichloroethane	-1.6333776397793756	2.598086215618854	10.52822613195417	-0.6171052219725591	-4.280492643400708	1.5470398471952096	-1.4305548979317402	-0.6330907269979241	-1.7989444108226114	2.657339591174522	5.538285730508667	1.5101323608549457	-2.9691896078989957	3.8237386887657165	-1.5953264039940411	0.4138428897900897	8.592807223172501	4.690466842677377	-1.0215519818178163	-6.340996477115312	-2.50919468467327	-1.5274314442402868	-2.535696267818764	-1.8931936443905688	-0.5918565876989397	4.941514247128617	-0.3936220505673391	-0.4167797056653584
1,1,1-Trifluoro-2-propanol	-2.808277960119138	14.116310411774181	11.327380277284618	0.15841314949172874	10.660776442790995	-2.0991643393006276	2.503277196242981	3.14616036669639	-1.9473581568417357	2.283460126616573	0.4061247461516025	1.7485451549977158	3.9349823235567403	3.033534201498742	9.837965024861864	1.5644475088558112	2.037749054485175	-0.28953898303039666	-3.7530846896796377	0.8598672442467422	-1.5718452203932356	1.958246904060436	-3.813864427638262	0.9997170299736993	2.2652587063877228	-1.2224614889892296	-0.6285659593301084	-1.642112290997498
1,1,2-trichloro-1,2,2-trifluoroethane	0.865792350585879	9.510406735288058	6.384207768889007	1.5629603134251782	-2.38336134691307	-6.63893412988907	9.768747272342004	-10.7893066587685	-1.4866317273807612	5.69820936267309	-2.040645360344875	-3.9431344122486687	0.7759180671973882	-0.6577219006254095	2.135109384825227	-8.18098805311308	3.432587975349897	-0.1940229519735385	-3.9568870311558024	0.1438617849679455	-5.554742710586592	-3.3920731253696994	4.449632051880761	5.044837675371702	-12.72435721488934	0.5216850639214516	-2.459889108601444	6.529086948114937
1,1,2-Trichloroethane	-1.4457036005385968	5.114974287535686	9.374729084595685	-1.0348845334112158	-5.767390350905495	-2.3876577412141273	1.786916463704336	-3.19049465831386	4.461368038364923	0.5192879390629019	10.954939014277471	1.7570010326937462	-4.6474898138326335	-1.4349963323742976	-0.45015756539049895	1.2954507556430086	0.6085401159246393	-0.00806557148255425	5.175800006652691	1.3173793102481235	1.0317561575164809	4.746581678069682	-4.827051817233663	5.141587032447154	-1.0259247928449284	0.3768961238514069	0.8200167679787326	-1.3964305477876977
1,1,2-Trichlorotrifluoroethane	0.09695439250108508	8.852841874008597	6.4387793165664435	0.8912438155416433	-3.497196120399864	-5.400932757668418	0.7339489507919547	-7.2622255428920885	2.8424016831138528	3.0661702200051533	1.845200823705807	-2.446179006101492	-4.419351955678116	3.4454680478879536	-7.821277312073486	2.5654036266507987	2.8900329947136028	-1.3956895735442947	-1.2236522148002678	2.459328099620045	-5.1494216209907036	5.3056268630790715	-5.874811292006043	-3.2883953225746567	1.6568621531956487	-2.886786389894252	-0.4339306245387755	1.0877081887695266
1,1-Difluoroethane	-4.544591247848039	4.164523752941423	13.337212685900463	1.3280541353593074	3.2446622115017143	7.412345051399844	2.2334278089861974	-3.3665982981178053	-0.551017077068193	3.814857705246566	-1.1515227522646905	4.533018346137256	-2.504674940835133	1.5779696622584047	3.376128241136172	-3.0560375432167635	0.6442059560949167	-7.4734618013729595	1.0478478666583444	0.7374628857738621	-1.8851536187542985	-1.8228073220440884	-0.31751622954469494	1.9246637738208014	1.551433541270574	0.9467358459408927	3.4390341785559517	-2.386631230267246
1,1-Dimethylhydrazine	-3.483099168299195	-2.293139802198615	-1.3608910907350147	-2.6962752257182685	-6.878858788097548	-3.892538404732359	0.5067917672391559	-1.340409275617058	-1.3027228989506114	-0.5768026531052775	-2.6391042014067176	-2.696309987833472	-0.4690765208827624	0.7119634167662233	4.146647847680561	-0.9991808241313217	0.5473297399293202	-3.8166065216870875	2.9277408518505585	-2.2174036555264176	2.4631629174986824	-1.7288934806119256	0.7301470493194925	0.8214365627919872	0.6031809100377483	-3.6809875558062517	-0.15467944445399456	-0.6835843233012615
1,2-dichlorobenzene	-1.3810681304397079	-7.945857896484906	-0.25406755010803256	-1.971137174724821	2.844868505759479	1.455774420627071	-1.8254271961954756	-0.9870980082903089	0.9853656392834519	-2.9674187039789444	4.383408233301732	1.4782489093731943	6.903021330336838	2.39541588302429	-3.789764375587586	3.493957066691881	0.3815656639342093	2.7293380228942254	-2.7928840146370995	-2.2588819344713245	2.0902429158098115	-3.0716822940531223	2.3074659750433733	-1.019781458652342	-0.5881842114697725	-2.8814322414560047	-2.300222507487477	0.5635284519423654
1,2-dichloroethene	-3.738353674454752	-7.294090923263063	0.5945588305528396	-1.7399898529450117	1.716204495646207	2.7654152243705616	0.793601745034268	-1.201562976327197	-4.126976911751329	-4.164123552159433	-2.2901112343988537	1.8013158652014778	-0.42828368130956934	-3.4300351536892077	1.5456951053219878	-0.3471925802667626	-4.427963741334255	-0.601558192030308	-1.0133556914920223	-4.669765654404366	0.41196361042058305	1.190500114214726	-2.2164224600680336	0.9358204946992381	-1.6850911845639465	-2.482745220987812	-2.894500533945476	1.8652652331150625
1,2-ethanediamine	-4.6894286078988845	-8.335041011694148	3.1490434413216484	-1.4109800640064407	-3.2603387264464647	0.6813677960750203	-1.575329470939059	-2.095778429212928	-0.8293533773320652	-1.1213081085602041	-2.7363618880290765	-2.1623590327845927	-0.3458771637775578	0.18993396315779448	1.4235420338892817	1.3159625124277408	1.3708145602520188	2.1056529494918825	0.2930193881949318	1.6464963903692287	0.30257614382845965	0.08007332535331044	1.2802512986435928	2.926940558985195	-0.8303773064227156	1.4389067817077938	-1.5049008181295425	1.4878253701202193
1,3-Butadiene	-4.261683354046987	-8.277776175387014	2.0629911302234287	-0.5409487784181201	0.1488549454769148	0.41014664936776113	-2.9451590052451637	-4.149800152257504	-2.266031259069349	-1.4115378097464215	-5.964387161166012	-1.3792264504293386	-0.16830063527976696	-1.7895198350442616	1.3151710786657373	1.9539416586301173	0.7193526284442474	3.015924610184569	-3.3111687778430774	5.726235388904271	2.9932994862538864	-0.7657732120189751	-2.510604890583937	3.2626010840029447	-0.14844764786907808	-4.199174973132014	-0.576310313735485	1.3758449419629204
1,4-dichlorobenzene	-2.271476184287391	-7.971394527603214	-1.2157794708538234	-3.0157657992175024	-2.491640086208914	3.029963725916008	1.9331850843988545	2.388746355714832	7.22672937398864	1.4966402548457294	4.182963938121363	8.245520053123402	4.807170239227823	-1.314149009897518	-4.4214361455771005	-1.7858497791562968	-0.14855174956041456	-1.4673162040656291	-2.3969363997089803	-2.684286124204711	3.349409114901192	-4.904786797339613	0.23273531851486198	-3.6182384042104703	-1.8492688849107648	-1.8419590314652197	-1.5479415096457045	4.419908914123064
1,4-dioxane	-3.8835982079975744	-8.31373261545142	1.486606641855394	-4.602905485675494	-1.2343143894253865	2.167244520569059	5.636046428606179	5.995780924973066	1.588055068201651	2.8200472771341976	3.5184983305411386	-2.313278197456162	0.33921973756145174	-1.4742023358245882	0.7460053423600935	1.3267891255334792	-2.4236670622310643	-4.971754928365505	2.5375393188829864	2.268657034968741	1.3618159769070017	-2.909097843611296	-3.6382993854036187	-1.3921441068194014	-3.403134819747026	-0.11500894882598016	-1.0493823644674423	2.6073723278217233
1-2-3-hexanetriol	-0.24322910376370868	15.510217335472136	-9.542348202052763	0.41412057351045317	0.9888810670787858	-1.4487840027627437	2.8872133074187714	0.661425949415764	-0.6246566123087591	-2.7721230409586237	4.0533711696052235	-1.1526360239205242	3.458464925488278	-2.069145049340269	1.4707584197231973	-1.2402989782326346	-1.446373793192553	2.9979301946038244	3.076214434234163	0.9331359317084464	0.6971839585600119	1.8467168374523952	-4.701156252904232	0.4533308162616134	2.116628199624643	-0.14870149740047425	-1.1200947692836962	0.27450671732042603
1-2-Benzenediol	-0.5313281324160611	-8.26704002247271	-5.108460413540697	-2.3391964885740695	6.088134383523214	-4.659746220853877	2.3117873485914564	-4.230665388525244	2.9129542307214655	1.456048747984743	-2.2598185116147453	6.360376152252839	-5.327314366454456	-1.2586542214858076	1.7542260385998334	2.360838495705854	-0.23658749729968914	-2.0496326768885194	1.14796311814067	-0.3228367387033615	2.8727682037277775	1.584029338201174	4.207261210507809	4.004618440052239	4.843671822162068	-3.6429509272887217	0.3205555816099798	3.9638932582370576
1-2-Dimethoxyethane	-2.7857596770981825	9.212982272078623	-6.1883534270860014	-3.940344004678484	-6.539050033112608	-2.094798160740001	-0.6854369489854553	-0.6918597894663353	-1.2140710131552326	-2.1912688411358725	2.8809044059080855	2.3220468551408064	-2.8896830313626247	0.49006694345423174	-0.9321360287227177	3.737149579219824	2.1793702019400887	-6.9777992952978245	-7.475392383814947	-0.06225033787482826	-1.6121295173024588	8.120498021314086	1.3134530467395198	-2.189677494801772	0.7961959061340862	-3.472045703144847	1.3366292152065014	0.5678903576195653
1-2-ethanediol	-4.972849268189584	6.001196163515465	3.1164569308799948	-2.611932058043907	0.003808310019020046	3.7375611106112228	-1.6083255254990447	0.5405944804025111	-2.933737441803864	-0.8661423772030679	3.72534560047528	-0.8972415039673808	0.7035528315098921	-4.656046251343676	-4.794853593970399	1.7977554357564929	1.5019138456113703	-2.6268881024702697	0.37007646269486455	0.05590764634473139	1.6326129963472995	2.5021631292741824	2.0800624750334338	2.0618342095498234	-3.135775382613557	-3.7609574126911713	4.89495596383234	2.3932272580397926
1-2-heptanediol	-0.7897544137682692	18.638861506626487	-11.996535642830214	-1.7476999345820177	-0.22450168396271492	3.7101773321044367	-2.4225651696019033	1.9797853667778005	9.019462756965758	0.4847385636406544	1.5355715887640011	-1.8563153540988686	0.9197930074975293	-3.053303821241055	0.5165757611190128	-2.1641766812754812	1.2345395670015964	-2.1509198224301187	-1.23307127583791	-0.5304616792653426	-3.229893067807917	1.050350170085632	0.11225991651135822	3.8402262965610867	1.70502406809504	-3.4467799478732184	-0.30762089601593856	-2.1506413871587418
1-2-hexanediol	-1.9163331991175108	17.14271511738253	-9.200010516536663	0.8616082251837899	0.2523713684284568	1.4882265833057544	-1.163623709326183	3.1505041481300786	4.081415827609321	0.3655613271488108	-2.676344139658387	-5.768172346123731	1.9848121653528707	-5.5044806412519645	-0.2323709302754211	-2.7524787085029723	0.8255893154915979	5.6278008856953665	0.31528302241879913	-5.201350339139042	-2.5550845816760477	2.577464893626101	1.4044148920443433	-0.5125538416158731	-1.4629931144341897	0.47809443154785036	-1.1551681466313244	0.25232963544700326
1-2-octanediol	0.34678636952834285	19.58862994061306	-13.1211565480503	0.4792790907860841	1.970661578608958	3.637637589180504	2.4782679130213494	1.0667093639572138	4.611493708884187	-3.0391364564329955	-1.4179380151511793	1.9805243948129343	-2.099184086397442	-1.3491119098417905	-0.4546942350902979	-0.4677313274740217	-2.386477226480235	-2.2153320425475442	1.1029456962681943	-2.298088750568701	3.033756246630973	0.5837508795257345	-2.576726135617685	5.281694033103143	0.17056895845057857	-1.3501984858543528	-1.896396685214445	-0.9605434225202684
1-2-pentanediol	-1.253758762345929	13.510422046915231	-4.364700940938344	-3.058251117685303	0.5026634095316445	-1.0953163753637145	-3.962105916937455	2.879301929116859	5.849874581890234	0.6699141156265738	1.3233138737182721	-7.645459186007176	3.401031941312532	0.0047776727466443515	-0.6871457262443426	3.6850542613825965	1.6028733391751717	4.136974832396065	0.5468968076517273	1.1365314173490095	-0.2595862725404561	-0.9016374626728788	-0.6835659063416306	1.942883075400006	3.0803738453756955	2.4275148717381922	-1.258116759221382	1.7249849876702663
1-2-propanediol	-3.959455498744087	9.122458320393969	-0.1337106721640803	-4.247125837502632	-0.1868732548333341	1.1228828115318503	4.208583710839807	3.6317402251932407	0.06060019519194452	-3.248638075643309	0.4114153752018402	-2.4871928850539113	2.2316164139097494	-0.5493312624663617	3.5227744412761397	1.5715575754370605	-0.17408961393066777	6.794699472529619	1.4138270215843978	-2.9808109362286954	4.471626905078491	2.7450715762334092	-0.7283068371372788	-0.09644654973060025	-3.623430748745005	1.309376917457435	1.7804871891948153	0.7580998927006906
1-3-butanediol	-2.8559782508485956	7.554736761666261	-4.781478524739122	-0.9320630910414865	-3.907241837420341	-5.642501762949006	4.227436295682859	-1.3987257888236624	-6.717758392663937	-1.6918376651617137	1.8060994761770623	2.593340509758771	3.4041689535642883	1.4875719904254388	1.1884973353909112	-1.2331013402002184	-4.53625480385123	-3.7832986014515813	1.4237933816103399	-0.5774002863596075	1.138965520400016	-0.9620479970112952	0.9450417559514859	4.74183743266188	0.1779343477402048	1.6577655249461316	1.3570736222248225	-1.9719890439514889
1-4-Benzenediol	0.9685709662114991	-8.291946426729458	-9.633317667304157	3.3260069682098172	12.900225212164978	-4.7606116510954175	0.9693516177588011	4.836079155166429	-2.48415797877458	0.5400635344139221	-2.0577446796676586	-0.6290116673895315	-2.2993360104125715	-6.157046406871727	1.8529090333248137	-4.7360625088050305	6.053724638058338	-1.6286234660080068	1.5194374202656677	-5.092510217900443	1.3936976246427768	-0.14570537464016559	-6.00683621739333	-2.1559272167152383	-0.08612906633978751	-2.469478917564971	-0.42931994632301174	-0.6123849168480134
1-4-butanediol	-2.7225242941891854	12.119399476450745	-0.05493700338626995	-3.2861706999496576	-0.56779072508513	3.406987821721565	-1.4534554595963574	3.550683010811522	0.3167749155772765	-4.194520009003222	-2.3555895931038435	-3.475836729187174	1.643721181003351	-4.032553790428699	-4.058178664090696	0.6494156886969912	2.194276981063193	4.29839451169348	5.350373673456602	0.2045865593573782	-0.29091412648637555	-0.06595323980902489	-1.4399101817425017	2.2479987450987746	-0.7955483685684386	-0.8084037057528183	2.5358543789111283	1.980985698083253
1-bromo-1,2,2,2-tetrafluoroethane	-1.3998509414069134	5.256742440398037	3.3582091361241173	2.1265695049917808	-3.289497910571658	-2.3838681713943957	-1.9906560411406093	1.94046061149315	4.731029207964972	5.205696310540207	7.223963048183355	1.6841105130186689	5.551858619563312	0.46177120026063434	6.417337196061442	-0.8729625338749358	-1.9203677461958533	-5.480629585987011	4.680039563316602	-0.11882981946864721	4.567210965382827	0.05002058628918964	-5.066915788850816	-5.314196995908688	5.221774100039787	-3.2253973988600526	-5.4252792860224535	4.280886615646365
1-bromo-1-chloro-2,2,2-trifluoroethane	-1.8152879022801356	4.001274908407772	8.812463817361722	2.1229718300253837	-0.28724173334462366	-4.68426458378507	-1.7141149635869466	1.2097609277932428	2.95626519263926	-1.2146583692264115	6.467060128809979	-0.0746994760369758	-1.1925230934423305	4.135117135415918	5.7342439104105445	-2.660773211334582	-0.6837062032946204	0.7192669745810186	-1.706057906061841	-2.6424419914871002	-0.7147635524489356	0.21305246750875675	2.0437385290461196	-3.8214353914600903	-3.041228322763622	-0.24330786747604563	3.9114710955574403	-0.5692105971383714
1-bromo-2-chloroethane	-2.758092755358248	5.779298392244011	8.432503643466205	-1.6722692781471993	0.11886037619431526	-2.809476068564252	-3.2525752044949936	-1.0727677793409796	-4.785756175642512	4.038528581574949	4.625270828041115	1.5715259792990364	-3.5536575357768854	-1.50379342738863	1.5144989400439262	2.1939319219601083	-1.3927107961723113	-2.458620536558818	2.9523437610072905	-0.5761873234400093	-3.1376664098076326	1.5252464491141675	1.1608555194696815	2.493512949413496	-2.666490130688696	1.753681127949377	-3.5993119318445563	-1.2263150002736254
1-Bromobutane	-3.165300192891655	12.194040470394532	3.9856434550135487	-0.2659709629600489	3.2487762831302525	6.927131177871478	-8.633938262393599	2.2770865467637913	2.7636819094703218	-0.3142615493742775	-1.5642496726624988	3.8831458510964345	-6.0657471217879095	1.169976628770644	5.579269731634782	-0.383093579161752	-2.274099356637688	-0.9051652948176238	1.1154948609735296	1.5609840413273681	2.7294383336501866	-1.3057159780710315	2.243531204223171	-2.4299251485529294	-4.60222171243483	-0.5924294217427514	-2.723182039539283	-5.092086552332007
1-bromopentane	-2.3232228999842284	14.30218442704755	8.832912992354734	3.748493298636539	4.060198426492674	5.82599376291478	-7.897361983307497	2.9765648139712892	-8.244272147523041	4.5454471333077695	-0.19025357361078693	-1.845405743433774	-1.8311923059551343	-1.108128096510761	-3.2188118375262618	6.616511607148889	3.4606243228899363	-2.2375358544213513	3.2460555397903557	-2.2250414129995897	-0.2518705941995598	-2.2983843349368267	3.869069718878978	-3.0830749610630273	3.1222322395964706	2.422373766378189	1.1849547472117927	0.24358824247648178
1-bromopropane	-4.135119692761833	9.027394102630845	4.283628038611933	0.11842682568414474	-2.2332332493205236	4.828044741599157	-9.260339265835732	-0.42651577051637773	1.0307916159796655	1.0631992670863009	-1.6669401766611451	4.6175144275565545	-1.1962800487180483	-3.7806291945841024	-1.3577360972633743	-1.5603630821814305	1.613342862396936	-0.5408188092838756	3.187626416463734	-1.320913105623627	2.4522547809818	1.0234320891611532	-1.9291880729331805	-2.4499113621769535	-2.526770638366995	4.02495042248562	-2.606856179579358	-5.015628016903899
1-butene	-4.336600815740054	3.7759228042367785	-0.4203387394395793	-4.194812323759706	-3.843418495032932	1.5698679691394288	-2.1437732622884687	2.2863863089462155	-3.4783238772120773	-1.8879485886243677	-1.6990684984607005	3.081708920756017	0.4517494697643734	1.4357328987187319	2.7136886171890002	-0.2406089722703872	-0.2567621434020037	-0.9721553398662676	0.012068005623825847	1.5916863712935145	-3.5833642479751937	3.5657613653985263	1.3979389093655168	-3.695625841584677	0.06072830783669798	1.1338656939217455	-4.47108088450384	-0.44078376356768767
1-chloro-2,2,2-trifluoroethane	-3.0453337950212624	5.750046110792932	9.841476979097585	2.2154316830370138	6.4292959112724875	-2.1704225114392863	-6.425034194408969	3.151221074990142	4.223616452660201	1.109871604089789	-5.5107763282208895	-4.379648707801109	-0.4288128486205989	0.001901953059372089	-3.6733668802221215	3.770356188168907	-4.415561946281416	1.203266964855597	-3.628100228442225	0.5424825665283409	2.4621720067748143	-0.1519888340805025	-0.9850788026256165	2.579364538538539	-0.0907713195369429	-1.2489683991879168	-0.5836644761241344	-2.06674924778836
1-chloro-2,2,2-trifluoroethyl_difluoromethyl_ether	-1.707566502172257	17.243429942097748	3.936123675407904	6.060832437173121	7.678235888490028	-10.894441756287131	-0.2249160334643858	-7.545506712128913	3.8770891176012032	-4.884217789208327	-3.2388524669281873	-3.860654681693449	1.0046940822147132	5.295622192758415	-2.304620870783215	0.3670767549583202	-3.3528945931032936	-2.6431317401022856	-5.138441863961181	-3.2316566831409674	1.6946498940131358	6.044494369566145	-3.3546374028851655	-5.094757833472185	-0.6235573752381615	2.0228148333945537	-2.5331633279761565	1.9050482625194063
1-chloropentane	-1.9291885491002712	12.143701626621661	13.623191275536822	2.058011945391354	0.6934933762349101	-0.6705738102748785	5.343808406454505	-2.891374574662891	3.556905889081965	6.686738116159762	-3.689177827840309	-1.517685889965584	-0.6935184873915381	-7.355608550651442	-2.0864595792477343	-7.139218329344367	-2.255450320211751	0.6752377105733572	-4.792221434501544	0.7550402970193812	4.079384622483028	-3.712486761380545	2.2752737562877963	0.15786440090262546	1.9277883262963231	1.554001860041671	1.0810724220239094	-2.5306682800895235
1-chloropropane	-4.011481588431285	6.70441662123047	9.246736867277807	-1.6538168912150146	0.6615727339797489	3.5765370304550164	3.9620964685119144	0.3833554330265018	1.4293548523358508	-1.827916131138374	-1.7140533537439235	-1.2892413437720673	-2.8388099446893675	0.7016345707356194	-0.9226439118262538	-0.8081089952761394	4.1809255759403205	-1.5873342295412665	-2.605946992539713	-0.8161700788873816	0.9103510886835422	0.5944429657026744	4.184946369727281	-2.2612439100157693	3.118328723528366	1.4549677175681086	-5.3475189706407145	-1.2796019823746443
1-hexene	-3.007457826820441	7.804562391317692	-4.510011775793974	-1.2157775202186605	-3.385174147955052	3.932830257087327	1.3856554026709387	4.857891079181366	-3.757542047351859	-0.3441070389394543	-3.6255568938354577	7.495387921556702	0.3729671644460711	-2.190483662900571	-0.563520211044545	0.4968625229005771	-2.057680900200872	-2.1890538600098766	2.1567141539598587	6.36878941666531	-3.781666323673449	-3.698615144354245	-0.9889105259871296	2.622811959522498	-2.324777847534889	1.4077180449731885	-1.904715982681413	-0.21028647983362142
1-hexyne	-2.045959261046968	9.483033645967739	2.757331616101306	-3.64241410474065	-3.2164680536892742	2.462013273087519	-0.19008787463603877	4.886213512999741	3.1088146445695357	-2.553961874509169	-5.386893413733083	3.040646170977308	-5.899914164204296	0.5512225978781045	-0.9055547102008862	4.387812836841162	-0.6119861034383055	-0.5112282665764823	-3.0876358985761083	-0.8654908854009491	-1.62334393793006	2.4533030813768084	2.5861856785593096	-0.12576678177195733	-3.1271903041816094	-1.8975789128855294	-2.772169195390817	2.9411563920347277
1-methylthymine	1.4359892917084802	6.640761416248513	-9.428595940606552	-0.43230555143745575	-7.049372334555579	-7.568470823125414	1.2620295495072478	-2.7124574620531847	-8.761247165027042	0.3313475524605341	-5.759612637196164	-6.537068876033023	-3.4550246969524676	6.1449601538864975	-4.768974986825072	-5.023911508496241	6.559582549855277	-2.1368681966752687	-1.4576231683441245	-0.32354881147302783	6.764732257866297	-4.58543661376741	-1.2329599512933958	1.9845928730483453	5.02312096080841	1.4468042492495472	-1.015497645712834	-2.3197822610679864
1-nitrobutane	-1.9272704617335752	15.903508540176691	11.551655619924375	-3.5521968058205875	9.77661964106349	-1.1254690448204057	8.915715162012887	-2.010060717364208	1.9736593294452176	-3.7982357251506413	3.5990420698687533	7.065484627926342	0.7338897454083093	2.1481279620017757	2.2431736674011447	-3.1845401925167636	7.150981969264563	0.17777805589092263	6.510585801801744	1.1743072771541203	3.1588341324867155	-3.5644357954054198	2.0010980797787763	-2.7540209602501844	-1.687448754442634	-1.304786798643455	0.3483565515483228	-0.08042509663654843
1-nitropropane	-2.0094458531099444	13.80488114241321	12.359425471524283	-2.222871182445202	3.8628464286154	-4.12003705537652	2.325500930578622	-4.293226094858878	4.873010275445974	-4.642359205854915	-1.5077976816191339	1.1390248286696685	-0.06910126594777098	-2.42883197693455	1.3111952983098227	-1.7098114526573054	2.120767001717495	-0.8489165100670203	0.948697630536514	4.345242218247144	-0.06808931436515388	-2.3215060896421296	-0.2313140488175027	-2.2582760505927477	5.104129682179381	1.1511124890659923	1.6266026880212396	2.9300573060474453
1-pentene	-3.5632856597525895	6.743810259773785	-0.13520279259244175	-4.08470917641162	-3.8852228789041026	1.4749617435750932	2.079806957258753	-0.8970304344773048	-3.255345306607967	3.0646363951688467	-6.856139995876626	6.570448609937927	2.973186653816267	-1.4025344661967172	-3.8486390917309246	3.0682963155977707	-3.1836629692639167	2.727226123742458	1.088579960850276	-0.6909723870352079	1.093134270667287	0.2166887835191487	0.1817462098376348	-2.2274591772308887	-0.4262561282120695	1.5024386994872105	-0.17620566841636714	-0.32249822633299935
1-pentyne	-3.1924077815472716	7.510812484110112	4.522954301448066	-2.8107194457003506	-1.7460858013396727	1.5820204092819414	0.5757657532878279	2.3034334131671206	-0.8892875589188486	1.021703599247595	-6.128386273167364	-0.24258623363537898	1.0945210957248075	-7.116752939728408	-0.3342066946780775	2.2591554389682336	-2.9045725619773424	3.149610494133482	-2.0197336527085676	-3.3759874308340936	-1.665012952298337	3.3801135242420415	1.0204815620314538	-2.63212265589157	1.620709691895347	0.5989681545206091	-1.0824200550632728	0.7958497606931861
1-propanethiol	-3.4118933725625267	1.8247498985481319	-4.539861878962161	-4.761962807468521	-1.5855826341860764	-5.260318701617244	0.13829343049458204	0.6047460202349163	-3.3071431957093167	-0.37010482043812115	0.9362841907632548	-2.5643934145901763	-0.5768582781129384	4.572857199067438	3.0706363215470676	1.4416219071305214	-1.8487948451496239	-0.6627920150215891	-0.5674777806965049	3.2789970680621146	2.2692124160832523	-0.7213120279692834	-1.1379330954355644	-3.332852662953404	-0.5057586405306661	3.0869546878663714	-1.488958161854408	-0.10079425284784879
2,2,2-trifluoroethanol	-7.123427278309231	-8.191097986627938	2.102065973677287	-9.090777095454493	-3.5958838212584427	2.1203629958270076	-2.1411125739544374	-3.1682477328649865	-0.7674365012413312	-1.129779019408748	-2.750674316023348	-1.356927032131724	0.4925450818157496	0.7088489613923873	-0.04849445636739268	-1.5818005443568277	0.19314297170368028	1.0155794529689752	1.5457754011091784	0.8733649374140553	-2.1873886796154296	-0.2415117623331097	-3.4945323423438053	-0.3119417512043119	0.42337261551965716	-1.3949513363659802	-0.5418621207719506	-0.1825297479758234
2,2,3-Trichlorobiphenyl	2.60192731589566	-6.824959516622209	-3.144128792232094	4.940839847097553	9.425707667427119	0.5444330379946449	4.6114623122680065	-0.22844504231073043	1.459826101649171	-7.128459963965068	5.91203266146819	3.6337470935975977	3.243295424761665	-2.7560708233231774	-5.783826877727133	1.4857738577644388	2.7999249311131136	1.3844943653488513	-3.994802726015933	-0.2688611745604719	1.832950094471877	0.26533732590575065	3.3925827646037994	-1.0579940024527867	-1.5596875731059758	0.6915651926969331	0.27912915347923084	-2.867327362747148
2,2,4-trimethylpentane	-1.7405189866648008	0.14419715110690937	-2.034645635017329	8.005283781858639	-0.7116855579994574	0.04142197916123882	3.1074789074811147	-5.980100155827001	2.5061141577026302	-7.263229254490228	1.048153727662897	-3.980823943328542	-0.00528581439428698	3.383129072203465	-3.0168005815065926	-0.4510541904299366	-2.203279471109646	2.236660898670518	5.9495091262629	-2.478875086793328	-5.380535761468219	-2.37191120550855	-0.044873029483970664	-3.4534199783193773	-2.339884490140943	-2.213932293204246	2.655661022560566	-1.0128202325741498
2,2-dichlorobiphenyl	1.5264296967238726	-8.299183245647166	-3.2512110276705792	3.389044494908156	9.53018699540816	0.8665968835430203	2.6625055782162868	-1.1946975840139606	-3.078167571720145	-10.487306478045406	2.3467071330895757	2.5244330005001316	4.388250256836606	-4.362934511927936	-2.12119519283624	-1.7260323594335756	4.3569003749008335	-2.72151989931285	-1.2253475944864611	3.953150114616925	1.3489738963014608	3.1298549945750747	1.210150724935993	-0.8623574486634337	-4.361173626082074	1.3016243006148478	-0.6041777963610707	-2.0789255895019587
2,2-dichloroethenyl_dimethyl_phosphate	0.6181655920495347	-5.1758993474415504	-3.603976778623985	9.362071445413697	-0.4170818433035905	3.66008655788561	-1.07668842130507	-6.902064092794833	0.27769409275120893	0.6062482846489596	-1.4467358472880103	8.024890823755907	-1.1729688018701414	-1.3864564732578633	-0.2523692830630472	-4.080477856695031	-3.9436005907941447	-1.3987918889798492	-1.4928748537135932	2.7416395457180807	-3.6434255297843627	1.5087304510219686	-3.0195615530364925	-0.3786272958556381	1.7770340310083834	4.585702300986594	-0.7525996382526342	1.3186763605890075
2,2-dimethylpropane	-4.059454300245825	-1.5496322280157713	0.9056884091283028	2.733469475922509	-6.719249082313812	6.204646053462201	7.766256551238803	5.0033776656292615	4.633885525271999	4.380062076490956	4.410403147496288	-10.935252153038283	-3.9511317557001076	-3.482739463549565	0.040842818148626815	-5.04241974720114	-4.60759754648486	-4.446883621997511	-4.868888199480719	6.569962050808931	7.467203969542867	-1.679802721088878	2.010877451633889	-1.898016925588008	-0.991022263619311	2.5803855926185877	-1.7139057784543492	-1.0495448040545698
2,3-dichlorobiphenyl	0.23087029751516605	-7.322117369831354	-3.0733470378619985	2.0904387912946016	7.82956159438277	-4.393265195525966	4.954309092738006	2.743506611581948	0.5780651021056303	1.2041154416122155	3.6710737925029915	3.137293336633286	-0.39893405106538693	3.0726540253617576	-9.597872285173255	1.7938943659246105	-0.4232669023623555	-1.6355032451063953	-0.2912965131133245	2.123312126902645	1.7044200728354408	2.7837279445015652	1.4379308493372158	0.9923693970465539	1.0875760507144794	-0.47412900844317213	-1.8552246535449395	-0.8207570654045547
2,4,5-Trichlorophenol	-1.474919208015109	-6.985855245368591	-3.7348608272548165	0.4169965385779653	2.82324370510624	-2.3550870674860525	-0.20321216786108917	0.3623757905440156	8.873620100049001	-1.3244415537638468	-3.614505528073694	1.1717614064611759	-2.953627773145202	-0.04527449677463271	-0.13558297649443887	0.19750428658537916	3.7342891591860146	3.932466315237512	-0.38423946674608034	3.763178758623344	-6.893935049485886	-1.6173874535978312	1.0606800046346796	-1.0013713330740244	2.3844373722667904	2.985740037068757	-5.216744861079615	3.239163676310817
2,4,5-Trichlorophenoxyacetic_acid	-4.129518029903007	-8.46570113482989	0.26022806743968063	-13.500731281469674	-0.2475619075634602	3.846224281668919	-5.4122577628747255	-4.800431168519159	1.0598141474796117	0.10101305296878718	-1.0022774206886893	0.061222614984748985	0.22714790807022658	1.1144425247889265	-2.100143107441595	-1.8022193321748798	-0.4609886731202842	-1.2525579007667424	-0.16661122699469502	0.8480944794931463	-1.7676836376152743	-0.7313529786487794	-2.548611137960034	2.007946856689762	0.4460060116071403	-1.1615916594635995	2.1226009753323085	-0.61553534660013
2,4-dichlorophenyl_thiophosphate	4.382617558604664	-4.137286517619069	-9.069422145033945	5.646785005289776	5.734691241972144	12.049886331054395	-1.5165939797644856	-6.086446478944206	6.64299727749037	-0.7019871679248408	-1.2689037303151747	2.1275462921689177	0.1662705142289655	4.993786210577628	2.4650537937712507	2.705613945064713	0.28096509812270676	-0.5077016860989884	-0.8621237735606014	-7.399331700211935	0.13554227660337423	-1.6938017711726427	1.2086950856598144	0.8847833527173204	1.358344604297458	4.572292801214483	-0.9093578606588566	5.37631146837904
2,4-dimethylpentane	-1.8760947180200778	-4.032702918807666	2.3159981706254107	2.6977249913548533	-2.4510264326084417	2.369965383770592	4.212352454168028	-3.4631919599515624	3.5905011766715176	-2.3366270472354844	0.35535305592725397	-1.002827493527594	1.0497510241379688	5.9091423747603455	2.532103610553012	1.453934432914808	-7.65360300471778	2.878457096032412	0.8955659140497981	1.2462739936621712	0.1083551484958636	-3.8813158230199485	-0.4325030078493321	1.0835223978345894	-0.23128955269456766	-2.170995828564116	4.364724227968699	-5.999206718125543
2,4-dimethylpyridine	-2.8527432756406785	-8.58282712145133	1.1772960036612639	0.13690387939032125	-0.2129902832198422	-4.519286610079662	2.9893132109789082	2.9314858491412443	-0.6911979523940677	4.148968396544447	0.46369891597680696	1.5012644085285347	1.2535706271938458	1.7954502562675232	1.2156806207539643	-1.551425234185114	-6.934363374182062	3.179723128225635	0.03891086143272347	-5.234253751807997	2.06191012642065	0.4693859678988388	-1.1836496730925783	-0.1428520656586737	-0.7494378769000523	-0.8110985857422766	0.9173250757290596	1.565658202165195
2,5-dimethylpyridine	-3.2388570956395437	-8.217146324595694	0.6018878873415147	-0.6269624953976802	0.14516327038078075	-2.9433323025897025	0.35787918803895485	4.3063942083247175	-0.0932608597274148	3.20193671125554	3.0193835884321762	-2.215647794638569	-2.7134049043259925	0.6975619467832168	-0.25273673706099337	2.9472655385852513	0.40588308233905096	-2.1312189139881155	0.3033541514806158	-1.2473315930524786	-0.28641240488097686	0.45669244305735096	-3.4839302053303753	-0.9820845582779305	0.53985056204283	-1.7558117575130838	1.970871317808439	0.06646009960509683
2,6-dichlorobenzonitrile	-2.0992536620757467	-6.276975657880278	-0.09150470686858508	0.16143936776100082	-1.539140493996941	5.366419122557045	4.2790985020151275	-0.9325111998776966	3.911494998605426	-1.1047028263843923	-0.0722998082140225	2.150619384064975	4.0672596214165	-0.8804491677338817	-6.969252382929629	4.218362500547902	3.315619895168263	-0.9286032167583723	0.23868764550355753	2.327076655641692	-2.151708129323055	0.5777993747675579	0.7276472870513788	-1.3289866735378024	-1.7653607836180383	-1.336286138471163	-0.6295670393824411	0.4909435922696625
2,6-dichlorothiobenzamide	-0.2571623051553319	-7.875954947311987	-2.441388824872087	2.683972732517743	5.6982757338544845	-1.7202873706066482	0.39690816400751483	1.0175908141429248	-8.648522511344332	-4.753945199844538	-1.1296390163632162	0.42491698845875414	-2.866148612255727	2.0224467221358133	1.3656677068326684	-6.65676373535236	-1.4592257378783073	-3.7140808900082347	4.806754771579632	-3.6936375349865	-2.0501575397344594	3.55356463003343	-0.005290270189989968	-1.3889618253338507	0.6295239819398549	-1.0167458669616447	-0.23533276597060637	-2.215779196190402
2,6-dimethylpyridine	-2.803692379585934	-8.67610687358172	1.282443580161033	-0.6193872920218108	-1.0721367128111263	-2.006297672542622	-1.2511092960610621	5.539869035742244	3.402036501807547	4.396534486044906	8.448886958058312	0.8003557629048306	1.8403784137795636	1.882375786151506	0.22755855406227554	3.418681025562956	-0.6571029972123607	-1.2622666072029805	-3.3558316161756023	-2.867527041907154	0.121322508278238	-0.7788402414310034	-3.7238863316087274	0.7187095218805808	-1.4988191982857957	-0.112934416252032	3.1298592601902437	-1.3597618293934575
2-3-4-Trihydroxybenz	0.5172727752181823	-8.741850239596143	1.029294255061114	1.6885974770734489	3.8027131195277395	-5.0933239558466825	0.7133714990013242	9.11499439786891	1.4978315105611735	-3.088621089924851	0.5015292116152769	-1.6430208748472166	-6.342512799541191	-6.890045471964406	-2.5212243254984656	3.520327301001096	-1.213625316375234	-1.8920817511680053	-1.5382010291977715	-2.739753454836989	-1.3052331298873154	-5.405619406890181	3.6060841180150813	0.5698996926354583	2.741295742775928	0.18275507851479394	1.4832518925080784	-3.135862233186265
2-3-butanediol	-3.248232104176663	11.596441867287835	-4.307885180059653	-2.917553853388018	-2.6045442776497705	-0.90436659954791	1.7688998953323003	5.5685851334355	1.9931189747198301	1.2701776429639018	2.7723380404576017	-2.424033793508228	2.8128451572967883	-2.698698865756184	-2.0951138059509726	-2.177505723882228	4.392806463427848	2.764389514578776	3.4045740174815378	1.5873679270545218	-2.6014074904994535	1.7505496756964394	-1.5027956738283172	3.1185450990393746	2.6895244471152373	-1.4496394036425009	-0.9381392673350929	-3.5248879266575552
2-bromopropane	-3.6667131577742063	-5.916086350338178	2.1261573212900733	2.909699666566743	-3.9201871432200193	4.369463800390071	-3.391180470444637	1.6894948123484912	-1.742623592381733	-0.8020717530956459	-2.8001100482620624	2.4482695335575384	-2.620788295300937	-3.5380864975598265	-4.174526249409522	1.5176205167984846	-4.03692445926779	-6.508104265390638	3.427238655708585	1.4743528132883916	1.5029049255699822	-0.11656199183049593	1.0265913003105434	-2.2700619378216356	-3.4298466436266106	2.0083998934444036	-2.8065766822659066	-0.8124893077478967
2-butanone	-3.5982029866057372	-8.818500525617486	1.193497636198633	-0.3440437390654214	0.072617094207773	-2.3121663504782917	-0.955217918454431	4.400025981300769	0.05741769877456244	-2.868208389027637	-2.389236811361912	-1.213127490156111	0.7255436581612174	1.5329065794850691	2.696398623482823	-2.1427922462141695	3.9471956762003546	-1.0726934059743534	1.7524709589053917	2.322893970465432	1.2390731780590634	3.4958295978317757	0.4932668134127357	-0.8970524898022936	-0.6084086307022026	-1.669266094396995	-0.08635833771272274	0.6693435572813857
2-chlorobutane	-4.458168587026974	-5.386289299750759	2.5906081619588615	4.011446992306987	-1.4801067155553007	6.837983720611643	-0.4145471315808593	1.3197315258353215	-2.4900310593059833	-2.756984470821424	-0.1736148049888211	-0.7723663239730184	0.7405817353819159	4.8776533153685655	-3.964589467529989	0.13779266710980717	0.21605773444284398	-0.2944166671045739	0.9347794820252358	-2.2855136275371377	2.1505963240473642	0.20363188296051093	1.4599067594536366	-0.17878615175476154	-0.31541054578364625	0.3641158375983855	-0.9790575316915422	-3.461572011658635
2-chloropentane	-2.2831605797648926	-4.786839333886251	0.8078004719364016	2.900187972949154	-3.9863063106559187	2.3073526672594133	3.6334243709016123	2.3292972993971874	0.3102768370717453	7.9713152655491895	1.4722653031723278	-5.409479812166885	-0.6938840772034855	1.4827294270314915	-3.2746975872636335	-2.7873725568136436	-1.1313608122784493	-0.5588710442357133	-2.2628128911685	-1.1653265325427489	-2.6091240141919396	0.8857170851175653	1.1613152970458591	0.0277329772660029	1.6157068846672078	-4.571243070213188	-2.948406851690948	-4.9445351545966405
2-chloropropane	-3.9802295798835745	-5.1715258581725445	2.6131386003178534	-0.28320758562439685	-4.71747994431591	3.909252887043715	0.12139998092372466	0.9305762974397176	6.334833570374262	-2.595678161665992	-1.2187066274339906	-2.807469203722486	-2.409707838675385	-0.1321251033384508	1.5588977580380818	1.6013254739295493	-2.1319216859178582	-0.2769231270524265	-5.787874611180851	-2.0877739173954613	0.5115868488081481	1.722948079507238	1.4519231256099323	-2.9520133968641122	1.6576933521513444	1.6192350950197427	-3.7599112320678145	0.03929513844185852
2-Chlorotoluene	-2.32640287261302	-8.773984331452576	-0.5759585932699056	-0.4220996987449419	6.027611559625177	-3.4019245440996375	4.72080629743908	3.172828862803918	-3.286749818491046	-3.2462893239540414	-1.802549979351076	2.3098793115134266	-1.8842803017151724	4.485298025562335	-2.1846316563307955	0.48494795791680134	-3.8460459674466176	1.149563320767419	-0.3461422362264717	2.0701852124772784	0.6715600027503075	1.4070625904023426	-2.122037469413177	0.5194147598212373	0.6878498396019627	2.5391330954757745	-2.23747264665686	0.5385870091414081
2-Ethylphenol	-1.8988692597281476	-8.571148622294427	1.2019513206042574	0.8553983235246007	0.5280694921717928	-4.051581017861019	-1.3267495055984202	3.651384234724171	-0.4664897058400655	4.046761969818929	1.8132623827913745	3.3457413609321693	2.1913530158868983	-0.1201831114793762	-3.3834570592359885	1.0666505058528604	-1.1646242351199692	-2.162416688149126	0.0618714793993272	0.49712094008213176	-0.7385298183554988	-3.1708925866166844	-3.7864179910306652	2.155274148058555	-1.3758658516485127	3.9593751231228267	-1.453456283316382	-0.3325463197675234
2-ethylpyrazine	-1.6676620939336884	-7.894388622709939	2.2132012952364404	0.7631790881811676	-0.47506951235537254	0.8674273601135142	-1.3919982757692682	1.5482352255951368	-1.4381526000148241	-6.61605838782325	-1.5526701794835074	0.9357114089920674	1.143992202342977	-2.703162005732268	-0.4720856174505712	-3.3735653508060293	0.6391569106968209	-1.2115215032329172	-0.6232538476559406	-2.1023523506028132	-3.830917675509203	-1.6856656949883044	1.7104254063260227	-2.744302787114744	1.5691536638704537	1.9454894569479622	1.36777269759221	0.08673315895253385
2-heptanone	-1.948097342098317	-8.055853933462584	1.0831996660272405	1.9490378604772263	-0.36953113175572455	-3.9797229807552	4.6775978299782635	3.4787097034111674	2.7237960332794837	5.580613012037623	-7.2987122922927785	1.8571079708569957	2.0443939443073136	-3.3542065122995384	2.832413726842559	6.548458759868849	-0.8674409707268323	-0.31721702182159195	1.4611172102262349	3.6934218206832004	-0.8059570554389157	5.631941168141371	0.5532536524642018	-2.543906788316799	-0.21195027044856243	2.8361719314056835	5.307216359719171	-0.9733274368969473
2-hexanone	-2.0722550004518316	-8.537987428260868	1.718694290281948	1.8070973987644234	1.38895796622188	-4.297350863796043	-4.404018408050098	2.324557792764569	4.11838198260508	2.196714002080924	-3.0502708127243885	1.2744254430782904	4.019115647781132	-0.8534257276783264	-0.9582517317280661	4.994160073174666	0.9562171450100554	0.01101292723383606	-2.8971051236119765	3.0674068311545146	-0.9642500557240334	-0.6997492133600927	0.5130229636666263	3.2507562128202614	-0.5198953205137874	0.3953291774642263	4.296745919376637	-1.5823513688278024
2-Hydroxy-1-naphthaldehyde	3.6911627395905224	0.17192556094196204	-5.06837689245492	1.6565255346068586	-3.6432214126774602	-10.412928081365074	3.143126690150202	-0.1409492215680161	0.3246909508787396	3.1817975174671496	-3.033066591077308	0.3686573341241807	-4.19853464243004	-0.7766697206268136	2.34398664397651	4.796857293023222	4.170123901430517	-4.410086355669376	4.993278148755966	-3.2202803921660967	0.38515817208825875	3.8572179347887356	7.668654114451352	2.3082879158265484	-2.2190754028882274	0.808142124956768	-0.5487248243633274	-2.7670482161401315
2-methoxyethanamine	-4.19714318182424	-7.499007202600178	1.4145714585105225	-1.4443251041020686	-2.4018899994020706	2.0827918328991326	-4.868555225580256	-3.9920213949977796	2.199970138730945	-1.8188150579935265	1.94195328560654	3.2025317797345276	3.5321758084885646	0.018728974337716222	-3.5430928946130447	-2.4136138420535223	1.7527379295652257	0.6595571052467757	-1.2939575998063733	-5.395055291084366	3.5643835273888493	0.027948462037001128	0.8493953488718325	1.9490197618303255	1.6418567205021246	-0.4576581836403077	0.5662528468175256	0.8967516751806411
2-methoxyethanol	-4.2897717132550515	-7.553588533820396	0.387689926285466	-0.39028778668401626	-0.5351171961892817	1.9235945630945828	-0.11069181292473788	3.6278799349963076	-1.3283095102520321	-0.8923454609244862	0.642154371302469	-3.914330644914711	0.7579534369798814	0.9124950494086984	-2.1167342008169348	-3.4463199528524155	-1.4743482219918538	-2.424040686963326	2.066565190364125	0.8570298114392716	-2.2859629852232835	-0.20501095447785392	1.8214527879310234	0.8044998027216379	2.2173794061111534	-1.6991088395935858	-4.408243266146398	4.387267420174821
2-Methoxyphenol	-6.080874441984757	-8.732710246155877	2.1775562627510516	-10.90762164271533	0.24685891796397083	0.535670935070586	2.872498630096647	-4.445654957027518	-5.265075296834047	1.0683465295446766	-3.0913273491657276	-0.34459780971809384	2.458249263170636	-1.4852457417876674	1.7664020542627983	-0.6335723841614952	-3.9172874031024416	3.081923975698875	-0.1274689626869078	-3.2877307308715853	-0.3576208356267996	3.0420845061526784	-1.8833029130747327	-1.217326882266393	-1.8603440005801881	-0.46612626274091734	-0.9177496798642302	0.6530035938957529
2-methyl-1-nitrobenzene	-5.000268611950823	-8.166884959243331	0.12952685964464472	-12.91764575099233	-0.4661031187724119	1.7554947170135893	-4.225468312539015	-4.087229951148745	0.6742488713094846	0.6363932531457108	-1.7968592775918744	-3.456777265939147	1.3361069137181696	-0.27506096981607425	-1.3246424377839014	-2.527579514638171	0.7517331807844196	0.4896145558304878	2.787100012645752	0.28081960175582305	-2.4832707870781645	-0.9760808130298552	-2.7203429702992032	-0.6988622733302219	0.7492389172525931	-1.9138843209223348	0.32260680985366846	-1.1652586104903973
2-methylaniline	-3.4760540339880435	-9.789343224522861	-0.6274118327797481	-0.22124106269350519	-0.2989370318516964	-1.142699307297603	0.8165384409916919	1.3402292413981973	-1.7983032468389184	2.6249376690166955	-0.5099962457160054	1.582595804616645	0.4028004330845447	0.009994548933472758	2.1131424484083627	-2.2908892581369225	4.308265323000627	2.1314138700279983	-1.9772234270715225	5.952053976425591	1.2594805853003717	0.044480984533841555	-0.8079724917395636	0.2530329289162312	0.9080833461194713	-1.580939346368588	0.8510334556837231	0.16057464045847886
2-Methylimidazole	-5.455926736170957	-7.757608511930762	0.06429535682523277	-0.18735892369703694	-1.5958010499884525	0.9443166124337591	-2.349074739023243	-2.021713877400052	-0.8696027441464236	-0.2289254190096137	1.9575393946150197	1.7967181032419377	-5.036990703142405	1.368269155566447	4.265705513641757	0.9625273099065911	-1.9256064376331485	1.7780013846117164	-0.8260957075840222	-0.6973604017170912	-1.2116185318925266	-2.079289428376646	3.671209118663192	0.09681488870159503	-1.2959809299156264	-1.4319324882209632	6.721605371239036	3.104418960038597
2-methylpentane	-2.7832430827483488	-2.640615873027897	1.8982915544581325	3.954280273990956	-4.539245084608491	1.62980046080718	1.3630574923365886	-6.493414445208112	1.737848136174662	-5.949530168809964	-0.7387022954585963	-3.7379262016736123	0.1437897067880666	-1.738678174463231	0.44887153797838353	-1.6181062996410147	-4.22828488132598	0.5391885002164729	0.7812753313903663	-0.8176640106135318	-3.1568559986565443	-0.6683947891554833	-2.673486331000203	-2.936568669461831	1.1814045270235967	0.8249582607146091	3.051225782114026	-2.7903278970915935
2-methylpropane	-4.477040165709674	-4.038576422491212	3.3205806778724	-1.2378433348920426	-5.152349431570765	4.628757930873844	3.131326669529346	-3.107878836290645	0.7839751830000964	-7.720172671543711	2.3808730721966884	-2.434332655752068	-2.463659009170799	0.23765685370867212	0.0893135127668185	0.054490648283408334	0.6801952507009364	-1.2839599958631334	0.49164715878667553	-0.9156684894144111	1.8954615640879722	2.289025704105568	-3.9652127377798183	2.134898322279954	-4.000043968845093	-0.6154883502339049	-1.258857592592799	-4.384543822302977
2-methylpropene	-4.484999954038429	-8.000111565134338	3.2034283652565456	-1.195465162454354	-4.3566224376889355	0.25005396633539445	-1.5007262548436957	-3.5633826223659817	-1.1567739706168243	-0.019009509069052466	-2.079486648835099	2.406543963494309	3.815963352219982	1.384861047741307	-1.0739861350161841	1.7024602663668598	0.2672771367822624	-0.4390070015173775	-0.3092786504668026	-0.044213325227499614	1.1024084833149843	1.8987210151149736	-0.40242112101432587	1.9881462622902895	0.5600320863240426	1.83587679084611	0.26568361136356955	-1.6207219970259512
2-methylpyrazine	-2.705683101180023	-8.043933746827683	2.113995396276369	0.05362724316293193	-0.34596424378119545	-0.16702589347787503	0.7944550848759567	2.15207247247829	-2.155556375853155	-5.460107347382957	-2.181818583494864	1.0902821546142696	-0.41185659880748066	-4.5270330381749515	0.622757127338646	-2.1999423648614758	-2.5048238002332988	-3.981519391135979	2.7699406224785204	-1.1403272441774026	-5.279089983917579	-2.0122130054113665	2.403715172401208	0.7824683171412485	5.8506586877201165	-2.4508129618346652	0.6971054933058585	-0.8503299977675223
2-methylpyridine	-2.96386547106731	-9.063068706392976	1.0491414663333805	-2.417238687979183	0.08067874993678942	0.8032249637418	-0.8273588185516159	6.307952533032404	-0.16370232867619722	-0.5653387608105371	3.0904461814193156	-3.3779643253431235	-0.3383158946475714	1.6754564820023998	-2.0315696117290325	-2.284598371792969	-0.5457366799878435	-2.731595158368617	-0.875997263038198	0.8292406573214087	0.33905012622796743	-0.7700228866677784	0.8761318756243898	-1.8997228018942234	-2.2270788947530105	0.5633753257551651	3.233528885916232	4.879868346847783
2-naphthylamine	1.3584822013738977	-6.007043032139455	-2.949696645331711	1.03567059371995	-3.3050490666163843	-0.5034828505865893	-3.575876609708194	-1.976598173610464	4.646283532589747	3.9256183428134177	1.8477938710222033	4.55552054323734	2.2362110880808665	-2.9922124239739736	1.3369586831309506	-4.709063336840082	4.560650821027766	-1.4703378887378913	5.5851415442701065	-0.03783774355182301	-3.3789900769646164	1.3550781800827623	0.5540453301212842	3.063018125967437	0.8147640011440435	0.29603627049207437	0.7270643303089077	0.5890305882552284
2-napthol	2.1456066358297283	-3.2257547331190097	-3.3370428554446696	0.8140839542022512	-5.6667725669613445	-9.286124600911956	2.888625839495255	-2.471407356469737	-1.025917139635331	7.708968039055836	-3.7960362677214468	5.78938024638824	-0.3951600800418637	-1.1188191015551023	-0.9834231980492505	1.616977789262912	1.1398730117144324	0.1395056143357398	0.07645196129528284	-6.1616440812331374	-2.4281443570611	0.35929499303503776	4.820078542715849	-3.3554279323480007	0.408654578831524	-6.07996548869834	0.36187694001147613	-0.8813581277877133
2-nitropropane	-2.2739236517485506	-6.891949984885004	4.671747354119262	0.9404626837457912	-1.5871136321996313	-2.0222179481606717	2.7643463929320737	-4.541821227933104	3.256024471402306	-4.63384540960302	-2.1560591047797906	-0.09731735975487774	1.2374740947295921	-5.994263957245935	-2.859667973074854	4.075050558842074	0.6679597820878144	4.430432096590142	-0.2417886436118946	6.019495312152252	2.4043481731057885	-1.4015905840567666	-1.8162912326736596	-1.664305697217613	2.6324696317865084	-2.629847537659064	3.699879399093703	0.13641541702523236
2-octanone	-1.3840668058325645	-6.799529733980492	-4.58158028510411	3.7951316712516046	1.5659611815776184	-1.0569798490755684	-1.3655243288029981	1.163189351965179	4.339011394455374	2.8170142454488896	-5.9699532351270745	-3.9558173102643446	-2.760950013263194	3.917457756595705	2.328940050214813	-0.7086045510859307	1.4300153934847948	1.4999289706615984	1.855961602819153	7.15455443400921	0.8965440556356082	5.6550211307757525	2.4408277892500196	-3.9952264726506868	0.36670615968893444	4.111883163682837	2.8673407854465833	-0.4795842918144906
2-pentanone	-2.869125201718415	-8.931161470792155	1.0013169930575434	2.3743286320731833	1.494331022565221	-2.401462607525296	-1.9903200474352123	5.1765625409420455	-2.9503514549023047	-2.05950271323612	-1.2588019566946007	-0.909870769519121	1.60428283367213	-0.22871834819038922	-0.850883766081496	-3.6411634816289786	2.1409524552668366	-3.6817956429387406	1.096955905006643	3.2484276389443565	-0.8552049646904781	3.4769801409607117	-0.4202467659033757	-2.3508616341452995	0.25565649219449504	-2.0279918792267186	1.754326331034374	2.610784669561713
2-pentene	-4.414917463754956	-7.484781709978764	2.0732486507364944	1.1224437617656173	-1.8261254556192803	0.028910337119344365	-2.5728638092576404	-2.445871333444047	-1.937363172557022	1.4459432476799967	-1.6076014658808166	-0.5290534094313418	2.4139852960649755	0.6127904293915879	0.6729527531300725	1.3491629563388305	-2.933514492262363	-1.1397836547085063	-0.8938529123761928	3.2974376337361955	-1.8382076619754342	1.171921137458895	-1.6673787564512346	2.5938354947687117	2.693779140860804	0.8320972973712808	-0.11047263846522089	0.6666845157498523
2-Propylphenol	-0.9577574807730149	-8.506236011671602	0.07537263743656636	3.4513597003383163	1.507077889323445	-4.268349130481293	-2.7596623913813336	0.926580801664333	0.8121539861526343	2.4508853020093926	1.3445795054027259	2.8107310105923875	4.069424169443928	0.043678665362541565	2.538043142114163	3.6748409935293154	0.6613431395544751	0.6691128302009086	-2.336895051737455	-0.11554239853269536	-2.654753337049947	-1.258583458553739	-4.383542513500107	1.5756760623812134	-4.977581622956293	6.468641359615375	-0.28250644636058203	-1.2571763803991811
3,3-dimethylbutanone	-2.7439106241949984	-8.326590293245605	-0.460282080609504	5.518996089472834	1.5505258378904818	-0.9880471538216801	-4.114476681310081	2.5334982340517294	-1.7849747880165558	-0.3259180574437211	-0.9748012654053146	0.2961433379333346	3.4934549274595166	-0.5416338248169894	3.9092738332134798	-2.103084697451422	2.2872121759910007	2.066266964583077	-3.1026221067311335	1.8363253476655665	0.9367247634960595	-0.030585367885543762	0.23608514583268297	5.588919902456802	-3.7280878814041363	-2.132240015434469	-0.9501236064060012	-3.687546756965015
3-bromopropene	-4.478789798237064	-7.421514045470496	2.0233598241607615	0.20839230443912574	-1.9916679288072074	1.8023943895527388	-2.1469677482280383	-0.7073227513290219	-3.8698603475847655	-3.546763491010051	0.11922528688582164	-3.3724562111970893	-1.7754913152634157	-1.146613640785227	-0.9012922005739005	-2.986146142157906	-0.5669778998516852	0.7377257621945834	-0.2887143477069132	0.7832127845519348	0.7893207554279603	3.132851430965237	0.5778382398230516	2.6785722542298425	-1.9752119593927617	1.0461409844378993	-2.1807027762102598	-2.296787903562412
3-Chloro-bicyclo-dimethyl_phosphate	6.471665208498475	2.267259218991624	-10.609875601138034	8.434398677121543	-2.2473256786216425	-2.461449483455763	0.9125696647254125	-7.642344347527517	4.22997247929457	1.260114008812992	-3.0527899044984603	1.2467684061919715	5.216159925117635	-4.245502846992909	2.939892962228359	3.7987190528079178	2.1335388697203532	-4.065732076865476	3.7107843146690658	2.6038675835193263	1.1994819026508308	-6.072451015556164	-2.971456427693056	-4.589440835028282	-3.6486107205054976	-4.328431334134986	-0.9892725298146793	-1.4047601216102783
3-chlorophenol	-0.31634053101812193	3.9390824013688284	-3.6272497854840875	-2.0070718716355915	-7.74050361194391	-4.177554801188936	0.5907514564199958	0.46195375457571075	-1.6449774617681383	-2.2978470898083545	-2.1138404231810064	3.261812250881059	2.8585888979915515	-3.515469091534361	1.0019751363031957	1.5543113018561894	2.998959203125621	-1.5780976006703562	-4.248512648302789	-1.4766471065984905	-2.95782495287039	-3.696554566266087	-1.721715868131932	3.0100714909463466	3.8369492972195833	8.275552627867452	-1.379316832000859	0.9156979414612504
3-chloropropene	-4.317228372071784	-8.142095339655782	2.4457609199236146	-1.7033994383086772	-2.7975650124807245	-0.6727488108746318	-0.5229891337396906	-1.610008952576062	-1.260151206043872	-1.735521808238324	-1.0438987242270235	-1.4369165365219199	-0.8629548008811831	1.316800964536806	-0.10233672526440919	1.2942497528684023	-2.380507071300981	1.2316822829629233	2.49995439932724	-1.3467402646552813	-2.6709264186353474	0.6407066222300857	-0.976505919862952	-0.5721000022320661	-0.24851369183941335	0.8874051025372472	2.613092103891713	-0.27708482592553707
3-methylaniline	-2.5007487694225103	-9.879366212244566	3.008486710704558	-1.8748021606089957	-0.7960381802909849	-4.3830331449578495	-0.3816435775983868	4.430230148373455	4.089990848871735	-0.3650591890343147	-0.9705798691349979	1.5346345287980054	2.2807844245860722	0.6093020827738707	2.748185642249709	2.314177569334927	2.322192506160227	2.0137042376329557	-1.2398648039882882	2.1518750497851893	-0.3205978556212752	-1.5742318702582583	2.0475139321387825	2.34528923174629	-0.6785732502464191	-0.662016553405717	2.501313310674253	0.25180315044889423
3-nitrophenol	-0.09740098929351992	8.751276608278431	-2.4370040070576695	-1.0074010124180934	-2.807088142087434	0.4007700056641327	-0.5940927953280455	3.213060053903378	-9.476418329435221	-2.517299398185835	0.1891311461301702	3.8400767337863644	-3.244586580037193	1.479809045011703	-1.4089462045362315	-4.136996722876005	1.6675658643251852	4.70244020445316	-5.69903030444569	-0.9385094829178053	1.9548717900493564	0.1582442898107016	-3.2763489437008593	-1.6662848830216186	2.6888862079940887	1.0216534541164688	6.751625972806134	1.3827991356935196
3-pentanone	-3.1513666417529023	-8.69655526907091	0.10192035951957631	1.3503798870062942	1.3493178460407143	-3.508127380043596	-3.143649020940858	3.6817998473499975	2.204571165403492	-2.4032582417554544	-2.7725629968364163	-1.7759737239739337	1.8194006753771086	2.1892592282319163	1.720522105663032	-2.572197859952457	4.775752998164837	2.9300059557565374	1.1136494289756567	1.1207486557047808	1.4703202768247918	1.675682908632481	1.5792121304394604	-0.2283120816465252	-2.4489639647856922	-0.5598180256388122	0.43955148432138635	1.8085024805913086
4-chlorophenol	-1.3988553513933306	2.948274592327388	-8.345285380742817	0.39364816727651947	-5.782850235169411	-2.860997597803838	-3.7354781296056014	-6.9950925380393265	0.9301103634619448	1.16384278587677	-5.076980780681489	-4.680441263498334	1.1635773019803453	3.047689232151068	2.508191559169997	0.000389954301913022	6.135209199992792	0.6648528279572421	1.4823312003101508	-0.0446774411270855	6.515565250988796	-0.5033999076083279	1.3147319501255417	-2.347342362731594	-2.170222813022334	0.32350951846320697	1.9799275218354562	-1.924489120788525
4-Ethylphenol	-2.5890100551308253	-7.984596174318105	-2.7381230708940616	1.6898910224528152	1.0348248103631186	-0.13201125279891837	-7.289511066663249	-1.1222554205682125	-1.6262361105701588	3.052463343256802	1.364208648495084	3.9924613560807924	0.17606601122036772	5.241592110236007	-1.8206360293741475	-5.993143769427744	1.2971043470374872	-0.27750785972856357	-3.564721869954162	0.28403845077934686	-0.4644635709122137	2.9101834600565	-0.5898198610162589	3.3747486998113674	0.7565448256784612	0.8369379405361524	-1.0841813651547412	0.09607590451141125
4-Hydroxypentanoic_acid	-0.3630501831441914	-4.094564977761978	-1.593642294671154	1.906251569328659	2.2450553295022004	3.3391319017137095	8.992983748068836	-1.7545639290659125	-1.9779190068924413	-1.6804893209237166	1.5746015657162105	-1.1415854910318595	1.408264746510926	0.41007090398405105	5.416115217228271	4.306785803732732	0.15824954313883757	2.5294338952838116	4.848337877826651	0.7880573268272617	1.1395947434976152	3.3903882171937503	2.303523912899728	-0.21403344628554777	4.384383632908015	3.829481360790127	-0.6589245350564505	-2.1381064356502955
4-methylphenol	-2.952837168643717	-8.633594520726149	-2.291068579284406	-0.8261945356111547	-1.4212299167129943	-2.9261810084577387	-1.1798094071443759	3.0393388606152656	2.4872850320118802	5.170114956967567	-1.639899304100367	6.66217259257166	-4.0074841622816795	6.040784364011519	-3.8019620395410576	-5.222036897416814	0.8967914623330953	1.0228525877761494	0.08250271893508704	-0.34800605596935447	4.41364137934082	0.9737883353497335	-4.354101747211513	-0.12539675739876907	0.6955539965790907	1.8049565867755113	0.7383483941914378	0.587803698096989
4-nitrophenol	0.7764861051129011	7.075263423928055	-1.13149064891246	-1.9510964476162502	1.4068114340531142	-8.090369842808245	-1.7910777052351825	0.27966809791601505	-6.098661481121011	-0.977809914619162	2.951341544684839	4.397432803032145	-9.858228569477474	1.3490295002645525	-2.5969698675380806	2.9950967079451343	-2.3898474895597905	8.91383938272315	-1.0117580394544894	2.479695356121249	-2.415337942314244	-4.562273617478116	0.1366140466687419	-3.851946651730614	-1.8189566220435491	-4.088314184440785	-1.7202403515318843	-1.5907112714438587
bare_surface	268.7808098391968	-1.480251096613775	2.5605718737310803	-1.9437535430752233	-1.1712539762985186	1.3178216363996118	-0.4494895976452538	0.9809860712246059	-0.3172760845564032	-0.5104725783298942	-0.5161800041609739	-0.3903021232380045	0.1284999863370474	0.29265837438341946	0.19643668152640256	-0.32950760998315753	-0.48126762673853374	0.06227012421102076	-0.12755125689018143	0.21584491370541672	0.21491670624319348	0.5729178777277378	-0.2910048876102727	0.11987184654831001	-0.10081834323173257	-0.16900658909960697	0.08017418937420077	0.10042376685484482
Benzaldehyde	0.11475957929303661	5.485616758845286	-4.7779452845296015	-3.4868055180715554	-4.829764815060964	-10.358218879331023	-5.07006486656828	2.9622739085581915	-0.5675527520693444	-1.8419738952366966	5.474218422536223	2.2317149347951264	1.0096378227847616	3.6290977532921245	3.3106438360721127	-0.9287001010760578	-2.403248664561836	5.351297082376925	-0.29550558017393064	3.2254229016518954	-1.9400932650683145	-6.543864445500639	2.551103049079709	-5.808300198321212	0.9838625046407901	0.0888904836738065	-2.8433283246881205	-1.7496401039361642
Betaine	-1.6857355665959006	-8.151826077852547	-3.315520000291265	-1.0976175987089434	8.082862272736465	-0.1821320467395378	0.5543820028109047	-6.552478873471186	-7.833238531977862	-0.501445108083563	5.892864085970076	-1.8234115612182697	-5.435880664907266	-10.9341561071971	6.811517680704579	4.581733801583389	-0.43010771382071084	3.2182948063364663	-3.669357554413157	0.6350738485835283	3.7456610696430004	0.7174972557384026	-3.4328883719694208	1.8732438349912062	0.7149258529770631	-0.18674874664417898	-5.126609242802952	2.630923630378367
Butanoic_acid	-2.4849608919291546	-6.090998961152697	-0.7622834408331298	0.7222266930480382	-1.302873115110948	7.341583295016008	-1.533778413058512	-4.2267535016208	-0.3003340227129501	2.036479678638786	1.0845185963396498	-1.3113994096664598	0.9823282885149741	3.2926456392086907	3.4154066829666427	3.291784573477111	-0.3199842473210062	-2.7480319062584444	-2.9825906631687302	1.2477472924837139	0.11843585851291231	1.8600163442582283	2.0725132421924073	-0.44639790794001233	1.5977145355369822	-2.1415225804112987	1.5642964015161434	2.9588405010147154
butanol	-3.9177099475773973	8.593260159804448	-1.6820048783552226	-5.874754559563821	-1.4723467209807743	2.6916857430158045	0.8490484265268247	5.717444343570697	1.33093184058758	0.5925466992852366	-0.12858509392905593	-1.0860342615800609	0.49501634629242064	4.25958626886307	-0.37433880741564435	0.007494094851362702	1.2147826447837973	1.4651031085068826	2.286363219034572	2.3186913236524607	-3.508740283680179	2.1623806292043453	-0.5084206663514381	-0.1990820780194485	-0.6616700818696073	-0.9219361804050747	-2.1920346867205747	-0.819921130524301
cyclohexanol	-3.093255281411734	10.423567659489226	-5.680663522539005	-2.759645393245925	3.3681233835769238	3.272666037761118	4.473285408021711	1.242624270888778	-5.4892454970371185	-2.246101444229238	4.449761036732537	-0.6612777263030531	2.6656837931139874	4.2731059929925514	-0.8060579854098766	-2.5789704915341556	-4.4868643537208825	1.8773176553924793	-1.5868489206601797	4.865967372777975	0.11999357971239735	1.4940927962912143	6.203365958579494	0.10530974738892918	1.575518131176163	2.1987940749670747	2.3346713648728414	2.213225308410874
D-Glucose	2.4400115329428664	-4.150523259411259	-0.6986979446318495	7.78345377196582	0.21799098154742916	-0.5796091791968551	-0.24847004119502067	-3.5015514285091838	1.6923844881724017	-1.9067927982213513	4.125472464028322	-3.9721151137143442	2.9914704641760004	5.500897150617823	3.928754281497189	0.6115052147938401	-4.928815331321746	2.520184247401589	3.1848984435104253	2.2188004245604422	-6.476752545192106	-1.7952973614482874	2.8461895718146897	4.310125950848899	3.362799870870287	0.5546080586093061	-3.4484905654727678	0.23485809821844705
Dimethyl_glutarate	1.4409391196891452	19.808451152418687	-6.301643744061397	10.237159535396096	-3.4530474834677998	-0.3755338874492278	-14.734571108170698	-0.8607274960091891	-5.478330218602722	5.33405005348409	7.564431156739103	5.4095672321103345	3.1878781683743926	-7.097299084822676	0.9376670623296524	-4.912296745536574	-5.092671760032433	4.605129087494437	-0.41702187593183215	5.3388414240122035	2.3212542275057	3.5767202607705637	5.351162851026789	-0.9993547536510687	-0.12546737804663435	-2.6017144809438966	1.2056564758347006	1.3703959179742635
ethanol	-4.912457816164168	3.2000386473366444	4.6931751255033705	-5.268070920518173	0.7587296755332398	1.4599673389302763	-2.051718606197906	3.184101462125305	-1.979780637066695	-3.9004136476708267	2.197712257336369	-0.4801333955962503	3.6353018363964247	3.0245166099062684	1.8379683152291628	-0.6945481793239907	0.8862592941982003	1.1395980360489866	-0.7216164663481349	0.41857233427258755	-1.3992991174184428	1.0532334418449891	2.430722352581432	1.1799996595717839	0.9490946593522872	-2.02163871275245	-1.1958523167742152	0.1325536377901703
Etidronic_Acid	-0.12716050341987203	-6.017621938493687	-0.7710898708687648	5.203539392110608	1.6824170315221199	1.0909897386515752	10.287885093762347	5.340837686914369	-2.584710532794157	8.586859369008733	-1.0764694471991723	-0.0022077103429479937	6.5128347050591575	2.3476361319560777	-6.142502214093352	-0.3877439805670926	-2.1089987300344983	4.8792562182071615	0.9089260402435726	-2.83887720170599	-2.695312531973494	-1.0435497128312874	0.4513610864638092	0.6326605683945367	0.42019628893827343	-2.396380063476538	-2.723999072786212	-3.9506577630178814
fluoroethylene_carbonate	-0.9277491786647435	11.516813989813919	9.552491443030299	-0.4999795783645062	2.803967120297725	-2.5709906543185035	3.23398471454381	-3.5173572496328336	-1.8973660199466165	-0.41159101327662767	-6.25805180330971	0.9241475613557745	0.746474247242591	-4.866562733147295	1.0938172761495768	-2.476193004625723	-2.799820722721759	-0.6247909074796671	-4.013811047361279	-0.4729285724657684	-1.214097759288341	-4.378488512054055	-1.6181629321581008	0.6594103069645114	3.6843674535626683	-3.6896544559304227	-0.28911571414972637	-1.181870046441602
Glycine	-3.17563064197696	-6.462129327565939	-0.2978756010048456	-2.738869962422397	-2.1451486521941714	-0.54512392481887	-2.40455564514021	-4.666581227747023	2.607445149905724	-2.0255607676968403	3.0145452994099218	0.30641988566534134	3.742200102849398	1.8825852151854936	-1.7828619611402516	-4.972717645386139	-2.2862753013402517	-0.18377658041968192	1.9116316394838508	-1.259119919082202	4.4395571507978255	-0.9364997019460203	3.945880029430302	-0.9461025408433482	3.7917896375338627	-0.7976891980299085	-0.8315407645353883	1.6916784636448094
Heptanoic_acid	-0.6933992590757162	-4.362610561423649	-3.817416008294212	7.159905954071699	1.4029892334585186	10.724022367862833	6.920764660413387	-2.297432884618301	-6.046518241535228	6.961459844770103	3.8804215400159734	-2.993353869763071	2.231113183704813	-0.3465333438537735	6.893975834941316	2.2877311896486274	5.666787071445207	1.4899913621250847	-4.166500841590463	-3.254442823524124	-2.6981454171733015	1.5683257531156132	0.18241403557293248	-0.6383275942953277	3.947172313413956	-0.05584965010424838	2.0268641335864706	-1.6676462799086398
heptanol	-1.046553264609581	16.14490412407557	-5.594511934157808	-2.4992755367817012	1.819905240258562	8.283394835470864	0.5481634275811719	-0.5399678140342044	3.1643166826732263	0.32909976906151683	-1.3610781383373065	4.995554276182959	-0.9901953492026266	3.0059537410631	1.1331005888526708	-1.5295972894173873	1.383374567884894	-3.0288747623019727	-2.2532036345709656	0.6162615908254849	0.6607783714211888	-2.4990639063589	-1.7201893003502913	1.3538132449481337	2.1762315908238894	1.0889807363392348	6.586219528393732	-1.8235778898664499
Hexanoic_acid	-0.1953914384581462	-2.3669424020850367	-2.080063378074921	8.166422494331956	-1.603827098565847	9.479501986338716	-4.49261399584892	-4.785649410125395	-7.729847803766006	1.3822543642537652	-2.4982089817977813	0.050246052615736274	0.21344524422443756	4.127005448022522	0.6761694103188682	8.189498411548911	4.641874912639312	1.7952653664796847	1.3208024776557588	1.1567789306468887	3.5226286327106022	-6.277715241491824	-0.676556218454727	-2.300864875927192	-0.3647132917057449	-2.163725022495325	-4.051651042588684	-0.2168048828817632
hexanol	-1.9430149080057375	13.168178240970688	-6.738752791866267	-1.8639827391365185	-0.28968453567837626	5.643472153949494	0.5950824425468847	3.4877860773280847	-0.4296180312605156	0.7885351329247494	-5.237367632752003	0.3329892459994938	-0.37100071786730454	0.003456968153277565	-0.018837751964022546	-0.30459854907643585	0.5297106403983135	2.504542287175358	-1.0624367458397772	-1.161390591849555	-1.3297221846157365	-2.679732444562954	-3.5691420323097187	-0.7163773655371286	-2.4307168322083648	-1.238310506292519	1.5019061156491447	2.7928490605196434
Inositol	0.13895737893140048	-2.6973501941155855	-4.617547871373617	12.526702957731095	0.6784061886472638	2.9354735603641027	-3.8580106670846424	-6.012127341753675	6.1099743879358765	0.4635136712248667	4.037881411860415	-0.6050065387333856	-9.923346777559168	-2.478448139189444	-3.2320639772419124	-3.6099770154344064	-0.7636699422005243	4.868530413350558	-2.183274575180399	-0.6445266021855677	-3.1783151141899615	2.8380092337912406	-2.361145912679534	0.08980171360213275	-1.181566037345897	-1.6985406644139975	1.3875613576947987	-1.0931128368743175
Methanol	-6.1533336137025385	-7.4294405829068015	2.8360581387884594	-3.13751959807509	-2.9027710739271013	3.110854885234981	-2.3557187904623587	1.904196224429501	0.3541992407665856	-4.587199529581505	-1.262643973645631	-1.665338228529151	-1.7051962491613857	0.3508854484015845	2.7709361107252994	-1.1780270172223277	-2.4245432711794734	-1.1063801939837932	1.4154717468712499	-2.628671444572484	-0.42653442373742045	-0.9067070477471688	-0.23414323131054937	-0.9680873502295765	-1.7344398631355529	-1.4283900359842403	1.4544220014260054	1.1032030209903436
Methylpyrrolidone	-2.375118432225647	-7.360988766213614	1.9518187350820169	1.7690091958094292	-2.43642137083092	-2.930309987246781	-2.4700624879669117	-2.2890951977508904	0.5427455967521738	-1.1926012975119176	-1.9051872091798174	-1.9088945953299368	-3.1093690664991347	1.9908275434101708	-0.24140632901682912	4.3207624059824665	-2.1909416424636503	1.7216095005092926	1.9251250470652082	-0.7586164983731921	6.193609731560805	0.31576536044898373	0.3479516456089395	6.018892999950784	-0.45592699032427164	-0.8070863415056294	-1.6390071859212254	2.0127478789103175
N,N-Dimethylacetamide	-2.713737034430852	-7.2471556634774945	3.255162679050331	1.1533103247939802	-3.224188634790795	-1.24594341034778	-3.0187138754144804	8.072438283395787	4.776479631123962	-3.048140361235916	2.1691333578759533	-3.339609922497552	-1.051862152468635	-2.591423900661297	7.239104140388136	1.099361218216934	1.911769908520332	0.3121307290441501	-0.4596310755109567	-4.846932997509814	1.0598805886261458	-0.5357693079259073	0.648254751879672	0.01750794414983805	-0.786761836920758	0.683806411812667	0.3637532781324966	-0.6944030376254047
octanol	-0.7142831523501304	16.765590111604475	-9.623939537156245	-1.5686108917879105	3.882123550522912	2.92992313779454	8.318652588593082	3.635872938852268	3.072867217902424	0.569634473847486	-2.9533224020951305	5.605681711705916	-4.925464087682649	9.005588140200322	2.578713742634545	2.845269371420959	-3.257196719805512	-0.29868050101541466	-2.6826706285904893	-0.10630989368616835	1.2182042872422771	-0.4468881978528205	-1.2523728623766641	3.3764990140522504	-2.153268527115772	-3.6168125473145474	0.07607518344471327	-0.031025205374326237
Pentanoic_acid	-3.1809354042250764	-5.593353119465078	-3.8197090009216494	2.16320520962109	-0.10842829751691122	9.96977725787604	5.135664887176112	0.17895491179065	-3.329565970983246	5.70630287003479	-0.5623089900336891	-3.2005593184086325	-2.997089039268893	1.5582127857243426	-1.443062800530527	-0.22730908151082901	2.4865047126760036	0.023615994043258842	1.1692048047530896	3.485399041148848	-0.8130131867827237	-0.024340034209356442	1.0417856630840916	-3.2233760734021732	-0.8613437309341604	-2.5027484716854578	0.3637277139049578	2.4431316988301144
pentanol	-3.1053135898400446	10.855477838008525	-5.134530815588741	-2.966633278118653	4.439569828479152	3.7298365651686565	0.20326394362686187	4.916613296660082	-0.6162309635342655	-0.27214112254166534	-1.7368281651440654	-1.8527810617645581	-4.151052475128036	2.5057389132550023	-1.0692847953275748	-1.207032690721358	-0.9238384171117138	-1.4908983243752432	1.8601432838245482	1.6866800362623768	-2.3269431086588006	-2.113113818122727	-0.18192318041434116	0.7880671547963293	-3.0364451861894772	3.9895077362748053	1.7600432616189288	2.9105941355852414
Perfluorooctanoic_acid	2.976578873702139	-9.091018681965952	-12.493469479996275	-22.81014595912963	19.07005260589335	-0.6050805299067121	-4.759848694900078	-11.970410674595586	2.5138430678183066	10.112633640018057	5.072483885407703	-5.5720719960411484	-2.8086963704623753	-2.651175272819446	-1.5201420253450308	0.5867225518716939	-2.7911922908846827	-1.330672219171726	1.1998562266405317	0.0640663181768235	-0.9472827390794418	-1.766826945894223	3.5820841883246453	-2.798346506057311	-0.8629479819754033	3.802858557605865	0.9898930452851592	-4.533179855007636
propanol	-5.027315146153066	6.218092231420084	1.8070442478982103	-2.612841197654205	-1.9801241401569227	3.080167495199777	1.4661965810576831	-0.12115584323838312	-2.893647005212795	4.171880381627367	-2.54884530401883	-1.0855877704850478	4.358093280402779	-1.8390917009041428	0.8278346950164331	2.14501591721781	-3.398056496465888	1.4387996070582072	1.806426617514446	-3.976534380973927	0.750314186784588	4.2321104105325675	0.11203602681356904	-0.709247004931837	0.19841753257562217	-0.9617321083909066	1.9352970236900482	2.6148257905379437
Sorbitol	2.3999500545816477	15.853659368576825	-10.254693958692704	5.186961515966975	-4.574508288739151	-8.098972515965952	1.8653072011750014	-2.4586240999922695	-4.180872616056603	-2.9286387764923383	4.484308648598292	-4.105690478433026	-0.5945704112219893	-2.63803021939129	-2.7082573177597142	6.581113057518164	-3.15121921602813	-7.632716983120913	1.661170056133256	-1.5067437946782039	-0.8675838019066258	-2.989193646615606	-1.4176875560140845	-1.175278615335137	-1.1569990073280965	4.4321863619121045	3.865680759517289	2.7395175334560036
Tetrahydrofuran	-2.725594161460267	5.370458439509103	-3.5230627110591897	-5.701349961912859	-5.029640444954849	-3.040932057159077	-2.927057738523377	-1.4837833628749912	-0.7197219717710049	-4.933043299361027	2.975452565259253	-1.7871928837786613	8.517079981425814	0.1962744039878479	0.08636591208846373	1.3534996136829878	1.7501242580175156	-5.4123944597368405	-9.230747838331792	-1.5848900738737857	-1.4395680807936169	-1.072791339060348	3.1194301684808483	0.5571078215815943	-0.5125087494523725	0.8899146356411438	-0.2401231968370892	-3.263064656918521
Tetramethylurea	-2.00340038065355	-6.893065472613708	-0.7412674544700304	3.5023622070395306	-1.009614546439878	-4.075177312350086	-2.207057029098311	3.4070290142991144	5.303247785987827	-1.4178883719645206	-1.7671475129506442	1.3897665250105744	-8.811842073059655	-0.4842491382489793	1.1984486389158477	-2.5184980305178173	-0.5743993706349864	2.5480330398062416	2.3769873992782067	-3.921982623140906	2.2728109838556403	-3.280242666331853	2.6529375701926563	3.9016585704864197	3.6499760186475063	2.142791828907157	0.2515339633190533	1.9139438451851478
Threonine	-1.0668939645369755	-7.088072068303194	-0.4362211588507103	2.012411943374683	-0.9597065734386641	-0.6326847313363193	4.479910099534706	1.0088273263610414	0.00874946401492675	4.394761785290729	-3.066893296013116	0.875306648312807	4.497305940891098	-3.7665818304909204	-1.2051392626289212	-5.247457443902503	-3.2144130457746467	4.727426942378803	3.0414678413259235	-2.3178080671915726	3.753452760803304	2.034446212319342	-0.23847277501998493	-3.185150491722491	-1.1897551658566607	6.380356497358223	1.4242903246691638	0.6510768755109214
Triethanolamine	-0.45175334790064403	-7.504337656998035	-1.1712983712505474	5.2333417602075825	4.918283631639646	0.6565853988269329	-3.0996513890153374	6.130983309294584	-5.574989236732879	1.7402726809794766	1.5327209496770913	-8.006106305763858	-2.842984915150027	-1.7915555790952207	0.5548939138400518	-0.8238899195754954	1.479405073682544	-2.6749628978313593	-2.3745984206448973	0.36593084646013135	-3.765920886774013	-5.3968255192483	-3.7769800061856	-0.7512716576807671	-0.35047264710143383	-1.3152700996330096	1.5240220402332254	3.2138131058194648
