-17.207186219999997	0.0	0.0	0.0	0.0	0.0	0.0	0.0	0.0	0.0
-17.18218622	0.0	0.0	0.0	0.0	0.0	0.0	0.0	0.0	0.0
-17.156186220000002	0.0	0.0	0.0	0.0	0.0	0.0	0.0	0.0	0.0
-17.13018622	0.0	0.0	0.0	0.0	0.0	0.0	0.0	0.0	0.0
-17.104186220000003	0.0	0.0	0.0	0.0	0.0	0.0	0.0	0.0	0.0
-17.079186219999997	0.0	0.0	0.0	0.0	0.0	0.0	0.0	0.0	0.0
-17.05318622	0.0	0.0	0.0	0.0	0.0	0.0	0.0	0.0	0.0
-17.027186219999997	0.0	0.0	0.0	0.0	0.0	0.0	0.0	0.0	0.0
-17.00218622	0.0	0.0	0.0	0.0	0.0	0.0	0.0	0.0	0.0
-16.976186220000002	0.0	0.0	0.0	0.0	0.0	0.0	0.0	0.0	0.0
-16.95018622	0.0	0.0	0.0	0.0	0.0	0.0	0.0	0.0	0.0
-16.924186220000003	0.0	0.0	0.0	0.0	0.0	0.0	0.0	0.0	0.0
-16.899186219999997	0.0	0.0	0.0	0.0	0.0	0.0	0.0	0.0	0.0
-16.87318622	0.0	0.0	0.0	0.0	0.0	0.0	0.0	0.0	0.0
-16.847186219999998	0.0	0.0	0.0	0.0	0.0	0.0	0.0	0.0	0.0
-16.82218622	0.0	0.0	0.0	0.0	0.0	0.0	0.0	0.0	0.0
-16.796186220000003	0.0	0.0	0.0	0.0	0.0	0.0	0.0	0.0	0.0
-16.77018622	0.0	0.0	0.0	0.0	0.0	0.0	0.0	0.0	0.0
-16.744186220000003	0.0	0.0	0.0	0.0	0.0	0.0	0.0	0.0	0.0
-16.719186219999997	0.0	0.0	0.0	0.0	0.0	0.0	0.0	0.0	0.0
-16.69318622	0.0	0.0	0.0	0.0	0.0	0.0	0.0	0.0	0.0
-16.667186219999998	0.0	0.0	0.0	0.0	0.0	0.0	0.0	0.0	0.0
-16.64218622	0.0	0.0	0.0	0.0	0.0	0.0	0.0	0.0	0.0
-16.616186220000003	9.15059e-15	2.1963331e-16	6.976604e-17	2.413182e-16	0.0	0.0	0.0	0.0	0.0
-16.59018622	1.7686500000000002e-13	4.246067000000001e-15	1.3489019e-15	4.666918000000001e-15	0.0	0.0	0.0	0.0	0.0
-16.564186220000003	2.9375250000000002e-12	7.05122e-14	2.2396547999999998e-14	7.748043999999999e-14	0.0	0.0	0.0	0.0	0.0
-16.539186219999998	4.2571969999999995e-11	1.02182e-12	3.2465669999999997e-13	1.1230267e-12	0.0	0.0	0.0	0.0	0.0
-16.51318622	5.412652e-10	1.2991290999999999e-11	4.1267526e-12	1.4278469e-11	0.0	0.0	0.0	0.0	0.0
-16.487186219999998	6.034263e-09	1.4485428e-10	4.600834e-11	1.5913404e-10	0.0	0.0	0.0	0.0	0.0
-16.461186220000002	5.900644999999999e-08	1.4163871e-09	4.4997299999999997e-10	1.5569707e-09	0.0	0.0	0.0	0.0	0.0
-16.436186220000003	5.061312e-07	1.2148259e-08	3.8597395e-09	1.3349972000000001e-08	0.0	0.0	0.0	0.0	0.0
-16.41018622	3.8078040000000003e-06	9.139383e-08	2.9034581999999997e-08	1.0042181999999999e-07	0.0	0.0	0.0	0.0	0.0
-16.384186219999997	2.512382e-05	6.029760199999999e-07	1.9153514e-07	6.625995999999999e-07	0.0	0.0	0.0	0.0	0.0
-16.359186219999998	0.0001454001	3.4896744e-06	1.1086273e-06	3.8351409999999996e-06	0.0	0.0	0.0	0.0	0.0
-16.33318622	0.0007380882000000001	1.7716555999999995e-05	5.627596e-06	1.9472526e-05	0.0	0.0	0.0	0.0	0.0
-16.30718622	0.0032873559999999995	7.889983000000001e-05	2.5063246999999996e-05	8.669949e-05	0.0	0.0	0.0	0.0	0.0
-16.281186220000002	0.01284122	0.00030826714	9.790887e-05	0.0003386889	0.0	0.0	0.0	0.0	0.0
-16.256186219999996	0.04400634	0.001056281	0.00033549607	0.0011606395	0.0	0.0	0.0	0.0	0.0
-16.23018622	0.13229149999999998	0.0031752948000000007	0.0010086727	0.003489018	0.0	0.0	0.0	0.0	0.0
-16.204186219999997	0.34889620000000005	0.008374813000000002	0.0026598159	0.009201741	0.0	0.0	0.0	0.0	0.0
-16.17918622	0.8071719999999999	0.019375626	0.00615517	0.021291626999999997	0.0	0.0	0.0	0.0	0.0
-16.153186220000002	1.638431	0.039326285	0.012491594	0.043220339999999996	0.0	0.0	0.0	0.0	0.0
-16.12718622	2.917361	0.07003382999999999	0.022247452999999997	0.07696292	0.0	0.0	0.0	0.0	0.0
-16.101186220000002	4.55776	0.10941044000000001	0.034755590999999995	0.12023417999999998	0.0	0.0	0.0	0.0	0.0
-16.076186219999997	6.247120000000001	0.14995162	0.04763643	0.16479468000000003	0.0	0.0	0.0	0.0	0.0
-16.05018622	7.512167000000001	0.18032611	0.0572834	0.19815810999999997	0.0	0.0	0.0	0.0	0.0
-16.024186219999997	7.925566000000001	0.19023924999999997	0.06043414	0.20907515999999998	0.0	0.0	0.0	0.0	0.0
-15.99818622	7.3356959999999996	0.17608	0.055930679999999997	0.19347546000000004	0.0	0.0	0.0	0.0	0.0
-15.97318622	5.957536000000001	0.14298661	0.0454146	0.15713768	0.0	0.0	0.0	0.0	0.0
-15.94718622	4.243873	0.10187185000000001	0.03235894599999999	0.11194961999999999	0.0	0.0	0.0	0.0	0.0
-15.921186220000001	2.6526029999999996	0.063667231	0.020225767	0.0699722	0.0	0.0	0.0	0.0	0.0
-15.896186219999999	1.4546320000000001	0.034915366	0.011091363999999998	0.038367109999999996	0.0	0.0	0.0	0.0	0.0
-15.870186219999999	0.6998702000000001	0.016797342999999996	0.005335937	0.018454064	0.0	0.0	0.0	0.0	0.0
-15.84418622	0.2953226	0.007089186	0.0022519847	0.007790622	0.0	0.0	0.0	0.0	0.0
-15.81818622	0.1093616	0.0026248261	0.0008338325	0.0028842959999999997	0.0	0.0	0.0	0.0	0.0
-15.79318622	0.03552015	0.0008525735	0.00027078933000000005	0.0009369029999999999	0.0	0.0	0.0	0.0	0.0
-15.767186220000001	0.01012211	0.00024289467999999998	7.717049e-05	0.0002669763	0.0	0.0	0.0	0.0	0.0
-15.741186220000001	0.002529799	6.072560400000001e-05	1.9290036e-05	6.672844999999999e-05	0.0	0.0	0.0	0.0	0.0
-15.716186219999999	0.0005547581000000001	1.3315058000000002e-05	4.2301768e-06	1.4633587e-05	0.0	0.0	0.0	0.0	0.0
-15.69018622	0.00010669840000000002	2.5607849e-06	8.135837e-07	2.814547e-06	0.0	0.0	0.0	0.0	0.0
-15.66418622	1.80043e-05	4.3201636999999993e-07	1.3724345000000002e-07	4.747961999999999e-07	0.0	0.0	0.0	0.0	0.0
-15.63818622	2.6642879999999997e-06	6.394771e-08	2.0311147e-08	7.026713e-08	0.0	0.0	0.0	0.0	0.0
-15.613186220000001	3.457983e-07	8.299622e-09	2.6365783e-09	9.121277e-09	0.0	0.0	0.0	0.0	0.0
-15.587186220000001	3.936318e-08	9.448878e-10	3.0019694e-10	1.0383903999999999e-09	0.0	0.0	0.0	0.0	0.0
-15.561186220000002	3.930938999999999e-09	9.435756000000001e-11	2.9974553e-11	1.0368498000000002e-10	0.0	0.0	0.0	0.0	0.0
-15.535186220000002	3.442664e-10	8.263077e-12	2.6249706e-12	9.080160000000001e-12	0.0	0.0	0.0	0.0	0.0
-15.51018622	2.6439050000000002e-11	6.346722e-13	2.0159151e-13	6.973641e-13	0.0	0.0	0.0	0.0	0.0
-15.48418622	1.7817290000000002e-12	4.2759392e-14	1.3582551e-14	4.698321e-14	0.0	0.0	0.0	0.0	0.0
-15.45818622	1.0371059999999999e-13	2.4890025e-15	7.908094e-16	2.7353199999999996e-15	0.0	0.0	0.0	0.0	0.0
-15.433186220000001	6.099965e-15	1.4642361e-16	4.651656e-17	1.6094256e-16	0.0	0.0	0.0	0.0	0.0
-15.407186220000002	0.0	0.0	0.0	0.0	0.0	0.0	0.0	0.0	0.0
-15.381186219999998	0.0	0.0	0.0	0.0	0.0	0.0	0.0	0.0	0.0
-15.355186219999998	0.0	0.0	0.0	0.0	0.0	0.0	0.0	0.0	0.0
-15.33018622	0.0	0.0	0.0	0.0	0.0	0.0	0.0	0.0	0.0
-15.30418622	0.0	0.0	0.0	0.0	0.0	0.0	0.0	0.0	0.0
-15.27818622	0.0	0.0	0.0	0.0	0.0	0.0	0.0	0.0	0.0
-15.253186220000002	0.0	0.0	0.0	0.0	0.0	0.0	0.0	0.0	0.0
-15.227186219999998	0.0	0.0	0.0	0.0	0.0	0.0	0.0	0.0	0.0
-15.201186219999999	0.0	0.0	0.0	0.0	0.0	0.0	0.0	0.0	0.0
-15.175186219999999	0.0	0.0	0.0	0.0	0.0	0.0	0.0	0.0	0.0
-15.15018622	0.0	0.0	0.0	0.0	0.0	0.0	0.0	0.0	0.0
-15.12418622	0.0	0.0	0.0	0.0	0.0	0.0	0.0	0.0	0.0
-15.09818622	0.0	0.0	0.0	0.0	0.0	0.0	0.0	0.0	0.0
-15.073186219999998	0.0	0.0	0.0	0.0	0.0	0.0	0.0	0.0	0.0
-15.047186219999999	0.0	0.0	0.0	0.0	0.0	0.0	0.0	0.0	0.0
-15.021186219999999	0.0	0.0	0.0	0.0	0.0	0.0	0.0	0.0	0.0
-14.995186219999999	0.0	0.0	0.0	0.0	0.0	0.0	0.0	0.0	0.0
-14.97018622	0.0	0.0	0.0	0.0	0.0	0.0	0.0	0.0	0.0
-14.94418622	0.0	0.0	0.0	0.0	0.0	0.0	0.0	0.0	0.0
-14.91818622	0.0	0.0	0.0	0.0	0.0	0.0	0.0	0.0	0.0
-14.892186220000001	0.0	0.0	0.0	0.0	0.0	0.0	0.0	0.0	0.0
-14.867186219999999	0.0	0.0	0.0	0.0	0.0	0.0	0.0	0.0	0.0
-14.841186219999999	0.0	0.0	0.0	0.0	0.0	0.0	0.0	0.0	0.0
-14.81518622	0.0	0.0	0.0	0.0	0.0	0.0	0.0	0.0	0.0
-14.79018622	0.0	0.0	0.0	0.0	0.0	0.0	0.0	0.0	0.0
-14.764186220000001	0.0	0.0	0.0	0.0	0.0	0.0	0.0	0.0	0.0
-14.738186220000001	0.0	0.0	0.0	0.0	0.0	0.0	0.0	0.0	0.0
-14.712186220000001	0.0	0.0	0.0	0.0	0.0	0.0	0.0	0.0	0.0
-14.68718622	0.0	0.0	0.0	0.0	0.0	0.0	0.0	0.0	0.0
-14.66118622	0.0	0.0	0.0	0.0	0.0	0.0	0.0	0.0	0.0
-14.63518622	0.0	0.0	0.0	0.0	0.0	0.0	0.0	0.0	0.0
-14.610186220000001	0.0	0.0	0.0	0.0	0.0	0.0	0.0	0.0	0.0
-14.584186220000001	0.0	0.0	0.0	0.0	0.0	0.0	0.0	0.0	0.0
-14.558186220000001	0.0	0.0	0.0	0.0	0.0	0.0	0.0	0.0	0.0
-14.532186220000002	2.9583730000000002e-15	7.995533e-17	1.2044362e-16	9.07554e-17	0.0	0.0	0.0	0.0	0.0
-14.50718622	2.9583729999999996e-14	7.995532999999999e-16	1.2044362e-15	9.075540000000002e-16	0.0	0.0	0.0	0.0	0.0
-14.48118622	5.355132e-13	1.4471380999999998e-14	2.180056e-14	1.6423419999999997e-14	0.0	0.0	0.0	0.0	0.0
-14.45518622	8.398719e-12	2.26984e-13	3.4194430000000006e-13	2.5765129999999996e-13	0.0	0.0	0.0	0.0	0.0
-14.42918622	1.155519e-10	3.122702e-12	4.704791000000001e-12	3.5449410000000002e-12	0.0	0.0	0.0	0.0	0.0
-14.404186220000001	1.394194e-09	3.768939e-11	5.676067e-11	4.2767399999999996e-11	0.0	0.0	0.0	0.0	0.0
-14.378186220000002	1.475258e-08	3.9871859999999996e-10	6.005357999999999e-10	4.525833e-10	0.0	0.0	0.0	0.0	0.0
-14.352186219999998	1.3690830000000003e-07	3.699996e-09	5.573467e-09	4.2000780000000004e-09	0.0	0.0	0.0	0.0	0.0
-14.32718622	1.114485e-06	3.011728e-08	4.5365389999999995e-08	3.419131e-08	0.0	0.0	0.0	0.0	0.0
-14.30118622	7.956480000000001e-06	2.150428e-07	3.2389449999999994e-07	2.4408439999999997e-07	0.0	0.0	0.0	0.0	0.0
-14.27518622	4.982400999999999e-05	1.3465687999999998e-06	2.0285993e-06	1.5279869999999999e-06	0.0	0.0	0.0	0.0	0.0
-14.24918622	0.0002737062999999999	7.398019999999999e-06	1.1142730999999999e-05	8.396519999999998e-06	0.0	0.0	0.0	0.0	0.0
-14.224186219999998	0.00131877	3.5642089999999995e-05	5.3691670000000004e-05	4.045523e-05	0.0	0.0	0.0	0.0	0.0
-14.198186219999998	0.005574085	0.00015065353000000002	0.0002269488	0.00017102169999999998	0.0	0.0	0.0	0.0	0.0
-14.172186219999999	0.020668429999999995	0.0005585841	0.0008414205999999999	0.000634043	0.0	0.0	0.0	0.0	0.0
-14.14718622	0.06722220999999999	0.0018169976	0.002736776	0.002062374	0.0	0.0	0.0	0.0	0.0
-14.12118622	0.19183090000000003	0.005185204	0.007809750000000001	0.00588411	0.0	0.0	0.0	0.0	0.0
-14.09518622	0.4801125	0.012977718000000001	0.019549383	0.01472701	0.0	0.0	0.0	0.0	0.0
-14.06918622	1.0544399999999998	0.02849898	0.04292920000000001	0.03234477	0.0	0.0	0.0	0.0	0.0
-14.044186219999998	2.0315689999999997	0.054899239999999995	0.08271246000000002	0.0623228	0.0	0.0	0.0	0.0	0.0
-14.018186219999999	3.4330190000000007	0.09280213999999999	0.13980199000000001	0.10534210000000001	0.0	0.0	0.0	0.0	0.0
-13.992186219999999	5.091916999999999	0.13762112999999998	0.207316	0.15619000000000002	0.0	0.0	0.0	0.0	0.0
-13.966186219999999	6.6236950000000006	0.17903405	0.26970659999999996	0.2032175	0.0	0.0	0.0	0.0	0.0
-13.94118622	7.560495	0.2043575	0.3078726	0.2319094	0.0	0.0	0.0	0.0	0.0
-13.91518622	7.5715259999999995	0.20463479999999998	0.3083018	0.232264	0.0	0.0	0.0	0.0	0.0
-13.889186220000001	6.652372000000001	0.17978552	0.2708191	0.20409419999999998	0.0	0.0	0.0	0.0	0.0
-13.864186219999999	5.128341000000001	0.1385683	0.2087452	0.1573075	0.0	0.0	0.0	0.0	0.0
-13.838186219999999	3.4666279999999996	0.09369678	0.14115694999999995	0.1063621	0.0	0.0	0.0	0.0	0.0
-13.81218622	2.057	0.05559118	0.08373967	0.0631019	0.0	0.0	0.0	0.0	0.0
-13.78618622	1.070582	0.028933400000000005	0.043585719999999994	0.03284514999999999	0.0	0.0	0.0	0.0	0.0
-13.76118622	0.4889448999999999	0.013212423	0.019903016	0.0150016	0.0	0.0	0.0	0.0	0.0
-13.735186220000001	0.1958451	0.005293027	0.00797283	0.006007319999999999	0.0	0.0	0.0	0.0	0.0
-13.709186220000001	0.06882426	0.0018600367000000003	0.002801966	0.002111341	0.0	0.0	0.0	0.0	0.0
-13.684186219999999	0.021218110000000002	0.0005734514	0.0008639506	0.0006509020000000001	0.0	0.0	0.0	0.0	0.0
-13.65818622	0.005738855000000001	0.00015509040000000004	0.0002336675	0.00017604659999999998	0.0	0.0	0.0	0.0	0.0
-13.63218622	0.0013614489999999996	3.679906e-05	5.542721e-05	4.176201e-05	0.0	0.0	0.0	0.0	0.0
-13.60618622	0.00028332749999999995	7.657237e-06	1.1535303000000001e-05	8.69102e-06	0.0	0.0	0.0	0.0	0.0
-13.581186220000001	5.1725249999999994e-05	1.3979269e-06	2.105759e-06	1.586913e-06	0.0	0.0	0.0	0.0	0.0
-13.555186220000001	8.282536e-06	2.238339e-07	3.371559e-07	2.5402820000000004e-07	0.0	0.0	0.0	0.0	0.0
-13.529186220000001	1.1632640000000002e-06	3.143903e-08	4.735727e-08	3.568727e-08	0.0	0.0	0.0	0.0	0.0
-13.50418622	1.433001e-07	3.87262e-09	5.834824e-09	4.396295999999999e-09	0.0	0.0	0.0	0.0	0.0
-13.47818622	1.548366e-08	4.184133e-10	6.303773999999999e-10	4.749777e-10	0.0	0.0	0.0	0.0	0.0
-13.45218622	1.467402e-09	3.964886e-11	5.974502000000001e-11	4.5009049999999996e-11	0.0	0.0	0.0	0.0	0.0
-13.42618622	1.219557e-10	3.296047e-12	4.9645389999999996e-12	3.741159e-12	0.0	0.0	0.0	0.0	0.0
-13.401186220000001	8.887602999999999e-12	2.401906e-13	3.6185399999999995e-13	2.726299e-13	0.0	0.0	0.0	0.0	0.0
-13.375186220000002	5.680338e-13	1.5350493000000002e-14	2.312769e-14	1.742801e-14	0.0	0.0	0.0	0.0	0.0
-13.349186219999998	3.549856999999999e-14	9.594298000000001e-16	1.445322e-15	1.089033e-15	0.0	0.0	0.0	0.0	0.0
-13.323186219999998	0.0	0.0	0.0	0.0	0.0	0.0	0.0	0.0	0.0
-13.29818622	0.0	0.0	0.0	0.0	0.0	0.0	0.0	0.0	0.0
-13.27218622	0.0	0.0	0.0	0.0	0.0	0.0	0.0	0.0	0.0
-13.24618622	0.0	0.0	0.0	0.0	0.0	0.0	0.0	0.0	0.0
-13.221186220000002	0.0	0.0	0.0	0.0	0.0	0.0	0.0	0.0	0.0
-13.195186219999998	0.0	0.0	0.0	0.0	0.0	0.0	0.0	0.0	0.0
-13.169186219999998	0.0	0.0	0.0	0.0	0.0	0.0	0.0	0.0	0.0
-13.143186219999999	0.0	0.0	0.0	0.0	0.0	0.0	0.0	0.0	0.0
-13.11818622	0.0	0.0	0.0	0.0	0.0	0.0	0.0	0.0	0.0
-13.09218622	0.0	0.0	0.0	0.0	0.0	0.0	0.0	0.0	0.0
-13.06618622	0.0	0.0	0.0	0.0	0.0	0.0	0.0	0.0	0.0
-13.041186219999998	0.0	0.0	0.0	0.0	0.0	0.0	0.0	0.0	0.0
-13.015186219999999	0.0	0.0	0.0	0.0	0.0	0.0	0.0	0.0	0.0
-12.989186219999999	0.0	0.0	0.0	0.0	0.0	0.0	0.0	0.0	0.0
-12.963186219999999	0.0	0.0	0.0	0.0	0.0	0.0	0.0	0.0	0.0
-12.93818622	0.0	0.0	0.0	0.0	0.0	0.0	0.0	0.0	0.0
-12.91218622	0.0	0.0	0.0	0.0	0.0	0.0	0.0	0.0	0.0
-12.88618622	0.0	0.0	0.0	0.0	0.0	0.0	0.0	0.0	0.0
-12.860186220000001	0.0	0.0	0.0	0.0	0.0	0.0	0.0	0.0	0.0
-12.835186219999999	0.0	0.0	0.0	0.0	0.0	0.0	0.0	0.0	0.0
-12.809186219999999	0.0	0.0	0.0	0.0	0.0	0.0	0.0	0.0	0.0
-12.78318622	0.0	0.0	0.0	0.0	0.0	0.0	0.0	0.0	0.0
-12.75818622	0.0	0.0	0.0	0.0	0.0	0.0	0.0	0.0	0.0
-12.73218622	0.0	0.0	0.0	0.0	0.0	0.0	0.0	0.0	0.0
-12.706186220000001	0.0	0.0	0.0	0.0	0.0	0.0	0.0	0.0	0.0
-12.680186220000001	0.0	0.0	0.0	0.0	0.0	0.0	0.0	0.0	0.0
-12.65518622	0.0	0.0	0.0	0.0	0.0	0.0	0.0	0.0	0.0
-12.62918622	0.0	0.0	0.0	0.0	0.0	0.0	0.0	0.0	0.0
-12.60318622	0.0	0.0	0.0	0.0	0.0	0.0	0.0	0.0	0.0
-12.578186220000001	0.0	0.0	0.0	0.0	0.0	0.0	0.0	0.0	0.0
-12.552186220000001	0.0	0.0	0.0	0.0	0.0	0.0	0.0	0.0	0.0
-12.526186220000001	0.0	0.0	0.0	0.0	0.0	0.0	0.0	0.0	0.0
-12.500186220000002	0.0	0.0	0.0	0.0	0.0	0.0	0.0	0.0	0.0
-12.47518622	0.0	0.0	0.0	0.0	0.0	0.0	0.0	0.0	0.0
-12.44918622	0.0	0.0	0.0	0.0	0.0	0.0	0.0	0.0	0.0
-12.42318622	0.0	0.0	0.0	0.0	0.0	0.0	0.0	0.0	0.0
-12.39718622	0.0	0.0	0.0	0.0	0.0	0.0	0.0	0.0	0.0
-12.372186220000001	0.0	0.0	0.0	0.0	0.0	0.0	0.0	0.0	0.0
-12.346186220000002	0.0	0.0	0.0	0.0	0.0	0.0	0.0	0.0	0.0
-12.320186219999998	0.0	0.0	0.0	0.0	0.0	0.0	0.0	0.0	0.0
-12.29518622	0.0	0.0	0.0	0.0	0.0	0.0	0.0	0.0	0.0
-12.26918622	0.0	0.0	0.0	0.0	0.0	0.0	0.0	0.0	0.0
-12.24318622	0.0	0.0	0.0	0.0	0.0	0.0	0.0	0.0	0.0
-12.21718622	0.0	0.0	0.0	0.0	0.0	0.0	0.0	0.0	0.0
-12.192186220000002	0.0	0.0	0.0	0.0	0.0	0.0	0.0	0.0	0.0
-12.166186219999998	0.0	0.0	0.0	0.0	0.0	0.0	0.0	0.0	0.0
-12.140186219999999	0.0	0.0	0.0	0.0	0.0	0.0	0.0	0.0	0.0
-12.11518622	0.0	0.0	0.0	0.0	0.0	0.0	0.0	0.0	0.0
-12.08918622	0.0	0.0	0.0	0.0	0.0	0.0	0.0	0.0	0.0
-12.06318622	0.0	0.0	0.0	0.0	0.0	0.0	0.0	0.0	0.0
-12.03718622	0.0	0.0	0.0	0.0	0.0	0.0	0.0	0.0	0.0
-12.012186219999998	0.0	0.0	0.0	0.0	0.0	0.0	0.0	0.0	0.0
-11.986186219999999	0.0	0.0	0.0	0.0	0.0	0.0	0.0	0.0	0.0
-11.960186219999999	0.0	0.0	0.0	0.0	0.0	0.0	0.0	0.0	0.0
-11.93518622	0.0	0.0	0.0	0.0	0.0	0.0	0.0	0.0	0.0
-11.90918622	0.0	0.0	0.0	0.0	0.0	0.0	0.0	0.0	0.0
-11.88318622	0.0	0.0	0.0	0.0	0.0	0.0	0.0	0.0	0.0
-11.85718622	0.0	0.0	0.0	0.0	0.0	0.0	0.0	0.0	0.0
-11.832186219999999	0.0	0.0	0.0	0.0	0.0	0.0	0.0	0.0	0.0
-11.806186219999999	0.0	0.0	0.0	0.0	0.0	0.0	0.0	0.0	0.0
-11.78018622	0.0	0.0	0.0	0.0	0.0	0.0	0.0	0.0	0.0
-11.75418622	0.0	0.0	0.0	0.0	0.0	0.0	0.0	0.0	0.0
-11.72918622	0.0	0.0	0.0	0.0	0.0	0.0	0.0	0.0	0.0
-11.703186220000001	0.0	0.0	0.0	0.0	0.0	0.0	0.0	0.0	0.0
-11.677186220000001	2.7632596000000003e-15	6.9902935e-17	2.4645237e-16	1.7121100000000002e-16	0.0	0.0	0.0	0.0	0.0
-11.652186219999999	3.8688095000000006e-14	9.7858049e-16	3.4506472e-15	2.39751e-15	0.0	0.0	0.0	0.0	0.0
-11.62618622	7.1562823e-13	1.81044581e-14	6.383412400000001e-14	4.4342100000000004e-14	0.0	0.0	0.0	0.0	0.0
-11.60018622	1.10190903e-11	2.7880042899999995e-13	9.828545e-13	6.82821e-13	0.0	0.0	0.0	0.0	0.0
-11.57418622	1.49101057e-10	3.77170286e-12	1.3300889e-11	9.23863e-12	0.0	0.0	0.0	0.0	0.0
-11.549186220000001	1.76912592e-09	4.47619929e-11	1.5778058e-10	1.0962630000000001e-10	0.0	0.0	0.0	0.0	0.0
-11.523186220000001	1.8411728499999998e-08	4.65740699e-10	1.6422278e-09	1.1408590000000002e-09	0.0	0.0	0.0	0.0	0.0
-11.497186220000001	1.68053514e-07	4.25111897e-09	1.4986072999999996e-08	1.0413590000000001e-08	0.0	0.0	0.0	0.0	0.0
-11.47218622	1.3454563200000002e-06	3.40370041e-08	1.200012e-07	8.336959999999999e-08	0.0	0.0	0.0	0.0	0.0
-11.44618622	9.4466209e-06	2.3898384e-07	8.425988e-07	5.855160000000001e-07	0.0	0.0	0.0	0.0	0.0
-11.42018622	5.8193678e-05	1.4719668e-06	5.1901333e-06	3.6048390000000002e-06	0.0	0.0	0.0	0.0	0.0
-11.39418622	0.00031439390000000003	7.9527078e-06	2.8038150000000002e-05	1.9478580000000002e-05	0.0	0.0	0.0	0.0	0.0
-11.369186220000001	0.0014897302100000001	3.76873782e-05	0.00013289379	9.229909999999999e-05	0.0	0.0	0.0	0.0	0.0
-11.343186220000002	0.0061925556	0.00015665862000000002	0.00055238178	0.0003837377	0.0	0.0	0.0	0.0	0.0
-11.317186220000002	0.022583609	0.000571350062	0.0020142877000000003	0.00139934	0.0	0.0	0.0	0.0	0.0
-11.291186219999998	0.07225298699999999	0.00182767107	0.006443444499999999	0.004476970000000001	0.0	0.0	0.0	0.0	0.0
-11.26618622	0.20275067000000002	0.00512908097	0.018085197000000004	0.012562720000000003	0.0	0.0	0.0	0.0	0.0
-11.24018622	0.49916735000000007	0.012627287000000001	0.04451772799999999	0.03093126	0.0	0.0	0.0	0.0	0.0
-11.21418622	1.07807343	0.027276053999999997	0.09615923999999999	0.06680069999999999	0.0	0.0	0.0	0.0	0.0
-11.189186220000002	2.0429503	0.05168088549999999	0.18220664	0.12659140000000002	0.0	0.0	0.0	0.0	0.0
-11.163186219999998	3.3960985000000004	0.085906472	0.30289475	0.2104458	0.0	0.0	0.0	0.0	0.0
-11.137186219999998	4.9533645	0.12530945599999999	0.44177337000000005	0.306936	0.0	0.0	0.0	0.0	0.0
-11.111186219999999	6.33849	0.160346075	0.5652838500000001	0.39273100000000005	0.0	0.0	0.0	0.0	0.0
-11.08618622	7.115173199999999	0.180002966	0.63461808	0.44090100000000004	0.0	0.0	0.0	0.0	0.0
-11.06018622	7.0075478	0.17728102599999998	0.62500284	0.43421899999999997	0.0	0.0	0.0	0.0	0.0
-11.03418622	6.0543237	0.153190469	0.54006332	0.3751985	0.0	0.0	0.0	0.0	0.0
-11.009186219999998	4.5904792	0.11612491999999999	0.40942575	0.28446180000000004	0.0	0.0	0.0	0.0	0.0
-10.983186219999999	3.0529577	0.07722774399999999	0.27234558999999997	0.1891755	0.0	0.0	0.0	0.0	0.0
-10.957186219999999	1.78141884	0.04506564750000001	0.15890362	0.1103848	0.0	0.0	0.0	0.0	0.0
-10.931186219999999	0.91196444	0.023070161700000005	0.08134208000000001	0.05651949999999999	0.0	0.0	0.0	0.0	0.0
-10.90618622	0.40955628999999993	0.0103616535	0.036531704	0.02537383	0.0	0.0	0.0	0.0	0.0
-10.88018622	0.16135893699999998	0.004082439460000001	0.014397674000000001	0.00999853	0.0	0.0	0.0	0.0	0.0
-10.85418622	0.055772116	0.0014110269	0.004974258999999999	0.0034563750000000002	0.0	0.0	0.0	0.0	0.0
-10.828186220000001	0.016911875799999997	0.000427790837	0.0015087744	0.0010479529999999997	0.0	0.0	0.0	0.0	0.0
-10.803186219999999	0.0044983576	0.000113799585	0.00040117471	0.0002787303	0.0	0.0	0.0	0.0	0.0
-10.777186219999999	0.00104950679	2.6549893300000004e-05	9.361476999999999e-05	6.50425e-05	0.0	0.0	0.0	0.0	0.0
-10.75118622	0.00021484351	5.4353415000000005e-06	1.9159541e-05	1.331169e-05	0.0	0.0	0.0	0.0	0.0
-10.72618622	3.8573068e-05	9.7584645e-07	3.440549e-06	2.3897840000000004e-06	0.0	0.0	0.0	0.0	0.0
-10.70018622	6.075628699999999e-06	1.53681276e-07	5.418627799999999e-07	3.764524e-07	0.0	0.0	0.0	0.0	0.0
-10.674186220000001	8.3916727e-07	2.1228854400000008e-08	7.485013000000001e-08	5.1995599999999996e-08	0.0	0.0	0.0	0.0	0.0
-10.648186220000001	1.01677903e-07	2.5719770899999997e-09	9.068465e-09	6.3e-09	0.0	0.0	0.0	0.0	0.0
-10.62318622	1.08047405e-08	2.73301348e-10	9.636370999999999e-10	6.695300000000001e-10	0.0	0.0	0.0	0.0	0.0
-10.59718622	1.0070467400000001e-09	2.5475307300000004e-11	8.981381e-11	6.23958e-11	0.0	0.0	0.0	0.0	0.0
-10.57118622	8.2314355e-11	2.08227584e-12	7.341471e-12	5.09956e-12	0.0	0.0	0.0	0.0	0.0
-10.546186220000001	5.9026879999999994e-12	1.4931181100000003e-13	5.263796300000001e-13	3.6574810000000005e-13	0.0	0.0	0.0	0.0	0.0
-10.520186220000001	3.7028705000000004e-13	9.3677887e-15	3.3025505e-14	2.2948370000000003e-14	0.0	0.0	0.0	0.0	0.0
-10.494186220000001	2.2105197000000003e-14	5.59220283e-16	1.971424e-15	1.3697e-15	0.0	0.0	0.0	0.0	0.0
-10.468186220000002	0.0	0.0	0.0	0.0	0.0	0.0	0.0	0.0	0.0
-10.44318622	0.0	0.0	0.0	0.0	0.0	0.0	0.0	0.0	0.0
-10.41718622	0.0	0.0	0.0	0.0	0.0	0.0	0.0	0.0	0.0
-10.39118622	0.0	0.0	0.0	0.0	0.0	0.0	0.0	0.0	0.0
-10.366186220000001	0.0	0.0	0.0	0.0	0.0	0.0	0.0	0.0	0.0
-10.340186220000001	0.0	0.0	0.0	0.0	0.0	0.0	0.0	0.0	0.0
-10.314186220000002	0.0	0.0	0.0	0.0	0.0	0.0	0.0	0.0	0.0
-10.288186219999998	0.0	0.0	0.0	0.0	0.0	0.0	0.0	0.0	0.0
-10.26318622	0.0	0.0	0.0	0.0	0.0	0.0	0.0	0.0	0.0
-10.23718622	0.0	0.0	0.0	0.0	0.0	0.0	0.0	0.0	0.0
-10.21118622	0.0	0.0	0.0	0.0	0.0	0.0	0.0	0.0	0.0
-10.18518622	0.0	0.0	0.0	0.0	0.0	0.0	0.0	0.0	0.0
-10.160186220000002	0.0	0.0	0.0	0.0	0.0	0.0	0.0	0.0	0.0
-10.134186219999998	0.0	0.0	0.0	0.0	0.0	0.0	0.0	0.0	0.0
-10.108186219999999	0.0	0.0	0.0	0.0	0.0	0.0	0.0	0.0	0.0
-10.08318622	0.0	0.0	0.0	0.0	0.0	0.0	0.0	0.0	0.0
-10.05718622	0.0	0.0	0.0	0.0	0.0	0.0	0.0	0.0	0.0
-10.03118622	0.0	0.0	0.0	0.0	0.0	0.0	0.0	0.0	0.0
-10.00518622	0.0	0.0	0.0	0.0	0.0	0.0	0.0	0.0	0.0
-9.980186219999998	0.0	0.0	0.0	0.0	0.0	0.0	0.0	0.0	0.0
-9.954186219999999	0.0	0.0	0.0	0.0	0.0	0.0	0.0	0.0	0.0
-9.928186219999999	0.0	0.0	0.0	0.0	0.0	0.0	0.0	0.0	0.0
-9.90318622	0.0	0.0	0.0	0.0	0.0	0.0	0.0	0.0	0.0
-9.87718622	0.0	0.0	0.0	0.0	0.0	0.0	0.0	0.0	0.0
-9.85118622	0.0	0.0	0.0	0.0	0.0	0.0	0.0	0.0	0.0
-9.82518622	0.0	0.0	0.0	0.0	0.0	0.0	0.0	0.0	0.0
-9.800186219999999	0.0	0.0	0.0	0.0	0.0	0.0	0.0	0.0	0.0
-9.774186219999999	0.0	0.0	0.0	0.0	0.0	0.0	0.0	0.0	0.0
-9.74818622	0.0	0.0	0.0	0.0	0.0	0.0	0.0	0.0	0.0
-9.72218622	0.0	0.0	0.0	0.0	0.0	0.0	0.0	0.0	0.0
-9.69718622	0.0	0.0	0.0	0.0	0.0	0.0	0.0	0.0	0.0
-9.671186220000001	0.0	0.0	0.0	0.0	0.0	0.0	0.0	0.0	0.0
-9.645186220000001	0.0	0.0	0.0	0.0	0.0	0.0	0.0	0.0	0.0
-9.620186219999999	0.0	0.0	0.0	0.0	0.0	0.0	0.0	0.0	0.0
-9.59418622	0.0	0.0	0.0	0.0	0.0	0.0	0.0	0.0	0.0
-9.56818622	0.0	0.0	0.0	0.0	0.0	0.0	0.0	0.0	0.0
-9.54218622	0.0	0.0	0.0	0.0	0.0	0.0	0.0	0.0	0.0
-9.51718622	0.0	0.0	0.0	0.0	0.0	0.0	0.0	0.0	0.0
-9.49118622	0.0	0.0	0.0	0.0	0.0	0.0	0.0	0.0	0.0
-9.46518622	0.0	0.0	0.0	0.0	0.0	0.0	0.0	0.0	0.0
-9.44018622	0.0	0.0	0.0	0.0	0.0	0.0	0.0	0.0	0.0
-9.41418622	0.0	0.0	0.0	0.0	0.0	0.0	0.0	0.0	0.0
-9.38818622	0.0	0.0	0.0	0.0	0.0	0.0	0.0	0.0	0.0
-9.36218622	0.0	0.0	0.0	0.0	0.0	0.0	0.0	0.0	0.0
-9.33718622	0.0	0.0	0.0	0.0	0.0	0.0	0.0	0.0	0.0
-9.31118622	0.0	0.0	0.0	0.0	0.0	0.0	0.0	0.0	0.0
-9.28518622	0.0	0.0	0.0	0.0	0.0	0.0	0.0	0.0	0.0
-9.25918622	0.0	0.0	0.0	0.0	0.0	0.0	0.0	0.0	0.0
-9.23418622	0.0	0.0	0.0	0.0	0.0	0.0	0.0	0.0	0.0
-9.20818622	0.0	0.0	0.0	0.0	0.0	0.0	0.0	0.0	0.0
-9.18218622	0.0	0.0	0.0	0.0	0.0	0.0	0.0	0.0	0.0
-9.15718622	0.0	0.0	0.0	0.0	0.0	0.0	0.0	0.0	0.0
-9.13118622	0.0	0.0	0.0	0.0	0.0	0.0	0.0	0.0	0.0
-9.10518622	0.0	0.0	0.0	0.0	0.0	0.0	0.0	0.0	0.0
-9.07918622	0.0	0.0	0.0	0.0	0.0	0.0	0.0	0.0	0.0
-9.05418622	0.0	0.0	0.0	0.0	0.0	0.0	0.0	0.0	0.0
-9.02818622	0.0	0.0	0.0	0.0	0.0	0.0	0.0	0.0	0.0
-9.00218622	0.0	0.0	0.0	0.0	0.0	0.0	0.0	0.0	0.0
-8.97718622	0.0	0.0	0.0	0.0	0.0	0.0	0.0	0.0	0.0
-8.95118622	0.0	0.0	0.0	0.0	0.0	0.0	0.0	0.0	0.0
-8.92518622	0.0	0.0	0.0	0.0	0.0	0.0	0.0	0.0	0.0
-8.89918622	2.22726e-15	5.316328e-16	1.7717709999999998e-16	1.0912949999999999e-16	0.0	0.0	0.0	0.0	0.0
-8.87418622	2.22726e-14	5.316328e-15	1.7717709999999998e-15	1.0912950000000001e-15	0.0	0.0	0.0	0.0	0.0
-8.84818622	4.1431e-13	9.889779999999999e-14	3.295655e-14	2.0301199999999998e-14	0.0	0.0	0.0	0.0	0.0
-8.82218622	6.4877599999999994e-12	1.5487959999999997e-12	5.161561e-13	3.1786400000000006e-13	0.0	0.0	0.0	0.0	0.0
-8.79718622	8.913899999999999e-11	2.128196e-11	7.091195e-12	4.36817e-12	0.0	0.0	0.0	0.0	0.0
-8.77118622	1.0741299999999999e-09	2.5645390000000003e-10	8.545252000000002e-11	5.26309e-11	0.0	0.0	0.0	0.0	0.0
-8.74518622	1.1352599999999999e-08	2.7101109999999998e-09	9.031539e-10	5.56233e-10	0.0	0.0	0.0	0.0	0.0
-8.71918622	1.0523100000000001e-07	2.5119410000000003e-08	8.370716999999998e-09	5.15575e-09	0.0	0.0	0.0	0.0	0.0
-8.69418622	8.554199999999999e-07	2.042196e-07	6.805248e-08	4.19192e-08	0.0	0.0	0.0	0.0	0.0
-8.66818622	6.0998000000000005e-06	1.4562139999999999e-06	4.852502e-07	2.9891899999999995e-07	0.0	0.0	0.0	0.0	0.0
-8.64218622	3.81572e-05	9.107339999999998e-06	3.034887e-06	1.8696499999999998e-06	0.0	0.0	0.0	0.0	0.0
-8.61618622	0.00020931	4.996802e-05	1.665092e-05	1.025558e-05	0.0	0.0	0.0	0.0	0.0
-8.591186219999999	0.00100729	0.00024046910000000003	8.012639e-05	4.93526e-05	0.0	0.0	0.0	0.0	0.0
-8.56518622	0.004252099999999999	0.0010150839999999999	0.00033824720000000003	0.00020832299999999998	0.0	0.0	0.0	0.0	0.0
-8.53918622	0.0157467	0.0037590350000000004	0.0012526719999999998	0.00077158	0.0	0.0	0.0	0.0	0.0
-8.51418622	0.0511523	0.01221176	0.004069224	0.00250691	0.0	0.0	0.0	0.0	0.0
-8.48818622	0.14577500000000002	0.03480095	0.01159646	0.00714292	0.0	0.0	0.0	0.0	0.0
-8.46218622	0.364464	0.0870136	0.028994660000000002	0.017856000000000004	0.0	0.0	0.0	0.0	0.0
-8.43618622	0.7994299999999999	0.1908186	0.06359121	0.039169999999999996	0.0	0.0	0.0	0.0	0.0
-8.41118622	1.53813	0.3671703	0.12235289999999999	0.0753664	0.0	0.0	0.0	0.0	0.0
-8.38518622	2.5966699999999996	0.6198830000000001	0.20657959999999997	0.12722699999999998	0.0	0.0	0.0	0.0	0.0
-8.35918622	3.84571	0.918065	0.3058574	0.18842199999999998	0.0	0.0	0.0	0.0	0.0
-8.33418622	4.99651	1.1928990000000002	0.3974115000000001	0.24483300000000002	0.0	0.0	0.0	0.0	0.0
-8.30818622	5.69604	1.359804	0.45311830000000003	0.27905399999999997	0.0	0.0	0.0	0.0	0.0
-8.28218622	5.69655	1.3599339999999998	0.4531315	0.279177	0.0	0.0	0.0	0.0	0.0
-8.25618622	4.99894	1.193354	0.39762889999999995	0.24495000000000003	0.0	0.0	0.0	0.0	0.0
-8.23118622	3.84764	0.9185910000000002	0.306062	0.188562	0.0	0.0	0.0	0.0	0.0
-8.20518622	2.5988799999999994	0.620479	0.2067811	0.127339	0.0	0.0	0.0	0.0	0.0
-8.17918622	1.5398200000000002	0.36758409999999997	0.12250130000000001	0.0754531	0.0	0.0	0.0	0.0	0.0
-8.15318622	0.80055	0.1911081	0.06368851	0.0392288	0.0	0.0	0.0	0.0	0.0
-8.12818622	0.36507200000000006	0.0871521	0.029039110000000003	0.0178838	0.0	0.0	0.0	0.0	0.0
-8.10218622	0.14606200000000003	0.034869080000000004	0.011618930000000001	0.007157230000000001	0.0	0.0	0.0	0.0	0.0
-8.07618622	0.0512657	0.01223872	0.0040778229999999995	0.00251153	0.0	0.0	0.0	0.0	0.0
-8.05118622	0.0157855	0.0037686330000000004	0.001255681	0.0007734259999999999	0.0	0.0	0.0	0.0	0.0
-8.02518622	0.004263749999999999	0.001017921	0.00033922119999999997	0.000208909	0.0	0.0	0.0	0.0	0.0
-7.99918622	0.00101029	0.00024119550000000002	8.037023e-05	4.950809999999999e-05	0.0	0.0	0.0	0.0	0.0
-7.9731862200000005	0.000209991	5.014052e-05	1.67058e-05	1.028975e-05	0.0	0.0	0.0	0.0	0.0
-7.94818622	3.8285000000000004e-05	9.14076e-06	3.046041e-06	1.8756399999999997e-06	0.0	0.0	0.0	0.0	0.0
-7.92218622	6.1232999999999995e-06	1.4618339999999998e-06	4.8709e-07	2.99977e-07	0.0	0.0	0.0	0.0	0.0
-7.896186220000001	8.589200000000001e-07	2.050501e-07	6.832316000000001e-08	4.2081199999999996e-08	0.0	0.0	0.0	0.0	0.0
-7.87118622	1.05676e-07	2.5229420000000002e-08	8.407203000000002e-09	5.178479999999999e-09	0.0	0.0	0.0	0.0	0.0
-7.84518622	1.14042e-08	2.722584e-09	9.07244e-10	5.58804e-10	0.0	0.0	0.0	0.0	0.0
-7.819186220000001	1.07931e-09	2.576822e-10	8.586963e-11	5.2888899999999996e-11	0.0	0.0	0.0	0.0	0.0
-7.793186220000001	8.9598e-11	2.1389660000000004e-11	7.127761e-12	4.38979e-12	0.0	0.0	0.0	0.0	0.0
-7.7681862200000005	6.52514e-12	1.5578030000000002e-12	5.191110999999999e-13	3.1972700000000003e-13	0.0	0.0	0.0	0.0	0.0
-7.742186220000001	4.1431e-13	9.889779999999999e-14	3.295655e-14	2.0301199999999998e-14	0.0	0.0	0.0	0.0	0.0
-7.716186219999999	2.6726500000000002e-14	6.37981e-15	2.126438e-15	1.3094999999999997e-15	0.0	0.0	0.0	0.0	0.0
-7.690186219999999	0.0	0.0	0.0	0.0	0.0	0.0	0.0	0.0	0.0
-7.665186220000001	0.0	0.0	0.0	0.0	0.0	0.0	0.0	0.0	0.0
-7.639186219999999	0.0	0.0	0.0	0.0	0.0	0.0	0.0	0.0	0.0
-7.613186219999999	0.0	0.0	0.0	0.0	0.0	0.0	0.0	0.0	0.0
-7.588186220000001	0.0	0.0	0.0	0.0	0.0	0.0	0.0	0.0	0.0
-7.562186219999999	0.0	0.0	0.0	0.0	0.0	0.0	0.0	0.0	0.0
-7.536186219999999	0.0	0.0	0.0	0.0	0.0	0.0	0.0	0.0	0.0
-7.51018622	0.0	0.0	0.0	0.0	0.0	0.0	0.0	0.0	0.0
-7.485186219999999	0.0	0.0	0.0	0.0	0.0	0.0	0.0	0.0	0.0
-7.459186219999999	0.0	0.0	0.0	0.0	0.0	0.0	0.0	0.0	0.0
-7.43318622	0.0	0.0	0.0	0.0	0.0	0.0	0.0	0.0	0.0
-7.408186219999999	0.0	0.0	0.0	0.0	0.0	0.0	0.0	0.0	0.0
-7.3821862199999995	0.0	0.0	0.0	0.0	0.0	0.0	0.0	0.0	0.0
-7.35618622	0.0	0.0	0.0	0.0	0.0	0.0	0.0	0.0	0.0
-7.33018622	0.0	0.0	0.0	0.0	0.0	0.0	0.0	0.0	0.0
-7.3051862199999995	0.0	0.0	0.0	0.0	0.0	0.0	0.0	0.0	0.0
-7.27918622	0.0	0.0	0.0	0.0	0.0	0.0	0.0	0.0	0.0
-7.25318622	0.0	0.0	0.0	0.0	0.0	0.0	0.0	0.0	0.0
-7.2281862199999996	0.0	0.0	0.0	0.0	0.0	0.0	0.0	0.0	0.0
-7.20218622	0.0	0.0	0.0	0.0	0.0	0.0	0.0	0.0	0.0
-7.17618622	0.0	0.0	0.0	0.0	0.0	0.0	0.0	0.0	0.0
-7.15018622	0.0	0.0	0.0	0.0	0.0	0.0	0.0	0.0	0.0
-7.12518622	0.0	0.0	0.0	0.0	0.0	0.0	0.0	0.0	0.0
-7.09918622	0.0	0.0	0.0	0.0	0.0	0.0	0.0	0.0	0.0
-7.07318622	0.0	0.0	0.0	0.0	0.0	0.0	0.0	0.0	0.0
-7.04718622	0.0	0.0	0.0	0.0	0.0	0.0	0.0	0.0	0.0
-7.02218622	0.0	0.0	0.0	0.0	0.0	0.0	0.0	0.0	0.0
-6.99618622	0.0	0.0	0.0	0.0	0.0	0.0	0.0	0.0	0.0
-6.97018622	0.0	0.0	0.0	0.0	0.0	0.0	0.0	0.0	0.0
-6.94518622	0.0	0.0	0.0	0.0	0.0	0.0	0.0	0.0	0.0
-6.91918622	0.0	0.0	0.0	0.0	0.0	0.0	0.0	0.0	0.0
-6.8931862200000005	0.0	0.0	0.0	0.0	0.0	0.0	0.0	0.0	0.0
-6.867186220000001	0.0	0.0	0.0	0.0	0.0	0.0	0.0	0.0	0.0
-6.84218622	0.0	0.0	0.0	0.0	0.0	0.0	0.0	0.0	0.0
-6.8161862200000005	0.0	0.0	0.0	0.0	0.0	0.0	0.0	0.0	0.0
-6.790186220000001	0.0	0.0	0.0	0.0	0.0	0.0	0.0	0.0	0.0
-6.76518622	0.0	0.0	0.0	0.0	0.0	0.0	0.0	0.0	0.0
-6.739186220000001	0.0	0.0	0.0	0.0	0.0	0.0	0.0	0.0	0.0
-6.713186220000001	0.0	0.0	0.0	0.0	0.0	0.0	0.0	0.0	0.0
-6.687186219999999	0.0	0.0	0.0	0.0	0.0	0.0	0.0	0.0	0.0
-6.662186220000001	0.0	0.0	0.0	0.0	0.0	0.0	0.0	0.0	0.0
-6.636186220000001	8.60303e-15	3.5149119999999998e-15	6.85348e-15	3.826737e-15	0.0	0.0	0.0	0.0	0.0
-6.610186219999999	1.49482e-13	6.10784e-14	1.1908609e-13	6.649240000000001e-14	0.0	0.0	0.0	0.0	0.0
-6.584186219999999	2.36796e-12	9.675769999999999e-13	1.8863535e-12	1.0533469999999998e-12	0.0	0.0	0.0	0.0	0.0
-6.559186220000001	3.2992e-11	1.3478259999999999e-11	2.6282973000000002e-11	1.467526e-11	0.0	0.0	0.0	0.0	0.0
-6.533186219999999	4.0303799999999997e-10	1.646453e-10	3.2103941999999996e-10	1.7921839999999998e-10	0.0	0.0	0.0	0.0	0.0
-6.5071862199999995	4.31778e-09	1.763956e-09	3.4392769999999996e-09	1.920491e-09	0.0	0.0	0.0	0.0	0.0
-6.482186219999999	4.05661e-08	1.6577750000000004e-08	3.2316616e-08	1.8044669999999998e-08	0.0	0.0	0.0	0.0	0.0
-6.456186219999999	3.34299e-07	1.365876e-07	2.6629268e-07	1.4870310000000002e-07	0.0	0.0	0.0	0.0	0.0
-6.4301862199999995	2.4166e-06	9.87319e-07	1.9254766e-06	1.074932e-06	0.0	0.0	0.0	0.0	0.0
-6.40418622	1.53215e-05	6.26005e-06	1.2205156e-05	6.815349999999999e-06	0.0	0.0	0.0	0.0	0.0
-6.379186219999999	8.52083e-05	3.4817990000000004e-05	6.788419999999999e-05	3.790345e-05	0.0	0.0	0.0	0.0	0.0
-6.3531862199999996	0.000415673	0.00016981199999999998	0.0003311641	0.0001848987	0.0	0.0	0.0	0.0	0.0
-6.32718622	0.00177881	0.000726784	0.0014169941999999998	0.0007911659999999999	0.0	0.0	0.0	0.0	0.0
-6.302186219999999	0.0066784999999999995	0.0027276270000000003	0.0053196705	0.002970606	0.0	0.0	0.0	0.0	0.0
-6.27618622	0.021987900000000005	0.00898363	0.017520395	0.00978083	0.0	0.0	0.0	0.0	0.0
-6.25018622	0.0635209	0.02595672	0.050607301	0.02825911	0.0	0.0	0.0	0.0	0.0
-6.22418622	0.16098700000000002	0.0657693	0.12825312	0.07160929999999999	0.0	0.0	0.0	0.0	0.0
-6.19918622	0.35793200000000003	0.14619720000000003	0.28510711999999994	0.15921120000000002	0.0	0.0	0.0	0.0	0.0
-6.17318622	0.69802	0.2852059	0.5562398299999999	0.31051120000000004	0.0	0.0	0.0	0.0	0.0
-6.14718622	1.194643	0.48807529999999993	0.9517316	0.5313767	0.0	0.0	0.0	0.0	0.0
-6.12118622	1.79352	0.7327670000000001	1.4288410999999999	0.7978279999999999	0.0	0.0	0.0	0.0	0.0
-6.09618622	2.3623999999999996	0.9651219999999999	1.8815927999999997	1.0508369999999998	0.0	0.0	0.0	0.0	0.0
-6.07018622	2.7298800000000005	1.1152710000000001	2.1742825	1.2142069999999998	0.0	0.0	0.0	0.0	0.0
-6.04418622	2.7675599999999996	1.1306060000000002	2.2049402	1.231096	0.0	0.0	0.0	0.0	0.0
-6.01918622	2.46157	1.005694	1.9613421999999998	1.094952	0.0	0.0	0.0	0.0	0.0
-5.99318622	1.9209900000000002	0.7847360000000001	1.5303769	0.854441	0.0	0.0	0.0	0.0	0.0
-5.96718622	1.315091	0.5372868000000001	1.0476316	0.5848830000000002	0.0	0.0	0.0	0.0	0.0
-5.9411862200000005	0.790025	0.3227063	0.62935225	0.3513853	0.0	0.0	0.0	0.0	0.0
-5.91618622	0.41625400000000007	0.17007309999999998	0.33162847	0.18510900000000002	0.0	0.0	0.0	0.0	0.0
-5.89018622	0.192435	0.0786197	0.15329242999999998	0.08559	0.0	0.0	0.0	0.0	0.0
-5.864186220000001	0.0780396	0.0318841	0.062180906	0.03471234999999999	0.0	0.0	0.0	0.0	0.0
-5.83918622	0.027766	0.01134431	0.022117374000000002	0.01234955	0.0	0.0	0.0	0.0	0.0
-5.81318622	0.00866718	0.0035407439999999993	0.006904768	0.0038546800000000005	0.0	0.0	0.0	0.0	0.0
-5.787186220000001	0.00237306	0.0009695959999999999	0.0018909792	0.001055538	0.0	0.0	0.0	0.0	0.0
-5.761186220000001	0.000570028	0.00023292470000000002	0.00045407788999999996	0.00025351729999999997	0.0	0.0	0.0	0.0	0.0
-5.7361862200000004	0.00012009580000000001	4.9065880000000006e-05	9.567343999999998e-05	5.3417e-05	0.0	0.0	0.0	0.0	0.0
-5.710186220000001	2.2196699999999997e-05	9.068289999999999e-06	1.7685471000000003e-05	9.873560000000002e-06	0.0	0.0	0.0	0.0	0.0
-5.684186220000001	3.59824e-06	1.470346e-06	2.8669016e-06	1.600563e-06	0.0	0.0	0.0	0.0	0.0
-5.6591862200000005	5.11719e-07	2.090464e-07	4.0766764e-07	2.276007e-07	0.0	0.0	0.0	0.0	0.0
-5.633186220000001	6.38237e-08	2.60735e-08	5.083743800000001e-08	2.83885e-08	0.0	0.0	0.0	0.0	0.0
-5.607186219999999	6.9827e-09	2.853967e-09	5.5632251e-09	3.106101e-09	0.0	0.0	0.0	0.0	0.0
-5.581186219999999	6.895879999999999e-10	2.9872390000000003e-10	5.463485999999999e-10	3.1163559999999996e-10	0.0	0.0	0.0	0.0	0.0
-5.556186220000001	3.017526e-10	3.326548e-10	2.017253e-10	1.9430499999999998e-10	0.0	0.0	0.0	0.0	0.0
-5.530186219999999	2.6678833e-09	3.363191e-09	1.7064372e-09	1.8391948e-09	0.0	0.0	0.0	0.0	0.0
-5.504186219999999	2.5368706000000003e-08	3.201011e-08	1.6215457e-08	1.7494130700000005e-08	0.0	0.0	0.0	0.0	0.0
-5.4781862199999996	2.1183538900000003e-07	2.673428e-07	1.3540516e-07	1.4610618300000003e-07	0.0	0.0	0.0	0.0	0.0
-5.453186219999999	1.5516686400000003e-06	1.9578179999999998e-06	9.918281e-07	1.0701218799999999e-06	0.0	0.0	0.0	0.0	0.0
-5.427186219999999	9.9698871e-06	1.2581693999999999e-05	6.373191000000001e-06	6.875719299999999e-06	0.0	0.0	0.0	0.0	0.0
-5.40118622	5.6186470000000006e-05	7.09075e-05	3.591593e-05	3.8751428999999996e-05	0.0	0.0	0.0	0.0	0.0
-5.376186219999999	0.00027770070999999996	0.00035047170000000006	0.00017750971000000002	0.000191546986	0.0	0.0	0.0	0.0	0.0
-5.350186219999999	0.00120439212	0.001519777	0.0007699367000000001	0.0008306711699999999	0.0	0.0	0.0	0.0	0.0
-5.32418622	0.004581139	0.005781067000000001	0.0029289521	0.0031599982	0.0	0.0	0.0	0.0	0.0
-5.29818622	0.0152889117	0.01929212	0.009772354	0.010542981199999999	0.0	0.0	0.0	0.0	0.0
-5.2731862199999995	0.044754225	0.05647351999999999	0.028604453	0.030868386	0.0	0.0	0.0	0.0	0.0
-5.24718622	0.114938517	0.14503810000000003	0.07346453	0.07927379300000001	0.0	0.0	0.0	0.0	0.0
-5.22118622	0.25892018	0.3266799	0.16547135	0.17857865800000003	0.0	0.0	0.0	0.0	0.0
-5.1961862199999995	0.5117872900000001	0.6458652	0.3271832	0.35299650999999993	0.0	0.0	0.0	0.0	0.0
-5.17018622	0.88749088	1.1200415000000001	0.5673677	0.61205507	0.0	0.0	0.0	0.0	0.0
-5.14418622	1.3502198699999999	1.703775	0.8629686000000001	0.9311341399999999	0.0	0.0	0.0	0.0	0.0
-5.11818622	1.80207172	2.2745280000000005	1.1519076	1.24282025	0.0	0.0	0.0	0.0	0.0
-5.09318622	2.109653	2.6624900000000005	1.3488889	1.45527455	0.0	0.0	0.0	0.0	0.0
-5.06718622	2.1677242000000003	2.735732	1.3856878	1.4950884800000002	0.0	0.0	0.0	0.0	0.0
-5.04118622	1.95405312	2.4656420000000003	1.2489028000000002	1.3475323300000002	0.0	0.0	0.0	0.0	0.0
-5.01518622	1.5451040600000001	1.9497539999999998	0.9875327	1.0655106599999997	0.0	0.0	0.0	0.0	0.0
-4.99018622	1.07181067	1.3525848999999999	0.6851818000000001	0.7392209800000001	0.0	0.0	0.0	0.0	0.0
-4.96418622	0.6524194	0.823234	0.41709620000000003	0.44994444	0.0	0.0	0.0	0.0	0.0
-4.93818622	0.34849868	0.43980920000000007	0.22287058	0.24050228	0.0	0.0	0.0	0.0	0.0
-4.91318622	0.16405	0.2068153	0.10523302	0.11380698000000002	0.0	0.0	0.0	0.0	0.0
-4.88718622	0.07034752	0.08797400000000001	0.04636217	0.05105093	0.0	0.0	0.0	0.0	0.0
-4.8611862200000004	0.035155030000000004	0.04169652	0.02716319	0.03274713	0.0	0.0	0.0	0.0	0.0
-4.835186220000001	0.0399188	0.04253399	0.03931366	0.05252221000000001	0.0	0.0	0.0	0.0	0.0
-4.81018622	0.08537219999999998	0.08749633999999999	0.09013984	0.12334555	0.0	0.0	0.0	0.0	0.0
-4.7841862200000005	0.1888961	0.19255238000000002	0.20120859	0.27613007000000006	0.0	0.0	0.0	0.0	0.0
-4.758186220000001	0.3741489	0.38113645799999996	0.3989405	0.5476280800000001	0.0	0.0	0.0	0.0	0.0
-4.73318622	0.6514479	0.6635942320000001	0.6946904	0.9536183199999999	0.0	0.0	0.0	0.0	0.0
-4.7071862200000005	0.9953062	1.01402547	1.0614527	1.4570472	0.0	0.0	0.0	0.0	0.0
-4.681186220000001	1.3343261	1.35935328	1.4230436000000002	1.9534582999999999	0.0	0.0	0.0	0.0	0.0
-4.655186219999999	1.5694133	1.5987855399999997	1.6736452999999998	2.2979076999999997	0.0	0.0	0.0	0.0	0.0
-4.630186220000001	1.6189669	1.6498085200000001	1.7270143	2.3703928000000003	0.0	0.0	0.0	0.0	0.0
-4.604186220000001	1.4661221000000002	1.49349712	1.5634732999999998	2.1465664999999996	0.0	0.0	0.0	0.0	0.0
-4.578186219999999	1.1643265	1.18623158	1.2417790999999998	1.7045798900000002	0.0	0.0	0.0	0.0	0.0
-4.552186219999999	0.811399	0.82652673	0.8653659000000001	1.18783345	0.0	0.0	0.0	0.0	0.0
-4.527186220000001	0.4960179	0.505260726	0.5289427	0.7261256	0.0	0.0	0.0	0.0	0.0
-4.501186219999999	0.2660073	0.27098962500000007	0.28371794000000006	0.38946248	0.0	0.0	0.0	0.0	0.0
-4.475186219999999	0.12516316	0.1275222	0.13349547	0.18325905	0.0	0.0	0.0	0.0	0.0
-4.450186220000001	0.05166921	0.05264087690000001	0.05511382	0.07564020099999998	0.0	0.0	0.0	0.0	0.0
-4.424186219999999	0.018711166	0.019065501800000002	0.019953417000000005	0.027387083000000007	0.0	0.0	0.0	0.0	0.0
-4.3981862199999995	0.005944664	0.00605579282	0.0063394639999999995	0.008702027999999999	0.0	0.0	0.0	0.0	0.0
-4.37218622	0.0016566061	0.0016876799600000002	0.0017668109999999999	0.0024256173	0.0	0.0	0.0	0.0	0.0
-4.347186219999999	0.0004049933	0.000412634357	0.00043189730000000004	0.00059295782	0.0	0.0	0.0	0.0	0.0
-4.3211862199999995	8.686124000000001e-05	8.848396000000001e-05	9.263121e-05	0.00012715828499999996	0.0	0.0	0.0	0.0	0.0
-4.29518622	1.6342519e-05	1.66469489e-05	1.7426603e-05	2.3920456e-05	0.0	0.0	0.0	0.0	0.0
-4.270186219999999	2.6961708e-06	2.74704367e-06	2.8749155999999996e-06	3.9474038e-06	0.0	0.0	0.0	0.0	0.0
-4.24418622	3.902845e-07	3.9754028399999997e-07	4.161701e-07	5.712509e-07	0.0	0.0	0.0	0.0	0.0
-4.21818622	4.9538630000000006e-08	5.0467301900000006e-08	5.284091e-08	7.252272599999999e-08	0.0	0.0	0.0	0.0	0.0
-4.19218622	5.519949e-09	5.62335637e-09	5.88601e-09	8.0800253e-09	0.0	0.0	0.0	0.0	0.0
-4.16718622	5.851299e-10	5.9638255e-10	6.334788e-10	8.463164000000001e-10	0.0	0.0	0.0	0.0	0.0
-4.14118622	5.905820000000001e-10	6.046551099999999e-10	7.411437000000001e-10	7.432776999999999e-10	0.0	0.0	0.0	0.0	0.0
-4.11518622	5.606534e-09	5.741052099999999e-09	7.12413935e-09	6.959401000000001e-09	0.0	0.0	0.0	0.0	0.0
-4.09018622	5.0566730000000005e-08	5.1778411999999995e-08	6.426519716e-08	6.276593999999999e-08	0.0	0.0	0.0	0.0	0.0
-4.06418622	4.002286e-07	4.0987459000000003e-07	5.087906096000001e-07	4.968892000000002e-07	0.0	0.0	0.0	0.0	0.0
-4.03818622	2.779948e-06	2.8462424e-06	3.532906455e-06	3.450055e-06	0.0	0.0	0.0	0.0	0.0
-4.01218622	1.69275e-05	1.7335946e-05	2.1513588862000003e-05	2.1016770000000003e-05	0.0	0.0	0.0	0.0	0.0
-3.98718622	9.043016e-05	9.261763999999997e-05	0.00011493808734	0.00011225050000000001	0.0	0.0	0.0	0.0	0.0
-3.96118622	0.0004238112	0.0004339555	0.0005386539219000001	0.0005260268	0.0	0.0	0.0	0.0	0.0
-3.9351862200000003	0.001742104	0.0017840667999999998	0.002214100912	0.002162494	0.0	0.0	0.0	0.0	0.0
-3.9091862200000005	0.006280525	0.006432784999999999	0.007984728289	0.007797078000000001	0.0	0.0	0.0	0.0	0.0
-3.88418622	0.01987262	0.020351586000000005	0.0252570304	0.02467023	0.0	0.0	0.0	0.0	0.0
-3.8581862200000003	0.05515413000000001	0.056473474	0.07009808887	0.06845951	0.0	0.0	0.0	0.0	0.0
-3.8321862200000005	0.13425578999999999	0.13749233	0.17065257028999997	0.1666177	0.0	0.0	0.0	0.0	0.0
-3.80718622	0.2867754	0.2936636999999999	0.36446185009999993	0.3559782	0.0	0.0	0.0	0.0	0.0
-3.7811862200000004	0.5372591999999999	0.5502263900000001	0.6829119813	0.6669276000000002	0.0	0.0	0.0	0.0	0.0
-3.7551862200000006	0.8832608000000001	0.9045188999999998	1.1225352624000002	1.096398	0.0	0.0	0.0	0.0	0.0
-3.7291862200000008	1.273946	1.3044959000000003	1.6189487668999998	1.5809009999999997	0.0	0.0	0.0	0.0	0.0
-3.7041862200000004	1.6117792	1.6507721	2.0485960438	2.000795	0.0	0.0	0.0	0.0	0.0
-3.6781862200000006	1.789304	1.8324076999999999	2.2742279367	2.221563	0.0	0.0	0.0	0.0	0.0
-3.652186220000001	1.742645	1.7845929	2.2148049122999995	2.1627210000000003	0.0	0.0	0.0	0.0	0.0
-3.6271862200000005	1.4889803000000001	1.5249497	1.8925420795	1.8480280000000002	0.0	0.0	0.0	0.0	0.0
-3.6011862200000007	1.1161879	1.1431316999999999	1.4187534844	1.3855739999999996	0.0	0.0	0.0	0.0	0.0
-3.575186220000001	0.7341458	0.7519131	0.9330190843	0.911268	0.0	0.0	0.0	0.0	0.0
-3.5491862199999993	0.42355979999999993	0.43381047	0.5383917218	0.5258011	0.0	0.0	0.0	0.0	0.0
-3.5241862200000007	0.2144365	0.21960867	0.2724994123000001	0.2661939	0.0	0.0	0.0	0.0	0.0
-3.498186219999999	0.09523349	0.09752733999999999	0.12103142985000001	0.1182042	0.0	0.0	0.0	0.0	0.0
-3.4721862199999993	0.03709696	0.037998472	0.04715375942	0.04605201999999999	0.0	0.0	0.0	0.0	0.0
-3.4461862199999995	0.012681055000000002	0.012987239999999999	0.016117082639	0.015737029999999996	0.0	0.0	0.0	0.0	0.0
-3.421186219999999	0.0038022610000000004	0.0038940325	0.004832613989999999	0.004719335	0.0	0.0	0.0	0.0	0.0
-3.3951862199999994	0.001000127	0.0010241434	0.0012711464236	0.0012413269999999998	0.0	0.0	0.0	0.0	0.0
-3.3691862199999996	0.00023076	0.00023630038999999998	0.0002932828208	0.0002864137	0.0	0.0	0.0	0.0	0.0
-3.344186219999999	4.6710370000000004e-05	4.7833969999999994e-05	5.9366404460000004e-05	5.7971090000000004e-05	0.0	0.0	0.0	0.0	0.0
-3.3181862199999994	8.291701e-06	8.492431e-06	1.0539594504e-05	1.029318e-05	0.0	0.0	0.0	0.0	0.0
-3.2921862199999996	1.2932e-06	1.3236331000000001e-06	1.641285235e-06	1.603175e-06	0.0	0.0	0.0	0.0	0.0
-3.26618622	1.9533630000000003e-07	1.9291500000000003e-07	2.2585939000000002e-07	2.2569650000000003e-07	0.0	0.0	0.0	0.0	0.0
-3.2411862199999995	1.8750369999999998e-07	1.293826e-07	4.153097e-08	8.541440000000001e-08	0.0	0.0	0.0	0.0	0.0
-3.2151862199999997	1.2825924e-06	8.3137357e-07	1.157216e-07	4.582906e-07	0.0	0.0	0.0	0.0	0.0
-3.18918622	8.644154599999998e-06	5.5973101999999995e-06	7.623270000000001e-07	3.0754609999999996e-06	0.0	0.0	0.0	0.0	0.0
-3.1641862199999995	5.1186924e-05	3.314392e-05	4.513670000000001e-06	1.8209571e-05	0.0	0.0	0.0	0.0	0.0
-3.1381862199999997	0.00026585168	0.00017213899	2.3439800000000002e-05	9.459011000000001e-05	0.0	0.0	0.0	0.0	0.0
-3.11218622	0.0012112207999999999	0.0007843562999999999	0.00010678750000000001	0.00043105499999999996	0.0	0.0	0.0	0.0	0.0
-3.08618622	0.0048405835000000005	0.0031342901000000005	0.000426728	0.0017222392999999999	0.0	0.0	0.0	0.0	0.0
-3.0611862199999997	0.016972145	0.010989282800000002	0.0014963009999999998	0.0060390470000000005	0.0	0.0	0.0	0.0	0.0
-3.03518622	0.052200451999999994	0.033796889999999996	0.004602370000000001	0.01857075	0.0	0.0	0.0	0.0	0.0
-3.00918622	0.14085043999999997	0.09119505900000001	0.012417440000000002	0.050107679999999995	0.0	0.0	0.0	0.0	0.0
-2.9831862200000003	0.33343804	0.21586057000000003	0.029390200000000002	0.11861189999999999	0.0	0.0	0.0	0.0	0.0
-2.95818622	0.6922394300000001	0.44830152	0.0610383	0.2462898	0.0	0.0	0.0	0.0	0.0
-2.93218622	1.2611416000000002	0.81659378	0.11120029999999999	0.44875129999999996	0.0	0.0	0.0	0.0	0.0
-2.9061862200000004	2.0156867	1.30532626	0.1777223	0.7171331	0.0	0.0	0.0	0.0	0.0
-2.88118622	2.8266729	1.8302052	0.249161	1.0056404	0.0	0.0	0.0	0.0	0.0
-2.85518622	3.4775259	2.2515683	0.30662100000000003	1.2370587999999998	0.0	0.0	0.0	0.0	0.0
-2.8291862200000004	3.7525425	2.4302191	0.330947	1.3353393000000002	0.0	0.0	0.0	0.0	0.0
-2.8031862200000006	3.5546211000000003	2.3012121999999997	0.31332099999999996	1.2643821	0.0	0.0	0.0	0.0	0.0
-2.7781862200000003	2.9526804	1.9117642	0.26028700000000005	1.0503358999999999	0.0	0.0	0.0	0.0	0.0
-2.7521862200000005	2.1519224	1.3934495299999998	0.1897802	0.7656395	0.0	0.0	0.0	0.0	0.0
-2.7261862200000007	1.3761514	0.8909775099999999	0.12131909999999999	0.4895348	0.0	0.0	0.0	0.0	0.0
-2.7011862200000003	0.7719026999999999	0.49995857000000005	0.06805689999999999	0.2746424	0.0	0.0	0.0	0.0	0.0
-2.6751862200000005	0.37994825000000004	0.2460171	0.0334988	0.13516600000000004	0.0	0.0	0.0	0.0	0.0
-2.6491862200000007	0.16405146000000004	0.10622126499999997	0.01446409	0.058368510000000005	0.0	0.0	0.0	0.0	0.0
-2.623186219999999	0.062140561	0.040240433000000006	0.005479229999999999	0.022109330000000003	0.0	0.0	0.0	0.0	0.0
-2.5981862200000005	0.020649650000000002	0.013371826	0.0018208279999999998	0.007346133	0.0	0.0	0.0	0.0	0.0
-2.5721862200000007	0.0060199932000000005	0.0038986436000000005	0.000530763	0.002141864	0.0	0.0	0.0	0.0	0.0
-2.546186219999999	0.0015394952	0.00099684726	0.00013573379999999997	0.0005476732999999999	0.0	0.0	0.0	0.0	0.0
-2.5211862200000006	0.00034533402999999997	0.00022362269	3.0449199999999996e-05	0.00012286913999999996	0.0	0.0	0.0	0.0	0.0
-2.495186220000001	6.7961336e-05	4.4002342e-05	5.99103e-06	2.417772e-05	0.0	0.0	0.0	0.0	0.0
-2.469186219999999	1.1730502999999997e-05	7.594554e-06	1.0342170000000005e-06	4.1729389999999995e-06	0.0	0.0	0.0	0.0	0.0
-2.4431862199999994	1.776024e-06	1.1500847899999999e-06	1.5657879999999998e-07	6.317754e-07	0.0	0.0	0.0	0.0	0.0
-2.418186220000001	2.3585176000000002e-07	1.5271667899999998e-07	2.0795990000000003e-08	8.391491e-08	0.0	0.0	0.0	0.0	0.0
-2.3921862199999993	2.7476113999999997e-08	1.7788085e-08	2.4216700000000004e-09	9.773655999999998e-09	0.0	0.0	0.0	0.0	0.0
-2.3661862199999995	2.8063737e-09	1.8173480000000001e-09	2.47494e-10	9.985387e-10	0.0	0.0	0.0	0.0	0.0
-2.3401862199999997	2.5146694e-10	1.6283362500000001e-10	2.2166569999999997e-11	8.945512000000001e-11	0.0	0.0	0.0	0.0	0.0
-2.3151862199999993	1.9756904e-11	1.2793727799999999e-11	1.741975e-12	7.0293769999999996e-12	0.0	0.0	0.0	0.0	0.0
-2.2891862199999995	1.3633447e-12	8.8287061e-13	1.2020059999999998e-13	4.849814000000001e-13	0.0	0.0	0.0	0.0	0.0
-2.2631862199999997	8.086761500000001e-14	5.2365282e-14	7.13068e-15	2.877432e-14	0.0	0.0	0.0	0.0	0.0
-2.2381862199999993	5.7764161e-15	3.7404270000000005e-15	5.09328e-16	2.055336e-15	0.0	0.0	0.0	0.0	0.0
-2.2121862199999995	0.0	0.0	0.0	0.0	0.0	0.0	0.0	0.0	0.0
-2.1861862199999997	0.0	0.0	0.0	0.0	0.0	0.0	0.0	0.0	0.0
-2.16018622	0.0	0.0	0.0	0.0	0.0	0.0	0.0	0.0	0.0
-2.1351862199999996	0.0	0.0	0.0	0.0	0.0	0.0	0.0	0.0	0.0
-2.10918622	0.0	0.0	0.0	0.0	0.0	0.0	0.0	0.0	0.0
-2.08318622	0.0	0.0	0.0	0.0	0.0	0.0	0.0	0.0	0.0
-2.0581862199999996	0.0	0.0	0.0	0.0	0.0	0.0	0.0	0.0	0.0
-2.03218622	0.0	0.0	0.0	0.0	0.0	0.0	0.0	0.0	0.0
-2.00618622	0.0	0.0	0.0	0.0	0.0	0.0	0.0	0.0	0.0
-1.9801862200000002	0.0	0.0	0.0	0.0	0.0	0.0	0.0	0.0	0.0
-1.9551862199999999	0.0	0.0	0.0	0.0	0.0	0.0	0.0	0.0	0.0
-1.92918622	0.0	0.0	0.0	0.0	0.0	0.0	0.0	0.0	0.0
-1.9031862200000003	0.0	0.0	0.0	0.0	0.0	0.0	0.0	0.0	0.0
-1.8771862200000005	0.0	0.0	0.0	0.0	0.0	0.0	0.0	0.0	0.0
-1.85218622	0.0	0.0	0.0	0.0	0.0	0.0	0.0	0.0	0.0
-1.8261862200000003	0.0	0.0	0.0	0.0	0.0	0.0	0.0	0.0	0.0
-1.8001862200000005	0.0	0.0	0.0	0.0	0.0	0.0	0.0	0.0	0.0
-1.7751862200000001	0.0	0.0	0.0	0.0	0.0	0.0	0.0	0.0	0.0
-1.7491862200000003	0.0	0.0	0.0	0.0	0.0	0.0	0.0	0.0	0.0
-1.7231862200000005	0.0	0.0	0.0	0.0	0.0	0.0	0.0	0.0	0.0
-1.6971862200000007	0.0	0.0	0.0	0.0	0.0	0.0	0.0	0.0	0.0
-1.6721862200000004	0.0	0.0	0.0	0.0	0.0	0.0	0.0	0.0	0.0
-1.6461862200000006	3.034959e-16	3.0681381e-15	7.560039e-16	1.2407737e-15	0.0	0.0	0.0	0.0	0.0
-1.6201862200000008	4.553033000000001e-15	4.6017521000000013e-14	1.1340074e-14	1.861464e-14	0.0	0.0	0.0	0.0	0.0
-1.5951862200000004	7.906738e-14	7.991789e-13	1.9691130000000003e-13	3.2317360000000003e-13	0.0	0.0	0.0	0.0	0.0
-1.5691862199999997	1.179854e-12	1.1924773999999999e-11	2.9379789999999998e-12	4.822472000000001e-12	0.0	0.0	0.0	0.0	0.0
-1.54318622	1.5444719999999998e-11	1.5606733000000003e-10	3.8466610000000005e-11	6.312633e-11	0.0	0.0	0.0	0.0	0.0
-1.5171862200000001	1.773239e-10	1.7921402999999997e-09	4.41698e-10	7.248059e-10	0.0	0.0	0.0	0.0	0.0
-1.4921862199999998	1.78524e-09	1.8045515000000002e-08	4.447356999999999e-09	7.298094e-09	0.0	0.0	0.0	0.0	0.0
-1.46618622	1.5768659999999998e-08	1.5934159000000002e-07	3.927283e-08	6.445719e-08	0.0	0.0	0.0	0.0	0.0
-1.4401862200000002	1.22157e-07	1.2343038999999997e-06	3.0418860000000003e-07	4.992981000000001e-07	0.0	0.0	0.0	0.0	0.0
-1.4141862200000004	8.298333999999999e-07	8.386993e-06	2.0671520000000002e-06	3.392551e-06	0.0	0.0	0.0	0.0	0.0
-1.38918622	4.945091000000001e-06	4.998088600000001e-05	1.2316213999999997e-05	2.0213129999999997e-05	0.0	0.0	0.0	0.0	0.0
-1.3631862200000002	2.585442e-05	0.00026130936	6.439063e-05	0.0001056668	0.0	0.0	0.0	0.0	0.0
-1.3371862199999995	0.00011854210000000001	0.0011981215	0.0002952447	0.000484536	0.0	0.0	0.0	0.0	0.0
-1.31218622	0.0004767683	0.004818584900000001	0.0011875335	0.0019493520000000001	0.0	0.0	0.0	0.0	0.0
-1.2861862200000003	0.0016823460000000001	0.017006264	0.004190314	0.0068771990000000005	0.0	0.0	0.0	0.0	0.0
-1.2601862199999996	0.005208124000000001	0.052634614	0.01297089	0.021283820000000005	0.0	0.0	0.0	0.0	0.0
-1.2341862199999998	0.014142179999999999	0.14295983	0.035217530000000004	0.05780801	0.0	0.0	0.0	0.0	0.0
-1.2091862200000003	0.03368949	0.34047333999999996	0.08390951000000002	0.1376942	0.0	0.0	0.0	0.0	0.0
-1.1831862199999996	0.0704109	0.7115464999999999	0.17536180999999998	0.2878192	0.0	0.0	0.0	0.0	0.0
-1.1571862199999998	0.1290931	1.3043322	0.32154720000000003	0.5277038000000001	0.0	0.0	0.0	0.0	0.0
-1.1321862200000004	0.2077193	2.0981988000000005	0.5174235999999999	0.8488156000000001	0.0	0.0	0.0	0.0	0.0
-1.1061862199999997	0.2932166	2.9620792000000002	0.7310066000000001	1.1978578	0.0	0.0	0.0	0.0	0.0
-1.0801862199999999	0.36336270000000004	3.6667136000000005	0.9087334	1.4837250000000004	0.0	0.0	0.0	0.0	0.0
-1.05418622	0.39594320000000005	3.984046	1.0000018	1.61234	0.0	0.0	0.0	0.0	0.0
-1.0291862199999997	0.3812873	3.7997499000000006	0.9947937000000001	1.538091	0.0	0.0	0.0	0.0	0.0
-1.00318622	0.33019780000000004	3.183029999999999	0.9500477999999999	1.2916668	0.0	0.0	0.0	0.0	0.0
-0.9771862200000001	0.27031310000000003	2.350333	0.9905512000000001	0.961416	0.0	0.0	0.0	0.0	0.0
-0.9521862199999998	0.2353653	1.5475910000000002	1.2768369	0.6489216999999999	0.0	0.0	0.0	0.0	0.0
-0.92618622	0.2500627	0.9396544999999998	1.9420004000000004	0.42397609999999997	0.0	0.0	0.0	0.0	0.0
-0.9001862200000001	0.3202378	0.57595571	3.0087718	0.3067162	0.0	0.0	0.0	0.0	0.0
-0.8741862200000003	0.42797161	0.41281163	4.3179707999999986	0.2753226	0.0	0.0	0.0	0.0	0.0
-0.84918622	0.53566794	0.36709968	5.529299399999999	0.28829801	0.0	0.0	0.0	0.0	0.0
-0.8231862200000002	0.600772	0.36008582100000003	6.24469483	0.30390857	0.0	0.0	0.0	0.0	0.0
-0.7971862200000004	0.59503892	0.34131851199999996	6.197105669999999	0.29530378	0.0	0.0	0.0	0.0	0.0
-0.7711862199999997	0.51788353	0.29330560510000003	5.39748298	0.25589895	0.0	0.0	0.0	0.0	0.0
-0.7461862200000002	0.39583193	0.223557215	4.12549177	0.19664809	0.0	0.0	0.0	0.0	0.0
-0.7201862199999995	0.26584614	0.15107777100000003	2.768108750000001	0.13748526999999997	0.0	0.0	0.0	0.0	0.0
-0.6941862199999997	0.15775585	0.09361775	1.63553123	0.10001047	0.0	0.0	0.0	0.0	0.0
-0.6691862200000003	0.08535101	0.06231278999999999	0.8636635999999999	0.10816774	0.0	0.0	0.0	0.0	0.0
-0.6431862199999996	0.0488914	0.06452794999999999	0.44215238000000007	0.19557515	0.0	0.0	0.0	0.0	0.0
-0.6171862199999998	0.0427086	0.10816606000000001	0.29178614	0.41099227000000005	0.0	0.0	0.0	0.0	0.0
-0.59118622	0.06134219999999999	0.20235385	0.333292327	0.8081210100000001	0.0	0.0	0.0	0.0	0.0
-0.5661862199999996	0.10005297	0.35000977	0.5072348959999999	1.4107301999999997	0.0	0.0	0.0	0.0	0.0
-0.5401862199999998	0.15166318	0.53626821	0.758430033	2.1648626	0.0	0.0	0.0	0.0	0.0
-0.51418622	0.20386126999999998	0.72207365	1.0167895888	2.9157865	0.0	0.0	0.0	0.0	0.0
-0.48918621999999967	0.24079672	0.85324236	1.20068453	3.4451866	0.0	0.0	0.0	0.0	0.0
-0.46318621999999987	0.24957264999999998	0.8846292099999999	1.2445815194999996	3.5731848	0.0	0.0	0.0	0.0	0.0
-0.43718622000000007	0.22705423	0.8047534900000002	1.1321754678	3.2493575999999997	0.0	0.0	0.0	0.0	0.0
-0.41118622000000027	0.18122677	0.6422009000000001	0.9034433727	2.5937812	0.0	0.0	0.0	0.0	0.0
-0.3861862199999999	0.126859	0.44961433	0.6326042608	1.8156913	0.0	0.0	0.0	0.0	0.0
-0.3601862200000001	0.07792321	0.27616100000000005	0.3885871602	1.1152935	0.0	0.0	0.0	0.0	0.0
-0.3341862200000003	0.04199413	0.148845483	0.20942468634000003	0.60109781	0.0	0.0	0.0	0.0	0.0
-0.3081862199999996	0.019853611	0.070362052	0.09899904082	0.28413918000000005	0.0	0.0	0.0	0.0	0.0
-0.28318622000000016	0.008234726	0.029190252000000003	0.04106011693	0.11786285000000002	0.0	0.0	0.0	0.0	0.0
-0.25718622000000035	0.0029959254999999997	0.0106199267	0.014940706161	0.04287390099999999	0.0	0.0	0.0	0.0	0.0
-0.23118621999999966	0.0009564854000000001	0.003390332	0.004768681965999999	0.013689698	0.0	0.0	0.0	0.0	0.0
-0.2061862200000002	0.00026783296	0.00094927002	0.0013353855506999998	0.0038336931999999996	0.0	0.0	0.0	0.0	0.0
-0.1801862200000004	6.578361e-05	0.00023318925999999998	0.00032806043529999996	0.0009416893	0.0	0.0	0.0	0.0	0.0
-0.1541862199999997	1.4177725e-05	5.0257264999999995e-05	7.068792915e-05	0.00020290744	0.0	0.0	0.0	0.0	0.0
-0.1281862199999999	2.6799498999999997e-06	9.496980399999999e-06	1.3361155508999998e-05	3.8347637e-05	0.0	0.0	0.0	0.0	0.0
-0.10318621999999955	4.442321e-07	1.5746839199999998e-06	2.2156769135e-06	6.3581832000000004e-06	0.0	0.0	0.0	0.0	0.0
-0.07718621999999975	6.461083e-08	2.2901811000000002e-07	3.221758328e-07	9.2474018e-07	0.0	0.0	0.0	0.0	0.0
-0.05118621999999995	8.241458e-09	2.9215194e-08	4.109631695e-08	1.1795607999999999e-07	0.0	0.0	0.0	0.0	0.0
-0.026186219999999594	9.221542e-10	3.2679568999999998e-09	4.597731896000001e-09	1.3197810000000002e-08	0.0	0.0	0.0	0.0	0.0
-0.00018621999999979266	9.048381e-11	3.2072232e-10	4.5116918600000004e-10	1.2949905999999999e-09	0.0	0.0	0.0	0.0	0.0
0.02581378000000001	7.786599999999998e-12	2.7604269000000003e-11	3.8823746010000005e-11	1.1145643e-10	0.0	0.0	0.0	0.0	0.0
0.05181377999999981	5.877394e-13	2.0833098999999995e-12	2.9310632080000002e-12	8.4124609e-12	0.0	0.0	0.0	0.0	0.0
0.07681378000000016	3.8915693000000005e-14	1.3793813899999998e-13	1.9401448001e-13	5.569685099999999e-13	0.0	0.0	0.0	0.0	0.0
0.10281377999999997	2.3123120999999995e-15	8.1945435e-15	1.1527334753e-14	3.3090653999999997e-14	0.0	0.0	0.0	0.0	0.0
0.12881377999999977	0.0	0.0	0.0	0.0	0.0	0.0	0.0	0.0	0.0
0.15481378000000046	0.0	0.0	0.0	0.0	0.0	0.0	0.0	0.0	0.0
0.17981377999999992	0.0	0.0	0.0	0.0	0.0	0.0	0.0	0.0	0.0
0.20581377999999972	0.0	0.0	0.0	0.0	0.0	0.0	0.0	0.0	0.0
0.2318137800000004	0.0	0.0	0.0	0.0	0.0	0.0	0.0	0.0	0.0
0.2568137799999999	0.0	0.0	0.0	0.0	0.0	0.0	0.0	0.0	0.0
0.2828137799999997	0.0	0.0	0.0	0.0	0.0	0.0	0.0	0.0	0.0
0.30881378000000037	0.0	0.0	0.0	0.0	0.0	0.0	0.0	0.0	0.0
0.33481378000000017	0.0	0.0	0.0	0.0	0.0	0.0	0.0	0.0	0.0
0.35981377999999964	0.0	0.0	0.0	0.0	0.0	0.0	0.0	0.0	0.0
0.38581378000000033	0.0	0.0	0.0	0.0	0.0	0.0	0.0	0.0	0.0
0.41181378000000013	0.0	0.0	0.0	0.0	0.0	0.0	0.0	0.0	0.0
0.4368137799999996	0.0	0.0	0.0	0.0	0.0	0.0	0.0	0.0	0.0
0.4628137800000003	0.0	0.0	0.0	0.0	0.0	0.0	0.0	0.0	0.0
0.4888137800000001	0.0	0.0	0.0	0.0	0.0	0.0	0.0	0.0	0.0
0.5148137799999999	0.0	0.0	0.0	0.0	0.0	0.0	0.0	0.0	0.0
0.5398137800000002	0.0	0.0	0.0	0.0	0.0	0.0	0.0	0.0	0.0
0.56581378	0.0	0.0	0.0	0.0	0.0	0.0	0.0	0.0	0.0
0.5918137799999998	0.0	0.0	0.0	0.0	0.0	0.0	0.0	0.0	0.0
0.6168137800000002	0.0	0.0	0.0	0.0	0.0	0.0	0.0	0.0	0.0
0.64281378	0.0	0.0	0.0	0.0	0.0	0.0	0.0	0.0	0.0
0.6688137799999998	0.0	0.0	0.0	0.0	0.0	0.0	0.0	0.0	0.0
0.6948137799999996	0.0	0.0	0.0	0.0	0.0	0.0	0.0	0.0	0.0
0.71981378	0.0	0.0	0.0	0.0	0.0	0.0	0.0	0.0	0.0
0.7458137799999998	0.0	0.0	0.0	0.0	0.0	0.0	0.0	0.0	0.0
0.7718137800000004	0.0	0.0	0.0	0.0	0.0	0.0	0.0	0.0	0.0
0.7978137800000002	0.0	0.0	0.0	0.0	0.0	0.0	0.0	0.0	0.0
0.8228137799999997	0.0	0.0	0.0	0.0	0.0	0.0	0.0	0.0	0.0
0.8488137800000004	0.0	0.0	0.0	0.0	0.0	0.0	0.0	0.0	0.0
0.8748137800000002	0.0	0.0	0.0	0.0	0.0	0.0	0.0	0.0	0.0
0.8998137799999997	0.0	0.0	0.0	0.0	0.0	0.0	0.0	0.0	0.0
0.9258137800000004	0.0	0.0	0.0	0.0	0.0	0.0	0.0	0.0	0.0
0.9518137800000002	0.0	0.0	0.0	0.0	0.0	0.0	0.0	0.0	0.0
0.97781378	0.0	0.0	0.0	0.0	0.0	0.0	0.0	0.0	0.0
1.0028137800000003	0.0	0.0	0.0	0.0	0.0	0.0	0.0	0.0	0.0
1.0288137800000001	0.0	0.0	0.0	0.0	0.0	0.0	0.0	0.0	0.0
1.05481378	0.0	0.0	0.0	0.0	0.0	0.0	0.0	0.0	0.0
1.0798137800000003	0.0	0.0	0.0	0.0	0.0	0.0	0.0	0.0	0.0
1.10581378	0.0	0.0	0.0	0.0	0.0	0.0	0.0	0.0	0.0
1.1318137799999999	0.0	0.0	0.0	0.0	0.0	0.0	0.0	0.0	0.0
1.1578137799999997	0.0	0.0	0.0	0.0	0.0	0.0	0.0	0.0	0.0
1.18281378	0.0	0.0	0.0	0.0	0.0	0.0	0.0	0.0	0.0
1.2088137799999998	0.0	0.0	0.0	0.0	0.0	0.0	0.0	0.0	0.0
1.2348137799999996	0.0	0.0	0.0	0.0	0.0	0.0	0.0	0.0	0.0
1.2608137800000003	0.0	0.0	0.0	0.0	0.0	0.0	0.0	0.0	0.0
1.2858137799999998	0.0	0.0	0.0	0.0	0.0	0.0	0.0	0.0	0.0
1.3118137799999996	0.0	0.0	0.0	0.0	0.0	0.0	0.0	0.0	0.0
1.3378137800000003	0.0	0.0	0.0	0.0	0.0	0.0	0.0	0.0	0.0
1.3628137799999998	0.0	0.0	0.0	0.0	0.0	0.0	0.0	0.0	0.0
1.3888137800000004	0.0	0.0	0.0	0.0	0.0	0.0	0.0	0.0	0.0
1.4148137800000002	0.0	0.0	0.0	0.0	0.0	0.0	0.0	0.0	0.0
1.44081378	0.0	0.0	0.0	0.0	0.0	0.0	0.0	0.0	0.0
1.4658137800000004	0.0	0.0	0.0	0.0	0.0	0.0	0.0	0.0	0.0
1.4918137800000002	0.0	0.0	0.0	0.0	0.0	0.0	0.0	0.0	0.0
1.51781378	0.0	0.0	0.0	0.0	0.0	0.0	0.0	0.0	0.0
1.5428137800000004	0.0	0.0	0.0	0.0	0.0	0.0	0.0	0.0	0.0
1.5688137800000002	0.0	0.0	0.0	0.0	0.0	0.0	0.0	0.0	0.0
1.59481378	0.0	0.0	0.0	0.0	0.0	0.0	0.0	0.0	0.0
1.6208137799999998	0.0	0.0	0.0	0.0	0.0	0.0	0.0	0.0	0.0
1.6458137800000001	0.0	0.0	0.0	0.0	0.0	0.0	0.0	0.0	0.0
1.67181378	0.0	0.0	0.0	0.0	0.0	0.0	0.0	0.0	0.0
1.6978137799999997	0.0	0.0	0.0	0.0	0.0	0.0	0.0	0.0	0.0
1.7238137800000004	0.0	0.0	0.0	0.0	0.0	0.0	0.0	0.0	0.0
1.7488137799999999	0.0	0.0	0.0	0.0	0.0	0.0	0.0	0.0	0.0
1.7748137799999997	0.0	0.0	0.0	0.0	0.0	0.0	0.0	0.0	0.0
1.8008137800000004	0.0	0.0	0.0	0.0	0.0	0.0	0.0	0.0	0.0
1.8258137799999998	0.0	0.0	0.0	0.0	0.0	0.0	0.0	0.0	0.0
1.8518137799999996	0.0	0.0	0.0	0.0	0.0	0.0	0.0	0.0	0.0
1.8778137800000003	0.0	0.0	0.0	0.0	0.0	0.0	0.0	0.0	0.0
1.9038137800000001	0.0	0.0	0.0	0.0	0.0	0.0	0.0	0.0	0.0
1.9288137799999996	0.0	0.0	0.0	0.0	0.0	0.0	0.0	0.0	0.0
1.9548137800000003	0.0	0.0	0.0	0.0	0.0	0.0	0.0	0.0	0.0
1.98081378	0.0	0.0	0.0	0.0	0.0	0.0	0.0	0.0	0.0
2.0058137800000004	0.0	0.0	0.0	0.0	0.0	0.0	0.0	0.0	0.0
2.0318137800000002	0.0	0.0	0.0	0.0	0.0	0.0	0.0	0.0	0.0
2.05781378	0.0	0.0	0.0	0.0	0.0	0.0	0.0	0.0	0.0
2.08381378	0.0	0.0	0.0	0.0	0.0	0.0	0.0	0.0	0.0
2.10881378	0.0	0.0	0.0	0.0	0.0	0.0	0.0	0.0	0.0
2.13481378	0.0	0.0	0.0	0.0	0.0	0.0	0.0	0.0	0.0
2.16081378	0.0	0.0	0.0	0.0	0.0	0.0	0.0	0.0	0.0
2.18581378	0.0	0.0	0.0	0.0	0.0	0.0	0.0	0.0	0.0
2.21181378	0.0	0.0	0.0	0.0	0.0	0.0	0.0	0.0	0.0
2.2378137799999998	0.0	0.0	0.0	0.0	0.0	0.0	0.0	0.0	0.0
2.2638137800000004	0.0	0.0	0.0	0.0	0.0	0.0	0.0	0.0	0.0
2.28881378	0.0	0.0	0.0	0.0	0.0	0.0	0.0	0.0	0.0
2.3148137799999997	0.0	0.0	0.0	0.0	0.0	0.0	0.0	0.0	0.0
2.3408137800000004	0.0	0.0	0.0	0.0	0.0	0.0	0.0	0.0	0.0
2.36681378	0.0	0.0	0.0	0.0	0.0	0.0	0.0	0.0	0.0
2.3918137799999997	0.0	0.0	0.0	0.0	0.0	0.0	0.0	0.0	0.0
2.41781378	0.0	0.0	0.0	0.0	0.0	0.0	0.0	0.0	0.0
2.44381378	0.0	0.0	0.0	0.0	0.0	0.0	0.0	0.0	0.0
2.46881378	0.0	0.0	0.0	0.0	0.0	0.0	0.0	0.0	0.0
2.49481378	0.0	0.0	0.0	0.0	0.0	0.0	0.0	0.0	0.0
2.52081378	0.0	0.0	0.0	0.0	0.0	0.0	0.0	0.0	0.0
2.54681378	0.0	0.0	0.0	0.0	0.0	0.0	0.0	0.0	0.0
2.57181378	0.0	0.0	0.0	0.0	0.0	0.0	0.0	0.0	0.0
2.59781378	0.0	0.0	0.0	0.0	0.0	0.0	0.0	0.0	0.0
2.62381378	0.0	0.0	0.0	0.0	0.0	0.0	0.0	0.0	0.0
2.6488137800000002	0.0	0.0	0.0	0.0	0.0	0.0	0.0	0.0	0.0
2.67481378	0.0	0.0	0.0	0.0	0.0	0.0	0.0	0.0	0.0
2.70081378	0.0	0.0	0.0	0.0	0.0	0.0	0.0	0.0	0.0
2.72681378	0.0	0.0	0.0	0.0	0.0	0.0	0.0	0.0	0.0
2.75181378	0.0	0.0	0.0	0.0	0.0	0.0	0.0	0.0	0.0
2.7778137800000002	0.0	0.0	0.0	0.0	0.0	0.0	0.0	0.0	0.0
2.80381378	0.0	0.0	0.0	0.0	0.0	0.0	0.0	0.0	0.0
2.82981378	0.0	0.0	0.0	0.0	0.0	0.0	0.0	0.0	0.0
2.85481378	0.0	0.0	0.0	0.0	0.0	0.0	0.0	0.0	0.0
2.88081378	0.0	0.0	0.0	0.0	0.0	0.0	0.0	0.0	0.0
2.9068137800000002	0.0	0.0	0.0	0.0	0.0	0.0	0.0	0.0	0.0
2.93181378	0.0	0.0	0.0	0.0	0.0	0.0	0.0	0.0	0.0
2.95781378	0.0	0.0	0.0	0.0	0.0	0.0	0.0	0.0	0.0
2.98381378	0.0	0.0	0.0	0.0	0.0	0.0	0.0	0.0	0.0
3.00981378	0.0	0.0	0.0	0.0	0.0	0.0	0.0	0.0	0.0
3.03481378	0.0	0.0	0.0	0.0	0.0	0.0	0.0	0.0	0.0
3.06081378	0.0	0.0	0.0	0.0	0.0	0.0	0.0	0.0	0.0
3.08681378	0.0	0.0	0.0	0.0	0.0	0.0	0.0	0.0	0.0
3.11181378	0.0	0.0	0.0	0.0	0.0	0.0	0.0	0.0	0.0
3.13781378	0.0	0.0	0.0	0.0	0.0	0.0	0.0	0.0	0.0
3.16381378	0.0	0.0	0.0	0.0	0.0	0.0	0.0	0.0	0.0
3.18981378	0.0	0.0	0.0	0.0	0.0	0.0	0.0	0.0	0.0
3.21481378	0.0	0.0	0.0	0.0	0.0	0.0	0.0	0.0	0.0
3.24081378	0.0	0.0	0.0	0.0	0.0	0.0	0.0	0.0	0.0
3.26681378	0.0	0.0	0.0	0.0	0.0	0.0	0.0	0.0	0.0
3.29281378	0.0	0.0	0.0	0.0	0.0	0.0	0.0	0.0	0.0
3.31781378	0.0	0.0	0.0	0.0	0.0	0.0	0.0	0.0	0.0
3.34381378	0.0	0.0	0.0	0.0	0.0	0.0	0.0	0.0	0.0
3.36981378	0.0	0.0	0.0	0.0	0.0	0.0	0.0	0.0	0.0
3.3948137800000002	0.0	0.0	0.0	0.0	0.0	0.0	0.0	0.0	0.0
3.42081378	0.0	0.0	0.0	0.0	0.0	0.0	0.0	0.0	0.0
3.44681378	0.0	0.0	0.0	0.0	0.0	0.0	0.0	0.0	0.0
3.47281378	0.0	0.0	0.0	0.0	0.0	0.0	0.0	0.0	0.0
3.49781378	0.0	0.0	0.0	0.0	0.0	0.0	0.0	0.0	0.0
3.5238137800000002	0.0	0.0	0.0	0.0	0.0	0.0	0.0	0.0	0.0
3.54981378	0.0	0.0	0.0	0.0	0.0	0.0	0.0	0.0	0.0
3.57481378	0.0	0.0	0.0	0.0	0.0	0.0	0.0	0.0	0.0
3.60081378	0.0	0.0	0.0	0.0	0.0	0.0	0.0	0.0	0.0
3.62681378	0.0	0.0	0.0	0.0	0.0	0.0	0.0	0.0	0.0
3.6528137800000002	0.0	0.0	0.0	0.0	0.0	0.0	0.0	0.0	0.0
3.67781378	0.0	0.0	0.0	0.0	0.0	0.0	0.0	0.0	0.0
3.70381378	0.0	0.0	0.0	0.0	0.0	0.0	0.0	0.0	0.0
3.72981378	0.0	0.0	0.0	0.0	0.0	0.0	0.0	0.0	0.0
3.75481378	0.0	0.0	0.0	0.0	0.0	0.0	0.0	0.0	0.0
3.78081378	0.0	0.0	0.0	0.0	0.0	0.0	0.0	0.0	0.0
3.80681378	0.0	0.0	0.0	0.0	0.0	0.0	0.0	0.0	0.0
3.83281378	0.0	0.0	0.0	0.0	0.0	0.0	0.0	0.0	0.0
3.85781378	0.0	0.0	0.0	0.0	0.0	0.0	0.0	0.0	0.0
3.88381378	0.0	0.0	0.0	0.0	0.0	0.0	0.0	0.0	0.0
3.90981378	0.0	0.0	0.0	0.0	0.0	0.0	0.0	0.0	0.0
3.93581378	0.0	0.0	0.0	0.0	0.0	0.0	0.0	0.0	0.0
3.96081378	0.0	0.0	0.0	0.0	0.0	0.0	0.0	0.0	0.0
3.98681378	0.0	0.0	0.0	0.0	0.0	0.0	0.0	0.0	0.0
4.01281378	0.0	0.0	0.0	0.0	0.0	0.0	0.0	0.0	0.0
4.0378137800000005	0.0	0.0	0.0	0.0	0.0	0.0	0.0	0.0	0.0
4.06381378	0.0	0.0	0.0	0.0	0.0	0.0	0.0	0.0	0.0
4.08981378	0.0	0.0	0.0	0.0	0.0	0.0	0.0	0.0	0.0
4.11581378	0.0	0.0	0.0	0.0	0.0	0.0	0.0	0.0	0.0
4.14081378	0.0	0.0	0.0	0.0	0.0	0.0	0.0	0.0	0.0
4.16681378	0.0	0.0	0.0	0.0	0.0	0.0	0.0	0.0	0.0
4.19281378	0.0	0.0	0.0	0.0	0.0	0.0	0.0	0.0	0.0
4.21781378	0.0	0.0	0.0	0.0	0.0	0.0	0.0	0.0	0.0
4.24381378	0.0	0.0	0.0	0.0	0.0	0.0	0.0	0.0	0.0
4.26981378	0.0	0.0	0.0	0.0	0.0	0.0	0.0	0.0	0.0
4.29581378	0.0	0.0	0.0	0.0	0.0	0.0	0.0	0.0	0.0
4.32081378	0.0	0.0	0.0	0.0	0.0	0.0	0.0	0.0	0.0
4.34681378	0.0	0.0	0.0	0.0	0.0	0.0	0.0	0.0	0.0
4.3728137799999995	0.0	0.0	0.0	0.0	0.0	0.0	0.0	0.0	0.0
4.39881378	0.0	0.0	0.0	0.0	0.0	0.0	0.0	0.0	0.0
4.42381378	0.0	0.0	0.0	0.0	0.0	0.0	0.0	0.0	0.0
4.4498137799999995	0.0	0.0	0.0	0.0	0.0	0.0	0.0	0.0	0.0
4.47581378	0.0	0.0	0.0	0.0	0.0	0.0	0.0	0.0	0.0
4.50081378	0.0	0.0	0.0	0.0	0.0	0.0	0.0	0.0	0.0
4.52681378	0.0	0.0	0.0	0.0	0.0	0.0	0.0	0.0	0.0
4.55281378	4.3054949999999996e-16	1.2989480000000001e-15	1.3362705e-15	3.0151019999999993e-15	0.0	0.0	0.0	0.0	0.0
4.57881378	7.893746999999999e-15	2.381443e-14	2.4502081999999997e-14	5.52777e-14	0.0	0.0	0.0	0.0	0.0
4.60381378	1.311757e-13	3.957372e-13	4.0713959e-13	9.18621e-13	0.0	0.0	0.0	0.0	0.0
4.62981378	1.905958e-12	5.75058e-12	5.9151842999999995e-12	1.334672e-11	0.0	0.0	0.0	0.0	0.0
4.65581378	2.428857e-11	7.328279999999999e-11	7.5383727e-11	1.7009810000000003e-10	0.0	0.0	0.0	0.0	0.0
4.68081378	2.715722e-10	8.190640000000001e-10	8.426533999999999e-10	1.9012909999999997e-09	0.0	0.0	0.0	0.0	0.0
4.70681378	2.661242e-09	8.030279999999998e-09	8.260891000000002e-09	1.863835e-08	0.0	0.0	0.0	0.0	0.0
4.73281378	2.288517e-08	6.903809999999999e-08	7.102778200000001e-08	1.602484e-07	0.0	0.0	0.0	0.0	0.0
4.7588137800000005	1.7259299999999996e-07	5.206890000000001e-07	5.356124900000001e-07	1.208655e-06	0.0	0.0	0.0	0.0	0.0
4.78381378	1.141671e-06	3.4441969999999997e-06	3.5429783000000007e-06	7.99423e-06	0.0	0.0	0.0	0.0	0.0
4.80981378	6.62407e-06	1.9983730000000002e-05	2.0558415e-05	4.6380599999999994e-05	0.0	0.0	0.0	0.0	0.0
4.8358137800000005	3.3707089999999994e-05	0.000101712	0.00010462260999999999	0.00023607569999999997	0.0	0.0	0.0	0.0	0.0
4.86181378	0.00015050460000000002	0.000453965	0.00046705418	0.0010539330000000002	0.0	0.0	0.0	0.0	0.0
4.88681378	0.0005893773	0.0017782199999999998	0.0018291881999999999	0.004127459	0.0	0.0	0.0	0.0	0.0
4.9128137800000005	0.002024953	0.006108300000000001	0.006284313200000001	0.014179360000000002	0.0	0.0	0.0	0.0	0.0
4.93881378	0.006102730999999999	0.01841115	0.018939419999999995	0.04273225	0.0	0.0	0.0	0.0	0.0
4.96381378	0.016134659999999995	0.048670000000000005	0.050080096	0.1129983	0.0	0.0	0.0	0.0	0.0
4.98981378	0.037417740000000005	0.1129052	0.11614081999999999	0.2620635	0.0	0.0	0.0	0.0	0.0
5.01581378	0.07614945999999997	0.22973619999999997	0.23637197999999998	0.533328	0.0	0.0	0.0	0.0	0.0
5.04181378	0.13594320000000001	0.41019880000000003	0.42190758	0.9520020000000001	0.0	0.0	0.0	0.0	0.0
5.06681378	0.21292210000000003	0.64238	0.6608113099999999	1.4909590000000001	0.0	0.0	0.0	0.0	0.0
5.09281378	0.2925137	0.8825820000000001	0.9079436000000001	2.0486000000000004	0.0	0.0	0.0	0.0	0.0
5.11881378	0.3527397	1.0640889999999998	1.0945329000000001	2.469678	0.0	0.0	0.0	0.0	0.0
5.14381378	0.3730339	1.1253499999999996	1.1576096	2.611985	0.0	0.0	0.0	0.0	0.0
5.16981378	0.3461481999999999	1.044051	1.0741822	2.423762	0.0	0.0	0.0	0.0	0.0
5.19581378	0.2817933	0.8500009999999999	0.8745059	1.972966	0.0	0.0	0.0	0.0	0.0
5.22181378	0.20124070000000002	0.607128	0.6245298100000001	1.409168	0.0	0.0	0.0	0.0	0.0
5.24681378	0.1260969	0.3804633	0.3913209	0.882937	0.0	0.0	0.0	0.0	0.0
5.27281378	0.0693293	0.20913810000000002	0.21515162000000002	0.48537199999999997	0.0	0.0	0.0	0.0	0.0
5.29881378	0.03343223000000001	0.1008587	0.10375812999999999	0.23410419999999998	0.0	0.0	0.0	0.0	0.0
5.32381378	0.014144749999999998	0.04267669999999999	0.043899509999999996	0.09905019999999999	0.0	0.0	0.0	0.0	0.0
5.34981378	0.0052512340000000005	0.01584059	0.016295129000000002	0.036768529999999994	0.0	0.0	0.0	0.0	0.0
5.37581378	0.0017097479999999999	0.00515657	0.005306511400000001	0.011972739999999999	0.0	0.0	0.0	0.0	0.0
5.40181378	0.0004883140999999999	0.0014733729999999998	0.0015156059999999999	0.0034196020000000003	0.0	0.0	0.0	0.0	0.0
5.42681378	0.00012237569999999997	0.00036924930000000004	0.00037982107999999997	0.000856898	0.0	0.0	0.0	0.0	0.0
5.45281378	2.689851e-05	8.115600000000001e-05	8.348561e-05	0.0001883771	0.0	0.0	0.0	0.0	0.0
5.47881378	5.187804000000001e-06	1.564947e-05	1.6097897e-05	3.6319210000000004e-05	0.0	0.0	0.0	0.0	0.0
5.50481378	8.773674e-07	2.6469140000000004e-06	2.7223731e-06	6.14372e-06	0.0	0.0	0.0	0.0	0.0
5.52981378	1.301588e-07	3.9263480000000004e-07	4.0397347e-07	9.115239999999999e-07	0.0	0.0	0.0	0.0	0.0
5.55581378	1.693685e-08	5.11025e-08	5.256928e-08	1.1861149999999999e-07	0.0	0.0	0.0	0.0	0.0
5.58181378	1.933121e-09	5.83279e-09	5.999551299999999e-09	1.353682e-08	0.0	0.0	0.0	0.0	0.0
5.6068137799999995	1.9350790000000001e-10	5.838979999999999e-10	6.005855099999999e-10	1.355124e-09	0.0	0.0	0.0	0.0	0.0
5.63281378	1.6988679999999998e-11	5.1256900000000006e-11	5.2727791e-11	1.189567e-10	0.0	0.0	0.0	0.0	0.0
5.65881378	1.308017e-12	3.947285e-12	4.0597782e-12	9.159039999999999e-12	0.0	0.0	0.0	0.0	0.0
5.68481378	8.841109e-14	2.6672740000000003e-13	2.7434772000000004e-13	6.19009e-13	0.0	0.0	0.0	0.0	0.0
5.70981378	5.166792e-15	1.5587750000000004e-14	1.6034554000000003e-14	3.618428e-14	0.0	0.0	0.0	0.0	0.0
5.73581378	3.808350000000001e-16	9.022000000000001e-16	9.273607999999998e-16	2.088571e-15	0.0	0.0	0.0	0.0	0.0
5.76181378	1.593046e-15	6.153528e-16	6.213864000000001e-16	1.3340072769999999e-15	0.0	0.0	0.0	0.0	0.0
5.78681378	2.736947e-14	1.0570202999999999e-14	1.0673230000000001e-14	2.291335581e-14	0.0	0.0	0.0	0.0	0.0
5.81281378	4.2037239999999993e-13	1.6238183e-13	1.639406e-13	3.519026426e-13	0.0	0.0	0.0	0.0	0.0
5.83881378	5.654371e-12	2.1836732e-12	2.20514e-12	4.733877952999999e-12	0.0	0.0	0.0	0.0	0.0
5.86481378	6.670524999999999e-11	2.5767227999999998e-11	2.6017579999999997e-11	5.5853960230000004e-11	0.0	0.0	0.0	0.0	0.0
5.88981378	6.901868e-10	2.6652149e-10	2.692029e-10	5.778594267000001e-10	0.0	0.0	0.0	0.0	0.0
5.91581378	6.2635450000000004e-09	2.4194504999999997e-09	2.442921e-09	5.244646595e-09	0.0	0.0	0.0	0.0	0.0
5.94181378	4.9852969999999994e-08	1.9257206999999998e-08	1.9445029999999996e-08	4.174652249e-08	0.0	0.0	0.0	0.0	0.0
5.96781378	3.4803450000000005e-07	1.344188e-07	1.3576049999999998e-07	2.914653664999999e-07	0.0	0.0	0.0	0.0	0.0
5.99281378	2.131734e-06	8.231612e-07	8.313420000000001e-07	1.784535144e-06	0.0	0.0	0.0	0.0	0.0
6.01881378	1.1448390000000001e-05	4.4213561e-06	4.465015999999999e-06	9.58541805e-06	0.0	0.0	0.0	0.0	0.0
6.04481378	5.3946940000000006e-05	2.0832260999999997e-05	2.103972e-05	4.5164116790000004e-05	0.0	0.0	0.0	0.0	0.0
6.0698137800000005	0.0002229537	8.61053e-05	8.696580000000001e-05	0.0001866697847	0.0	0.0	0.0	0.0	0.0
6.09581378	0.0008083667000000001	0.00031223640999999996	0.0003152898	0.0006767740511000001	0.0	0.0	0.0	0.0	0.0
6.12181378	0.0025716769999999996	0.0009930568	0.001002888	0.002152789107	0.0	0.0	0.0	0.0	0.0
6.14781378	0.007175062	0.0027704679	0.0027982650000000003	0.006007194554000001	0.0	0.0	0.0	0.0	0.0
6.17281378	0.01756492	0.006782751	0.00684902	0.014704580489999999	0.0	0.0	0.0	0.0	0.0
6.19881378	0.037714029999999996	0.014565503	0.014710420000000002	0.03157882972	0.0	0.0	0.0	0.0	0.0
6.22481378	0.07105853	0.027437311000000002	0.02771293	0.0594951349	0.0	0.0	0.0	0.0	0.0
6.24981378	0.1174429	0.045359069	0.045806559999999996	0.0983307442	0.0	0.0	0.0	0.0	0.0
6.27581378	0.1702736	0.06577926	0.06643059999999999	0.1425940623	0.0	0.0	0.0	0.0	0.0
6.30181378	0.21665890000000002	0.08368793	0.08451120000000002	0.18142972239999997	0.0	0.0	0.0	0.0	0.0
6.32781378	0.24199390000000004	0.09344469999999999	0.094373	0.20259386410000005	0.0	0.0	0.0	0.0	0.0
6.35281378	0.237329	0.09163969	0.09255250000000001	0.1987271072	0.0	0.0	0.0	0.0	0.0
6.37881378	0.2050019	0.07914911999999999	0.07993070000000001	0.17179648869999997	0.0	0.0	0.0	0.0	0.0
6.4048137800000005	0.1577102	0.06083061000000001	0.06142895	0.13247628799999997	0.0	0.0	0.0	0.0	0.0
6.43081378	0.11204519999999998	0.04310534	0.0435345	0.09493681899999999	0.0	0.0	0.0	0.0	0.0
6.45581378	0.08175569999999999	0.031213550000000003	0.031524529999999995	0.07084650999999999	0.0	0.0	0.0	0.0	0.0
6.48181378	0.07328482	0.027641100000000002	0.027885849999999997	0.06585262	0.0	0.0	0.0	0.0	0.0
6.50781378	0.08531216	0.031928740000000004	0.03212035	0.07875825	0.0	0.0	0.0	0.0	0.0
6.53281378	0.11024395000000001	0.04125833	0.04129501	0.10272661000000001	0.0	0.0	0.0	0.0	0.0
6.55881378	0.13675184000000004	0.051471	0.05113025	0.12726135	0.0	0.0	0.0	0.0	0.0
6.58481378	0.15377941	0.0585505	0.05737844999999999	0.14212139999999998	0.0	0.0	0.0	0.0	0.0
6.61081378	0.15523885	0.060197400000000005	0.05759403000000001	0.14161790000000002	0.0	0.0	0.0	0.0	0.0
6.63581378	0.14256164000000002	0.0569049	0.052099910000000006	0.1276247	0.0	0.0	0.0	0.0	0.0
6.66181378	0.12465206999999998	0.051726520000000005	0.043724889999999995	0.10906009999999998	0.0	0.0	0.0	0.0	0.0
6.68781378	0.1133779	0.04895526	0.03630233	0.09781170000000002	0.0	0.0	0.0	0.0	0.0
6.71281378	0.1183887	0.05227451999999999	0.032926949999999996	0.10343850000000002	0.0	0.0	0.0	0.0	0.0
6.73881378	0.14259070000000001	0.06328703	0.0347654	0.12867829999999997	0.0	0.0	0.0	0.0	0.0
6.76481378	0.18027649999999998	0.08086056000000001	0.040831000000000006	0.1676019	0.0	0.0	0.0	0.0	0.0
6.79081378	0.218466	0.10157544	0.0485515	0.20747949999999998	0.0	0.0	0.0	0.0	0.0
6.81581378	0.242965	0.12139649999999999	0.0550134	0.23419379999999995	0.0	0.0	0.0	0.0	0.0
6.84181378	0.24461399999999997	0.1374347	0.0584149	0.23893439999999996	0.0	0.0	0.0	0.0	0.0
6.86781378	0.22400599999999998	0.14851769999999997	0.0586438	0.22206019999999999	0.0	0.0	0.0	0.0	0.0
6.89281378	0.19049	0.1541699	0.057111900000000014	0.1917112	0.0	0.0	0.0	0.0	0.0
6.91881378	0.15577599999999997	0.15337859999999998	0.0558041	0.15834939999999997	0.0	0.0	0.0	0.0	0.0
6.9448137800000005	0.12928099999999998	0.14516590000000001	0.05665919999999999	0.1298067	0.0	0.0	0.0	0.0	0.0
6.97081378	0.114964	0.1301178	0.0610797	0.10951140000000001	0.0	0.0	0.0	0.0	0.0
6.99581378	0.11187	0.1112359	0.06935759999999999	0.0971841	0.0	0.0	0.0	0.0	0.0
7.0218137800000004	0.11575099999999999	0.0929091	0.0800389	0.09056780000000002	0.0	0.0	0.0	0.0	0.0
7.04781378	0.121042	0.07887789999999999	0.08980729999999998	0.08673169999999998	0.0	0.0	0.0	0.0	0.0
7.07381378	0.1233738	0.07113309999999999	0.0948729	0.08340200000000002	0.0	0.0	0.0	0.0	0.0
7.09881378	0.12152669999999999	0.07037700000000001	0.0931913	0.080085	0.0	0.0	0.0	0.0	0.0
7.12481378	0.11778200000000001	0.076635	0.08575900000000002	0.07808119999999999	0.0	0.0	0.0	0.0	0.0
7.15081378	0.11572599999999998	0.08898200000000002	0.07594509999999999	0.07906079999999999	0.0	0.0	0.0	0.0	0.0
7.17581378	0.11743809999999999	0.10474900000000002	0.0672206	0.0833929	0.0	0.0	0.0	0.0	0.0
7.20181378	0.1219017	0.11958890000000001	0.06127350000000001	0.08923690000000001	0.0	0.0	0.0	0.0	0.0
7.22781378	0.1258219	0.12875830000000002	0.05767040000000001	0.0934166	0.0	0.0	0.0	0.0	0.0
7.25381378	0.1258331	0.1290925	0.0548222	0.09306360000000001	0.0	0.0	0.0	0.0	0.0
7.27881378	0.11997	0.1201087	0.0511889	0.0868714	0.0	0.0	0.0	0.0	0.0
7.30481378	0.108047	0.10370460000000001	0.0459024	0.07536899999999999	0.0	0.0	0.0	0.0	0.0
7.33081378	0.091242	0.0831125	0.0388943	0.0604663	0.0	0.0	0.0	0.0	0.0
7.35581378	0.07159330000000001	0.0616984	0.030694	0.0446006	0.0	0.0	0.0	0.0	0.0
7.38181378	0.051661200000000004	0.0422267	0.022278599999999996	0.0300873	0.0	0.0	0.0	0.0	0.0
7.40781378	0.0339374	0.026448	0.014705200000000002	0.018431799999999998	0.0	0.0	0.0	0.0	0.0
7.4338137799999995	0.020109600000000002	0.0150458	0.0087448	0.0101918	0.0	0.0	0.0	0.0	0.0
7.45881378	0.010664499999999999	0.007717100000000001	0.00465025	0.00506021	0.0	0.0	0.0	0.0	0.0
7.48481378	0.00503391	0.00354549	0.0021995	0.00224413	0.0	0.0	0.0	0.0	0.0
7.51081378	0.0021068700000000003	0.00145187	0.0009216900000000002	0.0008860799999999998	0.0	0.0	0.0	0.0	0.0
7.53681378	0.000779333	0.00052762	0.00034121499999999996	0.00031061	0.0	0.0	0.0	0.0	0.0
7.56181378	0.00025427299999999996	0.000169748	0.00011138400000000002	9.643000000000001e-05	0.0	0.0	0.0	0.0	0.0
7.58781378	7.306300000000002e-05	4.82128e-05	3.20196e-05	2.6473499999999996e-05	0.0	0.0	0.0	0.0	0.0
7.61381378	1.8469499999999997e-05	1.2074600000000001e-05	8.0973e-06	6.4177e-06	0.0	0.0	0.0	0.0	0.0
7.6388137799999996	4.105370000000001e-06	2.66276e-06	1.7999599999999999e-06	1.3727100000000003e-06	0.0	0.0	0.0	0.0	0.0
7.66481378	8.018259999999999e-07	5.16659e-07	3.5157699999999995e-07	2.58748e-07	0.0	0.0	0.0	0.0	0.0
7.69081378	1.3756300000000003e-07	8.814e-08	6.03153e-08	4.2971200000000006e-08	0.0	0.0	0.0	0.0	0.0
7.71681378	2.07185e-08	1.3211899999999999e-08	9.0853e-09	6.2833000000000004e-09	0.0	0.0	0.0	0.0	0.0
7.74181378	2.73963e-09	1.7398399999999999e-09	1.20145e-09	8.085500000000001e-10	0.0	0.0	0.0	0.0	0.0
7.76781378	3.1806199999999995e-10	2.01216e-10	1.39459e-10	9.154199999999999e-11	0.0	0.0	0.0	0.0	0.0
7.79381378	3.23925e-11	2.0429800000000002e-11	1.42043e-11	9.1137e-12	0.0	0.0	0.0	0.0	0.0
7.81881378	2.89533e-12	1.82089e-12	1.2695099999999997e-12	7.9792e-13	0.0	0.0	0.0	0.0	0.0
7.84481378	2.2703e-13	1.42447e-13	9.955199999999998e-14	6.1412e-14	0.0	0.0	0.0	0.0	0.0
7.87081378	1.5641599999999996e-14	9.792099999999999e-15	6.8583699999999995e-15	4.1691400000000005e-15	0.0	0.0	0.0	0.0	0.0
7.8968137800000004	9.05109e-16	5.649839999999999e-16	3.9680499999999995e-16	2.3503399999999997e-16	0.0	0.0	0.0	0.0	0.0
7.92181378	6.35144e-17	3.90664e-17	2.7838099999999997e-17	1.44685e-17	0.0	0.0	0.0	0.0	0.0
7.94781378	0.0	0.0	0.0	0.0	0.0	0.0	0.0	0.0	0.0
7.97381378	0.0	0.0	0.0	0.0	0.0	0.0	0.0	0.0	0.0
7.99981378	0.0	0.0	0.0	0.0	0.0	0.0	0.0	0.0	0.0
8.02481378	0.0	0.0	0.0	0.0	0.0	0.0	0.0	0.0	0.0
8.05081378	0.0	0.0	0.0	0.0	0.0	0.0	0.0	0.0	0.0
8.07681378	0.0	0.0	0.0	0.0	0.0	0.0	0.0	0.0	0.0
8.10181378	0.0	0.0	0.0	0.0	0.0	0.0	0.0	0.0	0.0
8.12781378	0.0	0.0	0.0	0.0	0.0	0.0	0.0	0.0	0.0
8.15381378	0.0	0.0	0.0	0.0	0.0	0.0	0.0	0.0	0.0
8.17981378	0.0	0.0	0.0	0.0	0.0	0.0	0.0	0.0	0.0
8.20481378	0.0	0.0	0.0	0.0	0.0	0.0	0.0	0.0	0.0
8.23081378	0.0	0.0	0.0	0.0	0.0	0.0	0.0	0.0	0.0
8.25681378	0.0	0.0	0.0	0.0	0.0	0.0	0.0	0.0	0.0
8.28181378	0.0	0.0	0.0	0.0	0.0	0.0	0.0	0.0	0.0
8.30781378	0.0	0.0	0.0	0.0	0.0	0.0	0.0	0.0	0.0
8.33381378	0.0	0.0	0.0	0.0	0.0	0.0	0.0	0.0	0.0
8.35981378	0.0	0.0	0.0	0.0	0.0	0.0	0.0	0.0	0.0
8.38481378	0.0	0.0	0.0	0.0	0.0	0.0	0.0	0.0	0.0
8.41081378	0.0	0.0	0.0	0.0	0.0	0.0	0.0	0.0	0.0
8.43681378	0.0	0.0	0.0	0.0	0.0	0.0	0.0	0.0	0.0
8.46181378	0.0	0.0	0.0	0.0	0.0	0.0	0.0	0.0	0.0
8.48781378	0.0	0.0	0.0	0.0	0.0	0.0	0.0	0.0	0.0
