-23.462	0.0	0.0	0.0	0.0	0.0	0.0	0.0	0.0	0.0
-23.436	0.0	0.0	0.0	0.0	0.0	0.0	0.0	0.0	0.0
-23.410	0.0	0.0	0.0	0.0	0.0	0.0	0.0	0.0	0.0
-23.384	0.0	0.0	0.0	0.0	0.0	0.0	0.0	0.0	0.0
-23.358	0.0	0.0	0.0	0.0	0.0	0.0	0.0	0.0	0.0
-23.332	0.0	0.0	0.0	0.0	0.0	0.0	0.0	0.0	0.0
-23.306	0.0	0.0	0.0	0.0	0.0	0.0	0.0	0.0	0.0
-23.280	0.0	0.0	0.0	0.0	0.0	0.0	0.0	0.0	0.0
-23.254	0.0	0.0	0.0	0.0	0.0	0.0	0.0	0.0	0.0
-23.228	0.0	0.0	0.0	0.0	0.0	0.0	0.0	0.0	0.0
-23.202	0.0	0.0	0.0	0.0	0.0	0.0	0.0	0.0	0.0
-23.176	0.0	0.0	0.0	0.0	0.0	0.0	0.0	0.0	0.0
-23.150	0.0	0.0	0.0	0.0	0.0	0.0	0.0	0.0	0.0
-23.124	0.0	0.0	0.0	0.0	0.0	0.0	0.0	0.0	0.0
-23.098	0.0	0.0	0.0	0.0	0.0	0.0	0.0	0.0	0.0
-23.072	0.0	0.0	0.0	0.0	0.0	0.0	0.0	0.0	0.0
-23.046	0.0	0.0	0.0	0.0	0.0	0.0	0.0	0.0	0.0
-23.020	0.0	0.0	0.0	0.0	0.0	0.0	0.0	0.0	0.0
-22.993	0.0	0.0	0.0	0.0	0.0	0.0	0.0	0.0	0.0
-22.967	0.0	0.0	0.0	0.0	0.0	0.0	0.0	0.0	0.0
-22.941	0.0	0.0	0.0	0.0	0.0	0.0	0.0	0.0	0.0
-22.915	0.0	0.0	0.0	0.0	0.0	0.0	0.0	0.0	0.0
-22.889	0.0	0.0	0.0	0.0	0.0	0.0	0.0	0.0	0.0
-22.863	2.703642e-15	9.416686e-17	3.4077020000000005e-18	1.02871604e-16	0.0	0.0	0.0	0.0	0.0
-22.837	7.300020000000001e-14	2.54243e-15	9.20156e-17	2.77740926e-15	0.0	0.0	0.0	0.0	0.0
-22.811	1.2706919999999999e-12	4.426236999999999e-14	1.601589e-15	4.83459308e-14	0.0	0.0	0.0	0.0	0.0
-22.785	1.9717429999999997e-11	6.867474e-13	2.4853059999999998e-14	7.5014853e-13	0.0	0.0	0.0	0.0	0.0
-22.759	2.674883e-10	9.31624e-12	3.371812e-13	1.01784609e-11	0.0	0.0	0.0	0.0	0.0
-22.733	3.171754e-09	1.104688e-10	3.997991e-12	1.20681234e-10	0.0	0.0	0.0	0.0	0.0
-22.707	3.287289e-08	1.145062e-09	4.14374e-11	1.25076657e-09	0.0	0.0	0.0	0.0	0.0
-22.681	2.978381e-07	1.037288e-08	3.754214e-10	1.13327557e-08	0.0	0.0	0.0	0.0	0.0
-22.655	2.358814e-06	8.215825999999999e-08	2.97338e-09	8.974764899999999e-08	0.0	0.0	0.0	0.0	0.0
-22.629	1.633162e-05	5.687484999999999e-07	2.058579e-08	6.2140288e-07	0.0	0.0	0.0	0.0	0.0
-22.603	9.884520000000001e-05	3.442979e-06	1.246046e-07	3.76091458e-06	0.0	0.0	0.0	0.0	0.0
-22.577	0.000523026	1.821621e-05	6.592740000000001e-07	1.99015283e-05	0.0	0.0	0.0	0.0	0.0
-22.551	0.002419555	8.426661e-05	3.049836e-06	9.2061223e-05	0.0	0.0	0.0	0.0	0.0
-22.525	0.0097854	0.000340779	1.2334730000000001e-05	0.00037235295699999997	0.0	0.0	0.0	0.0	0.0
-22.499	0.03460473	0.001205151	4.361867000000001e-05	0.00131667185	0.0	0.0	0.0	0.0	0.0
-22.472	0.10699280000000001	0.003726248	0.0001348612	0.00407059123	0.0	0.0	0.0	0.0	0.0
-22.446	0.28921730000000007	0.010072751000000001	0.00036454259999999997	0.0110043353	0.0	0.0	0.0	0.0	0.0
-22.420	0.683617	0.023809410000000003	0.0008616749999999999	0.0260098788	0.0	0.0	0.0	0.0	0.0
-22.394	1.412682	0.04921051	0.0017806739999999999	0.0537557379	0.0	0.0	0.0	0.0	0.0
-22.368	2.552949	0.0889203	0.003218038	0.097147055	0.0	0.0	0.0	0.0	0.0
-22.342	4.03397	0.1405041	0.005084961	0.153499661	0.0	0.0	0.0	0.0	0.0
-22.316	5.5737000000000005	0.19412159999999998	0.0070256400000000005	0.212080645	0.0	0.0	0.0	0.0	0.0
-22.290	6.733720000000001	0.23453590000000002	0.008488929999999999	0.256230865	0.0	0.0	0.0	0.0	0.0
-22.264	7.11348	0.24776910000000002	0.008968259999999999	0.27067564	0.0	0.0	0.0	0.0	0.0
-22.238	6.5716399999999995	0.22887819999999998	0.00828233	0.25004793399999997	0.0	0.0	0.0	0.0	0.0
-22.212	5.3083	0.1848922	0.006691550000000001	0.20198765100000002	0.0	0.0	0.0	0.0	0.0
-22.186	3.749233	0.1305943	0.004726124	0.142662924	0.0	0.0	0.0	0.0	0.0
-22.160	2.315499	0.08064711	0.0029187059999999996	0.08810616	0.0	0.0	0.0	0.0	0.0
-22.134	1.250504	0.04354922000000001	0.0015761920000000001	0.0475758153	0.0	0.0	0.0	0.0	0.0
-22.108	0.590477	0.02056662	0.00074429	0.0224671871	0.0	0.0	0.0	0.0	0.0
-22.082	0.24379619999999996	0.008490563	0.0003073061	0.0092755953	0.0	0.0	0.0	0.0	0.0
-22.056	0.088009	0.003065898	0.00011093390000000001	0.00334890296	0.0	0.0	0.0	0.0	0.0
-22.030	0.027779579999999998	0.0009676006999999999	3.501531e-05	0.0010570506599999999	0.0	0.0	0.0	0.0	0.0
-22.004	0.007665320000000001	0.0002670184	9.662760000000002e-06	0.000291720693	0.0	0.0	0.0	0.0	0.0
-21.978	0.001849807	6.443274e-05	2.331642e-06	7.038819299999999e-05	0.0	0.0	0.0	0.0	0.0
-21.951	0.0003902116	1.359124e-05	4.918653e-07	1.48479879e-05	0.0	0.0	0.0	0.0	0.0
-21.925	7.197730000000001e-05	2.506724e-06	9.072840000000001e-08	2.73819842e-06	0.0	0.0	0.0	0.0	0.0
-21.899	1.1602219999999998e-05	4.0414190000000003e-07	1.462639e-08	4.41461753e-07	0.0	0.0	0.0	0.0	0.0
-21.873	1.6353839999999998e-06	5.696063e-08	2.0613949999999996e-09	6.2235436e-08	0.0	0.0	0.0	0.0	0.0
-21.847	2.0150690000000001e-07	7.0178e-09	2.5400610000000003e-10	7.6678655e-09	0.0	0.0	0.0	0.0	0.0
-21.821	2.1705039999999994e-08	7.559663000000001e-10	2.735855e-11	8.2579042e-10	0.0	0.0	0.0	0.0	0.0
-21.795	2.043504e-09	7.117604999999999e-11	2.575829e-12	7.775535199999999e-11	0.0	0.0	0.0	0.0	0.0
-21.769	1.681682e-10	5.8572180000000004e-12	2.1198769999999997e-13	6.398695e-12	0.0	0.0	0.0	0.0	0.0
-21.743	1.209606e-11	4.2126440000000003e-13	1.524682e-14	4.60194249e-13	0.0	0.0	0.0	0.0	0.0
-21.717	7.625300000000001e-13	2.6553830000000003e-14	9.609969999999998e-16	2.90095587e-14	0.0	0.0	0.0	0.0	0.0
-21.691	4.3258060000000005e-14	1.5066960000000001e-15	5.4525e-17	1.64602192e-15	0.0	0.0	0.0	0.0	0.0
-21.665	0.0	0.0	0.0	0.0	0.0	0.0	0.0	0.0	0.0
-21.639	0.0	0.0	0.0	0.0	0.0	0.0	0.0	0.0	0.0
-21.613	0.0	0.0	0.0	0.0	0.0	0.0	0.0	0.0	0.0
-21.587	0.0	0.0	0.0	0.0	0.0	0.0	0.0	0.0	0.0
-21.561	0.0	0.0	0.0	0.0	0.0	0.0	0.0	0.0	0.0
-21.535	0.0	0.0	0.0	0.0	0.0	0.0	0.0	0.0	0.0
-21.509	0.0	0.0	0.0	0.0	0.0	0.0	0.0	0.0	0.0
-21.483	0.0	0.0	0.0	0.0	0.0	0.0	0.0	0.0	0.0
-21.457	0.0	0.0	0.0	0.0	0.0	0.0	0.0	0.0	0.0
-21.430	0.0	0.0	0.0	0.0	0.0	0.0	0.0	0.0	0.0
-21.404	0.0	0.0	0.0	0.0	0.0	0.0	0.0	0.0	0.0
-21.378	0.0	0.0	0.0	0.0	0.0	0.0	0.0	0.0	0.0
-21.352	0.0	0.0	0.0	0.0	0.0	0.0	0.0	0.0	0.0
-21.326	0.0	0.0	0.0	0.0	0.0	0.0	0.0	0.0	0.0
-21.300	0.0	0.0	0.0	0.0	0.0	0.0	0.0	0.0	0.0
-21.274	0.0	0.0	0.0	0.0	0.0	0.0	0.0	0.0	0.0
-21.248	0.0	0.0	0.0	0.0	0.0	0.0	0.0	0.0	0.0
-21.222	0.0	0.0	0.0	0.0	0.0	0.0	0.0	0.0	0.0
-21.196	0.0	0.0	0.0	0.0	0.0	0.0	0.0	0.0	0.0
-21.170	0.0	0.0	0.0	0.0	0.0	0.0	0.0	0.0	0.0
-21.144	0.0	0.0	0.0	0.0	0.0	0.0	0.0	0.0	0.0
-21.118	0.0	0.0	0.0	0.0	0.0	0.0	0.0	0.0	0.0
-21.092	0.0	0.0	0.0	0.0	0.0	0.0	0.0	0.0	0.0
-21.066	0.0	0.0	0.0	0.0	0.0	0.0	0.0	0.0	0.0
-21.040	0.0	0.0	0.0	0.0	0.0	0.0	0.0	0.0	0.0
-21.014	0.0	0.0	0.0	0.0	0.0	0.0	0.0	0.0	0.0
-20.988	0.0	0.0	0.0	0.0	0.0	0.0	0.0	0.0	0.0
-20.962	0.0	0.0	0.0	0.0	0.0	0.0	0.0	0.0	0.0
-20.936	0.0	0.0	0.0	0.0	0.0	0.0	0.0	0.0	0.0
-20.909	0.0	0.0	0.0	0.0	0.0	0.0	0.0	0.0	0.0
-20.883	0.0	0.0	0.0	0.0	0.0	0.0	0.0	0.0	0.0
-20.857	0.0	0.0	0.0	0.0	0.0	0.0	0.0	0.0	0.0
-20.831	0.0	0.0	0.0	0.0	0.0	0.0	0.0	0.0	0.0
-20.805	5.342670799598001e-15	3.318329e-16	2.5000913210000007e-17	2.0777326e-16	0.0	0.0	0.0	0.0	0.0
-20.779	8.547071279333999e-14	5.308978000000001e-15	4.00017172e-16	3.3241960999999998e-15	0.0	0.0	0.0	0.0	0.0
-20.753	1.5224802279369e-12	9.455873000000002e-14	7.12479963e-15	5.921627e-14	0.0	0.0	0.0	0.0	0.0
-20.727	2.3391603500681e-11	1.4526969e-12	1.0946845289999998e-13	9.096888e-13	0.0	0.0	0.0	0.0	0.0
-20.701	3.144200470596e-10	1.9528230000000002e-11	1.4714319079999998e-12	1.2229900999999999e-11	0.0	0.0	0.0	0.0	0.0
-20.675	3.694120552901e-09	2.29447e-10	1.728732264e-11	1.4366988000000001e-10	0.0	0.0	0.0	0.0	0.0
-20.649	3.7936605677430006e-08	2.356457e-09	1.7753270579999998e-10	1.4754615999999999e-09	0.0	0.0	0.0	0.0	0.0
-20.623	3.4054905097690005e-07	2.11512e-08	1.5937539800000002e-09	1.3244222e-08	0.0	0.0	0.0	0.0	0.0
-20.597	2.6723003999646e-06	1.6597705e-07	1.2506371719999999e-08	1.0393755000000001e-07	0.0	0.0	0.0	0.0	0.0
-20.571	1.8333202744163e-05	1.1385531999999998e-06	8.578735209999999e-08	7.129850999999999e-07	0.0	0.0	0.0	0.0	0.0
-20.545	0.00010993401646016	6.8286120000000005e-06	5.145670110000001e-07	4.2762735e-06	0.0	0.0	0.0	0.0	0.0
-20.519	0.0005763990862693002	3.580395e-05	2.6974746699999994e-06	2.2417717e-05	0.0	0.0	0.0	0.0	0.0
-20.493	0.0026419703953849	0.00016409145000000002	1.236559936e-05	0.00010274804	0.0	0.0	0.0	0.0	0.0
-20.467	0.010588301584786	0.0006575531999999999	4.954441880000001e-05	0.00041177649000000003	0.0	0.0	0.0	0.0	0.0
-20.441	0.03709540555296	0.0023038370000000004	0.00017360043879999996	0.0014427224	0.0	0.0	0.0	0.0	0.0
-20.415	0.11363401701234001	0.007057461	0.0005318117040000001	0.0044192408	0.0	0.0	0.0	0.0	0.0
-20.388	0.30439404556334004	0.018904643	0.0014244821140000001	0.011837532	0.0	0.0	0.0	0.0	0.0
-20.362	0.7129391067040001	0.04427398999999999	0.0033360684799999996	0.027725558999999997	0.0	0.0	0.0	0.0	0.0
-20.336	1.4598302185068	0.09066037999999998	0.0068320186500000005	0.05677889	0.0	0.0	0.0	0.0	0.0
-20.310	2.6137103912259	0.16234521	0.012232437119999998	0.10164206	0.0	0.0	0.0	0.0	0.0
-20.284	4.092200612499	0.2541396	0.019151954270000004	0.15916289	0.0	0.0	0.0	0.0	0.0
-20.258	5.601760838572	0.3479093999999999	0.02621850391	0.21789095	0.0	0.0	0.0	0.0	0.0
-20.232	6.706801003835001	0.4165231999999999	0.0313870514	0.26083897	0.0	0.0	0.0	0.0	0.0
-20.206	7.021231050774999	0.4360387	0.0328530162	0.27304734999999997	0.0	0.0	0.0	0.0	0.0
-20.180	6.426310961804999	0.39913350000000003	0.030070509080000002	0.24991463	0.0	0.0	0.0	0.0	0.0
-20.154	5.142880769794999	0.3194235	0.02406879744	0.20003181	0.0	0.0	0.0	0.0	0.0
-20.128	3.599230538811	0.2235199	0.016842625190000002	0.13997538	0.0	0.0	0.0	0.0	0.0
-20.102	2.2026303297044	0.13679635	0.010308734490000002	0.08566611000000002	0.0	0.0	0.0	0.0	0.0
-20.076	1.1784101764371	0.07320106	0.0055159013799999995	0.045836266	0.0	0.0	0.0	0.0	0.0
-20.050	0.5514130826131	0.03424961	0.0025806166850000003	0.021445847000000004	0.0	0.0	0.0	0.0	0.0
-20.024	0.2255890346206	0.014011253000000001	0.001055712871	0.008772541000000002	0.0	0.0	0.0	0.0	0.0
-19.998	0.0806990212046	0.005011537	0.00037762389500000006	0.0031382543999999997	0.0	0.0	0.0	0.0	0.0
-19.972	0.025236589186	0.0015673886000000003	0.0001180881163	0.0009815683	0.0	0.0	0.0	0.0	0.0
-19.946	0.00690275983	0.0004286205	3.2300033300000004e-05	0.00026848306	0.0	0.0	0.0	0.0	0.0
-19.920	0.0016600086	0.00010299321000000001	7.7585896e-06	6.492944e-05	0.0	0.0	0.0	0.0	0.0
-19.894	0.00040883200000000003	2.471463e-05	1.8511199999999999e-06	1.8205938999999998e-05	0.0	0.0	0.0	0.0	0.0
-19.867	0.000412989	2.1948679999999997e-05	1.5921129999999997e-06	2.8659776800000004e-05	0.0	0.0	0.0	0.0	0.0
-19.841	0.00168266	8.681300000000001e-05	6.246962099999998e-06	0.0001256441968	0.0	0.0	0.0	0.0	0.0
-19.815	0.00699026	0.0003602304	2.591161818e-05	0.000523389196	0.0	0.0	0.0	0.0	0.0
-19.789	0.0255312	0.0013154908500000002	9.462182832000001e-05	0.00191195364	0.0	0.0	0.0	0.0	0.0
-19.763	0.0815424	0.0042020253	0.00030224322449999997	0.006107013279999999	0.0	0.0	0.0	0.0	0.0
-19.737	0.22772600000000004	0.0117342784	0.0008440223807	0.017053969420000002	0.0	0.0	0.0	0.0	0.0
-19.711	0.556044	0.0286537606	0.002061026659	0.0416412158	0.0	0.0	0.0	0.0	0.0
-19.685	1.1872150000000001	0.061167016	0.004400401381999999	0.08890853739999999	0.0	0.0	0.0	0.0	0.0
-19.659	2.21627	0.11419329	0.008214737333	0.16597116	0.0	0.0	0.0	0.0	0.0
-19.633	3.6178600000000003	0.186386034	0.01340889645	0.27092121599999996	0.0	0.0	0.0	0.0	0.0
-19.607	5.16345	0.26609389899999997	0.019139276450000003	0.38672837	0.0	0.0	0.0	0.0	0.0
-19.581	6.4444	0.332069259	0.02388631271	0.482753549	0.0	0.0	0.0	0.0	0.0
-19.555	7.03362	0.36238656	0.026069976699999997	0.526646713	0.0	0.0	0.0	0.0	0.0
-19.529	6.712330000000001	0.34586087	0.02487716358	0.502645035	0.0	0.0	0.0	0.0	0.0
-19.503	5.60125	0.288545068	0.020760168299999996	0.419463884	0.0	0.0	0.0	0.0	0.0
-19.477	4.08675	0.21056915199999998	0.015148256570000001	0.306088513	0.0	0.0	0.0	0.0	0.0
-19.451	2.60736	0.134357989	0.00966492426	0.195255625	0.0	0.0	0.0	0.0	0.0
-19.425	1.45461	0.07495772499999999	0.005391596286	0.1089363676	0.0	0.0	0.0	0.0	0.0
-19.399	0.709565	0.036560286	0.002630048917	0.05314657569999999	0.0	0.0	0.0	0.0	0.0
-19.372	0.30264700000000005	0.015595363000000001	0.0011217673347999999	0.022665964200000003	0.0	0.0	0.0	0.0	0.0
-19.346	0.11287629999999998	0.0058154326999999995	0.0004183617995000001	0.00845263842	0.0	0.0	0.0	0.0	0.0
-19.320	0.036801400000000005	0.00189616031	0.0001364161301	0.00275632461	0.0	0.0	0.0	0.0	0.0
-19.294	0.010493220000000001	0.00054066405	3.889417768e-05	0.000785871956	0.0	0.0	0.0	0.0	0.0
-19.268	0.0026157000000000003	0.000134780101	9.695135603999998e-06	0.00019588286899999998	0.0	0.0	0.0	0.0	0.0
-19.242	0.000570073	2.9371722000000002e-05	2.112767229e-06	4.26845933e-05	0.0	0.0	0.0	0.0	0.0
-19.216	0.00010861240000000001	5.596396100000001e-06	4.0256022630000006e-07	8.13273482e-06	0.0	0.0	0.0	0.0	0.0
-19.190	1.80892e-05	9.321976700000001e-07	6.705139729e-08	1.3547070829999997e-06	0.0	0.0	0.0	0.0	0.0
-19.164	2.63425e-06	1.3572993e-07	9.765239366999999e-09	1.97276576e-07	0.0	0.0	0.0	0.0	0.0
-19.138	3.35296e-07	1.7278353e-08	1.2430465672000002e-09	2.51114651e-08	0.0	0.0	0.0	0.0	0.0
-19.112	3.73129e-08	1.9227060799999998e-09	1.383056708e-10	2.7943264200000004e-09	0.0	0.0	0.0	0.0	0.0
-19.086	3.62997e-09	1.87060453e-10	1.345165893e-11	2.71822081e-10	0.0	0.0	0.0	0.0	0.0
-19.060	3.0860100000000006e-10	1.59024621e-11	1.1438922778e-12	2.31099575e-11	0.0	0.0	0.0	0.0	0.0
-19.034	2.2936e-11	1.18183409e-12	8.501836483e-14	1.7175389070000001e-12	0.0	0.0	0.0	0.0	0.0
-19.008	1.4929600000000001e-12	7.6930984e-14	5.5340498460000004e-15	1.1180721980000001e-13	0.0	0.0	0.0	0.0	0.0
-18.982	8.026390000000001e-14	4.1360728000000005e-15	2.9752467140000003e-16	6.01122507e-15	0.0	0.0	0.0	0.0	0.0
-18.956	5.351610000000001e-15	2.75763786e-16	1.983401506e-17	4.00743705e-16	0.0	0.0	0.0	0.0	0.0
-18.930	0.0	0.0	0.0	0.0	0.0	0.0	0.0	0.0	0.0
-18.904	0.0	0.0	0.0	0.0	0.0	0.0	0.0	0.0	0.0
-18.878	0.0	0.0	0.0	0.0	0.0	0.0	0.0	0.0	0.0
-18.851	0.0	0.0	0.0	0.0	0.0	0.0	0.0	0.0	0.0
-18.825	0.0	0.0	0.0	0.0	0.0	0.0	0.0	0.0	0.0
-18.799	0.0	0.0	0.0	0.0	0.0	0.0	0.0	0.0	0.0
-18.773	0.0	0.0	0.0	0.0	0.0	0.0	0.0	0.0	0.0
-18.747	0.0	0.0	0.0	0.0	0.0	0.0	0.0	0.0	0.0
-18.721	0.0	0.0	0.0	0.0	0.0	0.0	0.0	0.0	0.0
-18.695	0.0	0.0	0.0	0.0	0.0	0.0	0.0	0.0	0.0
-18.669	0.0	0.0	0.0	0.0	0.0	0.0	0.0	0.0	0.0
-18.643	0.0	0.0	0.0	0.0	0.0	0.0	0.0	0.0	0.0
-18.617	0.0	0.0	0.0	0.0	0.0	0.0	0.0	0.0	0.0
-18.591	0.0	0.0	0.0	0.0	0.0	0.0	0.0	0.0	0.0
-18.565	0.0	0.0	0.0	0.0	0.0	0.0	0.0	0.0	0.0
-18.539	0.0	0.0	0.0	0.0	0.0	0.0	0.0	0.0	0.0
-18.513	0.0	0.0	0.0	0.0	0.0	0.0	0.0	0.0	0.0
-18.487	0.0	0.0	0.0	0.0	0.0	0.0	0.0	0.0	0.0
-18.461	0.0	0.0	0.0	0.0	0.0	0.0	0.0	0.0	0.0
-18.435	0.0	0.0	0.0	0.0	0.0	0.0	0.0	0.0	0.0
-18.409	0.0	0.0	0.0	0.0	0.0	0.0	0.0	0.0	0.0
-18.383	0.0	0.0	0.0	0.0	0.0	0.0	0.0	0.0	0.0
-18.357	2.5737e-15	3.430126e-16	2.8451753862899995e-17	1.48289485e-16	0.0	0.0	0.0	0.0	0.0
-18.330	2.83113e-14	3.773551e-15	3.129692494920001e-16	1.63110624e-15	0.0	0.0	0.0	0.0	0.0
-18.304	5.276100000000001e-13	7.032441000000001e-14	5.833218776899999e-15	3.0397053e-14	0.0	0.0	0.0	0.0	0.0
-18.278	8.513549999999999e-12	1.1348521999999998e-12	9.4115972855e-14	4.9059528e-13	0.0	0.0	0.0	0.0	0.0
-18.252	1.2015759999999999e-10	1.601708e-11	1.3283264402900003e-12	6.9235698e-12	0.0	0.0	0.0	0.0	0.0
-18.226	1.482192e-09	1.9756039999999996e-10	1.63853354969e-11	8.5406806e-11	0.0	0.0	0.0	0.0	0.0
-18.200	1.598094e-08	2.130313e-09	1.76663885358e-10	9.2076468e-10	0.0	0.0	0.0	0.0	0.0
-18.174	1.50607e-07	2.007691e-08	1.6649729504999999e-09	8.6776178e-09	0.0	0.0	0.0	0.0	0.0
-18.148	1.240825e-06	1.6539550000000002e-07	1.3716439416e-08	7.150012300000001e-08	0.0	0.0	0.0	0.0	0.0
-18.122	8.93652e-06	1.1912401e-06	9.879094299599997e-08	5.1488669e-07	0.0	0.0	0.0	0.0	0.0
-18.096	5.62653e-05	7.499086000000001e-06	6.219233188600001e-07	3.2420954999999996e-06	0.0	0.0	0.0	0.0	0.0
-18.070	0.000309682	4.1281709999999995e-05	3.4235551038e-06	1.7843712000000003e-05	0.0	0.0	0.0	0.0	0.0
-18.044	0.001490317	0.000198624	1.64734964996e-05	8.5856974e-05	0.0	0.0	0.0	0.0	0.0
-18.018	0.0062692500000000005	0.000835595	6.9317550102e-05	0.00036126121	0.0	0.0	0.0	0.0	0.0
-17.992	0.023060300000000002	0.0030742549999999997	0.00025492800773200007	0.0013286664399999998	0.0	0.0	0.0	0.0	0.0
-17.966	0.07415590000000001	0.009885259	0.00081980322487	0.0042727789	0.0	0.0	0.0	0.0	0.0
-17.940	0.2085307	0.027790189999999996	0.00230526506992	0.012015071499999998	0.0	0.0	0.0	0.0	0.0
-17.914	0.512634	0.06834406000000001	0.0056677736719	0.029535147	0.0	0.0	0.0	0.0	0.0
-17.888	1.1020780000000001	0.1469021	0.012183654369900002	0.063496472	0.0	0.0	0.0	0.0	0.0
-17.862	2.0716439999999996	0.27611030000000003	0.022902208698899997	0.11936834600000001	0.0	0.0	0.0	0.0	0.0
-17.836	3.40501	0.45377	0.037642696185	0.196189529	0.0	0.0	0.0	0.0	0.0
-17.809	4.8935900000000006	0.6522347000000002	0.054097068023	0.28190909000000003	0.0	0.0	0.0	0.0	0.0
-17.783	6.14881	0.8196942	0.067985302997	0.35433583999999996	0.0	0.0	0.0	0.0	0.0
-17.757	6.75678	0.9007050000000001	0.07470289793999998	0.38935816	0.0	0.0	0.0	0.0	0.0
-17.731	6.493220000000001	0.8654676999999998	0.07177966149999997	0.37408299000000006	0.0	0.0	0.0	0.0	0.0
-17.705	5.455729999999999	0.7272240999999999	0.06031185680000001	0.31438122	0.0	0.0	0.0	0.0	0.0
-17.679	4.010759999999999	0.5345264	0.044336468	0.23123572800000003	0.0	0.0	0.0	0.0	0.0
-17.653	2.58762	0.3443928	0.028571418	0.149593299	0.0	0.0	0.0	0.0	0.0
-17.627	1.4905979999999999	0.19705199999999998	0.016365381000000002	0.087617946	0.0	0.0	0.0	0.0	0.0
-17.601	0.843101	0.10750160000000002	0.008981885	0.053771795000000004	0.0	0.0	0.0	0.0	0.0
-17.575	0.652651	0.07422138	0.006329162000000001	0.051206152299999995	0.0	0.0	0.0	0.0	0.0
-17.549	0.9101451	0.09209429	0.008034575	0.08356871669999999	0.0	0.0	0.0	0.0	0.0
-17.523	1.6300621	0.158762803	0.013958410699999998	0.15620027800000003	0.0	0.0	0.0	0.0	0.0
-17.497	2.79724943	0.270500862	0.023818240100000002	0.27020516720000004	0.0	0.0	0.0	0.0	0.0
-17.471	4.266388179999999	0.41209227	0.036292599999999994	0.412576256	0.0	0.0	0.0	0.0	0.0
-17.445	5.705523215	0.5508708	0.04852376252	0.5518758116	0.0	0.0	0.0	0.0	0.0
-17.419	6.6737994513	0.64439186	0.05676608829	0.645609489	0.0	0.0	0.0	0.0	0.0
-17.393	6.8280910207	0.65930198	0.05806412354	0.660436475	0.0	0.0	0.0	0.0	0.0
-17.367	6.107495555400001	0.58973661	0.051948369120000004	0.59090584	0.0	0.0	0.0	0.0	0.0
-17.341	4.7774137937	0.46122904	0.04063372997999999	0.46217300940000006	0.0	0.0	0.0	0.0	0.0
-17.315	3.26761253267	0.315528422	0.027790723609999998	0.3161324473	0.0	0.0	0.0	0.0	0.0
-17.288	1.95423150874	0.18864770599999997	0.016622246450000003	0.18904467929999996	0.0	0.0	0.0	0.0	0.0
-17.262	1.02203578857	0.09868191	0.008692268910999999	0.09885810040000001	0.0	0.0	0.0	0.0	0.0
-17.236	0.4673123604800001	0.045116134	0.003974870547999999	0.04520776812	0.0	0.0	0.0	0.0	0.0
-17.210	0.18683514417799998	0.0180404504	0.001589073064	0.01807262763	0.0	0.0	0.0	0.0	0.0
-17.184	0.065322450385	0.006305896699999999	0.0005555421764000001	0.00631814334	0.0	0.0	0.0	0.0	0.0
-17.158	0.019962715397699997	0.00192728671	0.00016978215629999998	0.001931133685	0.0	0.0	0.0	0.0	0.0
-17.132	0.0053352041153	0.00051507431	4.537724476000001e-05	0.0005159775660999999	0.0	0.0	0.0	0.0	0.0
-17.106	0.00124644096162	0.000120346262	1.0601459210000003e-05	0.00012057540840000002	0.0	0.0	0.0	0.0	0.0
-17.080	0.000254602196433	2.45839296e-05	2.165480841e-06	2.46300981e-05	0.0	0.0	0.0	0.0	0.0
-17.054	4.546923508000001e-05	4.3904721e-06	3.8671410730000003e-07	4.398297493e-06	0.0	0.0	0.0	0.0	0.0
-17.028	7.098335476599999e-06	6.8543344e-07	6.037512594e-08	6.867267719999999e-07	0.0	0.0	0.0	0.0	0.0
-17.002	9.688857474499998e-07	9.3536084e-08	8.239366019999999e-09	9.37094152e-08	0.0	0.0	0.0	0.0	0.0
-16.976	1.1559508917499999e-07	1.1160222300000002e-08	9.830252810999998e-10	1.1181370869999999e-08	0.0	0.0	0.0	0.0	0.0
-16.950	1.20559093001e-08	1.16398773e-09	1.0253297142000001e-10	1.166021373e-09	0.0	0.0	0.0	0.0	0.0
-16.924	1.09899084784e-09	1.06115677e-10	9.346149349999999e-12	1.0630977380000001e-10	0.0	0.0	0.0	0.0	0.0
-16.898	8.7574867565e-11	8.4563074e-12	7.449712177e-13	8.4717956e-12	0.0	0.0	0.0	0.0	0.0
-16.872	6.0976047037e-12	5.8872607e-13	5.1855195120000006e-14	5.89891939e-13	0.0	0.0	0.0	0.0	0.0
-16.846	3.7098028622000007e-13	3.58265237e-14	3.1552025270000002e-15	3.588663439999999e-14	0.0	0.0	0.0	0.0	0.0
-16.820	2.09001161204e-14	2.01779529e-15	1.7774627580000002e-16	2.021801518e-15	0.0	0.0	0.0	0.0	0.0
-16.794	0.0	0.0	0.0	0.0	0.0	0.0	0.0	0.0	0.0
-16.767	0.0	0.0	0.0	0.0	0.0	0.0	0.0	0.0	0.0
-16.741	0.0	0.0	0.0	0.0	0.0	0.0	0.0	0.0	0.0
-16.715	0.0	0.0	0.0	0.0	0.0	0.0	0.0	0.0	0.0
-16.689	0.0	0.0	0.0	0.0	0.0	0.0	0.0	0.0	0.0
-16.663	0.0	0.0	0.0	0.0	0.0	0.0	0.0	0.0	0.0
-16.637	0.0	0.0	0.0	0.0	0.0	0.0	0.0	0.0	0.0
-16.611	0.0	0.0	0.0	0.0	0.0	0.0	0.0	0.0	0.0
-16.585	0.0	0.0	0.0	0.0	0.0	0.0	0.0	0.0	0.0
-16.559	0.0	0.0	0.0	0.0	0.0	0.0	0.0	0.0	0.0
-16.533	0.0	0.0	0.0	0.0	0.0	0.0	0.0	0.0	0.0
-16.507	0.0	0.0	0.0	0.0	0.0	0.0	0.0	0.0	0.0
-16.481	0.0	0.0	0.0	0.0	0.0	0.0	0.0	0.0	0.0
-16.455	0.0	0.0	0.0	0.0	0.0	0.0	0.0	0.0	0.0
-16.429	0.0	0.0	0.0	0.0	0.0	0.0	0.0	0.0	0.0
-16.403	0.0	0.0	0.0	0.0	0.0	0.0	0.0	0.0	0.0
-16.377	0.0	0.0	0.0	0.0	0.0	0.0	0.0	0.0	0.0
-16.351	0.0	0.0	0.0	0.0	0.0	0.0	0.0	0.0	0.0
-16.325	0.0	0.0	0.0	0.0	0.0	0.0	0.0	0.0	0.0
-16.299	0.0	0.0	0.0	0.0	0.0	0.0	0.0	0.0	0.0
-16.273	0.0	0.0	0.0	0.0	0.0	0.0	0.0	0.0	0.0
-16.246	0.0	0.0	0.0	0.0	0.0	0.0	0.0	0.0	0.0
-16.220	0.0	0.0	0.0	0.0	0.0	0.0	0.0	0.0	0.0
-16.194	0.0	0.0	0.0	0.0	0.0	0.0	0.0	0.0	0.0
-16.168	0.0	0.0	0.0	0.0	0.0	0.0	0.0	0.0	0.0
-16.142	0.0	0.0	0.0	0.0	0.0	0.0	0.0	0.0	0.0
-16.116	0.0	0.0	0.0	0.0	0.0	0.0	0.0	0.0	0.0
-16.090	0.0	0.0	0.0	0.0	0.0	0.0	0.0	0.0	0.0
-16.064	0.0	0.0	0.0	0.0	0.0	0.0	0.0	0.0	0.0
-16.038	0.0	0.0	0.0	0.0	0.0	0.0	0.0	0.0	0.0
-16.012	0.0	0.0	0.0	0.0	0.0	0.0	0.0	0.0	0.0
-15.986	0.0	0.0	0.0	0.0	0.0	0.0	0.0	0.0	0.0
-15.960	0.0	0.0	0.0	0.0	0.0	0.0	0.0	0.0	0.0
-15.934	0.0	0.0	0.0	0.0	0.0	0.0	0.0	0.0	0.0
-15.908	0.0	0.0	0.0	0.0	0.0	0.0	0.0	0.0	0.0
-15.882	0.0	0.0	0.0	0.0	0.0	0.0	0.0	0.0	0.0
-15.856	0.0	0.0	0.0	0.0	0.0	0.0	0.0	0.0	0.0
-15.830	0.0	0.0	0.0	0.0	0.0	0.0	0.0	0.0	0.0
-15.804	0.0	0.0	0.0	0.0	0.0	0.0	0.0	0.0	0.0
-15.778	0.0	0.0	0.0	0.0	0.0	0.0	0.0	0.0	0.0
-15.752	5.57576e-15	1.124499209e-15	5.79238e-17	2.4054562e-15	0.0	0.0	0.0	0.0	0.0
-15.725	9.29316e-14	1.87417498e-14	9.6542e-16	4.0087454999999994e-14	0.0	0.0	0.0	0.0	0.0
-15.699	1.600155e-12	3.2271579199999996e-13	1.66234e-14	6.903444999999999e-13	0.0	0.0	0.0	0.0	0.0
-15.673	2.4131340000000003e-11	4.86689052e-12	2.506709e-13	1.0409824999999999e-11	0.0	0.0	0.0	0.0	0.0
-15.647	3.179303e-10	6.41238332e-11	3.3026209999999997e-12	1.3715946999999999e-10	0.0	0.0	0.0	0.0	0.0
-15.621	3.661489e-09	7.384905870000001e-10	3.8033299999999995e-11	1.5795677999999999e-09	0.0	0.0	0.0	0.0	0.0
-15.595	3.6861019999999995e-08	7.43302575e-09	3.82883e-10	1.5900904e-08	0.0	0.0	0.0	0.0	0.0
-15.569	3.243305e-07	6.54118389e-08	3.369242e-09	1.3992893000000002e-07	0.0	0.0	0.0	0.0	0.0
-15.543	2.494996e-06	5.032369670000001e-07	2.5917930000000002e-08	1.0763111e-06	0.0	0.0	0.0	0.0	0.0
-15.517	1.677605e-05	3.3839336000000002e-06	1.7427069999999998e-07	7.23754e-06	0.0	0.0	0.0	0.0	0.0
-15.491	9.86274e-05	1.9889057500000003e-05	1.0245330000000002e-06	4.254673499999999e-05	0.0	0.0	0.0	0.0	0.0
-15.465	0.000506908	0.0001022336435	5.2654099999999994e-06	0.00021867468999999998	0.0	0.0	0.0	0.0	0.0
-15.439	0.0022776460000000004	0.000459341326	2.366044e-05	0.000982563	0.0	0.0	0.0	0.0	0.0
-15.413	0.008947730000000001	0.0018044905500000001	9.295040000000001e-05	0.0038603232	0.0	0.0	0.0	0.0	0.0
-15.387	0.03073014	0.0061977822	0.0003192353	0.013257052999999998	0.0	0.0	0.0	0.0	0.0
-15.361	0.0922763	0.018612782799999998	0.0009587910000000001	0.039818730000000004	0.0	0.0	0.0	0.0	0.0
-15.335	0.2423031	0.04887651280000001	0.002517244	0.1045322	0.0	0.0	0.0	0.0	0.0
-15.309	0.5562720000000001	0.11220335890000001	0.00577843	0.24000881	0.0	0.0	0.0	0.0	0.0
-15.283	1.116917	0.22523967400000003	0.011600919999999999	0.48181592999999995	0.0	0.0	0.0	0.0	0.0
-15.257	1.9600579999999996	0.39541936099999997	0.02036134	0.8457097000000001	0.0	0.0	0.0	0.0	0.0
-15.230	3.0085699999999997	0.606782981	0.03125351	1.2979684	0.0	0.0	0.0	0.0	0.0
-15.204	4.037145	0.814317762	0.0419423	1.7418152	0.0	0.0	0.0	0.0	0.0
-15.178	4.7382919999999995	0.9556161310000001	0.04922189999999999	2.0442332999999997	0.0	0.0	0.0	0.0	0.0
-15.152	4.86263	0.9806428199999999	0.050506499999999996	2.0975091999999997	0.0	0.0	0.0	0.0	0.0
-15.126	4.363193000000001	0.8798233879999999	0.0453193	1.8820413000000003	0.0	0.0	0.0	0.0	0.0
-15.100	3.422897	0.690416273	0.035556870000000004	1.4766772	0.0	0.0	0.0	0.0	0.0
-15.074	2.3482890000000003	0.473585714	0.024395060000000003	1.0131244	0.0	0.0	0.0	0.0	0.0
-15.048	1.408828	0.28412940999999997	0.014634140000000002	0.60768006	0.0	0.0	0.0	0.0	0.0
-15.022	0.739032	0.149038758	0.007676380000000001	0.31878856	0.0	0.0	0.0	0.0	0.0
-14.996	0.33893340000000005	0.0683557352	0.0035207519999999994	0.14622006	0.0	0.0	0.0	0.0	0.0
-14.970	0.1359194	0.027414782399999997	0.0014119489999999998	0.058637398	0.0	0.0	0.0	0.0	0.0
-14.944	0.04765950000000001	0.00961239273	0.000495089	0.020562364	0.0	0.0	0.0	0.0	0.0
-14.918	0.014611840000000001	0.0029472587	0.0001517953	0.006304283999999999	0.0	0.0	0.0	0.0	0.0
-14.892	0.0039168729999999995	0.000789919458	4.06881e-05	0.0016896886000000002	0.0	0.0	0.0	0.0	0.0
-14.866	0.0009180529999999998	0.000185213071	9.53897e-06	0.00039601315000000007	0.0	0.0	0.0	0.0	0.0
-14.840	0.00018946299999999998	3.85531015e-05	1.971921e-06	8.151312e-05	0.0	0.0	0.0	0.0	0.0
-14.814	4.33971e-05	1.1091145599999999e-05	4.765705e-07	1.7115485e-05	0.0	0.0	0.0	0.0	0.0
-14.788	6.452800000000002e-05	2.72889791e-05	8.275156999999999e-07	1.8033824600000002e-05	0.0	0.0	0.0	0.0	0.0
-14.762	0.00031688433000000006	0.000140072401	4.1306794e-06	8.440203018e-05	0.0	0.0	0.0	0.0	0.0
-14.736	0.0014750064500000002	0.0006528798299999999	1.9236488799999998e-05	0.00039232919655000003	0.0	0.0	0.0	0.0	0.0
-14.709	0.0060161076009999995	0.00266254967	7.8455744e-05	0.0016000192695999997	0.0	0.0	0.0	0.0	0.0
-14.683	0.021450806737699998	0.009495005800000001	0.000279772884	0.005705052316	0.0	0.0	0.0	0.0	0.0
-14.657	0.0668850193752	0.029607760599999994	0.0008724075900000001	0.017789493102999997	0.0	0.0	0.0	0.0	0.0
-14.631	0.18233205272	0.080703156	0.00237790135	0.04849766118	0.0	0.0	0.0	0.0	0.0
-14.605	0.43457912564999995	0.19236102500000002	0.005667829	0.11558297665999999	0.0	0.0	0.0	0.0	0.0
-14.579	0.9058702618030001	0.40095402	0.011813054699999999	0.24090205556	0.0	0.0	0.0	0.0	0.0
-14.553	1.65056047712	0.73057056	0.021527101	0.4390741012	0.0	0.0	0.0	0.0	0.0
-14.527	2.6303407604999998	1.16424423	0.0343033489	0.6996098612999999	0.0	0.0	0.0	0.0	0.0
-14.501	3.66497105956	1.62209179	0.047802577000000006	0.9747841248	0.0	0.0	0.0	0.0	0.0
-14.475	4.465431290849999	1.97641059	0.05823028599999999	1.1875880739	0.0	0.0	0.0	0.0	0.0
-14.449	4.75748137518	2.10545605	0.062046407000000005	1.2652670918	0.0	0.0	0.0	0.0	0.0
-14.423	4.43152128119	1.9615619999999998	0.05780153699999999	1.1785421718	0.0	0.0	0.0	0.0	0.0
-14.397	3.60985104352	1.5976638	0.047074116	0.9601049213999999	0.0	0.0	0.0	0.0	0.0
-14.371	2.5711807433300002	1.13807201	0.0335311115	0.6839171577000001	0.0	0.0	0.0	0.0	0.0
-14.345	1.6014304629599998	0.7088401799999999	0.0208858025	0.42591329822000007	0.0	0.0	0.0	0.0	0.0
-14.319	0.872050252084	0.385995505	0.0113736852	0.23196433349	0.0	0.0	0.0	0.0	0.0
-14.293	0.41528012005599996	0.183805206	0.005416226900000001	0.11045230547000001	0.0	0.0	0.0	0.0	0.0
-14.267	0.172915049979	0.076533084	0.00225500919	0.04598713061	0.0	0.0	0.0	0.0	0.0
-14.241	0.06294901820260002	0.0278657491	0.0008209602800000001	0.016742440860999998	0.0	0.0	0.0	0.0	0.0
-14.215	0.020036805793	0.0088692154	0.00026133194799999996	0.005328885229	0.0	0.0	0.0	0.0	0.0
-14.188	0.005576881612130002	0.00246769182	7.272459299999999e-05	0.0014833126420000001	0.0	0.0	0.0	0.0	0.0
-14.162	0.0013569103922300002	0.0006005960199999999	1.76972438e-05	0.00036089848323	0.0	0.0	0.0	0.0	0.0
-14.136	0.00028866308344499997	0.000127755047	3.7645192199999995e-06	7.676658771e-05	0.0	0.0	0.0	0.0	0.0
-14.110	5.36880155207e-05	2.3759599e-05	7.0019584e-07	1.4278064292999999e-05	0.0	0.0	0.0	0.0	0.0
-14.084	8.729202523799999e-06	3.86385712e-06	1.1384528499999999e-07	2.3217522354e-06	0.0	0.0	0.0	0.0	0.0
-14.058	1.2408003587270002e-06	5.491729e-07	1.6181639000000003e-08	3.3002167611e-07	0.0	0.0	0.0	0.0	0.0
-14.032	1.5416704456799997e-07	6.823942999999999e-08	2.01083134e-09	4.1005899457000005e-08	0.0	0.0	0.0	0.0	0.0
-14.006	1.6745504841199998e-08	7.413032599999999e-09	2.18401036e-10	4.453641027000001e-09	0.0	0.0	0.0	0.0	0.0
-13.980	1.5900904597e-09	7.037379199999999e-10	2.0737438100000002e-11	4.2290549753e-10	0.0	0.0	0.0	0.0	0.0
-13.954	1.3197003815500002e-10	5.8411255e-11	1.72110313e-12	3.5099538093999996e-11	0.0	0.0	0.0	0.0	0.0
-13.928	9.570202766809998e-12	4.23571858e-12	1.2481550599999998e-13	2.5453525869999997e-12	0.0	0.0	0.0	0.0	0.0
-13.902	6.07120175518e-13	2.68764296e-13	7.917641299999998e-15	1.6148234724e-13	0.0	0.0	0.0	0.0	0.0
-13.876	3.6139910447599995e-14	1.5996697399999996e-14	4.7135591e-16	9.611617217000002e-15	0.0	0.0	0.0	0.0	0.0
-13.850	0.0	0.0	0.0	0.0	0.0	0.0	0.0	0.0	0.0
-13.824	0.0	0.0	0.0	0.0	0.0	0.0	0.0	0.0	0.0
-13.798	0.0	0.0	0.0	0.0	0.0	0.0	0.0	0.0	0.0
-13.772	0.0	0.0	0.0	0.0	0.0	0.0	0.0	0.0	0.0
-13.746	0.0	0.0	0.0	0.0	0.0	0.0	0.0	0.0	0.0
-13.720	0.0	0.0	0.0	0.0	0.0	0.0	0.0	0.0	0.0
-13.694	0.0	0.0	0.0	0.0	0.0	0.0	0.0	0.0	0.0
-13.667	0.0	0.0	0.0	0.0	0.0	0.0	0.0	0.0	0.0
-13.641	0.0	0.0	0.0	0.0	0.0	0.0	0.0	0.0	0.0
-13.615	0.0	0.0	0.0	0.0	0.0	0.0	0.0	0.0	0.0
-13.589	0.0	0.0	0.0	0.0	0.0	0.0	0.0	0.0	0.0
-13.563	0.0	0.0	0.0	0.0	0.0	0.0	0.0	0.0	0.0
-13.537	0.0	0.0	0.0	0.0	0.0	0.0	0.0	0.0	0.0
-13.511	0.0	0.0	0.0	0.0	0.0	0.0	0.0	0.0	0.0
-13.485	0.0	0.0	0.0	0.0	0.0	0.0	0.0	0.0	0.0
-13.459	0.0	0.0	0.0	0.0	0.0	0.0	0.0	0.0	0.0
-13.433	0.0	0.0	0.0	0.0	0.0	0.0	0.0	0.0	0.0
-13.407	0.0	0.0	0.0	0.0	0.0	0.0	0.0	0.0	0.0
-13.381	0.0	0.0	0.0	0.0	0.0	0.0	0.0	0.0	0.0
-13.355	0.0	0.0	0.0	0.0	0.0	0.0	0.0	0.0	0.0
-13.329	0.0	0.0	0.0	0.0	0.0	0.0	0.0	0.0	0.0
-13.303	0.0	0.0	0.0	0.0	0.0	0.0	0.0	0.0	0.0
-13.277	0.0	0.0	0.0	0.0	0.0	0.0	0.0	0.0	0.0
-13.251	0.0	0.0	0.0	0.0	0.0	0.0	0.0	0.0	0.0
-13.225	0.0	0.0	0.0	0.0	0.0	0.0	0.0	0.0	0.0
-13.199	4.673213899999999e-15	3.63016126e-15	6.615059999999999e-17	3.0304274e-15	0.0	0.0	0.0	0.0	0.0
-13.173	7.710645900000001e-14	5.9894423e-14	1.091663e-15	4.999659e-14	0.0	0.0	0.0	0.0	0.0
-13.146	1.31895247e-12	1.02463131e-12	1.8672169999999998e-14	8.5535392e-13	0.0	0.0	0.0	0.0	0.0
-13.120	1.96251222e-11	1.52438436e-11	2.778103e-13	1.2725801e-11	0.0	0.0	0.0	0.0	0.0
-13.094	2.5517869999999994e-10	1.9820952899999999e-10	3.6124440000000006e-12	1.6548694e-10	0.0	0.0	0.0	0.0	0.0
-13.068	2.9005092999999997e-09	2.25310988e-09	4.105740000000001e-11	1.8810004e-09	0.0	0.0	0.0	0.0	0.0
-13.042	2.8817576000000004e-08	2.2384186899999996e-08	4.07936e-10	1.8688478e-08	0.0	0.0	0.0	0.0	0.0
-13.016	2.5027824e-07	1.94407005e-07	3.5429699999999994e-09	1.6230943999999998e-07	0.0	0.0	0.0	0.0	0.0
-12.990	1.9000864299999997e-06	1.47585531e-06	2.689982e-08	1.2322099e-06	0.0	0.0	0.0	0.0	0.0
-12.964	1.2610170999999999e-05	9.796658899999998e-06	1.785281e-07	8.177556099999999e-06	0.0	0.0	0.0	0.0	0.0
-12.938	7.3174494e-05	5.6830163e-05	1.035896e-06	4.7450122e-05	0.0	0.0	0.0	0.0	0.0
-12.912	0.00037115646	0.000288280207	5.253409999999999e-06	0.00024068045	0.0	0.0	0.0	0.0	0.0
-12.886	0.0016459528300000002	0.00127846596	2.330107e-05	0.00106735368	0.0	0.0	0.0	0.0	0.0
-12.860	0.0063818425	0.00495685006	9.03488e-05	0.0041378725	0.0	0.0	0.0	0.0	0.0
-12.834	0.021634209	0.016803709	0.0003062542	0.014028287	0.0	0.0	0.0	0.0	0.0
-12.808	0.064116454	0.049801856199999994	0.0009076479999999999	0.041575022	0.0	0.0	0.0	0.0	0.0
-12.782	0.16617442899999998	0.129068129	0.002352472	0.10775156999999999	0.0	0.0	0.0	0.0	0.0
-12.756	0.37653796000000006	0.292460179	0.00533009	0.24416142	0.0	0.0	0.0	0.0	0.0
-12.730	0.74603427	0.5794597800000001	0.01056151	0.48378734	0.0	0.0	0.0	0.0	0.0
-12.704	1.29248	1.00386576	0.018296580000000003	0.8380656099999999	0.0	0.0	0.0	0.0	0.0
-12.678	1.9578317899999995	1.52071958	0.027714839999999998	1.2695173	0.0	0.0	0.0	0.0	0.0
-12.652	2.5932408	2.0144729200000002	0.0367137	1.6816721000000001	0.0	0.0	0.0	0.0	0.0
-12.625	3.0037389	2.3326965399999997	0.042519499999999995	1.9477882	0.0	0.0	0.0	0.0	0.0
-12.599	3.0420724000000003	2.36296222	0.0430629	1.9726896	0.0	0.0	0.0	0.0	0.0
-12.573	2.6940201999999993	2.09267695	0.03814186	1.7470935	0.0	0.0	0.0	0.0	0.0
-12.547	2.08625373	1.6204970300000001	0.02953329	1.3529426	0.0	0.0	0.0	0.0	0.0
-12.521	1.4126511699999997	1.09727804	0.01999805	0.91604901	0.0	0.0	0.0	0.0	0.0
-12.495	0.8364676600000001	0.64969052	0.01183965	0.5424391099999999	0.0	0.0	0.0	0.0	0.0
-12.469	0.43308021	0.336314626	0.0061301	0.28080904	0.0	0.0	0.0	0.0	0.0
-12.443	0.196021201	0.15226231199999998	0.002774904	0.12712059999999997	0.0	0.0	0.0	0.0	0.0
-12.417	0.077596604	0.060261564999999996	0.001098339	0.050320013000000004	0.0	0.0	0.0	0.0	0.0
-12.391	0.026852693000000007	0.0208584871	0.0003800985	0.017412911000000003	0.0	0.0	0.0	0.0	0.0
-12.365	0.0081249544	0.0063124066	0.00011501819999999999	0.0052680586	0.0	0.0	0.0	0.0	0.0
-12.339	0.0021496096199999995	0.0016699237900000001	3.043113e-05	0.001394082	0.0	0.0	0.0	0.0	0.0
-12.313	0.0004972021699999999	0.000386184409	7.03932e-06	0.00032244641999999994	0.0	0.0	0.0	0.0	0.0
-12.287	0.00010054933600000002	7.8109148e-05	1.423442e-06	6.5201828e-05	0.0	0.0	0.0	0.0	0.0
-12.261	1.77768506e-05	1.3808743499999998e-05	2.516488e-07	1.1528369e-05	0.0	0.0	0.0	0.0	0.0
-12.235	2.7475952e-06	2.13429376e-06	3.889247e-08	1.7818150999999998e-06	0.0	0.0	0.0	0.0	0.0
-12.209	3.7126780000000003e-07	2.8848122799999995e-07	5.2578100000000005e-09	2.4081598e-07	0.0	0.0	0.0	0.0	0.0
-12.183	4.409668699999999e-08	3.4909343999999996e-08	6.428609999999999e-10	2.9374458000000003e-08	0.0	0.0	0.0	0.0	0.0
-12.157	7.13242e-09	1.2533002999999998e-08	3.0028230000000003e-10	1.2959763e-08	0.0	0.0	0.0	0.0	0.0
-12.131	2.4722322000000005e-08	8.446576e-08	2.209727e-09	9.37986688e-08	0.0	0.0	0.0	0.0	0.0
-12.104	1.9833720810000002e-07	6.8624648e-07	1.7976056699999998e-08	7.62857536e-07	0.0	0.0	0.0	0.0	0.0
-12.078	1.4138579428899998e-06	4.8935805811e-06	1.2816682000000002e-07	5.43860943e-06	0.0	0.0	0.0	0.0	0.0
-12.052	8.8131620219e-06	3.0498990538000003e-05	7.989847300000001e-07	3.3903853499999995e-05	0.0	0.0	0.0	0.0	0.0
-12.026	4.802783440290001e-05	0.000166200028141	4.3534825e-06	0.0001847438366	0.0	0.0	0.0	0.0	0.0
-12.000	0.00022879885919799997	0.0007917481387699999	2.0738449099999997e-05	0.0008801748280000001	0.0	0.0	0.0	0.0	0.0
-11.974	0.0009529826792760001	0.0032977021615	8.6379017e-05	0.0036659869299999997	0.0	0.0	0.0	0.0	0.0
-11.948	0.00347007193079	0.012009259588	0.00031456615000000006	0.013350752450000001	0.0	0.0	0.0	0.0	0.0
-11.922	0.011048297519669997	0.038235702871999996	0.00100160626	0.042505179100000005	0.0	0.0	0.0	0.0	0.0
-11.896	0.0307622648451	0.106440385212	0.0027881173	0.11832188049999999	0.0	0.0	0.0	0.0	0.0
-11.870	0.074860974807	0.25908550268999997	0.0067860907	0.287998944	0.0	0.0	0.0	0.0	0.0
-11.844	0.15932487045199997	0.551359777	0.014442739700000002	0.6129029789999999	0.0	0.0	0.0	0.0	0.0
-11.818	0.29646963589800013	1.02609565024	0.026877806199999996	1.140653854	0.0	0.0	0.0	0.0	0.0
-11.792	0.48246294649500004	1.6696191817600001	0.04373544	1.855983397	0.0	0.0	0.0	0.0	0.0
-11.766	0.686529377588	2.3756524163000003	0.062226698	2.6409312860000003	0.0	0.0	0.0	0.0	0.0
-11.740	0.8540300674740001	2.9557523447	0.077418695	3.28559088	0.0	0.0	0.0	0.0	0.0
-11.714	0.929136552547	3.2153376574	0.08422861300000001	3.5743588	0.0	0.0	0.0	0.0	0.0
-11.688	0.8839052012590001	3.0587344497999998	0.080115061	3.40000909	0.0	0.0	0.0	0.0	0.0
-11.662	0.735142932834	2.5443410246000004	0.066648684	2.82834535	0.0	0.0	0.0	0.0	0.0
-11.636	0.534740605719	1.85069489062	0.04847569	2.0571198120000003	0.0	0.0	0.0	0.0	0.0
-11.610	0.34011708524900003	1.17705985763	0.030830607	1.3084455499999998	0.0	0.0	0.0	0.0	0.0
-11.583	0.189137114246	0.6545241320499999	0.0171446854	0.7276702860000002	0.0	0.0	0.0	0.0	0.0
-11.557	0.09196705421719997	0.31828379559	0.0083368338	0.353811648	0.0	0.0	0.0	0.0	0.0
-11.531	0.03909891470659999	0.135326536631	0.0035449609	0.15043889470000002	0.0	0.0	0.0	0.0	0.0
-11.505	0.014538746974400002	0.050311930513	0.0013177607499999999	0.05593102479999999	0.0	0.0	0.0	0.0	0.0
-11.479	0.004725465322000001	0.01635495127	0.00042836884999999995	0.018179123659999998	0.0	0.0	0.0	0.0	0.0
-11.453	0.0013436818700000002	0.004647534835	0.00012176019600000002	0.0051667512500000005	0.0	0.0	0.0	0.0	0.0
-11.427	0.00033906789999999995	0.0011561756	3.0320042e-05	0.001286091451	0.0	0.0	0.0	0.0	0.0
-11.401	0.00010661520000000001	0.00025954043	7.018157999999999e-06	0.00029299223999999997	0.0	0.0	0.0	0.0	0.0
-11.375	0.00020361972	9.584889e-05	3.734109e-06	0.00013139142	0.0	0.0	0.0	0.0	0.0
-11.349	0.0009257256	0.00024235749599999998	1.2300175e-05	0.00039031102	0.0	0.0	0.0	0.0	0.0
-11.323	0.0039285448	0.000998351475	5.145714e-05	0.0016237715899999998	0.0	0.0	0.0	0.0	0.0
-11.297	0.014604262999999996	0.00370850937	0.000191241812	0.00603328289	0.0	0.0	0.0	0.0	0.0
-11.271	0.047475579999999996	0.01205389453	0.000621654092	0.019614292749999998	0.0	0.0	0.0	0.0	0.0
-11.245	0.13495956	0.034266836300000006	0.0017672434100000003	0.0557423335	0.0	0.0	0.0	0.0	0.0
-11.219	0.33542218999999995	0.0851649595	0.00439182829	0.138562905	0.0	0.0	0.0	0.0	0.0
-11.193	0.72895	0.18504510000000002	0.00954434821	0.30115212300000005	0.0	0.0	0.0	0.0	0.0
-11.167	1.3851082	0.3516182010000001	0.018136838099999997	0.5721763049999999	0.0	0.0	0.0	0.0	0.0
-11.141	2.3012734	0.5842097880000001	0.030130292700000002	0.9505512939999999	0.0	0.0	0.0	0.0	0.0
-11.115	3.3433266	0.848815074	0.0437759417	1.381151928	0.0	0.0	0.0	0.0	0.0
-11.088	4.246772	1.078225598	0.0556101648	1.7544203930000002	0.0	0.0	0.0	0.0	0.0
-11.062	4.717714	1.1978533949999999	0.061776048800000004	1.948863912	0.0	0.0	0.0	0.0	0.0
-11.036	4.582107	1.163350137	0.0600051251	1.8929881480000001	0.0	0.0	0.0	0.0	0.0
-11.010	3.8924667999999993	0.9881515220000001	0.0509683319	1.6078918999999998	0.0	0.0	0.0	0.0	0.0
-10.984	2.8906935999999996	0.733857816	0.0378569598	1.194068344	0.0	0.0	0.0	0.0	0.0
-10.958	1.8772445000000002	0.47658649399999997	0.024589754999999998	0.7754274659999999	0.0	0.0	0.0	0.0	0.0
-10.932	1.06597	0.270590433	0.014010984000000002	0.44035738199999996	0.0	0.0	0.0	0.0	0.0
-10.906	0.5294576999999999	0.134374335	0.0072089630000000005	0.21863194400000002	0.0	0.0	0.0	0.0	0.0
-10.880	0.23057217000000002	0.05836574199999999	0.004304339	0.0949402416	0.0	0.0	0.0	0.0	0.0
-10.854	0.09041698999999999	0.022268311000000002	0.006392484	0.0361431923	0.0	0.0	0.0	0.0	0.0
-10.828	0.040267173	0.007788467	0.018990734999999998	0.012357269090000001	0.0	0.0	0.0	0.0	0.0
-10.802	0.043474095	0.0034964120000000004	0.05780078999999999	0.004707175300000001	0.0	0.0	0.0	0.0	0.0
-10.776	0.0971918383	0.004234365999999998	0.15634825000000002	0.0042326216	0.0	0.0	0.0	0.0	0.0
-10.750	0.22569577899999999	0.008871074100000001	0.3703801900000001	0.008137979899999998	0.0	0.0	0.0	0.0	0.0
-10.724	0.466649552	0.0181546906	0.7673621999999999	0.016492144	0.0	0.0	0.0	0.0	0.0
-10.698	0.8451453839999999	0.03284701116	1.3900560000000002	0.029815614	0.0	0.0	0.0	0.0	0.0
-10.672	1.3387814500000002	0.052027369600000005	2.2017356	0.04721739900000001	0.0	0.0	0.0	0.0	0.0
-10.646	1.8543703080000007	0.07205464478000001	3.0496686000000004	0.06539463499999999	0.0	0.0	0.0	0.0	0.0
-10.620	2.2457912	0.08727348383000001	3.6937098	0.079211637	0.0	0.0	0.0	0.0	0.0
-10.594	2.3786564400000003	0.09242568990000002	3.9122331	0.08388501599999999	0.0	0.0	0.0	0.0	0.0
-10.567	2.20362505	0.08563399516000002	3.6239991999999996	0.077705196	0.0	0.0	0.0	0.0	0.0
-10.541	1.7883380870000005	0.0694653508	2.9385365	0.06301582199999999	0.0	0.0	0.0	0.0	0.0
-10.515	1.279923093	0.04964037246999999	2.0963283	0.044954579999999994	0.0	0.0	0.0	0.0	0.0
-10.489	0.8342938230000001	0.032132296000000005	1.3455239	0.028864926999999995	0.0	0.0	0.0	0.0	0.0
-10.463	0.563798385	0.0211716186	0.8562599000000001	0.018410634999999998	0.0	0.0	0.0	0.0	0.0
-10.437	0.5289752619999999	0.019029059	0.7039835399999999	0.0153438394	0.0	0.0	0.0	0.0	0.0
-10.411	0.7555240435999998	0.027067285999999996	0.9017207299999999	0.020430359600000003	0.0	0.0	0.0	0.0	0.0
-10.385	1.2346943454000003	0.047145002999999984	1.4172315729999998	0.034627511900000005	0.0	0.0	0.0	0.0	0.0
-10.359	1.9008813829999998	0.08363452	2.1535007360000002	0.06056368319999998	0.0	0.0	0.0	0.0	0.0
-10.333	2.613853237	0.14786521	2.926536452	0.10551813609999999	0.0	0.0	0.0	0.0	0.0
-10.307	3.1902409659999993	0.26492272000000006	3.49484406	0.18606910529999998	0.0	0.0	0.0	0.0	0.0
-10.281	3.4906012700000004	0.4775615	3.6569063900000005	0.331000848	0.0	0.0	0.0	0.0	0.0
-10.255	3.50309496	0.8356761	3.3508546	0.574062233	0.0	0.0	0.0	0.0	0.0
-10.229	3.34488913	1.3615933	2.6965645499999997	0.930552375	0.0	0.0	0.0	0.0	0.0
-10.203	3.1670885400000004	2.006249	1.9128892899999996	1.367964678	0.0	0.0	0.0	0.0	0.0
-10.177	3.03914153	2.628886	1.2076166000000002	1.7904995000000001	0.0	0.0	0.0	0.0	0.0
-10.151	2.90946949	3.0397	0.6906454000000002	2.06954082	0.0	0.0	0.0	0.0	0.0
-10.125	2.6747395999999997	3.0972269999999997	0.36916803000000004	2.10922714	0.0	0.0	0.0	0.0	0.0
-10.099	2.2874553000000004	2.8009198	0.19304336999999996	1.9110593400000002	0.0	0.0	0.0	0.0	0.0
-10.073	1.81207304	2.3101191	0.1038104	1.585818622	0.0	0.0	0.0	0.0	0.0
-10.046	1.3914191	1.8738466999999999	0.06064877999999999	1.306458908	0.0	0.0	0.0	0.0	0.0
-10.020	1.16459606	1.7122226999999999	0.04229069	1.2273954200000001	0.0	0.0	0.0	0.0	0.0
-9.994	1.1927892199999997	1.9198718000000004	0.03888714000000001	1.4143632299999997	0.0	0.0	0.0	0.0	0.0
-9.968	1.4311497099999995	2.42287582	0.044502642	1.81332412	0.0	0.0	0.0	0.0	0.0
-9.942	1.7528739800000002	3.0065940099999997	0.053607680000000005	2.26989032	0.0	0.0	0.0	0.0	0.0
-9.916	2.0156015800000002	3.4103319	0.06117999800000001	2.60088444	0.0	0.0	0.0	0.0	0.0
-9.890	2.14223525	3.45685841	0.064507972	2.6915594100000004	0.0	0.0	0.0	0.0	0.0
-9.864	2.1751747299999997	3.1408275299999997	0.06459334200000001	2.56604269	0.0	0.0	0.0	0.0	0.0
-9.838	2.25438291	2.6254011299999997	0.065432433	2.37307166	0.0	0.0	0.0	0.0	0.0
-9.812	2.5195883	2.129985	0.07122370100000001	2.2861982599999995	0.0	0.0	0.0	0.0	0.0
-9.786	2.9933116999999996	1.8027352	0.082863346	2.38459886	0.0	0.0	0.0	0.0	0.0
-9.760	3.5296324	1.6517574	0.09659508000000001	2.5960497	0.0	0.0	0.0	0.0	0.0
-9.734	3.87819	1.5771515	0.105548213	2.7439131	0.0	0.0	0.0	0.0	0.0
-9.708	3.8312656	1.4601826	0.10404085799999997	2.6660480799999995	0.0	0.0	0.0	0.0	0.0
-9.682	3.3471104999999994	1.2413458	0.09081660000000001	2.3139459	0.0	0.0	0.0	0.0	0.0
-9.656	2.5683491	0.9422744	0.069664772	1.7707710669999999	0.0	0.0	0.0	0.0	0.0
-9.630	1.7265287	0.63069338	0.04682000500000001	1.189036192	0.0	0.0	0.0	0.0	0.0
-9.604	1.0154184	0.37034893	0.027536086000000005	0.6990383622	0.0	0.0	0.0	0.0	0.0
-9.578	0.52241963	0.19042885	0.0141652051	0.35958827930000004	0.0	0.0	0.0	0.0	0.0
-9.552	0.23500647999999996	0.08563146999999999	0.0063725563	0.16175288960000003	0.0	0.0	0.0	0.0	0.0
-9.525	0.092454948	0.033685947	0.0025068457	0.06363131964	0.0	0.0	0.0	0.0	0.0
-9.499	0.031820141999999996	0.011600139	0.00086294189	0.02190955344	0.0	0.0	0.0	0.0	0.0
-9.473	0.009689906200000003	0.0035765956000000003	0.00026363936	0.006708526617	0.0	0.0	0.0	0.0	0.0
-9.447	0.0031328233	0.0013664193000000001	8.920795099999998e-05	0.0023424601939999994	0.0	0.0	0.0	0.0	0.0
-9.421	0.0031929855999999995	0.0021153590000000002	0.000104619013	0.0029836166840000004	0.0	0.0	0.0	0.0	0.0
-9.395	0.009780542000000001	0.007080721999999999	0.00033185193300000004	0.009635871569999998	0.0	0.0	0.0	0.0	0.0
-9.369	0.031238306100000002	0.022748210999999997	0.0010625191410000004	0.030894843919999995	0.0	0.0	0.0	0.0	0.0
-9.343	0.08821056113999999	0.06424334799999999	0.002999864889	0.0872221032	0.0	0.0	0.0	0.0	0.0
-9.317	0.21785648598300003	0.15867146	0.00740928019	0.21544549040000005	0.0	0.0	0.0	0.0	0.0
-9.291	0.4705198038090001	0.34267158	0.016003100220000004	0.46532783	0.0	0.0	0.0	0.0	0.0
-9.265	0.8884728755699999	0.6470678	0.03021889911	0.87858653	0.0	0.0	0.0	0.0	0.0
-9.239	1.46698320211	1.0685122	0.049897245	1.450838168	0.0	0.0	0.0	0.0	0.0
-9.213	2.1181801218899996	1.542642	0.07204400190000002	2.0948035320000002	0.0	0.0	0.0	0.0	0.0
-9.187	2.67417415891	1.9477683000000001	0.09095362570000001	2.644503815	0.0	0.0	0.0	0.0	0.0
-9.161	2.9521606764799997	2.1501559	0.10040832749999999	2.9199033070000007	0.0	0.0	0.0	0.0	0.0
-9.135	2.8498104653199996	2.0754406	0.0969276877	2.8179289149999995	0.0	0.0	0.0	0.0	0.0
-9.109	2.40538647808	1.751997	0.0818177326	2.37887885	0.0	0.0	0.0	0.0	0.0
-9.083	1.7753118437700002	1.2930197	0.0603884565	1.7557497759999998	0.0	0.0	0.0	0.0	0.0
-9.057	1.1457685105199997	0.8344428	0.038969350410000006	1.133049493	0.0	0.0	0.0	0.0	0.0
-9.031	0.6465671014459999	0.47092007999999996	0.02199075253	0.6395297710000001	0.0	0.0	0.0	0.0	0.0
-9.004	0.319108163728	0.23238354	0.0108514771	0.31557536859999996	0.0	0.0	0.0	0.0	0.0
-8.978	0.13766264387400004	0.10025948000000001	0.00468201162	0.136145477	0.0	0.0	0.0	0.0	0.0
-8.952	0.05192956897019999	0.037823827000000004	0.0017662478429999998	0.0513595659	0.0	0.0	0.0	0.0	0.0
-8.926	0.0171292969244	0.012476746	0.0005827515509999998	0.016941085590000002	0.0	0.0	0.0	0.0	0.0
-8.900	0.004939984941069999	0.0035984484000000003	0.00016900844799999998	0.00488510219	0.0	0.0	0.0	0.0	0.0
-8.874	0.00124742869737	0.0009073432999999999	4.9399394000000004e-05	0.0012319840400000003	0.0	0.0	0.0	0.0	0.0
-8.848	0.00028596666104000005	0.00020047090999999998	5.3067400000000006e-05	0.00027217144	0.0	0.0	0.0	0.0	0.0
-8.822	0.00011471894301999997	4.1090567999999995e-05	0.0002394884	5.5607765000000004e-05	0.0	0.0	0.0	0.0	0.0
-8.796	0.0003025886546699999	1.862004e-05	0.0011300074999999999	2.4382570000000004e-05	0.0	0.0	0.0	0.0	0.0
-8.770	0.0012214280727999998	5.1333249999999995e-05	0.004693415000000001	6.596632e-05	0.0	0.0	0.0	0.0	0.0
-8.744	0.004432595918899999	0.0001831241	0.017049769	0.0002350559	0.0	0.0	0.0	0.0	0.0
-8.718	0.014078136403000001	0.0005812552	0.05415042	0.0007461734000000001	0.0	0.0	0.0	0.0	0.0
-8.692	0.039099339183	0.0016140724	0.15038188	0.0020718679999999997	0.0	0.0	0.0	0.0	0.0
-8.666	0.09493151357	0.003919201	0.36514793	0.005030728	0.0	0.0	0.0	0.0	0.0
-8.640	0.20153651453999996	0.008320902000000002	0.7752422	0.010680329999999998	0.0	0.0	0.0	0.0	0.0
-8.614	0.37416291442000005	0.015445632999999999	1.4391602	0.019826810000000004	0.0	0.0	0.0	0.0	0.0
-8.588	0.6073426361400001	0.025072910000000004	2.3360683	0.03218439	0.0	0.0	0.0	0.0	0.0
-8.562	0.8619735334999999	0.03559098	3.3157455999999996	0.045681189999999997	0.0	0.0	0.0	0.0	0.0
-8.536	1.0698924873	0.04417065	4.1150141	0.056696960000000005	0.0	0.0	0.0	0.0	0.0
-8.510	1.1610846235	0.04793229	4.4660243	0.06153111	0.0	0.0	0.0	0.0	0.0
-8.483	1.1017104296	0.04549232	4.2379528	0.05838477	0.0	0.0	0.0	0.0	0.0
-8.457	0.9141617927	0.03776526	3.5166996999999998	0.04845726	0.0	0.0	0.0	0.0	0.0
-8.431	0.6633995844399999	0.02750286	2.5515955999999997	0.03518876	0.0	0.0	0.0	0.0	0.0
-8.405	0.4209825555199999	0.0179615	1.6189689	0.02248663	0.0	0.0	0.0	0.0	0.0
-8.379	0.23425994340000003	0.012255534	0.8980219	0.013204699999999998	0.0	0.0	0.0	0.0	0.0
-8.353	0.11635864350000001	0.014909080000000002	0.43570539999999996	0.00932988	0.0	0.0	0.0	0.0	0.0
-8.327	0.05881395100000001	0.03701358	0.18496680999999998	0.01425786	0.0	0.0	0.0	0.0	0.0
-8.301	0.050707972999999996	0.1057017	0.06914001	0.03737533	0.0	0.0	0.0	0.0	0.0
-8.275	0.094265585	0.27569621	0.02392945	0.10065955	0.0	0.0	0.0	0.0	0.0
-8.249	0.2117941299999999	0.6334344599999999	0.010573302	0.24568448	0.0	0.0	0.0	0.0	0.0
-8.223	0.44234849	1.2772953280000001	0.011106149999999999	0.53561013	0.0	0.0	0.0	0.0	0.0
-8.197	0.8256584600000002	2.26144603	0.019428360000000002	1.04347055	0.0	0.0	0.0	0.0	0.0
-8.171	1.373692	3.5201040399999997	0.03429701	1.8204491999999997	0.0	0.0	0.0	0.0	0.0
-8.145	2.041592100000001	4.82434842	0.055032059999999994	2.8469812999999995	0.0	0.0	0.0	0.0	0.0
-8.119	2.716979700000001	5.834934370000001	0.0791635	3.9913966	0.0	0.0	0.0	0.0	0.0
-8.093	3.2407276	6.2424814	0.10172260000000001	5.009625400000001	0.0	0.0	0.0	0.0	0.0
-8.067	3.4656162000000004	5.9248777	0.11638329999999997	5.6169086	0.0	0.0	0.0	0.0	0.0
-8.041	3.3183978000000005	5.0043496	0.11824277	5.6107423	0.0	0.0	0.0	0.0	0.0
-8.015	2.8394307999999993	3.7720012	0.10634826000000001	4.9777849000000005	0.0	0.0	0.0	0.0	0.0
-7.989	2.1649203	2.54367	0.08446562999999999	3.9106002999999996	0.0	0.0	0.0	0.0	0.0
-7.962	1.4664262	1.53726105	0.059103960000000004	2.7131583	0.0	0.0	0.0	0.0	0.0
-7.936	0.8797295000000003	0.8328378000000001	0.03636852	1.6589277000000002	0.0	0.0	0.0	0.0	0.0
-7.910	0.4663316600000001	0.40426690000000004	0.019654315000000002	0.8921417899999999	0.0	0.0	0.0	0.0	0.0
-7.884	0.21785411000000005	0.17548628	0.009317335	0.42141792999999994	0.0	0.0	0.0	0.0	0.0
-7.858	0.08952561	0.067960927	0.0038712427000000007	0.17461737	0.0	0.0	0.0	0.0	0.0
-7.832	0.03231964699999999	0.0234005753	0.0014087852999999997	0.06343072699999999	0.0	0.0	0.0	0.0	0.0
-7.806	0.010235271	0.0071438406	0.00044892608	0.02018187	0.0	0.0	0.0	0.0	0.0
-7.780	0.0028412616	0.00192860066	0.00012517278	0.005621658599999999	0.0	0.0	0.0	0.0	0.0
-7.754	0.0006909209000000001	0.000459179022	3.0540238999999996e-05	0.00137044262	0.0	0.0	0.0	0.0	0.0
-7.728	0.00014709763000000004	9.6210154e-05	6.5178016e-06	0.00029228147	0.0	0.0	0.0	0.0	0.0
-7.702	2.7406593999999993e-05	1.77184229e-05	1.2164411600000001e-06	5.4533955999999996e-05	0.0	0.0	0.0	0.0	0.0
-7.676	4.466816599999999e-06	2.8633103900000004e-06	1.9853418000000001e-07	8.8974144e-06	0.0	0.0	0.0	0.0	0.0
-7.650	6.369947599999998e-07	4.0562954100000004e-07	2.8334749999999998e-08	1.26940654e-06	0.0	0.0	0.0	0.0	0.0
-7.624	7.942739000000001e-08	5.0337961700000006e-08	3.5355268e-09	1.5837202999999999e-07	0.0	0.0	0.0	0.0	0.0
-7.598	8.659417000000002e-09	5.47030935e-09	3.8567167999999996e-10	1.72732127e-08	0.0	0.0	0.0	0.0	0.0
-7.572	8.255567000000002e-10	5.201459829999999e-10	3.6778847e-11	1.64707806e-09	0.0	0.0	0.0	0.0	0.0
-7.546	6.8794793e-11	4.326973139e-11	3.0658684e-12	1.3729608400000002e-10	0.0	0.0	0.0	0.0	0.0
-7.520	5.0129798e-12	3.14988757e-12	2.2339838499999997e-13	1.00035973e-11	0.0	0.0	0.0	0.0	0.0
-7.494	3.19311601e-13	1.9984806118999995e-13	1.42419209e-14	6.377205200000001e-13	0.0	0.0	0.0	0.0	0.0
-7.468	1.8988288949999997e-14	1.1883651638000002e-14	8.4675026e-16	3.7915232000000004e-14	0.0	0.0	0.0	0.0	0.0
-7.441	0.0	0.0	0.0	0.0	0.0	0.0	0.0	0.0	0.0
-7.415	0.0	0.0	0.0	0.0	0.0	0.0	0.0	0.0	0.0
-7.389	0.0	0.0	0.0	0.0	0.0	0.0	0.0	0.0	0.0
-7.363	0.0	0.0	0.0	0.0	0.0	0.0	0.0	0.0	0.0
-7.337	0.0	0.0	0.0	0.0	0.0	0.0	0.0	0.0	0.0
-7.311	0.0	0.0	0.0	0.0	0.0	0.0	0.0	0.0	0.0
-7.285	0.0	0.0	0.0	0.0	0.0	0.0	0.0	0.0	0.0
-7.259	0.0	0.0	0.0	0.0	0.0	0.0	0.0	0.0	0.0
-7.233	0.0	0.0	0.0	0.0	0.0	0.0	0.0	0.0	0.0
-7.207	0.0	0.0	0.0	0.0	0.0	0.0	0.0	0.0	0.0
-7.181	0.0	0.0	0.0	0.0	0.0	0.0	0.0	0.0	0.0
-7.155	0.0	0.0	0.0	0.0	0.0	0.0	0.0	0.0	0.0
-7.129	0.0	0.0	0.0	0.0	0.0	0.0	0.0	0.0	0.0
-7.103	0.0	0.0	0.0	0.0	0.0	0.0	0.0	0.0	0.0
-7.077	0.0	0.0	0.0	0.0	0.0	0.0	0.0	0.0	0.0
-7.051	0.0	0.0	0.0	0.0	0.0	0.0	0.0	0.0	0.0
-7.025	0.0	0.0	0.0	0.0	0.0	0.0	0.0	0.0	0.0
-6.999	0.0	0.0	0.0	0.0	0.0	0.0	0.0	0.0	0.0
-6.973	0.0	0.0	0.0	0.0	0.0	0.0	0.0	0.0	0.0
-6.947	0.0	0.0	0.0	0.0	0.0	0.0	0.0	0.0	0.0
-6.920	0.0	0.0	0.0	0.0	0.0	0.0	0.0	0.0	0.0
-6.894	0.0	0.0	0.0	0.0	0.0	0.0	0.0	0.0	0.0
-6.868	0.0	0.0	0.0	0.0	0.0	0.0	0.0	0.0	0.0
-6.842	0.0	0.0	0.0	0.0	0.0	0.0	0.0	0.0	0.0
-6.816	0.0	0.0	0.0	0.0	0.0	0.0	0.0	0.0	0.0
-6.790	0.0	0.0	0.0	0.0	0.0	0.0	0.0	0.0	0.0
-6.764	0.0	0.0	0.0	0.0	0.0	0.0	0.0	0.0	0.0
-6.738	0.0	0.0	0.0	0.0	0.0	0.0	0.0	0.0	0.0
-6.712	0.0	0.0	0.0	0.0	0.0	0.0	0.0	0.0	0.0
-6.686	0.0	0.0	0.0	0.0	0.0	0.0	0.0	0.0	0.0
-6.660	1.75793324075e-16	2.5614275e-17	3.81318538e-15	4.3169965e-17	0.0	0.0	0.0	0.0	0.0
-6.634	3.6038224039999995e-15	5.251833e-16	7.8168781e-14	8.8489362e-16	0.0	0.0	0.0	0.0	0.0
-6.608	6.204911195699998e-14	9.0423561e-15	1.34606971e-12	1.5237072000000003e-14	0.0	0.0	0.0	0.0	0.0
-6.582	9.4525708926e-13	1.3771707e-13	2.05010322e-11	2.3207508999999997e-13	0.0	0.0	0.0	0.0	0.0
-6.556	1.2571734792699998e-11	1.8319597e-12	2.72744311e-10	3.0872224e-12	0.0	0.0	0.0	0.0	0.0
-6.530	1.4617100452999993e-10	2.130026e-11	3.1710639899999998e-09	3.5894200000000006e-11	0.0	0.0	0.0	0.0	0.0
-6.504	1.4856939386600001e-09	2.1648050999999996e-10	3.22257695e-08	3.6480844e-10	0.0	0.0	0.0	0.0	0.0
-6.478	1.32001923202e-08	1.9231523e-09	2.86343043e-07	3.2406789e-09	0.0	0.0	0.0	0.0	0.0
-6.452	1.0252083331999998e-07	1.49355387e-08	2.2233913099999998e-06	2.5172076999999997e-08	0.0	0.0	0.0	0.0	0.0
-6.425	6.959884461199999e-07	1.01402037e-07	1.50964791e-05	1.7089151e-07	0.0	0.0	0.0	0.0	0.0
-6.399	4.130789486799999e-06	6.0182332e-07	8.9588779e-05	1.01425972e-06	0.0	0.0	0.0	0.0	0.0
-6.373	2.1434255794099998e-05	3.1232170999999998e-06	0.00046485932	5.2625735e-06	0.0	0.0	0.0	0.0	0.0
-6.347	9.723795951100001e-05	1.41677813e-05	0.0021090298000000004	2.3874489e-05	0.0	0.0	0.0	0.0	0.0
-6.321	0.0003856223664600001	5.6182836e-05	0.0083647275	9.468697700000001e-05	0.0	0.0	0.0	0.0	0.0
-6.295	0.00133722472213	0.00019484207999999998	0.0290082418	0.00032840031	0.0	0.0	0.0	0.0	0.0
-6.269	0.0040542839567	0.00059075183	0.08793806	0.0009955607100000001	0.0	0.0	0.0	0.0	0.0
-6.243	0.010746994247000001	0.00156598831	0.233104436	0.0026389488	0.0	0.0	0.0	0.0	0.0
-6.217	0.024910661792799996	0.0036288872	0.54035048	0.0061167154	0.0	0.0	0.0	0.0	0.0
-6.191	0.050481259400000006	0.0073565314	1.09505484	0.0123956891	0.0	0.0	0.0	0.0	0.0
-6.165	0.089455482434	0.0130351018	1.94058826	0.021967127	0.0	0.0	0.0	0.0	0.0
-6.139	0.13863097565799998	0.020199691999999998	3.00655871	0.034033781000000006	0.0	0.0	0.0	0.0	0.0
-6.113	0.187837176281	0.027369473	4.07434951	0.046120007	0.0	0.0	0.0	0.0	0.0
-6.087	0.22255022563999996	0.03242674499999999	4.8277275799999995	0.05463570799999999	0.0	0.0	0.0	0.0	0.0
-6.061	0.230616856659	0.033596138000000005	5.0019347	0.056622425000000004	0.0	0.0	0.0	0.0	0.0
-6.035	0.209120471567	0.030448641	4.532059240000001	0.051305118999999996	0.0	0.0	0.0	0.0	0.0
-6.009	0.16655090775000003	0.02418096	3.5983924099999993	0.04074815	0.0	0.0	0.0	0.0	0.0
-5.983	0.11835207113	0.016957945	2.5195669900000004	0.028582990000000003	0.0	0.0	0.0	0.0	0.0
-5.957	0.08058765846	0.010888301	1.60739443	0.018371721	0.0	0.0	0.0	0.0	0.0
-5.931	0.06582669019000002	0.007373075	1.06246168	0.012485906000000001	0.0	0.0	0.0	0.0	0.0
-5.904	0.08307940469499998	0.0070645149999999995	0.9718343299999999	0.012042250000000001	0.0	0.0	0.0	0.0	0.0
-5.878	0.138136726066	0.010115284	1.3466079	0.017313329000000002	0.0	0.0	0.0	0.0	0.0
-5.852	0.230435910204	0.016180683999999997	2.1326988	0.027735444	0.0	0.0	0.0	0.0	0.0
-5.826	0.34707160392999997	0.0241472127	3.17520382	0.041408328099999996	0.0	0.0	0.0	0.0	0.0
-5.800	0.460144172184	0.031956598600000004	4.20028511	0.0547860999	0.0	0.0	0.0	0.0	0.0
-5.774	0.53421080896	0.03708383473	4.87337317	0.0635925944	0.0	0.0	0.0	0.0	0.0
-5.748	0.542592441166	0.03765555008	4.9483748924	0.06456057519000001	0.0	0.0	0.0	0.0	0.0
-5.722	0.481688788231	0.03343487068	4.394100782499999	0.057337861162	0.0	0.0	0.0	0.0	0.0
-5.696	0.37407856852999993	0.025961043	3.41186104262	0.044512363104	0.0	0.0	0.0	0.0	0.0
-5.670	0.253954397497	0.017627179324	2.3165555983	0.030224684371	0.0	0.0	0.0	0.0	0.0
-5.644	0.15077861625119995	0.010464197666999998	1.375163788243	0.017944565909	0.0	0.0	0.0	0.0	0.0
-5.618	0.07826797706400002	0.005432547580999999	0.713915451999	0.0093145292952	0.0	0.0	0.0	0.0	0.0
-5.592	0.035528113353200004	0.002465735217	0.32404475143350003	0.0042275350136	0.0	0.0	0.0	0.0	0.0
-5.566	0.014099146846770001	0.0009786717829	0.1286051933904	0.0016780707925000001	0.0	0.0	0.0	0.0	0.0
-5.540	0.0048926336770500015	0.0003395944876	0.0446256208073	0.00058229721605	0.0	0.0	0.0	0.0	0.0
-5.514	0.0014843563935739998	0.00010302325785	0.01354021998587	0.00017668869685	0.0	0.0	0.0	0.0	0.0
-5.488	0.0003938050741610001	2.7333119490000005e-05	0.0035921049448700004	4.6869513343e-05	0.0	0.0	0.0	0.0	0.0
-5.462	9.13278753858e-05	6.338633728e-06	0.000833178308944	1.08708527189e-05	0.0	0.0	0.0	0.0	0.0
-5.436	1.8518084426329996e-05	1.2854706943e-06	0.0001689116619614	2.2042673078e-06	0.0	0.0	0.0	0.0	0.0
-5.410	3.28303074427e-06	2.2787332049999996e-07	2.99468767138e-05	3.9073564119999997e-07	0.0	0.0	0.0	0.0	0.0
-5.383	5.087568540159999e-07	3.531345643000001e-08	4.64045505039e-06	6.0551125461e-08	0.0	0.0	0.0	0.0	0.0
-5.357	6.892516426759999e-08	4.783485561000001e-09	6.28733282984e-07	8.2043167801e-09	0.0	0.0	0.0	0.0	0.0
-5.331	8.163143546570002e-09	5.666964896000001e-10	7.447129441679999e-08	9.7153261515e-10	0.0	0.0	0.0	0.0	0.0
-5.305	8.452005580000002e-10	5.866038895000001e-11	7.70946009364e-09	1.00587677345e-10	0.0	0.0	0.0	0.0	0.0
-5.279	7.648024166969998e-11	5.30834602e-12	6.976629390829999e-10	9.103389570399999e-12	0.0	0.0	0.0	0.0	0.0
-5.253	6.050132062140001e-12	4.1990502719999996e-13	5.51842449227e-11	7.2011442328e-13	0.0	0.0	0.0	0.0	0.0
-5.227	4.182779444749999e-13	2.903416333e-14	3.8153422589e-12	4.9784362038000005e-14	0.0	0.0	0.0	0.0	0.0
-5.201	2.4973207522200004e-14	1.7334937853999998e-15	2.2780000841420004e-13	2.9722831192999996e-15	0.0	0.0	0.0	0.0	0.0
-5.175	1.6649491579830001e-15	1.1555566902999998e-16	1.5186395564919998e-14	1.9815067728999998e-16	0.0	0.0	0.0	0.0	0.0
-5.149	0.0	0.0	0.0	0.0	0.0	0.0	0.0	0.0	0.0
-5.123	0.0	0.0	0.0	0.0	0.0	0.0	0.0	0.0	0.0
-5.097	0.0	0.0	0.0	0.0	0.0	0.0	0.0	0.0	0.0
-5.071	0.0	0.0	0.0	0.0	0.0	0.0	0.0	0.0	0.0
-5.045	0.0	0.0	0.0	0.0	0.0	0.0	0.0	0.0	0.0
-5.019	0.0	0.0	0.0	0.0	0.0	0.0	0.0	0.0	0.0
-4.993	0.0	0.0	0.0	0.0	0.0	0.0	0.0	0.0	0.0
-4.967	0.0	0.0	0.0	0.0	0.0	0.0	0.0	0.0	0.0
-4.941	0.0	0.0	0.0	0.0	0.0	0.0	0.0	0.0	0.0
-4.915	0.0	0.0	0.0	0.0	0.0	0.0	0.0	0.0	0.0
-4.889	0.0	0.0	0.0	0.0	0.0	0.0	0.0	0.0	0.0
-4.862	0.0	0.0	0.0	0.0	0.0	0.0	0.0	0.0	0.0
-4.836	0.0	0.0	0.0	0.0	0.0	0.0	0.0	0.0	0.0
-4.810	0.0	0.0	0.0	0.0	0.0	0.0	0.0	0.0	0.0
-4.784	0.0	0.0	0.0	0.0	0.0	0.0	0.0	0.0	0.0
-4.758	0.0	0.0	0.0	0.0	0.0	0.0	0.0	0.0	0.0
-4.732	0.0	0.0	0.0	0.0	0.0	0.0	0.0	0.0	0.0
-4.706	0.0	0.0	0.0	0.0	0.0	0.0	0.0	0.0	0.0
-4.680	0.0	0.0	0.0	0.0	0.0	0.0	0.0	0.0	0.0
-4.654	0.0	0.0	0.0	0.0	0.0	0.0	0.0	0.0	0.0
-4.628	0.0	0.0	0.0	0.0	0.0	0.0	0.0	0.0	0.0
-4.602	0.0	0.0	0.0	0.0	0.0	0.0	0.0	0.0	0.0
-4.576	0.0	0.0	0.0	0.0	0.0	0.0	0.0	0.0	0.0
-4.550	0.0	0.0	0.0	0.0	0.0	0.0	0.0	0.0	0.0
-4.524	0.0	0.0	0.0	0.0	0.0	0.0	0.0	0.0	0.0
-4.498	0.0	0.0	0.0	0.0	0.0	0.0	0.0	0.0	0.0
-4.472	0.0	0.0	0.0	0.0	0.0	0.0	0.0	0.0	0.0
-4.446	0.0	0.0	0.0	0.0	0.0	0.0	0.0	0.0	0.0
-4.420	0.0	0.0	0.0	0.0	0.0	0.0	0.0	0.0	0.0
-4.394	0.0	0.0	0.0	0.0	0.0	0.0	0.0	0.0	0.0
-4.368	0.0	0.0	0.0	0.0	0.0	0.0	0.0	0.0	0.0
-4.341	0.0	0.0	0.0	0.0	0.0	0.0	0.0	0.0	0.0
-4.315	0.0	0.0	0.0	0.0	0.0	0.0	0.0	0.0	0.0
-4.289	0.0	0.0	0.0	0.0	0.0	0.0	0.0	0.0	0.0
-4.263	0.0	0.0	0.0	0.0	0.0	0.0	0.0	0.0	0.0
-4.237	0.0	0.0	0.0	0.0	0.0	0.0	0.0	0.0	0.0
-4.211	0.0	0.0	0.0	0.0	0.0	0.0	0.0	0.0	0.0
-4.185	0.0	0.0	0.0	0.0	0.0	0.0	0.0	0.0	0.0
-4.159	0.0	0.0	0.0	0.0	0.0	0.0	0.0	0.0	0.0
-4.133	0.0	0.0	0.0	0.0	0.0	0.0	0.0	0.0	0.0
-4.107	0.0	0.0	0.0	0.0	0.0	0.0	0.0	0.0	0.0
-4.081	0.0	0.0	0.0	0.0	0.0	0.0	0.0	0.0	0.0
-4.055	0.0	0.0	0.0	0.0	0.0	0.0	0.0	0.0	0.0
-4.029	0.0	0.0	0.0	0.0	0.0	0.0	0.0	0.0	0.0
-4.003	0.0	0.0	0.0	0.0	0.0	0.0	0.0	0.0	0.0
-3.977	0.0	0.0	0.0	0.0	0.0	0.0	0.0	0.0	0.0
-3.951	0.0	0.0	0.0	0.0	0.0	0.0	0.0	0.0	0.0
-3.925	0.0	0.0	0.0	0.0	0.0	0.0	0.0	0.0	0.0
-3.899	0.0	0.0	0.0	0.0	0.0	0.0	0.0	0.0	0.0
-3.873	0.0	0.0	0.0	0.0	0.0	0.0	0.0	0.0	0.0
-3.847	0.0	0.0	0.0	0.0	0.0	0.0	0.0	0.0	0.0
-3.820	0.0	0.0	0.0	0.0	0.0	0.0	0.0	0.0	0.0
-3.794	0.0	0.0	0.0	0.0	0.0	0.0	0.0	0.0	0.0
-3.768	0.0	0.0	0.0	0.0	0.0	0.0	0.0	0.0	0.0
-3.742	0.0	0.0	0.0	0.0	0.0	0.0	0.0	0.0	0.0
-3.716	0.0	0.0	0.0	0.0	0.0	0.0	0.0	0.0	0.0
-3.690	0.0	0.0	0.0	0.0	0.0	0.0	0.0	0.0	0.0
-3.664	0.0	0.0	0.0	0.0	0.0	0.0	0.0	0.0	0.0
-3.638	0.0	0.0	0.0	0.0	0.0	0.0	0.0	0.0	0.0
-3.612	0.0	0.0	0.0	0.0	0.0	0.0	0.0	0.0	0.0
-3.586	0.0	0.0	0.0	0.0	0.0	0.0	0.0	0.0	0.0
-3.560	0.0	0.0	0.0	0.0	0.0	0.0	0.0	0.0	0.0
-3.534	0.0	0.0	0.0	0.0	0.0	0.0	0.0	0.0	0.0
-3.508	0.0	0.0	0.0	0.0	0.0	0.0	0.0	0.0	0.0
-3.482	0.0	0.0	0.0	0.0	0.0	0.0	0.0	0.0	0.0
-3.456	0.0	0.0	0.0	0.0	0.0	0.0	0.0	0.0	0.0
-3.430	0.0	0.0	0.0	0.0	0.0	0.0	0.0	0.0	0.0
-3.404	0.0	0.0	0.0	0.0	0.0	0.0	0.0	0.0	0.0
-3.378	0.0	0.0	0.0	0.0	0.0	0.0	0.0	0.0	0.0
-3.352	0.0	0.0	0.0	0.0	0.0	0.0	0.0	0.0	0.0
-3.326	0.0	0.0	0.0	0.0	0.0	0.0	0.0	0.0	0.0
-3.299	0.0	0.0	0.0	0.0	0.0	0.0	0.0	0.0	0.0
-3.273	0.0	0.0	0.0	0.0	0.0	0.0	0.0	0.0	0.0
-3.247	0.0	0.0	0.0	0.0	0.0	0.0	0.0	0.0	0.0
-3.221	0.0	0.0	0.0	0.0	0.0	0.0	0.0	0.0	0.0
-3.195	0.0	0.0	0.0	0.0	0.0	0.0	0.0	0.0	0.0
-3.169	0.0	0.0	0.0	0.0	0.0	0.0	0.0	0.0	0.0
-3.143	0.0	0.0	0.0	0.0	0.0	0.0	0.0	0.0	0.0
-3.117	0.0	0.0	0.0	0.0	0.0	0.0	0.0	0.0	0.0
-3.091	0.0	0.0	0.0	0.0	0.0	0.0	0.0	0.0	0.0
-3.065	0.0	0.0	0.0	0.0	0.0	0.0	0.0	0.0	0.0
-3.039	0.0	0.0	0.0	0.0	0.0	0.0	0.0	0.0	0.0
-3.013	0.0	0.0	0.0	0.0	0.0	0.0	0.0	0.0	0.0
-2.987	0.0	0.0	0.0	0.0	0.0	0.0	0.0	0.0	0.0
-2.961	0.0	0.0	0.0	0.0	0.0	0.0	0.0	0.0	0.0
-2.935	0.0	0.0	0.0	0.0	0.0	0.0	0.0	0.0	0.0
-2.909	0.0	0.0	0.0	0.0	0.0	0.0	0.0	0.0	0.0
-2.883	0.0	0.0	0.0	0.0	0.0	0.0	0.0	0.0	0.0
-2.857	0.0	0.0	0.0	0.0	0.0	0.0	0.0	0.0	0.0
-2.831	0.0	0.0	0.0	0.0	0.0	0.0	0.0	0.0	0.0
-2.805	0.0	0.0	0.0	0.0	0.0	0.0	0.0	0.0	0.0
-2.778	0.0	0.0	0.0	0.0	0.0	0.0	0.0	0.0	0.0
-2.752	0.0	0.0	0.0	0.0	0.0	0.0	0.0	0.0	0.0
-2.726	0.0	0.0	0.0	0.0	0.0	0.0	0.0	0.0	0.0
-2.700	0.0	0.0	0.0	0.0	0.0	0.0	0.0	0.0	0.0
-2.674	0.0	0.0	0.0	0.0	0.0	0.0	0.0	0.0	0.0
-2.648	0.0	0.0	0.0	0.0	0.0	0.0	0.0	0.0	0.0
-2.622	0.0	0.0	0.0	0.0	0.0	0.0	0.0	0.0	0.0
-2.596	0.0	0.0	0.0	0.0	0.0	0.0	0.0	0.0	0.0
-2.570	0.0	0.0	0.0	0.0	0.0	0.0	0.0	0.0	0.0
-2.544	0.0	0.0	0.0	0.0	0.0	0.0	0.0	0.0	0.0
-2.518	0.0	0.0	0.0	0.0	0.0	0.0	0.0	0.0	0.0
-2.492	0.0	0.0	0.0	0.0	0.0	0.0	0.0	0.0	0.0
-2.466	0.0	0.0	0.0	0.0	0.0	0.0	0.0	0.0	0.0
-2.440	0.0	0.0	0.0	0.0	0.0	0.0	0.0	0.0	0.0
-2.414	0.0	0.0	0.0	0.0	0.0	0.0	0.0	0.0	0.0
-2.388	0.0	0.0	0.0	0.0	0.0	0.0	0.0	0.0	0.0
-2.362	0.0	0.0	0.0	0.0	0.0	0.0	0.0	0.0	0.0
-2.336	0.0	0.0	0.0	0.0	0.0	0.0	0.0	0.0	0.0
-2.310	0.0	0.0	0.0	0.0	0.0	0.0	0.0	0.0	0.0
-2.283	0.0	0.0	0.0	0.0	0.0	0.0	0.0	0.0	0.0
-2.257	0.0	0.0	0.0	0.0	0.0	0.0	0.0	0.0	0.0
-2.231	0.0	0.0	0.0	0.0	0.0	0.0	0.0	0.0	0.0
-2.205	0.0	0.0	0.0	0.0	0.0	0.0	0.0	0.0	0.0
-2.179	0.0	0.0	0.0	0.0	0.0	0.0	0.0	0.0	0.0
-2.153	0.0	0.0	0.0	0.0	0.0	0.0	0.0	0.0	0.0
-2.127	0.0	0.0	0.0	0.0	0.0	0.0	0.0	0.0	0.0
-2.101	0.0	0.0	0.0	0.0	0.0	0.0	0.0	0.0	0.0
-2.075	0.0	0.0	0.0	0.0	0.0	0.0	0.0	0.0	0.0
-2.049	0.0	0.0	0.0	0.0	0.0	0.0	0.0	0.0	0.0
-2.023	0.0	0.0	0.0	0.0	0.0	0.0	0.0	0.0	0.0
-1.997	0.0	0.0	0.0	0.0	0.0	0.0	0.0	0.0	0.0
-1.971	0.0	0.0	0.0	0.0	0.0	0.0	0.0	0.0	0.0
-1.945	0.0	0.0	0.0	0.0	0.0	0.0	0.0	0.0	0.0
-1.919	0.0	0.0	0.0	0.0	0.0	0.0	0.0	0.0	0.0
-1.893	0.0	0.0	0.0	0.0	0.0	0.0	0.0	0.0	0.0
-1.867	0.0	0.0	0.0	0.0	0.0	0.0	0.0	0.0	0.0
-1.841	0.0	0.0	0.0	0.0	0.0	0.0	0.0	0.0	0.0
-1.815	0.0	0.0	0.0	0.0	0.0	0.0	0.0	0.0	0.0
-1.789	0.0	0.0	0.0	0.0	0.0	0.0	0.0	0.0	0.0
-1.762	0.0	0.0	0.0	0.0	0.0	0.0	0.0	0.0	0.0
-1.736	0.0	0.0	0.0	0.0	0.0	0.0	0.0	0.0	0.0
-1.710	0.0	0.0	0.0	0.0	0.0	0.0	0.0	0.0	0.0
-1.684	0.0	0.0	0.0	0.0	0.0	0.0	0.0	0.0	0.0
-1.658	0.0	0.0	0.0	0.0	0.0	0.0	0.0	0.0	0.0
-1.632	0.0	0.0	0.0	0.0	0.0	0.0	0.0	0.0	0.0
-1.606	0.0	0.0	0.0	0.0	0.0	0.0	0.0	0.0	0.0
-1.580	0.0	0.0	0.0	0.0	0.0	0.0	0.0	0.0	0.0
-1.554	0.0	0.0	0.0	0.0	0.0	0.0	0.0	0.0	0.0
-1.528	0.0	0.0	0.0	0.0	0.0	0.0	0.0	0.0	0.0
-1.502	0.0	0.0	0.0	0.0	0.0	0.0	0.0	0.0	0.0
-1.476	0.0	0.0	0.0	0.0	0.0	0.0	0.0	0.0	0.0
-1.450	0.0	0.0	0.0	0.0	0.0	0.0	0.0	0.0	0.0
-1.424	0.0	0.0	0.0	0.0	0.0	0.0	0.0	0.0	0.0
-1.398	0.0	0.0	0.0	0.0	0.0	0.0	0.0	0.0	0.0
-1.372	0.0	0.0	0.0	0.0	0.0	0.0	0.0	0.0	0.0
-1.346	0.0	0.0	0.0	0.0	0.0	0.0	0.0	0.0	0.0
-1.320	0.0	0.0	0.0	0.0	0.0	0.0	0.0	0.0	0.0
-1.294	3.7434115446190005e-16	3.8317756799999995e-17	5.135640084400001e-15	5.729034899e-17	0.0	0.0	0.0	0.0	0.0
-1.268	6.98660618602e-15	7.15231575e-16	9.585931929000001e-14	1.0693355616e-15	0.0	0.0	0.0	0.0	0.0
-1.241	1.2003082070240003e-13	1.2286846900000002e-14	1.6467022790000002e-12	1.8371750780000002e-14	0.0	0.0	0.0	0.0	0.0
-1.215	1.7998055613850004e-12	1.8423019e-13	2.4691423313e-11	2.754725915e-13	0.0	0.0	0.0	0.0	0.0
-1.189	2.358494081112e-11	2.41446861e-12	3.235766394e-10	3.610015593e-12	0.0	0.0	0.0	0.0	0.0
-1.163	2.7015231548719994e-10	2.7658680400000002e-11	3.706923972e-09	4.13457248e-11	0.0	0.0	0.0	0.0	0.0
-1.137	2.7051571325670004e-09	2.76954521e-10	3.711314612e-08	4.1412318620000005e-10	0.0	0.0	0.0	0.0	0.0
-1.111	2.3677668853529993e-08	2.42429351e-09	3.2488837110000003e-07	3.6248206799999996e-09	0.0	0.0	0.0	0.0	0.0
-1.085	1.8117014232740003e-07	1.8550415600000004e-08	2.486124027e-06	2.7737312800000003e-08	0.0	0.0	0.0	0.0	0.0
-1.059	1.2118998809970001e-06	1.24107203e-07	1.6632207073000002e-05	1.85582638e-07	0.0	0.0	0.0	0.0	0.0
-1.033	7.08638795133e-06	7.2590303e-07	9.728450278000002e-05	1.08540527e-06	0.0	0.0	0.0	0.0	0.0
-1.007	3.62271828403e-05	3.7127155300000003e-06	0.000497491372	5.552414360000001e-06	0.0	0.0	0.0	0.0	0.0
-0.981	0.00016194442569190004	1.66069459e-05	0.002225799802	2.48417827e-05	0.0	0.0	0.0	0.0	0.0
-0.955	0.000632869298915	6.4987741e-05	0.008709636658000001	9.7225325e-05	0.0	0.0	0.0	0.0	0.0
-0.929	0.00216357155999	0.000222490402	0.029822320979999997	0.00033305039	0.0	0.0	0.0	0.0	0.0
-0.903	0.006467971837900001	0.0006670430799999999	0.08941880645	0.00099932502	0.0	0.0	0.0	0.0	0.0
-0.877	0.0169122887944	0.0017525172799999996	0.2349637252	0.0026284621000000003	0.0	0.0	0.0	0.0	0.0
-0.851	0.038699647401	0.004040837299999999	0.5418712416	0.006071825	0.0	0.0	0.0	0.0	0.0
-0.825	0.07754381880099999	0.008195551499999999	1.0994798469999998	0.012356103	0.0	0.0	0.0	0.0	0.0
-0.799	0.13613855868000005	0.014674492099999999	1.970002296	0.022232594	0.0	0.0	0.0	0.0	0.0
-0.773	0.20969446785	0.023316761499999998	3.1331636320000005	0.035591493	0.0	0.0	0.0	0.0	0.0
-0.747	0.284046122	0.03312386800000001	4.4586106800000005	0.051131161999999994	0.0	0.0	0.0	0.0	0.0
-0.720	0.3394219573	0.042490952	5.730154229999999	0.066589083	0.0	0.0	0.0	0.0	0.0
-0.694	0.3596102154	0.049771473	6.729878740000001	0.079551458	0.0	0.0	0.0	0.0	0.0
-0.668	0.3402124396000001	0.053786841	7.29714835	0.08792161300000001	0.0	0.0	0.0	0.0	0.0
-0.642	0.29015754489999995	0.053963434	7.34359048	0.090278438	0.0	0.0	0.0	0.0	0.0
-0.616	0.22558428679999995	0.05022995	6.85650536	0.0858595	0.0	0.0	0.0	0.0	0.0
-0.590	0.1615900408	0.043094693	5.89735239	0.074940628	0.0	0.0	0.0	0.0	0.0
-0.564	0.10738173399999999	0.033704138999999994	4.62115148	0.059385871	0.0	0.0	0.0	0.0	0.0
-0.538	0.06625595199999999	0.023769777	3.2636814899999997	0.042267992	0.0	0.0	0.0	0.0	0.0
-0.512	0.03772234825	0.014972118	2.0576490200000004	0.026783052	0.0	0.0	0.0	0.0	0.0
-0.486	0.019615138329999997	0.0083611901	1.1499408999999998	0.0150173406	0.0	0.0	0.0	0.0	0.0
-0.460	0.009211998310000002	0.0041196244	0.5668442819999999	0.007418919600000001	0.0	0.0	0.0	0.0	0.0
-0.434	0.0038681120170000003	0.0017850769	0.24565123300000002	0.0032191586999999995	0.0	0.0	0.0	0.0	0.0
-0.408	0.001441876487	0.0006787600799999999	0.09341281500000001	0.00122499994	0.0	0.0	0.0	0.0	0.0
-0.382	0.00047445913800000004	0.00022611459	0.0311147113	0.00040829260999999993	0.0	0.0	0.0	0.0	0.0
-0.356	0.00013739326750000002	6.5980106e-05	0.0090772878	0.000119177181	0.0	0.0	0.0	0.0	0.0
-0.330	3.539100084e-05	1.7063848e-05	0.00231650126	3.0639196000000005e-05	0.0	0.0	0.0	0.0	0.0
-0.304	1.069071449e-05	5.0989139e-06	0.0005175089000000001	8.09803e-06	0.0	0.0	0.0	0.0	0.0
-0.278	1.615391622e-05	7.4438549999999985e-06	0.00010269628000000001	7.869091999999999e-06	0.0	0.0	0.0	0.0	0.0
-0.252	6.42505741e-05	2.9458655000000003e-05	2.4837770000000003e-05	2.8825745e-05	0.0	0.0	0.0	0.0	0.0
-0.226	0.00024462036	0.00011211697599999998	3.163531e-05	0.00010933311	0.0	0.0	0.0	0.0	0.0
-0.199	0.000817304034	0.00037457515299999997	9.744082e-05	0.00036521188999999996	0.0	0.0	0.0	0.0	0.0
-0.173	0.002387466483	0.0010942658800000003	0.00028374175	0.0010670020999999999	0.0	0.0	0.0	0.0	0.0
-0.147	0.006098525160000001	0.0027952458100000007	0.0007246360600000002	0.0027253446	0.0	0.0	0.0	0.0	0.0
-0.121	0.01361982044	0.006242994739999999	0.0016185611000000002	0.006086587	0.0	0.0	0.0	0.0	0.0
-0.095	0.0265999146	0.0121919693	0.003160891	0.011887568999999999	0.0	0.0	0.0	0.0	0.0
-0.069	0.04542363520000001	0.0208205915	0.005398092299999999	0.020299821	0.0	0.0	0.0	0.0	0.0
-0.043	0.0678297272	0.0310867744	0.008059582000000001	0.030315052000000002	0.0	0.0	0.0	0.0	0.0
-0.017	0.08859573770000002	0.04060351000000001	0.010527353	0.039598527999999994	0.0	0.0	0.0	0.0	0.0
0.009	0.10128624700000001	0.0464204177	0.012037738999999999	0.045277558	0.0	0.0	0.0	0.0	0.0
0.035	0.101569321	0.046559887999999994	0.012074847000000003	0.045456335000000014	0.0	0.0	0.0	0.0	0.0
0.061	0.09006737	0.04130444000000001	0.010715276000000001	0.040424558000000006	0.0	0.0	0.0	0.0	0.0
0.087	0.07238257	0.033238978	0.008637856999999999	0.032830823	0.0	0.0	0.0	0.0	0.0
0.113	0.05657712000000001	0.026117234999999996	0.006821638	0.026469698	0.0	0.0	0.0	0.0	0.0
0.139	0.04956229000000001	0.02312198	0.0061068170000000005	0.024661780000000005	0.0	0.0	0.0	0.0	0.0
0.165	0.05425173	0.025650919999999997	0.006867242	0.028904400000000004	0.0	0.0	0.0	0.0	0.0
0.191	0.068610189	0.03276409	0.008860129	0.038219809	0.0	0.0	0.0	0.0	0.0
0.217	0.08641666099999999	0.04154605	0.011304873	0.04933944999999999	0.0	0.0	0.0	0.0	0.0
0.243	0.099653402	0.048144900000000004	0.013163415000000001	0.05784562	0.0	0.0	0.0	0.0	0.0
0.269	0.102052916	0.04953115000000002	0.013599587999999998	0.06005688000000001	0.0	0.0	0.0	0.0	0.0
0.295	0.09195282	0.04482705	0.012357537	0.05481265999999999	0.0	0.0	0.0	0.0	0.0
0.322	0.072725069	0.035634410000000005	0.009855067999999998	0.04390579	0.0	0.0	0.0	0.0	0.0
0.348	0.05064054600000001	0.02503629	0.0069202859999999995	0.030973206	0.0	0.0	0.0	0.0	0.0
0.374	0.03169362	0.016089110000000004	0.00436478	0.01965217	0.0	0.0	0.0	0.0	0.0
0.400	0.019695	0.010990899999999998	0.0027225449999999994	0.012402225000000001	0.0	0.0	0.0	0.0	0.0
0.426	0.01650489	0.01120885	0.0022696210000000003	0.01053915	0.0	0.0	0.0	0.0	0.0
0.452	0.023354587000000003	0.0180312	0.003198158	0.014952044000000001	0.0	0.0	0.0	0.0	0.0
0.478	0.041514129999999996	0.032586	0.005748650999999999	0.026493555000000002	0.0	0.0	0.0	0.0	0.0
0.504	0.07134859999999998	0.05481776	0.01018044	0.04537355	0.0	0.0	0.0	0.0	0.0
0.530	0.1102184	0.0820578	0.0166955	0.06992891	0.0	0.0	0.0	0.0	0.0
0.556	0.15120617999999997	0.1086441	0.025580709999999996	0.09589790999999999	0.0	0.0	0.0	0.0	0.0
0.582	0.1844554	0.1278607	0.037640099999999996	0.11752267000000002	0.0	0.0	0.0	0.0	0.0
0.608	0.20163409999999998	0.1352572	0.05454160000000001	0.13024592	0.0	0.0	0.0	0.0	0.0
0.634	0.2006229	0.1314763	0.0781829	0.13344186	0.0	0.0	0.0	0.0	0.0
0.660	0.1870533	0.12176680000000001	0.1087786	0.13090006	0.0	0.0	0.0	0.0	0.0
0.686	0.1716464	0.1127278	0.14259339999999998	0.12860648	0.0	0.0	0.0	0.0	0.0
0.712	0.164803	0.1087082	0.17175390000000001	0.13139517	0.0	0.0	0.0	0.0	0.0
0.738	0.17220670000000002	0.1106171	0.18745250000000002	0.1408712	0.0	0.0	0.0	0.0	0.0
0.764	0.19297979999999998	0.11694940000000002	0.184774	0.15538839999999998	0.0	0.0	0.0	0.0	0.0
0.790	0.22058640000000002	0.1253964	0.1657094	0.1712363	0.0	0.0	0.0	0.0	0.0
0.816	0.2453902	0.1336734	0.13770230000000003	0.18403929999999996	0.0	0.0	0.0	0.0	0.0
0.843	0.2582889	0.13925479999999998	0.10911430000000001	0.18995570000000003	0.0	0.0	0.0	0.0	0.0
0.869	0.2538859	0.13961679999999999	0.08514940000000001	0.18648460000000003	0.0	0.0	0.0	0.0	0.0
0.895	0.2322315	0.13290480000000002	0.06684330000000001	0.1730973	0.0	0.0	0.0	0.0	0.0
0.921	0.1977882	0.11879719999999999	0.05259280000000001	0.1510413	0.0	0.0	0.0	0.0	0.0
0.947	0.1569402	0.0988179	0.04046562	0.1231223	0.0	0.0	0.0	0.0	0.0
0.973	0.11583279999999999	0.0758568	0.029535079999999995	0.09292620000000001	0.0	0.0	0.0	0.0	0.0
0.999	0.07911520000000001	0.053312099999999994	0.01994428	0.06435537	0.0	0.0	0.0	0.0	0.0
1.025	0.0495945	0.034046200000000006	0.01225269	0.04052266	0.0	0.0	0.0	0.0	0.0
1.051	0.028275899999999996	0.019615300000000002	0.006771999999999999	0.023011860000000002	0.0	0.0	0.0	0.0	0.0
1.077	0.014545379999999997	0.01013497	0.0033498879999999997	0.0117126	0.0	0.0	0.0	0.0	0.0
1.103	0.006737740000000001	0.004692320000000001	0.0015006160000000002	0.005346138	0.0	0.0	0.0	0.0	0.0
1.129	0.00294048	0.002021101	0.000705879	0.0023027879999999996	0.0	0.0	0.0	0.0	0.0
1.155	0.001723587	0.0011021100000000001	0.0006825730999999999	0.001368132	0.0	0.0	0.0	0.0	0.0
1.181	0.0026303940000000003	0.001525566	0.0015978689000000002	0.0021640849999999996	0.0	0.0	0.0	0.0	0.0
1.207	0.00649461	0.003677176	0.004275524800000001	0.005398034000000001	0.0	0.0	0.0	0.0	0.0
1.233	0.01553398	0.008771730000000002	0.010321431100000002	0.012929440999999998	0.0	0.0	0.0	0.0	0.0
1.259	0.032857170000000005	0.01854644	0.021848155000000005	0.027350239999999998	0.0	0.0	0.0	0.0	0.0
1.285	0.06083409999999999	0.034336540000000006	0.04045631899999999	0.05064356	0.0	0.0	0.0	0.0	0.0
1.311	0.09850080000000001	0.05559841	0.06551324900000001	0.08199298000000001	0.0	0.0	0.0	0.0	0.0
1.337	0.1394598	0.07871819999999999	0.09274980200000002	0.11609423	0.0	0.0	0.0	0.0	0.0
1.364	0.17264050000000006	0.0974415	0.11482682699999999	0.14373116	0.0	0.0	0.0	0.0	0.0
1.390	0.1869007	0.1054906	0.124302778	0.15558464000000002	0.0	0.0	0.0	0.0	0.0
1.416	0.17689510000000003	0.09984599999999999	0.117661224	0.14726187	0.0	0.0	0.0	0.0	0.0
1.442	0.1464174	0.08264650000000001	0.09738957200000001	0.12190187	0.0	0.0	0.0	0.0	0.0
1.468	0.10597419999999999	0.05981370999999999	0.070487977	0.08822789999999998	0.0	0.0	0.0	0.0	0.0
1.494	0.0670678	0.037855110000000004	0.044613214000000005	0.05583941	0.0	0.0	0.0	0.0	0.0
1.520	0.03711416	0.020948480000000002	0.024689797	0.03089727	0.0	0.0	0.0	0.0	0.0
1.546	0.017958090000000003	0.01013675	0.011945104599999997	0.014949648	0.0	0.0	0.0	0.0	0.0
1.572	0.0075975800000000005	0.004288565	0.0050535152	0.0063249180000000006	0.0	0.0	0.0	0.0	0.0
1.598	0.002810566	0.0015863779999999996	0.0018694209799999997	0.002339797	0.0	0.0	0.0	0.0	0.0
1.624	0.0009090700000000001	0.0005131140000000001	0.0006045938699999999	0.0007566941	0.0	0.0	0.0	0.0	0.0
1.650	0.0002570897	0.00014511610000000002	0.00017099181000000002	0.00021401422999999998	0.0	0.0	0.0	0.0	0.0
1.676	6.3565e-05	3.587856e-05	4.2276703e-05	5.291599e-05	0.0	0.0	0.0	0.0	0.0
1.702	1.3739329999999998e-05	7.75555e-06	9.1396201e-06	1.1438826000000002e-05	0.0	0.0	0.0	0.0	0.0
1.728	2.5967930000000003e-06	1.4657599999999998e-06	1.7271761e-06	2.1617701e-06	0.0	0.0	0.0	0.0	0.0
1.754	4.2902760000000005e-07	2.421802e-07	2.8530700000000003e-07	3.571451e-07	0.0	0.0	0.0	0.0	0.0
1.780	6.19698e-08	3.497734e-08	4.1213948e-08	5.159099e-08	0.0	0.0	0.0	0.0	0.0
1.806	7.82375e-09	4.416406e-09	5.2037109999999995e-09	6.513513e-09	0.0	0.0	0.0	0.0	0.0
1.832	8.636719999999999e-10	4.874643e-10	5.744066e-10	7.188570000000001e-10	0.0	0.0	0.0	0.0	0.0
1.859	8.333609999999999e-11	4.7032219999999994e-11	5.541473500000001e-11	6.936444999999999e-11	0.0	0.0	0.0	0.0	0.0
1.885	7.0266e-12	3.966489e-12	4.674011499999999e-12	5.849742000000001e-12	0.0	0.0	0.0	0.0	0.0
1.911	5.180614e-13	2.924181e-13	3.4453238e-13	4.313079e-13	0.0	0.0	0.0	0.0	0.0
1.937	3.3383489999999995e-14	1.8841479999999997e-14	2.2198852999999998e-14	2.778892e-14	0.0	0.0	0.0	0.0	0.0
1.963	1.988745e-15	1.1224229999999999e-15	1.3227710200000002e-15	1.6556086e-15	0.0	0.0	0.0	0.0	0.0
1.989	0.0	0.0	0.0	0.0	0.0	0.0	0.0	0.0	0.0
2.015	0.0	0.0	0.0	0.0	0.0	0.0	0.0	0.0	0.0
2.041	0.0	0.0	0.0	0.0	0.0	0.0	0.0	0.0	0.0
2.067	0.0	0.0	0.0	0.0	0.0	0.0	0.0	0.0	0.0
2.093	0.0	0.0	0.0	0.0	0.0	0.0	0.0	0.0	0.0
2.119	0.0	0.0	0.0	0.0	0.0	0.0	0.0	0.0	0.0
2.145	0.0	0.0	0.0	0.0	0.0	0.0	0.0	0.0	0.0
2.171	0.0	0.0	0.0	0.0	0.0	0.0	0.0	0.0	0.0
2.197	0.0	0.0	0.0	0.0	0.0	0.0	0.0	0.0	0.0
2.223	0.0	0.0	0.0	0.0	0.0	0.0	0.0	0.0	0.0
2.249	0.0	0.0	0.0	0.0	0.0	0.0	0.0	0.0	0.0
2.275	0.0	0.0	0.0	0.0	0.0	0.0	0.0	0.0	0.0
2.301	0.0	0.0	0.0	0.0	0.0	0.0	0.0	0.0	0.0
2.327	0.0	0.0	0.0	0.0	0.0	0.0	0.0	0.0	0.0
2.353	0.0	0.0	0.0	0.0	0.0	0.0	0.0	0.0	0.0
2.380	0.0	0.0	0.0	0.0	0.0	0.0	0.0	0.0	0.0
2.406	0.0	0.0	0.0	0.0	0.0	0.0	0.0	0.0	0.0
2.432	0.0	0.0	0.0	0.0	0.0	0.0	0.0	0.0	0.0
2.458	0.0	0.0	0.0	0.0	0.0	0.0	0.0	0.0	0.0
2.484	0.0	0.0	0.0	0.0	0.0	0.0	0.0	0.0	0.0
2.510	0.0	0.0	0.0	0.0	0.0	0.0	0.0	0.0	0.0
2.536	0.0	0.0	0.0	0.0	0.0	0.0	0.0	0.0	0.0
2.562	0.0	0.0	0.0	0.0	0.0	0.0	0.0	0.0	0.0
