Molecule	PC1	PC2	PC3	PC4	PC5	PC6	PC7	PC8	PC9	PC10	PC11	PC12	PC13	PC14	PC15	PC16	PC17	PC18	PC19	PC20	PC21	PC22	PC23	PC24	PC25	PC26	PC27	PC28	PC29	PC30	PC31	PC32	PC33
1,1,1,2-Tetrachloroethane	-3.0609083618545267	0.9654973367950581	3.857422574173771	8.906340816531976	19.039194572526856	3.444634588519663	-6.119239537508078	-5.0264327666397435	-3.733404871297712	-3.2537975162501427	2.4457298074982194	-2.438176320949358	-6.412062175860692	-6.068648413447924	3.2866374042831716	-6.386755971372374	-3.973390747345022	-1.9375723472793507	-2.2145496747935414	0.7352819226886148	2.8863522893164473	-2.631069806595643	-1.4308154181483062	-3.7380348192860517	-3.212128270009113	-1.9824117986416818	4.98070736677291	0.8719248958939863	-0.8560653277141714	10.411566937242272	2.575534769335942	0.10026104430183394	-3.8426890801205973
1,1,1,3,3,3-Hexafluoro-2-propanol	-7.994669734753244	2.7101757009296725	6.064396325022315	2.9528722406204633	-16.956915300417958	6.846762894233474	20.148701951164227	-11.177219037110742	6.929061086392793	-2.1436833528771304	-1.1784764335742717	-9.517323194317015	0.874475061701032	-10.803356685435192	-1.4897190471777721	2.2103197945068294	-2.3639560301505584	-1.4383314265475602	-1.282144950260312	-0.8973112961897911	-1.4006840465933823	-1.7308165374392925	-3.780847577763042	-6.582671375982108	-2.2318234179535943	0.7028629112634868	1.8001013591431685	-2.1900308987431196	1.629651786842575	-1.8315143992367602	-0.8193356799104455	-1.9756687596507925	1.7920437579627564
1,1,1-Trichloroethane	-2.244854249735238	0.21557518981609855	5.01941797493366	2.475749550715106	15.021807541251327	3.6729247680902892	-5.275959324947064	-7.742283899593975	-4.42859774009492	0.572313763491612	0.6945490246692387	-4.79800434256654	-8.329401523053377	1.7460732750227688	-0.8830662047959358	2.7579286910942415	-1.557805550843049	1.8246546466949436	0.9763843715230944	6.175197504784493	5.024885930336526	10.831856679876012	-7.66468776239314	1.4017405149198912	4.5801591029211295	1.9174437128046828	3.2986099455161773	-1.2914248442940996	3.370279075087725	-5.285643814101005	3.968029464799415	-0.32539640245740487	0.5073051989921695
1,1,1-Trifluoro-2-propanol	-4.948107341805492	0.9056662477581032	4.664772583414183	1.3905321317894537	-5.809935174994801	-4.016026178805688	8.837169691983808	-0.8621018536616613	-1.5465989097898074	1.0290173281853228	1.2624329709646334	-5.724888517368617	1.163920065046553	1.9815041644592772	-1.2315400581085163	2.0849372798689174	0.23647676225126343	0.8213768156286534	1.792554820274229	0.6072788294663138	2.989632978105379	5.8223625747902386	6.386965858993275	-4.89613531509909	5.156176947925421	1.0384224465855338	0.685305702132958	5.356702449803315	2.1905201874697955	-2.918775802426599	3.371038642516737	-2.081253174215284	-7.613354065084008
1,1,2-trichloro-1,2,2-trifluoroethane	-5.299157201837447	2.339669200162582	6.705789542414784	5.624914245498024	11.028534643445274	9.43091058807191	-2.295732404129514	-6.109337276847233	6.124092702714724	-1.7775457858322694	8.97214628398793	0.1695130628377135	-2.3766587306223954	2.415789583856268	-0.1618515559013754	1.2568994019765667	1.0073561468751928	3.1140898196022198	-2.547216395013601	7.10950532658124	-11.489416173969218	2.7776544504431944	0.9090349841337498	0.6495652266141656	-0.03902508249941568	6.716709076647819	1.4971186584382952	-1.2906822981983177	4.7153916044537105	0.6386936531566041	5.4539077138536785	-5.732410388816294	1.8790759358138864
1,1,2-Trichloroethane	-2.351868941690574	-3.407207945914024	1.1580014384908828	7.5604762161283166	13.008864103864974	1.856198204012297	-4.8289798102158406	-3.3601189973436765	-1.9400935381433841	-6.353554891149613	9.67265582844715	-1.324172583288217	-1.0699408757228022	2.6163680769591697	0.3503473212286881	1.2906640446047932	1.9620438423349214	-2.418425962269502	-0.6276964672668047	-4.094950568373262	7.394747036583122	-5.713102432879427	4.845190428606938	1.5854525500643684	-0.9224013823335192	-4.733143773467107	0.15718771508766655	-1.1076078157959286	-5.17914655170445	3.5243077397644678	3.365921961289453	8.069827846515915	2.320900501256752
1,1,2-Trichlorotrifluoroethane	-5.1286109247949865	0.4964087480861074	5.526870926448056	8.098085842908713	11.006231461508895	5.691959932562494	1.468501546378966	-8.470597841266963	4.8103820159553425	0.6522092591420662	6.6322940012924025	-3.425553172010256	-4.3533609248224225	0.22519138011269496	-0.7391676739881939	0.9510528286213197	-7.601748522026844	4.749925971801318	3.3206471641104485	1.464095671833049	-0.11514591959596897	-0.2981805235148266	-8.2442760849491	3.3554668290095537	1.0400767234604038	4.9864161084014595	4.577198571339947	-4.380271342000393	1.4666382681057777	-0.26578454668005635	2.093659819725509	4.608754403501776	1.092228447956547
1,1-Difluoroethane	-0.9007057058962623	-0.38222545444718853	-4.719212418158535	7.088223232627238	-1.4383607144821444	4.857730719715915	-1.157268818778206	3.1370998199094666	-1.901437589625625	-1.7750534031255063	-7.044587965220992	1.1657526076841176	5.543783150515386	-2.101213479790496	2.870591590175096	-6.997520267344422	2.9733673529997877	-4.391243874326349	-3.0039921913451817	-0.031647071761680225	1.724127410961132	4.401625633180284	3.869921465108591	-2.299103647838327	3.7609511995131566	0.6991956741508644	-4.415499869695082	1.5186979695030522	6.244285588961335	-1.123166621898483	-2.734637831477952	2.563327389460196	-3.951389151790647
1,1-Dimethylhydrazine	1.893296181336422	-5.0998175776178325	-4.937233853102723	-2.4498810000449014	0.4035341637887065	0.6207305282967898	-3.387601553953906	-1.4577851854624175	-3.7118123932070612	1.4551225058267774	1.9151648347742667	-0.7376869950853981	2.447693341053632	-0.4050643758169842	2.3162681573205814	-3.2483428678314064	3.1567742478620815	1.3917405249762864	0.77638031987569	1.111682649514168	-2.084739396281054	-0.22340620861889052	3.196993464560112	-0.3859009815182665	0.5057657636696571	-2.4093491913718137	-3.5745867810000926	0.05709860314124226	-0.01503885498499375	2.2946513855436415	-1.6900260807849607	-1.3828763691356225	-3.9851067498442916
1,2-dichlorobenzene	-2.779009712535709	5.503197404222725	5.230254276468005	-2.53212812043477	7.276901052547138	-6.581854136756566	-1.3263021911508237	-3.787051094578842	3.8214441838860247	-5.601091956484542	-7.919218151490396	0.9490572392178471	5.589426066164215	-6.788471730239183	-1.4960691498093637	1.7694399446785365	-3.045324617184881	1.7850017331753816	4.001673378287786	-2.3777897204433214	-2.49481762800508	0.22364767252003181	-3.4219991953716966	-4.496955273675505	-0.18196553981134367	0.9837933367544224	-4.94656876706732	-5.511750403869743	-7.889808759659922	-3.301028578002955	1.6019795395258976	0.5741823578265418	-0.41653047210497995
1,2-dichloroethene	0.08129844969725677	-0.755851222282695	-3.39734957858368	-2.2540731590138994	-3.8137972250094885	-0.6582332461064464	-1.3801710091921828	0.29554537553247856	0.46436540472200305	-4.599737300577826	-7.750653111259454	3.402141244250337	2.419619531394455	-2.3075113184539946	-0.10408859986200218	-2.1400561897126	-5.8800144055746255	1.3262410387139094	1.0711439977077055	0.33081055057610126	-4.437705191919257	1.6820831334381463	1.4048535643476616	6.191776274734785	-1.9695466169230924	0.0028387084344497133	-6.045108104414666	-3.1368480732767603	2.3276440264426173	4.310310299863743	-0.5361556481691004	-0.2565215271449372	0.7208221861228605
1,2-ethanediamine	0.679840549744719	-3.556662263801028	-1.914929517576329	-2.806689651196668	2.182132740607206	-0.6526700011853858	-2.4155493351724107	-2.9087345789823855	0.011105635667569308	1.9853509014732356	-0.16312589525078305	-0.5536429083989161	-5.706739475204194	-1.8356195856733004	-0.14911903558172018	0.20216988683875867	0.7542298472237707	-0.443336132066704	-0.1079540230743723	1.2468971049982789	-1.8935512030097854	2.4000417346189984	2.864033060944534	-2.599644688537932	-3.1146451650810527	4.655709338688249	1.628237587697601	0.6531790707453212	-3.178475430975646	-0.945611543966594	3.594886263279912	-3.2533510348487695	-1.0494948885405875
1,3-Butadiene	1.2148912466172257	-5.342421816462119	-3.6887101229640704	-3.664025612213564	-4.175406655122829	-2.813658674365046	2.8323361760171415	3.831575841371161	7.486114538806936	1.9883889017011058	0.7079334930090755	-4.3562325159024	-5.70569942779929	-7.252361991656806	2.3767871390542825	-3.0443589539469196	3.5731840179696737	1.666832143235415	0.9288599159224774	1.6745533235538288	-1.7790610719723796	-1.526217874196253	-1.2376711276647285	0.838428955987738	0.9633369320190914	2.285034048505916	-2.8316846646245186	-1.4079663769119388	-0.47263427441138545	6.1962559549491845	0.8496805305788182	-1.0100360797971948	-2.564586939311482
1,4-dichlorobenzene	-1.8192855459629502	5.017121114681126	-3.8083753008751184	-0.8010405485932635	2.0160039337568416	-10.486163366901268	-10.771406753583385	9.490418622533472	4.872559904616359	-2.943966215170734	6.6745684980559705	7.3817817888575155	16.652298108412484	-0.8287415748939029	-3.3244845304848485	3.625879402945178	-5.583480006317364	-3.3176766461274005	-3.2499616722964197	0.14795189199687453	-2.747823104081224	-1.1699842422070863	-9.074066453259597	1.4948519137095952	-13.063667581122225	0.6193361372853313	1.4262364302927848	5.157381385582507	-2.237639440954647	-2.3930718007208873	-0.053740951050351864	0.2645401656510987	-1.8354412038881824
1,4-dioxane	0.01410527063983935	-4.0939131915981655	-4.33076238029994	2.5558827887097855	3.6146048766443135	-3.74343423513778	-4.6414682504621405	4.521644817290051	-4.569416988045006	2.4449248820633023	1.8641701045747698	3.342334579494699	11.934474753186182	-3.4829490368435745	0.7529168261906313	0.521746205102392	1.3622381510301536	-0.2659744903002869	0.7679092780864574	-1.1980938103927457	3.817175127819665	-0.09951142464423987	3.1342984006479844	3.0671769293097717	-1.7148610335958436	3.822307915583536	5.966476779531391	-2.9690731697827317	1.0884245117225282	-1.6839102453706383	2.835292084309314	-3.4573938633394263	2.7359264714228715
1-2-3-hexanetriol	-5.71066157149518	3.3208270591745097	0.9570175718720201	9.518936142848343	-1.0378900760819516	4.319379835655198	4.908205291721097	-2.6591015178906523	2.8267473668072323	-2.0102153213677507	-0.22020586814694443	-3.4887888330195644	3.3006773231752207	4.866065745730761	-0.29448909817464763	0.40249860122926423	-2.1565041839979133	-0.6672442237429964	-2.8955549920587855	0.26952303515890896	3.6045138978814055	-6.168201069646533	6.176745549846948	2.274647841945947	-0.7667701484456395	-2.0162595044508276	5.331765745621016	3.23759487193797	1.3124957258944052	0.8906714548314252	-1.1491911637745338	2.678671281505229	-4.424721984836108
1-2-Benzenediol	-2.23415779296871	-1.9769260321359141	2.918931698191171	-9.955737732235326	-5.4244494001035575	7.529448277605467	-7.03149064618417	15.484978325879384	6.848125505167212	0.9281006899038343	10.962786256857356	-2.1278585277039976	-1.9446857355403928	2.9655208579118932	2.849093468779208	-7.4245354530238075	-11.409180145632583	4.848032829628413	5.226610175876495	-3.8245774400876593	3.115970213730194	-7.213170851092469	1.9158189711734035	-7.0094101224584975	2.6656173275180537	4.025306976866633	-0.9125738353282572	-1.4593674812029545	-5.827528413441036	2.597532737468485	-0.5959396078856806	-7.339503181429006	-2.7445738917126326
1-2-butanediol	-2.9098168772898623	-1.3283668966121185	0.2315757609786113	5.53241262939846	0.6164057282522145	0.4408755872210157	3.6915545919498856	-0.22160556779343715	-3.629182361721917	0.24186435087872868	-3.5386684365871988	-3.9665276559094242	0.8188055418056865	-1.8701444876940936	-1.6729221417524496	5.465184946563101	-2.8758179437575793	0.6737753371427979	-1.817317538123259	0.5811651856726127	2.3080737676834984	-6.62687502721743	-1.2853425595655064	-1.695623101627902	1.319399690950249	-2.0107018975764532	-0.7895463029074216	-2.2750630561801293	2.2536683746802724	-0.7995038724978124	-0.8643902493614657	-0.29829529703650853	-2.8744197022516733
1-2-Dimethoxyethane	-0.9573390175184353	-1.9973937365493173	-3.0982351091362266	3.9855938976298604	0.6367758681188944	0.44983520058463766	-2.2377540802267126	1.6383839125937525	-2.620036794413082	-0.6023868144510869	-2.4342218688208748	-1.0471232805940676	-0.28612716830814383	8.684536023868139	-4.864658335166039	9.47593931569733	-4.58513185470271	2.921632084903864	2.2024044420933944	0.8313629647929123	0.26406590778401184	3.6116761952645824	-2.23880461574929	3.9782198495139514	4.550262128926941	-2.6390356806368485	0.7265654069584113	-0.6128801975233082	1.031663263067521	4.915584007309824	-0.07344256304819344	3.641088895111185	-3.6537854912079433
1-2-ethanediol	-0.4275170695124182	-3.2151357236548934	-2.005190429720268	2.7987059639394736	2.2159459119775464	1.382538243785134	-0.36283084072855404	0.14682425079264982	-3.782556371224968	-2.209199136500602	-6.859842610980686	-1.137677557305335	0.04914098726782452	-5.196240320697061	0.7962580716113833	0.41096521676058795	0.06115541926064655	-3.1970376260488687	-4.5703242204830365	0.8839814643845948	5.546474624195274	-4.018514692559503	-0.7403216532719431	-0.7925688916397744	-2.189078834691614	-5.913738971206596	2.4657249470295097	-0.19074899805466916	-0.19387149356519262	3.9080012941792615	1.0637353992907204	-1.4257164634672628	2.1441081506086963
1-2-heptanediol	-6.4211541829012395	5.268963402025847	-1.0392126716183554	12.147043818612707	-4.328744526864928	2.7316964983837964	3.7437000042760844	4.497430750785277	-4.643161796372483	3.279283119935479	-3.7968595880452827	2.4665768629089566	5.140261857692337	6.232602810304825	-0.6901868578815815	2.4946551831974033	-0.3112920966205696	3.221430235550624	1.8718476761352312	0.6666558274515867	-0.2833802354033308	-3.4292784803630143	0.6817253160505844	3.4229055674949502	-3.4955122457682575	4.34179728151084	-5.711149178491517	-2.696167506616684	1.6717639309057963	-0.17353821773428002	0.4921405714516308	0.29339708988409824	1.8181389886006953
1-2-hexanediol	-5.490328231992764	3.566651532262481	-0.10677508209980736	9.272486391410043	-5.743104196318347	4.634992917829628	5.279091849735152	1.126401874492717	-4.419945507342526	1.1459796158048778	-6.9746426700680235	1.1603951058341877	-0.9286209461044489	4.830613129825448	-2.3373248627094623	6.616369612026314	1.1421825027253472	0.49158820231683714	-2.2047485046562776	2.5530477687560804	0.7705599414112226	-4.321215273919145	-3.673756900323989	2.708983823996096	-2.8155932177961165	-0.6887644700383796	-2.9554006865183267	-1.38604781774581	-1.682809639552325	-0.5001824856395	0.9106142560666248	-1.9525516370205473	4.559033294573615
1-2-octanediol	-6.759530992513314	6.070272191555044	-3.1852225807045818	13.23950630793463	-7.398696976113948	5.190486469460375	3.3756512572360475	3.615532079123289	0.30541011533479095	0.11996419487923911	-4.702939529770493	3.9910396210257613	6.041736631842575	2.2358220997347216	-0.46062181564720456	-1.1922806818016591	-2.089118661484283	0.3977904230041208	3.0551537976723253	-2.9406734550524685	-1.9309836054983462	1.7144078347653644	-0.4240136118888504	3.0958762246646137	-7.385582313525097	6.172552320979389	-0.2979713720870104	-0.009000196141129855	-1.8588291939539985	5.457706764445549	-0.3877009096460952	-0.13645702084169387	2.8053947907949293
1-2-pentanediol	-4.071587928734256	1.3352353503191736	-1.1905265929273334	7.80917837580128	-2.025741821902817	-0.45984636236514265	5.750672439280474	-3.3685555937550458	-2.8957516078865777	3.9565252392562646	0.37035314327130964	-2.8573089326136585	0.13981659458460774	3.329322795535841	0.47690651623013375	1.138183809845305	2.2206731503098127	4.2271101393248465	3.892954757076745	0.6752542626876314	3.917236513415964	-4.208288584544295	-3.1737410435538975	-0.3742480550497296	-0.34341982596454595	2.2823917116601145	0.37912106323493794	3.4115600032863638	-6.364835970809286	-3.2547490789344606	-0.9218792153711055	-0.2685496512018088	-3.0153190809244244
1-2-propanediol	-1.7258925296144807	0.23127908576130615	-1.1999794758135582	3.296422098663974	3.123042637116095	-0.5430838667652926	-0.8924940418591423	-1.3677735717145245	-2.366101205051991	0.8177335048229344	-3.4141607695925384	1.2125349190874462	-0.48833530699067457	2.499029410512926	0.8001948149104219	-0.04750871370791675	4.122756355077831	0.17328848188653617	0.7016651349259069	0.9515370341323115	6.707103511834751	1.54900650970223	4.554817524506785	-2.83436053852928	0.8770403351901104	-0.7333401479260745	4.16920522241836	8.666471757392074	-3.84497590429845	3.9235411729620133	2.579206095272275	-0.28709226718845027	0.5326322115425443
1-3-butanediol	-1.4495042543158874	-1.7541796374656151	-2.0536218087027382	1.3089215381959802	-1.162468431383251	2.414052299365381	-0.26470303619745883	-0.9596856074887665	4.639830291124054	-6.229951648682971	2.273701929960726	-1.790887021406582	4.046799659813149	-1.7423326192301027	0.4397115253189057	-1.70322855618963	-1.455915305560868	-1.7306381582388133	-0.5224008903008363	-2.64917406208662	-1.7599829657731627	0.4929193056072661	8.484809789361591	-5.278246698718893	-4.540516340254539	-0.208463320667939	-2.9176469617295044	-0.8314431145329243	6.085751789916656	1.0524464339911015	-0.20274079836233025	-1.6191975205282458	1.674664478573969
1-4-Benzenediol	-5.509569922711953	0.800375102865337	10.094211002241664	-13.578520524068303	-8.756694150716854	15.083612790265265	0.21713539488840694	1.769255588270967	-2.311028506764334	15.989547176475261	0.5024971958651087	2.5668255432322553	6.534915447712653	-3.6253369870235557	-1.2610231970649664	4.933834188264917	2.4157880712420132	1.5456226030812923	-1.9331987597897464	4.723505720989062	2.246307608376071	1.7862028446461322	8.145709719182971	7.09777173659416	-5.9568932431922015	-7.494974347481988	2.1427512204718213	-0.9533841233191643	2.075586615842014	0.5122932163679481	2.779852334656785	-2.0186653648036272	-3.0476920152389164
1-4-butanediol	-2.1540591895658237	0.0034659279764894194	-2.284584091400364	5.47256578679554	-0.925109069410911	2.7394565212663005	2.1527368569649994	0.862923795589289	-0.9910419619081079	0.1393228625854763	-7.779056342290338	0.22791308202830365	-1.9735777169802475	-2.6570274641420926	2.5302533441929764	-3.8063674968810344	-0.7512416308564396	-0.8710606844662818	-3.2608298437844936	3.5037034039759467	4.456377409500405	-2.1290451947260425	0.6289318381282657	-0.909388654013359	-5.772696021389519	-1.487419351554983	3.5004622769567733	3.431863338417699	-1.1048504056525297	3.984265103461549	1.4320340190162713	0.7357935847236348	0.9898206472594314
1-bromo-1,2,2,2-tetrafluoroethane	-3.4236076581331707	-0.19082932432316332	-0.838635736690241	4.549967480805334	-1.7596139333924947	-3.5764716148727	2.731823382190936	-0.9167753659515598	-4.043197329026239	2.4159960222165657	5.424405641499157	-2.8231024328117034	8.723723686042202	3.8125692762818004	-2.1988059523669135	4.051862777516211	-5.809793921207181	3.00622779987874	5.294893479406863	-4.953148532077999	5.548455050370002	-4.326018696677427	5.436558741620914	1.7989935212317658	0.20210204185257044	-1.3313680472127767	4.676003753536986	-3.4824915280947057	0.5565909791917478	4.210353753430745	-0.46677391688263115	4.425254912579478	-4.934864696771763
1-bromo-1-chloro-2,2,2-trifluoroethane	-4.827753576142009	-1.861287877577503	3.849489119001976	1.6955542327500321	0.2212812435393603	1.665046296778335	0.8867305402357805	-4.457291519012751	0.5640698493063127	-8.440509061758014	13.277286329856157	-3.6074296664934495	-0.09068169037854835	7.298784012206494	-4.204245696090549	7.949752986112407	0.6724392781381255	-1.855951024293073	2.19413233577509	-5.439341124517384	0.528192565532826	6.447400680841929	5.424263551169846	-4.577988526288649	0.2450056468031135	-6.079110178891168	-0.6629746951052231	-0.6239876090171596	0.5580284504661888	-2.9428150044868002	-0.14498541361447115	-1.788159552080661	5.665148497966163
1-bromo-2-chloroethane	-0.9932332538171635	-2.235684275511861	0.1787161231799196	0.3132501691782411	6.220863532506101	0.7635537806001751	-3.2927374320027964	-6.550056190626765	-1.7172898333790954	-5.722051723835974	4.031346106878874	-8.970295175544551	-4.321662471223595	-2.241114044540282	-0.8184890960606401	-0.13901787530449705	-3.235168688933316	-5.037143434522663	-5.011728196128557	-1.4825808979065138	-3.4721476319348215	-2.711165566420347	4.062710519464701	7.356498658902827	2.277014355201274	1.6294832932501018	-1.0757250124109106	-4.088491555234221	-0.04531868018071739	-3.066724683285032	1.16252564172545	2.384147897257839	-3.418631783894495
1-Bromobutane	-2.5894956812868744	-1.1592562322191278	-4.668682590659088	4.715974645114972	-6.879456125481799	1.5327789865261467	1.2830575933142128	0.7518513709125626	-1.6147777259122218	-3.335993686852026	-4.3887372954472506	0.6661442065301704	0.5707493740203018	2.8274435499260395	-1.2407870905137233	-0.22212628195610393	0.22577159460598042	-4.032780102130421	-1.1168973901565193	-1.7785550105064365	1.370915833323723	8.946072396913376	2.9401521359322156	2.4237207102437797	3.22911763894997	2.2573496076838566	-2.262328732484266	7.044325853567284	-0.3722947748139214	-0.06668717148888612	-0.9792101132359106	3.9294525030617007	0.9548346779700596
1-bromopentane	-4.261119995277944	0.6443349542276797	1.6519373408353946	6.044298208669916	-4.0335401907351125	5.1756016320749865	5.763827261952954	-0.9231701987334947	-7.889166792679725	-1.219110121164543	-9.003984935584707	-5.680289904717761	-5.143001243257271	-5.8020841851197265	0.30621799560527535	-0.09534219808051622	-2.257360900972124	-3.321064071589816	-3.572263909503015	2.164672383673397	5.12821152081127	2.401528755764053	-7.63059684242804	-4.945052395645766	-0.9476091161465641	-8.303681745575744	0.05981519276407846	0.42902799353086657	3.5626217174521475	-0.4381157478416486	-1.6631667351067552	-7.116900213179791	-2.3434354429109012
1-bromopropane	-0.49425833314600204	-2.3507260094705846	-5.705209488093523	2.6746600829236833	-4.008866903823608	2.6210282363540283	0.23835833131425718	-0.9213702619556886	0.7453508623627638	-3.5485724166263997	-6.579724187135411	-0.14471582174938885	-1.3137862820905073	2.1336361167363225	-0.16914362475360561	1.2748482962700505	3.458416686558085	-1.7052197037302483	-2.606540144538296	1.7366987182303122	-0.19522674722812228	2.272614937973588	-0.41457827366848826	1.3721075391686746	-2.2287144308910465	-2.30702916011659	1.2172937475827625	-1.009853386929575	-5.657851001071769	0.8053919910447382	-0.42106142564529914	1.3303471263056084	2.3967201585202784
1-butene	0.7431135471623723	-0.91064390311985	-4.545148007340289	0.24612402425288105	-0.13910886140899908	-1.0135141091447857	-2.9741246927431373	1.3352314395011624	-0.04349977896103163	-0.9032444501766447	-4.5167743472963755	-1.9305823449555075	1.5589608088517788	8.020548748266219	-3.1065504648235374	7.076126384520233	-0.6421239838473652	3.357718124389537	1.966480604825011	2.0234925914713244	-2.142373089966083	2.4881348788247983	3.1283811287178582	-0.20270728250675898	1.0261061165340501	-0.4885262637976476	-1.613037231898678	-3.5650243042694996	1.335162168486327	0.3274542711692169	-0.24348260656469697	-0.8092107613813099	-2.910422958778732
1-chloro-2,2,2-trifluoroethane	-3.925391966507625	-3.670642261385011	0.009694913874456357	2.8624211524502923	-11.159406691390064	-1.0985141224345694	12.313914736422714	-3.649353889624143	0.6043831635405801	2.5627681953411816	1.5224024818501183	-2.3187215439840574	-3.9360150992935283	-4.8038178318379305	2.3150554371892245	-5.520909354549742	0.02570363476244286	0.07063024767771785	0.00369668584268318	-0.2413968389261228	-2.37908688823449	-2.5438400942826154	-4.945497884297178	3.043093813093723	1.8115313648395988	2.5844168884250553	-0.3566504787303418	7.974477404408859	-6.7457399782517715	-1.8754587249684482	2.4433908717115553	2.821413355589418	2.3893129805964093
1-chloro-2,2,2-trifluoroethyl_difluoromethyl_ether	-8.076461901231742	3.67736741245641	4.957052178637761	7.093078983363259	-7.520556480228281	6.334313337827969	12.971654841870073	-7.3124931379921625	9.840909588448207	-0.8647326544350306	4.271076203040946	-2.7266537382902842	-2.373803027429925	7.044491304321144	-1.9361629025674352	4.655968662590958	-1.762162311809476	6.976198802980311	3.6823819729721414	1.5236854311423018	-5.765559602988998	-3.829629655133836	-4.67516932090689	-2.9865115033506107	-1.631739984044646	-2.9980193081508215	0.9543261871006661	2.703906539451113	-3.9361937437372907	6.3055809213102885	-0.7493377720184508	2.7182431491202967	2.3898645782151844
1-chloropentane	-3.7301821178550187	-3.4211869151063343	-2.777890145685355	11.326667221552757	-1.0747596557548678	6.969984050365738	2.2769542374734972	3.332858243117198	-1.2465738092884004	0.42945069879451864	9.24802765707557	7.815371216959966	3.8930256161145547	-0.7775634879537825	6.123172506247133	-8.948357443528424	9.913459887439753	0.6908311731272586	-4.673140938226527	3.99311762390611	-13.631572126042853	-5.054501737838303	0.5598987208385252	-7.935110343375247	2.3314089872806725	-4.278656174443792	0.47038471603022824	1.9195682956191076	-1.7970652614423566	3.4078105613184313	-1.2710518072510049	0.8867788115376716	-0.2610618197136255
1-chloropropane	-1.043758363210783	-1.4466854041370636	-4.8013434364068965	6.463353680338297	0.6316275043872072	-0.11189950424798085	-2.51200386465116	4.128837947924951	-4.813815942719633	-0.26665127370750324	-5.316021763118144	0.03543509291757628	-3.5886310116733067	3.1501981157999013	-2.22998015120076	4.250578498220268	-1.9657986748596437	0.4177924427631212	0.21904468083305936	0.21031450133963908	-2.983094368308376	1.2989667080739102	-2.5457265162960785	-0.5571789406500938	1.501793024551286	-1.4196925279000097	1.821409103232726	2.029612039804238	-2.4959531387209037	2.339297829195952	-0.7450918058841264	-3.358727656869857	-3.0630313563848146
1-hexene	-0.8606595348750191	-0.5173289460017252	-4.569150544076368	3.272308454705817	-2.5509886520484057	-2.092253487442401	-0.21849813356034586	6.516106592183706	3.5686168459433825	-0.17753398386535055	-9.534402113803303	3.2073342982025626	6.75374103889848	0.46211535268222165	1.5369581366276706	-3.5699998223408813	-2.1714405544301676	-1.149543260112798	-3.725235525363984	3.593310458361465	2.0292433548661726	0.9645158710039314	4.785226188082015	5.2442731668700295	-3.818752916584	6.611820400888278	0.31188090353059034	1.8697585928478742	4.528472172168753	-2.068263544108706	2.9935333625791563	1.1745901203333335	0.6654855825413641
1-hexyne	-1.3171673411629152	-1.4860949322162071	-5.442259675208455	4.192625734889911	-3.1429557816457545	-1.6103182491571544	-2.2218795461873486	5.42211574907344	-0.9784885961067425	0.8434893946309977	-2.761948678555551	1.9357020636855158	-0.36987163441955784	4.399339760238642	-2.435826735658029	2.210722285979187	-5.949580685726754	1.6624119001078543	2.454015660537016	-0.3315785791466405	-4.642503438831063	5.335877471902606	-1.6958025978612	4.816812985127134	-1.4980138944927317	4.578250878897249	1.462715707200582	4.448166605616485	-0.589948021048869	3.2124281454449886	0.33103093602960854	-0.6725922194178888	-0.3787802099687978
1-methylthymine	-2.6810564549828864	-1.1916761679312136	5.865547313030076	-10.09552441305267	0.7442332488054062	25.444923404456006	-6.813617640303778	-4.940692176841209	-1.1109241081227788	26.207898832176426	2.358282771598002	2.837225482948307	-2.5899523446924517	-15.05987515757529	-0.3008902048348809	1.584346695300899	2.7910795421539705	4.84680816645443	9.613355002760068	-1.1172976673750434	-2.39340048490733	10.218219989649231	-0.13700809499468153	3.6577290876958215	-10.278812098964629	-2.6600635862584063	0.7453551607506665	0.004049793372430371	-0.644510444711589	-3.833477120926323	-5.830618671342722	6.004380060333802	-1.697048289806043
1-nitrobutane	-3.391219819859843	1.2506756125423075	1.7389913937836885	7.686517100565846	7.632820068388039	0.48282900571040616	-4.739854189683641	12.876346598719808	14.996068653850834	-5.16721218078276	-0.7469963595763539	4.663144666139063	-6.492031519992227	-2.08834357680615	-0.7195651349091768	-2.36736623993308	1.0800663262420793	-5.825667038449522	3.371481035242768	-10.072029384468841	8.709600856935532	4.559161564180123	7.061517432250957	-0.5380072911186029	0.24284023544637076	0.3268410907111253	2.451321896120945	2.7636639366071303	4.8114026059641235	-0.6327765840987879	-1.0770032239720244	-6.050251642760457	-0.9782256607373472
1-nitropropane	-2.69608777968141	-2.027893876669157	1.342271827839883	6.472976672802482	4.336072810087301	0.5294503679275927	1.1438548188912414	10.928939444285318	11.235064843234555	3.8351695289672865	3.8070845068978216	3.5937264886659173	-12.600508287964503	2.7854443697150746	3.427595324439885	-6.772243093179951	2.478983154893431	3.006202000528208	5.860585506702155	-4.9024793779322895	1.7387519582407545	-5.373082446478488	-0.8764583655671082	0.8771957280098036	3.6889274454385963	-7.706116051974126	-0.3005821570439703	-0.9199861372682016	1.801037157168139	-4.874432607856176	-3.7631868490328944	1.3800546104289737	0.23867792430740295
1-pentene	0.7882045170939003	-1.6150034534560747	-6.950951730107143	2.5658539318395444	-1.5568647440154497	-2.1015827508506746	-0.09239288028619037	1.5306767672597568	5.795114908949048	-0.4191699107998252	-5.789716954587535	-0.8369147836295002	1.984906899778474	1.123594427955642	2.894320716362632	-6.473226485913297	-2.3434624057189763	2.247355130978282	2.839982520970874	-0.03512448758228858	-0.1874922952248714	0.6538900053001484	-1.2508416126593551	-2.220962758094336	-5.228970641529559	1.787488034885251	3.235728302583324	-3.08772692208986	-1.583145215541121	-0.7714051989223376	-1.6945946748449454	3.0113878089911235	-0.3750656391459139
1-pentyne	-0.12715418166417589	-3.1761833850490806	-6.164252673026666	3.1647161787317755	-3.7643539253214193	-1.4995491796432014	0.5353950082582485	3.48647414180105	-2.5357125097690307	1.348514952443882	-4.243655529281606	-0.2173071469172639	-1.7695969729667747	3.492798084292325	2.0847761992785476	-3.5675170404788967	-1.0687954389222831	1.3870400376301433	-0.771341398740894	2.1690964507817334	-2.2792408912815953	-2.0747396054103087	-1.5326944863355596	1.8126468384224748	-2.531439905564779	-2.0000446605702717	0.7339242948879371	-3.950072852718217	-2.084677301717899	-1.8810015207990662	-0.1409894842075408	2.2776032765455643	-0.49313927194791485
1-propanethiol	1.1241186487936563	-4.659115623065937	-3.757029033373828	-2.5275386052001294	0.4064933812219219	-2.7539764685701775	-0.0660285716744226	-3.9937950590589204	2.072714227159515	1.8141263289778404	-0.07487970737606485	-2.3317773160414843	2.919947669901796	1.8120213599693988	-1.2996996956823903	3.637508521928293	0.38230211175113604	2.8986832751814275	3.5163356235079957	-0.29132124351951627	0.8867713488000708	3.5719778053621734	-0.841642742427329	-3.208417868678535	5.28242658313825	-1.0391870305063282	3.887429826485892	1.948514641717766	-0.7632155129917602	-2.130565133682963	-1.326452613240321	3.8464880049277475	1.3821054283616772
2,2,2-trifluoroethanol	5.594220481821288	-6.122952153983822	-7.631816162541444	-5.208348684506232	3.1433053632609065	-0.5886512305406513	-6.264529344943711	-0.14809134425530399	1.5679084653593502	-0.3143252409270871	-4.165731889725943	-2.4335590819996633	0.4268235761902603	-0.6612447115957314	1.042558898913742	-0.07575495871117571	-0.029494880104431142	3.255598313793843	1.2806850212503238	2.9623904517056165	0.050846242910957365	-1.6167467713628105	0.7933069124072555	-1.1141196697496145	0.4802499382205247	-0.35133445639658556	-0.8018887169782108	-0.07563014515310036	0.032575526488449136	-0.4757882962308418	-0.7618825367858105	-0.6098184297169944	-0.9530541259985476
2,2,3-Trichlorobiphenyl	-9.831256602475937	8.701461583923013	15.213413014837446	-0.1395316338420111	5.652109272039527	0.4058359285014821	0.9649618368207697	8.02096600305138	12.623660684516782	4.941883335944198	-8.2324002060473	16.117641218935482	-2.8343309286217693	-4.887899715405857	-4.486229164271321	5.927673611719489	0.6590943070055713	-5.688239662160622	-2.4373252420243907	-5.731084512303775	-2.4850811454417316	2.0085917479359017	0.4023790895740873	-7.941252679411668	2.318853394021098	-8.019158908139813	-4.909490290781723	2.0685094427107855	-2.90786373584128	-0.15363538975095925	2.550977401491282	5.886051200186988	1.7433567199763376
2,2,4-trimethylpentane	-7.472284975844188	6.689793469965183	6.014908077855385	10.180569671216757	5.530753731825283	10.049450075394383	2.7442667224278905	-6.14640440634624	8.458866333722742	-6.123786648217539	-1.2275511986320151	-1.4955965984273583	-4.168037945223044	5.454939016972355	1.5039547423156088	-4.2655417359180925	-1.3056382512946212	-2.4677473587700063	-4.467371577947573	3.36753241381019	5.738109381439998	0.7607139526547583	3.1366679248151277	2.2247432120274584	-6.9477755509744075	1.3975284752041544	-0.21449256316308857	3.0723947716111115	2.7282421984174032	-4.024217786307535	1.2411867419422231	0.9057484978599986	4.197696908855655
2,2-dichlorobiphenyl	-7.5107292987334375	8.446540012950113	12.040218903390324	-1.7127867764209828	2.952674731803244	-1.2571111375078032	0.9693150537201333	6.621146473474475	12.068738615310235	-6.40067929164822	-7.89294527659361	8.72408922364037	0.8002525265706837	-1.4567201055934886	-1.8122998057356687	3.5406440110990256	6.296255590763908	-1.3770924532596986	-1.7857524967791287	3.2896070250294245	0.06860467237192917	9.197500596002318	1.2482600548280518	2.26723025873145	2.3541540001150376	-2.4926846693144875	-4.190312398068667	-7.6256147929996985	-5.955371152458022	5.757641940679263	8.088367086733147	0.36747690579431813	-1.493379561206704
2,2-dichloroethenyl_dimethyl_phosphate	-5.698488047035918	4.528341389967617	1.8823163278974238	4.81594030504529	-6.098449361508122	4.3902737930470686	5.389940202085091	-4.3655594409042005	9.14759578456419	-6.232646082523894	-1.0730216668023658	5.539702684312208	4.985062024001856	12.53320470871773	1.9074859517950637	-7.416582216268967	-0.020869140570776823	1.956155642865823	-1.3980653037235984	4.010946322116698	-7.294613294192609	3.635079427537943	1.8835211299601344	7.739097873475839	1.7660945096639142	-5.286346275517503	-0.7858847834148176	-4.576284501907135	1.3655498060761206	-0.30752157888146564	-3.813823605823118	1.4755008503280589	-3.3396103862731077
2,2-dimethylpropane	-4.456437854842165	-3.774810679022784	-4.603626805554867	15.785032964516944	1.4101171194035338	5.992343411659983	-3.1013710021725283	4.672659810944145	-13.472102751166922	3.7951176150720323	8.981264406148838	10.690838158352182	15.02261729701745	-4.37369238244133	1.7888913732479206	-1.5535519610607498	12.79231635644317	-5.469479047274965	-3.2271069941537323	-4.686903908207081	-6.1442191863006	-1.7798523341185677	-0.374194475849326	0.847051568837419	10.674623040007937	1.2270120964891795	8.266005841737904	-4.066841004696574	-3.2647993800031254	-0.2853467084851376	-1.9208771728346166	-3.0867876205135714	1.25869210428295
2,3-dichlorobiphenyl	-6.332380921882372	3.668128300714065	10.068810073804862	3.1865199406402906	7.6011971054853396	1.3615831696643315	2.894863811350219	5.883582364643014	11.06887348184385	4.326216191242097	-2.1484684644893823	4.850109799555931	2.0080571759850154	-11.026843360346946	-1.0602334307691892	2.3580113897855983	-2.2763259125918847	2.387206107522468	2.2602798932912513	-3.421312165629099	-1.9564411742191306	-6.773518188984719	-1.841606702404035	2.644532448803908	10.166749232858553	-3.310825459759116	2.6357746272570353	6.07565673133278	3.099775879830575	2.5253160069747467	0.39506471716846203	2.138123524168474	-1.4965091860048323
2,4,5-Trichlorophenol	-2.977691164661063	-0.7076433732861791	1.9919834477794771	2.1802345900658815	1.279378798793159	-2.602415202810081	1.4165157697697066	10.100177542014016	9.407195987451413	4.607883504117852	1.4052064059117844	0.45909100211948933	-7.858337902874191	5.098796417906704	-1.3532391808522777	3.4359761234783273	-1.6072470660238347	4.896896799000825	3.0431847848441587	0.2627696358014833	-3.1997157337669186	-5.065703985415754	-1.7319629319203058	8.220410932090413	3.1153754740471697	-0.8040604325083791	0.9603909355990142	2.700719599228392	0.003269482669119124	-7.061625080372864	1.8324131188978245	-4.445955997160535	0.39450265371182286
2,4,5-Trichlorophenoxyacetic_acid	99.0186649014989	11.152536528664417	30.472803354206444	16.0781899475772	-11.529124400943456	0.48653127962575554	2.16203895046356	0.4899180170117536	-1.054076130410218	0.5194056273698736	5.172689591475722	3.1617588717361906	-0.4065814720306854	0.9629606281131773	-7.577314499325814	-2.075108152260984	-0.9316717167116527	-6.812837472471929	2.4091611468375644	-0.977765491839034	0.34717255739428443	1.2518236881156668	-1.7186852581071521	1.3815338989422998	-0.551171544090596	1.9496013347172159	1.5428321503287712	0.04937319976239407	-0.7279871491761146	-0.977314423034498	2.6663110327097304	-0.2208612783093917	-3.714762788579981
2,4-dichlorophenyl_thiophosphate	-5.556281829349368	84.25189540300259	-29.66531604532077	0.4143187268355802	-14.595792438824716	-4.7348056968868315	-14.294775499019861	-7.967685590300793	-0.30120573287854985	4.580760534505092	5.543764704387755	-0.21832684864178273	-6.69680175465847	-5.430399053912489	-1.0730365528356782	-1.072687727225267	0.24980956846105407	-0.9910526275911229	0.909193165385075	0.06201775305105649	0.9829133799012459	-1.6860226138948977	1.047139233063576	0.06969877817238605	4.39880663283174	-1.2010112477515078	1.0692371437696975	-0.953196046181595	0.8700132250939807	-0.4663823272510853	2.3053965139008823	0.09059259286525943	0.7267087390771942
2,4-dimethylpentane	-5.459531537285225	3.9394629552870493	2.4468873453166946	10.142615243059701	6.9284014714232365	4.033278060256319	1.0194281317613036	-5.1452150894227655	5.639371771427185	-3.2045385860923203	4.626567769005032	1.9580155726707715	2.4464595606151014	0.11729476508973814	4.743547724065334	-11.514720911038713	2.396581594423937	-0.45652939978433354	2.821507745703651	-1.667781883878551	-1.195495064840153	6.845135782812461	4.70386449172162	-9.493913653212758	-0.7791537209801377	9.246398333928225	-2.9919296440679486	1.317378853704895	3.3370160563283715	-1.140687697418911	-1.4668772070379703	5.716381104653077	1.0085807641023214
2,4-dimethylpyridine	-3.377827618376506	0.8415706259592605	4.540546561447437	-7.274036684625152	1.0133114940422436	-7.240792034155777	-1.2828395983368628	-6.895086984579071	1.6374025169480808	-4.782127435604649	10.34174287675116	5.328167740295931	10.574615470667975	-4.533367749712569	0.45792132005419045	-4.955265562027244	-6.647111787784001	-0.8000038638115041	1.1061100645961073	-2.510154358643222	-1.254515184506066	1.2097543446294057	-2.8224977742466058	0.34612178781967856	-3.367433307252888	-5.031544721592143	-4.107495872886503	0.6610943617855792	3.273078838215296	0.6226985834678924	-0.6575347609345649	-1.1940177508617855	-0.20979357413641
2,5-dimethylpyridine	-2.36501267515122	-1.048335364141049	0.39678862589190067	-2.1572633799087724	-0.37189787953802855	-5.002963166296664	-0.8389093112360144	3.3615026531226673	-3.380145535205223	2.2604492367583857	10.618704170219806	-4.242238462155381	4.628169647240976	-3.660389822297584	-0.31271998658927663	4.487335661452246	2.397847315906125	0.6901510693961971	-0.7334990897697103	3.6111328890225574	8.01210008177585	0.612760224413797	-3.667404918781059	1.5250006381129158	-3.7504137776263518	0.271144335442173	0.24654470050333158	-2.0436669537134913	7.12458133362731	5.969240155526947	-2.054815725964853	3.7425478479182717	-0.4641789443849679
2,6-dichlorobenzonitrile	-3.372861910854687	2.5928874414620386	0.39825466652331787	7.6796092941869265	5.360001013286114	-0.354701485364873	-0.46107198713113456	11.290489048920705	10.64675865461475	4.100359054202313	-8.372883418466053	4.472338781306165	-2.2090031748868317	-1.1776798668142545	0.4963747894097606	0.9125315759385468	1.0758294917385	2.6225723514649752	3.2047060180539604	-1.4610686290799646	6.206203746149628	-6.1977773260583335	-2.756782111124154	2.920214090464238	-2.976534764799551	0.951407176437479	3.557461349401515	-1.775779319673053	0.9370639127148422	-4.755216289037868	-0.016019891595850884	-5.110060307529447	0.9243387517082888
2,6-dichlorothiobenzamide	-5.441103262118316	5.087188514948669	16.564104341837705	-25.397620247740818	-12.735266192317242	34.00784431662209	-12.706324126314213	9.865065833338841	-3.5663967733490676	-6.539794979534442	-3.2720496853146237	-11.750007489767114	8.467831161250205	6.054890500535459	1.7871270800094194	-5.206698060598519	-1.6119066565492128	-2.256251647296441	-0.04392777387503701	-4.683300454537346	5.3539639768974565	-3.6635674847756188	0.27168234638418337	1.9721982548429533	8.398936679141238	5.0374984823264155	-1.5619008822279896	-1.2877517606586475	-5.568319246164545	0.1459268462152153	2.943642381143601	0.7179673212193648	3.453674044610135
2,6-dimethylpyridine	-4.288421932965641	2.046583108258444	7.422838865861566	-4.947644399236328	4.734626836510576	-10.565586252712652	-0.5949681745898993	-2.1647557481805806	-4.806382270938901	-2.3619648829699247	4.49262837957973	3.768723125774461	12.800249077270944	-3.0811144174996685	-1.51664729918658	3.2417586732133077	-2.052684273723464	2.188619105489567	4.651280619650898	-3.0043488849843327	5.145926781152093	0.7096308242148116	-0.5125375823339926	1.5942287432707312	1.8893061558592115	-4.108857112845735	-7.149628838414344	-0.6448459387678723	-3.0134192468676897	-3.6614341448573584	3.6299599826129545	1.804422539996163	-0.4981350421567827
2-3-4-Trihydroxybenz	-6.044758560390272	-2.7586083879396903	9.711121961844238	-7.676867515517669	-7.8539054523013565	-4.066651716884505	2.9255372860501505	3.6173512153044007	-17.160868113306613	-13.385910301081326	3.2630532270034758	23.79296870155385	-11.03616942662476	-8.435600869650887	3.3636459305104016	-1.0664253466720088	-6.8227946684116105	6.355625935098679	-0.11521472565691723	7.633714806292223	5.438136732682255	-4.98721602774494	3.425250244398003	2.8503573377833065	1.957361262119796	5.616798524491013	3.5580787402458953	-1.5357583929272751	2.193601229649274	-5.106551723020115	-1.1420570374302939	4.918590929371316	2.0004362180563726
2-3-butanediol	-2.610571598714618	-1.2273375491390948	0.31868229052444375	5.535690688519898	3.0914654765700904	-0.5732167421392917	1.7816579825886234	1.4346852370496785	-5.251521498135213	2.270974552459214	-2.8256918190184495	-0.2880310342204967	2.8679311669013754	-0.4980315102188682	-0.043195801674297075	4.559239506193661	3.065639171677397	1.3407147168949114	-2.4250399566092966	3.607394956918451	4.7448868738653305	-5.481686694724299	3.391332355435121	-1.024050710077361	2.092834620773813	0.6571739928358974	0.44352920202388657	0.3375741523510032	1.3484474824925303	-2.100255264807486	4.772073719308228	-0.9883340828023517	0.1003053264301312
2-bromopropane	-1.0741394490197214	-4.347442296697349	-4.590682591618201	3.571252590225396	-5.759308293380167	0.17493203419554929	1.5070568032575344	2.195369515624709	-1.4207415327837773	-3.798633311663496	-4.779416839153567	-0.12690746279941698	0.6435889860759073	-3.6120248474618544	-0.891791411721996	-0.33799887634906595	-2.2718197791846215	-6.016394632423885	-4.202690974769246	-2.9951215042299912	-1.5625243137563896	0.3471593630655748	-4.162185765412479	2.942255286075717	-2.5911364662400715	-3.0414224991657357	4.099977190553559	-7.292439640571003	-2.382495758807659	-1.451737221144544	-0.4509892387798321	-0.23931102606207827	4.204418245312435
2-butanone	-0.8209051802138038	-2.3648836558496407	-0.9992735251225525	-5.629847978388952	-3.497719176992915	-6.373444199762566	0.17564287020572014	3.449082490785472	1.6812885852859978	0.3954955951548499	6.560558438742356	-5.083904725499355	-1.4557198830840155	-1.1174000446407437	-1.411085172969455	7.304232550112003	10.847108167964768	-0.9039103712248849	-2.597203531103594	6.0124407125394645	6.44874365524488	5.248917125437737	-1.3246955003959267	3.6299368114476875	-0.2008173354982199	3.2236101585491204	-0.8790615504755389	1.0817084102320276	-0.5777715112597257	6.471266509127337	-0.9472818612479248	-0.9087543363948387	-1.568662522022838
2-chlorobutane	-2.904548317131738	0.18270591599860028	-2.1454656044754548	6.079271905748183	-3.2515604903525634	3.356833611796958	2.063156652378672	-1.9840283567164694	-0.5186470345001118	-5.746173624369266	-7.8645305079067365	-3.8121900331937297	-1.1668257058961589	-5.124015766292138	-2.0323945039978932	0.9698438753910742	-1.8590867530186965	-6.153724141019668	-1.5793300957431702	-3.771050532769776	3.8744049271501297	6.076375408892333	-2.3537469682928287	-1.77275883534296	-0.43834119845830005	-0.24860695470352231	0.20415376178117495	3.400722626512797	-1.4648247690878997	0.27984251359456774	-3.8366099226300183	-3.9649700077490704	-3.780990829437887
2-chloropentane	-3.9136499334267745	-1.2292897384472823	0.15750922796944872	9.68064026430628	1.9987776898606904	5.4644324533465864	1.8808509408936842	-1.3388778960711565	-6.611337964604784	1.5661819596192805	3.6173599349532806	-0.3809540289098392	8.241345071672066	-5.3214960726887925	-1.0112802206803988	5.145646298560711	4.002464609899579	0.7279341618896055	0.08909775090559223	-0.4726833065495217	-0.7906514056958509	-4.159336486484791	-3.389013436109631	-0.7783615082599388	5.616144757440862	2.8670279811235817	-5.948595056547547	-2.5720074833202893	4.447000950356573	-4.463206264412991	-2.16765477296927	-3.568895781594155	-1.8336370634813794
2-chloropropane	-1.6714309351959196	-1.873931969669298	-6.082120893870135	6.617925443531167	-3.0052325098394728	-1.2891649943649788	-0.6362462604113326	3.1247793862877202	-5.166602187174625	1.9116807356029857	-0.484687462421403	0.6727379913414633	-1.681732746879857	7.470700407540592	-2.06294723045116	3.230121592108458	-2.7120862060164965	3.091942316312161	3.386810101649399	-0.971924505511971	-5.3655714750628745	2.1035487359797527	-2.5670940658756867	1.8596314077383072	3.7449056109961463	-0.14509060561646744	0.7785041390564271	1.8705608683291635	-2.841138019219588	2.0227437206258947	-2.083226840358791	2.222263366986907	-0.5122512807777939
2-Chlorotoluene	-2.761276528506616	-0.7943105862067793	5.873798392393564	-7.1354731095209845	1.793314623787569	-6.137197367608255	4.174647225865572	-10.276035251804519	4.214539587947407	-1.0167746032933378	-3.8319916478210354	9.316978039755414	4.63343075893785	-1.6433692193178062	3.167184824869867	-10.062103195161205	-5.774231207881448	4.9454925697648005	3.9660204056880284	2.622161531535515	0.7546677249781286	6.574039461887117	-2.9804083219555473	7.354564658501323	9.092230526155092	0.01856891672053662	-1.555941015669164	1.911249296324254	3.6525518760999494	5.814434848494544	-1.0524657045151027	-2.1605715227201148	-0.07379524385209492
2-Ethylphenol	-2.413664754393357	-1.3266138074607114	2.7182129263671326	-4.82800348122217	-1.120450127004649	-4.9692238110721645	0.9873544431502314	-0.19056118285569681	3.7618734257927775	0.6023313513322253	6.211680536562947	-2.1846908131124145	6.584335275317426	-4.444861379658436	-1.6054576623020185	2.1057115062978182	-4.305150373750486	-3.2737662086798966	-6.621820630374272	2.4856235709974834	-3.2303398647956523	-2.977724774115149	-1.5641488410103257	1.7672368903493514	-1.2585958079532749	-2.227305802612791	1.9434902295794971	5.095544790232272	1.6089479318973723	-5.550388656842044	4.2373427814213915	2.641218199724437	-2.5213244364646443
2-ethylpyrazine	-2.6737940199132084	1.1985837647260205	2.06247445395307	-10.179056236380113	-9.95783229693601	8.077707666959183	-8.95823000441853	13.390735488482628	1.8776512315868104	-12.80851885675169	7.801193536443228	4.832605001327186	0.4916308408945908	5.256940147411953	-0.1325164709586933	1.9054287197497333	-9.426250943803545	0.5998885774464758	-9.89485376075469	14.391018433326826	4.293331078941875	4.584453335905325	-11.697558194480294	-12.479424048546457	2.3565263250186153	0.05444679160918859	2.9039250973239694	1.6583544097983296	1.5799922049216402	-0.9114414516961203	-3.3303806366541218	3.0323052281937257	-1.7272661186815899
2-heptanone	-3.238730834735808	-2.6548461492575033	0.7143851517673174	-0.6768647080984694	-5.537072510952432	-11.296660349608812	7.369979181363486	8.765045486456016	3.819199943978195	4.205044164654162	5.686349812184873	-3.536325118470206	-1.8303583525712075	1.8648989803413352	3.671456247896113	-2.439721554953789	10.562605927040167	1.0674026477797416	-0.8209146242490601	5.363272098902189	6.77032377965884	3.243769734459137	-3.4276900173102627	-0.9372995985669595	0.40632725799229796	1.3012885039866873	3.1790022719382818	-8.140607847560826	-1.203888492090507	0.20364129425715305	1.2771190931699183	5.636943650346122	0.7332694376881095
2-hexanone	-2.707449670166836	-3.3783482349485197	1.3802340216653857	-2.528382180116761	-6.317492409913911	-8.423095074791737	8.301906159331175	6.069837247400641	6.163898156984739	2.1624285772291905	4.6435980511222095	-6.410258533054284	-3.9767801690203015	-5.1277416270286125	2.078458572542535	-0.6922962534171829	7.340238923034425	0.5079660355536942	-0.8938923705760542	3.2430130121875993	2.3139323994278382	0.10280512835202132	-2.253960614277827	0.14899855964255845	0.7544665666778247	5.401477317153993	-5.222591299347819	-4.555944718746528	0.45213824213714837	2.4302660488169394	0.665939482868436	2.9654315891227663	-0.42345338057160853
2-Hydroxy-1-naphthaldehyde	-6.494108498446016	4.844253525667089	9.65875542205864	-6.593975408645615	-1.7328754369122583	-6.6980815884849685	-1.833809964959343	15.18051605568055	2.459682152573657	-0.5045778017373889	7.167115921351817	-9.999362195128633	-7.476863063013441	1.4933212477297289	-1.968162540998635	4.021390754352643	7.91455396927566	-5.055708633509247	-0.935498937682445	-5.9088299382575045	-4.626624870896369	0.0525700241047301	-2.148320253869358	7.497821844766839	-1.9226613928175762	3.995491784206312	5.087472466497573	3.249831117925654	5.775874417265429	1.6150986219030212	-12.678643331976083	0.6175793956106156	3.4684499536329625
cyclopentanol	-2.271335153200187	1.45523181221374	-3.1634214029087535	6.123703818135522	-2.585988841464109	-3.708778858294468	3.5689572391786593	0.7059090098278246	-4.208744932737899	1.1113795291621094	-4.645423432600693	-3.407037717376435	2.5605385542680397	7.776809891969492	3.1269169823950533	-5.4609922600899585	3.4464150391051374	1.4730818409358115	2.7496948011240954	0.8614259354410608	6.396980255892604	2.852019360182016	2.449958376544308	-3.9307231065105848	-0.005835180792497009	-0.40486231037727094	-3.916939153896143	-2.061406287152928	-0.9103903843622608	-9.407117192780305	-3.1038944322259794	3.866592719243918	-3.753593108531901
cyclopentanone	-1.4266890351866677	-3.711311468806176	-0.08232347396676529	-3.5607160898109966	-5.343399815340043	-5.014688194315789	4.922883722485515	0.2908807505451641	6.919420398153725	-2.6235573039906055	5.021391104025124	-6.353573225652556	-2.300099546184229	-7.523982982429202	-2.275814086153241	5.663932397723663	6.572361188698032	-2.6952857929577565	2.2041390201226148	-4.224085758637749	5.852550421229512	2.91938845979592	0.5061944554135861	1.2514345100272597	4.342984771090951	5.24316511702042	-6.2699025638641315	-2.275556938661897	-1.8489944473907447	3.5419661440406705	-0.20993879744314842	-1.4512819678830475	1.6025668842189973
cyclopentene	-0.12935271559612427	-5.346175763779666	-0.8894925340928772	-2.819314488214608	-3.8304912524297947	1.8198315651309043	5.551208386206511	-4.2051575688139815	4.082700556325725	-0.9228326491555775	-4.688013643300352	-2.8322205644841905	4.5955909301953985	-9.551005979150709	-1.3853851955602616	5.055091040012647	-1.51899164418916	-0.27073364475442063	-5.3647545040345985	3.5508919605135105	-1.3264984120836332	-5.35994692478088	0.3255999169715742	3.1830462822365018	5.5961600221790375	2.6285207494989513	-2.3308457727571854	4.7178033671806014	5.588642080740338	0.41489756044255854	2.852692262849367	0.1480413327911733	5.342906655486693
cyclopropane	1.5014223131654416	-4.333755722313451	-8.91739359710072	2.8056573471124926	-0.7037279345359377	-1.2815458472522467	-5.781086200713205	3.2649464620416295	-1.605349552765015	-3.6959190063518976	-5.134511808476342	1.1271543687290635	0.35510185459102367	0.936383792870749	-0.6433197061596251	-1.688317865864914	-2.433314372795708	-3.081171128601147	0.5816379377710784	-3.0491237320023674	-0.6052272059564517	6.82241539758194	0.015656494086823326	3.9781990939462437	-1.056387935148655	3.0157615538593037	-1.8969562647807658	2.904240743924686	-1.6132511914893564	0.131431712548254	-2.1931787951214625	1.8670875074050746	1.2947246682004045
Cysteamine	0.8692664803913893	-6.111558231536039	-2.0059937278218927	-1.998315075243175	3.944476738276505	-3.0677996076260508	-1.95830647762559	-0.7752986221378384	-0.10444492927742652	4.267857098856215	0.06799059851945687	1.665504845679457	-1.8967528345571176	-4.391465658779129	-0.3819630308015948	0.756016568572105	-3.0171760115852306	-1.2341068630231606	-0.10923861688753374	-2.0564108162034618	0.8677317227950891	-1.2333687828729103	0.49534864768154097	-3.4348509830726317	0.03637096839523983	3.021647092046763	1.2575777553775167	1.2681804904377971	0.8260443610648857	-1.668828791736366	2.759787588371127	4.489081368422681	5.354467927861164
dibromomethane	-1.09849770708864	-4.5221695468457765	0.2835545702428881	-3.749121113723985	5.79728821495852	1.3830298122335603	-5.458182501669888	-8.007836608025949	-4.370096912703966	10.580470025802322	-0.017624043217060473	5.996250084458559	-12.094777103917718	-0.024186608805658347	-2.299151053425882	-0.08423229989469634	-3.256237644886897	-11.230687756840066	-10.044338714310339	-2.373468776216768	-2.609506004960612	-1.0257884018940122	0.4992466560723663	-0.9943205198418184	-1.7880731349444654	8.902902120438524	-0.4142440152710129	-2.555358562769962	-3.7397973712790304	2.5925526477301926	0.378357073272469	-0.30653041306455375	-2.1740607744036136
dichloromethane	0.05508646822568624	-3.33495429941345	-1.4070431804340795	-0.31920683399274474	6.712849107498583	3.2366946440643467	-5.234287072741404	-5.740809464283605	-1.1537625714523698	-5.38021463413863	6.097804058148362	-7.372117379904395	-6.677489435623622	3.549823400521913	0.9438207401884272	-1.6385898428118848	-0.45491968068251054	-2.874109562073695	-4.135846837137837	0.7989634109822484	2.5029761278748768	-3.9151809959370207	5.874394332962207	10.162384486860526	-2.0126731659375263	-4.489515047353707	-1.0712873676691912	2.1954730630506325	-3.7774795083792445	-1.9351609920912864	1.5159021720796213	2.6937021316372562	-0.8401648079886574
diethylamine	0.6345621404550532	-5.193961982365001	-2.137463170559779	-3.5899137441067692	0.9358520238660841	-5.87249298913405	-2.0840488171009426	1.6921085157874183	-3.6185429335445454	2.9044360770862525	1.7008989764464992	1.103545397395992	-0.13195955122002598	1.337640393951063	-0.3795086642291954	1.6946487504923389	0.16915418850932004	2.0902261008120253	3.1521994908032047	-0.3244954186335547	-0.8221124113999094	4.483448452995002	0.42285481978441875	-2.426248108454845	1.771002190415304	-0.9325937581385869	2.1105521097167834	3.3439713630725527	-1.4202419010937561	-0.020405900712671236	3.639314068308596	-1.2561543750354691	5.645158371484535
diethyl_disulfide	-0.42715532865061645	-1.8389366472219597	2.02106277725912	-16.028893304725788	-7.115884225390391	0.23179939808799008	-3.833918252822301	-7.228813843021566	-4.651331967703341	-4.4332543016883115	-7.206845298720388	2.829591919540833	-2.2957289362775284	11.3031998340539	1.5601543871090824	-3.849196738345616	13.013259297773022	-3.1228187845726048	6.324696038235201	-11.120448310005008	-2.6672783456874734	-4.7183074401812055	-11.133025674882523	-0.6186523278622923	-4.409800188337003	-1.6849499749161316	2.3278839367364927	2.975139282757566	10.005222374373943	2.5420593886933234	9.979622626085556	1.5265547673823305	-2.9925962622007156
Diethyl_Ether	-0.28757495700749824	-2.949854972384266	-4.309039169158206	0.6667364963430656	-4.22450675830049	-2.063523864341765	2.427582335148439	-3.396526563427396	5.5394421497552795	-3.1713110535540587	0.08030619977944546	-4.728205528448663	3.5028263056893776	-3.1647775232830018	-1.394401688185131	-0.09022197999444273	-3.7370112724537887	-1.034529809369976	3.3231089539976963	-5.235034413478823	-1.2337743775011343	2.282525320762975	0.030434999392305404	-1.896427528581394	-2.1791461888411994	3.425893651207202	4.44358394739376	-3.522832586308928	-1.929356551190468	-1.4728263322198645	-2.789471475514148	0.695991187975349	-2.8250375590375407
diethyl_sulfide	-0.38684362953990514	-3.442919999675603	-1.0367151814659776	-5.064455248672319	-2.337013905090936	-5.087902884887101	1.149661977084643	-1.6605082287570063	-2.2215052291173194	5.770264111027223	0.3257924875544909	0.5588154869189889	-2.88258872873068	5.43132991028344	1.0065625046657036	-0.9535337676060114	3.841654253012155	0.15752258266642008	-0.23311277655244866	1.9157319850253511	2.678804224778068	1.515923431328183	3.456356191813201	-1.6670341881700326	-1.7801562142376208	0.5169470388690687	-2.465286730399625	2.853180594930557	-4.759668250060451	-3.0712875590203605	2.4525719278009452	-2.3918805799288116	0.06718180150824589
difluorodichloromethane	18.47371034237963	-3.8837662190764055	-2.862879744297516	-2.9926551015547043	3.116620785716658	-1.104929027303089	-4.112189551390091	-1.3131557887199146	1.9038555914402313	0.1685303532785789	-3.271296400467858	-1.807461360991939	0.9885977565711593	-0.06936559961024266	4.087688682114336	1.3360124064789036	0.01492264311798428	1.1581420625293903	1.400971149057257	2.664051743692554	-0.16479160061316553	-0.6468396516558147	0.6643155912044472	-0.7280113758913977	-0.8361059039576514	0.2509439124821203	-0.5272599164555064	0.09165324802832749	0.007969468996934249	-0.3905439895739168	1.2622035984248652	-0.5909943123771055	-3.267196682299685
dimethylamine	1.9551690463091398	-6.2969293849055035	-4.758237218499475	-2.817986066838655	-1.5308279684623989	-3.2159103295544704	-1.1903999230830038	2.3930019788469874	-4.338938072743767	3.2279146349966044	1.602888284830977	-2.6114214864628558	-3.559811889124592	-1.39236881919927	2.0378877793021726	-3.764083427746148	-3.259269044218956	2.8277030345980325	2.091839944941984	1.0652385304326164	-3.533108597545397	0.2495550699621334	2.403507598391546	-1.6126514671698284	-1.1190915636888992	-1.5071528184364413	-1.4458310930489502	0.5076500319931299	1.0987772898571724	1.855325950371696	1.5224249626250632	-0.05051202913072854	-2.5652681402840405
Dimethyl_3-methyl-4-nitrophenol_thiophosphate	-13.350969782059325	22.798063892295552	30.695099639834137	-7.926657728590965	13.630081574136629	-12.466258340119373	2.5321598020394416	3.830767999613471	-12.473479159980746	0.05556064557493554	-10.257222870668993	-10.188838858549673	2.1484391176326993	1.294878179525094	1.199114567517694	-1.6625953676692196	0.5618919851005181	1.2709309657645897	-1.6941759667444303	2.2530075422170013	-6.717069246793249	-1.0685363368180432	4.57597650939248	-2.49843565863458	-2.0653274592862916	0.5231031446209006	2.065778351788566	2.5211193798133977	-2.38161451562974	0.5165096290188896	-6.037049103910234	0.011090390191621292	0.9286694216018412
dimethyl_disulfide	1.8623586844016606	-3.0954335633225196	-0.731965173454956	-11.418301623872328	0.10321090967343327	-1.5412265829637881	-6.118925249936907	-2.5745934679127953	-1.525304029546153	-5.411191367699364	-7.954653986217396	-3.5850049960219343	1.1243183519250126	6.016750992613202	1.9187475472803481	-3.5025902467336034	10.245685429693486	-1.8633544155026986	5.325500714588601	-9.593996234587818	-4.443595981882306	-5.979288910987112	-8.915256558321621	-2.8842090467788144	-1.9640406588320753	1.803822434687707	1.9009887072509632	0.3129522283726164	5.21754945930907	-2.2762295395614367	5.675045643670742	4.371848138689042	-1.0109528188878625
dimethyl_ether	2.0375921767967764	-4.937285515936196	-7.230611870930189	0.6663360930599959	-1.4853766317304218	-2.6439102759245583	-3.2195697820100113	2.1193288952361065	-0.27224576768411524	-1.9478287830476502	-0.7030955893236494	-1.8043464277673518	-0.45777578210126785	-1.8264155560570396	-0.7399093244136947	-0.9000543578309415	-4.1978304674705	-0.926086584694408	2.5070837819165392	-3.538299288535504	-3.0410781307778003	3.089369640941502	0.9480822642611059	-1.0145574973780624	-2.3257845587490755	2.5345008564035254	1.857002028887866	-2.14088737727632	-0.41931826354543306	-0.24050370611343097	-0.6397751904310035	-0.5764410071866118	-1.2057287554734943
dimethyl_sulfide	2.7978804919634026	-6.120650423003679	-5.825162671962238	-4.793911164393708	-1.135947152240029	0.42418101822749915	-1.949002726768802	-4.551394292366253	1.227263788116429	3.287567216492613	-2.4707550268225233	-1.220078413409275	-1.3215069128537587	-3.158811599822988	-0.27062855255802243	0.014826343221672308	-0.15415392795265043	-1.192632896749107	-1.3150092569885925	-0.3506132281612559	-2.7873205906942853	-1.6036366725278628	1.4030376737835428	-0.9922425074244519	0.6068979418723257	1.4790911036377055	-2.1423622228336434	2.9547869406243326	-0.7824390112410013	1.3812754010781358	-1.5459751804266162	-0.1964005710470202	-1.6770568633710337
dipropylamine	-0.8175023216848967	-4.231623523028267	-1.3586430001371006	-3.992160554596035	-1.590509500657717	-4.186211655722773	-0.4055087020475445	-2.712595942605194	-0.43963698656169525	0.7802648086424264	4.704789797799337	-0.42914599507198703	4.1615121306529606	-2.2818229438887685	-2.9627712004934774	4.865562483046174	-5.009364376562948	-1.0394942497254256	3.740790493689186	-6.710700950545075	1.7616733795661703	2.5220238330493445	1.6087554440196128	-6.1976357815573415	-2.136718237579314	-1.5310331928371745	8.072492307055315	-5.05534996268264	1.1214156231227184	1.7088762106221846	0.39931529626157747	-0.8478098548602832	5.725038928564233
dipropyl_sulfide	-1.4724689048051767	-3.6623098815422557	-0.6529572847185968	-3.319523653403706	-2.189215734075754	-6.006528173714327	3.7641255014857338	-2.734857042864336	0.8784262270993854	8.375358963939492	3.209271520553316	2.416082228898318	2.4998978090838104	0.3322545646954604	1.1617133437705136	-1.8841670431098523	-0.9261311470356652	2.1366797568795315	0.39102272781238756	0.5901896024872412	-0.7197076800992677	-3.9488156711129876	3.3732556306623267	-3.14066371755693	-0.029835719887720068	5.420095577157521	5.1521004913987625	4.179544630579833	-0.9971793266353538	0.7398631756792131	2.082128813860238	-3.543126660905032	0.8129820419863631
ethane	0.06555569589739095	-7.0021522404936585	-4.455278320430854	2.9413135788841545	-0.6812364417538352	3.5214122737735654	-0.6553567976163026	-0.9533045862475582	0.28028477839688876	-6.023500953741003	-0.13574813547578624	-3.7624183988859703	-3.4031942547656	-3.237412365135356	-0.569669625525483	0.10659074871871634	-0.8463617402768571	-5.630414415006656	-6.796751762353388	-1.116621380720342	-5.307835510170472	-2.5104013170475104	-0.2192310994021317	4.435358139098343	3.91754731923466	-2.2920050194331747	-1.4796079136992066	-0.19222720397703577	1.0218041207678354	-4.737243125804506	-0.6402036718940477	1.2237271416919437	2.9391400532194965
ethanethiol	2.0234352442129357	-5.059555668698051	-4.556758520352723	-3.4405454254759684	0.7914180637246522	-2.6112593342803865	-1.5409690689930378	-0.783968441754564	1.8911103137440988	2.9267217435698107	-2.462496170469626	-1.2220994690134885	-3.0432303341195928	-0.3456051831412496	0.8732265081454207	-0.4408340746016369	1.228728786451498	1.606213717587433	1.4501097788762796	0.4793501874698607	-2.859517664668185	0.3695946366560094	0.2912854024959898	-5.5126830752149205	-2.635173355367685	-0.15666417641538344	-0.22811068555162542	-1.9717970645859035	-2.9338689951591954	-3.298424848014822	-0.03735556349674298	1.6867597928436235	1.2264199609285524
ethene	3.3093000846770075	-4.9998239598195715	-7.330874089030706	-1.2939383211080442	1.943170838774937	-2.6955594951464934	-4.863779227230623	3.1915189296848188	-0.1239573419978283	1.4172235513945923	-3.850449956698236	-0.3342039971153803	-0.8825849873626802	0.37079459673338017	0.1489416888798247	1.119196917514071	-1.8660320023890826	3.053426763334317	0.4813220768138448	2.9669126304787117	-2.8709139951193823	-2.4641473647174537	-0.2524486617890565	1.7821030973721192	-2.0635260346653275	2.1340881797121742	0.06879798530459634	0.5753798896231516	-0.8784888684248859	-0.2984801058346122	1.4084826957197931	-2.5702007400087235	-0.4534079917682373
ethylamine	2.5491053106780224	-6.5434687638418385	-5.61832938590181	-2.375108139639521	1.0939737152978266	-3.2840168968130556	-1.9004436965321683	-2.5992894070510566	0.614332701358952	-1.0570404083932858	-0.29046392559884754	-2.726459630229281	2.936763060027544	-4.274950966945009	-0.733425334933705	1.5760912621585548	-1.5372613422821273	0.20144535260045648	1.9771476555891414	-2.89459831072476	-0.13144281345860925	-0.8536087493149771	-0.1746926704041485	-0.8561737382205764	3.109114532373496	1.6018788110421884	0.12905664521272117	1.373353742632342	-0.07184341960614259	-1.416373012681119	-0.6582116502467164	0.8089374626311301	2.5076321520475577
ethylbenzene	-2.8692125742020895	-1.5649581637089478	2.0668673453488267	-3.7835128616176963	0.685864418635912	-1.0876089417869101	0.4123557128986147	-6.4670465425717945	0.6814425929582671	18.992339608104256	-3.209156163255966	9.80107462754881	-4.360122444808782	13.041653128311749	-7.101315076996383	10.018432787683967	-5.892079244888307	-7.868134159132295	-8.777292715598069	-4.328098881575052	0.530757009425924	-10.19393030056427	3.026920837407715	-8.117192132730509	1.6332466651582462	7.8202497534385715	-7.5012003358708155	-4.889030336646025	3.9067005781065474	2.0198433794466686	-4.366020487057329	3.4137799336516546	-3.12483858363903
ethyl_acetate	-1.7949000082786972	-0.964760193432762	-0.6978012228656517	0.5695476640403297	0.2405202309655657	-0.618303517465381	-1.536161364321656	1.5053422964992649	0.19500744601991687	-3.3371185449856524	4.083538567510421	-0.24979313470739256	-3.251105805734921	6.689921107909811	-1.7017496830260643	4.967099704917304	0.4758877613511424	2.6887831108427043	2.2288133473560494	0.30834531120999054	-3.2150630144499748	0.8416961059395611	3.303962225760576	-4.056200379244811	-5.181043791564087	-1.3694027778193318	-5.14891132870285	0.11218622900064663	-0.29787301670649446	-1.432465547830837	2.488570903106003	-6.1258150241368865	6.577887925957148
ethyl_formate	-0.7538611261355491	-2.6139396373045867	-2.280774851119657	0.9955839060429791	0.3372221092295202	1.9403970441701384	-1.4632065163444685	-0.22570159801096928	0.4031648039525752	-2.2174687477791566	4.503015523149458	-2.9612723092139492	-0.13097004384004005	6.62241525767074	-1.19196975753302	3.161341301700455	-3.017874987902518	2.9867643483058552	1.1152756815873734	0.30349316836900947	-3.838085205803198	-0.9307853732007919	5.411175381478498	-2.942665967597823	-0.11274794319289203	-5.706081158306535	1.363438846363209	-3.2542814155307966	5.450763312114592	0.860080830777761	-0.7015803296208619	-0.28396965268497865	0.14722260904727
ethyl_peroxide	-1.4878658403955287	-4.172419448923517	-1.2045923573688844	-2.2411786053754654	-4.3268976111696125	-4.848364824923604	4.7493709185740896	-1.7153290901291314	-3.4730822209486134	7.498667058412281	3.550821304799964	-0.8972580021274887	0.4660698696149697	0.018419154515791025	2.547264719697192	-4.1572228676353635	0.3973054335004254	2.289053107823228	1.2701872772477159	1.1784099967932384	1.297402909333182	-1.383616950886403	3.553254082706375	0.3919097130967869	0.7975790791883454	1.4663594517834673	-0.7271840258742742	6.562940338027029	-2.4179886479989743	-0.5317657567653926	1.9053280965727808	1.5208451778650287	-1.0994150142451462
ethyl_phenyl_ether	-2.389305550861017	0.1569840502104449	3.8742890776734997	-5.43644468840128	3.5947827368176224	-3.2338088909447533	1.644474041088583	-13.327319078569937	7.398970770374538	-5.746288226739094	3.0287097135922934	-2.8572904126859435	0.9480032677567437	-1.4399669403665059	0.799605059911942	-4.415423635506252	-1.7542775908836268	-0.20091843460029876	0.360213377609051	-0.7245941613868382	-4.255542856060998	1.084585411550839	1.9825010540598107	5.115600326272471	1.7271248788657843	2.306396885357294	3.5864929882258214	-7.259107163541579	-2.863906766240064	-1.5236523136622941	0.07786893390319365	-3.7099136866021127	-2.7650474671662484
Ethyl_trifluorovinyl_ether	45.02844163774957	11.595977167195086	-4.534874215840335	-6.175121842472858	7.201214648451752	2.6478334712052174	8.443753036180999	1.0151143988316624	0.7661675801400905	0.4236784933677072	-0.506705808853278	0.8749032345978169	0.960074756796312	2.062427556283209	35.52248968580622	14.481750142025207	-3.4232392303827672	0.8192638511689161	-3.487218861881834	-4.4261972890621815	-1.361893255539646	1.7988810659248815	0.2010897579945908	0.3436280719408859	0.27763112069205226	-1.266642923328163	-1.0204191915180845	0.12945423309398799	-0.14352283512355704	1.0187676679094049	-2.551826159562311	0.31688881230722876	3.4360255833853324
ethyne	3.4093329022399366	-7.30707557464149	-7.863143423704681	-0.8912087584946586	1.3697669900267202	-1.114341667752139	-4.830597790024273	-0.0028079916848796267	-3.1289700659485753	-1.578230736959337	-2.283007618554855	-1.870103441379036	-1.8142815740099356	-1.8451958998732136	-0.010866178030601987	0.2108218685212039	0.24802986513646938	-0.94355089585922	-0.31232513400970174	-0.7605619472942137	-1.9282243485015962	0.6391143228877344	-0.5568687189150759	0.6256792822722347	2.3297349146050537	-1.402434944232206	-0.33816513977961804	-0.00203392278069888	-1.66108815879065	-0.44487851984122007	-1.2169060965485097	-0.4230997228678385	-0.599485237164542
Fenuron	-2.959438443571468	2.4727081901159145	2.9816374555367515	-4.8962891747821224	3.3425727702718935	-3.9257903426143814	-4.89619650117767	0.5035003763791283	4.798731643010722	-2.092794097122607	14.058663354848603	-0.26562163245972165	2.1955846817134974	3.250222186804695	1.515639836149678	-1.0753373496180607	10.876152050747331	-4.580478269632343	-8.239974898984935	6.562847085830051	-1.2522144521540086	-0.26669387493029356	-2.239159451006484	1.6419182181777296	-6.396719693869285	-2.029606598099512	-4.710277896889806	2.4551423024752044	-3.0962663966423474	-3.1261195694123853	-1.7419864513037848	-1.396484104803467	-1.868801469219213
fluorobenzene	-0.40086463147544854	-3.9958484001086267	1.0597578342699148	-7.66774510980387	2.3125842806418566	-1.9428059900579515	-2.1875403462167573	-8.333060686064393	1.9741748228979086	12.170576343279516	-2.6965396836367606	10.340671125733367	-1.9623920486223547	8.443628939589608	-1.573576371369514	0.04699097711920406	2.3297356189492975	-2.99577533020677	-2.9963343571801784	2.1408981268951104	-0.21214632777237902	8.843709354972615	-2.2180683833706043	-2.534986679997439	5.852294577670018	-1.328787081281851	8.204997810132499	-0.8908914804124276	0.5542742086174508	-1.7982502555643014	-1.831309882612523	-1.7133574890287766	2.10185965706009
fluoromethane	29.283294299430928	-1.9588451927667025	3.095202181085647	3.3092838716323913	-3.263377505991357	-3.481939358333589	-11.665942554254153	-3.0485673678592553	-0.15225085942858543	0.23513019885870073	-3.2266058703025537	-3.0676751783777583	-1.2859232004763133	-3.4522813428512675	-20.340912928479476	-10.338256846475067	6.164471978287168	24.36050658732877	-15.957076163020616	-6.747005554806695	2.1146097605061396	-0.24672526751481663	1.4937572441583582	-1.6048745651295897	-0.07694446896388477	-2.0312752448110434	-1.2524069662072368	-0.3260116095036858	0.7567890114272899	1.1076877209295588	-2.83549118505411	0.7028199814063013	4.813296432708825
fluorotrichloromethane	19.770922131934835	-3.8284291939630966	-3.078161917123708	-2.8778037479585445	2.268417685047017	-1.8960492030603935	-6.542408727525203	-2.325165733831924	2.5006010245051145	0.3139650610681198	-4.716929770909689	-2.6114101129526563	1.108356380043994	-0.8949682521552367	8.057211385437913	2.4464772048360914	1.0403885195885252	9.593540926361545	-4.558058209346019	-0.034545074947291095	0.06692183581121906	-1.0027461095867025	1.8537623101150311	-1.4955807698916508	-0.30815370121509317	-1.8891276237035493	-2.5168844732453857	0.15833088376537746	1.3194234388079231	1.4357475053591597	-2.947031981723321	-0.2879038198455973	4.304503304746047
hexachloroethane	-5.875783891850208	4.837429952862344	3.188590180646642	18.40965205975158	16.91259433490017	9.42637741261511	-6.050738694130974	-1.86684302889848	-12.273460230815504	2.507589273019046	5.390493623952129	1.298864192729416	0.8507232620826325	-0.1654088403876325	1.8576703547741733	-0.9285623743943221	2.792081659989677	3.7909781087976544	6.713132236290831	-0.4946729131615106	6.638869986634538	-0.37877210781736137	-12.158474702441472	0.05553787327291167	-1.5851782453246888	2.5691274593954945	-12.28925361304725	1.4779838054508234	0.5063981083433146	1.4749132829508131	-2.138490636324197	-4.387225803964307	0.5674426121372911
hexafluoroethane	9.977214602723839	-0.590468319674441	-8.555420977820104	-5.644476158114242	2.1465497433949063	-1.6138894644480608	-8.494079326446355	-2.1680729795262024	1.4601039339470543	-0.7024532797631069	-4.491173124068886	-2.3260744026620874	-0.5620241319699141	-1.5871901142265668	5.6191538170421325	0.9242770012474654	0.8746707229505012	5.212850658791846	0.06781445325837916	2.7521018108588016	0.7513591428976291	-2.569342875367989	1.9811578935491465	-2.338233123276688	1.9167406855577152	-0.6583058516968117	-0.5386020240407619	0.470251203840204	2.0239757539019627	0.09256333353077557	-0.5368827804604812	0.3867883984967734	0.6158943779909325
hydrazine	25.146845824927734	14.913925405792728	-31.574058342198896	-27.164923236634476	30.58259812494493	13.479740700888593	36.990477198248975	12.519110952249136	-6.562677816663352	-5.030344788839707	3.023476621415759	3.5959253190990803	1.9587734949508127	2.169511097080059	-15.441748291622904	-5.494902135601698	0.8644395254843703	-0.5575956837135743	-0.13740234933312245	-0.1927143426405456	0.03060832991357835	0.4986244763030537	-0.7017710549876713	0.16790685159848634	-1.2839497803850846	0.5704831584132211	0.018224303280305505	0.20665236650723195	-0.19944934436396847	0.043484629397874036	-0.43244497218146405	0.046032270343110686	-0.14756047121301238
hydrogen	4.2591990472181935	-7.010865410990803	-7.8939567662508425	-2.346057505035637	2.0299576505308923	-1.3976006899064137	-5.094674240737318	-0.3844855818204567	-1.5324105301867994	-1.075559011058602	-2.9725797411818653	-2.253242573736997	-1.036210553722921	-1.5368933796162674	0.3522055810075065	0.014818008951971023	0.359109681236576	0.2728677435078536	0.13779088461435693	0.4691646012453851	-1.4390158349251083	0.16473031630511756	0.0694537214812874	-0.06455378374931584	1.701696778072524	-1.1452242955251792	-0.5272881163949328	-0.04410205058639848	-0.7862924140516246	-0.5534457614283174	-0.8470526250312418	-0.5888635914606404	-0.7062374820993581
hydrogen_peroxide	19.201779586088875	-5.550783173079199	-1.3341470249964535	-0.8187614917785743	0.2845053468456374	-2.347499683988677	-9.006156241196647	-1.9099944891811682	1.7370429859704601	0.18652427688058965	-4.3022760215610205	-3.062135718366774	0.967800026766159	-1.3312723505564172	-9.255140006237264	-4.043537052519731	1.2587863241393387	-16.280141601039123	22.102231501377158	22.104911590534268	-1.8927055020091075	-8.876378657960197	3.862050286277795	-2.174786448748108	2.0715965451362064	-3.4160819495467916	-1.5478816125798465	-0.2482683685091576	1.148690631755536	1.886175238942198	-4.208531513743336	0.848823280303259	6.977336421479159
hydrogen_sulfide	3.94894838561521	-6.571821110103456	-6.567089499285218	-3.3277975204016674	2.0779309531427357	-0.7747032740975686	-4.277347631357537	-1.408471409760556	0.16325500642421795	-0.703003750615014	-2.9692803698678034	-2.821097855322299	-0.3013301164290825	0.048232709270700294	-0.7482414652485948	2.664681896014903	-0.27173404920187627	1.8579503080096182	0.5797894863282955	2.0838653942853322	-1.1668683152594292	1.887491064351408	-0.6648193256419844	-0.44170482527796906	3.6241243108012204	-1.889404469893331	1.0798527256124408	0.5554146596135527	0.6961960986040047	0.6437260789125757	-0.482780576927084	-0.09111055548711194	-1.4464975291069466
isopropanol	-0.5824530505752961	-2.930744266078494	-1.98154495017748	1.3345285333714092	-2.4360020539531737	-1.9557404317159712	3.607846682717729	-0.8254191976892379	-1.279834295101054	-0.47043542805979827	-3.668201619582997	-5.421321243307128	0.8864111026776247	-3.876887263386583	2.219419258639053	-4.488104563691082	-0.7297723206234975	-1.4868230313065975	-0.7103645176099583	-0.4296188503355146	2.4147342346411875	-1.2271022876836049	-1.9693841060296327	-3.523239363579391	-2.3066922558516665	-4.601514317498867	3.225096464495388	-4.471574354143239	-1.045778487427617	-2.7439540231145423	-1.4060512751231273	-1.521670729393689	-4.271987145130146
isopropyl_ether	-3.434914336374408	-0.09176854080761167	0.812571983615515	1.6713219721426888	-5.923436603060559	2.5246963328446452	4.273429157509077	1.6810091002970584	-3.1414170950419242	3.5414632717541354	0.012708665411676938	-0.556888512345787	0.9820490847661171	1.391270458218224	0.5777555311307759	1.5877303482366518	5.346881391785058	2.1252926412790405	-1.0152565628311696	5.083836971240748	-4.182471885983573	2.7127516364350575	2.9018767845057893	-3.3170739057487326	-0.22136925132002014	-0.561206132221056	2.695370900938973	-2.3020495798241534	1.2012988990491067	-1.366582449985182	5.177633537084335	-4.989843600629069	-0.8016439735511734
m-cresol	-1.185184032988274	-0.810637632061595	1.5165760266955413	-10.713187084348606	-0.197636799007124	-4.289939815433047	-1.037764251677422	-12.689956841230796	7.319098720008249	0.9799789392930308	6.266135966954332	0.13900826361568205	5.300259787915564	3.0877020942114775	-2.6014689011038965	0.7862189956923858	-3.502370675539118	-2.6465218455062116	-1.7401619284430483	-2.215087904064761	0.44340823783958083	-1.4962793123926095	-3.487524453356963	2.104117059923795	0.3585425159575022	-1.7653746024858326	-3.990563916866233	8.271294236334239	-2.8040776975784354	-1.8851723845006703	-3.9939443955821767	-3.7319436668145514	-2.0955430544459825
m-hydroxybenzaldehyde	-3.5153016710692	-1.6557441749440696	3.933986404189683	-9.036957836294416	-9.362349416903479	4.499601755841967	1.2206748066844317	-12.390742683819147	-6.9471401718401	-25.519505642852923	0.5563015224108645	19.88951026433967	-11.72475496919038	-5.449042818960984	-1.380262944957007	10.8618643419718	10.644040845263767	5.700790762675904	7.732739727165222	-1.917137510117801	0.3038407347946631	-4.7051055960993855	5.001754551760427	0.26058687758124455	-5.285229350572174	2.535195543925899	1.4629776280074487	1.0939532787912931	-1.5280817933008788	-0.058301933986744076	-5.839831451099178	-2.553886572950804	-4.976358466340125
m-Phenylenediamine	-0.639192435165588	-1.8730262630052563	1.9079741724166555	-6.292713387737429	2.5164173166475714	-6.29376141697404	-2.6629228937131804	7.297895639658463	3.6496407376157802	4.796325984023805	0.42424943506007423	2.1242730509538426	-7.7443612999188565	-2.8933812575286173	2.000048457580467	-4.6733571059411405	-1.9240640244938563	-1.198209998680398	-2.921319221641499	1.7879746414470903	-2.76711753582508	-3.027941466117285	-1.4093874347385063	1.8803787050175713	-0.8096275243470434	-2.918784730395925	-2.907357224056164	-5.176018144506346	1.231851706295081	-0.8426385639031668	2.5091199087477447	-1.751613747449412	-5.015380269927039
m-xylene	-2.8797624109235747	-2.8925547932259468	3.0821333463140723	-9.552357637633456	-4.797860164505749	-6.321447362133943	6.342134987421011	-15.985918040206945	0.8658719435171093	9.514637235919896	0.4430636179723264	9.986754549769847	2.115736937956372	11.099841190832814	3.4933844244165893	-12.241685378099717	-1.2792538196618204	-4.8085827515492605	-3.1085188297991877	-2.0818979746141046	13.058741105987268	-2.2738403023339187	-4.129051537264467	4.614755052068037	1.1984186937048242	-3.3298891086449327	0.24904675488400602	-3.410608406944019	-0.6458573493733646	2.685800976749721	-5.488276672910435	-6.553979427864523	6.230780358280908
methane	0.7610893258959391	-8.25279883921898	-7.635974123593909	3.7289388263031293	-1.3243131404268316	-0.4151295071779101	-3.7609917422213233	1.4556185108037059	-8.278370932098355	-3.164759834728427	0.09824836941927839	-0.7382008766447263	-4.509071479725606	-2.9083884658408543	-1.3537422486634008	0.6034760806214992	-0.41499135310269003	-5.338236646668636	-1.699303880099088	-5.075457113301535	-3.6817654761037377	2.777516295509979	-2.651784217066162	2.731059300350962	4.707559143059136	-2.004132190141345	0.43795592423118324	-0.020331482303701687	-4.095779748552565	-0.704878118493743	-2.1883574665863095	-0.22991290743309548	-0.5533555279426958
methanethiol	2.8324534917330833	-5.984972868887721	-5.288754523422844	-4.301459809824916	-1.154720626150198	1.2156667472417444	-2.301185704895954	-2.452470994612909	-0.5283702471479921	0.6855747602560429	-4.2050701564508595	-1.5632521982272762	-1.1182796700613589	-4.207661628930036	-0.7625206197995011	1.9102242880698597	-0.5204746481704143	-1.4929518364897514	-1.717919461363407	0.05633378322531335	-1.6035493814134436	-0.30568195531532116	0.9412397160282987	-0.5913069388280771	0.31595230433683513	-1.6302234503855169	-3.27644228117795	0.2547615412640965	1.801316295953507	-0.5699067187728475	-0.7145852454178749	1.076142777260535	2.914619156416695
Methenamine	-6.83963681707741	-5.569797238711747	3.250466284253146	2.9894766216419826	-13.647423166668334	-6.439402709687101	7.632967090766853	10.954566214276868	-21.55208443886326	4.905562699448911	12.20395182502961	-1.0589468807796696	-12.14364538068609	-1.110556651038113	1.4043830308532088	-7.373518731509342	-10.913542341497713	-3.065091481000894	1.9618353134745599	-6.086332782914897	-4.729837203417135	6.350064135629864	1.4798220233596644	0.9059462829265612	-1.815646050738104	-6.25680207407369	-6.633713990426856	-0.24767192576190664	3.824924185674861	1.433591552940976	6.153958257934407	0.04138490157780404	3.2584183721838555
methyl_3-methyl-4-thiomethoxyphenyl_thiophosphate	-13.373410001088313	20.52553865968085	30.87847399644128	-7.115508410733059	11.29466082634404	-11.172562885300962	3.892842010715472	3.8501834357063216	-13.905096204422367	-0.9848072445944818	-10.237886541415174	-8.41543145155796	1.5155397785479525	1.7184967789140195	1.0968159599037064	-2.769268365231024	-0.025139420179083723	0.9308727795381501	0.26460232939948225	0.46385833663105375	-6.007924084524436	0.2999160415957409	1.8018015128859155	-0.7870215042913696	-0.27813384157434	1.3820084572587417	2.1574203301422217	-0.6798559681752238	-0.3766317429338109	0.5549886304257664	-3.4923525922573218	-1.105007109085377	1.4599813504787682
